Supplemental results for CODEML (seqf: ptch1.fasta  treef: ptch1_tree.txt)


MLEs of dN/dS (w) for site classes (K=6)

p:   0.18954  0.18954  0.18954  0.18954  0.18954  0.05231
w:   0.00000  0.00000  0.00006  0.00665  0.22004  1.00000

Naive Empirical Bayes (NEB) probabilities for 6 classes & postmean_w
(amino acids refer to 1st sequence: Struthio_camelus_australis)

   1 -   0.23299 0.23299 0.23292 0.22515 0.07552 0.00042 ( 1)  0.019
   2 -   0.22788 0.22788 0.22783 0.22179 0.09343 0.00119 ( 1)  0.023
   3 -   0.22608 0.22608 0.22603 0.22053 0.09967 0.00161 ( 1)  0.025
   4 -   0.22287 0.22287 0.22283 0.21818 0.11058 0.00268 ( 1)  0.028
   5 -   0.21840 0.21840 0.21837 0.21474 0.12512 0.00496 ( 1)  0.034
   6 -   0.22319 0.22319 0.22315 0.21842 0.10948 0.00256 ( 1)  0.028
   7 -   0.23299 0.23299 0.23292 0.22515 0.07552 0.00042 ( 1)  0.019
   8 -   0.22553 0.22553 0.22548 0.22013 0.10155 0.00178 ( 1)  0.026
   9 -   0.21838 0.21838 0.21834 0.21472 0.12523 0.00496 ( 1)  0.034
  10 -   0.22517 0.22517 0.22512 0.21986 0.10281 0.00188 ( 1)  0.026
  11 -   0.22407 0.22407 0.22403 0.21907 0.10653 0.00223 ( 1)  0.027
  12 -   0.21838 0.21838 0.21834 0.21472 0.12523 0.00496 ( 1)  0.034
  13 -   0.22537 0.22537 0.22532 0.22001 0.10212 0.00181 ( 1)  0.026
  14 -   0.22778 0.22778 0.22772 0.22172 0.09380 0.00120 ( 1)  0.023
  15 -   0.22448 0.22448 0.22443 0.21937 0.10514 0.00210 ( 1)  0.027
  16 -   0.00000 0.00000 0.00053 0.05535 0.86828 0.07584 ( 5)  0.267
  17 -   0.22798 0.22798 0.22792 0.22186 0.09311 0.00116 ( 1)  0.023
  18 -   0.22437 0.22437 0.22432 0.21928 0.10551 0.00214 ( 1)  0.027
  19 -   0.21529 0.21529 0.21526 0.21225 0.13463 0.00727 ( 1)  0.038
  20 -   0.22414 0.22414 0.22409 0.21912 0.10630 0.00221 ( 1)  0.027
  21 -   0.00000 0.00000 0.00000 0.00131 0.69749 0.30120 ( 5)  0.455
  22 -   0.22537 0.22537 0.22532 0.22001 0.10212 0.00181 ( 1)  0.026
  23 -   0.22398 0.22398 0.22393 0.21900 0.10685 0.00226 ( 1)  0.027
  24 -   0.22297 0.22297 0.22292 0.21824 0.11025 0.00265 ( 1)  0.028
  25 -   0.00000 0.00000 0.00027 0.02859 0.69301 0.27813 ( 5)  0.431
  26 -   0.21838 0.21838 0.21834 0.21472 0.12523 0.00496 ( 1)  0.034
  27 -   0.22599 0.22599 0.22594 0.22046 0.09998 0.00164 ( 1)  0.025
  28 -   0.22533 0.22533 0.22528 0.21998 0.10224 0.00184 ( 1)  0.026
  29 -   0.00000 0.00000 0.00054 0.05650 0.87172 0.07123 ( 5)  0.263
  30 -   0.22539 0.22539 0.22534 0.22003 0.10203 0.00182 ( 1)  0.026
  31 -   0.22395 0.22395 0.22390 0.21897 0.10695 0.00228 ( 1)  0.027
  32 -   0.22539 0.22539 0.22534 0.22003 0.10202 0.00182 ( 1)  0.026
  33 -   0.21839 0.21839 0.21835 0.21473 0.12519 0.00496 ( 1)  0.034
  34 -   0.22262 0.22262 0.22258 0.21799 0.11142 0.00278 ( 1)  0.029
  35 -   0.22574 0.22574 0.22568 0.22028 0.10087 0.00169 ( 1)  0.025
  36 -   0.22400 0.22400 0.22396 0.21902 0.10676 0.00226 ( 1)  0.027
  37 -   0.22426 0.22426 0.22421 0.21920 0.10589 0.00218 ( 1)  0.027
  38 -   0.22752 0.22752 0.22747 0.22155 0.09469 0.00125 ( 1)  0.024
  39 -   0.22357 0.22357 0.22353 0.21870 0.10821 0.00242 ( 1)  0.028
  40 -   0.22535 0.22535 0.22530 0.21999 0.10218 0.00184 ( 1)  0.026
  41 -   0.23299 0.23299 0.23292 0.22515 0.07552 0.00042 ( 1)  0.019
  42 -   0.22313 0.22313 0.22309 0.21837 0.10969 0.00259 ( 1)  0.028
  43 -   0.22602 0.22602 0.22596 0.22048 0.09990 0.00162 ( 1)  0.025
  44 -   0.22400 0.22400 0.22396 0.21902 0.10676 0.00226 ( 1)  0.027
  45 -   0.21866 0.21866 0.21863 0.21495 0.12431 0.00479 ( 1)  0.034
  46 -   0.21886 0.21886 0.21883 0.21511 0.12368 0.00466 ( 1)  0.033
  47 -   0.22559 0.22559 0.22554 0.22017 0.10136 0.00175 ( 1)  0.026
  48 -   0.21834 0.21834 0.21831 0.21469 0.12529 0.00502 ( 1)  0.034
  49 -   0.22537 0.22537 0.22532 0.22001 0.10212 0.00181 ( 1)  0.026
  50 -   0.22755 0.22755 0.22749 0.22156 0.09459 0.00124 ( 1)  0.024
  51 -   0.21770 0.21770 0.21767 0.21418 0.12726 0.00548 ( 1)  0.035
  52 -   0.22684 0.22684 0.22679 0.22106 0.09704 0.00142 ( 1)  0.024
  53 -   0.22378 0.22378 0.22374 0.21885 0.10750 0.00235 ( 1)  0.027
  54 -   0.22560 0.22560 0.22555 0.22018 0.10133 0.00176 ( 1)  0.026
  55 -   0.22097 0.22097 0.22093 0.21673 0.11683 0.00358 ( 1)  0.031
  56 -   0.22209 0.22209 0.22204 0.21758 0.11317 0.00303 ( 1)  0.029
  57 -   0.22535 0.22535 0.22530 0.22000 0.10219 0.00182 ( 1)  0.026
  58 -   0.22319 0.22319 0.22315 0.21842 0.10948 0.00256 ( 1)  0.028
  59 -   0.22481 0.22481 0.22476 0.21960 0.10404 0.00199 ( 1)  0.026
  60 -   0.22415 0.22415 0.22411 0.21913 0.10625 0.00221 ( 1)  0.027
  61 -   0.22537 0.22537 0.22532 0.22001 0.10212 0.00181 ( 1)  0.026
  62 -   0.22397 0.22397 0.22392 0.21899 0.10689 0.00227 ( 1)  0.027
  63 -   0.22473 0.22473 0.22468 0.21955 0.10429 0.00201 ( 1)  0.026
  64 -   0.22333 0.22333 0.22328 0.21852 0.10902 0.00252 ( 1)  0.028
  65 -   0.23299 0.23299 0.23292 0.22515 0.07552 0.00042 ( 1)  0.019
  66 -   0.22577 0.22577 0.22572 0.22031 0.10074 0.00169 ( 1)  0.025
  67 -   0.21838 0.21838 0.21834 0.21472 0.12523 0.00496 ( 1)  0.034
  68 -   0.22669 0.22669 0.22663 0.22095 0.09758 0.00146 ( 1)  0.024
  69 -   0.23223 0.23223 0.23216 0.22467 0.07821 0.00051 ( 1)  0.019
  70 -   0.22662 0.22662 0.22657 0.22091 0.09782 0.00147 ( 1)  0.024
  71 -   0.00000 0.00000 0.00058 0.06014 0.87906 0.06022 ( 5)  0.254
  72 -   0.22683 0.22683 0.22678 0.22105 0.09708 0.00143 ( 1)  0.024
  73 -   0.22676 0.22676 0.22671 0.22100 0.09731 0.00145 ( 1)  0.024
  74 -   0.22637 0.22637 0.22632 0.22073 0.09868 0.00153 ( 1)  0.025
  75 -   0.22642 0.22642 0.22636 0.22076 0.09851 0.00153 ( 1)  0.025
  76 -   0.21816 0.21816 0.21813 0.21454 0.12585 0.00516 ( 1)  0.034
  77 -   0.22833 0.22833 0.22827 0.22209 0.09189 0.00109 ( 1)  0.023
  78 -   0.22607 0.22607 0.22602 0.22052 0.09971 0.00161 ( 1)  0.025
  79 -   0.22644 0.22644 0.22638 0.22078 0.09845 0.00152 ( 1)  0.025
  80 -   0.22637 0.22637 0.22632 0.22073 0.09868 0.00153 ( 1)  0.025
  81 -   0.21942 0.21942 0.21938 0.21554 0.12187 0.00437 ( 1)  0.033
  82 -   0.22701 0.22701 0.22696 0.22119 0.09646 0.00136 ( 1)  0.024
  83 -   0.22588 0.22588 0.22583 0.22038 0.10037 0.00166 ( 1)  0.025
  84 -   0.22819 0.22819 0.22814 0.22201 0.09236 0.00111 ( 1)  0.023
  85 -   0.22002 0.22002 0.21998 0.21601 0.11998 0.00399 ( 1)  0.032
  86 -   0.22577 0.22577 0.22572 0.22030 0.10074 0.00170 ( 1)  0.025
  87 -   0.22331 0.22331 0.22326 0.21850 0.10910 0.00252 ( 1)  0.028
  88 -   0.22522 0.22522 0.22517 0.21990 0.10263 0.00186 ( 1)  0.026
  89 -   0.22605 0.22605 0.22600 0.22050 0.09977 0.00162 ( 1)  0.025
  90 -   0.21625 0.21625 0.21622 0.21302 0.13177 0.00650 ( 1)  0.037
  91 -   0.21957 0.21957 0.21953 0.21565 0.12142 0.00426 ( 1)  0.032
  92 -   0.00000 0.00000 0.00047 0.04938 0.84715 0.10300 ( 5)  0.290
  93 -   0.22331 0.22331 0.22326 0.21850 0.10910 0.00252 ( 1)  0.028
  94 -   0.22644 0.22644 0.22638 0.22078 0.09845 0.00152 ( 1)  0.025
  95 -   0.22385 0.22385 0.22380 0.21890 0.10729 0.00230 ( 1)  0.027
  96 -   0.22669 0.22669 0.22664 0.22095 0.09756 0.00147 ( 1)  0.024
  97 -   0.21719 0.21719 0.21716 0.21377 0.12884 0.00584 ( 1)  0.036
  98 -   0.21816 0.21816 0.21813 0.21454 0.12585 0.00516 ( 1)  0.034
  99 -   0.22398 0.22398 0.22393 0.21900 0.10684 0.00226 ( 1)  0.027
 100 -   0.22619 0.22619 0.22613 0.22060 0.09931 0.00159 ( 1)  0.025
 101 -   0.22633 0.22633 0.22628 0.22070 0.09881 0.00154 ( 1)  0.025
 102 -   0.22637 0.22637 0.22632 0.22073 0.09868 0.00153 ( 1)  0.025
 103 -   0.21949 0.21949 0.21945 0.21559 0.12165 0.00432 ( 1)  0.033
 104 -   0.21953 0.21953 0.21949 0.21563 0.12155 0.00427 ( 1)  0.032
 105 -   0.22002 0.22002 0.21998 0.21601 0.11998 0.00399 ( 1)  0.032
 106 -   0.00000 0.00000 0.00056 0.05848 0.87607 0.06489 ( 5)  0.258
 107 -   0.22730 0.22730 0.22724 0.22139 0.09547 0.00130 ( 1)  0.024
 108 -   0.23031 0.23031 0.23025 0.22343 0.08494 0.00075 ( 1)  0.021
 109 -   0.22701 0.22701 0.22696 0.22119 0.09646 0.00136 ( 1)  0.024
 110 -   0.22405 0.22405 0.22400 0.21905 0.10661 0.00223 ( 1)  0.027
 111 -   0.21816 0.21816 0.21813 0.21454 0.12585 0.00516 ( 1)  0.034
 112 -   0.22664 0.22664 0.22659 0.22093 0.09774 0.00146 ( 1)  0.024
 113 -   0.22819 0.22819 0.22814 0.22201 0.09236 0.00111 ( 1)  0.023
 114 -   0.21949 0.21949 0.21945 0.21559 0.12165 0.00432 ( 1)  0.033
 115 -   0.22664 0.22664 0.22659 0.22093 0.09774 0.00146 ( 1)  0.024
 116 -   0.22571 0.22571 0.22566 0.22026 0.10094 0.00171 ( 1)  0.025
 117 -   0.21816 0.21816 0.21813 0.21454 0.12585 0.00516 ( 1)  0.034
 118 -   0.22602 0.22602 0.22597 0.22048 0.09989 0.00163 ( 1)  0.025
 119 -   0.22694 0.22694 0.22689 0.22114 0.09670 0.00139 ( 1)  0.024
 120 -   0.23223 0.23223 0.23216 0.22467 0.07821 0.00051 ( 1)  0.019
 121 -   0.22730 0.22730 0.22724 0.22139 0.09547 0.00130 ( 1)  0.024
 122 -   0.22437 0.22437 0.22432 0.21928 0.10551 0.00214 ( 1)  0.027
 123 -   0.22032 0.22032 0.22028 0.21624 0.11901 0.00384 ( 1)  0.031
 124 -   0.22455 0.22455 0.22450 0.21942 0.10489 0.00207 ( 1)  0.027
 125 -   0.00000 0.00000 0.00056 0.05825 0.87581 0.06538 ( 5)  0.258
 126 -   0.22701 0.22701 0.22696 0.22119 0.09646 0.00136 ( 1)  0.024
 127 -   0.22002 0.22002 0.21998 0.21601 0.11998 0.00399 ( 1)  0.032
 128 -   0.22664 0.22664 0.22659 0.22093 0.09774 0.00146 ( 1)  0.024
 129 -   0.22664 0.22664 0.22659 0.22093 0.09774 0.00146 ( 1)  0.024
 130 -   0.23505 0.23505 0.23497 0.22638 0.06829 0.00026 ( 1)  0.017
 131 -   0.21595 0.21595 0.21592 0.21278 0.13268 0.00672 ( 1)  0.037
 132 -   0.23012 0.23012 0.23006 0.22331 0.08562 0.00077 ( 1)  0.021
 133 -   0.22763 0.22763 0.22757 0.22162 0.09433 0.00123 ( 1)  0.023
 134 -   0.22571 0.22571 0.22566 0.22026 0.10096 0.00171 ( 1)  0.025
 135 -   0.22639 0.22639 0.22634 0.22075 0.09862 0.00152 ( 1)  0.025
 136 -   0.22733 0.22733 0.22727 0.22140 0.09536 0.00131 ( 1)  0.024
 137 -   0.22676 0.22676 0.22670 0.22100 0.09734 0.00143 ( 1)  0.024
 138 -   0.22996 0.22996 0.22989 0.22320 0.08619 0.00079 ( 1)  0.021
 139 -   0.22673 0.22673 0.22667 0.22098 0.09744 0.00144 ( 1)  0.024
 140 -   0.22745 0.22745 0.22739 0.22149 0.09494 0.00128 ( 1)  0.024
 141 -   0.23505 0.23505 0.23497 0.22638 0.06829 0.00026 ( 1)  0.017
 142 -   0.22984 0.22984 0.22978 0.22313 0.08659 0.00081 ( 1)  0.021
 143 -   0.21483 0.21483 0.21480 0.21187 0.13601 0.00766 ( 1)  0.039
 144 -   0.22558 0.22558 0.22553 0.22017 0.10140 0.00175 ( 1)  0.026
 145 -   0.22655 0.22655 0.22650 0.22086 0.09804 0.00148 ( 1)  0.025
 146 -   0.21595 0.21595 0.21592 0.21278 0.13268 0.00672 ( 1)  0.037
 147 -   0.23012 0.23012 0.23006 0.22331 0.08562 0.00077 ( 1)  0.021
 148 -   0.22705 0.22705 0.22699 0.22121 0.09633 0.00136 ( 1)  0.024
 149 -   0.22691 0.22691 0.22685 0.22111 0.09682 0.00140 ( 1)  0.024
 150 -   0.22984 0.22984 0.22978 0.22313 0.08659 0.00081 ( 1)  0.021
 151 -   0.22553 0.22553 0.22548 0.22013 0.10158 0.00176 ( 1)  0.026
 152 -   0.22968 0.22968 0.22962 0.22302 0.08717 0.00084 ( 1)  0.022
 153 -   0.22659 0.22659 0.22654 0.22089 0.09791 0.00147 ( 1)  0.025
 154 -   0.22603 0.22603 0.22598 0.22049 0.09985 0.00162 ( 1)  0.025
 155 -   0.22680 0.22680 0.22674 0.22103 0.09721 0.00143 ( 1)  0.024
 156 -   0.22591 0.22591 0.22586 0.22040 0.10027 0.00166 ( 1)  0.025
 157 -   0.22691 0.22691 0.22685 0.22111 0.09682 0.00140 ( 1)  0.024
 158 -   0.22472 0.22472 0.22467 0.21954 0.10436 0.00200 ( 1)  0.026
 159 -   0.22975 0.22975 0.22969 0.22307 0.08691 0.00083 ( 1)  0.021
 160 -   0.22761 0.22761 0.22756 0.22161 0.09437 0.00124 ( 1)  0.023
 161 -   0.23012 0.23012 0.23006 0.22331 0.08562 0.00077 ( 1)  0.021
 162 -   0.22528 0.22528 0.22523 0.21995 0.10243 0.00184 ( 1)  0.026
 163 -   0.00000 0.00000 0.00053 0.05504 0.86763 0.07681 ( 5)  0.268
 164 -   0.22761 0.22761 0.22756 0.22160 0.09438 0.00124 ( 1)  0.023
 165 -   0.22705 0.22705 0.22699 0.22121 0.09633 0.00136 ( 1)  0.024
 166 -   0.00000 0.00000 0.00057 0.05959 0.87866 0.06118 ( 5)  0.255
 167 -   0.22974 0.22974 0.22967 0.22305 0.08697 0.00083 ( 1)  0.021
 168 -   0.22612 0.22612 0.22606 0.22055 0.09955 0.00160 ( 1)  0.025
 169 -   0.22452 0.22452 0.22447 0.21940 0.10503 0.00207 ( 1)  0.027
 170 -   0.00000 0.00000 0.00000 0.00169 0.78673 0.21158 ( 5)  0.385
 171 -   0.22720 0.22720 0.22714 0.22131 0.09581 0.00134 ( 1)  0.024
 172 -   0.22011 0.22011 0.22007 0.21607 0.11967 0.00397 ( 1)  0.032
 173 -   0.22965 0.22965 0.22959 0.22300 0.08726 0.00085 ( 1)  0.022
 174 -   0.22671 0.22671 0.22666 0.22097 0.09750 0.00145 ( 1)  0.024
 175 -   0.22396 0.22396 0.22392 0.21899 0.10690 0.00228 ( 1)  0.027
 176 -   0.22655 0.22655 0.22650 0.22086 0.09804 0.00148 ( 1)  0.025
 177 -   0.22739 0.22739 0.22734 0.22145 0.09514 0.00130 ( 1)  0.024
 178 -   0.22396 0.22396 0.22392 0.21899 0.10690 0.00228 ( 1)  0.027
 179 -   0.21625 0.21625 0.21622 0.21302 0.13177 0.00649 ( 1)  0.037
 180 -   0.22297 0.22297 0.22293 0.21825 0.11021 0.00267 ( 1)  0.028
 181 -   0.22599 0.22599 0.22594 0.22046 0.09997 0.00165 ( 1)  0.025
 182 -   0.22762 0.22762 0.22756 0.22161 0.09437 0.00123 ( 1)  0.023
 183 -   0.22507 0.22507 0.22502 0.21980 0.10312 0.00191 ( 1)  0.026
 184 -   0.23505 0.23505 0.23497 0.22638 0.06829 0.00026 ( 1)  0.017
 185 -   0.22996 0.22996 0.22989 0.22320 0.08619 0.00079 ( 1)  0.021
 186 -   0.22064 0.22064 0.22060 0.21649 0.11797 0.00366 ( 1)  0.031
 187 -   0.22015 0.22015 0.22011 0.21611 0.11956 0.00392 ( 1)  0.032
 188 -   0.22654 0.22654 0.22649 0.22085 0.09810 0.00148 ( 1)  0.025
 189 -   0.22651 0.22651 0.22645 0.22083 0.09820 0.00150 ( 1)  0.025
 190 -   0.21807 0.21807 0.21804 0.21447 0.12610 0.00526 ( 1)  0.034
 191 -   0.22909 0.22909 0.22903 0.22261 0.08921 0.00097 ( 1)  0.022
 192 -   0.00000 0.00000 0.00077 0.07968 0.89505 0.02449 ( 5)  0.222
 193 -   0.22676 0.22676 0.22670 0.22100 0.09734 0.00143 ( 1)  0.024
 194 -   0.22669 0.22669 0.22663 0.22096 0.09758 0.00145 ( 1)  0.024
 195 -   0.22602 0.22602 0.22597 0.22048 0.09988 0.00163 ( 1)  0.025
 196 -   0.00000 0.00000 0.00000 0.00138 0.71612 0.28249 ( 5)  0.440
 197 -   0.22670 0.22670 0.22664 0.22096 0.09756 0.00144 ( 1)  0.024
 198 -   0.22799 0.22799 0.22793 0.22187 0.09309 0.00114 ( 1)  0.023
 199 -   0.00000 0.00000 0.00066 0.06854 0.89099 0.03982 ( 5)  0.236
 200 -   0.22738 0.22738 0.22732 0.22144 0.09518 0.00129 ( 1)  0.024
 201 -   0.22660 0.22660 0.22655 0.22090 0.09787 0.00147 ( 1)  0.024
 202 -   0.22763 0.22763 0.22757 0.22162 0.09433 0.00123 ( 1)  0.023
 203 -   0.22751 0.22751 0.22746 0.22153 0.09472 0.00126 ( 1)  0.024
 204 -   0.22497 0.22497 0.22492 0.21973 0.10347 0.00194 ( 1)  0.026
 205 -   0.22984 0.22984 0.22978 0.22313 0.08659 0.00081 ( 1)  0.021
 206 -   0.22454 0.22454 0.22449 0.21941 0.10495 0.00206 ( 1)  0.027
 207 -   0.22014 0.22014 0.22010 0.21610 0.11960 0.00392 ( 1)  0.032
 208 -   0.22691 0.22691 0.22685 0.22111 0.09682 0.00140 ( 1)  0.024
 209 -   0.22008 0.22008 0.22004 0.21605 0.11977 0.00400 ( 1)  0.032
 210 -   0.22094 0.22094 0.22090 0.21672 0.11697 0.00351 ( 1)  0.031
 211 -   0.22474 0.22474 0.22469 0.21956 0.10426 0.00200 ( 1)  0.026
 212 -   0.23505 0.23505 0.23497 0.22638 0.06829 0.00026 ( 1)  0.017
 213 -   0.23102 0.23102 0.23095 0.22390 0.08247 0.00065 ( 1)  0.020
 214 -   0.22014 0.22014 0.22010 0.21610 0.11960 0.00392 ( 1)  0.032
 215 -   0.21876 0.21876 0.21873 0.21502 0.12396 0.00477 ( 1)  0.033
 216 -   0.23505 0.23505 0.23497 0.22638 0.06829 0.00026 ( 1)  0.017
 217 -   0.22646 0.22646 0.22641 0.22079 0.09837 0.00151 ( 1)  0.025
 218 -   0.22675 0.22675 0.22669 0.22100 0.09738 0.00143 ( 1)  0.024
 219 -   0.22670 0.22670 0.22665 0.22097 0.09753 0.00144 ( 1)  0.024
 220 -   0.22094 0.22094 0.22090 0.21672 0.11697 0.00351 ( 1)  0.031
 221 -   0.23505 0.23505 0.23497 0.22638 0.06829 0.00026 ( 1)  0.017
 222 -   0.22738 0.22738 0.22733 0.22144 0.09517 0.00130 ( 1)  0.024
 223 -   0.22646 0.22646 0.22641 0.22080 0.09836 0.00151 ( 1)  0.025
 224 -   0.22847 0.22847 0.22841 0.22220 0.09140 0.00105 ( 1)  0.023
 225 -   0.22889 0.22889 0.22883 0.22248 0.08994 0.00097 ( 1)  0.022
 226 -   0.22670 0.22670 0.22664 0.22096 0.09756 0.00144 ( 1)  0.024
 227 -   0.22459 0.22459 0.22454 0.21945 0.10479 0.00205 ( 1)  0.027
 228 -   0.22738 0.22738 0.22733 0.22144 0.09517 0.00130 ( 1)  0.024
 229 -   0.22733 0.22733 0.22727 0.22141 0.09538 0.00130 ( 1)  0.024
 230 -   0.22732 0.22732 0.22726 0.22139 0.09540 0.00131 ( 1)  0.024
 231 -   0.22733 0.22733 0.22727 0.22140 0.09536 0.00131 ( 1)  0.024
 232 -   0.22300 0.22300 0.22295 0.21827 0.11012 0.00266 ( 1)  0.028
 233 -   0.22956 0.22956 0.22950 0.22294 0.08759 0.00086 ( 1)  0.022
 234 -   0.22680 0.22680 0.22674 0.22103 0.09719 0.00144 ( 1)  0.024
 235 -   0.22799 0.22799 0.22793 0.22187 0.09309 0.00114 ( 1)  0.023
 236 -   0.22064 0.22064 0.22060 0.21649 0.11797 0.00366 ( 1)  0.031
 237 -   0.22893 0.22893 0.22887 0.22250 0.08978 0.00098 ( 1)  0.022
 238 -   0.22641 0.22641 0.22636 0.22076 0.09853 0.00152 ( 1)  0.025
 239 -   0.22921 0.22921 0.22915 0.22270 0.08881 0.00092 ( 1)  0.022
 240 -   0.22681 0.22681 0.22676 0.22104 0.09716 0.00142 ( 1)  0.024
 241 -   0.22589 0.22589 0.22584 0.22039 0.10033 0.00166 ( 1)  0.025
 242 -   0.22588 0.22588 0.22583 0.22038 0.10038 0.00166 ( 1)  0.025
 243 -   0.22589 0.22589 0.22584 0.22039 0.10033 0.00166 ( 1)  0.025
 244 -   0.22902 0.22902 0.22896 0.22257 0.08948 0.00096 ( 1)  0.022
 245 -   0.21596 0.21596 0.21593 0.21279 0.13265 0.00671 ( 1)  0.037
 246 -   0.22733 0.22733 0.22727 0.22141 0.09538 0.00130 ( 1)  0.024
 247 -   0.22451 0.22451 0.22446 0.21939 0.10506 0.00207 ( 1)  0.027
 248 -   0.22064 0.22064 0.22060 0.21649 0.11797 0.00366 ( 1)  0.031
 249 -   0.22014 0.22014 0.22010 0.21610 0.11960 0.00392 ( 1)  0.032
 250 -   0.22665 0.22665 0.22659 0.22093 0.09774 0.00145 ( 1)  0.024
 251 -   0.23505 0.23505 0.23497 0.22638 0.06829 0.00026 ( 1)  0.017
 252 -   0.22745 0.22745 0.22739 0.22149 0.09494 0.00128 ( 1)  0.024
 253 -   0.22708 0.22708 0.22702 0.22123 0.09623 0.00137 ( 1)  0.024
 254 -   0.22639 0.22639 0.22634 0.22075 0.09862 0.00152 ( 1)  0.025
 255 -   0.22726 0.22726 0.22721 0.22136 0.09559 0.00132 ( 1)  0.024
 256 -   0.22733 0.22733 0.22727 0.22140 0.09536 0.00131 ( 1)  0.024
 257 -   0.22991 0.22991 0.22985 0.22317 0.08635 0.00080 ( 1)  0.021
 258 -   0.22094 0.22094 0.22090 0.21672 0.11697 0.00351 ( 1)  0.031
 259 -   0.22978 0.22978 0.22972 0.22309 0.08681 0.00082 ( 1)  0.021
 260 -   0.00000 0.00000 0.00059 0.06176 0.88192 0.05573 ( 5)  0.250
 261 -   0.22589 0.22589 0.22584 0.22039 0.10033 0.00166 ( 1)  0.025
 262 -   0.00000 0.00000 0.00044 0.04657 0.83628 0.11671 ( 5)  0.301
 263 -   0.22803 0.22803 0.22797 0.22190 0.09293 0.00114 ( 1)  0.023
 264 -   0.22748 0.22748 0.22742 0.22151 0.09485 0.00127 ( 1)  0.024
 265 -   0.22700 0.22700 0.22695 0.22118 0.09649 0.00138 ( 1)  0.024
 266 -   0.22015 0.22015 0.22011 0.21611 0.11957 0.00392 ( 1)  0.032
 267 -   0.22670 0.22670 0.22664 0.22096 0.09756 0.00144 ( 1)  0.024
 268 -   0.22522 0.22522 0.22517 0.21990 0.10263 0.00186 ( 1)  0.026
 269 -   0.22710 0.22710 0.22705 0.22125 0.09614 0.00136 ( 1)  0.024
 270 -   0.22524 0.22524 0.22519 0.21992 0.10254 0.00185 ( 1)  0.026
 271 -   0.23087 0.23087 0.23080 0.22380 0.08299 0.00067 ( 1)  0.020
 272 -   0.22708 0.22708 0.22703 0.22123 0.09622 0.00136 ( 1)  0.024
 273 -   0.22552 0.22552 0.22547 0.22013 0.10159 0.00177 ( 1)  0.026
 274 -   0.22545 0.22545 0.22539 0.22007 0.10185 0.00179 ( 1)  0.026
 275 -   0.22476 0.22476 0.22471 0.21957 0.10419 0.00200 ( 1)  0.026
 276 -   0.21601 0.21601 0.21598 0.21283 0.13250 0.00667 ( 1)  0.037
 277 -   0.22981 0.22981 0.22975 0.22311 0.08670 0.00082 ( 1)  0.021
 278 -   0.22770 0.22770 0.22764 0.22167 0.09409 0.00120 ( 1)  0.023
 279 -   0.22685 0.22685 0.22679 0.22106 0.09703 0.00143 ( 1)  0.024
 280 -   0.21773 0.21773 0.21770 0.21421 0.12720 0.00542 ( 1)  0.035
 281 -   0.22670 0.22670 0.22664 0.22096 0.09756 0.00144 ( 1)  0.024
 282 -   0.22282 0.22282 0.22277 0.21813 0.11073 0.00274 ( 1)  0.029
 283 -   0.23102 0.23102 0.23095 0.22390 0.08247 0.00065 ( 1)  0.020
 284 -   0.22751 0.22751 0.22746 0.22153 0.09472 0.00126 ( 1)  0.024
 285 -   0.22970 0.22970 0.22964 0.22303 0.08710 0.00084 ( 1)  0.022
 286 -   0.22492 0.22492 0.22487 0.21969 0.10365 0.00195 ( 1)  0.026
 287 -   0.22966 0.22966 0.22959 0.22300 0.08725 0.00085 ( 1)  0.022
 288 -   0.00000 0.00000 0.00057 0.05972 0.87857 0.06114 ( 5)  0.255
 289 -   0.22675 0.22675 0.22669 0.22100 0.09737 0.00144 ( 1)  0.024
 290 -   0.22355 0.22355 0.22351 0.21868 0.10827 0.00244 ( 1)  0.028
 291 -   0.22631 0.22631 0.22625 0.22068 0.09890 0.00156 ( 1)  0.025
 292 -   0.22691 0.22691 0.22685 0.22111 0.09682 0.00140 ( 1)  0.024
 293 -   0.22984 0.22984 0.22978 0.22313 0.08659 0.00081 ( 1)  0.021
 294 -   0.22436 0.22436 0.22431 0.21928 0.10556 0.00212 ( 1)  0.027
 295 -   0.22508 0.22508 0.22503 0.21980 0.10311 0.00191 ( 1)  0.026
 296 -   0.21904 0.21904 0.21900 0.21523 0.12307 0.00462 ( 1)  0.033
 297 -   0.21715 0.21715 0.21712 0.21374 0.12901 0.00583 ( 1)  0.036
 298 -   0.23505 0.23505 0.23497 0.22638 0.06829 0.00026 ( 1)  0.017
 299 -   0.22751 0.22751 0.22746 0.22153 0.09472 0.00126 ( 1)  0.024
 300 -   0.22451 0.22451 0.22446 0.21939 0.10506 0.00207 ( 1)  0.027
 301 -   0.22651 0.22651 0.22646 0.22083 0.09819 0.00151 ( 1)  0.025
 302 -   0.22451 0.22451 0.22446 0.21939 0.10506 0.00207 ( 1)  0.027
 303 -   0.22883 0.22883 0.22877 0.22244 0.09014 0.00099 ( 1)  0.022
 304 -   0.21882 0.21882 0.21878 0.21506 0.12377 0.00476 ( 1)  0.033
 305 -   0.22566 0.22566 0.22561 0.22022 0.10112 0.00173 ( 1)  0.025
 306 -   0.23505 0.23505 0.23497 0.22638 0.06829 0.00026 ( 1)  0.017
 307 -   0.21602 0.21602 0.21599 0.21284 0.13245 0.00667 ( 1)  0.037
 308 -   0.00000 0.00000 0.00050 0.05200 0.85584 0.09167 ( 5)  0.280
 309 -   0.22064 0.22064 0.22060 0.21649 0.11797 0.00366 ( 1)  0.031
 310 -   0.22800 0.22800 0.22795 0.22188 0.09302 0.00114 ( 1)  0.023
 311 -   0.22870 0.22870 0.22864 0.22235 0.09059 0.00102 ( 1)  0.022
 312 -   0.22451 0.22451 0.22446 0.21939 0.10506 0.00207 ( 1)  0.027
 313 -   0.22670 0.22670 0.22664 0.22096 0.09756 0.00144 ( 1)  0.024
 314 -   0.22751 0.22751 0.22746 0.22153 0.09472 0.00126 ( 1)  0.024
 315 -   0.22015 0.22015 0.22011 0.21611 0.11957 0.00392 ( 1)  0.032
 316 -   0.22676 0.22676 0.22670 0.22100 0.09734 0.00143 ( 1)  0.024
 317 -   0.22555 0.22555 0.22550 0.22014 0.10151 0.00175 ( 1)  0.026
 318 -   0.22522 0.22522 0.22517 0.21990 0.10263 0.00186 ( 1)  0.026
 319 -   0.22465 0.22465 0.22460 0.21949 0.10457 0.00203 ( 1)  0.027
 320 -   0.21595 0.21595 0.21592 0.21278 0.13268 0.00672 ( 1)  0.037
 321 -   0.22589 0.22589 0.22584 0.22039 0.10033 0.00166 ( 1)  0.025
 322 -   0.22396 0.22396 0.22392 0.21899 0.10690 0.00228 ( 1)  0.027
 323 -   0.22494 0.22494 0.22489 0.21970 0.10357 0.00194 ( 1)  0.026
 324 -   0.21776 0.21776 0.21772 0.21377 0.12478 0.00820 ( 1)  0.037
 325 -   0.21948 0.21948 0.21944 0.21558 0.12168 0.00434 ( 1)  0.033
 326 -   0.22733 0.22733 0.22727 0.22140 0.09536 0.00131 ( 1)  0.024
 327 -   0.22590 0.22590 0.22585 0.22040 0.10028 0.00165 ( 1)  0.025
 328 -   0.22428 0.22428 0.22424 0.21922 0.10581 0.00216 ( 1)  0.027
 329 -   0.22412 0.22412 0.22408 0.21910 0.10634 0.00223 ( 1)  0.027
 330 -   0.22522 0.22522 0.22517 0.21990 0.10263 0.00186 ( 1)  0.026
 331 -   0.22691 0.22691 0.22685 0.22111 0.09682 0.00140 ( 1)  0.024
 332 -   0.22589 0.22589 0.22584 0.22039 0.10033 0.00166 ( 1)  0.025
 333 -   0.22401 0.22401 0.22396 0.21902 0.10675 0.00226 ( 1)  0.027
 334 -   0.22011 0.22011 0.22007 0.21607 0.11967 0.00397 ( 1)  0.032
 335 -   0.22463 0.22463 0.22458 0.21948 0.10464 0.00203 ( 1)  0.027
 336 -   0.21609 0.21609 0.21606 0.21289 0.13226 0.00661 ( 1)  0.037
 337 -   0.22655 0.22655 0.22650 0.22086 0.09804 0.00148 ( 1)  0.025
 338 -   0.22303 0.22303 0.22299 0.21829 0.11002 0.00265 ( 1)  0.028
 339 -   0.21988 0.21988 0.21984 0.21589 0.12041 0.00410 ( 1)  0.032
 340 -   0.22902 0.22902 0.22896 0.22257 0.08948 0.00096 ( 1)  0.022
 341 -   0.22397 0.22397 0.22393 0.21899 0.10686 0.00227 ( 1)  0.027
 342 -   0.22902 0.22902 0.22896 0.22257 0.08948 0.00096 ( 1)  0.022
 343 -   0.22510 0.22510 0.22505 0.21982 0.10304 0.00189 ( 1)  0.026
 344 -   0.23102 0.23102 0.23095 0.22390 0.08247 0.00065 ( 1)  0.020
 345 -   0.23012 0.23012 0.23006 0.22331 0.08562 0.00077 ( 1)  0.021
 346 -   0.22677 0.22677 0.22672 0.22102 0.09729 0.00143 ( 1)  0.024
 347 -   0.22451 0.22451 0.22446 0.21939 0.10506 0.00207 ( 1)  0.027
 348 -   0.22608 0.22608 0.22603 0.22053 0.09967 0.00161 ( 1)  0.025
 349 -   0.22712 0.22712 0.22706 0.22126 0.09610 0.00135 ( 1)  0.024
 350 -   0.22014 0.22014 0.22010 0.21610 0.11960 0.00392 ( 1)  0.032
 351 -   0.22685 0.22685 0.22679 0.22106 0.09703 0.00143 ( 1)  0.024
 352 -   0.21924 0.21924 0.21920 0.21539 0.12246 0.00448 ( 1)  0.033
 353 -   0.22657 0.22657 0.22651 0.22087 0.09799 0.00148 ( 1)  0.025
 354 -   0.23046 0.23046 0.23039 0.22353 0.08444 0.00073 ( 1)  0.021
 355 -   0.22703 0.22703 0.22697 0.22119 0.09639 0.00138 ( 1)  0.024
 356 -   0.22643 0.22643 0.22637 0.22077 0.09848 0.00152 ( 1)  0.025
 357 -   0.22659 0.22659 0.22653 0.22088 0.09792 0.00149 ( 1)  0.025
 358 -   0.22350 0.22350 0.22345 0.21864 0.10846 0.00245 ( 1)  0.028
 359 -   0.22683 0.22683 0.22677 0.22105 0.09709 0.00143 ( 1)  0.024
 360 -   0.22621 0.22621 0.22616 0.22061 0.09923 0.00158 ( 1)  0.025
 361 -   0.22583 0.22583 0.22578 0.22034 0.10054 0.00169 ( 1)  0.025
 362 -   0.22931 0.22931 0.22925 0.22277 0.08845 0.00090 ( 1)  0.022
 363 -   0.22935 0.22935 0.22929 0.22280 0.08832 0.00089 ( 1)  0.022
 364 -   0.22685 0.22685 0.22679 0.22106 0.09703 0.00143 ( 1)  0.024
 365 -   0.22840 0.22840 0.22834 0.22215 0.09165 0.00107 ( 1)  0.023
 366 -   0.22703 0.22703 0.22697 0.22119 0.09639 0.00138 ( 1)  0.024
 367 -   0.21659 0.21659 0.21656 0.21329 0.13068 0.00628 ( 1)  0.036
 368 -   0.22530 0.22530 0.22525 0.21997 0.10235 0.00183 ( 1)  0.026
 369 -   0.22946 0.22946 0.22940 0.22287 0.08792 0.00087 ( 1)  0.022
 370 -   0.22539 0.22539 0.22534 0.22003 0.10205 0.00181 ( 1)  0.026
 371 -   0.23048 0.23048 0.23042 0.22355 0.08434 0.00073 ( 1)  0.021
 372 -   0.22914 0.22914 0.22908 0.22265 0.08906 0.00093 ( 1)  0.022
 373 -   0.22684 0.22684 0.22679 0.22107 0.09705 0.00141 ( 1)  0.024
 374 -   0.22554 0.22554 0.22549 0.22014 0.10152 0.00177 ( 1)  0.026
 375 -   0.22375 0.22375 0.22371 0.21883 0.10760 0.00235 ( 1)  0.027
 376 -   0.21971 0.21971 0.21968 0.21577 0.12096 0.00416 ( 1)  0.032
 377 -   0.22963 0.22963 0.22957 0.22298 0.08735 0.00085 ( 1)  0.022
 378 -   0.22623 0.22623 0.22618 0.22063 0.09917 0.00157 ( 1)  0.025
 379 -   0.22545 0.22545 0.22540 0.22007 0.10183 0.00179 ( 1)  0.026
 380 -   0.22853 0.22853 0.22847 0.22223 0.09119 0.00105 ( 1)  0.023
 381 -   0.22534 0.22534 0.22529 0.22000 0.10220 0.00182 ( 1)  0.026
 382 -   0.23006 0.23006 0.23000 0.22327 0.08582 0.00079 ( 1)  0.021
 383 -   0.22591 0.22591 0.22586 0.22041 0.10026 0.00165 ( 1)  0.025
 384 -   0.22770 0.22770 0.22764 0.22167 0.09409 0.00120 ( 1)  0.023
 385 -   0.22593 0.22593 0.22588 0.22042 0.10020 0.00165 ( 1)  0.025
 386 -   0.22598 0.22598 0.22593 0.22045 0.10002 0.00164 ( 1)  0.025
 387 -   0.22673 0.22673 0.22667 0.22099 0.09744 0.00144 ( 1)  0.024
 388 -   0.22733 0.22733 0.22727 0.22141 0.09538 0.00130 ( 1)  0.024
 389 -   0.22870 0.22870 0.22864 0.22235 0.09059 0.00102 ( 1)  0.022
 390 -   0.21909 0.21909 0.21905 0.21528 0.12292 0.00456 ( 1)  0.033
 391 -   0.22670 0.22670 0.22664 0.22096 0.09756 0.00144 ( 1)  0.024
 392 -   0.21483 0.21483 0.21480 0.21187 0.13601 0.00766 ( 1)  0.039
 393 -   0.22610 0.22610 0.22604 0.22054 0.09962 0.00161 ( 1)  0.025
 394 -   0.22396 0.22396 0.22392 0.21899 0.10690 0.00228 ( 1)  0.027
 395 -   0.22581 0.22581 0.22576 0.22033 0.10062 0.00168 ( 1)  0.025
 396 -   0.22976 0.22976 0.22970 0.22307 0.08688 0.00083 ( 1)  0.021
 397 -   0.22631 0.22631 0.22625 0.22068 0.09890 0.00156 ( 1)  0.025
 398 -   0.22451 0.22451 0.22447 0.21939 0.10504 0.00207 ( 1)  0.027
 399 -   0.22751 0.22751 0.22746 0.22153 0.09472 0.00126 ( 1)  0.024
 400 -   0.22609 0.22609 0.22604 0.22053 0.09964 0.00161 ( 1)  0.025
 401 -   0.22751 0.22751 0.22746 0.22153 0.09472 0.00126 ( 1)  0.024
 402 -   0.22675 0.22675 0.22669 0.22100 0.09737 0.00144 ( 1)  0.024
 403 -   0.22770 0.22770 0.22764 0.22167 0.09409 0.00120 ( 1)  0.023
 404 -   0.23008 0.23008 0.23001 0.22328 0.08578 0.00078 ( 1)  0.021
 405 -   0.22733 0.22733 0.22727 0.22140 0.09536 0.00131 ( 1)  0.024
 406 -   0.22712 0.22712 0.22706 0.22126 0.09610 0.00135 ( 1)  0.024
 407 -   0.22668 0.22668 0.22663 0.22095 0.09760 0.00145 ( 1)  0.024
 408 -   0.22889 0.22889 0.22883 0.22248 0.08994 0.00097 ( 1)  0.022
 409 -   0.23102 0.23102 0.23095 0.22390 0.08247 0.00065 ( 1)  0.020
 410 M   0.23590 0.23590 0.23581 0.22687 0.06531 0.00021 ( 1)  0.016
 411 A   0.22767 0.22767 0.22761 0.22164 0.09419 0.00122 ( 1)  0.023
 412 A   0.22539 0.22539 0.22534 0.22003 0.10205 0.00180 ( 1)  0.026
 413 L   0.21947 0.21947 0.21943 0.21557 0.12171 0.00435 ( 1)  0.033
 414 I   0.22840 0.22840 0.22834 0.22214 0.09164 0.00109 ( 1)  0.023
 415 P   0.22784 0.22784 0.22778 0.22176 0.09359 0.00118 ( 1)  0.023
 416 I   0.22985 0.22985 0.22979 0.22313 0.08656 0.00082 ( 1)  0.021
 417 P   0.22732 0.22732 0.22726 0.22140 0.09540 0.00130 ( 1)  0.024
 418 A   0.22773 0.22773 0.22767 0.22168 0.09399 0.00121 ( 1)  0.023
 419 L   0.21951 0.21951 0.21947 0.21560 0.12159 0.00433 ( 1)  0.033
 420 R   0.21913 0.21913 0.21910 0.21531 0.12276 0.00457 ( 1)  0.033
 421 A   0.22669 0.22669 0.22663 0.22096 0.09759 0.00145 ( 1)  0.024
 422 F   0.23186 0.23186 0.23179 0.22444 0.07951 0.00054 ( 1)  0.020
 423 S   0.22371 0.22371 0.22367 0.21880 0.10772 0.00239 ( 1)  0.028
 424 L   0.22571 0.22571 0.22565 0.22026 0.10096 0.00172 ( 1)  0.025
 425 Q   0.22170 0.22170 0.22166 0.21730 0.11449 0.00315 ( 1)  0.030
 426 -   0.22593 0.22593 0.22587 0.22041 0.10021 0.00165 ( 1)  0.025
 427 -   0.22589 0.22589 0.22584 0.22039 0.10033 0.00166 ( 1)  0.025
 428 V   0.00000 0.00000 0.00062 0.06422 0.88593 0.04923 ( 5)  0.245
 429 V   0.22602 0.22602 0.22597 0.22048 0.09989 0.00163 ( 1)  0.025
 430 V   0.22610 0.22610 0.22605 0.22054 0.09960 0.00161 ( 1)  0.025
 431 V   0.22668 0.22668 0.22662 0.22095 0.09761 0.00146 ( 1)  0.024
 432 F   0.22972 0.22972 0.22966 0.22304 0.08703 0.00083 ( 1)  0.021
 433 N   0.22945 0.22945 0.22939 0.22287 0.08796 0.00087 ( 1)  0.022
 434 F   0.23183 0.23183 0.23176 0.22442 0.07960 0.00055 ( 1)  0.020
 435 A   0.22740 0.22740 0.22735 0.22146 0.09510 0.00128 ( 1)  0.024
 436 M   0.23590 0.23590 0.23581 0.22687 0.06531 0.00021 ( 1)  0.016
 437 I   0.00000 0.00000 0.00061 0.06403 0.88575 0.04960 ( 5)  0.245
 438 L   0.21687 0.21687 0.21684 0.21352 0.12987 0.00602 ( 1)  0.036
 439 L   0.21701 0.21701 0.21698 0.21363 0.12941 0.00595 ( 1)  0.036
 440 I   0.22992 0.22992 0.22986 0.22316 0.08631 0.00083 ( 1)  0.021
 441 F   0.23104 0.23104 0.23097 0.22391 0.08239 0.00064 ( 1)  0.020
 442 P   0.22787 0.22787 0.22781 0.22178 0.09349 0.00118 ( 1)  0.023
 443 A   0.22762 0.22762 0.22756 0.22161 0.09437 0.00123 ( 1)  0.023
 444 I   0.22837 0.22837 0.22831 0.22212 0.09175 0.00110 ( 1)  0.023
 445 L   0.21664 0.21664 0.21661 0.21333 0.13060 0.00619 ( 1)  0.036
 446 S   0.22893 0.22893 0.22887 0.22251 0.08980 0.00096 ( 1)  0.022
 447 M   0.23590 0.23590 0.23581 0.22687 0.06531 0.00021 ( 1)  0.016
 448 D   0.22862 0.22862 0.22856 0.22230 0.09087 0.00102 ( 1)  0.023
 449 L   0.22808 0.22808 0.22802 0.22193 0.09276 0.00114 ( 1)  0.023
 450 Y   0.22825 0.22825 0.22819 0.22204 0.09216 0.00111 ( 1)  0.023
 451 R   0.22772 0.22772 0.22767 0.22168 0.09399 0.00121 ( 1)  0.023
 452 R   0.22221 0.22221 0.22217 0.21768 0.11277 0.00297 ( 1)  0.029
 453 E   0.22807 0.22807 0.22801 0.22192 0.09278 0.00114 ( 1)  0.023
 454 D   0.22852 0.22852 0.22846 0.22224 0.09122 0.00103 ( 1)  0.023
 455 R   0.22741 0.22741 0.22735 0.22146 0.09509 0.00128 ( 1)  0.024
 456 R   0.22691 0.22691 0.22685 0.22111 0.09682 0.00140 ( 1)  0.024
 457 L   0.21756 0.21756 0.21753 0.21407 0.12773 0.00554 ( 1)  0.035
 458 D   0.22985 0.22985 0.22979 0.22314 0.08656 0.00081 ( 1)  0.021
 459 I   0.23379 0.23379 0.23371 0.22563 0.07272 0.00036 ( 1)  0.018
 460 F   0.23036 0.23036 0.23030 0.22347 0.08478 0.00073 ( 1)  0.021
 461 C   0.22737 0.22737 0.22731 0.22144 0.09523 0.00128 ( 1)  0.024
 462 C   0.22966 0.22966 0.22960 0.22300 0.08723 0.00084 ( 1)  0.022
 463 F   0.23172 0.23172 0.23165 0.22435 0.07999 0.00056 ( 1)  0.020
 464 T   0.22687 0.22687 0.22681 0.22108 0.09697 0.00141 ( 1)  0.024
 465 S   0.22984 0.22984 0.22977 0.22312 0.08662 0.00082 ( 1)  0.021
 466 P   0.22645 0.22645 0.22640 0.22079 0.09841 0.00151 ( 1)  0.025
 467 C   0.22966 0.22966 0.22960 0.22300 0.08723 0.00084 ( 1)  0.022
 468 A   0.00000 0.00000 0.00000 0.00146 0.73651 0.26203 ( 5)  0.424
 469 T   0.22766 0.22766 0.22760 0.22164 0.09423 0.00122 ( 1)  0.023
 470 R   0.22677 0.22677 0.22671 0.22101 0.09731 0.00144 ( 1)  0.024
 471 V   0.22602 0.22602 0.22597 0.22048 0.09987 0.00163 ( 1)  0.025
 472 I   0.22968 0.22968 0.22962 0.22302 0.08715 0.00085 ( 1)  0.022
 473 Q   0.22089 0.22089 0.22085 0.21668 0.11715 0.00353 ( 1)  0.031
 474 I   0.00000 0.00000 0.00062 0.06444 0.88649 0.04845 ( 5)  0.244
 475 E   0.22723 0.22723 0.22717 0.22134 0.09571 0.00132 ( 1)  0.024
 476 P   0.22776 0.22776 0.22770 0.22171 0.09388 0.00120 ( 1)  0.023
 477 Q   0.22158 0.22158 0.22154 0.21720 0.11487 0.00324 ( 1)  0.030
 478 A   0.00000 0.00000 0.00000 0.00153 0.75391 0.24456 ( 5)  0.410
 479 Y   0.22819 0.22819 0.22813 0.22200 0.09236 0.00112 ( 1)  0.023
 480 A   0.00000 0.00000 0.00000 0.00000 0.00690 0.99310 ( 6)  0.995
 481 E   0.22809 0.22809 0.22804 0.22194 0.09271 0.00113 ( 1)  0.023
 482 N   0.00000 0.00000 0.00068 0.07028 0.89243 0.03662 ( 5)  0.233
 483 D   0.00000 0.00000 0.00064 0.06673 0.88948 0.04315 ( 5)  0.239
 484 N   0.00000 0.00000 0.00000 0.00004 0.56351 0.43645 ( 5)  0.560
 485 T   0.00000 0.00000 0.00000 0.00148 0.74306 0.25546 ( 5)  0.419
 486 C   0.22762 0.22762 0.22756 0.22161 0.09437 0.00123 ( 1)  0.023
 487 Y   0.22587 0.22587 0.22581 0.22037 0.10041 0.00167 ( 1)  0.025
 488 S   0.23045 0.23045 0.23039 0.22353 0.08445 0.00072 ( 1)  0.021
 489 P   0.00000 0.00000 0.00060 0.06304 0.88456 0.05179 ( 5)  0.247
 490 P   0.22681 0.22681 0.22675 0.22104 0.09718 0.00142 ( 1)  0.024
 491 P   0.22560 0.22560 0.22555 0.22018 0.10133 0.00174 ( 1)  0.026
 492 P   0.00000 0.00000 0.00056 0.05865 0.87659 0.06419 ( 5)  0.257
 493 Y   0.22584 0.22584 0.22579 0.22035 0.10051 0.00168 ( 1)  0.025
 494 S   0.00000 0.00000 0.00062 0.06447 0.88700 0.04791 ( 5)  0.244
 495 S   0.22973 0.22973 0.22966 0.22305 0.08700 0.00083 ( 1)  0.021
 496 H   0.22866 0.22866 0.22860 0.22233 0.09074 0.00101 ( 1)  0.022
 497 S   0.00000 0.00000 0.00069 0.07128 0.89301 0.03502 ( 5)  0.232
 498 F   0.23186 0.23186 0.23179 0.22444 0.07951 0.00054 ( 1)  0.020
 499 A   0.22664 0.22664 0.22658 0.22092 0.09776 0.00146 ( 1)  0.024
 500 H   0.23067 0.23067 0.23060 0.22367 0.08371 0.00069 ( 1)  0.021
 501 E   0.22809 0.22809 0.22804 0.22194 0.09271 0.00113 ( 1)  0.023
 502 T   0.22777 0.22777 0.22771 0.22171 0.09383 0.00120 ( 1)  0.023
 503 R   0.00000 0.00000 0.00045 0.04696 0.83827 0.11433 ( 5)  0.299
 504 I   0.22975 0.22975 0.22968 0.22306 0.08693 0.00084 ( 1)  0.021
 505 T   0.22677 0.22677 0.22672 0.22102 0.09728 0.00143 ( 1)  0.024
 506 M   0.23590 0.23590 0.23581 0.22687 0.06531 0.00021 ( 1)  0.016
 507 Q   0.22089 0.22089 0.22085 0.21668 0.11715 0.00353 ( 1)  0.031
 508 S   0.22715 0.22715 0.22709 0.22128 0.09598 0.00134 ( 1)  0.024
 509 T   0.22683 0.22683 0.22678 0.22106 0.09708 0.00141 ( 1)  0.024
 510 V   0.22602 0.22602 0.22597 0.22048 0.09987 0.00163 ( 1)  0.025
 511 Q   0.22089 0.22089 0.22085 0.21668 0.11715 0.00353 ( 1)  0.031
 512 L   0.21984 0.21984 0.21981 0.21586 0.12050 0.00414 ( 1)  0.032
 513 R   0.22530 0.22530 0.22525 0.21997 0.10235 0.00182 ( 1)  0.026
 514 T   0.22686 0.22686 0.22681 0.22108 0.09698 0.00141 ( 1)  0.024
 515 E   0.22802 0.22802 0.22796 0.22188 0.09296 0.00115 ( 1)  0.023
 516 Y   0.22702 0.22702 0.22696 0.22119 0.09643 0.00137 ( 1)  0.024
 517 D   0.23045 0.23045 0.23039 0.22353 0.08445 0.00072 ( 1)  0.021
 518 P   0.22772 0.22772 0.22767 0.22168 0.09400 0.00121 ( 1)  0.023
 519 H   0.22956 0.22956 0.22949 0.22294 0.08760 0.00086 ( 1)  0.022
 520 T   0.22594 0.22594 0.22589 0.22043 0.10015 0.00164 ( 1)  0.025
 521 Q   0.22097 0.22097 0.22093 0.21674 0.11691 0.00350 ( 1)  0.031
 522 V   0.00000 0.00000 0.00056 0.05835 0.87577 0.06532 ( 5)  0.258
 523 Y   0.00000 0.00000 0.00054 0.05675 0.87208 0.07063 ( 5)  0.263
 524 Y   0.22584 0.22584 0.22579 0.22035 0.10051 0.00168 ( 1)  0.025
 525 T   0.22551 0.22551 0.22546 0.22012 0.10164 0.00176 ( 1)  0.026
 526 T   0.22687 0.22687 0.22682 0.22109 0.09695 0.00141 ( 1)  0.024
 527 A   0.22667 0.22667 0.22662 0.22094 0.09765 0.00145 ( 1)  0.024
 528 E   0.22721 0.22721 0.22716 0.22133 0.09577 0.00132 ( 1)  0.024
 529 P   0.22740 0.22740 0.22734 0.22146 0.09513 0.00128 ( 1)  0.024
 530 R   0.00000 0.00000 0.00053 0.05559 0.86932 0.07456 ( 5)  0.266
 531 S   0.22372 0.22372 0.22367 0.21880 0.10770 0.00238 ( 1)  0.028
 532 E   0.22809 0.22809 0.22804 0.22194 0.09271 0.00113 ( 1)  0.023
 533 I   0.23366 0.23366 0.23358 0.22555 0.07317 0.00038 ( 1)  0.018
 534 S   0.22781 0.22781 0.22775 0.22174 0.09370 0.00120 ( 1)  0.023
 535 V   0.22619 0.22619 0.22614 0.22061 0.09928 0.00158 ( 1)  0.025
 536 Q   0.22088 0.22088 0.22084 0.21668 0.11718 0.00353 ( 1)  0.031
 537 P   0.22687 0.22687 0.22682 0.22109 0.09696 0.00140 ( 1)  0.024
 538 V   0.22602 0.22602 0.22597 0.22048 0.09987 0.00163 ( 1)  0.025
 539 T   0.22691 0.22691 0.22685 0.22111 0.09683 0.00140 ( 1)  0.024
 540 V   0.22626 0.22626 0.22620 0.22065 0.09907 0.00157 ( 1)  0.025
 541 T   0.00000 0.00000 0.00000 0.00002 0.40316 0.59682 ( 6)  0.686
 542 Q   0.00000 0.00000 0.00045 0.04699 0.83806 0.11450 ( 5)  0.299
 543 D   0.23050 0.23050 0.23043 0.22356 0.08429 0.00071 ( 1)  0.021
 544 N   0.00000 0.00000 0.00064 0.06636 0.88938 0.04362 ( 5)  0.240
 545 L   0.00000 0.00000 0.00050 0.05204 0.85816 0.08930 ( 5)  0.278
 546 S   0.00000 0.00000 0.00062 0.06469 0.88725 0.04744 ( 5)  0.243
 547 C   0.22737 0.22737 0.22731 0.22144 0.09523 0.00128 ( 1)  0.024
 548 Q   0.22089 0.22089 0.22085 0.21668 0.11715 0.00353 ( 1)  0.031
 549 S   0.22852 0.22852 0.22846 0.22224 0.09122 0.00103 ( 1)  0.023
 550 P   0.22678 0.22678 0.22673 0.22102 0.09727 0.00142 ( 1)  0.024
 551 E   0.22809 0.22809 0.22804 0.22194 0.09271 0.00113 ( 1)  0.023
 552 S   0.22852 0.22852 0.22846 0.22224 0.09122 0.00103 ( 1)  0.023
 553 T   0.00000 0.00000 0.00000 0.00158 0.76318 0.23525 ( 5)  0.403
 554 S   0.22852 0.22852 0.22846 0.22224 0.09122 0.00103 ( 1)  0.023
 555 S   0.22431 0.22431 0.22426 0.21924 0.10573 0.00216 ( 1)  0.027
 556 T   0.22597 0.22597 0.22592 0.22045 0.10005 0.00163 ( 1)  0.025
 557 R   0.22745 0.22745 0.22739 0.22149 0.09496 0.00126 ( 1)  0.024
 558 D   0.23068 0.23068 0.23062 0.22368 0.08365 0.00068 ( 1)  0.021
 559 L   0.22051 0.22051 0.22047 0.21638 0.11836 0.00377 ( 1)  0.031
 560 L   0.22809 0.22809 0.22803 0.22194 0.09271 0.00113 ( 1)  0.023
 561 S   0.22590 0.22590 0.22585 0.22040 0.10029 0.00166 ( 1)  0.025
 562 Q   0.22156 0.22156 0.22152 0.21719 0.11493 0.00324 ( 1)  0.030
 563 F   0.22982 0.22982 0.22976 0.22311 0.08667 0.00082 ( 1)  0.021
 564 S   0.00000 0.00000 0.00051 0.05314 0.86157 0.08478 ( 5)  0.275
 565 D   0.22852 0.22852 0.22846 0.22224 0.09122 0.00103 ( 1)  0.023
 566 S   0.00000 0.00000 0.00000 0.00146 0.73466 0.26389 ( 5)  0.426
 567 S   0.00000 0.00000 0.00000 0.00000 0.20226 0.79774 ( 6)  0.842
 568 M   0.00000 0.00000 0.00000 0.00006 0.67484 0.32511 ( 5)  0.474
 569 H   0.23072 0.23072 0.23065 0.22371 0.08352 0.00068 ( 1)  0.021
 570 C   0.22751 0.22751 0.22746 0.22154 0.09473 0.00126 ( 1)  0.024
 571 L   0.22788 0.22788 0.22783 0.22179 0.09343 0.00118 ( 1)  0.023
 572 D   0.00000 0.00000 0.00059 0.06172 0.88271 0.05497 ( 5)  0.250
 573 P   0.00000 0.00000 0.00000 0.00139 0.71637 0.28225 ( 5)  0.440
 574 P   0.22548 0.22548 0.22543 0.22010 0.10173 0.00177 ( 1)  0.026
 575 C   0.22954 0.22954 0.22947 0.22292 0.08767 0.00087 ( 1)  0.022
 576 T   0.00000 0.00000 0.00056 0.05883 0.87682 0.06379 ( 5)  0.257
 577 K   0.00000 0.00000 0.00000 0.00163 0.77378 0.22459 ( 5)  0.395
 578 W   0.22139 0.22139 0.22135 0.21707 0.11551 0.00329 ( 1)  0.030
 579 T   0.22681 0.22681 0.22675 0.22104 0.09717 0.00142 ( 1)  0.024
 580 L   0.22593 0.22593 0.22588 0.22042 0.10018 0.00165 ( 1)  0.025
 581 S   0.22378 0.22378 0.22373 0.21885 0.10750 0.00236 ( 1)  0.027
 582 S   0.00000 0.00000 0.00061 0.06357 0.88496 0.05086 ( 5)  0.246
 583 F   0.23183 0.23183 0.23176 0.22442 0.07962 0.00055 ( 1)  0.020
 584 A   0.22670 0.22670 0.22664 0.22097 0.09755 0.00144 ( 1)  0.024
 585 E   0.22807 0.22807 0.22801 0.22192 0.09278 0.00114 ( 1)  0.023
 586 K   0.22766 0.22766 0.22760 0.22164 0.09423 0.00122 ( 1)  0.023
 587 H   0.23080 0.23080 0.23073 0.22376 0.08325 0.00067 ( 1)  0.020
 588 Y   0.22823 0.22823 0.22817 0.22203 0.09222 0.00111 ( 1)  0.023
 589 A   0.22773 0.22773 0.22767 0.22168 0.09399 0.00121 ( 1)  0.023
 590 P   0.22660 0.22660 0.22655 0.22090 0.09787 0.00147 ( 1)  0.024
 591 F   0.00000 0.00000 0.00066 0.06901 0.89137 0.03896 ( 5)  0.236
 592 L   0.22425 0.22425 0.22420 0.21920 0.10594 0.00216 ( 1)  0.027
 593 L   0.21748 0.21748 0.21745 0.21401 0.12798 0.00560 ( 1)  0.035
 594 K   0.22845 0.22845 0.22839 0.22218 0.09146 0.00106 ( 1)  0.023
 595 P   0.22684 0.22684 0.22679 0.22107 0.09706 0.00141 ( 1)  0.024
 596 K   0.00000 0.00000 0.00062 0.06500 0.88723 0.04715 ( 5)  0.243
 597 A   0.22769 0.22769 0.22763 0.22166 0.09411 0.00122 ( 1)  0.023
 598 K   0.22751 0.22751 0.22745 0.22154 0.09474 0.00125 ( 1)  0.024
 599 I   0.00000 0.00000 0.00000 0.00003 0.47294 0.52703 ( 6)  0.631
 600 V   0.22602 0.22602 0.22597 0.22048 0.09987 0.00163 ( 1)  0.025
 601 V   0.22815 0.22815 0.22809 0.22197 0.09251 0.00113 ( 1)  0.023
 602 I   0.22985 0.22985 0.22979 0.22313 0.08656 0.00082 ( 1)  0.021
 603 F   0.00000 0.00000 0.00073 0.07580 0.89490 0.02857 ( 5)  0.226
 604 L   0.22834 0.22834 0.22828 0.22210 0.09186 0.00109 ( 1)  0.023
 605 F   0.23162 0.23162 0.23155 0.22428 0.08036 0.00057 ( 1)  0.020
 606 L   0.21674 0.21674 0.21671 0.21341 0.13029 0.00612 ( 1)  0.036
 607 G   0.00000 0.00000 0.00000 0.00003 0.44820 0.55177 ( 6)  0.650
 608 L   0.21953 0.21953 0.21950 0.21562 0.12149 0.00433 ( 1)  0.033
 609 L   0.22834 0.22834 0.22828 0.22210 0.09186 0.00109 ( 1)  0.023
 610 G   0.22542 0.22542 0.22537 0.22005 0.10196 0.00179 ( 1)  0.026
 611 L   0.22593 0.22593 0.22588 0.22042 0.10019 0.00165 ( 1)  0.025
 612 S   0.22855 0.22855 0.22850 0.22226 0.09111 0.00103 ( 1)  0.023
 613 L   0.22794 0.22794 0.22788 0.22183 0.09325 0.00117 ( 1)  0.023
 614 Y   0.22827 0.22827 0.22821 0.22206 0.09209 0.00111 ( 1)  0.023
 615 G   0.22475 0.22475 0.22470 0.21957 0.10422 0.00201 ( 1)  0.026
 616 T   0.22794 0.22794 0.22788 0.22183 0.09325 0.00117 ( 1)  0.023
 617 T   0.22554 0.22554 0.22549 0.22014 0.10152 0.00175 ( 1)  0.026
 618 R   0.00000 0.00000 0.00051 0.05297 0.86120 0.08533 ( 5)  0.275
 619 V   0.22610 0.22610 0.22605 0.22054 0.09961 0.00161 ( 1)  0.025
 620 -   0.22593 0.22593 0.22588 0.22042 0.10020 0.00165 ( 1)  0.025
 621 -   0.22977 0.22977 0.22971 0.22308 0.08684 0.00082 ( 1)  0.021
 622 -   0.22399 0.22399 0.22394 0.21901 0.10680 0.00227 ( 1)  0.027
 623 -   0.21670 0.21670 0.21667 0.21338 0.13040 0.00615 ( 1)  0.036
 624 -   0.22984 0.22984 0.22978 0.22313 0.08659 0.00081 ( 1)  0.021
 625 -   0.22510 0.22510 0.22505 0.21982 0.10304 0.00189 ( 1)  0.026
 626 -   0.22610 0.22610 0.22604 0.22054 0.09962 0.00161 ( 1)  0.025
 627 -   0.22773 0.22773 0.22768 0.22169 0.09397 0.00120 ( 1)  0.023
 628 -   0.22899 0.22899 0.22893 0.22255 0.08957 0.00097 ( 1)  0.022
 629 -   0.22631 0.22631 0.22625 0.22068 0.09890 0.00156 ( 1)  0.025
 630 -   0.22604 0.22604 0.22599 0.22050 0.09981 0.00162 ( 1)  0.025
 631 -   0.22314 0.22314 0.22309 0.21838 0.10967 0.00258 ( 1)  0.028
 632 -   0.00000 0.00000 0.00059 0.06139 0.88159 0.05643 ( 5)  0.251
 633 -   0.22584 0.22584 0.22579 0.22035 0.10051 0.00167 ( 1)  0.025
 634 -   0.22302 0.22302 0.22297 0.21829 0.11007 0.00263 ( 1)  0.028
 635 -   0.22733 0.22733 0.22727 0.22141 0.09538 0.00130 ( 1)  0.024
 636 -   0.22745 0.22745 0.22739 0.22149 0.09494 0.00128 ( 1)  0.024
 637 -   0.22772 0.22772 0.22767 0.22169 0.09401 0.00120 ( 1)  0.023
 638 -   0.23075 0.23075 0.23068 0.22372 0.08342 0.00069 ( 1)  0.021
 639 -   0.22899 0.22899 0.22893 0.22255 0.08957 0.00097 ( 1)  0.022
 640 -   0.22612 0.22612 0.22607 0.22056 0.09953 0.00160 ( 1)  0.025
 641 -   0.22588 0.22588 0.22582 0.22038 0.10038 0.00166 ( 1)  0.025
 642 -   0.22018 0.22018 0.22014 0.21613 0.11946 0.00392 ( 1)  0.032
 643 -   0.22889 0.22889 0.22883 0.22248 0.08994 0.00097 ( 1)  0.022
 644 -   0.22672 0.22672 0.22666 0.22098 0.09748 0.00144 ( 1)  0.024
 645 -   0.22504 0.22504 0.22499 0.21977 0.10325 0.00192 ( 1)  0.026
 646 -   0.23048 0.23048 0.23042 0.22354 0.08435 0.00072 ( 1)  0.021
 647 -   0.22384 0.22384 0.22379 0.21889 0.10729 0.00234 ( 1)  0.027
 648 -   0.22893 0.22893 0.22887 0.22251 0.08979 0.00097 ( 1)  0.022
 649 -   0.22504 0.22504 0.22499 0.21977 0.10325 0.00192 ( 1)  0.026
 650 -   0.22822 0.22822 0.22816 0.22203 0.09226 0.00110 ( 1)  0.023
 651 -   0.23720 0.23720 0.23711 0.22758 0.06077 0.00015 ( 1)  0.015
 652 -   0.22904 0.22904 0.22898 0.22258 0.08941 0.00096 ( 1)  0.022
 653 -   0.23172 0.23172 0.23165 0.22433 0.08000 0.00059 ( 1)  0.020
 654 -   0.22726 0.22726 0.22721 0.22136 0.09559 0.00131 ( 1)  0.024
 655 -   0.22812 0.22812 0.22806 0.22196 0.09263 0.00112 ( 1)  0.023
 656 -   0.22205 0.22205 0.22201 0.21757 0.11333 0.00299 ( 1)  0.029
 657 -   0.22972 0.22972 0.22966 0.22305 0.08703 0.00083 ( 1)  0.021
 658 -   0.00000 0.00000 0.00061 0.06363 0.88560 0.05017 ( 5)  0.245
 659 -   0.22983 0.22983 0.22977 0.22312 0.08665 0.00081 ( 1)  0.021
 660 -   0.22950 0.22950 0.22944 0.22289 0.08778 0.00088 ( 1)  0.022
 661 -   0.22781 0.22781 0.22775 0.22175 0.09370 0.00118 ( 1)  0.023
 662 -   0.23223 0.23223 0.23216 0.22468 0.07821 0.00050 ( 1)  0.019
 663 -   0.22699 0.22699 0.22694 0.22117 0.09653 0.00137 ( 1)  0.024
 664 -   0.22204 0.22204 0.22200 0.21756 0.11337 0.00299 ( 1)  0.029
 665 -   0.00000 0.00000 0.00000 0.00190 0.82663 0.17146 ( 5)  0.353
 666 -   0.22062 0.22062 0.22059 0.21647 0.11798 0.00371 ( 1)  0.031
 667 -   0.22935 0.22935 0.22929 0.22280 0.08831 0.00090 ( 1)  0.022
 668 -   0.22932 0.22932 0.22926 0.22277 0.08843 0.00091 ( 1)  0.022
 669 -   0.22938 0.22938 0.22932 0.22282 0.08822 0.00089 ( 1)  0.022
 670 -   0.22948 0.22948 0.22942 0.22288 0.08786 0.00087 ( 1)  0.022
 671 -   0.22999 0.22999 0.22993 0.22323 0.08607 0.00078 ( 1)  0.021
 672 -   0.00000 0.00000 0.00000 0.00177 0.80123 0.19701 ( 5)  0.373
 673 -   0.23194 0.23194 0.23187 0.22449 0.07924 0.00053 ( 1)  0.019
 674 -   0.23100 0.23100 0.23093 0.22389 0.08254 0.00064 ( 1)  0.020
 675 -   0.22985 0.22985 0.22978 0.22313 0.08659 0.00080 ( 1)  0.021
 676 -   0.23154 0.23154 0.23147 0.22423 0.08064 0.00058 ( 1)  0.020
 677 -   0.22726 0.22726 0.22721 0.22136 0.09559 0.00131 ( 1)  0.024
 678 -   0.00000 0.00000 0.00059 0.06179 0.88216 0.05546 ( 5)  0.250
 679 -   0.22847 0.22847 0.22842 0.22220 0.09138 0.00106 ( 1)  0.023
 680 -   0.00000 0.00000 0.00065 0.06786 0.89018 0.04131 ( 5)  0.238
 681 -   0.22197 0.22197 0.22193 0.21750 0.11358 0.00305 ( 1)  0.030
 682 -   0.22179 0.22179 0.22175 0.21736 0.11415 0.00314 ( 1)  0.030
 683 -   0.22941 0.22941 0.22935 0.22284 0.08811 0.00088 ( 1)  0.022
 684 -   0.00000 0.00000 0.00063 0.06517 0.88769 0.04651 ( 5)  0.242
 685 -   0.00000 0.00000 0.00073 0.07604 0.89520 0.02803 ( 5)  0.226
 686 -   0.00000 0.00000 0.00000 0.00180 0.80750 0.19070 ( 5)  0.368
 687 -   0.22204 0.22204 0.22200 0.21756 0.11337 0.00299 ( 1)  0.029
 688 -   0.22858 0.22858 0.22852 0.22227 0.09101 0.00104 ( 1)  0.023
 689 -   0.22670 0.22670 0.22665 0.22097 0.09754 0.00144 ( 1)  0.024
 690 -   0.22972 0.22972 0.22966 0.22305 0.08703 0.00083 ( 1)  0.021
 691 -   0.23720 0.23720 0.23711 0.22758 0.06077 0.00015 ( 1)  0.015
 692 -   0.22256 0.22256 0.22252 0.21795 0.11164 0.00277 ( 1)  0.029
 693 -   0.22183 0.22183 0.22179 0.21739 0.11403 0.00312 ( 1)  0.030
 694 -   0.22996 0.22996 0.22990 0.22321 0.08619 0.00079 ( 1)  0.021
 695 -   0.22708 0.22708 0.22702 0.22123 0.09624 0.00136 ( 1)  0.024
 696 -   0.23316 0.23316 0.23308 0.22525 0.07495 0.00041 ( 1)  0.018
 697 -   0.21666 0.21666 0.21663 0.21334 0.13048 0.00624 ( 1)  0.036
 698 -   0.22979 0.22979 0.22973 0.22310 0.08678 0.00081 ( 1)  0.021
 699 -   0.22256 0.22256 0.22252 0.21795 0.11164 0.00277 ( 1)  0.029
 700 -   0.21771 0.21771 0.21768 0.21419 0.12729 0.00542 ( 1)  0.035
 701 -   0.22287 0.22287 0.22283 0.21818 0.11059 0.00265 ( 1)  0.028
 702 -   0.22602 0.22602 0.22597 0.22048 0.09987 0.00163 ( 1)  0.025
 703 -   0.22926 0.22926 0.22920 0.22273 0.08863 0.00091 ( 1)  0.022
 704 -   0.22205 0.22205 0.22200 0.21756 0.11335 0.00299 ( 1)  0.029
 705 -   0.00000 0.00000 0.00074 0.07655 0.89538 0.02733 ( 5)  0.225
 706 -   0.22793 0.22793 0.22787 0.22182 0.09330 0.00116 ( 1)  0.023
 707 -   0.23316 0.23316 0.23308 0.22525 0.07495 0.00041 ( 1)  0.018
 708 -   0.22979 0.22979 0.22973 0.22310 0.08678 0.00081 ( 1)  0.021
 709 -   0.23090 0.23090 0.23083 0.22382 0.08290 0.00066 ( 1)  0.020
 710 -   0.22992 0.22992 0.22986 0.22318 0.08633 0.00079 ( 1)  0.021
 711 -   0.22256 0.22256 0.22252 0.21795 0.11164 0.00277 ( 1)  0.029
 712 -   0.22934 0.22934 0.22928 0.22279 0.08836 0.00090 ( 1)  0.022
 713 -   0.00000 0.00000 0.00065 0.06715 0.88966 0.04254 ( 5)  0.239
 714 -   0.22669 0.22669 0.22664 0.22096 0.09758 0.00144 ( 1)  0.024
 715 -   0.22905 0.22905 0.22899 0.22259 0.08938 0.00095 ( 1)  0.022
 716 -   0.22892 0.22892 0.22886 0.22250 0.08982 0.00098 ( 1)  0.022
 717 -   0.22906 0.22906 0.22900 0.22260 0.08934 0.00095 ( 1)  0.022
 718 -   0.00000 0.00000 0.00058 0.06004 0.87954 0.05984 ( 5)  0.254
 719 -   0.00000 0.00000 0.00068 0.07035 0.89274 0.03623 ( 5)  0.233
 720 -   0.00000 0.00000 0.00000 0.00000 0.05778 0.94222 ( 6)  0.955
 721 -   0.22915 0.22915 0.22909 0.22266 0.08902 0.00093 ( 1)  0.022
 722 -   0.22972 0.22972 0.22966 0.22305 0.08703 0.00083 ( 1)  0.021
 723 -   0.23202 0.23202 0.23194 0.22454 0.07896 0.00052 ( 1)  0.019
 724 -   0.22677 0.22677 0.22672 0.22102 0.09730 0.00143 ( 1)  0.024
 725 -   0.22955 0.22955 0.22948 0.22293 0.08763 0.00087 ( 1)  0.022
 726 -   0.23136 0.23136 0.23129 0.22412 0.08128 0.00060 ( 1)  0.020
 727 -   0.23197 0.23197 0.23190 0.22451 0.07912 0.00052 ( 1)  0.019
 728 -   0.22899 0.22899 0.22893 0.22255 0.08959 0.00096 ( 1)  0.022
 729 -   0.22938 0.22938 0.22931 0.22281 0.08823 0.00089 ( 1)  0.022
 730 -   0.22041 0.22041 0.22037 0.21631 0.11869 0.00380 ( 1)  0.031
 731 -   0.22899 0.22899 0.22893 0.22255 0.08959 0.00096 ( 1)  0.022
 732 -   0.22711 0.22711 0.22705 0.22125 0.09613 0.00135 ( 1)  0.024
 733 -   0.22967 0.22967 0.22961 0.22301 0.08720 0.00084 ( 1)  0.022
 734 -   0.22710 0.22710 0.22704 0.22125 0.09616 0.00135 ( 1)  0.024
 735 -   0.22149 0.22149 0.22145 0.21713 0.11515 0.00330 ( 1)  0.030
 736 -   0.22818 0.22818 0.22812 0.22200 0.09240 0.00111 ( 1)  0.023
 737 -   0.22287 0.22287 0.22283 0.21818 0.11059 0.00265 ( 1)  0.028
 738 -   0.22835 0.22835 0.22829 0.22211 0.09182 0.00108 ( 1)  0.023
 739 -   0.22638 0.22638 0.22633 0.22074 0.09864 0.00152 ( 1)  0.025
 740 -   0.23008 0.23008 0.23002 0.22329 0.08576 0.00077 ( 1)  0.021
 741 -   0.00000 0.00000 0.00000 0.00002 0.29368 0.70630 ( 6)  0.771
 742 -   0.22792 0.22792 0.22786 0.22182 0.09331 0.00116 ( 1)  0.023
 743 -   0.22883 0.22883 0.22877 0.22244 0.09013 0.00099 ( 1)  0.022
 744 -   0.22668 0.22668 0.22662 0.22095 0.09763 0.00144 ( 1)  0.024
 745 -   0.00000 0.00000 0.00071 0.07358 0.89411 0.03160 ( 5)  0.229
 746 -   0.22981 0.22981 0.22975 0.22311 0.08671 0.00081 ( 1)  0.021
 747 -   0.00000 0.00000 0.00064 0.06624 0.88881 0.04432 ( 5)  0.240
 748 -   0.23008 0.23008 0.23002 0.22329 0.08575 0.00077 ( 1)  0.021
 749 -   0.22204 0.22204 0.22200 0.21756 0.11337 0.00299 ( 1)  0.029
 750 -   0.22201 0.22201 0.22197 0.21753 0.11344 0.00303 ( 1)  0.029
 751 -   0.22906 0.22906 0.22899 0.22260 0.08935 0.00095 ( 1)  0.022
 752 -   0.22966 0.22966 0.22959 0.22300 0.08725 0.00085 ( 1)  0.022
 753 -   0.22204 0.22204 0.22200 0.21756 0.11337 0.00299 ( 1)  0.029
 754 -   0.22886 0.22886 0.22880 0.22247 0.09003 0.00098 ( 1)  0.022
 755 -   0.21771 0.21771 0.21768 0.21419 0.12729 0.00542 ( 1)  0.035
 756 -   0.22726 0.22726 0.22721 0.22136 0.09559 0.00131 ( 1)  0.024
 757 -   0.23180 0.23180 0.23173 0.22440 0.07974 0.00055 ( 1)  0.020
 758 -   0.22746 0.22746 0.22741 0.22150 0.09490 0.00126 ( 1)  0.024
 759 -   0.23175 0.23175 0.23168 0.22437 0.07988 0.00055 ( 1)  0.020
 760 -   0.22600 0.22600 0.22594 0.22046 0.09997 0.00163 ( 1)  0.025
 761 -   0.22883 0.22882 0.22876 0.22244 0.09016 0.00098 ( 1)  0.022
 762 -   0.23102 0.23102 0.23095 0.22390 0.08247 0.00065 ( 1)  0.020
 763 -   0.23008 0.23008 0.23002 0.22329 0.08576 0.00077 ( 1)  0.021
 764 -   0.22797 0.22797 0.22791 0.22186 0.09314 0.00115 ( 1)  0.023
 765 -   0.00000 0.00000 0.00000 0.00229 0.87877 0.11894 ( 5)  0.312
 766 -   0.22880 0.22880 0.22874 0.22243 0.09024 0.00099 ( 1)  0.022
 767 -   0.23100 0.23100 0.23093 0.22389 0.08254 0.00064 ( 1)  0.020
 768 -   0.22708 0.22708 0.22702 0.22123 0.09624 0.00136 ( 1)  0.024
 769 -   0.22883 0.22882 0.22876 0.22244 0.09016 0.00098 ( 1)  0.022
 770 -   0.22708 0.22708 0.22702 0.22123 0.09624 0.00136 ( 1)  0.024
 771 -   0.21771 0.21771 0.21768 0.21419 0.12729 0.00542 ( 1)  0.035
 772 -   0.22816 0.22816 0.22810 0.22198 0.09248 0.00112 ( 1)  0.023
 773 -   0.22654 0.22654 0.22648 0.22085 0.09811 0.00148 ( 1)  0.025
 774 -   0.22256 0.22256 0.22252 0.21795 0.11164 0.00277 ( 1)  0.029
 775 -   0.22922 0.22922 0.22915 0.22270 0.08879 0.00092 ( 1)  0.022
 776 -   0.22979 0.22979 0.22973 0.22310 0.08678 0.00081 ( 1)  0.021
 777 -   0.23198 0.23198 0.23191 0.22452 0.07907 0.00053 ( 1)  0.019
 778 -   0.22979 0.22979 0.22973 0.22310 0.08678 0.00081 ( 1)  0.021
 779 -   0.22890 0.22890 0.22884 0.22249 0.08989 0.00097 ( 1)  0.022
 780 -   0.22726 0.22726 0.22721 0.22136 0.09559 0.00131 ( 1)  0.024
 781 -   0.22671 0.22671 0.22666 0.22098 0.09750 0.00143 ( 1)  0.024
 782 -   0.22917 0.22917 0.22910 0.22267 0.08896 0.00093 ( 1)  0.022
 783 -   0.22875 0.22875 0.22869 0.22239 0.09042 0.00100 ( 1)  0.022
 784 -   0.22653 0.22653 0.22648 0.22085 0.09812 0.00148 ( 1)  0.025
 785 -   0.22581 0.22581 0.22576 0.22033 0.10060 0.00169 ( 1)  0.025
 786 -   0.22271 0.22271 0.22267 0.21806 0.11111 0.00274 ( 1)  0.029
 787 -   0.22657 0.22657 0.22652 0.22088 0.09799 0.00147 ( 1)  0.025
 788 -   0.23008 0.23008 0.23002 0.22329 0.08576 0.00077 ( 1)  0.021
 789 -   0.22883 0.22882 0.22876 0.22244 0.09016 0.00098 ( 1)  0.022
 790 -   0.22559 0.22559 0.22554 0.22018 0.10136 0.00174 ( 1)  0.026
 791 -   0.22837 0.22837 0.22831 0.22213 0.09174 0.00107 ( 1)  0.023
 792 -   0.22990 0.22990 0.22983 0.22317 0.08641 0.00079 ( 1)  0.021
 793 -   0.00000 0.00000 0.00057 0.05964 0.87906 0.06072 ( 5)  0.255
 794 -   0.22749 0.22749 0.22744 0.22153 0.09480 0.00125 ( 1)  0.024
 795 -   0.22878 0.22878 0.22872 0.22241 0.09030 0.00100 ( 1)  0.022
 796 -   0.22256 0.22256 0.22252 0.21795 0.11164 0.00277 ( 1)  0.029
 797 -   0.22702 0.22702 0.22697 0.22119 0.09643 0.00137 ( 1)  0.024
 798 -   0.23169 0.23169 0.23162 0.22433 0.08009 0.00056 ( 1)  0.020
 799 -   0.22979 0.22979 0.22973 0.22310 0.08678 0.00081 ( 1)  0.021
 800 -   0.22961 0.22961 0.22955 0.22297 0.08739 0.00086 ( 1)  0.022
 801 -   0.22788 0.22788 0.22782 0.22179 0.09346 0.00117 ( 1)  0.023
 802 -   0.22981 0.22981 0.22975 0.22311 0.08670 0.00081 ( 1)  0.021
 803 -   0.22841 0.22841 0.22835 0.22216 0.09159 0.00107 ( 1)  0.023
 804 -   0.23720 0.23720 0.23711 0.22758 0.06077 0.00015 ( 1)  0.015
 805 -   0.22802 0.22802 0.22796 0.22189 0.09296 0.00114 ( 1)  0.023
 806 -   0.22936 0.22936 0.22930 0.22280 0.08828 0.00089 ( 1)  0.022
 807 -   0.22807 0.22807 0.22801 0.22193 0.09278 0.00113 ( 1)  0.023
 808 -   0.22724 0.22724 0.22719 0.22132 0.09561 0.00139 ( 1)  0.024
 809 -   0.21783 0.21783 0.21780 0.21429 0.12691 0.00534 ( 1)  0.035
 810 -   0.22822 0.22822 0.22816 0.22202 0.09228 0.00111 ( 1)  0.023
 811 -   0.23114 0.23114 0.23107 0.22397 0.08206 0.00063 ( 1)  0.020
 812 -   0.22809 0.22809 0.22803 0.22194 0.09272 0.00113 ( 1)  0.023
 813 -   0.00000 0.00000 0.00060 0.06296 0.88458 0.05186 ( 5)  0.247
 814 -   0.22853 0.22853 0.22847 0.22224 0.09118 0.00104 ( 1)  0.023
 815 -   0.22846 0.22846 0.22840 0.22219 0.09144 0.00105 ( 1)  0.023
 816 -   0.22676 0.22676 0.22670 0.22101 0.09736 0.00142 ( 1)  0.024
 817 -   0.23470 0.23470 0.23462 0.22615 0.06952 0.00031 ( 1)  0.017
 818 -   0.22936 0.22936 0.22930 0.22280 0.08828 0.00089 ( 1)  0.022
 819 -   0.22928 0.22928 0.22922 0.22275 0.08856 0.00091 ( 1)  0.022
 820 -   0.22899 0.22899 0.22893 0.22255 0.08959 0.00096 ( 1)  0.022
 821 -   0.22218 0.22218 0.22214 0.21766 0.11290 0.00294 ( 1)  0.029
 822 -   0.23302 0.23302 0.23294 0.22516 0.07543 0.00042 ( 1)  0.019
 823 -   0.22911 0.22911 0.22905 0.22263 0.08917 0.00093 ( 1)  0.022
 824 -   0.23100 0.23100 0.23093 0.22389 0.08254 0.00064 ( 1)  0.020
 825 -   0.22708 0.22708 0.22702 0.22123 0.09624 0.00136 ( 1)  0.024
 826 -   0.22714 0.22714 0.22709 0.22128 0.09602 0.00134 ( 1)  0.024
 827 -   0.23192 0.23192 0.23185 0.22448 0.07929 0.00053 ( 1)  0.019
 828 -   0.22598 0.22598 0.22592 0.22045 0.10003 0.00164 ( 1)  0.025
 829 -   0.22196 0.22196 0.22191 0.21749 0.11362 0.00307 ( 1)  0.030
 830 -   0.00000 0.00000 0.00063 0.06510 0.88750 0.04678 ( 5)  0.243
 831 -   0.22931 0.22931 0.22924 0.22277 0.08848 0.00090 ( 1)  0.022
 832 -   0.22920 0.22920 0.22914 0.22269 0.08884 0.00092 ( 1)  0.022
 833 -   0.00000 0.00000 0.00065 0.06802 0.89036 0.04096 ( 5)  0.237
 834 -   0.22979 0.22979 0.22973 0.22310 0.08678 0.00081 ( 1)  0.021
 835 -   0.23316 0.23316 0.23308 0.22525 0.07495 0.00041 ( 1)  0.018
 836 -   0.22741 0.22741 0.22736 0.22147 0.09507 0.00128 ( 1)  0.024
 837 -   0.22883 0.22883 0.22877 0.22245 0.09014 0.00098 ( 1)  0.022
 838 -   0.22898 0.22898 0.22892 0.22255 0.08961 0.00096 ( 1)  0.022
 839 -   0.22962 0.22962 0.22956 0.22297 0.08737 0.00086 ( 1)  0.022
 840 -   0.22847 0.22847 0.22841 0.22220 0.09140 0.00105 ( 1)  0.023
 841 -   0.22972 0.22972 0.22966 0.22305 0.08703 0.00083 ( 1)  0.021
 842 -   0.22726 0.22726 0.22721 0.22136 0.09559 0.00131 ( 1)  0.024
 843 -   0.22799 0.22799 0.22793 0.22187 0.09307 0.00115 ( 1)  0.023
 844 -   0.00000 0.00000 0.00063 0.06586 0.88838 0.04513 ( 5)  0.241
 845 -   0.22883 0.22882 0.22876 0.22244 0.09016 0.00098 ( 1)  0.022
 846 -   0.23081 0.23081 0.23074 0.22376 0.08320 0.00067 ( 1)  0.020
 847 -   0.00000 0.00000 0.00000 0.00000 0.01356 0.98644 ( 6)  0.989
 848 -   0.23008 0.23008 0.23002 0.22329 0.08576 0.00077 ( 1)  0.021
 849 -   0.00000 0.00000 0.00057 0.05988 0.87923 0.06032 ( 5)  0.254
 850 -   0.00000 0.00000 0.00057 0.05971 0.87900 0.06071 ( 5)  0.255
 851 -   0.00000 0.00000 0.00066 0.06909 0.89184 0.03841 ( 5)  0.235
 852 -   0.21919 0.21919 0.21916 0.21536 0.12262 0.00448 ( 1)  0.033
 853 -   0.22668 0.22668 0.22662 0.22095 0.09763 0.00145 ( 1)  0.024
 854 -   0.22903 0.22903 0.22897 0.22258 0.08945 0.00095 ( 1)  0.022
 855 -   0.00000 0.00000 0.00000 0.00158 0.76384 0.23458 ( 5)  0.403
 856 -   0.22979 0.22979 0.22973 0.22310 0.08678 0.00081 ( 1)  0.021
 857 -   0.22708 0.22708 0.22702 0.22123 0.09624 0.00136 ( 1)  0.024
 858 -   0.22821 0.22821 0.22815 0.22202 0.09231 0.00110 ( 1)  0.023
 859 -   0.23193 0.23193 0.23186 0.22448 0.07927 0.00054 ( 1)  0.019
 860 -   0.22872 0.22872 0.22866 0.22237 0.09052 0.00101 ( 1)  0.022
 861 -   0.22711 0.22711 0.22706 0.22126 0.09611 0.00135 ( 1)  0.024
 862 -   0.22743 0.22743 0.22737 0.22148 0.09503 0.00127 ( 1)  0.024
 863 -   0.23306 0.23306 0.23298 0.22519 0.07529 0.00042 ( 1)  0.018
 864 -   0.21936 0.21936 0.21933 0.21549 0.12207 0.00439 ( 1)  0.033
 865 -   0.23209 0.23209 0.23202 0.22458 0.07870 0.00052 ( 1)  0.019
 866 -   0.22256 0.22256 0.22252 0.21795 0.11164 0.00277 ( 1)  0.029
 867 -   0.22846 0.22846 0.22840 0.22219 0.09144 0.00105 ( 1)  0.023
 868 -   0.22204 0.22204 0.22200 0.21756 0.11337 0.00299 ( 1)  0.029
 869 -   0.22727 0.22727 0.22721 0.22136 0.09558 0.00131 ( 1)  0.024
 870 -   0.23114 0.23114 0.23107 0.22397 0.08206 0.00063 ( 1)  0.020
 871 -   0.22635 0.22635 0.22629 0.22072 0.09877 0.00154 ( 1)  0.025
 872 -   0.22961 0.22961 0.22954 0.22297 0.08742 0.00086 ( 1)  0.022
 873 -   0.22879 0.22879 0.22873 0.22242 0.09027 0.00099 ( 1)  0.022
 874 -   0.22996 0.22996 0.22990 0.22321 0.08618 0.00079 ( 1)  0.021
 875 -   0.22256 0.22256 0.22252 0.21795 0.11164 0.00277 ( 1)  0.029
 876 -   0.22685 0.22685 0.22680 0.22107 0.09701 0.00141 ( 1)  0.024
 877 -   0.22727 0.22727 0.22722 0.22137 0.09556 0.00131 ( 1)  0.024
 878 -   0.22062 0.22062 0.22059 0.21647 0.11798 0.00371 ( 1)  0.031
 879 -   0.22710 0.22710 0.22705 0.22125 0.09615 0.00135 ( 1)  0.024
 880 -   0.23109 0.23109 0.23103 0.22395 0.08221 0.00064 ( 1)  0.020
 881 -   0.23053 0.23053 0.23047 0.22358 0.08417 0.00071 ( 1)  0.021
 882 -   0.22726 0.22726 0.22721 0.22136 0.09559 0.00131 ( 1)  0.024
 883 -   0.22942 0.22942 0.22935 0.22284 0.08808 0.00089 ( 1)  0.022
 884 -   0.22172 0.22172 0.22168 0.21731 0.11440 0.00317 ( 1)  0.030
 885 -   0.22899 0.22899 0.22893 0.22255 0.08959 0.00096 ( 1)  0.022
 886 -   0.22863 0.22863 0.22857 0.22231 0.09085 0.00102 ( 1)  0.023
 887 -   0.22707 0.22707 0.22702 0.22123 0.09626 0.00135 ( 1)  0.024
 888 -   0.23304 0.23304 0.23297 0.22518 0.07535 0.00042 ( 1)  0.019
 889 -   0.21771 0.21771 0.21768 0.21419 0.12729 0.00542 ( 1)  0.035
 890 -   0.22726 0.22726 0.22721 0.22136 0.09559 0.00131 ( 1)  0.024
 891 -   0.23094 0.23094 0.23088 0.22385 0.08274 0.00065 ( 1)  0.020
 892 -   0.22653 0.22653 0.22648 0.22085 0.09812 0.00148 ( 1)  0.025
 893 -   0.22714 0.22714 0.22709 0.22128 0.09602 0.00134 ( 1)  0.024
 894 -   0.23103 0.23103 0.23096 0.22391 0.08244 0.00064 ( 1)  0.020
 895 -   0.22714 0.22714 0.22709 0.22128 0.09602 0.00134 ( 1)  0.024
 896 -   0.21847 0.21847 0.21843 0.21479 0.12492 0.00493 ( 1)  0.034
 897 -   0.23008 0.23008 0.23002 0.22329 0.08576 0.00077 ( 1)  0.021
 898 -   0.22671 0.22671 0.22665 0.22097 0.09752 0.00143 ( 1)  0.024
 899 -   0.22256 0.22256 0.22252 0.21795 0.11164 0.00277 ( 1)  0.029
 900 -   0.22755 0.22755 0.22749 0.22156 0.09462 0.00124 ( 1)  0.024
 901 -   0.22899 0.22899 0.22893 0.22255 0.08959 0.00096 ( 1)  0.022
 902 -   0.22669 0.22669 0.22664 0.22096 0.09758 0.00144 ( 1)  0.024
 903 -   0.22883 0.22882 0.22876 0.22244 0.09016 0.00098 ( 1)  0.022
 904 -   0.23114 0.23114 0.23107 0.22397 0.08206 0.00063 ( 1)  0.020
 905 -   0.22726 0.22726 0.22721 0.22136 0.09560 0.00131 ( 1)  0.024
 906 -   0.22702 0.22702 0.22696 0.22119 0.09645 0.00137 ( 1)  0.024
 907 -   0.22703 0.22703 0.22697 0.22120 0.09640 0.00137 ( 1)  0.024
 908 -   0.21750 0.21750 0.21746 0.21402 0.12795 0.00557 ( 1)  0.035
 909 -   0.22874 0.22874 0.22868 0.22238 0.09046 0.00100 ( 1)  0.022
 910 -   0.21750 0.21750 0.21746 0.21402 0.12795 0.00557 ( 1)  0.035
 911 -   0.23505 0.23505 0.23497 0.22638 0.06829 0.00026 ( 1)  0.017
 912 -   0.22709 0.22709 0.22703 0.22124 0.09619 0.00136 ( 1)  0.024
 913 -   0.22522 0.22522 0.22517 0.21990 0.10263 0.00186 ( 1)  0.026
 914 -   0.22640 0.22640 0.22635 0.22076 0.09857 0.00152 ( 1)  0.025
 915 -   0.21595 0.21595 0.21592 0.21278 0.13268 0.00672 ( 1)  0.037
 916 -   0.23096 0.23096 0.23089 0.22386 0.08268 0.00066 ( 1)  0.020
 917 -   0.22441 0.22441 0.22436 0.21932 0.10539 0.00211 ( 1)  0.027
 918 -   0.23505 0.23505 0.23497 0.22638 0.06829 0.00026 ( 1)  0.017
 919 -   0.23505 0.23505 0.23497 0.22638 0.06829 0.00026 ( 1)  0.017
 920 -   0.22676 0.22676 0.22670 0.22100 0.09734 0.00143 ( 1)  0.024
 921 -   0.21744 0.21744 0.21740 0.21397 0.12810 0.00566 ( 1)  0.035
 922 -   0.22892 0.22892 0.22886 0.22250 0.08982 0.00098 ( 1)  0.022
 923 -   0.22398 0.22398 0.22393 0.21900 0.10685 0.00227 ( 1)  0.027
 924 -   0.23294 0.23294 0.23286 0.22511 0.07572 0.00043 ( 1)  0.019
 925 -   0.22684 0.22684 0.22678 0.22106 0.09706 0.00142 ( 1)  0.024
 926 -   0.21628 0.21628 0.21625 0.21305 0.13167 0.00647 ( 1)  0.037
 927 -   0.22984 0.22984 0.22978 0.22313 0.08659 0.00081 ( 1)  0.021
 928 -   0.22591 0.22591 0.22586 0.22040 0.10027 0.00165 ( 1)  0.025
 929 -   0.22524 0.22524 0.22519 0.21992 0.10257 0.00185 ( 1)  0.026
 930 -   0.22699 0.22699 0.22693 0.22117 0.09654 0.00138 ( 1)  0.024
 931 -   0.22522 0.22522 0.22517 0.21990 0.10263 0.00186 ( 1)  0.026
 932 -   0.22732 0.22732 0.22726 0.22140 0.09540 0.00131 ( 1)  0.024
 933 -   0.22675 0.22675 0.22669 0.22100 0.09737 0.00144 ( 1)  0.024
 934 -   0.21595 0.21595 0.21592 0.21278 0.13268 0.00672 ( 1)  0.037
 935 -   0.22895 0.22895 0.22889 0.22252 0.08972 0.00097 ( 1)  0.022
 936 -   0.22686 0.22686 0.22680 0.22108 0.09700 0.00141 ( 1)  0.024
 937 -   0.22751 0.22751 0.22746 0.22153 0.09472 0.00126 ( 1)  0.024
 938 -   0.22733 0.22733 0.22727 0.22140 0.09536 0.00131 ( 1)  0.024
 939 -   0.22444 0.22444 0.22440 0.21934 0.10528 0.00210 ( 1)  0.027
 940 -   0.22882 0.22882 0.22876 0.22243 0.09017 0.00100 ( 1)  0.022
 941 -   0.22647 0.22647 0.22641 0.22080 0.09835 0.00151 ( 1)  0.025
 942 -   0.22522 0.22522 0.22517 0.21990 0.10263 0.00186 ( 1)  0.026
 943 -   0.22724 0.22724 0.22719 0.22135 0.09565 0.00132 ( 1)  0.024
 944 -   0.22889 0.22889 0.22883 0.22248 0.08994 0.00097 ( 1)  0.022
 945 -   0.22708 0.22708 0.22702 0.22123 0.09623 0.00136 ( 1)  0.024
 946 -   0.22733 0.22733 0.22727 0.22140 0.09536 0.00131 ( 1)  0.024
 947 -   0.22950 0.22950 0.22943 0.22289 0.08780 0.00088 ( 1)  0.022
 948 -   0.00000 0.00000 0.00059 0.06180 0.88215 0.05546 ( 5)  0.250
 949 -   0.22691 0.22691 0.22685 0.22111 0.09682 0.00140 ( 1)  0.024
 950 -   0.21981 0.21981 0.21977 0.21584 0.12061 0.00416 ( 1)  0.032
 951 -   0.22558 0.22558 0.22553 0.22017 0.10139 0.00175 ( 1)  0.026
 952 -   0.23102 0.23102 0.23095 0.22390 0.08247 0.00065 ( 1)  0.020
 953 -   0.21878 0.21878 0.21874 0.21503 0.12390 0.00477 ( 1)  0.033
 954 -   0.22694 0.22694 0.22688 0.22113 0.09672 0.00139 ( 1)  0.024
 955 -   0.22451 0.22451 0.22446 0.21939 0.10506 0.00207 ( 1)  0.027
 956 -   0.00000 0.00000 0.00000 0.00005 0.65227 0.34768 ( 5)  0.491
 957 -   0.22396 0.22396 0.22392 0.21899 0.10690 0.00228 ( 1)  0.027
 958 -   0.22794 0.22794 0.22788 0.22183 0.09326 0.00115 ( 1)  0.023
 959 -   0.00000 0.00000 0.00000 0.00152 0.75019 0.24830 ( 5)  0.413
 960 -   0.22804 0.22804 0.22799 0.22191 0.09288 0.00114 ( 1)  0.023
 961 -   0.00000 0.00000 0.00000 0.00000 0.08935 0.91065 ( 6)  0.930
 962 -   0.22631 0.22631 0.22626 0.22065 0.09879 0.00168 ( 1)  0.025
 963 -   0.22691 0.22691 0.22685 0.22111 0.09682 0.00140 ( 1)  0.024
 964 -   0.22493 0.22493 0.22488 0.21969 0.10363 0.00195 ( 1)  0.026
 965 -   0.22705 0.22705 0.22699 0.22121 0.09634 0.00137 ( 1)  0.024
 966 -   0.22574 0.22574 0.22569 0.22028 0.10086 0.00170 ( 1)  0.025
 967 -   0.21902 0.21902 0.21898 0.21522 0.12314 0.00462 ( 1)  0.033
 968 -   0.22731 0.22731 0.22725 0.22139 0.09544 0.00130 ( 1)  0.024
 969 -   0.22861 0.22861 0.22855 0.22230 0.09090 0.00102 ( 1)  0.023
 970 -   0.23505 0.23505 0.23497 0.22638 0.06829 0.00026 ( 1)  0.017
 971 -   0.23094 0.23094 0.23087 0.22385 0.08274 0.00066 ( 1)  0.020
 972 -   0.22583 0.22583 0.22578 0.22035 0.10054 0.00168 ( 1)  0.025
 973 -   0.22600 0.22600 0.22594 0.22047 0.09997 0.00163 ( 1)  0.025
 974 -   0.22527 0.22527 0.22522 0.21994 0.10247 0.00185 ( 1)  0.026
 975 -   0.21724 0.21724 0.21721 0.21382 0.12871 0.00578 ( 1)  0.036
 976 -   0.22974 0.22974 0.22967 0.22305 0.08697 0.00083 ( 1)  0.021
 977 -   0.22439 0.22439 0.22435 0.21930 0.10544 0.00212 ( 1)  0.027
 978 -   0.22618 0.22618 0.22613 0.22060 0.09933 0.00158 ( 1)  0.025
 979 -   0.22530 0.22530 0.22525 0.21996 0.10235 0.00184 ( 1)  0.026
 980 -   0.22514 0.22514 0.22509 0.21985 0.10289 0.00188 ( 1)  0.026
 981 -   0.22696 0.22696 0.22690 0.22114 0.09666 0.00139 ( 1)  0.024
 982 -   0.21710 0.21710 0.21707 0.21370 0.12918 0.00586 ( 1)  0.036
 983 -   0.22724 0.22724 0.22719 0.22134 0.09565 0.00133 ( 1)  0.024
 984 -   0.22430 0.22430 0.22425 0.21924 0.10576 0.00215 ( 1)  0.027
 985 -   0.22525 0.22525 0.22520 0.21993 0.10253 0.00185 ( 1)  0.026
 986 -   0.21839 0.21839 0.21835 0.21472 0.12514 0.00500 ( 1)  0.034
 987 -   0.23505 0.23505 0.23497 0.22638 0.06829 0.00026 ( 1)  0.017
 988 -   0.22689 0.22689 0.22683 0.22109 0.09689 0.00141 ( 1)  0.024
 989 -   0.22583 0.22583 0.22578 0.22035 0.10055 0.00168 ( 1)  0.025
 990 -   0.22400 0.22400 0.22395 0.21901 0.10678 0.00226 ( 1)  0.027
 991 -   0.22284 0.22284 0.22280 0.21815 0.11065 0.00273 ( 1)  0.029
 992 -   0.22640 0.22640 0.22635 0.22075 0.09858 0.00152 ( 1)  0.025
 993 -   0.23102 0.23102 0.23095 0.22390 0.08247 0.00065 ( 1)  0.020
 994 -   0.22984 0.22984 0.22978 0.22313 0.08659 0.00081 ( 1)  0.021
 995 -   0.23085 0.23085 0.23079 0.22379 0.08305 0.00067 ( 1)  0.020
 996 -   0.22902 0.22902 0.22896 0.22257 0.08948 0.00096 ( 1)  0.022
 997 -   0.22492 0.22492 0.22487 0.21969 0.10365 0.00195 ( 1)  0.026
 998 -   0.22665 0.22665 0.22659 0.22093 0.09774 0.00145 ( 1)  0.024
 999 -   0.22745 0.22745 0.22739 0.22149 0.09494 0.00128 ( 1)  0.024
1000 -   0.22893 0.22893 0.22887 0.22251 0.08979 0.00097 ( 1)  0.022
1001 -   0.23102 0.23102 0.23095 0.22390 0.08247 0.00065 ( 1)  0.020
1002 -   0.22689 0.22689 0.22683 0.22110 0.09689 0.00140 ( 1)  0.024
1003 -   0.22733 0.22733 0.22727 0.22140 0.09536 0.00131 ( 1)  0.024
1004 -   0.22006 0.22006 0.22002 0.21604 0.11982 0.00400 ( 1)  0.032
1005 -   0.22587 0.22587 0.22582 0.22038 0.10039 0.00166 ( 1)  0.025
1006 -   0.22675 0.22675 0.22669 0.22100 0.09737 0.00144 ( 1)  0.024
1007 -   0.21820 0.21820 0.21816 0.21457 0.12573 0.00514 ( 1)  0.034
1008 -   0.22475 0.22475 0.22470 0.21957 0.10423 0.00200 ( 1)  0.026
1009 -   0.00000 0.00000 0.00064 0.06675 0.88902 0.04359 ( 5)  0.240
1010 -   0.21696 0.21696 0.21693 0.21359 0.12958 0.00597 ( 1)  0.036
1011 -   0.22396 0.22396 0.22392 0.21899 0.10690 0.00228 ( 1)  0.027
1012 -   0.22729 0.22729 0.22723 0.22138 0.09549 0.00132 ( 1)  0.024
1013 -   0.22515 0.22515 0.22510 0.21986 0.10286 0.00188 ( 1)  0.026
1014 -   0.23009 0.23009 0.23003 0.22329 0.08571 0.00077 ( 1)  0.021
1015 -   0.22396 0.22396 0.22392 0.21899 0.10690 0.00228 ( 1)  0.027
1016 -   0.21965 0.21965 0.21962 0.21572 0.12113 0.00423 ( 1)  0.032
1017 -   0.22524 0.22524 0.22519 0.21992 0.10256 0.00185 ( 1)  0.026
1018 -   0.21596 0.21596 0.21593 0.21279 0.13264 0.00671 ( 1)  0.037
1019 -   0.22751 0.22751 0.22746 0.22153 0.09472 0.00126 ( 1)  0.024
1020 -   0.22700 0.22700 0.22694 0.22118 0.09650 0.00137 ( 1)  0.024
1021 -   0.22733 0.22733 0.22727 0.22140 0.09536 0.00131 ( 1)  0.024
1022 -   0.22751 0.22751 0.22746 0.22153 0.09472 0.00126 ( 1)  0.024
1023 -   0.22661 0.22661 0.22656 0.22090 0.09783 0.00148 ( 1)  0.024
1024 -   0.22313 0.22313 0.22308 0.21836 0.10968 0.00261 ( 1)  0.028
1025 -   0.00000 0.00000 0.00062 0.06444 0.88658 0.04836 ( 5)  0.244
1026 -   0.23102 0.23102 0.23095 0.22390 0.08247 0.00065 ( 1)  0.020
1027 -   0.22396 0.22396 0.22392 0.21899 0.10690 0.00228 ( 1)  0.027
1028 -   0.22596 0.22596 0.22591 0.22044 0.10008 0.00164 ( 1)  0.025
1029 -   0.22508 0.22508 0.22503 0.21980 0.10311 0.00191 ( 1)  0.026
1030 -   0.22695 0.22695 0.22689 0.22114 0.09668 0.00139 ( 1)  0.024
1031 -   0.22639 0.22639 0.22634 0.22075 0.09862 0.00152 ( 1)  0.025
1032 -   0.22717 0.22717 0.22712 0.22129 0.09590 0.00134 ( 1)  0.024
1033 -   0.00000 0.00000 0.00057 0.05964 0.87870 0.06109 ( 5)  0.255
1034 -   0.00000 0.00000 0.00054 0.05602 0.87058 0.07287 ( 5)  0.265
1035 -   0.00000 0.00000 0.00000 0.00002 0.34038 0.65960 ( 6)  0.734
1036 -   0.00000 0.00000 0.00000 0.00000 0.01051 0.98949 ( 6)  0.992
1037 -   0.00000 0.00000 0.00051 0.05365 0.86325 0.08259 ( 5)  0.273
1038 -   0.00000 0.00000 0.00000 0.00000 0.03924 0.96076 ( 6)  0.969
1039 -   0.00000 0.00000 0.00000 0.00161 0.77226 0.22613 ( 5)  0.396
1040 -   0.22567 0.22567 0.22562 0.22018 0.10097 0.00189 ( 1)  0.026
1041 -   0.21951 0.21951 0.21947 0.21560 0.12156 0.00436 ( 1)  0.033
1042 -   0.22480 0.22480 0.22475 0.21960 0.10407 0.00198 ( 1)  0.026
1043 -   0.22592 0.22592 0.22587 0.22041 0.10023 0.00165 ( 1)  0.025
1044 -   0.22594 0.22594 0.22589 0.22042 0.10017 0.00165 ( 1)  0.025
1045 -   0.22726 0.22726 0.22721 0.22136 0.09559 0.00132 ( 1)  0.024
1046 -   0.22705 0.22705 0.22699 0.22121 0.09633 0.00136 ( 1)  0.024
1047 -   0.22639 0.22639 0.22634 0.22075 0.09862 0.00152 ( 1)  0.025
1048 -   0.22587 0.22587 0.22582 0.22038 0.10039 0.00166 ( 1)  0.025
1049 -   0.00000 0.00000 0.00000 0.00136 0.70968 0.28896 ( 5)  0.445
1050 -   0.00000 0.00000 0.00000 0.00129 0.69243 0.30628 ( 5)  0.459
1051 -   0.00000 0.00000 0.00000 0.00003 0.41925 0.58072 ( 6)  0.673
1052 -   0.00000 0.00000 0.00000 0.00000 0.00095 0.99905 ( 6)  0.999
1053 -   0.00000 0.00000 0.00000 0.00143 0.72836 0.27020 ( 5)  0.430
1054 -   0.22665 0.22665 0.22659 0.22093 0.09774 0.00145 ( 1)  0.024
1055 -   0.23089 0.23089 0.23082 0.22381 0.08291 0.00067 ( 1)  0.020
1056 -   0.22587 0.22587 0.22581 0.22037 0.10041 0.00167 ( 1)  0.025
1057 -   0.21608 0.21608 0.21605 0.21289 0.13226 0.00663 ( 1)  0.037
1058 -   0.22590 0.22590 0.22585 0.22040 0.10030 0.00166 ( 1)  0.025
1059 -   0.00000 0.00000 0.00056 0.05829 0.87612 0.06504 ( 5)  0.258
1060 -   0.00000 0.00000 0.00052 0.05407 0.86484 0.08058 ( 5)  0.271
1061 -   0.00000 0.00000 0.00000 0.00003 0.45166 0.54832 ( 6)  0.648
1062 -   0.00000 0.00000 0.00000 0.00152 0.74947 0.24901 ( 5)  0.414
1063 -   0.00000 0.00000 0.00000 0.00187 0.82021 0.17791 ( 5)  0.358
1064 -   0.00000 0.00000 0.00064 0.06702 0.88978 0.04256 ( 5)  0.239
1065 -   0.00000 0.00000 0.00000 0.00132 0.69832 0.30036 ( 5)  0.454
1066 -   0.22305 0.22305 0.22300 0.21830 0.10996 0.00264 ( 1)  0.028
1067 -   0.22968 0.22968 0.22962 0.22302 0.08716 0.00084 ( 1)  0.022
1068 -   0.22504 0.22504 0.22499 0.21978 0.10324 0.00191 ( 1)  0.026
1069 -   0.22738 0.22738 0.22732 0.22144 0.09518 0.00129 ( 1)  0.024
1070 -   0.22954 0.22954 0.22948 0.22292 0.08765 0.00087 ( 1)  0.022
1071 -   0.22480 0.22480 0.22475 0.21960 0.10404 0.00200 ( 1)  0.026
1072 -   0.22640 0.22640 0.22635 0.22076 0.09858 0.00152 ( 1)  0.025
1073 -   0.22504 0.22504 0.22499 0.21977 0.10325 0.00192 ( 1)  0.026
1074 -   0.22770 0.22770 0.22764 0.22167 0.09409 0.00120 ( 1)  0.023
1075 -   0.22738 0.22738 0.22732 0.22144 0.09518 0.00129 ( 1)  0.024
1076 -   0.22081 0.22081 0.22078 0.21662 0.11737 0.00361 ( 1)  0.031
1077 -   0.22471 0.22471 0.22466 0.21954 0.10436 0.00201 ( 1)  0.026
1078 -   0.22589 0.22589 0.22583 0.22039 0.10034 0.00166 ( 1)  0.025
1079 -   0.22522 0.22522 0.22517 0.21990 0.10263 0.00186 ( 1)  0.026
1080 -   0.22495 0.22495 0.22490 0.21971 0.10353 0.00195 ( 1)  0.026
1081 -   0.22436 0.22436 0.22431 0.21928 0.10557 0.00212 ( 1)  0.027
1082 -   0.22677 0.22677 0.22672 0.22102 0.09729 0.00143 ( 1)  0.024
1083 -   0.22961 0.22961 0.22955 0.22297 0.08742 0.00085 ( 1)  0.022
1084 -   0.22723 0.22723 0.22718 0.22134 0.09569 0.00133 ( 1)  0.024
1085 -   0.22641 0.22641 0.22636 0.22076 0.09854 0.00152 ( 1)  0.025
1086 -   0.22256 0.22256 0.22252 0.21794 0.11160 0.00283 ( 1)  0.029
1087 -   0.00000 0.00000 0.00065 0.06809 0.89077 0.04048 ( 5)  0.237
1088 -   0.00000 0.00000 0.00000 0.00114 0.64943 0.34942 ( 5)  0.492
1089 -   0.22646 0.22646 0.22641 0.22079 0.09836 0.00152 ( 1)  0.025
1090 -   0.00000 0.00000 0.00055 0.05783 0.87510 0.06652 ( 5)  0.259
1091 -   0.00000 0.00000 0.00000 0.00000 0.09819 0.90181 ( 6)  0.923
1092 -   0.00000 0.00000 0.00000 0.00001 0.19696 0.80304 ( 6)  0.846
1093 -   0.00000 0.00000 0.00000 0.00001 0.13693 0.86306 ( 6)  0.893
1094 -   0.00000 0.00000 0.00000 0.00143 0.72872 0.26985 ( 5)  0.430
1095 -   0.00000 0.00000 0.00000 0.00000 0.03261 0.96739 ( 6)  0.975
1096 -   0.00000 0.00000 0.00000 0.00127 0.68490 0.31383 ( 5)  0.465
1097 -   0.00000 0.00000 0.00000 0.00148 0.74006 0.25847 ( 5)  0.421
1098 -   0.22595 0.22595 0.22590 0.22043 0.10013 0.00164 ( 1)  0.025
1099 -   0.00000 0.00000 0.00000 0.00002 0.31742 0.68256 ( 6)  0.752
1100 -   0.22980 0.22980 0.22973 0.22310 0.08675 0.00082 ( 1)  0.021
1101 -   0.22089 0.22089 0.22085 0.21668 0.11713 0.00355 ( 1)  0.031
1102 -   0.22625 0.22625 0.22620 0.22064 0.09909 0.00157 ( 1)  0.025
1103 -   0.00000 0.00000 0.00000 0.00199 0.83366 0.16435 ( 5)  0.348
1104 -   0.22524 0.22524 0.22519 0.21992 0.10256 0.00185 ( 1)  0.026
1105 -   0.22727 0.22727 0.22722 0.22137 0.09556 0.00131 ( 1)  0.024
1106 -   0.22477 0.22477 0.22472 0.21958 0.10416 0.00199 ( 1)  0.026
1107 -   0.22705 0.22705 0.22700 0.22121 0.09632 0.00137 ( 1)  0.024
1108 -   0.22639 0.22639 0.22634 0.22075 0.09862 0.00152 ( 1)  0.025
1109 -   0.00000 0.00000 0.00067 0.06988 0.89199 0.03746 ( 5)  0.234
1110 -   0.22702 0.22702 0.22697 0.22119 0.09643 0.00137 ( 1)  0.024
1111 -   0.00000 0.00000 0.00053 0.05523 0.86773 0.07651 ( 5)  0.268
1112 -   0.23097 0.23097 0.23090 0.22387 0.08263 0.00066 ( 1)  0.020
1113 -   0.22580 0.22580 0.22575 0.22033 0.10064 0.00168 ( 1)  0.025
1114 -   0.22598 0.22598 0.22592 0.22045 0.10002 0.00165 ( 1)  0.025
1115 -   0.22504 0.22504 0.22499 0.21977 0.10324 0.00192 ( 1)  0.026
1116 -   0.00000 0.00000 0.00000 0.00160 0.76771 0.23069 ( 5)  0.400
1117 -   0.22522 0.22522 0.22517 0.21990 0.10263 0.00186 ( 1)  0.026
1118 -   0.00000 0.00000 0.00000 0.00003 0.42937 0.57060 ( 6)  0.665
1119 -   0.22014 0.22014 0.22010 0.21610 0.11960 0.00392 ( 1)  0.032
1120 -   0.22564 0.22564 0.22559 0.22021 0.10120 0.00173 ( 1)  0.025
1121 -   0.00000 0.00000 0.00058 0.06063 0.88056 0.05823 ( 5)  0.252
1122 -   0.00000 0.00000 0.00000 0.00000 0.01262 0.98738 ( 6)  0.990
1123 -   0.00000 0.00000 0.00043 0.04504 0.83595 0.11858 ( 5)  0.303
1124 -   0.00000 0.00000 0.00000 0.00186 0.81963 0.17851 ( 5)  0.359
1125 -   0.00000 0.00000 0.00032 0.03361 0.76818 0.19789 ( 5)  0.367
1126 -   0.00000 0.00000 0.00000 0.00002 0.31844 0.68154 ( 6)  0.752
1127 -   0.00000 0.00000 0.00000 0.00185 0.81589 0.18225 ( 5)  0.362
1128 -   0.00000 0.00000 0.00053 0.05592 0.87019 0.07336 ( 5)  0.265
1129 -   0.00000 0.00000 0.00000 0.00105 0.56173 0.43722 ( 5)  0.561
1130 -   0.00000 0.00000 0.00000 0.00000 0.01269 0.98731 ( 6)  0.990
1131 -   0.00000 0.00000 0.00000 0.00000 0.06022 0.93978 ( 6)  0.953
1132 -   0.22015 0.22015 0.22011 0.21611 0.11957 0.00392 ( 1)  0.032
1133 -   0.00000 0.00000 0.00000 0.00000 0.02344 0.97656 ( 6)  0.982
1134 -   0.00000 0.00000 0.00044 0.04612 0.83424 0.11920 ( 5)  0.303
1135 -   0.00000 0.00000 0.00000 0.00000 0.00382 0.99618 ( 6)  0.997
1136 -   0.00000 0.00000 0.00042 0.04419 0.82422 0.13117 ( 5)  0.313
1137 -   0.00000 0.00000 0.00051 0.05343 0.86304 0.08302 ( 5)  0.273
1138 -   0.22570 0.22570 0.22564 0.22019 0.10086 0.00191 ( 1)  0.026
1139 -   0.00000 0.00000 0.00000 0.00001 0.24970 0.75029 ( 6)  0.805
1140 -   0.00000 0.00000 0.00000 0.00126 0.68360 0.31514 ( 5)  0.466
1141 -   0.00000 0.00000 0.00000 0.00000 0.07581 0.92419 ( 6)  0.941
1142 -   0.00000 0.00000 0.00000 0.00002 0.32403 0.67595 ( 6)  0.747
1143 -   0.00000 0.00000 0.00000 0.00161 0.76979 0.22860 ( 5)  0.398
1144 -   0.22665 0.22665 0.22659 0.22093 0.09774 0.00145 ( 1)  0.024
1145 -   0.00000 0.00000 0.00059 0.06185 0.88258 0.05498 ( 5)  0.250
1146 -   0.00000 0.00000 0.00051 0.05304 0.86198 0.08448 ( 5)  0.275
1147 -   0.00000 0.00000 0.00000 0.00000 0.06201 0.93799 ( 6)  0.952
1148 -   0.00000 0.00000 0.00000 0.00071 0.48687 0.51242 ( 6)  0.620
1149 -   0.22589 0.22589 0.22584 0.22039 0.10032 0.00166 ( 1)  0.025
1150 -   0.22433 0.22433 0.22428 0.21926 0.10569 0.00212 ( 1)  0.027
1151 -   0.22424 0.22424 0.22420 0.21920 0.10596 0.00215 ( 1)  0.027
1152 -   0.00000 0.00000 0.00048 0.05042 0.85271 0.09639 ( 5)  0.284
1153 -   0.00000 0.00000 0.00000 0.00112 0.64287 0.35601 ( 5)  0.497
1154 -   0.22440 0.22440 0.22435 0.21931 0.10544 0.00210 ( 1)  0.027
1155 -   0.22197 0.22197 0.22193 0.21751 0.11359 0.00303 ( 1)  0.029
1156 -   0.00000 0.00000 0.00050 0.05283 0.85961 0.08706 ( 5)  0.277
1157 -   0.22521 0.22521 0.22516 0.21991 0.10267 0.00184 ( 1)  0.026
1158 -   0.22407 0.22407 0.22402 0.21907 0.10655 0.00221 ( 1)  0.027
1159 -   0.22816 0.22816 0.22810 0.22198 0.09248 0.00112 ( 1)  0.023
1160 -   0.22455 0.22455 0.22450 0.21942 0.10493 0.00206 ( 1)  0.027
1161 -   0.22630 0.22630 0.22625 0.22068 0.09893 0.00154 ( 1)  0.025
1162 -   0.22491 0.22491 0.22486 0.21968 0.10371 0.00194 ( 1)  0.026
1163 -   0.00000 0.00000 0.00000 0.00132 0.69949 0.29919 ( 5)  0.453
1164 -   0.00000 0.00000 0.00053 0.05505 0.86791 0.07651 ( 5)  0.268
1165 -   0.22214 0.22214 0.22210 0.21763 0.11303 0.00296 ( 1)  0.029
1166 -   0.00000 0.00000 0.00000 0.00153 0.75310 0.24537 ( 5)  0.411
1167 -   0.00000 0.00000 0.00000 0.00100 0.60061 0.39839 ( 5)  0.531
1168 -   0.22150 0.22150 0.22146 0.21714 0.11515 0.00326 ( 1)  0.030
1169 -   0.00000 0.00000 0.00000 0.00002 0.28894 0.71104 ( 6)  0.775
1170 -   0.00000 0.00000 0.00000 0.00140 0.72323 0.27536 ( 5)  0.435
1171 -   0.00000 0.00000 0.00000 0.00000 0.00609 0.99391 ( 6)  0.995
1172 -   0.00000 0.00000 0.00050 0.05278 0.85886 0.08785 ( 5)  0.277
1173 -   0.00000 0.00000 0.00058 0.06016 0.88002 0.05924 ( 5)  0.253
1174 -   0.22199 0.22199 0.22195 0.21752 0.11353 0.00302 ( 1)  0.029
1175 -   0.00000 0.00000 0.00000 0.00000 0.05107 0.94893 ( 6)  0.960
1176 -   0.00000 0.00000 0.00000 0.00002 0.28896 0.71103 ( 6)  0.775
1177 -   0.00000 0.00000 0.00000 0.00127 0.68665 0.31208 ( 5)  0.463
1178 -   0.00000 0.00000 0.00000 0.00000 0.00119 0.99881 ( 6)  0.999
1179 -   0.00000 0.00000 0.00000 0.00000 0.09251 0.90749 ( 6)  0.928
1180 -   0.22603 0.22603 0.22598 0.22050 0.09986 0.00160 ( 1)  0.025
1181 -   0.00000 0.00000 0.00000 0.00000 0.02244 0.97756 ( 6)  0.982
1182 -   0.00000 0.00000 0.00000 0.00000 0.00014 0.99986 ( 6)  1.000
1183 -   0.22334 0.22334 0.22329 0.21850 0.10894 0.00260 ( 1)  0.028
1184 -   0.00000 0.00000 0.00054 0.05626 0.87172 0.07148 ( 5)  0.264
1185 -   0.22257 0.22257 0.22253 0.21796 0.11159 0.00277 ( 1)  0.029
1186 -   0.00000 0.00000 0.00000 0.00002 0.29419 0.70580 ( 6)  0.771
1187 -   0.00000 0.00000 0.00000 0.00146 0.73537 0.26317 ( 5)  0.425
1188 -   0.00000 0.00000 0.00049 0.05100 0.85516 0.09335 ( 5)  0.282
1189 -   0.00000 0.00000 0.00000 0.00001 0.27633 0.72365 ( 6)  0.784
1190 -   0.00000 0.00000 0.00000 0.00000 0.00478 0.99522 ( 6)  0.996
1191 -   0.22245 0.22245 0.22241 0.21787 0.11199 0.00282 ( 1)  0.029
1192 -   0.00000 0.00000 0.00000 0.00110 0.63223 0.36667 ( 5)  0.506
1193 -   0.00000 0.00000 0.00046 0.04814 0.84373 0.10767 ( 5)  0.294
1194 -   0.22256 0.22256 0.22251 0.21794 0.11164 0.00279 ( 1)  0.029
1195 -   0.22397 0.22397 0.22392 0.21900 0.10690 0.00224 ( 1)  0.027
1196 -   0.21780 0.21780 0.21776 0.21427 0.12706 0.00532 ( 1)  0.035
1197 -   0.22348 0.22348 0.22344 0.21864 0.10854 0.00242 ( 1)  0.028
1198 -   0.00000 0.00000 0.00051 0.05330 0.86290 0.08329 ( 5)  0.274
1199 -   0.22436 0.22436 0.22431 0.21928 0.10557 0.00212 ( 1)  0.027
1200 -   0.22437 0.22437 0.22432 0.21929 0.10553 0.00211 ( 1)  0.027
1201 -   0.22268 0.22268 0.22263 0.21804 0.11123 0.00274 ( 1)  0.029
1202 -   0.22432 0.22432 0.22427 0.21925 0.10571 0.00213 ( 1)  0.027
1203 -   0.22220 0.22220 0.22215 0.21768 0.11284 0.00293 ( 1)  0.029
1204 -   0.22077 0.22077 0.22073 0.21658 0.11753 0.00363 ( 1)  0.031
1205 -   0.22367 0.22367 0.22363 0.21878 0.10789 0.00235 ( 1)  0.028
1206 -   0.22135 0.22135 0.22131 0.21703 0.11561 0.00335 ( 1)  0.030
1207 -   0.22259 0.22259 0.22254 0.21797 0.11154 0.00278 ( 1)  0.029
1208 -   0.22437 0.22437 0.22432 0.21929 0.10553 0.00211 ( 1)  0.027
1209 -   0.22425 0.22425 0.22420 0.21920 0.10593 0.00216 ( 1)  0.027
1210 -   0.22415 0.22415 0.22410 0.21913 0.10628 0.00218 ( 1)  0.027
1211 -   0.22245 0.22245 0.22241 0.21787 0.11198 0.00283 ( 1)  0.029
1212 -   0.22521 0.22521 0.22516 0.21990 0.10269 0.00183 ( 1)  0.026
1213 -   0.00000 0.00000 0.00052 0.05401 0.86514 0.08033 ( 5)  0.271
1214 -   0.00000 0.00000 0.00000 0.00101 0.60261 0.39638 ( 5)  0.529
1215 -   0.00000 0.00000 0.00000 0.00000 0.12791 0.87209 ( 6)  0.900
1216 -   0.00000 0.00000 0.00000 0.00110 0.63539 0.36350 ( 5)  0.503
1217 -   0.00000 0.00000 0.00054 0.05606 0.87128 0.07212 ( 5)  0.264
1218 -   0.00000 0.00000 0.00059 0.06144 0.88216 0.05582 ( 5)  0.250
1219 -   0.22308 0.22308 0.22303 0.21833 0.10991 0.00257 ( 1)  0.028
1220 -   0.00000 0.00000 0.00000 0.00115 0.65226 0.34658 ( 5)  0.490
1221 -   0.00000 0.00000 0.00000 0.00000 0.00105 0.99895 ( 6)  0.999
1222 -   0.00000 0.00000 0.00051 0.05343 0.86343 0.08263 ( 5)  0.273
1223 -   0.00000 0.00000 0.00046 0.04837 0.84432 0.10685 ( 5)  0.293
1224 -   0.00000 0.00000 0.00000 0.00002 0.31407 0.68591 ( 6)  0.755
1225 -   0.00000 0.00000 0.00000 0.00000 0.12696 0.87304 ( 6)  0.901
1226 -   0.00000 0.00000 0.00052 0.05488 0.86736 0.07724 ( 5)  0.268
1227 -   0.00000 0.00000 0.00000 0.00124 0.67722 0.32155 ( 5)  0.471
1228 -   0.00000 0.00000 0.00000 0.00002 0.30732 0.69266 ( 6)  0.760
1229 -   0.00000 0.00000 0.00000 0.00003 0.40954 0.59043 ( 6)  0.681
1230 -   0.00000 0.00000 0.00000 0.00001 0.27447 0.72552 ( 6)  0.786
1231 -   0.00000 0.00000 0.00000 0.00129 0.69292 0.30579 ( 5)  0.458
1232 -   0.22803 0.22803 0.22797 0.22189 0.09294 0.00114 ( 1)  0.023
1233 -   0.22381 0.22381 0.22376 0.21888 0.10744 0.00229 ( 1)  0.027
1234 -   0.22508 0.22508 0.22503 0.21981 0.10313 0.00187 ( 1)  0.026
1235 -   0.22218 0.22218 0.22214 0.21766 0.11291 0.00294 ( 1)  0.029
1236 -   0.22666 0.22666 0.22660 0.22094 0.09769 0.00145 ( 1)  0.024
1237 -   0.22270 0.22270 0.22266 0.21805 0.11115 0.00273 ( 1)  0.029
1238 -   0.22445 0.22445 0.22440 0.21935 0.10526 0.00208 ( 1)  0.027
1239 -   0.22819 0.22819 0.22813 0.22201 0.09239 0.00110 ( 1)  0.023
1240 -   0.22721 0.22721 0.22715 0.22132 0.09580 0.00132 ( 1)  0.024
1241 -   0.22270 0.22270 0.22265 0.21805 0.11118 0.00273 ( 1)  0.029
1242 -   0.00000 0.00000 0.00000 0.00097 0.58729 0.41174 ( 5)  0.541
1243 -   0.22607 0.22607 0.22602 0.22052 0.09971 0.00160 ( 1)  0.025
1244 -   0.22470 0.22470 0.22465 0.21953 0.10442 0.00200 ( 1)  0.026
1245 -   0.22337 0.22337 0.22333 0.21856 0.10890 0.00247 ( 1)  0.028
1246 -   0.22341 0.22341 0.22336 0.21858 0.10878 0.00245 ( 1)  0.028
1247 -   0.00000 0.00000 0.00059 0.06160 0.88248 0.05533 ( 5)  0.250
1248 -   0.22484 0.22484 0.22479 0.21963 0.10393 0.00196 ( 1)  0.026
1249 -   0.22501 0.22501 0.22496 0.21976 0.10335 0.00190 ( 1)  0.026
1250 -   0.22356 0.22356 0.22351 0.21869 0.10828 0.00240 ( 1)  0.028
1251 -   0.22468 0.22468 0.22463 0.21951 0.10450 0.00201 ( 1)  0.026
1252 -   0.00000 0.00000 0.00052 0.05454 0.86641 0.07853 ( 5)  0.270
1253 -   0.00000 0.00000 0.00068 0.07029 0.89252 0.03651 ( 5)  0.233
1254 -   0.22450 0.22450 0.22445 0.21939 0.10509 0.00207 ( 1)  0.027
1255 -   0.21659 0.21659 0.21655 0.21329 0.13077 0.00621 ( 1)  0.036
1256 -   0.21846 0.21846 0.21843 0.21479 0.12496 0.00489 ( 1)  0.034
1257 -   0.22717 0.22717 0.22712 0.22130 0.09592 0.00131 ( 1)  0.024
1258 -   0.22439 0.22439 0.22434 0.21930 0.10546 0.00211 ( 1)  0.027
1259 -   0.22472 0.22472 0.22467 0.21955 0.10436 0.00199 ( 1)  0.026
1260 -   0.22618 0.22618 0.22613 0.22060 0.09933 0.00157 ( 1)  0.025
1261 -   0.22387 0.22387 0.22382 0.21893 0.10723 0.00228 ( 1)  0.027
1262 -   0.22451 0.22451 0.22446 0.21939 0.10506 0.00207 ( 1)  0.027
1263 -   0.22406 0.22406 0.22401 0.21906 0.10660 0.00221 ( 1)  0.027
1264 -   0.00000 0.00000 0.00000 0.00000 0.00893 0.99107 ( 6)  0.993
1265 -   0.00000 0.00000 0.00000 0.00129 0.69230 0.30641 ( 5)  0.459
1266 -   0.00000 0.00000 0.00000 0.00112 0.64143 0.35745 ( 5)  0.499
1267 -   0.00000 0.00000 0.00000 0.00097 0.60908 0.38995 ( 5)  0.524
1268 -   0.00000 0.00000 0.00000 0.00138 0.71706 0.28156 ( 5)  0.439

Positively selected sites

	Prob(w>1)  mean w



lnL = -16355.952559

