

TREE # 1

  0  0.0000  18306.102266  x:  0.03230   0.08261   0.09603   0.09229   0.06700   0.04434   0.01933   0.10973   0.01920   0.06624   0.06149   0.10480   0.04639   0.04937   0.03580   0.06021   0.10783   0.04106   0.09303   0.09883   0.09630   0.10346   0.10349   0.10971   0.10931   0.02493   0.10284   0.08204   0.07680   0.09782   0.10599   0.10751   0.03752   0.06092   0.06910   0.08748   0.03147   0.08008   0.05411   0.05552   0.05029   0.01557   0.02562   0.10151   0.06302   0.09935   0.08487   0.05809   0.10937   0.02093   0.02025   2.00000   0.90000   0.95486   1.17569  
  1 99.0000  17667.862799  x:  0.00758   0.05801   0.08465   0.08157   0.03724   0.03097   0.07766   0.08491   0.03504   0.05612   0.04460   0.15488   0.03151   0.05541   0.02277   0.05043   0.10159   0.06432   0.06916   0.08539   0.07110   0.09864   0.07873   0.09828   0.10468   0.00000   0.11184   0.05067   0.04759   0.08034   0.09858   0.09345   0.04826   0.04532   0.14994   0.08158   0.08545   0.04472   0.02798   0.06253   0.02411   0.10948   0.00750   0.08475   0.05559   0.07995   0.05430   0.03169   0.08697   0.11874   0.08778   2.00959   0.92546   0.92027   1.19263  
  2 5641.3713  17525.967470  x:  0.00000   0.04838   0.07920   0.07745   0.02601   0.02614   0.07762   0.07411   0.03997   0.05126   0.03633   0.16556   0.02757   0.05754   0.02017   0.04720   0.09920   0.06665   0.05971   0.08116   0.06149   0.09662   0.06941   0.09415   0.10352   0.00387   0.11519   0.03790   0.03658   0.07472   0.09596   0.08927   0.05137   0.04035   0.15944   0.08029   0.08597   0.02949   0.01927   0.06397   0.01583   0.10362   0.00660   0.07935   0.05350   0.07361   0.04287   0.02408   0.07859   0.11433   0.08289   2.01362   0.93606   0.90560   1.19952  
  3 3901.9251  17316.095956  x:  0.01824   0.03107   0.06868   0.06979   0.00455   0.01931   0.07835   0.05329   0.04886   0.04246   0.02108   0.18368   0.02177   0.06134   0.01739   0.04183   0.09450   0.07020   0.04185   0.07352   0.04351   0.09257   0.05209   0.08637   0.10098   0.00021   0.12025   0.01266   0.01649   0.06424   0.09115   0.08186   0.05684   0.03142   0.17545   0.07843   0.08778   0.00000   0.00765   0.06594   0.00559   0.09309   0.00905   0.06948   0.04981   0.06214   0.02237   0.01346   0.06348   0.10652   0.07427   2.02164   0.95825   0.87726   1.21304  
  4 20313.9048  17264.703824  x:  0.02449   0.02545   0.06499   0.06750   0.00000   0.01862   0.07985   0.04581   0.05191   0.03985   0.01645   0.18941   0.02072   0.06259   0.01769   0.04025   0.09270   0.07122   0.03577   0.07104   0.03749   0.09098   0.04640   0.08366   0.10003   0.00948   0.12174   0.00410   0.01134   0.06100   0.08931   0.07972   0.05863   0.02869   0.18102   0.07776   0.08890   0.00000   0.00807   0.06625   0.00971   0.09099   0.00956   0.06616   0.04858   0.05870   0.01692   0.01380   0.05824   0.10523   0.07272   2.02479   0.96759   0.86658   1.21826  
  5 9810.4611  17240.399964  x:  0.02376   0.02328   0.06318   0.06673   0.00000   0.01967   0.08080   0.04183   0.05348   0.03917   0.01517   0.19170   0.02100   0.06320   0.01892   0.03978   0.09161   0.07135   0.03306   0.07002   0.03492   0.08994   0.04413   0.08235   0.09945   0.00772   0.12222   0.00000   0.01178   0.05971   0.08839   0.07912   0.05946   0.02775   0.18315   0.07743   0.08888   0.00000   0.01072   0.06598   0.01205   0.08959   0.00861   0.06464   0.04808   0.05756   0.01705   0.01702   0.05558   0.10412   0.07197   2.02682   0.97403   0.85993   1.22154  
  6 4153.5281  17183.953885  x:  0.02526   0.02233   0.05835   0.06728   0.00000   0.02353   0.08539   0.03054   0.05771   0.04127   0.01574   0.19558   0.02132   0.06474   0.02253   0.03893   0.08827   0.07053   0.02873   0.06844   0.03085   0.08589   0.04164   0.07887   0.09735   0.00882   0.12310   0.00000   0.01964   0.05809   0.08555   0.07962   0.06140   0.02707   0.18722   0.07708   0.08831   0.00000   0.00782   0.06341   0.00907   0.08674   0.01002   0.06158   0.04750   0.05594   0.02200   0.01559   0.04943   0.10174   0.07166   2.03464   0.99999   0.83475   1.23383  
  7 3748.6410  17083.330369  x:  0.02662   0.02733   0.04767   0.07075   0.00000   0.02099   0.09530   0.00000   0.06791   0.05594   0.01724   0.20188   0.01202   0.06869   0.02249   0.03693   0.07994   0.06759   0.02710   0.06654   0.02743   0.07171   0.04448   0.07077   0.09117   0.00506   0.12353   0.00000   0.01465   0.05547   0.07786   0.08243   0.06605   0.02590   0.19451   0.07616   0.08534   0.00000   0.01044   0.05686   0.01336   0.07967   0.00794   0.05646   0.04657   0.05500   0.02050   0.00276   0.03869   0.09535   0.07196   2.06162   0.99999   0.74505   1.27524  
  8 4789.9281  16975.454826  x:  0.02918   0.03376   0.03638   0.07501   0.00000   0.01531   0.10605   0.00000   0.07927   0.07453   0.01904   0.20890   0.00000   0.07317   0.02100   0.03459   0.07102   0.06459   0.02703   0.06475   0.02462   0.05498   0.04914   0.06209   0.08435   0.00306   0.12407   0.00000   0.00568   0.05296   0.06942   0.08566   0.07130   0.02446   0.20281   0.07518   0.08226   0.00000   0.00654   0.05004   0.01108   0.07230   0.00739   0.05141   0.04573   0.05410   0.01642   0.00598   0.02828   0.08877   0.07255   2.09346   0.99999   0.63829   1.32394  
  9 33808.3877  16975.454826  x:  0.02918   0.03376   0.03638   0.07501   0.00000   0.01531   0.10605   0.00000   0.07927   0.07453   0.01904   0.20890   0.00000   0.07317   0.02100   0.03459   0.07102   0.06459   0.02703   0.06475   0.02462   0.05498   0.04914   0.06209   0.08435   0.00306   0.12407   0.00000   0.00568   0.05296   0.06942   0.08566   0.07130   0.02446   0.20281   0.07518   0.08226   0.00000   0.00654   0.05004   0.01108   0.07230   0.00739   0.05141   0.04573   0.05410   0.01642   0.00598   0.02828   0.08877   0.07255   2.09346   0.99999   0.63829   1.32394  
 10 11954.6510  16934.687142  x:  0.01602   0.02512   0.03917   0.07201   0.00000   0.01861   0.10138   0.00000   0.08053   0.06967   0.01569   0.21258   0.01085   0.07394   0.03352   0.03548   0.07284   0.06636   0.02336   0.06352   0.01940   0.05331   0.04456   0.06392   0.08616   0.01961   0.12539   0.00000   0.02086   0.05255   0.07131   0.08325   0.07229   0.02162   0.20455   0.07437   0.08108   0.00000   0.01316   0.05536   0.01043   0.06749   0.00762   0.05153   0.04514   0.05204   0.01617   0.03997   0.03277   0.08416   0.06744   2.09745   0.99999   0.62111   1.32961  
 11 2663.9591  16894.042869  x:  0.00000   0.01579   0.04243   0.06756   0.00000   0.01984   0.09486   0.00000   0.08232   0.06339   0.00916   0.21762   0.01163   0.07505   0.03605   0.03640   0.07528   0.06878   0.02005   0.06228   0.01404   0.05089   0.04025   0.06585   0.08803   0.01502   0.12676   0.00000   0.01704   0.05065   0.07372   0.08022   0.07380   0.01803   0.20700   0.07384   0.07981   0.00000   0.01178   0.06053   0.00979   0.06151   0.00781   0.05178   0.04458   0.04918   0.01298   0.04014   0.03639   0.07807   0.06094   2.10336   0.99999   0.59519   1.33785  
 12 1781.6663  16856.464797  x:  0.00421   0.00325   0.04744   0.06072   0.00000   0.02169   0.08451   0.00000   0.08526   0.05355   0.00000   0.22571   0.01300   0.07684   0.04028   0.03771   0.07901   0.07253   0.01532   0.06038   0.00618   0.04694   0.03413   0.06877   0.09090   0.00883   0.12891   0.00000   0.01197   0.04774   0.07741   0.07560   0.07623   0.01256   0.21083   0.07326   0.07819   0.00000   0.01124   0.06838   0.00912   0.05213   0.00859   0.05212   0.04367   0.04470   0.00958   0.04117   0.04216   0.06854   0.05062   2.11305   0.99999   0.55257   1.35135  
 13 5509.9776  16803.160023  x:  0.00539   0.01177   0.05367   0.05253   0.00000   0.02334   0.07144   0.00000   0.08948   0.04202   0.00569   0.23689   0.01463   0.07931   0.04590   0.03875   0.08344   0.07716   0.01221   0.05826   0.00000   0.04140   0.03064   0.07197   0.09428   0.00381   0.13164   0.00000   0.00774   0.04454   0.08165   0.07064   0.07960   0.00686   0.21579   0.07348   0.07613   0.00000   0.01178   0.07717   0.00923   0.04105   0.00922   0.05231   0.04255   0.03969   0.01064   0.04087   0.04823   0.05664   0.03824   2.12697   0.99999   0.49081   1.37058  
 14 6069.0125  16687.266870  x:  0.00552   0.01242   0.06469   0.03506   0.00000   0.02439   0.04109   0.00000   0.10169   0.02361   0.00342   0.26745   0.00655   0.08635   0.04949   0.03816   0.09245   0.08762   0.02113   0.05519   0.01118   0.02517   0.05077   0.07716   0.10096   0.02563   0.13807   0.00000   0.01499   0.04053   0.08968   0.06550   0.08945   0.00470   0.22907   0.07298   0.07111   0.00000   0.01135   0.09286   0.01082   0.02485   0.00818   0.05145   0.04048   0.03253   0.02080   0.02248   0.05640   0.03319   0.02015   2.16981   0.99999   0.29694   1.42850  
 15 6974.9931  16606.659661  x:  0.00582   0.01156   0.06908   0.02929   0.00000   0.02468   0.03471   0.00000   0.10949   0.03146   0.00579   0.28590   0.00270   0.09070   0.05375   0.03675   0.09549   0.09101   0.01783   0.05309   0.00602   0.01544   0.05130   0.07806   0.10281   0.02610   0.14034   0.00000   0.01475   0.03866   0.09225   0.06461   0.09560   0.00758   0.23649   0.07131   0.06826   0.00000   0.01228   0.09885   0.00888   0.03148   0.00955   0.04993   0.03958   0.03227   0.01755   0.02104   0.05825   0.03479   0.03244   2.19903   0.99999   0.16418   1.46603  
 16 7234.4343  16587.981547  x:  0.00593   0.01160   0.07036   0.02766   0.00000   0.02455   0.03360   0.00000   0.11249   0.03398   0.00610   0.29289   0.00079   0.09236   0.05513   0.03597   0.09624   0.09190   0.01647   0.05226   0.00388   0.01196   0.05143   0.07798   0.10312   0.02612   0.14089   0.00000   0.01467   0.03800   0.09277   0.06425   0.09796   0.00856   0.23917   0.07045   0.06708   0.00000   0.01242   0.10051   0.00819   0.03363   0.00937   0.04911   0.03910   0.03232   0.01620   0.02096   0.05833   0.03584   0.03574   2.21078   0.98721   0.11290   1.48070  
 17 17343.6681  16584.765268  x:  0.00592   0.01205   0.06976   0.02828   0.00000   0.02406   0.03528   0.00000   0.11274   0.03338   0.00539   0.29326   0.00000   0.09247   0.05485   0.03544   0.09556   0.09120   0.01619   0.05207   0.00347   0.01240   0.05133   0.07723   0.10241   0.02590   0.14033   0.00000   0.01469   0.03793   0.09200   0.06405   0.09812   0.00834   0.23901   0.06996   0.06676   0.00000   0.01206   0.09954   0.00829   0.03310   0.00844   0.04861   0.03876   0.03239   0.01605   0.02166   0.05730   0.03625   0.03427   2.21254   0.98736   0.10918   1.48245  
 18 1038.0119  16573.653297  x:  0.00554   0.00781   0.06120   0.02850   0.00000   0.01822   0.03258   0.00000   0.11501   0.02949   0.00867   0.29502   0.00000   0.09322   0.05453   0.03102   0.08750   0.08300   0.01707   0.05011   0.00173   0.01476   0.05257   0.06883   0.09392   0.02332   0.13317   0.00000   0.01413   0.03690   0.08277   0.06229   0.09921   0.00687   0.23534   0.06447   0.06345   0.00000   0.01240   0.08723   0.00785   0.03204   0.01915   0.04474   0.03674   0.03162   0.01597   0.02041   0.04621   0.03447   0.02959   2.23075   0.98694   0.09646   1.49944  
 19 713.6199  16559.880811  x:  0.00540   0.01187   0.05356   0.02665   0.00000   0.02139   0.02584   0.01000   0.11810   0.03088   0.00000   0.29733   0.00000   0.09427   0.05282   0.03156   0.07960   0.07477   0.01891   0.04836   0.00023   0.01302   0.05495   0.06207   0.08567   0.02154   0.12485   0.00000   0.01281   0.03602   0.07402   0.06086   0.10069   0.00703   0.23002   0.06104   0.06063   0.00000   0.01153   0.07487   0.00777   0.02954   0.01638   0.04326   0.03574   0.02953   0.01524   0.01422   0.03944   0.03064   0.03352   2.25710   0.98619   0.09347   1.52447  
 20 978.7937  16548.373844  x:  0.00554   0.00693   0.04993   0.02600   0.00000   0.02510   0.02904   0.01427   0.12087   0.02514   0.00406   0.29949   0.00000   0.09515   0.05155   0.03449   0.07529   0.07020   0.02098   0.04813   0.00085   0.01044   0.05889   0.05969   0.08131   0.01960   0.11911   0.00000   0.01083   0.03591   0.06995   0.06061   0.10196   0.00859   0.22554   0.05997   0.05993   0.00000   0.01012   0.06763   0.00857   0.03026   0.00997   0.04406   0.03623   0.02949   0.01565   0.00720   0.03900   0.03126   0.03643   2.28114   0.98568   0.09504   1.54768  
 21 1605.5388  16538.409623  x:  0.00538   0.00667   0.04916   0.02871   0.00000   0.02391   0.02996   0.01553   0.12374   0.01780   0.00130   0.30111   0.00000   0.09598   0.04283   0.03650   0.07333   0.06813   0.02479   0.04936   0.00531   0.00919   0.06662   0.05997   0.07952   0.01320   0.11504   0.00000   0.00516   0.03659   0.06930   0.06163   0.10317   0.01148   0.22107   0.06145   0.06118   0.00000   0.00746   0.06313   0.00818   0.03465   0.01157   0.04591   0.03785   0.03189   0.01704   0.00938   0.04081   0.03411   0.03800   2.30704   0.98535   0.09801   1.57299  
 22 1597.3065  16532.445097  x:  0.00519   0.00634   0.04999   0.03204   0.00000   0.02053   0.03183   0.01833   0.12581   0.01778   0.00033   0.30158   0.00000   0.09645   0.03491   0.03635   0.07341   0.06799   0.02544   0.05025   0.00666   0.01080   0.07019   0.06144   0.07989   0.00732   0.11360   0.00000   0.01043   0.03780   0.07100   0.06203   0.10383   0.01254   0.21793   0.06339   0.06283   0.00000   0.00887   0.06246   0.00813   0.03584   0.01412   0.04680   0.03845   0.03346   0.01533   0.00726   0.04217   0.03548   0.03620   2.32659   0.98514   0.10107   1.59202  
 23 1682.2920  16528.300537  x:  0.00530   0.00437   0.05034   0.03431   0.00000   0.01729   0.03248   0.02221   0.12748   0.02276   0.00297   0.30090   0.00000   0.09668   0.02855   0.03425   0.07419   0.06848   0.02516   0.05067   0.00708   0.01314   0.07249   0.06257   0.08123   0.00803   0.11376   0.00000   0.00766   0.03857   0.07267   0.06200   0.10410   0.01261   0.21525   0.06503   0.06425   0.00000   0.00756   0.06296   0.00803   0.03432   0.01406   0.04638   0.03792   0.03355   0.01359   0.00802   0.04123   0.03507   0.03422   2.34412   0.98486   0.10373   1.60890  
 24 1237.4840  16523.084436  x:  0.00521   0.00548   0.04958   0.03534   0.00000   0.01548   0.03452   0.01858   0.12966   0.02320   0.00152   0.29777   0.00000   0.09670   0.02629   0.02995   0.07557   0.06924   0.02247   0.05048   0.00384   0.01576   0.07222   0.06321   0.08356   0.01301   0.11545   0.00000   0.00477   0.03924   0.07446   0.06179   0.10399   0.01200   0.21111   0.06655   0.06560   0.00000   0.00907   0.06440   0.00852   0.03430   0.01560   0.04437   0.03654   0.03302   0.01320   0.00538   0.03714   0.03609   0.03529   2.37231   0.98438   0.10739   1.63547  
 25 1068.7692  16510.551329  x:  0.00527   0.00526   0.04645   0.03480   0.00000   0.01604   0.03490   0.01266   0.13322   0.02422   0.00133   0.29146   0.00886   0.09660   0.02472   0.02498   0.07693   0.06973   0.02058   0.05008   0.00000   0.01834   0.07358   0.06271   0.08597   0.01240   0.11785   0.00000   0.00638   0.03991   0.07577   0.06200   0.10362   0.01150   0.20402   0.06786   0.06675   0.00000   0.00558   0.06453   0.00837   0.03363   0.01407   0.04118   0.03474   0.03183   0.01523   0.00574   0.02928   0.03612   0.03794   2.42202   0.98350   0.11187   1.68217  
 26 2960.9179  16497.218363  x:  0.00461   0.00417   0.03939   0.03283   0.00000   0.02059   0.03637   0.00346   0.13879   0.02875   0.00171   0.27806   0.02106   0.09600   0.01976   0.02522   0.07665   0.06835   0.01878   0.04887   0.00000   0.02048   0.07308   0.05892   0.08646   0.00952   0.12060   0.00000   0.00394   0.03891   0.07312   0.06188   0.10231   0.00936   0.19185   0.06612   0.06589   0.00000   0.01967   0.06166   0.01072   0.03263   0.01007   0.03785   0.03384   0.03189   0.01421   0.00880   0.02296   0.03569   0.03797   2.51410   0.98216   0.11742   1.76792  
 27 4179.8452  16486.273050  x:  0.00461   0.00480   0.03738   0.03287   0.00000   0.02141   0.03715   0.00000   0.14061   0.03075   0.00185   0.27192   0.02326   0.09557   0.01830   0.02728   0.07555   0.06698   0.01741   0.04821   0.00000   0.02049   0.06938   0.05679   0.08528   0.01124   0.12099   0.00000   0.00436   0.03815   0.07057   0.06169   0.10148   0.00813   0.18752   0.06413   0.06455   0.00000   0.01933   0.05976   0.00864   0.03304   0.01066   0.03794   0.03428   0.03157   0.01239   0.00895   0.02564   0.03642   0.03671   2.55236   0.98166   0.11954   1.80319  
 28 4775.1058  16486.273050  x:  0.00461   0.00480   0.03738   0.03287   0.00000   0.02141   0.03715   0.00000   0.14061   0.03075   0.00185   0.27192   0.02326   0.09557   0.01830   0.02728   0.07555   0.06698   0.01741   0.04821   0.00000   0.02049   0.06938   0.05679   0.08528   0.01124   0.12099   0.00000   0.00436   0.03815   0.07057   0.06169   0.10148   0.00813   0.18752   0.06413   0.06455   0.00000   0.01933   0.05976   0.00864   0.03304   0.01066   0.03794   0.03428   0.03157   0.01239   0.00895   0.02564   0.03642   0.03671   2.55236   0.98166   0.11954   1.80319  
 29 5272.2473  16444.893477  x:  0.00260   0.02621   0.03962   0.04123   0.00000   0.01944   0.05076   0.00274   0.13949   0.03977   0.00942   0.26953   0.02096   0.09496   0.01751   0.02914   0.07350   0.06523   0.01548   0.04939   0.00000   0.02108   0.06302   0.05648   0.08297   0.00637   0.11922   0.00000   0.01588   0.03984   0.06910   0.06420   0.10066   0.01120   0.18772   0.06440   0.06481   0.00000   0.01065   0.05734   0.00689   0.03971   0.00500   0.04028   0.03569   0.03515   0.01269   0.02003   0.03046   0.04694   0.04019   2.55382   0.96668   0.12123   1.80301  
 30 2562.9880  16430.428607  x:  0.00529   0.02364   0.04005   0.04656   0.00000   0.01758   0.06011   0.00000   0.13807   0.04408   0.00747   0.26658   0.01699   0.09423   0.01566   0.03059   0.07165   0.06377   0.01537   0.05099   0.00000   0.02185   0.05631   0.05647   0.08096   0.00528   0.11752   0.00000   0.01082   0.04083   0.06744   0.06603   0.09967   0.01322   0.18841   0.06347   0.06577   0.00000   0.00740   0.05541   0.01101   0.04466   0.01028   0.04277   0.03723   0.03822   0.01212   0.01636   0.03293   0.05396   0.04303   2.55581   0.95788   0.12125   1.80293  
 31 1276.9252  16424.507248  x:  0.00193   0.01830   0.04000   0.04987   0.00000   0.01666   0.06595   0.00000   0.13668   0.04691   0.00717   0.26376   0.01572   0.09351   0.01686   0.03141   0.07031   0.06288   0.01608   0.05234   0.00000   0.02259   0.05123   0.05673   0.07960   0.00725   0.11629   0.00000   0.00806   0.04185   0.06633   0.06714   0.09869   0.01422   0.18926   0.06281   0.06659   0.00000   0.00897   0.05442   0.00809   0.04688   0.00574   0.04399   0.03798   0.04011   0.01288   0.01381   0.03356   0.05779   0.04457   2.55795   0.95314   0.11993   1.80293  
 32 1152.1931  16423.234471  x:  0.00450   0.01567   0.03983   0.05098   0.00000   0.01661   0.06781   0.00000   0.13575   0.04765   0.00767   0.26197   0.01581   0.09303   0.01871   0.03160   0.06975   0.06265   0.01660   0.05293   0.00000   0.02304   0.04924   0.05700   0.07907   0.00720   0.11571   0.00000   0.00947   0.04235   0.06608   0.06744   0.09804   0.01428   0.18983   0.06288   0.06719   0.00000   0.01063   0.05425   0.00715   0.04710   0.00502   0.04430   0.03812   0.04035   0.01340   0.01431   0.03339   0.05866   0.04476   2.55949   0.95215   0.11832   1.80298  
 33 631.8133  16422.140355  x:  0.00297   0.01326   0.03953   0.05187   0.00000   0.01678   0.06924   0.00000   0.13425   0.04797   0.00797   0.25920   0.01559   0.09226   0.02127   0.03157   0.06910   0.06252   0.01714   0.05357   0.00000   0.02369   0.04739   0.05745   0.07854   0.00635   0.11500   0.00000   0.01130   0.04282   0.06594   0.06760   0.09701   0.01397   0.19074   0.06331   0.06781   0.00000   0.01114   0.05427   0.00787   0.04674   0.00650   0.04443   0.03813   0.04009   0.01344   0.01581   0.03264   0.05884   0.04463   2.56204   0.95169   0.11557   1.80307  
 34 522.2372  16420.091297  x:  0.00337   0.01364   0.03875   0.05315   0.00000   0.01735   0.07068   0.00000   0.12927   0.04725   0.00568   0.25033   0.01140   0.08973   0.02580   0.03079   0.06759   0.06251   0.01754   0.05463   0.00000   0.02554   0.04482   0.05858   0.07766   0.00519   0.11325   0.00000   0.01039   0.04318   0.06571   0.06766   0.09365   0.01243   0.19342   0.06544   0.06922   0.00000   0.00865   0.05462   0.00851   0.04460   0.00478   0.04396   0.03755   0.03831   0.01214   0.01644   0.03097   0.05762   0.04344   2.57071   0.95114   0.10762   1.80330  
 35 419.4135  16418.729382  x:  0.00332   0.01574   0.03817   0.05366   0.00000   0.01728   0.07106   0.00000   0.12480   0.04668   0.00586   0.24274   0.00716   0.08746   0.02918   0.03018   0.06656   0.06245   0.01718   0.05483   0.00000   0.02685   0.04423   0.05908   0.07716   0.00733   0.11198   0.00000   0.00969   0.04307   0.06547   0.06792   0.09069   0.01149   0.19542   0.06674   0.06978   0.00000   0.00948   0.05475   0.00685   0.04354   0.00673   0.04352   0.03725   0.03768   0.01273   0.01566   0.03056   0.05658   0.04278   2.57869   0.95008   0.10243   1.80341  
 36 811.2690  16417.185297  x:  0.00306   0.01652   0.03747   0.05288   0.00000   0.01632   0.06987   0.00000   0.11854   0.04585   0.00836   0.23286   0.00092   0.08430   0.03345   0.02989   0.06591   0.06236   0.01632   0.05406   0.00000   0.02805   0.04584   0.05890   0.07682   0.00673   0.11068   0.00000   0.00967   0.04217   0.06532   0.06856   0.08667   0.01095   0.19750   0.06698   0.06945   0.00000   0.01192   0.05466   0.00939   0.04352   0.00586   0.04295   0.03699   0.03806   0.01390   0.01386   0.03161   0.05540   0.04262   2.59039   0.94785   0.09928   1.80338  
 37 702.2029  16416.790281  x:  0.00307   0.01629   0.03742   0.05266   0.00000   0.01628   0.06956   0.00000   0.11762   0.04576   0.00849   0.23155   0.00000   0.08385   0.03407   0.02993   0.06592   0.06235   0.01630   0.05389   0.00000   0.02815   0.04618   0.05880   0.07683   0.00654   0.11057   0.00000   0.00973   0.04204   0.06532   0.06867   0.08611   0.01095   0.19771   0.06685   0.06932   0.00000   0.01174   0.05461   0.00913   0.04364   0.00590   0.04291   0.03701   0.03816   0.01381   0.01391   0.03179   0.05531   0.04266   2.59219   0.94757   0.09927   1.80336  
 38 871.8913  16415.795078  x:  0.00340   0.01570   0.03794   0.05176   0.00000   0.01725   0.06789   0.00000   0.11190   0.04616   0.00812   0.22474   0.00000   0.08111   0.03924   0.03049   0.06658   0.06232   0.01681   0.05317   0.00000   0.02819   0.04733   0.05817   0.07718   0.00907   0.11058   0.00000   0.00985   0.04204   0.06534   0.06923   0.08287   0.01134   0.19845   0.06563   0.06840   0.00000   0.01061   0.05438   0.01012   0.04456   0.00556   0.04324   0.03725   0.03862   0.01337   0.01524   0.03201   0.05570   0.04314   2.60435   0.94752   0.10088   1.80314  
 39 811.8249  16414.566926  x:  0.00311   0.01729   0.03955   0.05154   0.00000   0.01787   0.06677   0.00000   0.10456   0.04767   0.00510   0.21884   0.00000   0.07786   0.04252   0.03095   0.06795   0.06237   0.01718   0.05335   0.00000   0.02742   0.04636   0.05769   0.07774   0.00690   0.11146   0.00000   0.00974   0.04281   0.06576   0.06922   0.07927   0.01165   0.19842   0.06435   0.06771   0.00000   0.01268   0.05456   0.00962   0.04492   0.00585   0.04401   0.03758   0.03873   0.01423   0.01476   0.03049   0.05714   0.04362   2.62195   0.95034   0.10443   1.80277  
 40 449.8829  16412.536515  x:  0.00321   0.01702   0.04062   0.05195   0.00000   0.01589   0.06749   0.00000   0.09194   0.04922   0.00876   0.21324   0.00000   0.07274   0.04090   0.03001   0.06936   0.06238   0.01589   0.05480   0.00000   0.02541   0.04301   0.05772   0.07841   0.00707   0.11360   0.00000   0.01047   0.04402   0.06624   0.06791   0.07394   0.01144   0.19727   0.06358   0.06800   0.00000   0.01121   0.05495   0.00946   0.04363   0.00595   0.04427   0.03728   0.03743   0.01264   0.01250   0.02953   0.05863   0.04329   2.65661   0.95759   0.10966   1.80211  
 41 531.1203  16410.745649  x:  0.00334   0.01596   0.03988   0.05234   0.00000   0.01551   0.06892   0.00000   0.08095   0.04902   0.00910   0.21026   0.00000   0.06860   0.03565   0.02928   0.06930   0.06228   0.01578   0.05555   0.00000   0.02378   0.04187   0.05793   0.07829   0.00779   0.11486   0.00000   0.00895   0.04383   0.06586   0.06672   0.06979   0.01163   0.19581   0.06374   0.06857   0.00000   0.01139   0.05486   0.00993   0.04277   0.00570   0.04361   0.03678   0.03716   0.01505   0.01619   0.03065   0.05861   0.04271   2.69027   0.96163   0.11308   1.80149  
 42 1069.9757  16408.643457  x:  0.00311   0.01597   0.03800   0.05312   0.00000   0.01858   0.07090   0.00000   0.07071   0.04764   0.00707   0.21157   0.00000   0.06537   0.03172   0.02988   0.06770   0.06204   0.01798   0.05537   0.00000   0.02246   0.04318   0.05831   0.07729   0.00904   0.11519   0.00000   0.01108   0.04305   0.06472   0.06577   0.06694   0.01297   0.19336   0.06498   0.06917   0.00000   0.01240   0.05427   0.01062   0.04295   0.00555   0.04269   0.03662   0.03770   0.01253   0.01460   0.03125   0.05717   0.04218   2.73144   0.96191   0.11492   1.80078  
 43 894.2707  16404.475162  x:  0.00363   0.01688   0.03593   0.05434   0.00000   0.01986   0.07269   0.00000   0.05675   0.04577   0.00871   0.22116   0.00000   0.06194   0.03539   0.03101   0.06447   0.06145   0.01898   0.05420   0.00000   0.02087   0.04579   0.05876   0.07550   0.00782   0.11487   0.00000   0.00621   0.04174   0.06296   0.06370   0.06483   0.01546   0.18793   0.06733   0.06978   0.00000   0.01041   0.05337   0.01061   0.04399   0.00618   0.04251   0.03716   0.03818   0.01388   0.01248   0.02936   0.05457   0.04202   2.81276   0.96048   0.11544   1.79947  
 44 1353.9195  16401.131764  x:  0.00369   0.01620   0.03666   0.05422   0.00000   0.01432   0.07040   0.00000   0.05054   0.04520   0.00437   0.22854   0.00000   0.06072   0.03664   0.03004   0.06343   0.06107   0.01464   0.05312   0.00000   0.02127   0.04658   0.05843   0.07516   0.00933   0.11378   0.00000   0.00742   0.04185   0.06326   0.06253   0.06454   0.01650   0.18507   0.06767   0.06935   0.00000   0.00904   0.05346   0.01114   0.04463   0.00602   0.04343   0.03745   0.03849   0.01488   0.01125   0.03012   0.05444   0.04301   2.87939   0.95827   0.11280   1.79849  
 45 1699.2616  16396.763738  x:  0.00387   0.01583   0.04014   0.05256   0.00000   0.01369   0.06518   0.00000   0.05005   0.04673   0.00459   0.23613   0.00000   0.06078   0.03556   0.02937   0.06574   0.06149   0.01443   0.05275   0.00000   0.02355   0.04553   0.05729   0.07654   0.00941   0.11174   0.00000   0.00432   0.04290   0.06513   0.06160   0.06547   0.01648   0.18376   0.06565   0.06779   0.00000   0.01183   0.05445   0.01128   0.04462   0.00625   0.04473   0.03724   0.03867   0.00974   0.01334   0.03277   0.05722   0.04437   2.97472   0.95550   0.10652   1.79716  
 46 1832.1967  16390.283435  x:  0.00405   0.01379   0.04481   0.04908   0.00000   0.01904   0.05762   0.00000   0.05421   0.04871   0.00594   0.24594   0.00000   0.06191   0.03205   0.02965   0.07069   0.06253   0.01810   0.05314   0.00000   0.02750   0.04309   0.05563   0.07923   0.00957   0.10875   0.00000   0.00542   0.04453   0.06805   0.06101   0.06765   0.01597   0.18354   0.06169   0.06524   0.00000   0.00915   0.05555   0.01144   0.04405   0.00626   0.04583   0.03678   0.03803   0.01469   0.01056   0.03429   0.06126   0.04537   3.13260   0.95149   0.09753   1.79487  
 47 4587.4675  16379.472130  x:  0.00440   0.01082   0.04132   0.04615   0.00000   0.01815   0.05995   0.00000   0.07518   0.04602   0.00614   0.25350   0.00000   0.06757   0.03267   0.03108   0.07433   0.06258   0.01503   0.05584   0.00000   0.03131   0.04138   0.05626   0.08055   0.01000   0.10806   0.00000   0.00686   0.04182   0.06754   0.06410   0.07388   0.01474   0.18878   0.05947   0.06616   0.00000   0.01164   0.05416   0.01115   0.04178   0.00617   0.04141   0.03708   0.03678   0.01382   0.01297   0.02185   0.05794   0.03975   3.38918   0.94503   0.10220   1.79034  
 48 2402.7623  16370.185523  x:  0.00348   0.00992   0.03603   0.04866   0.00000   0.01503   0.06793   0.00000   0.10075   0.04303   0.00391   0.25832   0.00000   0.07541   0.04131   0.03078   0.07357   0.06305   0.01821   0.05771   0.00000   0.03197   0.04338   0.05886   0.07950   0.00801   0.11094   0.00000   0.00838   0.04126   0.06540   0.06751   0.08184   0.01223   0.19575   0.06337   0.06997   0.00000   0.01310   0.05351   0.00979   0.04165   0.00630   0.04092   0.03791   0.03752   0.01376   0.01289   0.03367   0.05213   0.04023   3.63304   0.95337   0.10722   1.78602  
 49 4011.5024  16368.142710  x:  0.00348   0.00913   0.03724   0.05182   0.00000   0.01778   0.06792   0.00000   0.10823   0.04354   0.00449   0.25569   0.00000   0.07838   0.04013   0.02898   0.06753   0.06236   0.01532   0.05384   0.00000   0.02962   0.04634   0.05872   0.07703   0.00768   0.11234   0.00000   0.00842   0.04295   0.06440   0.06765   0.08428   0.01060   0.19751   0.06630   0.07005   0.00000   0.01309   0.05436   0.00956   0.04371   0.00602   0.04430   0.03675   0.03823   0.01366   0.01325   0.03190   0.05243   0.04414   3.68322   0.95597   0.10789   1.78508  
 50 912.4900  16367.122708  x:  0.00357   0.01006   0.03775   0.05288   0.00000   0.01492   0.06617   0.00000   0.11345   0.04402   0.00459   0.25200   0.00000   0.08097   0.03868   0.02930   0.06343   0.06205   0.01911   0.05178   0.00000   0.02647   0.04629   0.05842   0.07525   0.00813   0.11319   0.00000   0.00815   0.04323   0.06417   0.06810   0.08622   0.01066   0.19779   0.06755   0.06935   0.00000   0.01257   0.05465   0.00988   0.04361   0.00602   0.04448   0.03679   0.03797   0.01372   0.01316   0.03076   0.05357   0.04442   3.70754   0.95566   0.10879   1.78451  
 51 481.8522  16366.036528  x:  0.00354   0.01162   0.03743   0.05260   0.00000   0.01637   0.06542   0.00000   0.11996   0.04460   0.00422   0.24647   0.00000   0.08480   0.03780   0.03129   0.06127   0.06135   0.01638   0.05222   0.00000   0.02187   0.04445   0.05843   0.07455   0.00843   0.11404   0.00000   0.00737   0.04255   0.06443   0.06849   0.08902   0.01160   0.19682   0.06763   0.06844   0.00000   0.01175   0.05443   0.01031   0.04287   0.00610   0.04285   0.03771   0.03778   0.01382   0.01250   0.03290   0.05479   0.04268   3.73229   0.95445   0.10961   1.78383  
 52 376.2546  16365.205065  x:  0.00359   0.01339   0.03732   0.05255   0.00000   0.01592   0.06858   0.00000   0.12426   0.04435   0.00395   0.24168   0.00000   0.08815   0.03657   0.02937   0.06522   0.06171   0.01620   0.05484   0.00000   0.01995   0.04678   0.05847   0.07593   0.00877   0.11401   0.00000   0.00696   0.04206   0.06463   0.06744   0.09132   0.01146   0.19453   0.06647   0.06871   0.00000   0.01087   0.05380   0.01063   0.04507   0.00595   0.04388   0.03714   0.03919   0.01388   0.01218   0.03221   0.05460   0.04346   3.75168   0.95338   0.10880   1.78320  
 53 240.7574  16364.699609  x:  0.00344   0.01437   0.03820   0.05356   0.00000   0.01567   0.07091   0.00000   0.12406   0.04422   0.00433   0.24076   0.00000   0.08970   0.03604   0.03113   0.06740   0.06225   0.01585   0.05227   0.00000   0.02331   0.04744   0.05829   0.07711   0.00871   0.11354   0.00000   0.00711   0.04327   0.06418   0.06714   0.09216   0.01273   0.19189   0.06672   0.06959   0.00000   0.01083   0.05435   0.01063   0.04365   0.00586   0.04446   0.03753   0.03749   0.01398   0.01250   0.03248   0.05423   0.04478   3.76490   0.95201   0.10917   1.78255  
 54 117.4728  16364.068745  x:  0.00318   0.01590   0.03786   0.05394   0.00000   0.01625   0.07106   0.00000   0.12111   0.04591   0.00503   0.24276   0.00000   0.09078   0.03682   0.02882   0.06630   0.06245   0.01593   0.05175   0.00000   0.02764   0.04631   0.05789   0.07722   0.00825   0.11340   0.00000   0.00802   0.04262   0.06432   0.06583   0.09243   0.01285   0.18910   0.06771   0.06970   0.00000   0.01078   0.05484   0.01037   0.04472   0.00569   0.04330   0.03744   0.03966   0.01387   0.01330   0.03284   0.05548   0.04336   3.78286   0.95075   0.10935   1.78149  
 55 146.9877  16363.781110  x:  0.00301   0.01672   0.03762   0.05402   0.00000   0.01605   0.07071   0.00000   0.11882   0.04621   0.00560   0.24491   0.00000   0.09063   0.03694   0.03061   0.06526   0.06214   0.01580   0.05435   0.00000   0.02722   0.04697   0.05865   0.07653   0.00805   0.11367   0.00000   0.00858   0.04238   0.06472   0.06626   0.09204   0.01312   0.18962   0.06730   0.06914   0.00000   0.01107   0.05405   0.01014   0.04565   0.00551   0.04430   0.03714   0.03879   0.01377   0.01399   0.03271   0.05615   0.04390   3.79156   0.95023   0.10829   1.78091  
 56 127.6583  16363.624890  x:  0.00296   0.01710   0.03810   0.05418   0.00000   0.01629   0.07122   0.00000   0.11726   0.04631   0.00580   0.24705   0.00000   0.08990   0.03733   0.02957   0.06572   0.06204   0.01587   0.05421   0.00000   0.02429   0.04702   0.05875   0.07628   0.00787   0.11401   0.00000   0.00884   0.04308   0.06480   0.06693   0.09139   0.01246   0.19209   0.06643   0.06900   0.00000   0.01122   0.05401   0.01006   0.04454   0.00548   0.04428   0.03753   0.03845   0.01375   0.01429   0.03297   0.05583   0.04449   3.79619   0.94857   0.10793   1.78043  
 57 73.9551  16363.582482  x:  0.00295   0.01722   0.03812   0.05416   0.00000   0.01616   0.07149   0.00000   0.11691   0.04652   0.00583   0.24785   0.00000   0.08939   0.03730   0.03018   0.06626   0.06223   0.01579   0.05346   0.00000   0.02337   0.04698   0.05865   0.07669   0.00785   0.11414   0.00000   0.00890   0.04298   0.06477   0.06744   0.09106   0.01222   0.19354   0.06659   0.06925   0.00000   0.01117   0.05447   0.01004   0.04501   0.00546   0.04412   0.03734   0.03895   0.01374   0.01437   0.03287   0.05592   0.04419   3.79739   0.94853   0.10749   1.78022  
 58 48.8314  16363.569649  x:  0.00294   0.01728   0.03796   0.05410   0.00000   0.01622   0.07146   0.00000   0.11706   0.04659   0.00581   0.24820   0.00000   0.08884   0.03724   0.03003   0.06632   0.06234   0.01578   0.05353   0.00000   0.02371   0.04703   0.05841   0.07700   0.00788   0.11414   0.00000   0.00886   0.04280   0.06475   0.06776   0.09078   0.01200   0.19461   0.06700   0.06939   0.00000   0.01117   0.05444   0.01006   0.04518   0.00546   0.04429   0.03739   0.03857   0.01376   0.01433   0.03293   0.05620   0.04416   3.79761   0.94839   0.10777   1.77999  
 59 16.8510  16363.563581  x:  0.00295   0.01736   0.03804   0.05416   0.00000   0.01621   0.07142   0.00000   0.11728   0.04653   0.00581   0.24840   0.00000   0.08832   0.03716   0.03011   0.06627   0.06233   0.01576   0.05371   0.00000   0.02414   0.04707   0.05850   0.07699   0.00790   0.11414   0.00000   0.00882   0.04295   0.06479   0.06793   0.09056   0.01190   0.19522   0.06701   0.06935   0.00000   0.01111   0.05437   0.01009   0.04503   0.00546   0.04424   0.03741   0.03892   0.01377   0.01431   0.03291   0.05615   0.04427   3.79768   0.94838   0.10794   1.77975  
 60 14.9028  16363.560319  x:  0.00296   0.01742   0.03808   0.05418   0.00000   0.01621   0.07149   0.00000   0.11758   0.04655   0.00579   0.24849   0.00000   0.08774   0.03713   0.03006   0.06623   0.06229   0.01575   0.05360   0.00000   0.02433   0.04704   0.05868   0.07678   0.00790   0.11417   0.00000   0.00880   0.04291   0.06484   0.06795   0.09033   0.01192   0.19534   0.06670   0.06926   0.00000   0.01109   0.05444   0.01009   0.04521   0.00546   0.04419   0.03736   0.03880   0.01377   0.01430   0.03294   0.05603   0.04422   3.79775   0.94843   0.10794   1.77943  
 61  7.6245  16363.554250  x:  0.00295   0.01746   0.03790   0.05406   0.00000   0.01618   0.07161   0.00000   0.11829   0.04652   0.00576   0.24863   0.00000   0.08633   0.03715   0.03011   0.06618   0.06226   0.01573   0.05349   0.00000   0.02424   0.04709   0.05855   0.07668   0.00790   0.11420   0.00000   0.00882   0.04279   0.06474   0.06768   0.08982   0.01196   0.19501   0.06660   0.06925   0.00000   0.01108   0.05440   0.01009   0.04503   0.00545   0.04437   0.03747   0.03888   0.01376   0.01430   0.03293   0.05621   0.04424   3.79800   0.94847   0.10777   1.77846  
 62  8.7445  16363.549139  x:  0.00295   0.01743   0.03805   0.05414   0.00000   0.01616   0.07157   0.00000   0.11882   0.04649   0.00576   0.24869   0.00000   0.08524   0.03718   0.03006   0.06617   0.06227   0.01572   0.05359   0.00000   0.02405   0.04711   0.05844   0.07681   0.00788   0.11416   0.00000   0.00882   0.04294   0.06471   0.06764   0.08945   0.01223   0.19465   0.06686   0.06931   0.00000   0.01108   0.05435   0.01008   0.04512   0.00546   0.04420   0.03731   0.03883   0.01376   0.01430   0.03295   0.05614   0.04426   3.79824   0.94839   0.10768   1.77750  
 63 18.2846  16363.545834  x:  0.00295   0.01740   0.03810   0.05427   0.00000   0.01616   0.07146   0.00000   0.11895   0.04656   0.00577   0.24868   0.00000   0.08494   0.03716   0.03013   0.06619   0.06230   0.01573   0.05364   0.00000   0.02397   0.04707   0.05864   0.07694   0.00790   0.11412   0.00000   0.00882   0.04293   0.06481   0.06751   0.08936   0.01208   0.19452   0.06703   0.06933   0.00000   0.01109   0.05444   0.01009   0.04522   0.00545   0.04425   0.03753   0.03883   0.01376   0.01431   0.03296   0.05598   0.04426   3.79842   0.94828   0.10770   1.77666  
 64  8.2513  16363.523880  x:  0.00295   0.01736   0.03771   0.05456   0.00000   0.01622   0.07122   0.00000   0.11900   0.04674   0.00579   0.24857   0.00000   0.08456   0.03718   0.02994   0.06632   0.06243   0.01574   0.05359   0.00000   0.02384   0.04705   0.05941   0.07716   0.00789   0.11402   0.00000   0.00881   0.04263   0.06524   0.06805   0.08946   0.01229   0.19426   0.06719   0.06938   0.00000   0.01106   0.05473   0.01008   0.04489   0.00547   0.04464   0.03724   0.03897   0.01376   0.01431   0.03295   0.05606   0.04432   3.79960   0.94815   0.10757   1.77040  
 65 14.7963  16363.091370  x:  0.00292   0.01713   0.03640   0.05593   0.00000   0.01630   0.07074   0.00000   0.11801   0.04558   0.00581   0.24672   0.00000   0.08174   0.03734   0.03009   0.06671   0.06313   0.01569   0.05311   0.00000   0.02372   0.04798   0.06053   0.07717   0.00769   0.11354   0.00000   0.00872   0.04380   0.06629   0.07185   0.09255   0.00810   0.19237   0.06640   0.06993   0.00000   0.01096   0.05410   0.00996   0.04522   0.00557   0.04255   0.03711   0.03847   0.01366   0.01432   0.03277   0.05880   0.04436   3.82228   0.94870   0.10277   1.64966  
 66 124.5159  16361.812279  x:  0.00305   0.01661   0.03855   0.05530   0.00000   0.01641   0.07074   0.00000   0.11502   0.04613   0.00625   0.24105   0.00000   0.07517   0.03643   0.02996   0.06672   0.06286   0.01601   0.05362   0.00000   0.02406   0.04696   0.05753   0.07646   0.00718   0.11300   0.00000   0.00887   0.04233   0.06500   0.08134   0.10068   0.00430   0.19006   0.06538   0.06971   0.00000   0.01030   0.05343   0.00964   0.04549   0.00561   0.04435   0.03957   0.03911   0.01314   0.01468   0.03227   0.05671   0.04299   3.88872   0.95102   0.08784   1.29619  
 67 1906.7657  16360.830711  x:  0.00323   0.01619   0.03769   0.05298   0.00000   0.01624   0.07115   0.00000   0.11333   0.04758   0.00624   0.23709   0.00000   0.07249   0.03633   0.03056   0.06685   0.06202   0.01633   0.05378   0.00000   0.02425   0.04637   0.05790   0.07680   0.00685   0.11345   0.00000   0.00890   0.04261   0.06472   0.07806   0.10430   0.00558   0.19231   0.06580   0.06851   0.00000   0.00994   0.05426   0.00939   0.04550   0.00586   0.04341   0.03834   0.03894   0.01281   0.01481   0.03198   0.05654   0.04476   3.93598   0.95148   0.07794   1.04486  
 68 2329.0616  16360.631215  x:  0.00321   0.01596   0.03815   0.05407   0.00000   0.01623   0.07108   0.00000   0.11314   0.04702   0.00636   0.23624   0.00000   0.07255   0.03618   0.03007   0.06685   0.06227   0.01630   0.05351   0.00000   0.02435   0.04723   0.05840   0.07740   0.00669   0.11419   0.00000   0.00890   0.04254   0.06521   0.07704   0.10391   0.00776   0.19331   0.06547   0.06854   0.00000   0.00990   0.05339   0.00934   0.04559   0.00581   0.04319   0.04003   0.03898   0.01275   0.01487   0.03175   0.05750   0.04373   3.94706   0.95209   0.07501   0.98635  
 69 1110.4657  16360.575668  x:  0.00320   0.01590   0.03835   0.05504   0.00000   0.01624   0.07082   0.00000   0.11344   0.04684   0.00633   0.23626   0.00000   0.07349   0.03627   0.03028   0.06679   0.06254   0.01630   0.05342   0.00000   0.02443   0.04715   0.05810   0.07774   0.00665   0.11502   0.00000   0.00891   0.04223   0.06522   0.07670   0.10190   0.00740   0.19319   0.06501   0.06873   0.00000   0.00989   0.05278   0.00933   0.04542   0.00585   0.04362   0.03928   0.03901   0.01275   0.01484   0.03192   0.05734   0.04318   3.95004   0.95182   0.07440   0.97074  
 70 178.7271  16360.496266  x:  0.00323   0.01592   0.03752   0.05515   0.00000   0.01621   0.07054   0.00000   0.11423   0.04722   0.00630   0.23650   0.00000   0.07587   0.03614   0.03022   0.06681   0.06268   0.01627   0.05355   0.00000   0.02459   0.04702   0.05776   0.07793   0.00659   0.11632   0.00000   0.00886   0.04239   0.06511   0.07775   0.09682   0.00723   0.19241   0.06483   0.06881   0.00000   0.00980   0.05311   0.00933   0.04562   0.00585   0.04314   0.03987   0.03902   0.01271   0.01485   0.03173   0.05704   0.04399   3.95428   0.95181   0.07311   0.94905  
 71 162.2388  16360.471108  x:  0.00323   0.01585   0.03804   0.05449   0.00000   0.01619   0.07090   0.00000   0.11455   0.04704   0.00628   0.23665   0.00000   0.07681   0.03616   0.03017   0.06688   0.06238   0.01629   0.05352   0.00000   0.02454   0.04723   0.05823   0.07763   0.00660   0.11595   0.00000   0.00885   0.04253   0.06509   0.07813   0.09480   0.00698   0.19209   0.06531   0.06857   0.00000   0.00979   0.05327   0.00932   0.04558   0.00586   0.04328   0.03985   0.03902   0.01271   0.01484   0.03177   0.05740   0.04362   3.95565   0.95185   0.07296   0.94249  
 72 85.7132  16360.465861  x:  0.00323   0.01588   0.03808   0.05450   0.00000   0.01619   0.07092   0.00000   0.11462   0.04707   0.00628   0.23670   0.00000   0.07701   0.03615   0.03017   0.06683   0.06240   0.01629   0.05341   0.00000   0.02444   0.04714   0.05822   0.07765   0.00661   0.11522   0.00000   0.00886   0.04230   0.06521   0.07814   0.09439   0.00697   0.19209   0.06527   0.06858   0.00000   0.00978   0.05297   0.00932   0.04558   0.00585   0.04317   0.03986   0.03901   0.01270   0.01484   0.03175   0.05735   0.04381   3.95596   0.95206   0.07300   0.94164  
 73 11.3207  16360.461206  x:  0.00323   0.01591   0.03787   0.05465   0.00000   0.01618   0.07086   0.00000   0.11466   0.04708   0.00628   0.23671   0.00000   0.07711   0.03613   0.03018   0.06677   0.06243   0.01628   0.05348   0.00000   0.02437   0.04718   0.05805   0.07766   0.00661   0.11464   0.00000   0.00885   0.04254   0.06517   0.07809   0.09419   0.00703   0.19212   0.06510   0.06860   0.00000   0.00978   0.05316   0.00932   0.04560   0.00585   0.04329   0.03986   0.03901   0.01270   0.01484   0.03177   0.05730   0.04364   3.95625   0.95214   0.07309   0.94152  
 74  6.2008  16360.399308  x:  0.00324   0.01579   0.03833   0.05551   0.00000   0.01618   0.07060   0.00000   0.11467   0.04697   0.00630   0.23657   0.00000   0.07733   0.03617   0.03022   0.06701   0.06222   0.01627   0.05398   0.00000   0.02434   0.04749   0.05801   0.07754   0.00659   0.11413   0.00000   0.00893   0.04158   0.06399   0.07785   0.09365   0.00709   0.19225   0.06490   0.06842   0.00000   0.00971   0.05423   0.00928   0.04529   0.00589   0.04276   0.03982   0.03895   0.01270   0.01482   0.03177   0.05775   0.04390   3.96040   0.95214   0.07329   0.94568  
 75  4.9520  16358.652119  x:  0.00334   0.01512   0.03656   0.05572   0.00000   0.01623   0.06736   0.00000   0.11403   0.04636   0.00696   0.23147   0.00000   0.08185   0.03496   0.03035   0.07084   0.06014   0.01666   0.05257   0.00000   0.02436   0.04512   0.05949   0.07611   0.00579   0.11295   0.00000   0.00905   0.04309   0.05964   0.07382   0.08088   0.01013   0.19443   0.06548   0.06637   0.00000   0.00909   0.05056   0.00872   0.04654   0.00627   0.04418   0.03895   0.03943   0.01233   0.01484   0.03188   0.05819   0.04306   4.07982   0.94951   0.07668   1.07182  
 76 120.4694  16357.418150  x:  0.00341   0.01417   0.03842   0.05386   0.00000   0.01620   0.06958   0.00000   0.11344   0.04715   0.00701   0.22773   0.00000   0.08506   0.03450   0.03136   0.06846   0.06167   0.01716   0.05330   0.00248   0.02450   0.04656   0.05725   0.07661   0.00557   0.11287   0.00000   0.00892   0.04231   0.06533   0.07065   0.07162   0.01181   0.19569   0.06401   0.06780   0.00000   0.00852   0.05254   0.00831   0.04593   0.00667   0.04388   0.03829   0.03942   0.01221   0.01466   0.03201   0.05856   0.04257   4.16643   0.94684   0.07948   1.16339  
 77 1396.0271  16357.301788  x:  0.00340   0.01424   0.03886   0.05327   0.00000   0.01625   0.06999   0.00000   0.11338   0.04600   0.00706   0.22745   0.00000   0.08529   0.03454   0.03139   0.06757   0.06236   0.01724   0.05346   0.00000   0.02447   0.04615   0.05709   0.07722   0.00557   0.11290   0.00000   0.00894   0.04211   0.06607   0.07041   0.07096   0.01199   0.19575   0.06354   0.06822   0.00000   0.00850   0.05330   0.00825   0.04613   0.00667   0.04404   0.03828   0.03950   0.01220   0.01468   0.03203   0.05869   0.04291   4.17258   0.94654   0.07980   1.16987  
 78 219.8208  16357.295894  x:  0.00341   0.01424   0.03896   0.05303   0.00000   0.01623   0.07009   0.00000   0.11338   0.04616   0.00704   0.22743   0.00000   0.08531   0.03453   0.03136   0.06721   0.06270   0.01724   0.05347   0.00000   0.02446   0.04622   0.05734   0.07764   0.00555   0.11289   0.00000   0.00894   0.04218   0.06574   0.07042   0.07091   0.01197   0.19573   0.06331   0.06829   0.00000   0.00850   0.05325   0.00826   0.04610   0.00668   0.04402   0.03827   0.03949   0.01220   0.01467   0.03203   0.05869   0.04289   4.17318   0.94653   0.07979   1.17049  
 79 20.0283  16357.295298  x:  0.00341   0.01426   0.03891   0.05306   0.00000   0.01623   0.07004   0.00000   0.11338   0.04611   0.00705   0.22746   0.00000   0.08528   0.03453   0.03134   0.06725   0.06263   0.01724   0.05344   0.00000   0.02446   0.04615   0.05740   0.07770   0.00554   0.11288   0.00000   0.00895   0.04221   0.06559   0.07045   0.07097   0.01196   0.19573   0.06333   0.06819   0.00000   0.00850   0.05319   0.00826   0.04612   0.00668   0.04405   0.03827   0.03949   0.01220   0.01468   0.03203   0.05869   0.04290   4.17265   0.94656   0.07976   1.16989  
 80  5.7666  16357.293822  x:  0.00340   0.01427   0.03892   0.05301   0.00000   0.01624   0.06990   0.00000   0.11337   0.04611   0.00706   0.22747   0.00000   0.08527   0.03453   0.03133   0.06735   0.06272   0.01722   0.05345   0.00000   0.02445   0.04612   0.05747   0.07750   0.00555   0.11286   0.00000   0.00895   0.04222   0.06547   0.07044   0.07102   0.01199   0.19574   0.06334   0.06848   0.00000   0.00850   0.05315   0.00826   0.04615   0.00667   0.04407   0.03828   0.03951   0.01220   0.01468   0.03204   0.05870   0.04292   4.17254   0.94654   0.07977   1.16942  
 81  0.7813  16356.888288  x:  0.00350   0.01370   0.03874   0.05249   0.00000   0.01629   0.06982   0.00000   0.10873   0.04655   0.00702   0.22790   0.00000   0.08296   0.03434   0.03150   0.06845   0.06704   0.01676   0.05360   0.00000   0.02467   0.04576   0.05707   0.07564   0.00565   0.11272   0.00000   0.00896   0.04219   0.06522   0.06934   0.07685   0.01241   0.19659   0.06440   0.06550   0.00000   0.00887   0.05335   0.00822   0.04612   0.00676   0.04385   0.03807   0.03949   0.01231   0.01464   0.03198   0.05839   0.04337   4.23628   0.94626   0.07723   1.13215  
 82  3.6152  16356.256224  x:  0.00348   0.01325   0.03873   0.05085   0.00000   0.01639   0.06885   0.00000   0.10159   0.04739   0.00697   0.22849   0.00000   0.07943   0.03400   0.03157   0.06832   0.06195   0.01696   0.05339   0.00028   0.02522   0.04595   0.05713   0.07761   0.00565   0.11261   0.00000   0.00901   0.04218   0.06538   0.06788   0.08574   0.01276   0.19779   0.06339   0.06759   0.00000   0.00935   0.05382   0.00816   0.04612   0.00691   0.04354   0.03768   0.03950   0.01249   0.01453   0.03192   0.05812   0.04411   4.33604   0.94595   0.07317   1.07629  
 83 657.5032  16356.255361  x:  0.00348   0.01325   0.03873   0.05085   0.00000   0.01639   0.06885   0.00000   0.10158   0.04739   0.00697   0.22849   0.00000   0.07942   0.03400   0.03157   0.06832   0.06194   0.01696   0.05339   0.00000   0.02522   0.04595   0.05713   0.07761   0.00565   0.11261   0.00000   0.00901   0.04218   0.06538   0.06788   0.08575   0.01277   0.19780   0.06339   0.06760   0.00000   0.00935   0.05382   0.00816   0.04612   0.00691   0.04353   0.03768   0.03950   0.01249   0.01453   0.03192   0.05812   0.04411   4.33614   0.94595   0.07316   1.07624  
 84  6.8603  16356.255361  x:  0.00348   0.01325   0.03873   0.05085   0.00000   0.01639   0.06885   0.00000   0.10158   0.04739   0.00697   0.22849   0.00000   0.07942   0.03400   0.03157   0.06832   0.06194   0.01696   0.05339   0.00000   0.02522   0.04595   0.05713   0.07761   0.00565   0.11261   0.00000   0.00901   0.04218   0.06538   0.06788   0.08575   0.01277   0.19780   0.06339   0.06760   0.00000   0.00935   0.05382   0.00816   0.04612   0.00691   0.04353   0.03768   0.03950   0.01249   0.01453   0.03192   0.05812   0.04411   4.33614   0.94595   0.07316   1.07624  
 85  0.0705  16356.176173  x:  0.00352   0.01375   0.03877   0.05111   0.00000   0.01633   0.06884   0.00000   0.10147   0.04722   0.00672   0.22867   0.00000   0.07936   0.03407   0.03139   0.06823   0.06198   0.01674   0.05338   0.00000   0.02519   0.04618   0.05717   0.07760   0.00634   0.11262   0.00000   0.00862   0.04223   0.06532   0.06796   0.08556   0.01284   0.19769   0.06352   0.06763   0.00000   0.00934   0.05380   0.00876   0.04607   0.00664   0.04362   0.03773   0.03946   0.01265   0.01419   0.03207   0.05805   0.04408   4.33617   0.94616   0.07327   1.07623  
 86 113.2811  16356.137676  x:  0.00328   0.01418   0.03881   0.05159   0.00000   0.01620   0.06882   0.00000   0.10120   0.04687   0.00653   0.22909   0.00000   0.07921   0.03427   0.03111   0.06807   0.06209   0.01644   0.05334   0.00000   0.02512   0.04661   0.05726   0.07753   0.00607   0.11260   0.00000   0.00847   0.04230   0.06524   0.06809   0.08509   0.01296   0.19744   0.06374   0.06771   0.00000   0.00921   0.05375   0.00849   0.04598   0.00670   0.04379   0.03786   0.03941   0.01275   0.01398   0.03229   0.05789   0.04402   4.33622   0.94660   0.07354   1.07622  
 87 61.3334  16356.112979  x:  0.00361   0.01412   0.03877   0.05200   0.00000   0.01620   0.06883   0.00000   0.10087   0.04659   0.00656   0.22960   0.00000   0.07902   0.03448   0.03094   0.06792   0.06220   0.01637   0.05331   0.00000   0.02503   0.04694   0.05735   0.07747   0.00603   0.11260   0.00000   0.00872   0.04237   0.06518   0.06819   0.08452   0.01304   0.19713   0.06390   0.06781   0.00000   0.00935   0.05371   0.00852   0.04590   0.00679   0.04390   0.03793   0.03936   0.01271   0.01410   0.03245   0.05776   0.04395   4.33629   0.94709   0.07379   1.07620  
 88 72.3415  16356.092400  x:  0.00333   0.01376   0.03869   0.05231   0.00000   0.01627   0.06884   0.00000   0.10048   0.04642   0.00663   0.23017   0.00000   0.07880   0.03461   0.03089   0.06780   0.06229   0.01646   0.05329   0.00000   0.02494   0.04713   0.05743   0.07742   0.00612   0.11259   0.00000   0.00879   0.04242   0.06511   0.06823   0.08384   0.01304   0.19679   0.06399   0.06787   0.00000   0.00936   0.05368   0.00862   0.04586   0.00666   0.04395   0.03794   0.03934   0.01262   0.01427   0.03247   0.05765   0.04391   4.33638   0.94757   0.07407   1.07619  
 89 87.0322  16356.072706  x:  0.00349   0.01349   0.03855   0.05244   0.00000   0.01637   0.06885   0.00000   0.09992   0.04645   0.00660   0.23093   0.00000   0.07848   0.03453   0.03101   0.06772   0.06234   0.01667   0.05327   0.00000   0.02483   0.04705   0.05747   0.07737   0.00607   0.11257   0.00000   0.00840   0.04237   0.06505   0.06820   0.08288   0.01294   0.19633   0.06405   0.06790   0.00000   0.00927   0.05367   0.00856   0.04586   0.00668   0.04388   0.03787   0.03934   0.01264   0.01417   0.03233   0.05761   0.04391   4.33650   0.94803   0.07435   1.07617  
 90 62.2573  16356.049885  x:  0.00341   0.01374   0.03841   0.05235   0.00000   0.01634   0.06884   0.00000   0.09907   0.04670   0.00655   0.23198   0.00000   0.07801   0.03428   0.03122   0.06769   0.06229   0.01670   0.05325   0.00000   0.02471   0.04667   0.05745   0.07734   0.00613   0.11255   0.00000   0.00871   0.04230   0.06503   0.06813   0.08145   0.01280   0.19570   0.06407   0.06787   0.00000   0.00925   0.05367   0.00855   0.04593   0.00679   0.04372   0.03775   0.03938   0.01273   0.01400   0.03209   0.05765   0.04394   4.33671   0.94851   0.07453   1.07615  
 91 68.9429  16356.041856  x:  0.00344   0.01388   0.03844   0.05220   0.00000   0.01624   0.06881   0.00000   0.09868   0.04680   0.00665   0.23236   0.00000   0.07781   0.03425   0.03120   0.06771   0.06222   0.01656   0.05325   0.00000   0.02469   0.04654   0.05738   0.07734   0.00603   0.11253   0.00000   0.00864   0.04227   0.06506   0.06812   0.08083   0.01281   0.19548   0.06401   0.06782   0.00000   0.00932   0.05368   0.00858   0.04593   0.00660   0.04368   0.03774   0.03939   0.01266   0.01417   0.03212   0.05771   0.04396   4.33682   0.94854   0.07449   1.07614  
 92 48.3469  16356.036239  x:  0.00341   0.01384   0.03853   0.05200   0.00000   0.01619   0.06877   0.00000   0.09832   0.04683   0.00669   0.23261   0.00000   0.07762   0.03428   0.03110   0.06776   0.06214   0.01645   0.05326   0.00000   0.02470   0.04653   0.05730   0.07736   0.00614   0.11251   0.00000   0.00857   0.04226   0.06508   0.06814   0.08029   0.01290   0.19535   0.06390   0.06777   0.00000   0.00931   0.05368   0.00856   0.04593   0.00678   0.04372   0.03780   0.03937   0.01260   0.01423   0.03224   0.05776   0.04396   4.33694   0.94841   0.07436   1.07615  
 93 35.6059  16356.031573  x:  0.00345   0.01375   0.03866   0.05182   0.00000   0.01624   0.06872   0.00000   0.09794   0.04680   0.00662   0.23277   0.00000   0.07744   0.03433   0.03101   0.06783   0.06209   0.01649   0.05328   0.00000   0.02474   0.04661   0.05724   0.07738   0.00613   0.11249   0.00000   0.00864   0.04228   0.06512   0.06814   0.07977   0.01300   0.19528   0.06379   0.06771   0.00000   0.00927   0.05367   0.00853   0.04590   0.00668   0.04377   0.03785   0.03935   0.01267   0.01411   0.03234   0.05778   0.04395   4.33708   0.94815   0.07422   1.07615  
 94 35.1308  16356.030014  x:  0.00342   0.01379   0.03870   0.05180   0.00000   0.01628   0.06871   0.00000   0.09777   0.04676   0.00660   0.23279   0.00000   0.07737   0.03436   0.03104   0.06786   0.06209   0.01657   0.05328   0.00000   0.02477   0.04668   0.05724   0.07739   0.00606   0.11248   0.00000   0.00863   0.04230   0.06512   0.06811   0.07957   0.01302   0.19529   0.06378   0.06771   0.00000   0.00932   0.05367   0.00861   0.04590   0.00672   0.04379   0.03784   0.03935   0.01268   0.01412   0.03232   0.05777   0.04394   4.33716   0.94800   0.07417   1.07614  
 95 18.7808  16356.028640  x:  0.00343   0.01385   0.03872   0.05186   0.00000   0.01630   0.06871   0.00000   0.09758   0.04672   0.00661   0.23275   0.00000   0.07729   0.03440   0.03109   0.06788   0.06212   0.01662   0.05328   0.00000   0.02481   0.04675   0.05728   0.07740   0.00612   0.11249   0.00000   0.00862   0.04232   0.06511   0.06805   0.07936   0.01303   0.19536   0.06380   0.06773   0.00000   0.00931   0.05368   0.00855   0.04590   0.00670   0.04379   0.03782   0.03936   0.01266   0.01417   0.03225   0.05775   0.04393   4.33727   0.94783   0.07411   1.07614  
 96 17.5264  16356.027505  x:  0.00344   0.01380   0.03868   0.05196   0.00000   0.01624   0.06873   0.00000   0.09736   0.04672   0.00663   0.23266   0.00000   0.07721   0.03440   0.03114   0.06787   0.06216   0.01653   0.05328   0.00000   0.02485   0.04675   0.05734   0.07742   0.00610   0.11251   0.00000   0.00863   0.04233   0.06511   0.06798   0.07917   0.01305   0.19549   0.06386   0.06777   0.00000   0.00927   0.05369   0.00858   0.04592   0.00671   0.04378   0.03780   0.03938   0.01265   0.01414   0.03221   0.05772   0.04395   4.33744   0.94770   0.07406   1.07614  
 97 11.3500  16356.026902  x:  0.00343   0.01378   0.03863   0.05201   0.00000   0.01624   0.06875   0.00000   0.09722   0.04676   0.00661   0.23257   0.00000   0.07716   0.03437   0.03112   0.06786   0.06219   0.01652   0.05328   0.00000   0.02487   0.04671   0.05736   0.07742   0.00611   0.11253   0.00000   0.00862   0.04232   0.06511   0.06795   0.07907   0.01309   0.19560   0.06390   0.06780   0.00000   0.00933   0.05370   0.00856   0.04593   0.00671   0.04377   0.03781   0.03939   0.01269   0.01415   0.03224   0.05773   0.04396   4.33758   0.94769   0.07402   1.07613  
 98  9.6570  16356.026341  x:  0.00343   0.01381   0.03859   0.05204   0.00000   0.01628   0.06877   0.00000   0.09706   0.04679   0.00662   0.23245   0.00000   0.07712   0.03435   0.03108   0.06785   0.06220   0.01657   0.05329   0.00000   0.02488   0.04667   0.05735   0.07742   0.00610   0.11255   0.00000   0.00863   0.04231   0.06511   0.06793   0.07899   0.01315   0.19572   0.06393   0.06781   0.00000   0.00929   0.05370   0.00857   0.04593   0.00670   0.04377   0.03783   0.03938   0.01265   0.01414   0.03230   0.05775   0.04397   4.33777   0.94772   0.07403   1.07612  
 99 10.4941  16356.025713  x:  0.00343   0.01381   0.03860   0.05199   0.00000   0.01626   0.06876   0.00000   0.09686   0.04679   0.00667   0.23229   0.00000   0.07707   0.03437   0.03105   0.06783   0.06218   0.01657   0.05329   0.00000   0.02487   0.04666   0.05731   0.07742   0.00610   0.11257   0.00000   0.00863   0.04231   0.06511   0.06790   0.07893   0.01317   0.19587   0.06390   0.06779   0.00000   0.00930   0.05369   0.00857   0.04591   0.00671   0.04378   0.03783   0.03935   0.01270   0.01414   0.03227   0.05777   0.04395   4.33811   0.94780   0.07415   1.07610  
100  6.9703  16356.025207  x:  0.00343   0.01381   0.03863   0.05194   0.00000   0.01625   0.06874   0.00000   0.09669   0.04677   0.00662   0.23215   0.00000   0.07705   0.03437   0.03108   0.06782   0.06215   0.01655   0.05329   0.00000   0.02485   0.04668   0.05729   0.07741   0.00610   0.11258   0.00000   0.00863   0.04232   0.06511   0.06787   0.07891   0.01317   0.19596   0.06386   0.06776   0.00000   0.00932   0.05368   0.00856   0.04590   0.00670   0.04379   0.03782   0.03935   0.01264   0.01414   0.03224   0.05777   0.04393   4.33843   0.94791   0.07419   1.07608  
101 13.0460  16356.024856  x:  0.00343   0.01381   0.03866   0.05191   0.00000   0.01626   0.06872   0.00000   0.09659   0.04676   0.00662   0.23208   0.00000   0.07703   0.03437   0.03111   0.06783   0.06214   0.01654   0.05328   0.00000   0.02484   0.04671   0.05730   0.07741   0.00610   0.11257   0.00000   0.00863   0.04233   0.06511   0.06786   0.07891   0.01316   0.19599   0.06384   0.06775   0.00000   0.00929   0.05368   0.00857   0.04591   0.00670   0.04378   0.03781   0.03936   0.01267   0.01416   0.03224   0.05776   0.04394   4.33872   0.94800   0.07415   1.07607  
102  9.7516  16356.024260  x:  0.00343   0.01381   0.03866   0.05190   0.00000   0.01626   0.06869   0.00000   0.09645   0.04674   0.00669   0.23199   0.00000   0.07703   0.03438   0.03112   0.06785   0.06214   0.01656   0.05326   0.00000   0.02480   0.04672   0.05732   0.07739   0.00610   0.11253   0.00000   0.00862   0.04231   0.06509   0.06787   0.07895   0.01314   0.19594   0.06382   0.06774   0.00000   0.00932   0.05368   0.00856   0.04593   0.00670   0.04375   0.03780   0.03939   0.01265   0.01410   0.03228   0.05771   0.04396   4.33933   0.94804   0.07412   1.07604  
103  9.1907  16356.022281  x:  0.00343   0.01381   0.03864   0.05189   0.00000   0.01624   0.06859   0.00000   0.09605   0.04672   0.00665   0.23175   0.00000   0.07703   0.03431   0.03108   0.06789   0.06213   0.01657   0.05319   0.00000   0.02471   0.04671   0.05738   0.07734   0.00611   0.11236   0.00000   0.00863   0.04225   0.06502   0.06794   0.07913   0.01307   0.19569   0.06378   0.06772   0.00000   0.00929   0.05366   0.00857   0.04595   0.00671   0.04367   0.03778   0.03940   0.01266   0.01416   0.03234   0.05757   0.04400   4.34146   0.94801   0.07419   1.07592  
104 31.0334  16356.018368  x:  0.00343   0.01380   0.03859   0.05198   0.00000   0.01636   0.06859   0.00000   0.09541   0.04681   0.00667   0.23147   0.00000   0.07706   0.03435   0.03102   0.06787   0.06215   0.01649   0.05323   0.00000   0.02462   0.04664   0.05736   0.07732   0.00610   0.11219   0.00000   0.00862   0.04229   0.06503   0.06811   0.07948   0.01301   0.19520   0.06383   0.06775   0.00000   0.00930   0.05367   0.00856   0.04588   0.00670   0.04379   0.03785   0.03930   0.01266   0.01413   0.03216   0.05763   0.04393   4.34584   0.94798   0.07406   1.07570  
105 41.9516  16356.014847  x:  0.00342   0.01378   0.03860   0.05203   0.00000   0.01613   0.06866   0.00000   0.09506   0.04682   0.00663   0.23140   0.00000   0.07710   0.03440   0.03108   0.06782   0.06217   0.01663   0.05333   0.00000   0.02468   0.04667   0.05726   0.07736   0.00611   0.11224   0.00000   0.00862   0.04233   0.06513   0.06816   0.07972   0.01292   0.19494   0.06391   0.06778   0.00000   0.00930   0.05367   0.00856   0.04585   0.00670   0.04384   0.03782   0.03933   0.01266   0.01414   0.03222   0.05782   0.04389   4.34988   0.94795   0.07401   1.07549  
106 54.1529  16356.008495  x:  0.00342   0.01379   0.03865   0.05203   0.00000   0.01634   0.06886   0.00000   0.09473   0.04676   0.00664   0.23154   0.00000   0.07717   0.03442   0.03124   0.06771   0.06214   0.01650   0.05338   0.00000   0.02489   0.04673   0.05716   0.07746   0.00610   0.11254   0.00000   0.00862   0.04233   0.06523   0.06815   0.08002   0.01283   0.19478   0.06397   0.06780   0.00000   0.00930   0.05366   0.00857   0.04591   0.00671   0.04373   0.03774   0.03946   0.01267   0.01414   0.03242   0.05801   0.04393   4.35735   0.94782   0.07414   1.07508  
107 80.7256  16355.990674  x:  0.00344   0.01379   0.03876   0.05191   0.00000   0.01623   0.06899   0.00000   0.09453   0.04670   0.00667   0.23236   0.00000   0.07735   0.03428   0.03098   0.06776   0.06216   0.01658   0.05320   0.00000   0.02538   0.04678   0.05731   0.07760   0.00608   0.11337   0.00000   0.00862   0.04223   0.06521   0.06820   0.08051   0.01307   0.19509   0.06391   0.06780   0.00000   0.00929   0.05371   0.00857   0.04609   0.00670   0.04361   0.03792   0.03938   0.01266   0.01415   0.03209   0.05769   0.04408   4.37852   0.94773   0.07401   1.07397  
108 129.7626  16355.974126  x:  0.00342   0.01382   0.03861   0.05189   0.00000   0.01625   0.06866   0.00000   0.09489   0.04689   0.00662   0.23310   0.00000   0.07746   0.03442   0.03110   0.06796   0.06219   0.01656   0.05320   0.00000   0.02535   0.04658   0.05752   0.07743   0.00608   0.11329   0.00000   0.00862   0.04244   0.06497   0.06791   0.08056   0.01299   0.19575   0.06380   0.06776   0.00000   0.00931   0.05370   0.00856   0.04578   0.00670   0.04398   0.03778   0.03928   0.01266   0.01414   0.03237   0.05751   0.04391   4.39832   0.94760   0.07393   1.07291  
109 177.1590  16355.961572  x:  0.00343   0.01381   0.03860   0.05203   0.00000   0.01628   0.06849   0.00000   0.09560   0.04682   0.00662   0.23339   0.00000   0.07746   0.03443   0.03110   0.06794   0.06220   0.01654   0.05338   0.00000   0.02487   0.04670   0.05731   0.07729   0.00610   0.11252   0.00000   0.00862   0.04232   0.06502   0.06791   0.08020   0.01321   0.19631   0.06384   0.06775   0.00000   0.00930   0.05368   0.00857   0.04592   0.00670   0.04369   0.03784   0.03946   0.01266   0.01414   0.03224   0.05786   0.04391   4.41333   0.94751   0.07388   1.07211  
110 139.0224  16355.957738  x:  0.00342   0.01381   0.03866   0.05197   0.00000   0.01626   0.06876   0.00000   0.09607   0.04675   0.00664   0.23315   0.00000   0.07739   0.03432   0.03110   0.06784   0.06217   0.01655   0.05325   0.00000   0.02469   0.04672   0.05727   0.07742   0.00610   0.11231   0.00000   0.00862   0.04229   0.06520   0.06786   0.07981   0.01309   0.19627   0.06391   0.06780   0.00000   0.00931   0.05370   0.00856   0.04597   0.00670   0.04382   0.03782   0.03927   0.01266   0.01414   0.03227   0.05777   0.04402   4.41793   0.94752   0.07385   1.07186  
111 47.7281  16355.955091  x:  0.00343   0.01381   0.03864   0.05191   0.00000   0.01624   0.06890   0.00000   0.09660   0.04678   0.00660   0.23270   0.00000   0.07728   0.03440   0.03112   0.06781   0.06215   0.01656   0.05325   0.00000   0.02468   0.04667   0.05735   0.07750   0.00610   0.11240   0.00000   0.00862   0.04234   0.06517   0.06799   0.07935   0.01314   0.19604   0.06389   0.06779   0.00000   0.00930   0.05369   0.00857   0.04587   0.00670   0.04378   0.03783   0.03944   0.01266   0.01414   0.03226   0.05766   0.04392   4.42112   0.94756   0.07387   1.07167  
112 30.4742  16355.953931  x:  0.00343   0.01381   0.03863   0.05196   0.00000   0.01625   0.06878   0.00000   0.09688   0.04678   0.00661   0.23243   0.00000   0.07720   0.03439   0.03108   0.06785   0.06217   0.01655   0.05331   0.00000   0.02477   0.04669   0.05735   0.07744   0.00609   0.11254   0.00000   0.00862   0.04232   0.06507   0.06798   0.07910   0.01307   0.19587   0.06386   0.06777   0.00000   0.00930   0.05368   0.00856   0.04592   0.00670   0.04375   0.03783   0.03935   0.01266   0.01414   0.03226   0.05775   0.04394   4.42252   0.94759   0.07386   1.07159  
113 19.1953  16355.953856  x:  0.00343   0.01381   0.03863   0.05196   0.00000   0.01625   0.06874   0.00000   0.09690   0.04676   0.00662   0.23241   0.00000   0.07719   0.03437   0.03110   0.06786   0.06217   0.01655   0.05328   0.00000   0.02480   0.04669   0.05732   0.07741   0.00609   0.11255   0.00000   0.00862   0.04232   0.06509   0.06798   0.07909   0.01310   0.19585   0.06387   0.06777   0.00000   0.00930   0.05368   0.00856   0.04591   0.00670   0.04378   0.03782   0.03937   0.01266   0.01414   0.03225   0.05775   0.04395   4.42261   0.94760   0.07386   1.07158  
114  2.4746  16355.953846  x:  0.00343   0.01380   0.03863   0.05196   0.00000   0.01625   0.06874   0.00000   0.09691   0.04677   0.00662   0.23241   0.00000   0.07718   0.03437   0.03110   0.06786   0.06217   0.01655   0.05328   0.00000   0.02481   0.04669   0.05732   0.07740   0.00610   0.11254   0.00000   0.00862   0.04232   0.06511   0.06796   0.07909   0.01310   0.19584   0.06387   0.06777   0.00000   0.00930   0.05368   0.00856   0.04591   0.00670   0.04377   0.03783   0.03937   0.01266   0.01414   0.03225   0.05774   0.04395   4.42262   0.94760   0.07386   1.07157  
115  0.5925  16355.953841  x:  0.00343   0.01380   0.03863   0.05196   0.00000   0.01625   0.06874   0.00000   0.09691   0.04677   0.00662   0.23241   0.00000   0.07716   0.03437   0.03110   0.06785   0.06217   0.01655   0.05328   0.00000   0.02482   0.04669   0.05732   0.07740   0.00610   0.11253   0.00000   0.00862   0.04232   0.06511   0.06794   0.07909   0.01312   0.19583   0.06387   0.06777   0.00000   0.00930   0.05368   0.00856   0.04591   0.00670   0.04377   0.03782   0.03936   0.01266   0.01414   0.03225   0.05774   0.04395   4.42263   0.94760   0.07386   1.07156  
116  0.3547  16355.953839  x:  0.00343   0.01380   0.03863   0.05196   0.00000   0.01625   0.06874   0.00000   0.09691   0.04676   0.00662   0.23241   0.00000   0.07715   0.03437   0.03110   0.06785   0.06217   0.01655   0.05328   0.00000   0.02482   0.04669   0.05732   0.07741   0.00610   0.11253   0.00000   0.00862   0.04232   0.06510   0.06793   0.07910   0.01312   0.19583   0.06387   0.06777   0.00000   0.00930   0.05368   0.00856   0.04591   0.00670   0.04377   0.03783   0.03937   0.01266   0.01414   0.03225   0.05774   0.04395   4.42263   0.94761   0.07386   1.07155  
117  0.2811  16355.953837  x:  0.00343   0.01380   0.03863   0.05196   0.00000   0.01625   0.06874   0.00000   0.09691   0.04676   0.00662   0.23241   0.00000   0.07713   0.03437   0.03110   0.06785   0.06217   0.01655   0.05328   0.00000   0.02482   0.04669   0.05732   0.07741   0.00609   0.11254   0.00000   0.00862   0.04232   0.06510   0.06793   0.07910   0.01312   0.19583   0.06387   0.06777   0.00000   0.00930   0.05368   0.00856   0.04591   0.00670   0.04377   0.03782   0.03936   0.01266   0.01414   0.03225   0.05774   0.04395   4.42263   0.94760   0.07386   1.07153  
118  0.2102  16355.953835  x:  0.00343   0.01380   0.03863   0.05196   0.00000   0.01625   0.06874   0.00000   0.09692   0.04677   0.00662   0.23241   0.00000   0.07711   0.03437   0.03110   0.06786   0.06217   0.01655   0.05328   0.00000   0.02481   0.04669   0.05732   0.07741   0.00610   0.11254   0.00000   0.00862   0.04232   0.06510   0.06793   0.07911   0.01312   0.19583   0.06387   0.06777   0.00000   0.00930   0.05368   0.00856   0.04591   0.00670   0.04377   0.03783   0.03936   0.01266   0.01414   0.03225   0.05774   0.04395   4.42263   0.94760   0.07386   1.07149  
119  0.2868  16355.953831  x:  0.00343   0.01380   0.03863   0.05196   0.00000   0.01625   0.06874   0.00000   0.09692   0.04676   0.00662   0.23241   0.00000   0.07709   0.03437   0.03109   0.06786   0.06217   0.01655   0.05328   0.00000   0.02481   0.04669   0.05732   0.07740   0.00610   0.11254   0.00000   0.00862   0.04232   0.06511   0.06795   0.07912   0.01311   0.19584   0.06387   0.06777   0.00000   0.00930   0.05368   0.00856   0.04591   0.00670   0.04377   0.03782   0.03937   0.01266   0.01414   0.03225   0.05774   0.04395   4.42263   0.94760   0.07385   1.07140  
120  0.3619  16355.953825  x:  0.00343   0.01381   0.03863   0.05196   0.00000   0.01625   0.06874   0.00000   0.09692   0.04676   0.00662   0.23241   0.00000   0.07706   0.03437   0.03110   0.06785   0.06217   0.01655   0.05328   0.00000   0.02483   0.04669   0.05732   0.07740   0.00610   0.11253   0.00000   0.00862   0.04232   0.06510   0.06796   0.07912   0.01310   0.19584   0.06387   0.06777   0.00000   0.00930   0.05368   0.00856   0.04591   0.00670   0.04377   0.03783   0.03936   0.01266   0.01414   0.03225   0.05775   0.04395   4.42263   0.94760   0.07385   1.07125  
121  1.1356  16355.953813  x:  0.00343   0.01380   0.03863   0.05197   0.00000   0.01625   0.06874   0.00000   0.09692   0.04677   0.00662   0.23241   0.00000   0.07705   0.03437   0.03109   0.06785   0.06217   0.01655   0.05328   0.00000   0.02484   0.04669   0.05731   0.07741   0.00609   0.11253   0.00000   0.00862   0.04231   0.06510   0.06797   0.07912   0.01309   0.19585   0.06387   0.06777   0.00000   0.00930   0.05367   0.00856   0.04591   0.00670   0.04377   0.03782   0.03937   0.01266   0.01414   0.03225   0.05774   0.04395   4.42263   0.94761   0.07382   1.07093  
122  1.3956  16355.953634  x:  0.00343   0.01380   0.03863   0.05199   0.00000   0.01625   0.06873   0.00000   0.09691   0.04675   0.00663   0.23241   0.00000   0.07705   0.03434   0.03112   0.06785   0.06216   0.01655   0.05332   0.00000   0.02485   0.04667   0.05728   0.07745   0.00609   0.11252   0.00000   0.00862   0.04235   0.06509   0.06799   0.07913   0.01309   0.19585   0.06386   0.06774   0.00000   0.00930   0.05367   0.00856   0.04589   0.00670   0.04375   0.03784   0.03934   0.01266   0.01414   0.03226   0.05770   0.04396   4.42265   0.94762   0.07356   1.06622  
123  5.8161  16355.952706  x:  0.00342   0.01380   0.03862   0.05197   0.00000   0.01625   0.06871   0.00000   0.09688   0.04675   0.00662   0.23238   0.00000   0.07708   0.03437   0.03110   0.06785   0.06214   0.01655   0.05328   0.00000   0.02483   0.04667   0.05733   0.07748   0.00609   0.11252   0.00000   0.00862   0.04229   0.06509   0.06800   0.07913   0.01308   0.19585   0.06386   0.06774   0.00000   0.00930   0.05370   0.00856   0.04592   0.00670   0.04379   0.03782   0.03936   0.01266   0.01414   0.03225   0.05776   0.04394   4.42273   0.94770   0.07219   1.04170  
124 86.2310  16355.952632  x:  0.00342   0.01380   0.03862   0.05195   0.00000   0.01625   0.06874   0.00000   0.09688   0.04677   0.00662   0.23238   0.00000   0.07709   0.03436   0.03111   0.06785   0.06216   0.01655   0.05327   0.00000   0.02482   0.04669   0.05732   0.07743   0.00609   0.11253   0.00000   0.00862   0.04231   0.06507   0.06800   0.07913   0.01309   0.19585   0.06385   0.06776   0.00000   0.00930   0.05367   0.00856   0.04591   0.00670   0.04378   0.03783   0.03936   0.01266   0.01414   0.03225   0.05775   0.04396   4.42273   0.94770   0.07208   1.03974  
125 32.8551  16355.952629  x:  0.00342   0.01380   0.03862   0.05196   0.00000   0.01625   0.06875   0.00000   0.09688   0.04676   0.00662   0.23238   0.00000   0.07709   0.03436   0.03111   0.06785   0.06217   0.01655   0.05328   0.00000   0.02482   0.04668   0.05731   0.07742   0.00609   0.11253   0.00000   0.00862   0.04230   0.06507   0.06800   0.07913   0.01309   0.19585   0.06385   0.06776   0.00000   0.00930   0.05367   0.00856   0.04592   0.00670   0.04378   0.03783   0.03936   0.01266   0.01414   0.03225   0.05775   0.04395   4.42273   0.94770   0.07208   1.03967  
126  1.5508  16355.952629  x:  0.00342   0.01380   0.03862   0.05196   0.00000   0.01625   0.06875   0.00000   0.09688   0.04676   0.00662   0.23238   0.00000   0.07709   0.03436   0.03111   0.06785   0.06216   0.01655   0.05328   0.00000   0.02482   0.04668   0.05731   0.07742   0.00609   0.11253   0.00000   0.00862   0.04230   0.06507   0.06800   0.07913   0.01309   0.19585   0.06385   0.06776   0.00000   0.00930   0.05367   0.00856   0.04592   0.00670   0.04378   0.03783   0.03936   0.01266   0.01414   0.03225   0.05775   0.04395   4.42273   0.94770   0.07208   1.03967  
127  0.0351  16355.952629  x:  0.00342   0.01380   0.03862   0.05196   0.00000   0.01625   0.06875   0.00000   0.09688   0.04676   0.00662   0.23238   0.00000   0.07709   0.03436   0.03111   0.06785   0.06217   0.01655   0.05328   0.00000   0.02482   0.04668   0.05731   0.07742   0.00609   0.11253   0.00000   0.00862   0.04230   0.06507   0.06800   0.07913   0.01309   0.19585   0.06385   0.06776   0.00000   0.00930   0.05367   0.00856   0.04592   0.00670   0.04378   0.03783   0.03936   0.01266   0.01414   0.03225   0.05775   0.04395   4.42273   0.94770   0.07208   1.03967  
128  0.0203  16355.952629  x:  0.00342   0.01380   0.03862   0.05196   0.00000   0.01625   0.06875   0.00000   0.09688   0.04676   0.00662   0.23238   0.00000   0.07709   0.03436   0.03111   0.06785   0.06217   0.01655   0.05328   0.00000   0.02482   0.04668   0.05731   0.07742   0.00609   0.11253   0.00000   0.00862   0.04230   0.06507   0.06800   0.07913   0.01309   0.19585   0.06385   0.06776   0.00000   0.00930   0.05367   0.00856   0.04591   0.00670   0.04378   0.03783   0.03936   0.01266   0.01414   0.03225   0.05775   0.04395   4.42273   0.94770   0.07208   1.03966  
129  0.0045  16355.952626  x:  0.00342   0.01380   0.03862   0.05195   0.00000   0.01625   0.06875   0.00000   0.09688   0.04676   0.00662   0.23238   0.00000   0.07709   0.03436   0.03111   0.06786   0.06216   0.01655   0.05328   0.00000   0.02482   0.04668   0.05731   0.07742   0.00609   0.11253   0.00000   0.00862   0.04231   0.06507   0.06800   0.07913   0.01309   0.19585   0.06385   0.06776   0.00000   0.00930   0.05367   0.00856   0.04592   0.00670   0.04379   0.03783   0.03936   0.01266   0.01414   0.03225   0.05775   0.04395   4.42276   0.94770   0.07207   1.03963  
130  0.0255  16355.952582  x:  0.00342   0.01380   0.03865   0.05195   0.00000   0.01625   0.06874   0.00000   0.09687   0.04677   0.00662   0.23235   0.00000   0.07712   0.03436   0.03110   0.06787   0.06215   0.01655   0.05328   0.00000   0.02482   0.04668   0.05731   0.07742   0.00609   0.11253   0.00000   0.00862   0.04231   0.06508   0.06796   0.07916   0.01310   0.19584   0.06387   0.06779   0.00000   0.00930   0.05367   0.00856   0.04591   0.00670   0.04377   0.03782   0.03936   0.01266   0.01415   0.03225   0.05775   0.04395   4.42309   0.94770   0.07203   1.03910  
131  0.8745  16355.952574  x:  0.00342   0.01380   0.03865   0.05195   0.00000   0.01625   0.06873   0.00000   0.09687   0.04677   0.00662   0.23235   0.00000   0.07713   0.03436   0.03110   0.06786   0.06217   0.01655   0.05328   0.00000   0.02482   0.04668   0.05731   0.07742   0.00609   0.11253   0.00000   0.00862   0.04231   0.06509   0.06795   0.07916   0.01311   0.19583   0.06386   0.06778   0.00000   0.00930   0.05367   0.00856   0.04592   0.00670   0.04377   0.03782   0.03936   0.01266   0.01415   0.03225   0.05774   0.04394   4.42315   0.94769   0.07202   1.03900  
132  1.6474  16355.952574  x:  0.00342   0.01380   0.03865   0.05195   0.00000   0.01625   0.06873   0.00000   0.09687   0.04677   0.00662   0.23235   0.00000   0.07713   0.03436   0.03110   0.06786   0.06217   0.01655   0.05328   0.00000   0.02482   0.04667   0.05731   0.07742   0.00609   0.11253   0.00000   0.00862   0.04231   0.06509   0.06795   0.07917   0.01311   0.19583   0.06386   0.06778   0.00000   0.00930   0.05367   0.00856   0.04592   0.00670   0.04377   0.03782   0.03936   0.01266   0.01415   0.03225   0.05774   0.04395   4.42315   0.94769   0.07202   1.03900  
133  0.0663  16355.952574  x:  0.00342   0.01380   0.03865   0.05195   0.00000   0.01625   0.06873   0.00000   0.09687   0.04677   0.00662   0.23235   0.00000   0.07713   0.03436   0.03110   0.06786   0.06217   0.01655   0.05328   0.00000   0.02482   0.04667   0.05731   0.07742   0.00609   0.11253   0.00000   0.00862   0.04231   0.06509   0.06795   0.07917   0.01311   0.19583   0.06386   0.06778   0.00000   0.00930   0.05367   0.00856   0.04592   0.00670   0.04377   0.03782   0.03936   0.01266   0.01415   0.03225   0.05774   0.04395   4.42315   0.94769   0.07202   1.03900  
134  0.0100  16355.952569  x:  0.00342   0.01380   0.03865   0.05194   0.00000   0.01625   0.06874   0.00000   0.09687   0.04677   0.00662   0.23234   0.00000   0.07713   0.03436   0.03110   0.06786   0.06217   0.01655   0.05328   0.00000   0.02482   0.04668   0.05731   0.07741   0.00609   0.11254   0.00000   0.00862   0.04231   0.06509   0.06795   0.07917   0.01311   0.19583   0.06387   0.06777   0.00000   0.00930   0.05367   0.00856   0.04591   0.00670   0.04377   0.03782   0.03936   0.01266   0.01415   0.03225   0.05775   0.04395   4.42320   0.94769   0.07204   1.03931  
135  0.0402  16355.952563  x:  0.00342   0.01380   0.03864   0.05195   0.00000   0.01625   0.06874   0.00000   0.09687   0.04677   0.00662   0.23234   0.00000   0.07714   0.03437   0.03110   0.06785   0.06216   0.01655   0.05328   0.00000   0.02483   0.04668   0.05731   0.07741   0.00609   0.11254   0.00000   0.00862   0.04231   0.06510   0.06794   0.07917   0.01311   0.19583   0.06386   0.06777   0.00000   0.00930   0.05368   0.00856   0.04591   0.00670   0.04376   0.03782   0.03936   0.01266   0.01415   0.03225   0.05775   0.04395   4.42325   0.94769   0.07205   1.03969  
136  2.9267  16355.952562  x:  0.00342   0.01380   0.03863   0.05194   0.00000   0.01625   0.06874   0.00000   0.09687   0.04677   0.00662   0.23234   0.00000   0.07714   0.03436   0.03110   0.06785   0.06216   0.01655   0.05328   0.00000   0.02482   0.04668   0.05731   0.07741   0.00609   0.11254   0.00000   0.00862   0.04231   0.06510   0.06794   0.07917   0.01311   0.19583   0.06386   0.06777   0.00000   0.00930   0.05368   0.00856   0.04591   0.00670   0.04376   0.03782   0.03936   0.01266   0.01415   0.03225   0.05774   0.04395   4.42328   0.94769   0.07207   1.03993  
137  0.0004  16355.952561  x:  0.00342   0.01380   0.03864   0.05195   0.00000   0.01625   0.06874   0.00000   0.09687   0.04677   0.00662   0.23234   0.00000   0.07713   0.03436   0.03110   0.06785   0.06216   0.01655   0.05328   0.00000   0.02482   0.04668   0.05731   0.07741   0.00609   0.11254   0.00000   0.00862   0.04232   0.06510   0.06794   0.07917   0.01311   0.19583   0.06386   0.06777   0.00000   0.00930   0.05368   0.00856   0.04591   0.00670   0.04376   0.03782   0.03936   0.01266   0.01415   0.03225   0.05774   0.04395   4.42324   0.94769   0.07206   1.03979  
138  0.0001  16355.952560  x:  0.00342   0.01380   0.03863   0.05195   0.00000   0.01625   0.06874   0.00000   0.09687   0.04677   0.00662   0.23234   0.00000   0.07713   0.03436   0.03110   0.06785   0.06216   0.01655   0.05328   0.00000   0.02482   0.04668   0.05731   0.07740   0.00609   0.11254   0.00000   0.00862   0.04231   0.06510   0.06794   0.07917   0.01311   0.19583   0.06386   0.06776   0.00000   0.00930   0.05368   0.00856   0.04591   0.00670   0.04376   0.03782   0.03936   0.01266   0.01415   0.03225   0.05774   0.04395   4.42323   0.94769   0.07199   1.03866  
139  0.0001  16355.952559  x:  0.00342   0.01380   0.03863   0.05195   0.00000   0.01625   0.06874   0.00000   0.09687   0.04677   0.00662   0.23234   0.00000   0.07713   0.03436   0.03110   0.06785   0.06216   0.01655   0.05328   0.00000   0.02482   0.04668   0.05731   0.07740   0.00609   0.11254   0.00000   0.00862   0.04232   0.06510   0.06794   0.07917   0.01311   0.19583   0.06386   0.06776   0.00000   0.00930   0.05368   0.00856   0.04591   0.00670   0.04376   0.03782   0.03936   0.01266   0.01414   0.03225   0.05774   0.04395   4.42325   0.94769   0.07201   1.03886  
140  0.0002  16355.952559  x:  0.00342   0.01380   0.03863   0.05194   0.00000   0.01625   0.06874   0.00000   0.09687   0.04677   0.00662   0.23234   0.00000   0.07713   0.03436   0.03110   0.06785   0.06216   0.01655   0.05328   0.00000   0.02482   0.04668   0.05731   0.07740   0.00609   0.11254   0.00000   0.00862   0.04231   0.06510   0.06794   0.07917   0.01311   0.19583   0.06386   0.06776   0.00000   0.00930   0.05368   0.00856   0.04591   0.00670   0.04376   0.03782   0.03936   0.01266   0.01414   0.03225   0.05774   0.04395   4.42325   0.94769   0.07200   1.03880  
141  0.0000  16355.952559  x:  0.00342   0.01380   0.03863   0.05194   0.00000   0.01625   0.06874   0.00000   0.09687   0.04677   0.00662   0.23234   0.00000   0.07713   0.03436   0.03110   0.06785   0.06216   0.01655   0.05328   0.00000   0.02482   0.04668   0.05731   0.07740   0.00609   0.11254   0.00000   0.00862   0.04231   0.06510   0.06794   0.07917   0.01311   0.19583   0.06386   0.06776   0.00000   0.00930   0.05368   0.00856   0.04591   0.00670   0.04376   0.03782   0.03936   0.01266   0.01414   0.03225   0.05774   0.04395   4.42325   0.94769   0.07200   1.03880  
142  0.0000  16355.952559  x:  0.00342   0.01380   0.03863   0.05194   0.00000   0.01625   0.06874   0.00000   0.09687   0.04677   0.00662   0.23234   0.00000   0.07713   0.03436   0.03110   0.06785   0.06216   0.01655   0.05328   0.00000   0.02482   0.04668   0.05731   0.07740   0.00609   0.11254   0.00000   0.00862   0.04231   0.06510   0.06794   0.07917   0.01311   0.19583   0.06386   0.06776   0.00000   0.00930   0.05368   0.00856   0.04591   0.00670   0.04376   0.03782   0.03936   0.01266   0.01414   0.03225   0.05774   0.04395   4.42325   0.94769   0.07200   1.03880  