Supplemental results for CODEML (seqf: ccnd1.fasta  treef: ccnd1.tree)


MLEs of dN/dS (w) for site classes (K=6)

p:   0.19811  0.19811  0.19811  0.19811  0.19811  0.00944
w:   0.00001  0.00113  0.01051  0.04895  0.19444  1.00000

Naive Empirical Bayes (NEB) probabilities for 6 classes & postmean_w
(amino acids refer to 1st sequence: Esox_luciu)

   1 M   0.33009 0.32078 0.25223 0.09450 0.00241 0.00000 ( 1)  0.008
   2 E   0.00030 0.03475 0.26806 0.57240 0.12448 0.00000 ( 4)  0.055
   3 N   0.00000 0.00000 0.00002 0.02254 0.97741 0.00003 ( 5)  0.191
   4 Q   0.00000 0.00061 0.04425 0.46484 0.49031 0.00000 ( 5)  0.119
   5 L   0.29206 0.28755 0.25229 0.14793 0.02017 0.00000 ( 1)  0.014
   6 L   0.00021 0.02450 0.19900 0.52503 0.25125 0.00000 ( 4)  0.077
   7 C   0.31367 0.30676 0.25437 0.11841 0.00679 0.00000 ( 1)  0.010
   8 C   0.31260 0.30582 0.25438 0.11996 0.00724 0.00000 ( 1)  0.010
   9 E   0.31641 0.30912 0.25416 0.11441 0.00588 0.00000 ( 1)  0.010
  10 V   0.00024 0.02816 0.22460 0.54971 0.19729 0.00000 ( 4)  0.068
  11 E   0.00000 0.00081 0.05791 0.54779 0.39348 0.00000 ( 4)  0.104
  12 T   0.00000 0.00000 0.00261 0.14111 0.85624 0.00004 ( 5)  0.173
  13 I   0.00000 0.00000 0.00284 0.15012 0.84700 0.00004 ( 5)  0.172
  14 R   0.31027 0.30376 0.25424 0.12323 0.00850 0.00000 ( 1)  0.011
  15 R   0.31049 0.30397 0.25434 0.12295 0.00825 0.00000 ( 1)  0.011
  16 A   0.30455 0.29875 0.25414 0.13136 0.01120 0.00000 ( 1)  0.012
  17 Y   0.00000 0.00056 0.04129 0.44471 0.51344 0.00000 ( 5)  0.122
  18 H   0.00000 0.00000 0.00025 0.05677 0.94294 0.00003 ( 5)  0.186
  19 D   0.32454 0.31609 0.25326 0.10256 0.00354 0.00000 ( 1)  0.009
  20 T   0.00000 0.00000 0.00000 0.00000 0.00368 0.99632 ( 6)  0.997
  21 N   0.32655 0.31780 0.25291 0.09964 0.00311 0.00000 ( 1)  0.009
  22 L   0.29240 0.28785 0.25234 0.14748 0.01993 0.00000 ( 1)  0.014
  23 L   0.29883 0.29364 0.25350 0.13915 0.01488 0.00000 ( 1)  0.013
  24 N   0.00034 0.03844 0.29097 0.57567 0.09459 0.00000 ( 4)  0.050
  25 D   0.00034 0.03869 0.29267 0.57653 0.09177 0.00000 ( 4)  0.049
  26 R   0.29224 0.28770 0.25223 0.14759 0.02025 0.00000 ( 1)  0.014
  27 V   0.29912 0.29392 0.25359 0.13880 0.01457 0.00000 ( 1)  0.013
  28 L   0.29369 0.28902 0.25258 0.14580 0.01891 0.00000 ( 1)  0.014
  29 Q   0.00000 0.00000 0.00001 0.01313 0.98661 0.00025 ( 5)  0.193
  30 T   0.00027 0.03139 0.24627 0.56345 0.15862 0.00000 ( 4)  0.061
  31 M   0.00038 0.04388 0.32327 0.57167 0.06080 0.00000 ( 4)  0.043
  32 L   0.29890 0.29371 0.25352 0.13906 0.01481 0.00000 ( 1)  0.013
  33 K   0.00000 0.00066 0.04813 0.48970 0.46151 0.00000 ( 4)  0.114
  34 A   0.00026 0.03000 0.23702 0.55823 0.17449 0.00000 ( 4)  0.064
  35 E   0.31548 0.30832 0.25425 0.11577 0.00618 0.00000 ( 1)  0.010
  36 E   0.00031 0.03549 0.27273 0.57356 0.11791 0.00000 ( 4)  0.054
  37 N   0.00000 0.00000 0.00048 0.09371 0.90581 0.00000 ( 5)  0.181
  38 Y   0.30509 0.29922 0.25419 0.13063 0.01087 0.00000 ( 1)  0.012
  39 L   0.30170 0.29621 0.25386 0.13528 0.01295 0.00000 ( 1)  0.012
  40 P   0.30666 0.30061 0.25427 0.12841 0.01006 0.00000 ( 1)  0.011
  41 S   0.00000 0.00000 0.00192 0.11157 0.88635 0.00016 ( 5)  0.178
  42 P   0.00000 0.00055 0.04047 0.43836 0.52062 0.00000 ( 5)  0.123
  43 N   0.32476 0.31627 0.25321 0.10225 0.00351 0.00000 ( 1)  0.009
  44 Y   0.30599 0.30002 0.25425 0.12937 0.01037 0.00000 ( 1)  0.011
  45 F   0.00031 0.03499 0.26969 0.57354 0.12148 0.00000 ( 4)  0.055
  46 K   0.31721 0.30982 0.25411 0.11325 0.00561 0.00000 ( 1)  0.010
  47 C   0.30701 0.30092 0.25431 0.12794 0.00983 0.00000 ( 1)  0.011
  48 V   0.29982 0.29454 0.25368 0.13786 0.01409 0.00000 ( 1)  0.012
  49 Q   0.31132 0.30470 0.25438 0.12179 0.00782 0.00000 ( 1)  0.011
  50 K   0.00032 0.03704 0.28230 0.57472 0.10563 0.00000 ( 4)  0.052
  51 E   0.00032 0.03611 0.27661 0.57421 0.11275 0.00000 ( 4)  0.053
  52 I   0.00000 0.00048 0.03546 0.40288 0.56119 0.00000 ( 5)  0.129
  53 I   0.00000 0.00000 0.00001 0.01018 0.98841 0.00140 ( 5)  0.194
  54 P   0.30332 0.29765 0.25402 0.13306 0.01194 0.00000 ( 1)  0.012
  55 K   0.00000 0.00000 0.00002 0.01641 0.98345 0.00012 ( 5)  0.192
  56 M   0.33009 0.32078 0.25223 0.09450 0.00241 0.00000 ( 1)  0.008
  57 R   0.31302 0.30615 0.25415 0.11926 0.00741 0.00000 ( 1)  0.010
  58 K   0.00032 0.03687 0.28131 0.57479 0.10671 0.00000 ( 4)  0.052
  59 I   0.00000 0.00061 0.04461 0.46700 0.48778 0.00000 ( 5)  0.118
  60 V   0.00000 0.00044 0.03269 0.38049 0.58638 0.00000 ( 5)  0.133
  61 A   0.30822 0.30199 0.25433 0.12620 0.00926 0.00000 ( 1)  0.011
  62 T   0.30923 0.30287 0.25435 0.12477 0.00878 0.00000 ( 1)  0.011
  63 W   0.30448 0.29869 0.25420 0.13151 0.01112 0.00000 ( 1)  0.012
  64 M   0.33009 0.32078 0.25223 0.09450 0.00241 0.00000 ( 1)  0.008
  65 L   0.29188 0.28738 0.25220 0.14808 0.02046 0.00000 ( 1)  0.014
  66 E   0.31530 0.30817 0.25428 0.11604 0.00621 0.00000 ( 1)  0.010
  67 V   0.30558 0.29966 0.25424 0.12995 0.01058 0.00000 ( 1)  0.011
  68 C   0.30855 0.30228 0.25437 0.12575 0.00905 0.00000 ( 1)  0.011
  69 E   0.31621 0.30895 0.25418 0.11471 0.00595 0.00000 ( 1)  0.010
  70 E   0.31717 0.30978 0.25411 0.11331 0.00563 0.00000 ( 1)  0.010
  71 Q   0.31117 0.30457 0.25440 0.12201 0.00784 0.00000 ( 1)  0.011
  72 K   0.31939 0.31169 0.25393 0.11008 0.00491 0.00000 ( 1)  0.009
  73 C   0.30645 0.30043 0.25429 0.12872 0.01010 0.00000 ( 1)  0.011
  74 E   0.31687 0.30952 0.25414 0.11375 0.00572 0.00000 ( 1)  0.010
  75 E   0.31541 0.30826 0.25426 0.11589 0.00619 0.00000 ( 1)  0.010
  76 E   0.31540 0.30825 0.25426 0.11590 0.00620 0.00000 ( 1)  0.010
  77 V   0.29729 0.29227 0.25332 0.14125 0.01587 0.00000 ( 1)  0.013
  78 F   0.31013 0.30367 0.25442 0.12352 0.00827 0.00000 ( 1)  0.011
  79 P   0.30692 0.30084 0.25428 0.12804 0.00993 0.00000 ( 1)  0.011
  80 L   0.29199 0.28749 0.25228 0.14802 0.02023 0.00000 ( 1)  0.014
  81 A   0.30161 0.29613 0.25387 0.13542 0.01296 0.00000 ( 1)  0.012
  82 M   0.33009 0.32078 0.25223 0.09450 0.00241 0.00000 ( 1)  0.008
  83 N   0.32573 0.31710 0.25305 0.10083 0.00328 0.00000 ( 1)  0.009
  84 Y   0.00025 0.02839 0.22621 0.55102 0.19414 0.00000 ( 4)  0.067
  85 L   0.00020 0.02280 0.18689 0.51153 0.27858 0.00000 ( 4)  0.081
  86 D   0.32447 0.31603 0.25327 0.10267 0.00356 0.00000 ( 1)  0.009
  87 R   0.30856 0.30227 0.25425 0.12567 0.00926 0.00000 ( 1)  0.011
  88 F   0.30987 0.30344 0.25442 0.12389 0.00838 0.00000 ( 1)  0.011
  89 L   0.28929 0.28503 0.25163 0.15132 0.02273 0.00000 ( 1)  0.015
  90 S   0.29534 0.29052 0.25297 0.14378 0.01740 0.00000 ( 1)  0.013
  91 V   0.30320 0.29755 0.25405 0.13326 0.01194 0.00000 ( 1)  0.012
  92 E   0.00031 0.03515 0.27055 0.57295 0.12105 0.00000 ( 4)  0.054
  93 H   0.00000 0.00000 0.00000 0.00313 0.99384 0.00303 ( 5)  0.196
  94 T   0.00000 0.00054 0.03978 0.43339 0.52629 0.00000 ( 5)  0.124
  95 K   0.00000 0.00000 0.00030 0.06490 0.93477 0.00003 ( 5)  0.185
  96 K   0.31875 0.31114 0.25398 0.11102 0.00512 0.00000 ( 1)  0.009
  97 T   0.00000 0.00001 0.00377 0.18611 0.81011 0.00001 ( 5)  0.167
  98 R   0.30919 0.30282 0.25426 0.12478 0.00895 0.00000 ( 1)  0.011
  99 L   0.29077 0.28638 0.25197 0.14950 0.02138 0.00000 ( 1)  0.014
 100 Q   0.31148 0.30484 0.25436 0.12156 0.00777 0.00000 ( 1)  0.010
 101 L   0.29306 0.28845 0.25247 0.14664 0.01939 0.00000 ( 1)  0.014
 102 L   0.29390 0.28921 0.25265 0.14558 0.01866 0.00000 ( 1)  0.014
 103 G   0.30198 0.29646 0.25389 0.13490 0.01277 0.00000 ( 1)  0.012
 104 A   0.30258 0.29700 0.25397 0.13409 0.01236 0.00000 ( 1)  0.012
 105 T   0.00000 0.00000 0.00335 0.17029 0.82634 0.00001 ( 5)  0.169
 106 C   0.31261 0.30583 0.25438 0.11994 0.00724 0.00000 ( 1)  0.010
 107 M   0.33009 0.32078 0.25223 0.09450 0.00241 0.00000 ( 1)  0.008
 108 F   0.30946 0.30308 0.25441 0.12447 0.00857 0.00000 ( 1)  0.011
 109 L   0.29274 0.28816 0.25244 0.14708 0.01958 0.00000 ( 1)  0.014
 110 A   0.30894 0.30261 0.25435 0.12519 0.00891 0.00000 ( 1)  0.011
 111 S   0.30058 0.29521 0.25375 0.13682 0.01364 0.00000 ( 1)  0.012
 112 K   0.31800 0.31049 0.25406 0.11211 0.00534 0.00000 ( 1)  0.010
 113 M   0.33009 0.32078 0.25223 0.09450 0.00241 0.00000 ( 1)  0.008
 114 K   0.31710 0.30972 0.25413 0.11341 0.00563 0.00000 ( 1)  0.010
 115 E   0.31647 0.30917 0.25417 0.11434 0.00586 0.00000 ( 1)  0.010
 116 T   0.30613 0.30014 0.25423 0.12914 0.01036 0.00000 ( 1)  0.011
 117 V   0.00024 0.02717 0.21776 0.54381 0.21102 0.00000 ( 4)  0.070
 118 P   0.30714 0.30103 0.25428 0.12773 0.00982 0.00000 ( 1)  0.011
 119 L   0.28948 0.28516 0.25138 0.15068 0.02329 0.00000 ( 1)  0.015
 120 T   0.00026 0.03002 0.23719 0.55827 0.17425 0.00000 ( 4)  0.064
 121 A   0.00026 0.03045 0.24003 0.56018 0.16908 0.00000 ( 4)  0.063
 122 E   0.31554 0.30837 0.25423 0.11568 0.00617 0.00000 ( 1)  0.010
 123 K   0.31791 0.31042 0.25406 0.11224 0.00538 0.00000 ( 1)  0.010
 124 L   0.30023 0.29488 0.25350 0.13709 0.01430 0.00000 ( 1)  0.012
 125 C   0.31119 0.30459 0.25439 0.12198 0.00785 0.00000 ( 1)  0.011
 126 I   0.31605 0.30882 0.25420 0.11494 0.00599 0.00000 ( 1)  0.010
 127 Y   0.30759 0.30144 0.25433 0.12711 0.00953 0.00000 ( 1)  0.011
 128 T   0.30847 0.30220 0.25433 0.12585 0.00915 0.00000 ( 1)  0.011
 129 D   0.32539 0.31682 0.25314 0.10132 0.00333 0.00000 ( 1)  0.009
 130 N   0.32613 0.31744 0.25297 0.10025 0.00321 0.00000 ( 1)  0.009
 131 S   0.29933 0.29410 0.25360 0.13851 0.01446 0.00000 ( 1)  0.013
 132 I   0.00000 0.00001 0.00348 0.17524 0.82127 0.00001 ( 5)  0.168
 133 R   0.00000 0.00000 0.00000 0.00238 0.98694 0.01068 ( 5)  0.203
 134 P   0.30809 0.30187 0.25432 0.12639 0.00934 0.00000 ( 1)  0.011
 135 S   0.00000 0.00000 0.00000 0.00013 0.81769 0.18218 ( 5)  0.341
 136 D   0.00031 0.03607 0.27628 0.57385 0.11348 0.00000 ( 4)  0.053
 137 L   0.29403 0.28933 0.25268 0.14542 0.01854 0.00000 ( 1)  0.014
 138 L   0.29170 0.28723 0.25221 0.14838 0.02048 0.00000 ( 1)  0.014
 139 Q   0.31373 0.30680 0.25435 0.11832 0.00680 0.00000 ( 1)  0.010
 140 M   0.33009 0.32078 0.25223 0.09450 0.00241 0.00000 ( 1)  0.008
 141 E   0.31632 0.30905 0.25418 0.11455 0.00590 0.00000 ( 1)  0.010
 142 L   0.29425 0.28953 0.25275 0.14516 0.01831 0.00000 ( 1)  0.014
 143 L   0.29241 0.28787 0.25238 0.14750 0.01984 0.00000 ( 1)  0.014
 144 A   0.00000 0.00000 0.00001 0.00927 0.98874 0.00199 ( 5)  0.195
 145 L   0.29804 0.29294 0.25339 0.14020 0.01542 0.00000 ( 1)  0.013
 146 N   0.00000 0.00000 0.00003 0.02479 0.97517 0.00002 ( 5)  0.191
 147 K   0.31763 0.31018 0.25406 0.11263 0.00550 0.00000 ( 1)  0.010
 148 L   0.29248 0.28793 0.25239 0.14741 0.01980 0.00000 ( 1)  0.014
 149 K   0.31756 0.31012 0.25410 0.11275 0.00548 0.00000 ( 1)  0.010
 150 W   0.30448 0.29869 0.25420 0.13151 0.01112 0.00000 ( 1)  0.012
 151 D   0.31836 0.31081 0.25404 0.11158 0.00520 0.00000 ( 1)  0.009
 152 L   0.29347 0.28883 0.25259 0.14615 0.01897 0.00000 ( 1)  0.014
 153 A   0.30719 0.30107 0.25429 0.12767 0.00978 0.00000 ( 1)  0.011
 154 S   0.00019 0.02241 0.18407 0.50776 0.28556 0.00000 ( 4)  0.082
 155 V   0.30560 0.29968 0.25423 0.12992 0.01057 0.00000 ( 1)  0.011
 156 T   0.00027 0.03052 0.24053 0.56037 0.16831 0.00000 ( 4)  0.063
 157 P   0.00026 0.02964 0.23461 0.55658 0.17892 0.00000 ( 4)  0.065
 158 H   0.32250 0.31436 0.25354 0.10553 0.00406 0.00000 ( 1)  0.009
 159 D   0.32160 0.31359 0.25370 0.10685 0.00426 0.00000 ( 1)  0.009
 160 F   0.31687 0.30953 0.25422 0.11377 0.00560 0.00000 ( 1)  0.010
 161 I   0.00027 0.03148 0.24690 0.56420 0.15714 0.00000 ( 4)  0.061
 162 D   0.00031 0.03597 0.27576 0.57419 0.11376 0.00000 ( 4)  0.053
 163 H   0.32223 0.31413 0.25358 0.10593 0.00413 0.00000 ( 1)  0.009
 164 F   0.31664 0.30934 0.25423 0.11410 0.00569 0.00000 ( 1)  0.010
 165 L   0.29899 0.29379 0.25349 0.13891 0.01483 0.00000 ( 1)  0.013
 166 S   0.00000 0.00000 0.00001 0.01147 0.98768 0.00084 ( 5)  0.193
 167 K   0.31766 0.31021 0.25409 0.11260 0.00545 0.00000 ( 1)  0.010
 168 L   0.00020 0.02365 0.19299 0.51870 0.26445 0.00000 ( 4)  0.079
 169 P   0.00000 0.00000 0.00000 0.00362 0.99475 0.00163 ( 5)  0.195
 170 I   0.31391 0.30695 0.25430 0.11805 0.00678 0.00000 ( 1)  0.010
 171 H   0.00000 0.00001 0.00516 0.23496 0.75987 0.00000 ( 5)  0.159
 172 Q   0.00000 0.00000 0.00000 0.00265 0.99146 0.00589 ( 5)  0.199
 173 N   0.00000 0.00000 0.00000 0.00056 0.96780 0.03163 ( 5)  0.220
 174 T   0.00000 0.00057 0.04200 0.44907 0.50835 0.00000 ( 5)  0.121
 175 K   0.00031 0.03566 0.27378 0.57376 0.11649 0.00000 ( 4)  0.054
 176 Q   0.00000 0.00001 0.00405 0.19652 0.79942 0.00000 ( 5)  0.165
 177 I   0.00030 0.03404 0.26350 0.57094 0.13122 0.00000 ( 4)  0.056
 178 L   0.29736 0.29233 0.25330 0.14112 0.01589 0.00000 ( 1)  0.013
 179 R   0.30974 0.30328 0.25413 0.12392 0.00894 0.00000 ( 1)  0.011
 180 K   0.31815 0.31062 0.25402 0.11188 0.00532 0.00000 ( 1)  0.010
 181 H   0.32070 0.31282 0.25377 0.10816 0.00454 0.00000 ( 1)  0.009
 182 A   0.30772 0.30154 0.25432 0.12692 0.00950 0.00000 ( 1)  0.011
 183 Q   0.31126 0.30465 0.25439 0.12188 0.00783 0.00000 ( 1)  0.011
 184 T   0.30924 0.30288 0.25435 0.12475 0.00878 0.00000 ( 1)  0.011
 185 F   0.31126 0.30466 0.25442 0.12189 0.00777 0.00000 ( 1)  0.010
 186 V   0.30329 0.29763 0.25406 0.13313 0.01189 0.00000 ( 1)  0.012
 187 A   0.30316 0.29752 0.25402 0.13328 0.01202 0.00000 ( 1)  0.012
 188 L   0.30601 0.30004 0.25425 0.12933 0.01037 0.00000 ( 1)  0.011
 189 C   0.30572 0.29979 0.25425 0.12975 0.01048 0.00000 ( 1)  0.011
 190 A   0.30450 0.29870 0.25414 0.13144 0.01123 0.00000 ( 1)  0.012
 191 T   0.31032 0.30382 0.25435 0.12321 0.00830 0.00000 ( 1)  0.011
 192 D   0.31975 0.31200 0.25389 0.10956 0.00480 0.00000 ( 1)  0.009
 193 V   0.00026 0.02943 0.23323 0.55609 0.18099 0.00000 ( 4)  0.065
 194 K   0.00035 0.04002 0.30051 0.57528 0.08384 0.00000 ( 4)  0.048
 195 F   0.31558 0.30842 0.25428 0.11564 0.00608 0.00000 ( 1)  0.010
 196 I   0.31317 0.30632 0.25435 0.11913 0.00704 0.00000 ( 1)  0.010
 197 A   0.30856 0.30228 0.25434 0.12573 0.00909 0.00000 ( 1)  0.011
 198 N   0.00000 0.00000 0.00000 0.00142 0.99761 0.00097 ( 5)  0.195
 199 P   0.30155 0.29608 0.25386 0.13550 0.01302 0.00000 ( 1)  0.012
 200 P   0.00027 0.03054 0.24061 0.56044 0.16815 0.00000 ( 4)  0.063
 201 S   0.30211 0.29658 0.25392 0.13474 0.01265 0.00000 ( 1)  0.012
 202 M   0.33009 0.32078 0.25223 0.09450 0.00241 0.00000 ( 1)  0.008
 203 I   0.00000 0.00000 0.00197 0.11445 0.88349 0.00008 ( 5)  0.177
 204 A   0.30762 0.30146 0.25431 0.12706 0.00955 0.00000 ( 1)  0.011
 205 A   0.30759 0.30143 0.25431 0.12710 0.00956 0.00000 ( 1)  0.011
 206 G   0.30833 0.30208 0.25434 0.12605 0.00919 0.00000 ( 1)  0.011
 207 S   0.32293 0.31472 0.25348 0.10492 0.00396 0.00000 ( 1)  0.009
 208 V   0.30325 0.29760 0.25406 0.13318 0.01190 0.00000 ( 1)  0.012
 209 A   0.00000 0.00047 0.03484 0.39643 0.56826 0.00000 ( 5)  0.130
 210 A   0.30882 0.30251 0.25435 0.12536 0.00897 0.00000 ( 1)  0.011
 211 A   0.30633 0.30032 0.25425 0.12888 0.01023 0.00000 ( 1)  0.011
 212 V   0.30283 0.29723 0.25402 0.13376 0.01216 0.00000 ( 1)  0.012
 213 Q   0.31224 0.30550 0.25434 0.12045 0.00746 0.00000 ( 1)  0.010
 214 G   0.30411 0.29836 0.25411 0.13198 0.01145 0.00000 ( 1)  0.012
 215 L   0.29864 0.29348 0.25348 0.13942 0.01499 0.00000 ( 1)  0.013
 216 Y   0.00026 0.03001 0.23707 0.55797 0.17469 0.00000 ( 4)  0.064
 217 L   0.29357 0.28891 0.25259 0.14600 0.01893 0.00000 ( 1)  0.014
 218 K   0.31709 0.30971 0.25414 0.11344 0.00562 0.00000 ( 1)  0.010
 219 S   0.00000 0.00093 0.06550 0.58766 0.34591 0.00000 ( 4)  0.097
 220 T   0.00000 0.00000 0.00000 0.00000 0.00647 0.99353 ( 6)  0.995
 221 D   0.00035 0.03951 0.29750 0.57567 0.08696 0.00000 ( 4)  0.048
 222 G   0.00000 0.00000 0.00000 0.00004 0.74015 0.25981 ( 5)  0.404
 223 A   0.00000 0.00000 0.00009 0.02683 0.97225 0.00083 ( 5)  0.191
 224 L   0.00022 0.02539 0.20507 0.52927 0.24005 0.00000 ( 4)  0.075
 225 S   0.30552 0.29961 0.25421 0.13002 0.01064 0.00000 ( 1)  0.011
 226 S   0.00025 0.02881 0.22903 0.55303 0.18888 0.00000 ( 4)  0.066
 227 E   0.00000 0.00000 0.00020 0.04887 0.95087 0.00005 ( 5)  0.187
 228 N   0.00037 0.04187 0.31149 0.57410 0.07217 0.00000 ( 4)  0.045
 229 L   0.30628 0.30027 0.25426 0.12896 0.01023 0.00000 ( 1)  0.011
 230 T   0.30996 0.30351 0.25436 0.12372 0.00845 0.00000 ( 1)  0.011
 231 N   0.00000 0.00095 0.06640 0.59261 0.34005 0.00000 ( 4)  0.096
 232 F   0.00000 0.00001 0.00455 0.21456 0.78088 0.00000 ( 5)  0.162
 233 L   0.29421 0.28950 0.25274 0.14521 0.01835 0.00000 ( 1)  0.014
 234 S   0.29828 0.29316 0.25343 0.13988 0.01524 0.00000 ( 1)  0.013
 235 Q   0.00029 0.03303 0.25699 0.56844 0.14126 0.00000 ( 4)  0.058
 236 V   0.00026 0.02970 0.23508 0.55732 0.17764 0.00000 ( 4)  0.064
 237 I   0.31412 0.30714 0.25433 0.11776 0.00665 0.00000 ( 1)  0.010
 238 K   0.00000 0.00000 0.00320 0.16354 0.83321 0.00004 ( 5)  0.170
 239 S   0.31836 0.31081 0.25405 0.11159 0.00520 0.00000 ( 1)  0.009
 240 D   0.32492 0.31642 0.25321 0.10201 0.00345 0.00000 ( 1)  0.009
 241 P   0.30629 0.30028 0.25425 0.12893 0.01025 0.00000 ( 1)  0.011
 242 D   0.32517 0.31663 0.25317 0.10165 0.00339 0.00000 ( 1)  0.009
 243 C   0.31006 0.30361 0.25440 0.12360 0.00834 0.00000 ( 1)  0.011
 244 L   0.29207 0.28755 0.25228 0.14791 0.02020 0.00000 ( 1)  0.014
 245 R   0.00022 0.02526 0.20422 0.52918 0.24113 0.00000 ( 4)  0.075
 246 S   0.00000 0.00032 0.02432 0.30942 0.66591 0.00003 ( 5)  0.145
 247 C   0.30806 0.30185 0.25434 0.12643 0.00932 0.00000 ( 1)  0.011
 248 Q   0.31139 0.30476 0.25437 0.12168 0.00780 0.00000 ( 1)  0.010
 249 E   0.31563 0.30845 0.25423 0.11556 0.00613 0.00000 ( 1)  0.010
 250 Q   0.31117 0.30457 0.25440 0.12201 0.00784 0.00000 ( 1)  0.011
 251 I   0.31566 0.30848 0.25423 0.11551 0.00612 0.00000 ( 1)  0.010
 252 E   0.31537 0.30823 0.25426 0.11594 0.00620 0.00000 ( 1)  0.010
 253 S   0.00023 0.02684 0.21554 0.54190 0.21549 0.00000 ( 4)  0.071
 254 L   0.29308 0.28847 0.25250 0.14663 0.01932 0.00000 ( 1)  0.014
 255 L   0.29205 0.28754 0.25229 0.14795 0.02017 0.00000 ( 1)  0.014
 256 E   0.31536 0.30822 0.25426 0.11595 0.00620 0.00000 ( 1)  0.010
 257 S   0.00000 0.00000 0.00249 0.13562 0.86183 0.00006 ( 5)  0.174
 258 S   0.32144 0.31345 0.25370 0.10709 0.00432 0.00000 ( 1)  0.009
 259 L   0.29523 0.29042 0.25291 0.14387 0.01757 0.00000 ( 1)  0.013
 260 R   0.00024 0.02815 0.22418 0.54679 0.20064 0.00000 ( 4)  0.068
 261 Q   0.31134 0.30472 0.25439 0.12176 0.00779 0.00000 ( 1)  0.010
 262 A   0.00026 0.02936 0.23270 0.55535 0.18235 0.00000 ( 4)  0.065
 263 Q   0.00026 0.03044 0.23997 0.55992 0.16941 0.00000 ( 4)  0.063
 264 Q   0.00027 0.03054 0.24064 0.56029 0.16827 0.00000 ( 4)  0.063

Positively selected sites

	Prob(w>1)  mean w



lnL = -6279.268189

