

TREE # 1

  0  0.0000   7293.350642  x:  0.04407   0.05601   0.06643   0.07704   0.07711   0.04344   0.04775   0.10225   0.11867   0.07250   0.05663   0.09411   0.04834   0.11508   0.17730   0.00000   0.02847   0.09203   0.10191   0.08355   0.06791   0.03592   0.06492   0.20352   0.14751   0.05936   0.08859   0.16967   0.08495   0.03808   0.11052   0.11379   0.10249   0.12550   0.04684   0.06301   0.05892   2.48173   0.90000   0.68212   1.27861  
  1 99.0000   6821.745274  x:  0.13542   0.05278   0.05330   0.07506   0.11319   0.06697   0.08440   0.12484   0.14639   0.09968   0.09671   0.11088   0.08301   0.12692   0.21307   0.11854   0.07685   0.14618   0.16227   0.16216   0.09401   0.11382   0.17929   0.24182   0.17424   0.08552   0.10959   0.21333   0.15491   0.07631   0.15225   0.15495   0.11266   0.19236   0.08738   0.04447   0.03862   2.48140   0.99999   0.62393   1.30688  
  2 2455.0736   6633.776180  x:  0.11208   0.04169   0.02572   0.07018   0.14402   0.06784   0.09376   0.15217   0.18337   0.12797   0.11796   0.12684   0.09765   0.11956   0.24547   0.02928   0.05675   0.18349   0.20680   0.17389   0.11119   0.10949   0.18893   0.29531   0.20283   0.09874   0.13643   0.27783   0.19322   0.07857   0.19468   0.19956   0.13019   0.25800   0.08268   0.01127   0.00000   2.47631   0.99999   0.46226   1.36762  
  3 994.5602   6583.602545  x:  0.10462   0.03804   0.01660   0.06855   0.15416   0.06811   0.09684   0.16116   0.19556   0.13726   0.12492   0.13208   0.10247   0.11715   0.25623   0.00000   0.05020   0.19577   0.22148   0.17789   0.11685   0.10813   0.19221   0.31298   0.21227   0.10307   0.14524   0.29909   0.20585   0.07931   0.20864   0.21424   0.13596   0.27962   0.08120   0.00136   0.00319   2.47460   0.99999   0.40843   1.38772  
  4 25564.5536   6583.602545  x:  0.10462   0.03804   0.01660   0.06855   0.15416   0.06811   0.09684   0.16116   0.19556   0.13726   0.12492   0.13208   0.10247   0.11715   0.25623   0.00000   0.05020   0.19577   0.22148   0.17789   0.11685   0.10813   0.19221   0.31298   0.21227   0.10307   0.14524   0.29909   0.20585   0.07931   0.20864   0.21424   0.13596   0.27962   0.08120   0.00136   0.00319   2.47460   0.99999   0.40843   1.38772  
  5 17158.7185   6557.574066  x:  0.12573   0.03716   0.01137   0.06648   0.16108   0.07014   0.10178   0.16615   0.20350   0.14150   0.13002   0.13477   0.10875   0.11987   0.27024   0.02979   0.06067   0.20707   0.23412   0.19805   0.12190   0.12162   0.21428   0.32577   0.21976   0.10594   0.14864   0.31250   0.21940   0.08438   0.21716   0.22356   0.13824   0.29501   0.08977   0.27549   0.08065   2.47239   0.99999   0.35153   1.40206  
  6 2888.3141   6413.851849  x:  0.17482   0.03337   0.00000   0.05919   0.18368   0.07430   0.11664   0.18253   0.22938   0.15596   0.14616   0.14277   0.12566   0.12157   0.31071   0.06585   0.08187   0.24208   0.27456   0.25378   0.13725   0.16244   0.28229   0.36887   0.24397   0.11430   0.15959   0.35785   0.26291   0.09886   0.24480   0.25413   0.14577   0.34618   0.11065   0.27424   0.04424   2.46266   0.99999   0.15901   1.44353  
  7 761.0569   6413.851849  x:  0.17482   0.03337   0.00000   0.05919   0.18368   0.07430   0.11664   0.18253   0.22938   0.15596   0.14616   0.14277   0.12566   0.12157   0.31071   0.06585   0.08187   0.24208   0.27456   0.25378   0.13725   0.16244   0.28229   0.36887   0.24397   0.11430   0.15959   0.35785   0.26291   0.09886   0.24480   0.25413   0.14577   0.34618   0.11065   0.27424   0.04424   2.46266   0.99999   0.15901   1.44353  
  8 18121.8534   6411.868751  x:  0.17489   0.03332   0.00043   0.05912   0.18372   0.07423   0.11664   0.18257   0.22946   0.15598   0.14616   0.14275   0.12567   0.12150   0.31082   0.06583   0.08184   0.24217   0.27467   0.25390   0.13726   0.16253   0.28249   0.36902   0.24403   0.11427   0.15959   0.35802   0.26304   0.09885   0.24487   0.25421   0.14576   0.34635   0.11063   0.27382   0.04390   2.46258   0.99575   0.15871   1.44358  
  9 2033.3356   6384.158122  x:  0.18392   0.02686   0.04456   0.05031   0.18894   0.06601   0.11617   0.18641   0.23935   0.15853   0.14654   0.14010   0.12676   0.11308   0.32473   0.06278   0.07776   0.25294   0.28852   0.26926   0.13907   0.17468   0.30787   0.38795   0.25138   0.11038   0.15911   0.37934   0.27852   0.09762   0.25287   0.26443   0.14397   0.36836   0.10728   0.22025   0.00000   2.45310   0.99500   0.10486   1.45199  
 10 449.1978   6336.260653  x:  0.20610   0.00000   0.04202   0.02249   0.19718   0.04298   0.11084   0.19228   0.26088   0.16150   0.14356   0.13061   0.12633   0.08904   0.35440   0.05022   0.06408   0.27417   0.31712   0.30104   0.13977   0.19965   0.36372   0.42949   0.26543   0.09766   0.15491   0.42729   0.31097   0.09312   0.26757   0.28519   0.13213   0.41581   0.09541   0.08056   0.00000   2.42821   0.99520   0.11623   1.46541  
 11 601.8600   6336.260653  x:  0.20610   0.00000   0.04202   0.02249   0.19718   0.04298   0.11084   0.19228   0.26088   0.16150   0.14356   0.13061   0.12633   0.08904   0.35440   0.05022   0.06408   0.27417   0.31712   0.30104   0.13977   0.19965   0.36372   0.42949   0.26543   0.09766   0.15491   0.42729   0.31097   0.09312   0.26757   0.28519   0.13213   0.41581   0.09541   0.08056   0.00000   2.42821   0.99520   0.11623   1.46541  
 12 4025.6906   6333.351476  x:  0.20698   0.00694   0.03854   0.02396   0.19801   0.04305   0.11056   0.19238   0.26180   0.16150   0.14356   0.13051   0.12629   0.08790   0.35553   0.04942   0.06341   0.27477   0.31803   0.30207   0.13967   0.20030   0.36567   0.43101   0.26585   0.09747   0.15507   0.42924   0.31208   0.09336   0.26778   0.28610   0.13227   0.41771   0.09608   0.07347   0.01697   2.42670   0.99033   0.11954   1.46604  
 13 487.8483   6329.351790  x:  0.20783   0.01402   0.03229   0.02609   0.19938   0.04330   0.11020   0.19261   0.26341   0.16157   0.14368   0.13048   0.12635   0.08612   0.35750   0.04823   0.06242   0.27587   0.31966   0.30389   0.13960   0.20146   0.36898   0.43361   0.26663   0.09728   0.15547   0.43256   0.31404   0.09385   0.26823   0.28768   0.13254   0.42084   0.09690   0.06057   0.02079   2.42415   0.99789   0.12360   1.46719  
 14 411.4745   6318.709020  x:  0.21020   0.03370   0.00905   0.03300   0.20415   0.04411   0.10889   0.19346   0.26928   0.16184   0.14416   0.13042   0.12662   0.07975   0.36470   0.04396   0.05888   0.27987   0.32556   0.31052   0.13939   0.20564   0.38102   0.44309   0.26952   0.09660   0.15694   0.44463   0.32118   0.09555   0.26991   0.29338   0.13343   0.43200   0.09929   0.01313   0.01696   2.41481   0.99565   0.13741   1.47135  
 15 1118.1000   6316.647202  x:  0.21107   0.03346   0.00000   0.03471   0.20652   0.04428   0.10809   0.19399   0.27347   0.16207   0.14477   0.13074   0.12722   0.07609   0.36987   0.04164   0.05704   0.28283   0.32979   0.31528   0.13956   0.20850   0.38935   0.44973   0.27169   0.09643   0.15824   0.45309   0.32629   0.09623   0.27131   0.29708   0.13422   0.43929   0.09936   0.01276   0.01752   2.40801   0.99544   0.13011   1.47533  
 16 162.1885   6311.496519  x:  0.21486   0.03736   0.00811   0.04341   0.21699   0.04446   0.10412   0.19614   0.29234   0.16289   0.14721   0.13187   0.12982   0.05943   0.39314   0.03090   0.04856   0.29600   0.34873   0.33659   0.14013   0.22127   0.42701   0.47966   0.28130   0.09526   0.16376   0.49136   0.34926   0.09886   0.27734   0.31357   0.13807   0.47245   0.09993   0.00850   0.01736   2.37679   0.99402   0.11016   1.49281  
 17 528.5494   6302.705020  x:  0.22111   0.04020   0.00910   0.05358   0.23523   0.04113   0.09406   0.19934   0.33049   0.16359   0.15061   0.13312   0.13505   0.02726   0.43963   0.00948   0.03182   0.32181   0.38615   0.37867   0.14080   0.24626   0.50299   0.53986   0.30006   0.09127   0.17349   0.56885   0.39478   0.10226   0.28845   0.34529   0.14308   0.53860   0.09950   0.03235   0.01380   2.31081   0.99221   0.13317   1.52668  
 18 800.5953   6298.214010  x:  0.22128   0.00877   0.01197   0.03787   0.23547   0.03400   0.08704   0.19877   0.34902   0.16334   0.15091   0.13526   0.14283   0.03978   0.46020   0.01853   0.03505   0.33384   0.40224   0.39636   0.14381   0.25552   0.53706   0.56638   0.30878   0.08923   0.17709   0.60438   0.41390   0.09951   0.29255   0.35579   0.14147   0.56553   0.09635   0.02398   0.02122   2.27290   0.99402   0.14532   1.54618  
 19 241.3515   6297.061467  x:  0.22135   0.02191   0.01180   0.02448   0.22994   0.03268   0.08327   0.19594   0.35596   0.16243   0.14986   0.13709   0.14697   0.05677   0.46472   0.02631   0.04018   0.33569   0.40475   0.39802   0.14519   0.25464   0.54794   0.57431   0.31074   0.08909   0.17691   0.61734   0.41818   0.09607   0.29185   0.35532   0.14123   0.57149   0.10187   0.02793   0.01855   2.24715   0.99316   0.14451   1.55999  
 20 86.8480   6293.187838  x:  0.21834   0.01958   0.01187   0.04332   0.19725   0.07949   0.07745   0.17051   0.37780   0.15536   0.14226   0.14494   0.14359   0.09346   0.45653   0.00847   0.03853   0.31596   0.38752   0.36673   0.13773   0.22127   0.57688   0.59262   0.30520   0.09567   0.16768   0.66599   0.41969   0.09222   0.27769   0.33276   0.14038   0.56400   0.10781   0.02902   0.01855   2.06869   0.99303   0.14868   1.65586  
 21 64.4292   6290.410404  x:  0.21634   0.01907   0.01209   0.03661   0.19541   0.06334   0.07049   0.15464   0.38253   0.15588   0.14315   0.14355   0.13700   0.08348   0.45018   0.00000   0.04160   0.30730   0.37855   0.35347   0.13289   0.20273   0.58391   0.59637   0.30112   0.09696   0.16608   0.68252   0.41477   0.08368   0.27587   0.31977   0.13963   0.55405   0.10525   0.02656   0.01884   1.97106   0.99342   0.14819   1.71051  
 22 135.4471   6288.225773  x:  0.21575   0.02088   0.01191   0.05430   0.21296   0.04908   0.07755   0.13995   0.38482   0.16416   0.14592   0.13773   0.13427   0.06873   0.44430   0.03508   0.05891   0.30320   0.37045   0.34797   0.13177   0.18341   0.58448   0.59483   0.29709   0.09379   0.16650   0.69432   0.40739   0.09619   0.28028   0.31353   0.14058   0.53642   0.10089   0.02820   0.01813   1.83778   0.99306   0.15117   1.79181  
 23 151.6819   6287.087557  x:  0.21858   0.01960   0.01284   0.03485   0.21558   0.05741   0.09693   0.14242   0.37871   0.17427   0.15180   0.13488   0.13627   0.05842   0.43922   0.03966   0.04653   0.30662   0.37011   0.35443   0.13695   0.18832   0.57399   0.58754   0.29754   0.09521   0.17129   0.68693   0.40286   0.11423   0.28755   0.32462   0.13912   0.52763   0.10976   0.02665   0.01874   1.76895   0.99315   0.15427   1.84762  
 24 62.6593   6286.010371  x:  0.22158   0.02120   0.01276   0.04280   0.21526   0.04949   0.10683   0.15712   0.36204   0.17602   0.15287   0.13452   0.13858   0.07393   0.43542   0.02983   0.03198   0.32145   0.38065   0.37269   0.14670   0.21510   0.55316   0.57456   0.30011   0.09361   0.17070   0.66479   0.39130   0.10221   0.28230   0.34423   0.14248   0.52650   0.09899   0.02694   0.01831   1.70605   0.99296   0.15776   1.92779  
 25 44.7068   6285.533990  x:  0.21962   0.01865   0.01294   0.04456   0.21397   0.05353   0.10168   0.16531   0.35093   0.16530   0.14937   0.13514   0.13486   0.07098   0.43767   0.02506   0.04485   0.32839   0.38976   0.38161   0.14239   0.22749   0.54216   0.56786   0.29884   0.09544   0.16933   0.65083   0.38740   0.09716   0.27791   0.34836   0.14001   0.53346   0.11221   0.02642   0.01858   1.68640   0.99295   0.16025   1.98037  
 26 38.2081   6284.981375  x:  0.21579   0.02127   0.01315   0.03861   0.21250   0.06226   0.08749   0.17396   0.33947   0.15394   0.14864   0.13987   0.14167   0.06530   0.44589   0.02732   0.04734   0.32383   0.39422   0.38460   0.13015   0.23412   0.53234   0.56205   0.29774   0.09462   0.16841   0.63387   0.39075   0.10232   0.27759   0.34195   0.13941   0.54873   0.09706   0.02568   0.01834   1.68131   0.99287   0.16328   2.06317  
 27 33.2252   6284.182964  x:  0.21604   0.01831   0.01338   0.04350   0.21731   0.05661   0.07459   0.18645   0.33005   0.15182   0.14869   0.13889   0.16323   0.06574   0.45655   0.03019   0.03426   0.30852   0.39177   0.37844   0.12093   0.23614   0.52423   0.55709   0.30190   0.09265   0.17099   0.61114   0.40387   0.10284   0.27930   0.32610   0.14178   0.56812   0.10938   0.02502   0.01832   1.68991   0.99270   0.16981   2.20426  
 28 59.3996   6283.203709  x:  0.22324   0.01942   0.01390   0.04489   0.21201   0.05167   0.09132   0.19934   0.33441   0.15550   0.14920   0.12864   0.17074   0.06276   0.45767   0.01992   0.05350   0.30478   0.38628   0.36171   0.13364   0.23048   0.52798   0.55756   0.31313   0.09400   0.17405   0.59184   0.42583   0.09951   0.28496   0.31854   0.13575   0.57317   0.10297   0.02401   0.01785   1.72089   0.99233   0.17933   2.40302  
 29 58.6841   6282.151713  x:  0.21825   0.01874   0.01456   0.04303   0.21222   0.04650   0.08895   0.19398   0.34720   0.14989   0.15778   0.14482   0.14951   0.06219   0.44964   0.02195   0.05060   0.31403   0.37668   0.35543   0.14480   0.21900   0.54357   0.56253   0.31343   0.08664   0.16356   0.58633   0.42507   0.10320   0.28673   0.33681   0.14836   0.55249   0.10552   0.02248   0.01791   1.76983   0.99208   0.19043   2.62908  
 30 65.8424   6281.555686  x:  0.21558   0.01964   0.01509   0.04182   0.21553   0.04675   0.08247   0.18559   0.35542   0.15173   0.14651   0.13829   0.13766   0.06246   0.44353   0.02743   0.04119   0.32022   0.37370   0.36010   0.14616   0.21331   0.55290   0.56594   0.30792   0.10013   0.16962   0.59064   0.41519   0.10263   0.28315   0.34711   0.13975   0.53567   0.10385   0.02189   0.01768   1.80088   0.99193   0.19605   2.75897  
 31 95.5076   6281.340367  x:  0.21755   0.01974   0.01530   0.04011   0.21644   0.05061   0.08350   0.17956   0.35807   0.16142   0.14474   0.13362   0.13914   0.06075   0.44003   0.02740   0.04050   0.32142   0.37752   0.36805   0.14280   0.21322   0.55359   0.56675   0.30066   0.09062   0.16610   0.59978   0.40545   0.09907   0.27865   0.34448   0.13536   0.52895   0.10365   0.02146   0.01753   1.81376   0.99191   0.19772   2.80622  
 32 33.3369   6281.234667  x:  0.21842   0.01963   0.01533   0.04013   0.21627   0.05119   0.08765   0.17432   0.35800   0.16699   0.14986   0.13559   0.14064   0.06099   0.43764   0.02628   0.04288   0.32055   0.38152   0.37340   0.13986   0.21577   0.55145   0.56642   0.29565   0.09422   0.17012   0.60952   0.39784   0.09821   0.27684   0.33918   0.14002   0.52675   0.10341   0.02131   0.01754   1.82110   0.99184   0.19939   2.83053  
 33 21.8372   6281.171630  x:  0.21686   0.01973   0.01533   0.04073   0.21615   0.04746   0.09402   0.16871   0.35454   0.16398   0.14905   0.13391   0.13702   0.06384   0.43654   0.02488   0.04239   0.31754   0.38331   0.37401   0.13936   0.22115   0.54638   0.56491   0.29448   0.09343   0.16918   0.62215   0.39236   0.10322   0.28024   0.33511   0.13950   0.52917   0.10350   0.02128   0.01747   1.82577   0.99181   0.19992   2.84524  
 34  9.1771   6281.147290  x:  0.21766   0.01973   0.01535   0.04064   0.21583   0.04786   0.09469   0.16742   0.35158   0.16514   0.14911   0.13649   0.13634   0.06221   0.43697   0.02687   0.04208   0.31692   0.38185   0.37113   0.14065   0.22284   0.54154   0.56296   0.29737   0.09383   0.16886   0.63047   0.39052   0.10097   0.27997   0.33689   0.13734   0.53159   0.10355   0.02123   0.01742   1.82725   0.99179   0.20019   2.85085  
 35  4.3536   6281.135885  x:  0.21761   0.01958   0.01533   0.04000   0.21608   0.04832   0.09415   0.16755   0.35041   0.16604   0.14761   0.13507   0.13637   0.06183   0.43723   0.02705   0.04255   0.31749   0.38084   0.36947   0.14055   0.22293   0.53894   0.56184   0.29851   0.09362   0.16895   0.63442   0.39038   0.10056   0.27954   0.33854   0.14008   0.53245   0.10341   0.02113   0.01743   1.82762   0.99180   0.20037   2.85338  
 36  4.4163   6281.114538  x:  0.21654   0.01964   0.01534   0.03990   0.21821   0.04740   0.09261   0.16970   0.34994   0.16740   0.15000   0.13404   0.13665   0.06396   0.43786   0.02480   0.04366   0.32022   0.37915   0.36801   0.13735   0.22141   0.53533   0.56017   0.29805   0.09326   0.16983   0.63937   0.39264   0.10252   0.27852   0.34117   0.13876   0.53220   0.10334   0.02109   0.01741   1.82723   0.99178   0.20064   2.85771  
 37  2.2542   6281.036221  x:  0.22098   0.01961   0.01526   0.03975   0.21437   0.04457   0.09456   0.17293   0.34957   0.16735   0.14976   0.13404   0.13215   0.06353   0.44240   0.02638   0.04155   0.32285   0.37739   0.37218   0.13103   0.21952   0.53230   0.55920   0.29683   0.09454   0.16767   0.64471   0.40179   0.10144   0.27698   0.33939   0.13942   0.52893   0.10328   0.02052   0.01712   1.82321   0.99178   0.20148   2.87259  
 38  2.1230   6280.577451  x:  0.21249   0.02031   0.01485   0.03806   0.21841   0.04360   0.08083   0.16676   0.34686   0.17647   0.14758   0.13719   0.12748   0.06270   0.45461   0.01896   0.04368   0.32284   0.38068   0.38640   0.14231   0.22129   0.53370   0.56507   0.30759   0.09384   0.16918   0.65374   0.42139   0.10156   0.28380   0.32637   0.13934   0.51862   0.10287   0.01740   0.01627   1.79650   0.99169   0.20699   2.95829  
 39  8.2512   6279.994777  x:  0.22653   0.01919   0.01439   0.03409   0.22412   0.03763   0.07867   0.16201   0.35994   0.16661   0.15296   0.13282   0.13642   0.05880   0.44970   0.01740   0.04534   0.31697   0.38906   0.37690   0.13740   0.22267   0.54965   0.57762   0.30283   0.09161   0.17370   0.65475   0.41213   0.09742   0.28993   0.33717   0.13921   0.53512   0.10153   0.01377   0.01457   1.76251   0.99154   0.21355   3.06616  
 40 19.6090   6279.924400  x:  0.21723   0.01947   0.01428   0.03340   0.22386   0.03601   0.08405   0.16411   0.36205   0.16758   0.15222   0.13315   0.13769   0.05683   0.44870   0.01867   0.04434   0.31808   0.38872   0.37556   0.13512   0.22142   0.55353   0.57884   0.30199   0.09255   0.17204   0.65433   0.40947   0.09545   0.28697   0.33751   0.13916   0.54084   0.10143   0.01320   0.01458   1.75838   0.99155   0.21421   3.07946  
 41 12.3208   6279.910024  x:  0.21852   0.01928   0.01427   0.03327   0.22353   0.03494   0.08436   0.16481   0.35989   0.16995   0.15172   0.13360   0.13591   0.05730   0.44884   0.01817   0.04435   0.32075   0.38665   0.37619   0.13554   0.21922   0.55665   0.57813   0.30324   0.09283   0.17161   0.65360   0.40631   0.09808   0.28432   0.33569   0.13915   0.54506   0.10142   0.01318   0.01451   1.75753   0.99154   0.21434   3.08258  
 42  3.0780   6279.905415  x:  0.21860   0.01923   0.01426   0.03292   0.22490   0.03585   0.08524   0.16479   0.35763   0.17003   0.15249   0.13297   0.13455   0.05808   0.44947   0.01817   0.04417   0.32117   0.38572   0.37660   0.13497   0.21797   0.55863   0.57737   0.30346   0.09241   0.17232   0.65343   0.40564   0.09673   0.28517   0.33534   0.13929   0.54615   0.10133   0.01320   0.01449   1.75726   0.99153   0.21445   3.08398  
 43  1.5766   6279.897826  x:  0.21811   0.01924   0.01424   0.03353   0.22295   0.03544   0.08528   0.16465   0.35349   0.17105   0.15293   0.13242   0.13574   0.05828   0.45039   0.01785   0.04479   0.32066   0.38557   0.37686   0.13351   0.21714   0.56227   0.57604   0.30363   0.09286   0.17162   0.65376   0.40484   0.09660   0.28737   0.33717   0.13917   0.54567   0.10145   0.01328   0.01445   1.75685   0.99152   0.21454   3.08711  
 44  1.1398   6279.869789  x:  0.21872   0.01904   0.01423   0.03253   0.22538   0.03485   0.08715   0.16773   0.34749   0.16870   0.15016   0.13507   0.13928   0.05816   0.45116   0.01708   0.04541   0.31912   0.38750   0.37433   0.13231   0.21924   0.57041   0.57297   0.30410   0.09212   0.17264   0.65630   0.40494   0.09770   0.28349   0.33754   0.13925   0.54113   0.10132   0.01354   0.01430   1.75486   0.99146   0.21490   3.10025  
 45  1.4746   6279.790306  x:  0.21713   0.01856   0.01407   0.03259   0.22175   0.03605   0.08360   0.17322   0.34935   0.16475   0.15727   0.12863   0.13981   0.05625   0.45062   0.02005   0.04342   0.32001   0.38946   0.37195   0.13582   0.22405   0.57669   0.56836   0.30510   0.09174   0.17313   0.66017   0.40361   0.09775   0.28030   0.33390   0.13923   0.54024   0.10155   0.01441   0.01385   1.74877   0.99128   0.21583   3.13897  
 46  3.5831   6279.573379  x:  0.21742   0.01665   0.01362   0.03249   0.22349   0.03811   0.08157   0.17096   0.36623   0.16621   0.15073   0.13501   0.14324   0.05816   0.44725   0.01810   0.04398   0.32418   0.38837   0.37485   0.13560   0.22522   0.57615   0.56236   0.30080   0.09427   0.16987   0.66197   0.40474   0.09499   0.29033   0.33213   0.13946   0.55161   0.10161   0.01718   0.01252   1.73140   0.99071   0.21896   3.24809  
 47 12.8676   6279.509150  x:  0.21607   0.01617   0.01345   0.03285   0.22077   0.03733   0.08372   0.16234   0.36711   0.16632   0.15093   0.13484   0.14233   0.05928   0.45041   0.01756   0.04467   0.32027   0.38852   0.37715   0.13492   0.22245   0.57208   0.56827   0.30125   0.09117   0.17509   0.65929   0.40695   0.09568   0.28393   0.33737   0.13930   0.55587   0.10166   0.01794   0.01213   1.72668   0.99055   0.21973   3.27991  
 48 10.7823   6279.492505  x:  0.21648   0.01601   0.01343   0.03217   0.22286   0.03775   0.08457   0.16144   0.36554   0.16703   0.15227   0.13361   0.14188   0.06025   0.45208   0.01725   0.04494   0.31888   0.38946   0.37669   0.13389   0.22169   0.56975   0.57538   0.30286   0.09359   0.17114   0.65828   0.40617   0.09582   0.28208   0.33827   0.13944   0.55580   0.10150   0.01816   0.01203   1.72555   0.99051   0.22002   3.28846  
 49  4.4462   6279.482585  x:  0.21634   0.01599   0.01340   0.03235   0.22206   0.03768   0.08481   0.16458   0.36339   0.16735   0.15164   0.13423   0.14133   0.06049   0.45238   0.01748   0.04473   0.31978   0.39020   0.37565   0.13276   0.22037   0.56732   0.58375   0.30382   0.09274   0.17258   0.65824   0.40384   0.09584   0.28359   0.33755   0.13945   0.55471   0.10159   0.01828   0.01197   1.72493   0.99049   0.22022   3.29396  
 50  2.7976   6279.480615  x:  0.21636   0.01597   0.01339   0.03240   0.22202   0.03778   0.08479   0.16450   0.36188   0.16616   0.15175   0.13414   0.14263   0.06014   0.45052   0.01762   0.04458   0.32075   0.38933   0.37654   0.13362   0.21976   0.56695   0.58534   0.30312   0.09288   0.17240   0.65865   0.40459   0.09573   0.28349   0.33734   0.13944   0.55497   0.10161   0.01827   0.01196   1.72499   0.99049   0.22029   3.29569  
 51  0.6012   6279.471316  x:  0.21640   0.01592   0.01327   0.03240   0.22223   0.03785   0.08399   0.16793   0.36048   0.16713   0.15151   0.13440   0.14109   0.06026   0.44923   0.01774   0.04504   0.31702   0.38930   0.37806   0.13646   0.21916   0.56694   0.58596   0.29924   0.09321   0.17210   0.65960   0.40558   0.09604   0.28315   0.33861   0.13953   0.55622   0.10163   0.01821   0.01188   1.72550   0.99047   0.22077   3.30702  
 52  0.3793   6279.370504  x:  0.21701   0.01578   0.01192   0.03516   0.22095   0.04120   0.08432   0.16672   0.35703   0.16725   0.15122   0.13493   0.14134   0.05932   0.45537   0.01826   0.04184   0.32419   0.39846   0.37416   0.13878   0.22121   0.56742   0.58172   0.29666   0.09360   0.17174   0.65897   0.40895   0.09805   0.28319   0.33825   0.13990   0.55622   0.10255   0.01728   0.01102   1.73231   0.99026   0.22642   3.43477  
 53  2.8908   6279.337794  x:  0.21724   0.01574   0.01150   0.03591   0.22089   0.04224   0.08458   0.16872   0.35955   0.16533   0.15151   0.13475   0.14273   0.05896   0.45483   0.01732   0.04347   0.32161   0.39175   0.37961   0.13482   0.22568   0.56852   0.58104   0.30421   0.09290   0.17235   0.65919   0.40717   0.09866   0.28299   0.33899   0.14005   0.55443   0.10279   0.01696   0.01076   1.73450   0.99020   0.22821   3.47609  
 54  8.8360   6279.336999  x:  0.21722   0.01574   0.01148   0.03592   0.22088   0.04225   0.08434   0.16854   0.35929   0.16604   0.15152   0.13474   0.14201   0.05909   0.45318   0.01760   0.04343   0.32146   0.39229   0.37939   0.13395   0.22627   0.56875   0.58111   0.30493   0.09279   0.17246   0.65904   0.40794   0.09869   0.28297   0.33896   0.14006   0.55466   0.10278   0.01697   0.01075   1.73456   0.99020   0.22825   3.47722  
 55  0.4580   6279.311204  x:  0.21725   0.01554   0.01080   0.03563   0.22196   0.04050   0.08507   0.16993   0.35960   0.16432   0.15181   0.13443   0.14179   0.05866   0.45123   0.01731   0.04253   0.32011   0.39654   0.38175   0.13448   0.21986   0.56588   0.57861   0.30911   0.09284   0.17217   0.65839   0.40711   0.09843   0.28351   0.33946   0.14039   0.55331   0.10265   0.01690   0.01122   1.73754   0.99025   0.22941   3.52278  
 56  0.1088   6279.280328  x:  0.21715   0.01532   0.00996   0.03526   0.22311   0.03876   0.08520   0.16829   0.35829   0.16668   0.15222   0.13389   0.14002   0.05775   0.45290   0.01773   0.04308   0.32160   0.39061   0.37910   0.13455   0.22547   0.56469   0.57994   0.30479   0.09240   0.17257   0.65555   0.40782   0.09796   0.28416   0.33922   0.14071   0.55137   0.10255   0.01683   0.01177   1.74083   0.99031   0.23072   3.57762  
 57  6.6876   6279.268855  x:  0.21701   0.01686   0.00913   0.03493   0.22226   0.03922   0.08495   0.16758   0.35969   0.16683   0.15178   0.13411   0.14083   0.05856   0.45246   0.01785   0.04369   0.32094   0.39012   0.37780   0.13417   0.22372   0.56642   0.58087   0.30440   0.09261   0.17232   0.65652   0.40760   0.09794   0.28346   0.33854   0.14027   0.55193   0.10230   0.01678   0.01184   1.73581   0.99040   0.23126   3.59779  
 58  0.0167   6279.268383  x:  0.21713   0.01678   0.00912   0.03486   0.22209   0.03942   0.08490   0.16767   0.35942   0.16665   0.15177   0.13412   0.14092   0.05887   0.45253   0.01781   0.04373   0.32100   0.39042   0.37804   0.13411   0.22423   0.56647   0.58069   0.30435   0.09260   0.17231   0.65676   0.40741   0.09788   0.28342   0.33848   0.14020   0.55220   0.10249   0.01684   0.01192   1.73558   0.99046   0.23085   3.58785  
 59  0.0076   6279.268228  x:  0.21712   0.01682   0.00904   0.03492   0.22221   0.03930   0.08491   0.16769   0.35926   0.16662   0.15180   0.13408   0.14083   0.05875   0.45251   0.01784   0.04369   0.32100   0.39040   0.37809   0.13414   0.22424   0.56629   0.58055   0.30433   0.09257   0.17231   0.65669   0.40734   0.09783   0.28346   0.33846   0.14023   0.55202   0.10242   0.01686   0.01187   1.73564   0.99052   0.23063   3.58234  
 60  0.0028   6279.268196  x:  0.21706   0.01678   0.00904   0.03489   0.22214   0.03936   0.08490   0.16765   0.35935   0.16667   0.15177   0.13409   0.14084   0.05874   0.45245   0.01783   0.04369   0.32097   0.39029   0.37799   0.13413   0.22410   0.56630   0.58061   0.30432   0.09258   0.17230   0.65663   0.40736   0.09787   0.28342   0.33846   0.14022   0.55194   0.10241   0.01684   0.01186   1.73575   0.99055   0.23061   3.58170  
 61  0.0006   6279.268191  x:  0.21707   0.01678   0.00905   0.03491   0.22213   0.03934   0.08491   0.16765   0.35936   0.16665   0.15177   0.13409   0.14084   0.05878   0.45244   0.01781   0.04370   0.32095   0.39030   0.37796   0.13414   0.22410   0.56629   0.58063   0.30431   0.09259   0.17229   0.65658   0.40735   0.09785   0.28341   0.33844   0.14021   0.55197   0.10242   0.01685   0.01186   1.73577   0.99056   0.23066   3.58248  
 62  0.0004   6279.268189  x:  0.21706   0.01678   0.00906   0.03489   0.22213   0.03935   0.08490   0.16766   0.35933   0.16665   0.15177   0.13409   0.14084   0.05876   0.45244   0.01782   0.04370   0.32095   0.39030   0.37797   0.13413   0.22411   0.56627   0.58059   0.30431   0.09258   0.17229   0.65657   0.40734   0.09786   0.28341   0.33844   0.14021   0.55196   0.10242   0.01685   0.01186   1.73573   0.99056   0.23068   3.58306  
 63  0.0004   6279.268189  x:  0.21706   0.01678   0.00906   0.03490   0.22213   0.03935   0.08490   0.16766   0.35933   0.16665   0.15177   0.13409   0.14084   0.05876   0.45244   0.01782   0.04370   0.32095   0.39029   0.37797   0.13413   0.22411   0.56628   0.58059   0.30431   0.09258   0.17229   0.65658   0.40735   0.09786   0.28341   0.33844   0.14021   0.55195   0.10242   0.01685   0.01186   1.73573   0.99056   0.23068   3.58309  
 64  0.0000   6279.268189  x:  0.21706   0.01678   0.00906   0.03490   0.22213   0.03935   0.08490   0.16766   0.35933   0.16665   0.15177   0.13409   0.14084   0.05876   0.45244   0.01782   0.04370   0.32095   0.39030   0.37797   0.13413   0.22411   0.56628   0.58060   0.30431   0.09258   0.17229   0.65658   0.40735   0.09786   0.28341   0.33844   0.14021   0.55196   0.10242   0.01685   0.01186   1.73573   0.99056   0.23068   3.58309  
 65  0.0000   6279.268189  x:  0.21706   0.01678   0.00906   0.03490   0.22213   0.03935   0.08490   0.16766   0.35933   0.16665   0.15177   0.13409   0.14084   0.05876   0.45244   0.01782   0.04370   0.32095   0.39029   0.37797   0.13413   0.22411   0.56628   0.58060   0.30431   0.09258   0.17229   0.65658   0.40735   0.09786   0.28341   0.33844   0.14021   0.55196   0.10242   0.01685   0.01186   1.73573   0.99056   0.23068   3.58309  
 66  0.0000   6279.268189  x:  0.21706   0.01678   0.00906   0.03490   0.22213   0.03935   0.08490   0.16766   0.35933   0.16665   0.15177   0.13409   0.14084   0.05876   0.45244   0.01782   0.04370   0.32095   0.39030   0.37797   0.13413   0.22411   0.56628   0.58060   0.30431   0.09258   0.17229   0.65658   0.40735   0.09786   0.28341   0.33844   0.14021   0.55196   0.10242   0.01685   0.01186   1.73573   0.99056   0.23068   3.58309  