

TREE # 1

  0  0.0000  11956.635493  x:  0.02522   0.00853   0.03701   0.02853   0.00179   0.02770   0.01205   0.02562   0.02838   0.01716   0.06071   0.10413   0.10954   0.08589   0.04169   0.10034   0.07032   0.05098   0.05002   0.01444   0.05310   0.05153   0.06303   0.02285   0.04570   0.08914   0.06150   0.04203   0.03041   0.02908   0.00000   0.06853   0.02705   0.03169   0.04352   0.06241   0.02476   0.06978   0.03556   0.03698   0.01903   0.02835   0.04221   0.01847   0.04106   0.04417   0.01886   0.03815   0.02114   0.03925   0.01481   0.02485   0.01873   2.23335   0.90000   0.42049   1.71947  
  1 99.0000  11836.122184  x:  0.01987   0.01242   0.03579   0.02759   0.00000   0.02165   0.01834   0.02239   0.02186   0.01252   0.06595   0.10752   0.11326   0.09283   0.05032   0.10673   0.07517   0.05715   0.05490   0.02065   0.05840   0.05385   0.06288   0.02244   0.05297   0.10086   0.05649   0.04265   0.03233   0.03001   0.12332   0.07008   0.02305   0.02925   0.05547   0.06619   0.03098   0.07630   0.03115   0.03925   0.02302   0.02488   0.04295   0.01993   0.04301   0.04412   0.01036   0.03799   0.01423   0.03757   0.01477   0.02061   0.01392   2.23476   0.91999   0.40598   1.72236  
  2 7467.5254  11792.984848  x:  0.01389   0.01389   0.03426   0.02657   0.06501   0.01471   0.02079   0.01850   0.01418   0.00679   0.07241   0.11214   0.11841   0.10142   0.06038   0.11504   0.08289   0.06055   0.05980   0.02506   0.06046   0.04968   0.06290   0.01949   0.06197   0.11538   0.04924   0.04326   0.03431   0.02864   0.14729   0.06851   0.01783   0.02693   0.06409   0.07017   0.03582   0.08438   0.02489   0.04156   0.02634   0.02077   0.04384   0.02155   0.04503   0.04421   0.00000   0.03809   0.00611   0.03572   0.01446   0.01606   0.00939   2.23677   0.94708   0.38398   1.72648  
  3 4107.1188  11766.313689  x:  0.00788   0.01421   0.03292   0.02513   0.10530   0.00824   0.02185   0.01535   0.00806   0.00306   0.07918   0.11707   0.12393   0.11038   0.07041   0.12383   0.09112   0.06337   0.06437   0.02846   0.06207   0.04394   0.06298   0.01616   0.07093   0.13053   0.04088   0.04366   0.03605   0.02676   0.16206   0.06607   0.01284   0.02491   0.07235   0.07407   0.03994   0.09277   0.01787   0.04362   0.02894   0.01682   0.04465   0.02337   0.04658   0.04449   0.03869   0.03843   0.00223   0.03404   0.01400   0.01259   0.00645   2.23906   0.97726   0.35791   1.73116  
  4 6419.2862  11724.261064  x:  0.00942   0.01308   0.03235   0.02381   0.10722   0.00901   0.02104   0.01484   0.00985   0.00357   0.08327   0.12034   0.12778   0.11622   0.07601   0.12969   0.09664   0.06392   0.06613   0.02837   0.06231   0.03751   0.06307   0.01404   0.07580   0.14055   0.03358   0.04322   0.03626   0.02479   0.16243   0.06280   0.01208   0.02483   0.07685   0.07599   0.04083   0.09810   0.01267   0.04403   0.02884   0.01582   0.04474   0.02340   0.04677   0.04427   0.04002   0.03849   0.01919   0.03291   0.01411   0.01365   0.01283   2.24101   0.99999   0.33347   1.73502  
  5 2349.9770  11627.803479  x:  0.01035   0.00965   0.03056   0.02033   0.09212   0.00994   0.01748   0.01481   0.01021   0.00263   0.09330   0.12890   0.13813   0.13179   0.08966   0.14552   0.11148   0.06323   0.06886   0.02553   0.06201   0.01554   0.06311   0.00964   0.08766   0.16816   0.01104   0.04067   0.03532   0.01872   0.15460   0.05079   0.01198   0.02511   0.08820   0.07988   0.04086   0.11224   0.00000   0.04368   0.02645   0.01491   0.04385   0.02188   0.04582   0.04256   0.03302   0.03603   0.01170   0.02931   0.01246   0.01497   0.00969   2.24721   0.99999   0.25327   1.74659  
  6 3131.4547  11573.974009  x:  0.00957   0.01046   0.02958   0.01949   0.08214   0.00885   0.01678   0.01444   0.00937   0.00342   0.09966   0.13452   0.14503   0.14220   0.09849   0.15618   0.12145   0.06235   0.07031   0.02423   0.06260   0.00112   0.06338   0.01037   0.09592   0.18738   0.00000   0.03911   0.03485   0.01629   0.14908   0.04225   0.01114   0.02492   0.09613   0.08237   0.04196   0.12228   0.01385   0.04382   0.02574   0.01481   0.04305   0.02147   0.04505   0.04148   0.02847   0.03474   0.00744   0.02771   0.01250   0.01428   0.00978   2.25193   0.99999   0.19187   1.75498  
  7 9618.9750  11526.193792  x:  0.00620   0.01467   0.02896   0.02217   0.06973   0.00637   0.01976   0.01346   0.00699   0.00142   0.10471   0.13974   0.15191   0.15287   0.10641   0.16741   0.13193   0.05965   0.06971   0.02477   0.06716   0.00184   0.06400   0.01840   0.10726   0.21142   0.02422   0.03790   0.03469   0.02019   0.14098   0.03198   0.00965   0.02343   0.10484   0.08281   0.04043   0.13112   0.01412   0.04241   0.02512   0.01410   0.04151   0.02140   0.04342   0.04012   0.02286   0.03408   0.00374   0.02842   0.01381   0.01025   0.00988   2.25894   0.99999   0.10130   1.76583  
  8 3910.7977  11514.201687  x:  0.00514   0.01606   0.02874   0.02306   0.06556   0.00561   0.02076   0.01312   0.00624   0.00080   0.10637   0.14147   0.15421   0.15646   0.10905   0.17119   0.13545   0.05870   0.06945   0.02497   0.06872   0.00222   0.06417   0.02107   0.11104   0.21957   0.03235   0.03748   0.03462   0.02148   0.13825   0.02851   0.00916   0.02290   0.10778   0.08290   0.03987   0.13407   0.01424   0.04190   0.02491   0.01384   0.04096   0.02139   0.04284   0.03964   0.02098   0.03385   0.00251   0.02867   0.01421   0.00894   0.00980   2.26136   0.99550   0.07039   1.76952  
  9 58619.7921  11511.342039  x:  0.00759   0.01529   0.02841   0.02272   0.06603   0.00753   0.02047   0.01290   0.00743   0.00248   0.10551   0.14100   0.15389   0.15626   0.10836   0.17109   0.13514   0.05777   0.06840   0.02506   0.06911   0.00416   0.06349   0.02024   0.11043   0.22049   0.03278   0.03707   0.03411   0.02078   0.13848   0.02856   0.00948   0.02243   0.10784   0.08190   0.03908   0.13344   0.01496   0.04131   0.02479   0.01359   0.04044   0.02163   0.04231   0.03929   0.02110   0.03363   0.00309   0.02870   0.01337   0.01035   0.00660   2.26228   0.99537   0.06317   1.77036  
 10 894.5687  11509.403314  x:  0.00616   0.01345   0.02790   0.02191   0.06619   0.00654   0.01959   0.01279   0.00703   0.00059   0.10362   0.13988   0.15298   0.15541   0.10672   0.17044   0.13406   0.05613   0.06648   0.02499   0.06925   0.00604   0.06216   0.01811   0.10866   0.22116   0.03174   0.03640   0.03322   0.01927   0.13874   0.02894   0.00984   0.02183   0.10754   0.08002   0.03763   0.13183   0.01545   0.04033   0.02446   0.01336   0.03962   0.02118   0.04145   0.03868   0.02107   0.03329   0.00341   0.02858   0.01230   0.01105   0.00760   2.26374   0.99540   0.05787   1.77144  
 11 522.7139  11508.806818  x:  0.00588   0.01316   0.02771   0.02169   0.06615   0.00604   0.01939   0.01275   0.00672   0.00257   0.10264   0.13934   0.15261   0.15522   0.10593   0.17036   0.13367   0.05509   0.06541   0.02496   0.06926   0.00612   0.06142   0.01726   0.10786   0.22232   0.03152   0.03608   0.03284   0.01888   0.13881   0.02877   0.00958   0.02162   0.10762   0.07893   0.03683   0.13105   0.01525   0.03986   0.02430   0.01333   0.03922   0.02139   0.04101   0.03840   0.02095   0.03314   0.00306   0.02847   0.01247   0.01003   0.00889   2.26494   0.99541   0.05663   1.77241  
 12 375.8786  11507.083607  x:  0.00750   0.01429   0.02743   0.02172   0.06543   0.00716   0.01951   0.01291   0.00673   0.00151   0.09966   0.13793   0.15187   0.15535   0.10384   0.17095   0.13310   0.05167   0.06222   0.02495   0.06925   0.00424   0.05936   0.01613   0.10597   0.22804   0.03178   0.03535   0.03205   0.01905   0.13856   0.02725   0.00851   0.02145   0.10857   0.07564   0.03467   0.12911   0.01533   0.03871   0.02393   0.01356   0.03823   0.02107   0.03987   0.03759   0.02064   0.03280   0.00317   0.02812   0.01416   0.00694   0.00935   2.26971   0.99538   0.05617   1.77649  
 13 378.8167  11503.590876  x:  0.00634   0.01693   0.02712   0.02226   0.06314   0.00674   0.02023   0.01303   0.00708   0.00191   0.09306   0.13498   0.15056   0.15640   0.09933   0.17315   0.13246   0.04402   0.05538   0.02529   0.06965   0.00000   0.05526   0.01531   0.10218   0.24342   0.03331   0.03416   0.03088   0.02048   0.13743   0.02358   0.00809   0.02179   0.11149   0.06845   0.03048   0.12508   0.01556   0.03671   0.02337   0.01402   0.03649   0.02098   0.03778   0.03618   0.01939   0.03224   0.00370   0.02751   0.01690   0.01107   0.00868   2.28208   0.99525   0.05731   1.78723  
 14 1061.2316  11497.630040  x:  0.00632   0.01542   0.02770   0.02208   0.05624   0.00583   0.01979   0.01271   0.00775   0.00222   0.08359   0.13115   0.14929   0.15961   0.09243   0.17836   0.13304   0.03583   0.04859   0.02739   0.07331   0.00658   0.05269   0.01774   0.09659   0.27266   0.03137   0.03457   0.03156   0.02182   0.13254   0.02268   0.01520   0.02339   0.11747   0.06054   0.02943   0.11979   0.01709   0.03699   0.02366   0.01362   0.03660   0.02119   0.03764   0.03635   0.01602   0.03230   0.00377   0.02750   0.01228   0.00926   0.00812   2.30658   0.99527   0.06167   1.80884  
 15 767.8832  11492.461148  x:  0.00670   0.01213   0.02813   0.02174   0.04971   0.00991   0.01912   0.01321   0.00537   0.00211   0.07684   0.12799   0.14732   0.16049   0.08536   0.18070   0.13200   0.03518   0.04807   0.02890   0.07579   0.01007   0.05322   0.01858   0.09130   0.29298   0.03095   0.03579   0.03254   0.02088   0.12804   0.02582   0.00884   0.02091   0.12045   0.05821   0.03204   0.11463   0.01788   0.03841   0.02416   0.01368   0.03793   0.02119   0.03909   0.03761   0.01284   0.03293   0.00238   0.02852   0.01112   0.01144   0.01025   2.32782   0.99527   0.06368   1.82709  
 16 998.3325  11488.030296  x:  0.00549   0.01073   0.02821   0.02160   0.04403   0.00677   0.01866   0.01336   0.00759   0.00239   0.07205   0.12538   0.14507   0.15996   0.07866   0.18123   0.13002   0.03731   0.04976   0.02936   0.07700   0.01053   0.05450   0.01827   0.08645   0.30712   0.03086   0.03664   0.03294   0.01940   0.12421   0.02903   0.00466   0.01943   0.12138   0.05831   0.03470   0.10987   0.01799   0.03942   0.02431   0.01391   0.03897   0.02109   0.04037   0.03858   0.00994   0.03324   0.00342   0.02935   0.01256   0.01022   0.00724   2.34599   0.99524   0.06430   1.84237  
 17 1700.7799  11480.207319  x:  0.00843   0.01176   0.02793   0.02173   0.03447   0.00430   0.01859   0.01348   0.00697   0.00222   0.06450   0.12045   0.13983   0.15705   0.06469   0.18006   0.12439   0.04492   0.05585   0.02908   0.07783   0.00695   0.05782   0.01591   0.07683   0.33063   0.03268   0.03785   0.03295   0.01640   0.11781   0.03561   0.00977   0.01898   0.12078   0.06140   0.03993   0.10012   0.01766   0.04078   0.02439   0.01428   0.04051   0.02067   0.04254   0.04009   0.00521   0.03373   0.00301   0.03071   0.01744   0.01093   0.00759   2.38272   0.99512   0.06361   1.87275  
 18 2223.3976  11477.247170  x:  0.00486   0.01269   0.02770   0.02181   0.03121   0.00767   0.01873   0.01325   0.00808   0.00266   0.06338   0.11915   0.13799   0.15550   0.06007   0.17891   0.12201   0.04766   0.05811   0.02810   0.07756   0.00541   0.05892   0.01552   0.07389   0.33744   0.03308   0.03778   0.03252   0.01663   0.11568   0.03685   0.01147   0.02010   0.11944   0.06307   0.04095   0.09718   0.01757   0.04067   0.02419   0.01414   0.04048   0.02054   0.04270   0.04008   0.00349   0.03351   0.00332   0.03062   0.01689   0.00986   0.00721   2.39666   0.99509   0.06329   1.88414  
 19 1856.8269  11471.977728  x:  0.00615   0.01392   0.02737   0.02183   0.02616   0.00688   0.01900   0.01260   0.00827   0.00260   0.06592   0.11869   0.13581   0.15247   0.05531   0.17589   0.11821   0.05048   0.06066   0.02478   0.07610   0.00446   0.05996   0.01687   0.07154   0.34368   0.03310   0.03661   0.03117   0.02020   0.11266   0.03555   0.00962   0.02289   0.11504   0.06611   0.04001   0.09497   0.01745   0.03917   0.02350   0.01362   0.03909   0.02042   0.04143   0.03878   0.00087   0.03246   0.00342   0.02920   0.01033   0.00997   0.00809   2.41871   0.99503   0.06332   1.90189  
 20 1145.3019  11470.841913  x:  0.00607   0.01264   0.02761   0.02186   0.02507   0.00702   0.01881   0.01361   0.00824   0.00260   0.06768   0.11920   0.13581   0.15178   0.05555   0.17496   0.11762   0.05019   0.06053   0.02397   0.07574   0.00605   0.06004   0.01786   0.07194   0.34368   0.03253   0.03643   0.03119   0.02003   0.11206   0.03446   0.00983   0.02259   0.11337   0.06657   0.03904   0.09569   0.01757   0.03887   0.02330   0.01454   0.03890   0.02037   0.04101   0.03853   0.00027   0.03235   0.00337   0.02911   0.01269   0.01013   0.00811   2.42450   0.99503   0.06355   1.90655  
 21 461.6050  11470.615809  x:  0.00626   0.01240   0.02791   0.02216   0.02521   0.00707   0.01874   0.01385   0.00972   0.00256   0.06767   0.11929   0.13591   0.15153   0.05546   0.17463   0.11749   0.04989   0.06024   0.02367   0.07564   0.00591   0.06044   0.01897   0.07183   0.34336   0.03250   0.03659   0.03137   0.01939   0.11220   0.03417   0.00992   0.02219   0.11279   0.06649   0.03884   0.09592   0.01746   0.03905   0.02285   0.01532   0.03920   0.01971   0.04116   0.03874   0.00031   0.03227   0.00292   0.02950   0.01264   0.01031   0.00887   2.42674   0.99503   0.06347   1.90841  
 22 202.0226  11470.232686  x:  0.00615   0.01233   0.02852   0.02281   0.02530   0.00705   0.01858   0.01383   0.00884   0.00291   0.06710   0.11941   0.13627   0.15095   0.05526   0.17387   0.11733   0.04896   0.05934   0.02325   0.07542   0.00484   0.06145   0.02142   0.07146   0.34203   0.03239   0.03707   0.03184   0.01758   0.11244   0.03369   0.01022   0.02116   0.11151   0.06600   0.03850   0.09650   0.01705   0.03969   0.02181   0.01632   0.04002   0.01832   0.04169   0.03947   0.00029   0.03209   0.00340   0.03053   0.01182   0.01003   0.00848   2.43197   0.99501   0.06330   1.91282  
 23 252.7372  11469.456705  x:  0.00621   0.01325   0.02834   0.02224   0.02519   0.00708   0.01854   0.01245   0.00920   0.00270   0.06476   0.11970   0.13768   0.14990   0.05512   0.17237   0.11769   0.04714   0.05762   0.02422   0.07579   0.00406   0.06333   0.02365   0.07079   0.33784   0.03164   0.03762   0.03221   0.01687   0.11256   0.03378   0.00998   0.02185   0.10892   0.06471   0.03868   0.09808   0.01636   0.04124   0.02192   0.01278   0.04096   0.01916   0.04298   0.04063   0.00020   0.03242   0.00326   0.03087   0.01256   0.01008   0.00885   2.44676   0.99500   0.06294   1.92555  
 24 199.5968  11467.537719  x:  0.00620   0.01341   0.02692   0.02084   0.02573   0.00687   0.01916   0.01660   0.00876   0.00258   0.05815   0.12024   0.14159   0.14771   0.05363   0.16924   0.11935   0.04474   0.05503   0.02643   0.07780   0.00252   0.06701   0.02495   0.06896   0.32763   0.03061   0.03753   0.03153   0.02018   0.11311   0.03507   0.00962   0.02490   0.10365   0.06255   0.04042   0.10098   0.01509   0.04328   0.02332   0.01518   0.04198   0.02104   0.04477   0.04133   0.00030   0.03258   0.00350   0.02921   0.01271   0.00992   0.00887   2.49095   0.99497   0.06239   1.96403  
 25 641.9922  11462.265849  x:  0.00617   0.01230   0.02683   0.02323   0.02565   0.00695   0.01944   0.00949   0.00913   0.00284   0.04934   0.12260   0.15120   0.14481   0.05170   0.16442   0.12485   0.04286   0.05241   0.02844   0.08340   0.00172   0.06907   0.01798   0.06811   0.30500   0.03326   0.03578   0.02971   0.02204   0.11357   0.03714   0.01002   0.02215   0.09564   0.06018   0.04340   0.10569   0.01498   0.04194   0.02325   0.01964   0.03992   0.01893   0.04361   0.03849   0.00015   0.03210   0.00323   0.02708   0.01235   0.00984   0.00879   2.60477   0.99481   0.06565   2.06402  
 26 1319.4515  11456.588650  x:  0.00600   0.01323   0.02857   0.02500   0.02631   0.00671   0.01838   0.01652   0.00960   0.00352   0.04523   0.12468   0.16028   0.14198   0.04791   0.16005   0.12983   0.04239   0.05155   0.02647   0.08865   0.00176   0.06770   0.01178   0.06629   0.28079   0.03731   0.03466   0.02920   0.01960   0.11449   0.03835   0.01039   0.01880   0.09008   0.05883   0.04446   0.10626   0.01577   0.03795   0.02037   0.01373   0.03638   0.01561   0.04055   0.03540   0.00009   0.03096   0.00298   0.02866   0.01068   0.00981   0.00844   2.74127   0.99458   0.07026   2.18442  
 27 3493.0300  11447.473295  x:  0.00624   0.00986   0.02896   0.02066   0.02872   0.00685   0.01566   0.01386   0.00804   0.00296   0.04954   0.12424   0.16710   0.13672   0.03719   0.15412   0.13122   0.04302   0.05366   0.01769   0.09196   0.00272   0.05944   0.01810   0.05868   0.24595   0.03949   0.03475   0.02997   0.01667   0.11655   0.03886   0.00920   0.02461   0.08848   0.05836   0.03972   0.09477   0.01569   0.03161   0.01942   0.01348   0.03442   0.01903   0.03593   0.03495   0.00057   0.02961   0.00300   0.03212   0.01388   0.00986   0.00804   2.96096   0.99425   0.07540   2.37870  
 28 3341.1405  11441.722187  x:  0.00576   0.01523   0.02730   0.01995   0.02869   0.00663   0.01944   0.01407   0.00830   0.00247   0.05769   0.12137   0.16516   0.13300   0.03521   0.15015   0.12623   0.04127   0.05486   0.02238   0.08917   0.00485   0.05106   0.01749   0.05675   0.22223   0.03853   0.03577   0.03090   0.01480   0.11637   0.03792   0.00917   0.01986   0.09034   0.05786   0.03248   0.08433   0.01486   0.03484   0.02460   0.01572   0.03737   0.02095   0.03700   0.03822   0.00040   0.03207   0.00269   0.03177   0.01242   0.00984   0.00811   3.10110   0.99414   0.07775   2.50261  
 29 3158.2075  11438.271939  x:  0.00590   0.00956   0.02688   0.02287   0.02918   0.00657   0.01782   0.01414   0.00827   0.00300   0.06094   0.11603   0.15681   0.13077   0.03876   0.14807   0.11758   0.04019   0.05347   0.02560   0.08285   0.00366   0.04986   0.01680   0.05896   0.20977   0.03953   0.03591   0.03018   0.02014   0.11686   0.03694   0.01001   0.01869   0.09384   0.05809   0.03074   0.07848   0.01522   0.03854   0.02225   0.01326   0.03897   0.01797   0.03980   0.03962   0.00048   0.03235   0.00269   0.02983   0.01299   0.00939   0.00771   3.18225   0.99400   0.07890   2.57439  
 30 1764.3989  11435.094072  x:  0.00577   0.01364   0.02795   0.02227   0.02938   0.00654   0.01547   0.01374   0.00778   0.00315   0.06145   0.10835   0.14197   0.12883   0.04743   0.14669   0.10511   0.04034   0.04953   0.02524   0.07421   0.00767   0.05360   0.01477   0.06328   0.19999   0.03980   0.03534   0.02914   0.01791   0.11683   0.03625   0.00868   0.02211   0.09823   0.05833   0.03312   0.07817   0.01510   0.03929   0.01866   0.01483   0.03838   0.01757   0.04116   0.03846   0.00054   0.03091   0.00255   0.02891   0.01372   0.00982   0.00776   3.26018   0.99389   0.08042   2.64346  
 31 1459.3363  11433.784279  x:  0.00577   0.01154   0.02761   0.02097   0.02935   0.00654   0.01918   0.01386   0.00793   0.00300   0.06040   0.10517   0.13325   0.12758   0.05169   0.14606   0.09895   0.04144   0.04843   0.02402   0.06997   0.00740   0.05576   0.01519   0.06449   0.19714   0.04060   0.03505   0.02930   0.01634   0.11673   0.03550   0.00912   0.02092   0.09926   0.05779   0.03375   0.08109   0.01497   0.03756   0.02176   0.01441   0.03703   0.01915   0.03986   0.03725   0.00053   0.03078   0.00256   0.02992   0.01299   0.00960   0.00764   3.29249   0.99382   0.08141   2.67212  
 32 1040.5335  11433.412830  x:  0.00569   0.01224   0.02698   0.02139   0.02944   0.00654   0.01718   0.01385   0.00788   0.00306   0.05976   0.10526   0.12891   0.12655   0.05274   0.14567   0.09713   0.04248   0.04968   0.02450   0.06943   0.00775   0.05556   0.01615   0.06342   0.19759   0.04003   0.03514   0.02985   0.01748   0.11680   0.03529   0.00933   0.01950   0.09813   0.05706   0.03299   0.08380   0.01474   0.03623   0.02256   0.01428   0.03694   0.01906   0.03852   0.03740   0.00054   0.03153   0.00258   0.03020   0.01313   0.00960   0.00765   3.30146   0.99382   0.08154   2.68007  
 33 250.7065  11433.232715  x:  0.00572   0.01196   0.02721   0.02181   0.02948   0.00654   0.01818   0.01380   0.00777   0.00311   0.05994   0.10657   0.12551   0.12543   0.05336   0.14523   0.09653   0.04284   0.05061   0.02506   0.06993   0.00799   0.05433   0.01571   0.06232   0.19891   0.04010   0.03524   0.02993   0.01717   0.11685   0.03522   0.00909   0.02059   0.09613   0.05668   0.03228   0.08581   0.01481   0.03648   0.02153   0.01420   0.03748   0.01862   0.03842   0.03798   0.00057   0.03170   0.00255   0.02992   0.01325   0.00964   0.00762   3.30593   0.99381   0.08166   2.68399  
 34 122.8592  11433.156766  x:  0.00570   0.01192   0.02740   0.02123   0.02950   0.00655   0.01771   0.01378   0.00781   0.00306   0.06052   0.10784   0.12356   0.12458   0.05380   0.14477   0.09664   0.04245   0.05020   0.02443   0.07046   0.00773   0.05377   0.01545   0.06216   0.20013   0.04050   0.03514   0.02952   0.01720   0.11696   0.03558   0.00923   0.02008   0.09449   0.05708   0.03239   0.08608   0.01489   0.03735   0.02162   0.01423   0.03750   0.01909   0.03911   0.03788   0.00057   0.03119   0.00255   0.02981   0.01316   0.00961   0.00757   3.30780   0.99380   0.08181   2.68557  
 35 64.2989  11433.129465  x:  0.00569   0.01206   0.02711   0.02160   0.02950   0.00654   0.01793   0.01376   0.00776   0.00311   0.06082   0.10841   0.12275   0.12408   0.05409   0.14432   0.09694   0.04210   0.04982   0.02445   0.07079   0.00776   0.05408   0.01563   0.06244   0.20082   0.04019   0.03516   0.02959   0.01725   0.11698   0.03599   0.00919   0.02016   0.09358   0.05745   0.03261   0.08536   0.01482   0.03716   0.02191   0.01417   0.03722   0.01871   0.03906   0.03757   0.00058   0.03137   0.00256   0.02990   0.01330   0.00963   0.00757   3.30845   0.99381   0.08177   2.68603  
 36 30.3811  11433.117206  x:  0.00570   0.01197   0.02728   0.02147   0.02949   0.00654   0.01784   0.01377   0.00778   0.00307   0.06087   0.10853   0.12251   0.12383   0.05439   0.14394   0.09721   0.04203   0.04984   0.02485   0.07088   0.00761   0.05435   0.01559   0.06283   0.20114   0.04020   0.03520   0.02975   0.01718   0.11700   0.03599   0.00921   0.02015   0.09313   0.05747   0.03257   0.08486   0.01486   0.03680   0.02172   0.01422   0.03725   0.01904   0.03886   0.03766   0.00058   0.03152   0.00255   0.02996   0.01322   0.00961   0.00756   3.30870   0.99380   0.08179   2.68611  
 37 17.7997  11433.094821  x:  0.00570   0.01202   0.02737   0.02121   0.02949   0.00654   0.01787   0.01375   0.00777   0.00312   0.06066   0.10819   0.12253   0.12350   0.05485   0.14297   0.09786   0.04241   0.05013   0.02466   0.07075   0.00777   0.05453   0.01555   0.06328   0.20163   0.04013   0.03508   0.02959   0.01720   0.11701   0.03567   0.00919   0.02015   0.09285   0.05715   0.03237   0.08443   0.01491   0.03683   0.02201   0.01414   0.03759   0.01866   0.03865   0.03807   0.00059   0.03107   0.00256   0.02981   0.01328   0.00963   0.00757   3.30904   0.99381   0.08181   2.68590  
 38  9.0460  11433.029048  x:  0.00570   0.01202   0.02690   0.02211   0.02943   0.00655   0.01791   0.01379   0.00776   0.00302   0.06052   0.10718   0.12295   0.12281   0.05560   0.14043   0.09922   0.04291   0.05046   0.02393   0.06992   0.00805   0.05418   0.01549   0.06348   0.20256   0.03993   0.03512   0.02957   0.01712   0.11700   0.03531   0.00921   0.02007   0.09286   0.05681   0.03237   0.08446   0.01490   0.03728   0.02174   0.01418   0.03748   0.01937   0.03900   0.03794   0.00059   0.03153   0.00257   0.02989   0.01321   0.00964   0.00759   3.30992   0.99381   0.08179   2.68490  
 39 20.2478  11432.877989  x:  0.00570   0.01204   0.02741   0.02084   0.02929   0.00655   0.01797   0.01370   0.00776   0.00316   0.06133   0.10593   0.12383   0.12192   0.05605   0.13626   0.10084   0.04283   0.05042   0.02482   0.06828   0.00811   0.05344   0.01571   0.06290   0.20381   0.03997   0.03542   0.02997   0.01737   0.11687   0.03564   0.00923   0.02012   0.09365   0.05728   0.03279   0.08564   0.01484   0.03740   0.02160   0.01423   0.03673   0.01851   0.03941   0.03694   0.00059   0.03209   0.00259   0.03013   0.01327   0.00965   0.00759   3.31179   0.99381   0.08173   2.68234  
 40 42.0712  11432.561446  x:  0.00578   0.01177   0.02762   0.02240   0.02903   0.00660   0.01743   0.01383   0.00784   0.00305   0.06327   0.10589   0.12479   0.12174   0.05552   0.13243   0.10181   0.04234   0.04902   0.02634   0.06693   0.00803   0.05412   0.01554   0.06188   0.20482   0.04021   0.03498   0.02940   0.01672   0.11664   0.03658   0.00918   0.02046   0.09520   0.05886   0.03286   0.08768   0.01479   0.03630   0.02248   0.01408   0.03755   0.01912   0.03871   0.03792   0.00060   0.03006   0.00267   0.02949   0.01324   0.00967   0.00769   3.31558   0.99381   0.08176   2.67662  
 41 50.2947  11431.256187  x:  0.00584   0.01235   0.02546   0.02050   0.02821   0.00670   0.01941   0.01347   0.00787   0.00296   0.06596   0.10914   0.12594   0.12417   0.05368   0.12853   0.10219   0.04307   0.04599   0.02443   0.06682   0.00902   0.05850   0.01377   0.06228   0.20459   0.03911   0.03437   0.02884   0.01870   0.11582   0.03659   0.00945   0.01836   0.09753   0.06098   0.03120   0.09061   0.01484   0.03580   0.01936   0.01388   0.03980   0.01915   0.03704   0.04084   0.00064   0.03239   0.00290   0.02924   0.01366   0.00986   0.00795   3.33076   0.99386   0.08166   2.65251  
 42 102.3395  11425.452397  x:  0.00675   0.01075   0.02922   0.02161   0.02391   0.00741   0.01536   0.01330   0.00816   0.00314   0.06954   0.12284   0.12855   0.13554   0.05257   0.12343   0.10193   0.04489   0.04741   0.02284   0.06873   0.00921   0.06532   0.00859   0.07073   0.19595   0.03724   0.03553   0.03131   0.01707   0.11269   0.03121   0.00885   0.02291   0.09963   0.06153   0.02528   0.09664   0.01477   0.04127   0.02561   0.01428   0.03793   0.01824   0.03757   0.03948   0.00065   0.03931   0.00388   0.03112   0.01323   0.01033   0.00924   3.39880   0.99401   0.08048   2.54247  
 43 541.4971  11415.758720  x:  0.00786   0.01200   0.03046   0.02238   0.01614   0.00861   0.01961   0.01323   0.00873   0.00278   0.07066   0.13991   0.13257   0.15138   0.05909   0.12410   0.10369   0.04633   0.05818   0.02699   0.07112   0.01137   0.06130   0.01645   0.08377   0.17705   0.02808   0.03343   0.02880   0.01688   0.10586   0.02838   0.00984   0.01840   0.09818   0.06112   0.02952   0.10190   0.01209   0.04178   0.02136   0.01327   0.03282   0.02184   0.04013   0.03245   0.00091   0.03175   0.00636   0.02611   0.01460   0.01141   0.01260   3.51384   0.99433   0.07765   2.35523  
 44 1834.4184  11411.094094  x:  0.00849   0.01177   0.02465   0.02103   0.01203   0.00906   0.01862   0.01333   0.00974   0.00302   0.07267   0.14158   0.13660   0.15364   0.07069   0.13218   0.10809   0.04431   0.05856   0.02477   0.06859   0.01004   0.05077   0.01507   0.08913   0.16626   0.02760   0.03567   0.03239   0.01806   0.10304   0.03320   0.01007   0.02065   0.09321   0.06245   0.03597   0.10570   0.01162   0.03675   0.02256   0.01380   0.03800   0.02067   0.03976   0.03724   0.00068   0.03129   0.00709   0.03058   0.01366   0.01167   0.01371   3.56688   0.99439   0.07638   2.26806  
 45 1197.3941  11409.225554  x:  0.00862   0.01202   0.03073   0.02204   0.01071   0.00923   0.01905   0.01346   0.00986   0.00305   0.07553   0.13566   0.14055   0.14787   0.07713   0.14270   0.11233   0.04610   0.05625   0.02315   0.06686   0.01010   0.05037   0.01584   0.08609   0.16360   0.02679   0.03466   0.03085   0.01861   0.10217   0.03619   0.01020   0.02023   0.08824   0.06521   0.03514   0.10713   0.01127   0.03633   0.02360   0.01338   0.03844   0.02082   0.03826   0.03883   0.00070   0.03571   0.00742   0.02658   0.01379   0.01182   0.01408   3.58781   0.99445   0.07560   2.23345  
 46 429.9092  11407.969078  x:  0.00886   0.01150   0.02730   0.02134   0.00983   0.00943   0.01861   0.01328   0.00990   0.00311   0.07961   0.12943   0.14493   0.13968   0.08091   0.15279   0.11533   0.04812   0.05572   0.02582   0.06643   0.01055   0.05433   0.01500   0.08272   0.16358   0.02710   0.03447   0.03046   0.01802   0.10172   0.03459   0.01015   0.02042   0.08400   0.06740   0.03168   0.10871   0.01160   0.03850   0.02278   0.01350   0.03674   0.02086   0.03822   0.03705   0.00074   0.03396   0.00767   0.02834   0.01381   0.01198   0.01442   3.60078   0.99447   0.07594   2.21180  
 47 344.0228  11407.739219  x:  0.00886   0.01171   0.02799   0.02164   0.00970   0.00943   0.01904   0.01314   0.00987   0.00307   0.08079   0.12863   0.14672   0.13437   0.07982   0.15462   0.11396   0.04687   0.05673   0.02497   0.06686   0.01088   0.05535   0.01397   0.08359   0.16414   0.02646   0.03556   0.03233   0.01878   0.10162   0.03338   0.01021   0.01999   0.08408   0.06671   0.03259   0.10956   0.01147   0.03772   0.02287   0.01345   0.03735   0.02106   0.03924   0.03670   0.00078   0.03308   0.00775   0.02791   0.01400   0.01202   0.01451   3.60209   0.99449   0.07570   2.20899  
 48 71.2679  11407.587345  x:  0.00888   0.01159   0.02749   0.02147   0.00958   0.00945   0.01877   0.01320   0.00990   0.00311   0.08141   0.12881   0.14867   0.12939   0.07911   0.15565   0.11201   0.04608   0.05771   0.02500   0.06759   0.01069   0.05525   0.01426   0.08583   0.16482   0.02640   0.03449   0.03097   0.01817   0.10148   0.03346   0.01024   0.02011   0.08498   0.06594   0.03345   0.11056   0.01139   0.03782   0.02298   0.01341   0.03733   0.02085   0.03902   0.03711   0.00077   0.03408   0.00776   0.02785   0.01395   0.01202   0.01452   3.60198   0.99448   0.07583   2.20820  
 49 68.7294  11407.525394  x:  0.00888   0.01171   0.02783   0.02160   0.00951   0.00945   0.01893   0.01320   0.00991   0.00309   0.08084   0.12943   0.14994   0.12738   0.07963   0.15568   0.11055   0.04698   0.05709   0.02501   0.06813   0.01056   0.05462   0.01446   0.08683   0.16506   0.02602   0.03496   0.03118   0.01851   0.10133   0.03446   0.01022   0.02019   0.08554   0.06610   0.03264   0.11079   0.01131   0.03841   0.02279   0.01346   0.03695   0.02103   0.03841   0.03715   0.00077   0.03360   0.00777   0.02838   0.01398   0.01203   0.01455   3.60071   0.99448   0.07579   2.20917  
 50 32.9613  11407.455606  x:  0.00890   0.01160   0.02728   0.02141   0.00945   0.00948   0.01873   0.01325   0.00992   0.00314   0.07984   0.13060   0.15158   0.12616   0.08089   0.15541   0.10869   0.04791   0.05648   0.02503   0.06833   0.01058   0.05412   0.01475   0.08655   0.16539   0.02624   0.03517   0.03164   0.01801   0.10125   0.03408   0.01021   0.02021   0.08565   0.06697   0.03211   0.11046   0.01141   0.03792   0.02288   0.01337   0.03728   0.02087   0.03893   0.03677   0.00077   0.03378   0.00778   0.02728   0.01390   0.01204   0.01454   3.59760   0.99447   0.07595   2.21206  
 51 33.3505  11407.323439  x:  0.00889   0.01165   0.02793   0.02153   0.00939   0.00949   0.01891   0.01318   0.00985   0.00313   0.07864   0.13266   0.15424   0.12503   0.08325   0.15480   0.10569   0.04801   0.05672   0.02507   0.06774   0.01112   0.05402   0.01449   0.08460   0.16567   0.02605   0.03434   0.03096   0.01850   0.10119   0.03294   0.01018   0.02018   0.08524   0.06800   0.03230   0.10944   0.01138   0.03738   0.02306   0.01338   0.03758   0.02097   0.03950   0.03694   0.00078   0.03392   0.00779   0.02866   0.01397   0.01206   0.01457   3.59010   0.99447   0.07606   2.21923  
 52 72.4361  11407.086037  x:  0.00892   0.01158   0.02752   0.02140   0.00924   0.00950   0.01886   0.01318   0.00993   0.00310   0.07855   0.13497   0.15706   0.12449   0.08593   0.15394   0.10275   0.04649   0.05845   0.02432   0.06589   0.01137   0.05512   0.01408   0.08208   0.16522   0.02673   0.03512   0.03128   0.01837   0.10117   0.03394   0.01024   0.02007   0.08425   0.06690   0.03275   0.10828   0.01149   0.03857   0.02290   0.01350   0.03641   0.02104   0.03758   0.03758   0.00078   0.03375   0.00780   0.02772   0.01392   0.01208   0.01456   3.57482   0.99443   0.07640   2.23395  
 53 108.8001  11406.187012  x:  0.00897   0.01165   0.02759   0.02139   0.00858   0.00955   0.01889   0.01320   0.01002   0.00313   0.08086   0.13595   0.15880   0.12396   0.08649   0.15166   0.10090   0.04795   0.05831   0.02412   0.06429   0.01127   0.05686   0.01384   0.08123   0.15960   0.02722   0.03465   0.03001   0.01872   0.10079   0.03861   0.01031   0.02030   0.08103   0.06057   0.03119   0.10798   0.01162   0.03665   0.02287   0.01349   0.03894   0.02099   0.04012   0.03433   0.00077   0.03370   0.00786   0.02807   0.01388   0.01211   0.01457   3.51242   0.99434   0.07770   2.29406  
 54 172.2610  11403.742024  x:  0.00922   0.01132   0.02757   0.02145   0.00704   0.00974   0.01863   0.01319   0.01014   0.00316   0.08072   0.13240   0.15687   0.12075   0.08038   0.14538   0.10055   0.05088   0.05340   0.02577   0.06502   0.01222   0.05489   0.01382   0.08242   0.14180   0.02683   0.03415   0.03118   0.01882   0.09990   0.03596   0.01040   0.02023   0.07282   0.05951   0.03478   0.10831   0.01076   0.03690   0.02303   0.01391   0.03444   0.02084   0.04026   0.03844   0.00077   0.03372   0.00813   0.02754   0.01396   0.01228   0.01498   3.34388   0.99413   0.08093   2.45618  
 55 887.2014  11403.061828  x:  0.00931   0.01127   0.02761   0.02140   0.00662   0.00980   0.01862   0.01322   0.01010   0.00319   0.07757   0.13076   0.15499   0.11901   0.07896   0.14369   0.10202   0.04745   0.05504   0.02525   0.06557   0.01267   0.05453   0.01383   0.08339   0.13602   0.02670   0.03470   0.03059   0.01869   0.09971   0.03578   0.01030   0.02028   0.07224   0.06418   0.03315   0.10875   0.01061   0.03820   0.02287   0.01364   0.03778   0.02115   0.03773   0.03565   0.00078   0.03393   0.00821   0.02768   0.01401   0.01234   0.01511   3.29585   0.99407   0.08189   2.50227  
 56 721.5756  11402.975632  x:  0.00932   0.01131   0.02753   0.02133   0.00655   0.00981   0.01869   0.01322   0.01011   0.00321   0.07673   0.13078   0.15438   0.11845   0.07935   0.14353   0.10280   0.04633   0.05599   0.02485   0.06588   0.01268   0.05490   0.01376   0.08345   0.13499   0.02674   0.03453   0.03057   0.01870   0.09966   0.03648   0.01027   0.02029   0.07305   0.06512   0.03169   0.10893   0.01067   0.03750   0.02283   0.01372   0.03683   0.02105   0.03896   0.03649   0.00078   0.03381   0.00822   0.02764   0.01400   0.01236   0.01513   3.28988   0.99406   0.08205   2.50793  
 57 123.5310  11402.951870  x:  0.00932   0.01128   0.02755   0.02131   0.00651   0.00982   0.01866   0.01324   0.01013   0.00322   0.07675   0.13150   0.15362   0.11757   0.08011   0.14346   0.10370   0.04648   0.05583   0.02485   0.06651   0.01249   0.05512   0.01375   0.08265   0.13412   0.02682   0.03434   0.03075   0.01871   0.09956   0.03622   0.01028   0.02034   0.07445   0.06470   0.03199   0.10864   0.01063   0.03759   0.02284   0.01375   0.03688   0.02105   0.03881   0.03640   0.00077   0.03382   0.00822   0.02764   0.01395   0.01234   0.01514   3.28866   0.99406   0.08204   2.50884  
 58 13.4247  11402.907467  x:  0.00933   0.01127   0.02755   0.02130   0.00644   0.00982   0.01865   0.01324   0.01013   0.00322   0.07662   0.13210   0.15336   0.11721   0.08004   0.14366   0.10420   0.04671   0.05568   0.02497   0.06596   0.01262   0.05517   0.01372   0.08258   0.13398   0.02677   0.03605   0.02947   0.01871   0.09952   0.03586   0.01028   0.02035   0.07480   0.06461   0.03211   0.10856   0.01063   0.03726   0.02290   0.01377   0.03676   0.02103   0.03888   0.03647   0.00077   0.03391   0.00822   0.02767   0.01393   0.01235   0.01514   3.28798   0.99406   0.08204   2.50876  
 59  3.4307  11401.806851  x:  0.00939   0.01126   0.02740   0.02133   0.00480   0.00989   0.01862   0.01321   0.01008   0.00323   0.07338   0.13988   0.15142   0.11413   0.07551   0.14719   0.10954   0.04924   0.05442   0.02587   0.05230   0.01502   0.05494   0.01385   0.08448   0.13510   0.02595   0.03412   0.03088   0.01865   0.09859   0.03559   0.01019   0.02058   0.07575   0.06497   0.03167   0.10773   0.01068   0.03765   0.02269   0.01382   0.03668   0.02107   0.03900   0.03621   0.00077   0.03354   0.00825   0.02764   0.01380   0.01245   0.01501   3.27543   0.99406   0.08195   2.50284  
 60 14.5068  11397.838516  x:  0.00958   0.01116   0.02720   0.02123   0.00061   0.01001   0.01845   0.01324   0.01017   0.00322   0.07521   0.13763   0.14945   0.11582   0.07597   0.14545   0.10839   0.04938   0.05499   0.02507   0.05402   0.01470   0.05521   0.01400   0.08429   0.13861   0.02340   0.03416   0.03070   0.01892   0.09527   0.03559   0.01027   0.02103   0.07641   0.06555   0.03174   0.10778   0.00998   0.03746   0.02268   0.01399   0.03664   0.02104   0.03875   0.03623   0.00074   0.03346   0.00830   0.02748   0.01331   0.01251   0.01469   3.24510   0.99408   0.08158   2.48678  
 61 72.4089  11388.658304  x:  0.00989   0.01065   0.02651   0.02097   0.00228   0.00992   0.01678   0.01334   0.00998   0.00325   0.07900   0.11830   0.12841   0.12252   0.06920   0.13509   0.10266   0.04866   0.05542   0.02063   0.06286   0.01184   0.05696   0.01434   0.07672   0.16809   0.01128   0.03412   0.02954   0.01960   0.09037   0.03515   0.01068   0.02294   0.08354   0.06759   0.03169   0.10158   0.00665   0.03637   0.02207   0.01462   0.03659   0.02002   0.03719   0.03668   0.00084   0.03268   0.00725   0.02716   0.01079   0.01238   0.01070   2.98795   0.99407   0.08108   2.50116  
 62  0.4010  11385.376405  x:  0.00994   0.01035   0.02632   0.02100   0.00084   0.00990   0.01583   0.01311   0.00894   0.00347   0.07919   0.11726   0.12869   0.12663   0.06973   0.13809   0.09994   0.04840   0.05479   0.02133   0.06211   0.00884   0.05602   0.01239   0.07600   0.17385   0.01156   0.03426   0.02962   0.01650   0.08234   0.03686   0.01162   0.02138   0.08589   0.06730   0.03170   0.10099   0.00645   0.03686   0.02139   0.01373   0.03695   0.01920   0.03749   0.03706   0.00132   0.03169   0.00602   0.02801   0.01201   0.01236   0.00594   3.04862   0.99341   0.08145   2.49112  
 63  0.0589  11382.021049  x:  0.01102   0.00982   0.02687   0.02012   0.00062   0.01087   0.01578   0.01389   0.01006   0.00408   0.07589   0.11672   0.12667   0.12197   0.06821   0.14668   0.09656   0.04903   0.05487   0.02241   0.05908   0.00824   0.05322   0.01190   0.07263   0.17716   0.01535   0.03475   0.03002   0.01589   0.06615   0.04116   0.01167   0.02146   0.08354   0.06669   0.03275   0.09608   0.00770   0.03748   0.02096   0.01377   0.03773   0.01983   0.03911   0.03775   0.00194   0.03097   0.00712   0.02852   0.01231   0.01379   0.01015   3.15474   0.99170   0.08589   2.54582  
 64  0.0735  11379.169290  x:  0.01023   0.01028   0.02693   0.02028   0.00187   0.01020   0.01607   0.01453   0.01030   0.00422   0.07590   0.12408   0.13500   0.12210   0.06709   0.14737   0.09804   0.04876   0.05436   0.02150   0.05670   0.01031   0.05391   0.01513   0.07589   0.17168   0.01117   0.03469   0.03045   0.01753   0.05083   0.04079   0.01142   0.02310   0.08068   0.06589   0.03133   0.09911   0.00724   0.03777   0.02155   0.01443   0.03792   0.01987   0.03900   0.03811   0.00258   0.03108   0.00620   0.02827   0.01133   0.01370   0.00902   3.23522   0.99033   0.08691   2.55749  
 65  0.1034  11378.247047  x:  0.00999   0.01039   0.02681   0.02096   0.00152   0.01003   0.01636   0.01400   0.00984   0.00399   0.07620   0.12125   0.13302   0.12356   0.06692   0.14113   0.10141   0.04880   0.05438   0.02152   0.05860   0.01284   0.05389   0.01428   0.07583   0.16870   0.01206   0.03435   0.02995   0.01821   0.04599   0.04056   0.01128   0.02259   0.08133   0.06623   0.03145   0.10034   0.00767   0.03671   0.02173   0.01454   0.03709   0.01975   0.03799   0.03714   0.00283   0.03183   0.00588   0.02779   0.01170   0.01340   0.00831   3.08667   0.98966   0.08769   2.64958  
 66  0.1788  11378.086588  x:  0.00985   0.01039   0.02671   0.02101   0.00137   0.00995   0.01615   0.01374   0.00944   0.00370   0.07818   0.11945   0.13113   0.12402   0.06911   0.13955   0.10011   0.04995   0.05534   0.02107   0.05948   0.01284   0.05475   0.01472   0.07609   0.16750   0.01218   0.03451   0.02998   0.01816   0.04750   0.04037   0.01115   0.02237   0.08241   0.06730   0.03170   0.10078   0.00727   0.03690   0.02158   0.01428   0.03721   0.01968   0.03795   0.03709   0.00280   0.03214   0.00582   0.02783   0.01144   0.01292   0.00825   3.09829   0.98959   0.08607   2.64769  
 67  0.0108  11377.996187  x:  0.00984   0.01032   0.02675   0.02084   0.00146   0.00999   0.01622   0.01374   0.00930   0.00348   0.07786   0.12080   0.13113   0.12337   0.06971   0.14125   0.10028   0.05010   0.05532   0.02174   0.05889   0.01332   0.05433   0.01447   0.07609   0.16876   0.01247   0.03460   0.03014   0.01776   0.04672   0.04107   0.01117   0.02197   0.08264   0.06736   0.03181   0.10047   0.00721   0.03715   0.02148   0.01422   0.03743   0.01987   0.03820   0.03721   0.00293   0.03190   0.00594   0.02800   0.01184   0.01257   0.00849   3.10034   0.98910   0.08437   2.64992  
 68  0.0024  11377.940029  x:  0.00983   0.01033   0.02669   0.02076   0.00134   0.00991   0.01621   0.01396   0.00957   0.00350   0.07808   0.12088   0.13160   0.12364   0.06839   0.14160   0.10031   0.04994   0.05529   0.02116   0.05872   0.01319   0.05431   0.01461   0.07628   0.16939   0.01228   0.03454   0.03009   0.01807   0.04622   0.04106   0.01113   0.02246   0.08210   0.06732   0.03164   0.10052   0.00715   0.03702   0.02164   0.01437   0.03737   0.01996   0.03817   0.03733   0.00299   0.03186   0.00599   0.02791   0.01134   0.01246   0.00849   3.10191   0.98860   0.08339   2.65690  
 69  0.0045  11377.869689  x:  0.00991   0.01035   0.02674   0.02096   0.00153   0.00995   0.01617   0.01401   0.00966   0.00374   0.07766   0.12043   0.13283   0.12477   0.06802   0.14072   0.10068   0.04945   0.05489   0.02127   0.05938   0.01280   0.05446   0.01446   0.07623   0.16937   0.01212   0.03450   0.02995   0.01799   0.04828   0.04064   0.01121   0.02254   0.08203   0.06704   0.03153   0.10092   0.00729   0.03687   0.02178   0.01439   0.03724   0.01981   0.03805   0.03734   0.00308   0.03215   0.00611   0.02790   0.01169   0.01263   0.00855   3.09374   0.98796   0.08294   2.66435  
 70  0.0048  11377.803214  x:  0.00999   0.01038   0.02677   0.02096   0.00141   0.01003   0.01623   0.01388   0.00944   0.00391   0.07779   0.12087   0.13198   0.12419   0.06932   0.14070   0.10099   0.04991   0.05530   0.02152   0.05941   0.01255   0.05486   0.01447   0.07608   0.16913   0.01169   0.03456   0.03005   0.01796   0.04783   0.04039   0.01122   0.02242   0.08269   0.06730   0.03173   0.10100   0.00736   0.03709   0.02156   0.01433   0.03738   0.01973   0.03817   0.03725   0.00327   0.03199   0.00610   0.02794   0.01163   0.01287   0.00841   3.10803   0.98704   0.08366   2.67222  
 71  0.0075  11377.786516  x:  0.00995   0.01036   0.02681   0.02089   0.00142   0.01000   0.01623   0.01389   0.00946   0.00381   0.07801   0.12100   0.13196   0.12407   0.06912   0.14120   0.10088   0.05000   0.05541   0.02138   0.05912   0.01270   0.05476   0.01453   0.07648   0.16925   0.01234   0.03462   0.03014   0.01799   0.04832   0.04062   0.01120   0.02242   0.08273   0.06738   0.03177   0.10106   0.00746   0.03713   0.02162   0.01436   0.03744   0.01982   0.03825   0.03729   0.00330   0.03197   0.00608   0.02796   0.01156   0.01283   0.00841   3.10277   0.98673   0.08405   2.67945  
 72  0.0080  11377.781170  x:  0.00991   0.01038   0.02682   0.02093   0.00138   0.00998   0.01626   0.01392   0.00951   0.00370   0.07816   0.12097   0.13207   0.12422   0.06904   0.14149   0.10081   0.04995   0.05538   0.02141   0.05914   0.01287   0.05463   0.01454   0.07659   0.16942   0.01202   0.03465   0.03017   0.01803   0.04848   0.04076   0.01119   0.02242   0.08267   0.06740   0.03179   0.10102   0.00734   0.03712   0.02169   0.01440   0.03745   0.01989   0.03826   0.03734   0.00331   0.03202   0.00606   0.02798   0.01163   0.01277   0.00848   3.10112   0.98663   0.08411   2.67697  
 73  0.0032  11377.779614  x:  0.00990   0.01038   0.02681   0.02094   0.00142   0.00999   0.01625   0.01394   0.00952   0.00365   0.07819   0.12096   0.13212   0.12433   0.06910   0.14142   0.10089   0.04993   0.05538   0.02143   0.05936   0.01278   0.05464   0.01452   0.07640   0.16953   0.01207   0.03465   0.03015   0.01803   0.04842   0.04076   0.01119   0.02245   0.08262   0.06744   0.03180   0.10095   0.00729   0.03710   0.02169   0.01440   0.03744   0.01989   0.03824   0.03736   0.00331   0.03205   0.00600   0.02798   0.01160   0.01274   0.00848   3.10306   0.98659   0.08414   2.67399  
 74  0.0026  11377.777793  x:  0.00992   0.01035   0.02683   0.02093   0.00141   0.01003   0.01624   0.01394   0.00949   0.00362   0.07802   0.12102   0.13215   0.12426   0.06889   0.14126   0.10084   0.04991   0.05535   0.02142   0.05923   0.01287   0.05474   0.01455   0.07651   0.16945   0.01206   0.03465   0.03015   0.01800   0.04836   0.04063   0.01120   0.02244   0.08273   0.06738   0.03176   0.10101   0.00727   0.03715   0.02162   0.01437   0.03745   0.01984   0.03824   0.03734   0.00327   0.03204   0.00592   0.02799   0.01161   0.01273   0.00849   3.10340   0.98658   0.08391   2.66250  
 75  0.0026  11377.772520  x:  0.00996   0.01043   0.02682   0.02093   0.00140   0.01008   0.01628   0.01389   0.00951   0.00365   0.07798   0.12088   0.13221   0.12406   0.06921   0.14150   0.10091   0.04996   0.05542   0.02140   0.05921   0.01290   0.05467   0.01441   0.07640   0.16948   0.01208   0.03459   0.03012   0.01811   0.04846   0.04072   0.01127   0.02243   0.08260   0.06732   0.03181   0.10103   0.00733   0.03706   0.02166   0.01441   0.03740   0.01988   0.03822   0.03727   0.00313   0.03199   0.00588   0.02794   0.01158   0.01274   0.00854   3.10420   0.98652   0.08269   2.61346  
 76  0.0106  11377.768153  x:  0.00995   0.01036   0.02684   0.02095   0.00139   0.01004   0.01625   0.01392   0.00956   0.00370   0.07808   0.12090   0.13211   0.12440   0.06918   0.14155   0.10085   0.04993   0.05536   0.02147   0.05936   0.01279   0.05465   0.01460   0.07651   0.16953   0.01206   0.03468   0.03019   0.01799   0.04833   0.04080   0.01130   0.02244   0.08259   0.06734   0.03185   0.10106   0.00734   0.03714   0.02173   0.01438   0.03746   0.01990   0.03828   0.03739   0.00302   0.03211   0.00591   0.02801   0.01163   0.01276   0.00851   3.10224   0.98642   0.08168   2.56823  
 77  0.0235  11377.765488  x:  0.00991   0.01038   0.02681   0.02095   0.00142   0.00996   0.01629   0.01391   0.00954   0.00369   0.07823   0.12106   0.13215   0.12438   0.06901   0.14148   0.10083   0.04997   0.05544   0.02144   0.05928   0.01286   0.05465   0.01450   0.07655   0.16951   0.01202   0.03465   0.03015   0.01802   0.04830   0.04073   0.01122   0.02243   0.08271   0.06752   0.03180   0.10100   0.00732   0.03714   0.02167   0.01437   0.03745   0.01991   0.03823   0.03738   0.00297   0.03206   0.00599   0.02800   0.01162   0.01277   0.00845   3.10344   0.98638   0.08110   2.53801  
 78  0.0149  11377.763625  x:  0.00990   0.01038   0.02684   0.02094   0.00141   0.00997   0.01623   0.01391   0.00950   0.00364   0.07813   0.12107   0.13227   0.12413   0.06919   0.14134   0.10105   0.04991   0.05534   0.02142   0.05929   0.01286   0.05475   0.01454   0.07638   0.16961   0.01207   0.03465   0.03017   0.01804   0.04828   0.04075   0.01115   0.02241   0.08262   0.06745   0.03175   0.10106   0.00728   0.03714   0.02168   0.01439   0.03747   0.01986   0.03825   0.03735   0.00296   0.03208   0.00606   0.02801   0.01161   0.01277   0.00846   3.10244   0.98640   0.08050   2.51113  
 79  0.0103  11377.757911  x:  0.00990   0.01037   0.02684   0.02097   0.00140   0.01007   0.01627   0.01391   0.00953   0.00356   0.07790   0.12064   0.13218   0.12470   0.06886   0.14135   0.10080   0.04999   0.05528   0.02150   0.05930   0.01272   0.05473   0.01445   0.07672   0.16950   0.01209   0.03462   0.03013   0.01806   0.04822   0.04082   0.01110   0.02240   0.08265   0.06719   0.03191   0.10122   0.00725   0.03709   0.02170   0.01438   0.03740   0.01986   0.03826   0.03733   0.00295   0.03206   0.00616   0.02798   0.01161   0.01275   0.00849   3.10695   0.98645   0.07831   2.41133  
 80  0.0184  11377.729607  x:  0.00977   0.01040   0.02674   0.02101   0.00140   0.01029   0.01633   0.01396   0.00972   0.00355   0.07741   0.12141   0.13228   0.12444   0.06948   0.14164   0.10057   0.05000   0.05555   0.02136   0.05911   0.01269   0.05473   0.01451   0.07640   0.16955   0.01200   0.03467   0.03013   0.01794   0.04856   0.04056   0.01113   0.02249   0.08259   0.06706   0.03192   0.10113   0.00732   0.03719   0.02165   0.01427   0.03737   0.01997   0.03819   0.03743   0.00300   0.03203   0.00617   0.02802   0.01162   0.01268   0.00830   3.10157   0.98656   0.06838   1.95505  
 81  0.0746  11377.691874  x:  0.00976   0.01035   0.02683   0.02089   0.00142   0.01032   0.01621   0.01390   0.00957   0.00373   0.07835   0.12090   0.13175   0.12371   0.06907   0.14149   0.10104   0.04999   0.05555   0.02144   0.05931   0.01285   0.05465   0.01458   0.07637   0.16931   0.01202   0.03465   0.03019   0.01803   0.04843   0.04057   0.01119   0.02245   0.08256   0.06765   0.03170   0.10100   0.00738   0.03712   0.02170   0.01450   0.03749   0.01994   0.03825   0.03735   0.00321   0.03205   0.00596   0.02799   0.01166   0.01258   0.00833   3.09914   0.98677   0.05345   1.34723  
 82  0.2176  11377.678915  x:  0.00987   0.01040   0.02685   0.02094   0.00141   0.01010   0.01627   0.01391   0.00949   0.00372   0.07827   0.12096   0.13228   0.12442   0.06901   0.14117   0.10076   0.04989   0.05527   0.02143   0.05927   0.01289   0.05462   0.01452   0.07643   0.16929   0.01212   0.03465   0.03015   0.01804   0.04824   0.04083   0.01114   0.02240   0.08265   0.06747   0.03174   0.10088   0.00732   0.03710   0.02168   0.01434   0.03746   0.01984   0.03825   0.03734   0.00315   0.03205   0.00599   0.02800   0.01157   0.01269   0.00854   3.10138   0.98680   0.04841   1.15223  
 83  0.1219  11377.678450  x:  0.00987   0.01040   0.02685   0.02094   0.00141   0.01009   0.01627   0.01391   0.00949   0.00372   0.07826   0.12096   0.13227   0.12442   0.06900   0.14117   0.10076   0.04989   0.05527   0.02143   0.05927   0.01289   0.05462   0.01452   0.07643   0.16930   0.01212   0.03465   0.03015   0.01804   0.04825   0.04083   0.01115   0.02241   0.08265   0.06746   0.03175   0.10088   0.00732   0.03710   0.02168   0.01434   0.03746   0.01984   0.03824   0.03734   0.00315   0.03205   0.00599   0.02800   0.01157   0.01270   0.00854   3.10146   0.98680   0.04848   1.15820  
 84  0.0525  11377.675161  x:  0.00992   0.01036   0.02680   0.02095   0.00141   0.00997   0.01626   0.01393   0.00951   0.00369   0.07811   0.12095   0.13204   0.12425   0.06897   0.14132   0.10085   0.04989   0.05533   0.02142   0.05931   0.01284   0.05467   0.01451   0.07643   0.16942   0.01210   0.03464   0.03014   0.01804   0.04835   0.04079   0.01118   0.02243   0.08262   0.06738   0.03180   0.10092   0.00729   0.03711   0.02167   0.01439   0.03742   0.01986   0.03823   0.03735   0.00315   0.03204   0.00598   0.02797   0.01162   0.01274   0.00850   3.10218   0.98681   0.04494   1.02397  
 85  0.1813  11377.674148  x:  0.00993   0.01039   0.02681   0.02093   0.00141   0.00995   0.01624   0.01393   0.00953   0.00365   0.07802   0.12089   0.13205   0.12414   0.06908   0.14141   0.10077   0.04995   0.05540   0.02144   0.05927   0.01284   0.05467   0.01452   0.07640   0.16938   0.01208   0.03465   0.03015   0.01801   0.04838   0.04070   0.01123   0.02244   0.08259   0.06737   0.03179   0.10098   0.00731   0.03711   0.02168   0.01439   0.03744   0.01990   0.03824   0.03736   0.00317   0.03205   0.00598   0.02799   0.01162   0.01276   0.00844   3.10129   0.98682   0.04289   0.95220  
 86  0.0383  11377.673889  x:  0.00993   0.01039   0.02682   0.02093   0.00141   0.00995   0.01624   0.01393   0.00952   0.00365   0.07803   0.12089   0.13206   0.12416   0.06908   0.14139   0.10078   0.04996   0.05540   0.02143   0.05927   0.01285   0.05467   0.01452   0.07641   0.16936   0.01208   0.03465   0.03015   0.01802   0.04837   0.04071   0.01123   0.02243   0.08259   0.06738   0.03179   0.10097   0.00731   0.03711   0.02168   0.01439   0.03744   0.01990   0.03824   0.03735   0.00317   0.03205   0.00598   0.02799   0.01161   0.01276   0.00845   3.10130   0.98683   0.04195   0.91757  
 87  0.0715  11377.673169  x:  0.00992   0.01035   0.02683   0.02095   0.00141   0.00999   0.01627   0.01392   0.00951   0.00365   0.07811   0.12094   0.13208   0.12429   0.06901   0.14129   0.10086   0.04993   0.05536   0.02141   0.05929   0.01286   0.05465   0.01452   0.07643   0.16932   0.01209   0.03464   0.03015   0.01804   0.04832   0.04076   0.01122   0.02242   0.08260   0.06741   0.03178   0.10095   0.00732   0.03711   0.02168   0.01438   0.03745   0.01988   0.03824   0.03734   0.00316   0.03204   0.00599   0.02799   0.01160   0.01275   0.00849   3.10185   0.98683   0.04021   0.85738  
 88  0.0613  11377.672868  x:  0.00991   0.01038   0.02682   0.02094   0.00141   0.01001   0.01626   0.01392   0.00951   0.00366   0.07813   0.12093   0.13208   0.12425   0.06900   0.14131   0.10083   0.04992   0.05535   0.02142   0.05929   0.01285   0.05466   0.01452   0.07643   0.16935   0.01209   0.03464   0.03014   0.01803   0.04833   0.04076   0.01121   0.02243   0.08261   0.06741   0.03178   0.10094   0.00731   0.03711   0.02168   0.01438   0.03744   0.01988   0.03824   0.03735   0.00315   0.03205   0.00599   0.02799   0.01161   0.01275   0.00848   3.10173   0.98683   0.03977   0.84412  
 89  0.0097  11377.672564  x:  0.00990   0.01039   0.02681   0.02094   0.00141   0.01001   0.01624   0.01393   0.00952   0.00367   0.07812   0.12092   0.13208   0.12420   0.06901   0.14134   0.10081   0.04991   0.05535   0.02144   0.05929   0.01284   0.05466   0.01452   0.07642   0.16938   0.01209   0.03465   0.03014   0.01803   0.04834   0.04075   0.01121   0.02243   0.08262   0.06740   0.03179   0.10094   0.00731   0.03712   0.02168   0.01438   0.03743   0.01988   0.03823   0.03736   0.00315   0.03205   0.00599   0.02798   0.01161   0.01275   0.00847   3.10156   0.98683   0.03824   0.79109  
 90  0.0969  11377.672314  x:  0.00990   0.01036   0.02682   0.02094   0.00141   0.01000   0.01626   0.01392   0.00952   0.00366   0.07808   0.12092   0.13207   0.12421   0.06906   0.14136   0.10081   0.04992   0.05537   0.02142   0.05927   0.01285   0.05466   0.01452   0.07641   0.16938   0.01209   0.03465   0.03015   0.01803   0.04836   0.04074   0.01120   0.02243   0.08261   0.06739   0.03179   0.10095   0.00731   0.03711   0.02168   0.01439   0.03743   0.01988   0.03824   0.03735   0.00316   0.03205   0.00598   0.02799   0.01161   0.01275   0.00846   3.10169   0.98683   0.03725   0.75854  
 91  0.0184  11377.672192  x:  0.00991   0.01037   0.02682   0.02094   0.00141   0.00999   0.01626   0.01392   0.00952   0.00367   0.07806   0.12091   0.13206   0.12423   0.06904   0.14134   0.10082   0.04993   0.05537   0.02142   0.05928   0.01285   0.05466   0.01452   0.07642   0.16936   0.01209   0.03464   0.03015   0.01803   0.04835   0.04074   0.01119   0.02243   0.08260   0.06739   0.03179   0.10095   0.00731   0.03711   0.02168   0.01438   0.03744   0.01988   0.03824   0.03735   0.00316   0.03205   0.00598   0.02799   0.01161   0.01275   0.00847   3.10169   0.98684   0.03667   0.74066  
 92  0.0124  11377.672034  x:  0.00991   0.01038   0.02682   0.02094   0.00141   0.00998   0.01626   0.01392   0.00952   0.00367   0.07806   0.12091   0.13206   0.12424   0.06903   0.14133   0.10083   0.04994   0.05537   0.02142   0.05928   0.01285   0.05466   0.01452   0.07643   0.16935   0.01209   0.03464   0.03015   0.01803   0.04834   0.04075   0.01119   0.02242   0.08259   0.06739   0.03179   0.10095   0.00731   0.03711   0.02168   0.01438   0.03744   0.01988   0.03824   0.03735   0.00316   0.03205   0.00598   0.02799   0.01161   0.01275   0.00847   3.10167   0.98684   0.03584   0.71347  
 93  0.1232  11377.671982  x:  0.00991   0.01038   0.02682   0.02094   0.00141   0.00998   0.01626   0.01392   0.00952   0.00367   0.07807   0.12091   0.13206   0.12424   0.06903   0.14133   0.10083   0.04994   0.05537   0.02142   0.05928   0.01285   0.05466   0.01452   0.07643   0.16935   0.01209   0.03464   0.03015   0.01803   0.04834   0.04075   0.01119   0.02242   0.08260   0.06739   0.03179   0.10095   0.00731   0.03711   0.02168   0.01438   0.03744   0.01988   0.03824   0.03735   0.00316   0.03205   0.00598   0.02799   0.01161   0.01275   0.00847   3.10166   0.98684   0.03538   0.69861  
 94  0.0843  11377.671915  x:  0.00991   0.01038   0.02682   0.02094   0.00141   0.01000   0.01625   0.01392   0.00952   0.00367   0.07810   0.12091   0.13208   0.12421   0.06903   0.14134   0.10081   0.04993   0.05536   0.02143   0.05928   0.01285   0.05466   0.01452   0.07642   0.16936   0.01209   0.03464   0.03014   0.01803   0.04834   0.04075   0.01119   0.02243   0.08261   0.06739   0.03179   0.10094   0.00731   0.03711   0.02168   0.01438   0.03744   0.01988   0.03824   0.03735   0.00316   0.03205   0.00598   0.02799   0.01161   0.01275   0.00847   3.10164   0.98684   0.03490   0.68315  
 95  0.0133  11377.671871  x:  0.00991   0.01038   0.02681   0.02094   0.00141   0.01001   0.01625   0.01393   0.00952   0.00366   0.07812   0.12092   0.13208   0.12420   0.06902   0.14134   0.10080   0.04992   0.05536   0.02143   0.05929   0.01284   0.05466   0.01452   0.07642   0.16937   0.01209   0.03465   0.03014   0.01803   0.04834   0.04075   0.01121   0.02243   0.08261   0.06740   0.03178   0.10094   0.00731   0.03711   0.02168   0.01439   0.03743   0.01988   0.03823   0.03735   0.00315   0.03205   0.00599   0.02798   0.01161   0.01275   0.00847   3.10163   0.98684   0.03476   0.67929  
 96  0.0029  11377.671807  x:  0.00991   0.01038   0.02682   0.02094   0.00141   0.01000   0.01625   0.01392   0.00952   0.00366   0.07811   0.12093   0.13207   0.12421   0.06902   0.14134   0.10082   0.04992   0.05536   0.02143   0.05929   0.01284   0.05466   0.01452   0.07642   0.16937   0.01209   0.03464   0.03015   0.01803   0.04835   0.04075   0.01121   0.02243   0.08261   0.06740   0.03178   0.10095   0.00731   0.03711   0.02168   0.01438   0.03744   0.01988   0.03824   0.03735   0.00315   0.03205   0.00599   0.02799   0.01161   0.01275   0.00847   3.10163   0.98684   0.03418   0.66078  
 97  0.0191  11377.671748  x:  0.00991   0.01038   0.02682   0.02094   0.00141   0.01000   0.01625   0.01392   0.00951   0.00366   0.07810   0.12092   0.13207   0.12422   0.06903   0.14133   0.10082   0.04992   0.05536   0.02143   0.05928   0.01285   0.05466   0.01452   0.07642   0.16936   0.01209   0.03464   0.03015   0.01803   0.04834   0.04075   0.01121   0.02243   0.08261   0.06740   0.03179   0.10095   0.00731   0.03711   0.02168   0.01438   0.03744   0.01988   0.03824   0.03735   0.00316   0.03205   0.00599   0.02799   0.01161   0.01275   0.00847   3.10164   0.98684   0.03358   0.64227  
 98  0.0209  11377.671704  x:  0.00991   0.01037   0.02682   0.02094   0.00141   0.00999   0.01626   0.01392   0.00951   0.00366   0.07807   0.12091   0.13207   0.12424   0.06904   0.14133   0.10083   0.04993   0.05537   0.02142   0.05928   0.01285   0.05466   0.01452   0.07643   0.16935   0.01209   0.03464   0.03015   0.01803   0.04834   0.04074   0.01121   0.02243   0.08260   0.06739   0.03179   0.10095   0.00731   0.03711   0.02168   0.01438   0.03744   0.01988   0.03824   0.03735   0.00316   0.03205   0.00598   0.02799   0.01161   0.01275   0.00847   3.10166   0.98684   0.03329   0.63373  
 99  0.0071  11377.671646  x:  0.00991   0.01037   0.02682   0.02094   0.00141   0.00999   0.01626   0.01392   0.00951   0.00366   0.07808   0.12091   0.13207   0.12423   0.06903   0.14134   0.10082   0.04993   0.05537   0.02142   0.05928   0.01285   0.05466   0.01452   0.07642   0.16936   0.01209   0.03464   0.03015   0.01803   0.04834   0.04075   0.01121   0.02243   0.08260   0.06739   0.03179   0.10095   0.00731   0.03711   0.02168   0.01438   0.03744   0.01988   0.03824   0.03735   0.00316   0.03205   0.00598   0.02799   0.01161   0.01275   0.00847   3.10166   0.98684   0.03266   0.61434  
100  0.0209  11377.671611  x:  0.00991   0.01038   0.02681   0.02094   0.00141   0.01000   0.01625   0.01393   0.00952   0.00367   0.07811   0.12092   0.13208   0.12420   0.06902   0.14134   0.10080   0.04992   0.05536   0.02143   0.05929   0.01285   0.05466   0.01452   0.07642   0.16937   0.01209   0.03465   0.03014   0.01803   0.04835   0.04075   0.01120   0.02243   0.08261   0.06740   0.03179   0.10094   0.00731   0.03711   0.02168   0.01439   0.03743   0.01988   0.03823   0.03735   0.00315   0.03205   0.00599   0.02798   0.01161   0.01275   0.00847   3.10164   0.98684   0.03235   0.60525  
101  0.0045  11377.671586  x:  0.00991   0.01038   0.02682   0.02094   0.00141   0.01000   0.01625   0.01392   0.00952   0.00367   0.07810   0.12092   0.13207   0.12421   0.06903   0.14134   0.10081   0.04992   0.05536   0.02143   0.05928   0.01285   0.05466   0.01452   0.07642   0.16937   0.01209   0.03465   0.03014   0.01803   0.04835   0.04075   0.01120   0.02243   0.08261   0.06739   0.03179   0.10095   0.00731   0.03711   0.02168   0.01439   0.03744   0.01988   0.03824   0.03735   0.00315   0.03205   0.00599   0.02799   0.01161   0.01275   0.00847   3.10164   0.98684   0.03201   0.59517  
102  0.0115  11377.671570  x:  0.00991   0.01037   0.02682   0.02094   0.00141   0.00999   0.01626   0.01392   0.00952   0.00366   0.07808   0.12092   0.13207   0.12423   0.06903   0.14134   0.10082   0.04993   0.05537   0.02143   0.05928   0.01285   0.05466   0.01452   0.07642   0.16936   0.01209   0.03464   0.03015   0.01803   0.04835   0.04075   0.01120   0.02243   0.08260   0.06739   0.03179   0.10095   0.00731   0.03711   0.02168   0.01438   0.03744   0.01988   0.03824   0.03735   0.00316   0.03205   0.00598   0.02799   0.01161   0.01275   0.00847   3.10165   0.98684   0.03193   0.59270  
103  0.0031  11377.671538  x:  0.00991   0.01037   0.02682   0.02094   0.00141   0.01000   0.01625   0.01392   0.00952   0.00366   0.07809   0.12092   0.13207   0.12422   0.06903   0.14134   0.10081   0.04993   0.05536   0.02143   0.05928   0.01285   0.05466   0.01452   0.07642   0.16936   0.01209   0.03464   0.03015   0.01803   0.04835   0.04075   0.01120   0.02243   0.08260   0.06739   0.03179   0.10095   0.00731   0.03711   0.02168   0.01438   0.03744   0.01988   0.03824   0.03735   0.00316   0.03205   0.00598   0.02799   0.01161   0.01275   0.00847   3.10164   0.98684   0.03145   0.57862  
104  0.0085  11377.671523  x:  0.00991   0.01038   0.02681   0.02094   0.00141   0.01000   0.01625   0.01392   0.00952   0.00366   0.07810   0.12092   0.13208   0.12421   0.06903   0.14134   0.10081   0.04992   0.05536   0.02143   0.05928   0.01285   0.05466   0.01452   0.07642   0.16937   0.01209   0.03465   0.03014   0.01803   0.04835   0.04075   0.01120   0.02243   0.08261   0.06740   0.03179   0.10094   0.00731   0.03711   0.02168   0.01439   0.03744   0.01988   0.03824   0.03735   0.00315   0.03205   0.00599   0.02799   0.01161   0.01275   0.00847   3.10164   0.98684   0.03126   0.57307  
105  0.0029  11377.671495  x:  0.00991   0.01038   0.02682   0.02094   0.00141   0.01000   0.01625   0.01392   0.00952   0.00366   0.07810   0.12092   0.13207   0.12422   0.06903   0.14134   0.10081   0.04992   0.05536   0.02143   0.05928   0.01285   0.05466   0.01452   0.07642   0.16936   0.01209   0.03464   0.03015   0.01803   0.04835   0.04075   0.01120   0.02243   0.08261   0.06739   0.03179   0.10095   0.00731   0.03711   0.02168   0.01439   0.03744   0.01988   0.03824   0.03735   0.00315   0.03205   0.00599   0.02799   0.01161   0.01275   0.00847   3.10164   0.98684   0.03079   0.55937  
106  0.0113  11377.671494  x:  0.00991   0.01038   0.02682   0.02094   0.00141   0.01000   0.01625   0.01392   0.00952   0.00366   0.07810   0.12092   0.13207   0.12422   0.06903   0.14134   0.10081   0.04992   0.05536   0.02143   0.05928   0.01285   0.05466   0.01452   0.07642   0.16936   0.01209   0.03464   0.03015   0.01803   0.04835   0.04075   0.01120   0.02243   0.08261   0.06739   0.03179   0.10095   0.00731   0.03711   0.02168   0.01439   0.03744   0.01988   0.03824   0.03735   0.00315   0.03205   0.00599   0.02799   0.01161   0.01275   0.00847   3.10164   0.98684   0.03082   0.56014  
107  0.0069  11377.671487  x:  0.00991   0.01038   0.02682   0.02094   0.00141   0.01000   0.01625   0.01392   0.00952   0.00366   0.07809   0.12092   0.13207   0.12422   0.06903   0.14134   0.10082   0.04993   0.05536   0.02143   0.05928   0.01285   0.05466   0.01452   0.07642   0.16936   0.01209   0.03464   0.03015   0.01803   0.04834   0.04075   0.01120   0.02243   0.08261   0.06739   0.03179   0.10095   0.00731   0.03711   0.02168   0.01438   0.03744   0.01988   0.03824   0.03735   0.00316   0.03205   0.00599   0.02799   0.01161   0.01275   0.00847   3.10165   0.98684   0.03078   0.55930  
108  0.0006  11377.671470  x:  0.00991   0.01038   0.02682   0.02094   0.00141   0.01000   0.01625   0.01392   0.00952   0.00366   0.07810   0.12092   0.13207   0.12421   0.06903   0.14134   0.10081   0.04992   0.05536   0.02143   0.05928   0.01285   0.05466   0.01452   0.07642   0.16937   0.01209   0.03465   0.03014   0.01803   0.04835   0.04075   0.01120   0.02243   0.08261   0.06740   0.03179   0.10095   0.00731   0.03711   0.02168   0.01439   0.03744   0.01988   0.03824   0.03735   0.00315   0.03205   0.00599   0.02799   0.01161   0.01275   0.00847   3.10164   0.98684   0.03038   0.54753  
109  0.0022  11377.671470  x:  0.00991   0.01038   0.02682   0.02094   0.00141   0.01000   0.01625   0.01392   0.00952   0.00366   0.07810   0.12092   0.13207   0.12421   0.06903   0.14134   0.10081   0.04992   0.05536   0.02143   0.05928   0.01285   0.05466   0.01452   0.07642   0.16937   0.01209   0.03465   0.03014   0.01803   0.04835   0.04075   0.01120   0.02243   0.08261   0.06739   0.03179   0.10095   0.00731   0.03711   0.02168   0.01439   0.03744   0.01988   0.03824   0.03735   0.00315   0.03205   0.00599   0.02799   0.01161   0.01275   0.00847   3.10164   0.98684   0.03039   0.54793  
110  0.0071  11377.671466  x:  0.00991   0.01038   0.02682   0.02094   0.00141   0.01000   0.01625   0.01392   0.00952   0.00366   0.07809   0.12092   0.13207   0.12422   0.06903   0.14134   0.10081   0.04993   0.05536   0.02143   0.05928   0.01285   0.05466   0.01452   0.07642   0.16936   0.01209   0.03464   0.03015   0.01803   0.04834   0.04075   0.01120   0.02243   0.08261   0.06739   0.03179   0.10095   0.00731   0.03711   0.02168   0.01438   0.03744   0.01988   0.03824   0.03735   0.00316   0.03205   0.00599   0.02799   0.01161   0.01275   0.00847   3.10164   0.98684   0.03042   0.54887  
111  0.0011  11377.671465  x:  0.00991   0.01038   0.02682   0.02094   0.00141   0.01000   0.01625   0.01392   0.00952   0.00366   0.07809   0.12092   0.13207   0.12422   0.06903   0.14134   0.10081   0.04993   0.05536   0.02143   0.05928   0.01285   0.05466   0.01452   0.07642   0.16936   0.01209   0.03464   0.03015   0.01803   0.04834   0.04075   0.01120   0.02243   0.08261   0.06739   0.03179   0.10095   0.00731   0.03711   0.02168   0.01438   0.03744   0.01988   0.03824   0.03735   0.00316   0.03205   0.00599   0.02799   0.01161   0.01275   0.00847   3.10164   0.98684   0.03042   0.54884  
112  0.0000  11377.671452  x:  0.00991   0.01037   0.02682   0.02094   0.00141   0.00999   0.01625   0.01392   0.00952   0.00366   0.07809   0.12092   0.13207   0.12422   0.06903   0.14134   0.10082   0.04993   0.05537   0.02143   0.05928   0.01285   0.05466   0.01452   0.07642   0.16936   0.01209   0.03464   0.03015   0.01803   0.04834   0.04075   0.01120   0.02243   0.08260   0.06739   0.03179   0.10095   0.00731   0.03711   0.02168   0.01438   0.03744   0.01988   0.03824   0.03735   0.00316   0.03205   0.00598   0.02799   0.01161   0.01275   0.00847   3.10165   0.98684   0.03016   0.54129  
113  0.0009  11377.671452  x:  0.00991   0.01037   0.02682   0.02094   0.00141   0.00999   0.01625   0.01392   0.00952   0.00366   0.07809   0.12092   0.13207   0.12422   0.06903   0.14134   0.10082   0.04993   0.05537   0.02143   0.05928   0.01285   0.05466   0.01452   0.07642   0.16936   0.01209   0.03464   0.03015   0.01803   0.04834   0.04075   0.01120   0.02243   0.08260   0.06739   0.03179   0.10095   0.00731   0.03711   0.02168   0.01438   0.03744   0.01988   0.03824   0.03735   0.00316   0.03205   0.00598   0.02799   0.01161   0.01275   0.00847   3.10165   0.98684   0.03016   0.54129  
114  0.0052  11377.671451  x:  0.00991   0.01037   0.02682   0.02094   0.00141   0.00999   0.01625   0.01392   0.00952   0.00366   0.07809   0.12092   0.13207   0.12422   0.06903   0.14134   0.10082   0.04993   0.05537   0.02143   0.05928   0.01285   0.05466   0.01452   0.07642   0.16936   0.01209   0.03464   0.03015   0.01803   0.04834   0.04075   0.01120   0.02243   0.08260   0.06739   0.03179   0.10095   0.00731   0.03711   0.02168   0.01438   0.03744   0.01988   0.03824   0.03735   0.00316   0.03205   0.00598   0.02799   0.01161   0.01275   0.00847   3.10165   0.98684   0.03016   0.54129  
115  0.9342  11377.671451  x:  0.00991   0.01038   0.02682   0.02094   0.00141   0.01000   0.01625   0.01392   0.00952   0.00366   0.07809   0.12092   0.13207   0.12422   0.06903   0.14134   0.10082   0.04993   0.05536   0.02143   0.05928   0.01285   0.05466   0.01452   0.07642   0.16936   0.01209   0.03464   0.03015   0.01803   0.04834   0.04075   0.01120   0.02243   0.08260   0.06739   0.03179   0.10095   0.00731   0.03711   0.02168   0.01438   0.03744   0.01988   0.03824   0.03735   0.00315   0.03205   0.00599   0.02799   0.01161   0.01275   0.00847   3.10165   0.98684   0.03016   0.54129  
116  0.2983  11377.671451  x:  0.00991   0.01038   0.02682   0.02094   0.00141   0.01000   0.01625   0.01392   0.00952   0.00366   0.07809   0.12092   0.13207   0.12422   0.06903   0.14134   0.10082   0.04993   0.05536   0.02143   0.05928   0.01285   0.05466   0.01452   0.07642   0.16936   0.01209   0.03464   0.03015   0.01803   0.04834   0.04075   0.01120   0.02243   0.08260   0.06739   0.03179   0.10095   0.00731   0.03711   0.02168   0.01438   0.03744   0.01988   0.03824   0.03735   0.00316   0.03205   0.00599   0.02799   0.01161   0.01275   0.00847   3.10165   0.98684   0.03016   0.54129  
117  0.1957  11377.671451  x:  0.00991   0.01038   0.02682   0.02094   0.00141   0.01000   0.01625   0.01392   0.00952   0.00366   0.07809   0.12092   0.13207   0.12422   0.06903   0.14134   0.10082   0.04993   0.05536   0.02143   0.05928   0.01285   0.05466   0.01452   0.07642   0.16936   0.01209   0.03464   0.03015   0.01803   0.04834   0.04075   0.01120   0.02243   0.08260   0.06739   0.03179   0.10095   0.00731   0.03711   0.02168   0.01438   0.03744   0.01988   0.03824   0.03735   0.00316   0.03205   0.00599   0.02799   0.01161   0.01275   0.00847   3.10165   0.98684   0.03016   0.54129  
118  0.2196  11377.671450  x:  0.00991   0.01038   0.02682   0.02094   0.00141   0.01000   0.01625   0.01392   0.00952   0.00366   0.07809   0.12092   0.13207   0.12422   0.06903   0.14134   0.10082   0.04993   0.05536   0.02143   0.05928   0.01285   0.05466   0.01452   0.07642   0.16936   0.01209   0.03464   0.03015   0.01803   0.04834   0.04075   0.01120   0.02243   0.08260   0.06739   0.03179   0.10095   0.00731   0.03711   0.02168   0.01438   0.03744   0.01988   0.03824   0.03735   0.00315   0.03205   0.00598   0.02799   0.01161   0.01275   0.00847   3.10165   0.98684   0.03016   0.54129  
119  0.1639  11377.671450  x:  0.00991   0.01038   0.02682   0.02094   0.00141   0.01000   0.01625   0.01392   0.00952   0.00366   0.07809   0.12092   0.13207   0.12422   0.06903   0.14134   0.10082   0.04993   0.05536   0.02143   0.05928   0.01285   0.05466   0.01452   0.07642   0.16936   0.01209   0.03464   0.03015   0.01803   0.04834   0.04075   0.01120   0.02243   0.08261   0.06739   0.03179   0.10095   0.00731   0.03711   0.02168   0.01438   0.03744   0.01988   0.03824   0.03735   0.00315   0.03205   0.00599   0.02799   0.01161   0.01275   0.00847   3.10165   0.98684   0.03016   0.54129  
120  0.1301  11377.671450  x:  0.00991   0.01038   0.02682   0.02094   0.00141   0.01000   0.01625   0.01392   0.00952   0.00366   0.07809   0.12092   0.13207   0.12422   0.06903   0.14134   0.10082   0.04992   0.05536   0.02143   0.05928   0.01285   0.05466   0.01452   0.07642   0.16936   0.01209   0.03464   0.03015   0.01803   0.04834   0.04075   0.01120   0.02243   0.08261   0.06739   0.03179   0.10095   0.00731   0.03711   0.02168   0.01438   0.03744   0.01988   0.03824   0.03735   0.00315   0.03205   0.00599   0.02799   0.01161   0.01275   0.00847   3.10165   0.98684   0.03016   0.54129  
121  0.0788  11377.671450  x:  0.00991   0.01038   0.02682   0.02094   0.00141   0.01000   0.01625   0.01392   0.00952   0.00366   0.07809   0.12092   0.13207   0.12422   0.06903   0.14134   0.10081   0.04992   0.05536   0.02143   0.05928   0.01285   0.05466   0.01452   0.07642   0.16936   0.01209   0.03464   0.03015   0.01803   0.04834   0.04075   0.01120   0.02243   0.08261   0.06739   0.03179   0.10095   0.00731   0.03711   0.02168   0.01438   0.03744   0.01988   0.03824   0.03735   0.00315   0.03205   0.00599   0.02799   0.01161   0.01275   0.00847   3.10165   0.98684   0.03016   0.54129  
122  0.0508  11377.671450  x:  0.00991   0.01038   0.02682   0.02094   0.00141   0.01000   0.01625   0.01392   0.00952   0.00366   0.07809   0.12092   0.13207   0.12422   0.06903   0.14134   0.10081   0.04992   0.05536   0.02143   0.05928   0.01285   0.05466   0.01452   0.07642   0.16936   0.01209   0.03464   0.03015   0.01803   0.04834   0.04075   0.01120   0.02243   0.08261   0.06739   0.03179   0.10095   0.00731   0.03711   0.02168   0.01438   0.03744   0.01988   0.03824   0.03735   0.00315   0.03205   0.00599   0.02799   0.01161   0.01275   0.00847   3.10165   0.98684   0.03016   0.54129  
123  0.0355  11377.671450  x:  0.00991   0.01038   0.02682   0.02094   0.00141   0.01000   0.01625   0.01392   0.00952   0.00366   0.07809   0.12092   0.13207   0.12422   0.06903   0.14134   0.10081   0.04992   0.05536   0.02143   0.05928   0.01285   0.05466   0.01452   0.07642   0.16936   0.01209   0.03464   0.03015   0.01803   0.04834   0.04075   0.01120   0.02243   0.08261   0.06739   0.03179   0.10095   0.00731   0.03711   0.02168   0.01438   0.03744   0.01988   0.03824   0.03735   0.00315   0.03205   0.00599   0.02799   0.01161   0.01275   0.00847   3.10165   0.98684   0.03016   0.54129  
124  0.0227  11377.671450  x:  0.00991   0.01038   0.02682   0.02094   0.00141   0.01000   0.01625   0.01392   0.00952   0.00366   0.07809   0.12092   0.13207   0.12422   0.06903   0.14134   0.10081   0.04993   0.05536   0.02143   0.05928   0.01285   0.05466   0.01452   0.07642   0.16936   0.01209   0.03464   0.03015   0.01803   0.04834   0.04075   0.01120   0.02243   0.08261   0.06739   0.03179   0.10095   0.00731   0.03711   0.02168   0.01438   0.03744   0.01988   0.03824   0.03735   0.00315   0.03205   0.00599   0.02799   0.01161   0.01275   0.00847   3.10165   0.98684   0.03016   0.54129  
125  0.0199  11377.671450  x:  0.00991   0.01038   0.02682   0.02094   0.00141   0.01000   0.01625   0.01392   0.00952   0.00366   0.07809   0.12092   0.13207   0.12422   0.06903   0.14134   0.10081   0.04993   0.05536   0.02143   0.05928   0.01285   0.05466   0.01452   0.07642   0.16936   0.01209   0.03464   0.03015   0.01803   0.04834   0.04075   0.01120   0.02243   0.08261   0.06739   0.03179   0.10095   0.00731   0.03711   0.02168   0.01438   0.03744   0.01988   0.03824   0.03735   0.00315   0.03205   0.00599   0.02799   0.01161   0.01275   0.00847   3.10165   0.98684   0.03016   0.54129  
126  0.0168  11377.671450  x:  0.00991   0.01038   0.02682   0.02094   0.00141   0.01000   0.01625   0.01392   0.00952   0.00366   0.07809   0.12092   0.13207   0.12422   0.06903   0.14134   0.10081   0.04993   0.05536   0.02143   0.05928   0.01285   0.05466   0.01452   0.07642   0.16936   0.01209   0.03464   0.03015   0.01803   0.04834   0.04075   0.01120   0.02243   0.08261   0.06739   0.03179   0.10095   0.00731   0.03711   0.02168   0.01438   0.03744   0.01988   0.03824   0.03735   0.00315   0.03205   0.00599   0.02799   0.01161   0.01275   0.00847   3.10165   0.98684   0.03016   0.54129  
127  0.0158  11377.671450  x:  0.00991   0.01038   0.02682   0.02094   0.00141   0.01000   0.01625   0.01392   0.00952   0.00366   0.07809   0.12092   0.13207   0.12422   0.06903   0.14134   0.10081   0.04993   0.05536   0.02143   0.05928   0.01285   0.05466   0.01452   0.07642   0.16936   0.01209   0.03464   0.03015   0.01803   0.04834   0.04075   0.01120   0.02243   0.08261   0.06739   0.03179   0.10095   0.00731   0.03711   0.02168   0.01438   0.03744   0.01988   0.03824   0.03735   0.00315   0.03205   0.00599   0.02799   0.01161   0.01275   0.00847   3.10165   0.98684   0.03016   0.54129  
128  0.0087  11377.671450  x:  0.00991   0.01038   0.02682   0.02094   0.00141   0.01000   0.01625   0.01392   0.00952   0.00366   0.07809   0.12092   0.13207   0.12422   0.06903   0.14134   0.10081   0.04993   0.05536   0.02143   0.05928   0.01285   0.05466   0.01452   0.07642   0.16936   0.01209   0.03464   0.03015   0.01803   0.04834   0.04075   0.01120   0.02243   0.08261   0.06739   0.03179   0.10095   0.00731   0.03711   0.02168   0.01438   0.03744   0.01988   0.03824   0.03735   0.00315   0.03205   0.00599   0.02799   0.01161   0.01275   0.00847   3.10165   0.98684   0.03016   0.54129  
129  0.0054  11377.671450  x:  0.00991   0.01038   0.02682   0.02094   0.00141   0.01000   0.01625   0.01392   0.00952   0.00366   0.07809   0.12092   0.13207   0.12422   0.06903   0.14134   0.10081   0.04993   0.05536   0.02143   0.05928   0.01285   0.05466   0.01452   0.07642   0.16936   0.01209   0.03464   0.03015   0.01803   0.04834   0.04075   0.01120   0.02243   0.08261   0.06739   0.03179   0.10095   0.00731   0.03711   0.02168   0.01438   0.03744   0.01988   0.03824   0.03735   0.00315   0.03205   0.00599   0.02799   0.01161   0.01275   0.00847   3.10165   0.98684   0.03016   0.54129  
130  0.0046  11377.671450  x:  0.00991   0.01038   0.02682   0.02094   0.00141   0.01000   0.01625   0.01392   0.00952   0.00366   0.07809   0.12092   0.13207   0.12422   0.06903   0.14134   0.10081   0.04993   0.05536   0.02143   0.05928   0.01285   0.05466   0.01452   0.07642   0.16936   0.01209   0.03464   0.03015   0.01803   0.04834   0.04075   0.01120   0.02243   0.08261   0.06739   0.03179   0.10095   0.00731   0.03711   0.02168   0.01438   0.03744   0.01988   0.03824   0.03735   0.00315   0.03205   0.00599   0.02799   0.01161   0.01275   0.00847   3.10165   0.98684   0.03016   0.54129  
131  0.0015  11377.671450  x:  0.00991   0.01038   0.02682   0.02094   0.00141   0.01000   0.01625   0.01392   0.00952   0.00366   0.07809   0.12092   0.13207   0.12422   0.06903   0.14134   0.10081   0.04993   0.05536   0.02143   0.05928   0.01285   0.05466   0.01452   0.07642   0.16936   0.01209   0.03464   0.03015   0.01803   0.04834   0.04075   0.01120   0.02243   0.08261   0.06739   0.03179   0.10095   0.00731   0.03711   0.02168   0.01438   0.03744   0.01988   0.03824   0.03735   0.00315   0.03205   0.00599   0.02799   0.01161   0.01275   0.00847   3.10165   0.98684   0.03016   0.54129  
132  0.0012  11377.671450  x:  0.00991   0.01038   0.02682   0.02094   0.00141   0.01000   0.01625   0.01392   0.00952   0.00366   0.07809   0.12092   0.13207   0.12422   0.06903   0.14134   0.10081   0.04993   0.05536   0.02143   0.05928   0.01285   0.05466   0.01452   0.07642   0.16936   0.01209   0.03464   0.03015   0.01803   0.04834   0.04075   0.01120   0.02243   0.08261   0.06739   0.03179   0.10095   0.00731   0.03711   0.02168   0.01438   0.03744   0.01988   0.03824   0.03735   0.00315   0.03205   0.00599   0.02799   0.01161   0.01275   0.00847   3.10165   0.98684   0.03016   0.54129  
133  0.0019  11377.671450  x:  0.00991   0.01038   0.02682   0.02094   0.00141   0.01000   0.01625   0.01392   0.00952   0.00366   0.07809   0.12092   0.13207   0.12422   0.06903   0.14134   0.10081   0.04993   0.05536   0.02143   0.05928   0.01285   0.05466   0.01452   0.07642   0.16936   0.01209   0.03464   0.03015   0.01803   0.04834   0.04075   0.01120   0.02243   0.08261   0.06739   0.03179   0.10095   0.00731   0.03711   0.02168   0.01438   0.03744   0.01988   0.03824   0.03735   0.00315   0.03205   0.00599   0.02799   0.01161   0.01275   0.00847   3.10165   0.98684   0.03016   0.54129  
134  0.0020  11377.671450  x:  0.00991   0.01038   0.02682   0.02094   0.00141   0.01000   0.01625   0.01392   0.00952   0.00366   0.07809   0.12092   0.13207   0.12422   0.06903   0.14134   0.10081   0.04993   0.05536   0.02143   0.05928   0.01285   0.05466   0.01452   0.07642   0.16936   0.01209   0.03464   0.03015   0.01803   0.04834   0.04075   0.01120   0.02243   0.08261   0.06739   0.03179   0.10095   0.00731   0.03711   0.02168   0.01438   0.03744   0.01988   0.03824   0.03735   0.00315   0.03205   0.00599   0.02799   0.01161   0.01275   0.00847   3.10165   0.98684   0.03016   0.54129  
check convergence!
