Supplemental results for CODEML (seqf: dmc1.fasta  treef: dmc1_tree.txt)


MLEs of dN/dS (w) for site classes (K=6)

p:   0.19710  0.19710  0.19710  0.19710  0.19710  0.01449
w:   0.01032  0.02299  0.03642  0.05418  0.08786  1.00000

Naive Empirical Bayes (NEB) probabilities for 6 classes & postmean_w
(amino acids refer to 1st sequence: Scleropages_formosus)

   1 M   0.95629 0.03778 0.00480 0.00098 0.00015 0.00000 ( 1)  0.011
   2 K   0.89609 0.08101 0.01704 0.00481 0.00105 0.00000 ( 1)  0.012
   3 S   0.00000 0.00000 0.00000 0.00000 0.00003 0.99997 ( 6)  1.000
   4 S   0.00000 0.00000 0.00000 0.00000 0.00002 0.99997 ( 6)  1.000
   5 Q   0.50909 0.24009 0.12772 0.07836 0.04475 0.00000 ( 1)  0.024
   6 D   0.79720 0.14243 0.04074 0.01491 0.00471 0.00000 ( 1)  0.014
   7 V   0.37715 0.26380 0.16311 0.11323 0.08271 0.00000 ( 1)  0.029
   8 V   0.66605 0.20439 0.07833 0.03578 0.01544 0.00000 ( 1)  0.018
   9 E   0.75839 0.15929 0.05311 0.02170 0.00751 0.00000 ( 1)  0.015
  10 D   0.60690 0.23834 0.09752 0.04274 0.01450 0.00000 ( 1)  0.019
  11 E   0.01127 0.07141 0.15379 0.27806 0.48546 0.00002 ( 5)  0.065
  12 V   0.00000 0.00000 0.00000 0.00000 0.00000 1.00000 ( 6)  1.000
  13 G   0.00003 0.00296 0.02921 0.15847 0.80732 0.00202 ( 5)  0.083
  14 Y   0.00340 0.05629 0.15393 0.27902 0.50574 0.00162 ( 5)  0.068
  15 Q   0.28119 0.32016 0.20785 0.12799 0.06281 0.00000 ( 2)  0.030
  16 V   0.79023 0.14523 0.04279 0.01626 0.00549 0.00000 ( 1)  0.014
  17 D   0.91043 0.07269 0.01307 0.00320 0.00062 0.00000 ( 1)  0.012
  18 D   0.51268 0.24018 0.12687 0.07709 0.04319 0.00000 ( 1)  0.023
  19 E   0.73648 0.18048 0.05874 0.01975 0.00455 0.00000 ( 1)  0.015
  20 S   0.11837 0.23763 0.25619 0.22329 0.16450 0.00002 ( 3)  0.043
  21 F   0.71360 0.20162 0.06290 0.01826 0.00362 0.00000 ( 1)  0.016
  22 F   0.71075 0.20281 0.06388 0.01876 0.00379 0.00000 ( 1)  0.016
  23 Q   0.70718 0.20186 0.06564 0.02060 0.00471 0.00000 ( 1)  0.016
  24 D   0.74981 0.17603 0.05356 0.01692 0.00369 0.00000 ( 1)  0.015
  25 I   0.70224 0.19794 0.06873 0.02455 0.00654 0.00000 ( 1)  0.016
  26 D   0.07648 0.19878 0.24067 0.25057 0.23350 0.00000 ( 4)  0.048
  27 L   0.00037 0.00890 0.04227 0.14077 0.55558 0.25210 ( 5)  0.310
  28 L   0.58343 0.24248 0.11052 0.04797 0.01560 0.00000 ( 1)  0.020
  29 Q   0.70559 0.20249 0.06619 0.02090 0.00483 0.00000 ( 1)  0.016
  30 K   0.74202 0.17741 0.05689 0.01920 0.00449 0.00000 ( 1)  0.015
  31 H   0.49256 0.28678 0.13857 0.06125 0.02084 0.00000 ( 1)  0.022
  32 G   0.65511 0.21336 0.08565 0.03516 0.01073 0.00000 ( 1)  0.018
  33 I   0.70042 0.19896 0.06928 0.02474 0.00659 0.00000 ( 1)  0.016
  34 N   0.74919 0.17658 0.05368 0.01686 0.00369 0.00000 ( 1)  0.015
  35 V   0.00447 0.04266 0.10720 0.23481 0.61084 0.00002 ( 5)  0.071
  36 A   0.66256 0.21591 0.08197 0.03091 0.00866 0.00000 ( 1)  0.017
  37 D   0.75040 0.17579 0.05336 0.01680 0.00364 0.00000 ( 1)  0.015
  38 I   0.43340 0.28089 0.15879 0.08703 0.03989 0.00000 ( 1)  0.025
  39 K   0.74145 0.17765 0.05707 0.01930 0.00453 0.00000 ( 1)  0.015
  40 K   0.74047 0.17806 0.05739 0.01948 0.00460 0.00000 ( 1)  0.015
  41 L   0.34636 0.29194 0.19632 0.11599 0.04938 0.00000 ( 1)  0.028
  42 K   0.74039 0.17810 0.05742 0.01949 0.00460 0.00000 ( 1)  0.015
  43 A   0.02467 0.11877 0.21665 0.29680 0.34304 0.00007 ( 5)  0.057
  44 I   0.39424 0.28535 0.17381 0.09986 0.04674 0.00000 ( 1)  0.026
  45 G   0.65154 0.21452 0.08686 0.03597 0.01112 0.00000 ( 1)  0.018
  46 I   0.69776 0.19988 0.07018 0.02531 0.00687 0.00000 ( 1)  0.016
  47 C   0.69703 0.20802 0.06907 0.02134 0.00454 0.00000 ( 1)  0.016
  48 T   0.66472 0.21430 0.08111 0.03093 0.00893 0.00000 ( 1)  0.017
  49 V   0.43644 0.32348 0.15649 0.06495 0.01863 0.00000 ( 1)  0.023
  50 K   0.55216 0.25261 0.11673 0.05687 0.02163 0.00000 ( 1)  0.021
  51 G   0.65691 0.22139 0.08151 0.03123 0.00896 0.00000 ( 1)  0.017
  52 I   0.49166 0.30660 0.13461 0.05256 0.01456 0.00000 ( 1)  0.021
  53 Q   0.46275 0.33090 0.14356 0.05064 0.01215 0.00000 ( 1)  0.021
  54 M   0.85471 0.11537 0.02333 0.00567 0.00092 0.00000 ( 1)  0.013
  55 T   0.65299 0.22380 0.08216 0.03141 0.00964 0.00000 ( 1)  0.017
  56 T   0.71616 0.19648 0.06131 0.02061 0.00544 0.00000 ( 1)  0.016
  57 R   0.60363 0.23084 0.10159 0.04669 0.01724 0.00000 ( 1)  0.019
  58 R   0.03305 0.16515 0.25908 0.29225 0.25046 0.00000 ( 4)  0.051
  59 A   0.69191 0.20946 0.06831 0.02365 0.00666 0.00000 ( 1)  0.016
  60 L   0.11476 0.27434 0.27830 0.21195 0.12066 0.00000 ( 3)  0.040
  61 C   0.21709 0.35022 0.25065 0.13311 0.04892 0.00000 ( 2)  0.031
  62 N   0.60636 0.26578 0.09187 0.02955 0.00643 0.00000 ( 1)  0.018
  63 V   0.01112 0.07523 0.14902 0.25503 0.50939 0.00021 ( 5)  0.066
  64 K   0.56135 0.27983 0.10958 0.03970 0.00955 0.00000 ( 1)  0.019
  65 G   0.49602 0.29598 0.13386 0.05643 0.01771 0.00000 ( 1)  0.021
  66 L   0.31069 0.33138 0.21154 0.10824 0.03815 0.00000 ( 2)  0.028
  67 S   0.36219 0.34362 0.18995 0.08138 0.02287 0.00000 ( 1)  0.025
  68 E   0.77742 0.16136 0.04448 0.01370 0.00304 0.00000 ( 1)  0.014
  69 A   0.49834 0.30526 0.13157 0.05065 0.01418 0.00000 ( 1)  0.021
  70 K   0.77324 0.16424 0.04502 0.01421 0.00328 0.00000 ( 1)  0.014
  71 V   0.53785 0.30266 0.11085 0.03848 0.01016 0.00000 ( 1)  0.020
  72 D   0.14926 0.25205 0.22106 0.19833 0.17930 0.00000 ( 2)  0.042
  73 K   0.88528 0.09025 0.01833 0.00505 0.00110 0.00000 ( 1)  0.012
  74 I   0.50491 0.31560 0.12328 0.04440 0.01181 0.00000 ( 1)  0.020
  75 K   0.77058 0.16394 0.04659 0.01528 0.00361 0.00000 ( 1)  0.015
  76 E   0.22663 0.38718 0.24570 0.11147 0.02902 0.00000 ( 2)  0.029
  77 A   0.23774 0.38587 0.23500 0.10759 0.03380 0.00000 ( 2)  0.029
  78 A   0.46831 0.33079 0.13615 0.05040 0.01436 0.00000 ( 1)  0.021
  79 G   0.51219 0.30440 0.12314 0.04709 0.01318 0.00000 ( 1)  0.020
  80 K   0.46161 0.34863 0.13463 0.04508 0.01005 0.00000 ( 1)  0.021
  81 L   0.03535 0.16312 0.20888 0.25220 0.34035 0.00010 ( 5)  0.055
  82 L   0.31546 0.36396 0.20356 0.08921 0.02781 0.00000 ( 2)  0.026
  83 T   0.00000 0.00000 0.00000 0.00001 0.00043 0.99955 ( 6)  1.000
  84 G   0.05237 0.24100 0.29807 0.25511 0.15345 0.00000 ( 3)  0.044
  85 F   0.15671 0.31664 0.27929 0.17985 0.06752 0.00000 ( 2)  0.035
  86 L   0.01850 0.12823 0.23611 0.30976 0.30739 0.00001 ( 4)  0.056
  87 T   0.21001 0.32268 0.25258 0.15510 0.05962 0.00000 ( 2)  0.032
  88 A   0.12901 0.32593 0.28901 0.18286 0.07320 0.00000 ( 2)  0.036
  89 F   0.00153 0.04001 0.14577 0.31100 0.50167 0.00003 ( 5)  0.067
  90 E   0.56520 0.25778 0.11462 0.04891 0.01348 0.00000 ( 1)  0.020
  91 Y   0.04957 0.24239 0.32181 0.26373 0.12250 0.00000 ( 3)  0.043
  92 S   0.09748 0.30801 0.29669 0.20606 0.09176 0.00000 ( 2)  0.038
  93 E   0.00000 0.00004 0.00065 0.00559 0.06964 0.92408 ( 6)  0.931
  94 K   0.04093 0.19348 0.28683 0.29621 0.18255 0.00000 ( 4)  0.047
  95 R   0.14218 0.33495 0.28634 0.17407 0.06246 0.00000 ( 2)  0.035
  96 K   0.00299 0.08437 0.24200 0.35608 0.31456 0.00000 ( 4)  0.058
  97 H   0.00031 0.02614 0.13570 0.32285 0.51499 0.00002 ( 5)  0.068
  98 V   0.24781 0.35117 0.23135 0.12529 0.04438 0.00000 ( 2)  0.030
  99 F   0.00582 0.12040 0.30643 0.36715 0.20020 0.00000 ( 4)  0.051
 100 R   0.01030 0.11341 0.24381 0.33039 0.30210 0.00000 ( 4)  0.056
 101 I   0.00008 0.01067 0.07583 0.25112 0.66152 0.00078 ( 5)  0.076
 102 T   0.06785 0.24125 0.27836 0.25067 0.16187 0.00000 ( 3)  0.044
 103 T   0.25531 0.34946 0.22658 0.12331 0.04534 0.00000 ( 2)  0.030
 104 G   0.01772 0.18859 0.32726 0.30999 0.15643 0.00000 ( 3)  0.047
 105 S   0.04466 0.31179 0.35645 0.22088 0.06621 0.00000 ( 3)  0.038
 106 Q   0.00025 0.01880 0.09622 0.25971 0.62123 0.00378 ( 5)  0.076
 107 E   0.15048 0.36699 0.28375 0.15282 0.04596 0.00000 ( 2)  0.033
 108 F   0.05542 0.27199 0.32947 0.24602 0.09710 0.00000 ( 3)  0.041
 109 D   0.13027 0.36594 0.28082 0.16096 0.06201 0.00000 ( 2)  0.034
 110 K   0.42647 0.33392 0.15885 0.06462 0.01615 0.00000 ( 1)  0.023
 111 L   0.04514 0.24195 0.31584 0.26194 0.13513 0.00000 ( 3)  0.044
 112 I   0.00097 0.03339 0.13749 0.31241 0.51563 0.00011 ( 5)  0.068
 113 G   0.29470 0.30223 0.21071 0.13387 0.05850 0.00000 ( 2)  0.030
 114 G   0.09113 0.33329 0.31439 0.19188 0.06929 0.00000 ( 2)  0.037
 115 G   0.02595 0.23278 0.34512 0.27764 0.11851 0.00000 ( 3)  0.044
 116 I   0.00000 0.00030 0.00402 0.03468 0.43319 0.52780 ( 6)  0.568
 117 E   0.03001 0.25100 0.35166 0.26708 0.10025 0.00000 ( 3)  0.042
 118 S   0.41618 0.32999 0.16488 0.07066 0.01828 0.00000 ( 1)  0.023
 119 M   0.04981 0.32779 0.36375 0.20870 0.04995 0.00000 ( 3)  0.037
 120 A   0.06051 0.28993 0.32745 0.22868 0.09343 0.00000 ( 3)  0.040
 121 I   0.22237 0.39302 0.24281 0.10961 0.03219 0.00000 ( 2)  0.029
 122 S   0.06626 0.24441 0.28127 0.24944 0.15862 0.00000 ( 3)  0.044
 123 E   0.05181 0.29452 0.34600 0.23136 0.07631 0.00000 ( 3)  0.039
 124 A   0.17288 0.34093 0.26460 0.15872 0.06286 0.00000 ( 2)  0.033
 125 F   0.00645 0.13595 0.32718 0.35821 0.17221 0.00000 ( 4)  0.050
 126 G   0.01703 0.19272 0.33760 0.30885 0.14380 0.00000 ( 3)  0.046
 127 E   0.03068 0.26746 0.35969 0.25487 0.08730 0.00000 ( 3)  0.041
 128 F   0.01670 0.18469 0.32739 0.31646 0.15476 0.00000 ( 3)  0.047
 129 R   0.15530 0.30071 0.26686 0.18781 0.08932 0.00000 ( 2)  0.036
 130 T   0.04121 0.24312 0.33012 0.26817 0.11738 0.00000 ( 3)  0.043
 131 G   0.45953 0.32062 0.14397 0.05876 0.01712 0.00000 ( 1)  0.022
 132 K   0.69308 0.21630 0.06471 0.02104 0.00488 0.00000 ( 1)  0.016
 133 T   0.06139 0.26816 0.31482 0.24395 0.11168 0.00000 ( 3)  0.041
 134 Q   0.07521 0.31362 0.32688 0.21049 0.07380 0.00000 ( 3)  0.038
 135 L   0.00777 0.10538 0.24596 0.33731 0.30357 0.00001 ( 4)  0.056
 136 S   0.01130 0.15059 0.30609 0.33262 0.19940 0.00000 ( 4)  0.050
 137 H   0.02918 0.26076 0.36101 0.25903 0.09002 0.00000 ( 3)  0.041
 138 T   0.72981 0.19516 0.05388 0.01683 0.00432 0.00000 ( 1)  0.015
 139 L   0.03804 0.23040 0.31841 0.27149 0.14165 0.00000 ( 3)  0.044
 140 C   0.25762 0.35458 0.22477 0.12020 0.04283 0.00000 ( 2)  0.029
 141 V   0.08777 0.24483 0.26895 0.23716 0.16129 0.00000 ( 3)  0.043
 142 T   0.01256 0.14393 0.28202 0.32351 0.23797 0.00000 ( 4)  0.052
 143 T   0.00025 0.01603 0.08527 0.24528 0.65190 0.00126 ( 5)  0.075
 144 Q   0.15422 0.30894 0.25765 0.17925 0.09994 0.00000 ( 2)  0.037
 145 L   0.00939 0.12221 0.26407 0.33044 0.27389 0.00000 ( 4)  0.054
 146 P   0.02473 0.17077 0.28023 0.29986 0.22441 0.00000 ( 4)  0.050
 147 G   0.01432 0.15488 0.28977 0.31813 0.22289 0.00000 ( 4)  0.051
 148 A   0.00019 0.01156 0.06842 0.23150 0.68829 0.00003 ( 5)  0.076
 149 D   0.00000 0.00097 0.01370 0.09965 0.86859 0.01708 ( 5)  0.099
 150 G   0.00265 0.03967 0.12668 0.28272 0.54826 0.00002 ( 5)  0.069
 151 Y   0.02047 0.15461 0.27148 0.30915 0.24430 0.00000 ( 4)  0.052
 152 T   0.00000 0.00033 0.00752 0.07236 0.70590 0.21388 ( 5)  0.280
 153 G   0.16753 0.31836 0.25750 0.16995 0.08665 0.00000 ( 2)  0.035
 154 G   0.04615 0.24046 0.30789 0.25915 0.14635 0.00000 ( 3)  0.044
 155 K   0.02025 0.20290 0.32649 0.29480 0.15556 0.00000 ( 3)  0.046
 156 V   0.20591 0.20869 0.18053 0.18854 0.21633 0.00001 ( 5)  0.043
 157 I   0.50996 0.29059 0.12061 0.05467 0.02417 0.00000 ( 1)  0.021
 158 F   0.01759 0.15553 0.28218 0.31335 0.23135 0.00000 ( 4)  0.051
 159 I   0.01388 0.15906 0.29572 0.31640 0.21493 0.00000 ( 4)  0.051
 160 D   0.01759 0.18447 0.31663 0.30647 0.17484 0.00000 ( 3)  0.048
 161 T   0.01084 0.12113 0.24495 0.31538 0.30770 0.00000 ( 4)  0.056
 162 E   0.38131 0.28479 0.17464 0.10750 0.05176 0.00000 ( 1)  0.027
 163 N   0.01415 0.11910 0.23253 0.31628 0.31794 0.00000 ( 5)  0.056
 164 T   0.09381 0.27409 0.28156 0.21840 0.13215 0.00000 ( 3)  0.041
 165 F   0.00668 0.10826 0.26215 0.34608 0.27683 0.00000 ( 4)  0.055
 166 R   0.07920 0.24094 0.27390 0.24135 0.16461 0.00000 ( 3)  0.044
 167 P   0.03957 0.21633 0.29207 0.26882 0.18320 0.00000 ( 3)  0.047
 168 D   0.07221 0.25214 0.27434 0.23502 0.16629 0.00000 ( 3)  0.044
 169 R   0.25592 0.30358 0.22098 0.14584 0.07368 0.00000 ( 2)  0.032
 170 L   0.30071 0.33317 0.20397 0.11043 0.05171 0.00000 ( 2)  0.029
 171 R   0.00081 0.02730 0.11148 0.27205 0.58835 0.00001 ( 5)  0.071
 172 D   0.00163 0.04118 0.14370 0.30515 0.50833 0.00000 ( 5)  0.067
 173 I   0.03654 0.16639 0.24048 0.27954 0.27706 0.00000 ( 4)  0.052
 174 A   0.01413 0.15676 0.29160 0.31625 0.22126 0.00000 ( 4)  0.051
 175 D   0.00110 0.02385 0.09119 0.24755 0.63631 0.00001 ( 5)  0.073
 176 R   0.10836 0.28388 0.28467 0.21355 0.10954 0.00000 ( 3)  0.039
 177 F   0.00512 0.09759 0.25541 0.35215 0.28972 0.00000 ( 4)  0.056
 178 D   0.00797 0.06392 0.14100 0.26422 0.52288 0.00000 ( 5)  0.067
 179 V   0.06263 0.27643 0.30804 0.23092 0.12197 0.00000 ( 3)  0.041
 180 D   0.15114 0.32927 0.26970 0.17156 0.07833 0.00000 ( 2)  0.035
 181 Q   0.00253 0.03586 0.11144 0.25737 0.59277 0.00003 ( 5)  0.071
 182 D   0.00129 0.03712 0.13855 0.30470 0.51834 0.00000 ( 5)  0.068
 183 A   0.08823 0.24468 0.26776 0.23672 0.16261 0.00000 ( 3)  0.043
 184 V   0.11435 0.26670 0.25341 0.20743 0.15811 0.00000 ( 2)  0.042
 185 L   0.05364 0.20400 0.26646 0.26546 0.21044 0.00000 ( 3)  0.048
 186 E   0.07400 0.26932 0.27769 0.22454 0.15445 0.00000 ( 3)  0.043
 187 N   0.23635 0.33337 0.23083 0.13809 0.06137 0.00000 ( 2)  0.031
 188 V   0.35413 0.31355 0.18149 0.10199 0.04884 0.00000 ( 1)  0.027
 189 L   0.02894 0.19272 0.29377 0.28665 0.19792 0.00000 ( 3)  0.048
 190 Y   0.04979 0.22472 0.28173 0.26024 0.18351 0.00000 ( 3)  0.046
 191 A   0.12341 0.28944 0.26612 0.19932 0.12172 0.00000 ( 2)  0.039
 192 R   0.02449 0.17547 0.28556 0.29849 0.21599 0.00000 ( 4)  0.050
 193 A   0.04346 0.23685 0.30475 0.25763 0.15732 0.00000 ( 3)  0.045
 194 Y   0.00536 0.09425 0.24729 0.35041 0.30269 0.00000 ( 4)  0.057
 195 T   0.00737 0.11069 0.25647 0.33729 0.28817 0.00000 ( 4)  0.056
 196 S   0.04202 0.22506 0.30481 0.27286 0.15525 0.00000 ( 3)  0.045
 197 E   0.52973 0.25578 0.12155 0.06446 0.02848 0.00000 ( 1)  0.022
 198 H   0.02604 0.17424 0.28390 0.30290 0.21292 0.00000 ( 4)  0.050
 199 Q   0.01301 0.15645 0.30002 0.32078 0.20974 0.00000 ( 4)  0.050
 200 M   0.28868 0.35753 0.20876 0.10542 0.03961 0.00000 ( 2)  0.028
 201 E   0.10893 0.31149 0.28559 0.19826 0.09574 0.00000 ( 2)  0.038
 202 L   0.01623 0.14118 0.26396 0.31419 0.26444 0.00000 ( 4)  0.053
 203 L   0.05252 0.20561 0.27089 0.26748 0.20350 0.00000 ( 3)  0.048
 204 D   0.01576 0.18583 0.32314 0.30574 0.16953 0.00000 ( 3)  0.048
 205 F   0.26609 0.36738 0.21113 0.10688 0.04852 0.00000 ( 2)  0.029
 206 V   0.16870 0.31761 0.25379 0.16959 0.09030 0.00000 ( 2)  0.035
 207 A   0.03091 0.19094 0.29064 0.29250 0.19500 0.00000 ( 4)  0.048
 208 A   0.13804 0.27968 0.25219 0.19942 0.13067 0.00000 ( 2)  0.039
 209 K   0.01005 0.14218 0.27905 0.31830 0.25042 0.00000 ( 4)  0.053
 210 F   0.12601 0.35627 0.29341 0.16145 0.06287 0.00000 ( 2)  0.034
 211 H   0.03149 0.18472 0.28867 0.29688 0.19824 0.00000 ( 4)  0.049
 212 E   0.25673 0.30157 0.22392 0.14701 0.07076 0.00000 ( 2)  0.032
 213 E   0.15542 0.34920 0.26492 0.15932 0.07114 0.00000 ( 2)  0.034
 214 C   0.00398 0.06850 0.17748 0.30105 0.44898 0.00001 ( 5)  0.064
 215 G   0.03252 0.18432 0.27809 0.29101 0.21406 0.00000 ( 4)  0.049
 216 V   0.01747 0.14166 0.26427 0.31776 0.25883 0.00000 ( 4)  0.053
 217 F   0.01749 0.15697 0.28009 0.31004 0.23541 0.00000 ( 4)  0.051
 218 K   0.09035 0.30157 0.29682 0.21027 0.10100 0.00000 ( 2)  0.039
 219 L   0.01634 0.13595 0.25642 0.31551 0.27578 0.00000 ( 4)  0.054
 220 L   0.27966 0.31624 0.20352 0.12579 0.07478 0.00000 ( 2)  0.031
 221 I   0.05131 0.21025 0.26257 0.25716 0.21871 0.00000 ( 3)  0.048
 222 I   0.16969 0.31642 0.25726 0.17157 0.08505 0.00000 ( 2)  0.035
 223 D   0.18167 0.32796 0.25226 0.16135 0.07676 0.00000 ( 2)  0.034
 224 S   0.04070 0.20844 0.29636 0.27589 0.17861 0.00000 ( 3)  0.047
 225 V   0.02364 0.15129 0.25206 0.29590 0.27711 0.00000 ( 4)  0.053
 226 M   0.11902 0.36537 0.29341 0.16214 0.06005 0.00000 ( 2)  0.034
 227 A   0.03865 0.20762 0.28912 0.27618 0.18842 0.00000 ( 3)  0.047
 228 L   0.00455 0.08495 0.23214 0.34720 0.33116 0.00000 ( 4)  0.058
 229 F   0.12630 0.31994 0.27983 0.18394 0.08999 0.00000 ( 2)  0.037
 230 R   0.15316 0.26802 0.25166 0.20161 0.12555 0.00000 ( 2)  0.039
 231 V   0.36813 0.30698 0.17522 0.10015 0.04951 0.00000 ( 1)  0.027
 232 D   0.18842 0.31835 0.24758 0.16395 0.08170 0.00000 ( 2)  0.034
 233 F   0.03872 0.24930 0.32551 0.25600 0.13047 0.00000 ( 3)  0.043
 234 S   0.07519 0.27122 0.30114 0.22861 0.12384 0.00000 ( 3)  0.041
 235 G   0.04100 0.22193 0.29918 0.26899 0.16890 0.00000 ( 3)  0.046
 236 R   0.01483 0.15010 0.27868 0.31520 0.24119 0.00000 ( 4)  0.052
 237 G   0.04230 0.23254 0.30743 0.26469 0.15304 0.00000 ( 3)  0.045
 238 E   0.03504 0.19080 0.28374 0.29322 0.19719 0.00000 ( 4)  0.048
 239 L   0.04526 0.21817 0.29818 0.26906 0.16933 0.00000 ( 3)  0.046
 240 A   0.04800 0.24189 0.30255 0.25449 0.15307 0.00000 ( 3)  0.044
 241 E   0.07940 0.27488 0.29588 0.22987 0.11997 0.00000 ( 3)  0.041
 242 R   0.04608 0.24024 0.30721 0.25860 0.14787 0.00000 ( 3)  0.044
 243 Q   0.11514 0.28723 0.27481 0.20611 0.11671 0.00000 ( 2)  0.039
 244 Q   0.11055 0.27631 0.27150 0.21351 0.12814 0.00000 ( 2)  0.040
 245 K   0.02943 0.19630 0.30621 0.29595 0.17211 0.00000 ( 3)  0.047
 246 L   0.05125 0.18935 0.25856 0.27435 0.22649 0.00000 ( 4)  0.049
 247 A   0.08462 0.23745 0.26576 0.24141 0.17075 0.00000 ( 3)  0.044
 248 Q   0.40234 0.32946 0.16343 0.07479 0.02998 0.00000 ( 1)  0.024
 249 M   0.02195 0.20392 0.32583 0.29635 0.15196 0.00000 ( 3)  0.046
 250 L   0.00536 0.08927 0.23372 0.34423 0.32741 0.00000 ( 4)  0.058
 251 S   0.00132 0.04479 0.16769 0.32970 0.45650 0.00001 ( 5)  0.065
 252 R   0.00343 0.07752 0.22411 0.35365 0.34129 0.00000 ( 4)  0.059
 253 L   0.00695 0.09851 0.23494 0.33297 0.32663 0.00000 ( 4)  0.058
 254 Q   0.14564 0.31823 0.27973 0.18424 0.07216 0.00000 ( 2)  0.035
 255 K   0.00681 0.12651 0.29446 0.35118 0.22104 0.00000 ( 4)  0.052
 256 I   0.01160 0.10225 0.20831 0.31127 0.36658 0.00000 ( 5)  0.059
 257 S   0.00188 0.05796 0.19874 0.35032 0.39110 0.00000 ( 5)  0.062
 258 E   0.02078 0.13022 0.22333 0.30173 0.32395 0.00000 ( 5)  0.056
 259 E   0.08038 0.29030 0.30414 0.22380 0.10139 0.00000 ( 3)  0.040
 260 Y   0.00425 0.09378 0.25221 0.35415 0.29562 0.00000 ( 4)  0.057
 261 N   0.00521 0.09215 0.22580 0.33341 0.34343 0.00000 ( 5)  0.059
 262 V   0.06776 0.24721 0.28056 0.24621 0.15826 0.00000 ( 3)  0.044
 263 A   0.05703 0.28657 0.33009 0.23153 0.09477 0.00000 ( 3)  0.040
 264 V   0.04580 0.18752 0.24994 0.26957 0.24718 0.00000 ( 4)  0.050
 265 F   0.24132 0.40426 0.23394 0.09589 0.02460 0.00000 ( 2)  0.028
 266 V   0.00003 0.00306 0.02741 0.14450 0.81806 0.00694 ( 5)  0.088
 267 T   0.00203 0.05597 0.18522 0.33541 0.42137 0.00000 ( 5)  0.063
 268 N   0.00080 0.04736 0.20395 0.38173 0.36616 0.00000 ( 4)  0.061
 269 Q   0.01188 0.11301 0.21925 0.30936 0.34650 0.00000 ( 5)  0.058
 270 M   0.01013 0.12739 0.26538 0.33224 0.26485 0.00000 ( 4)  0.054
 271 T   0.01138 0.11391 0.23221 0.31903 0.32348 0.00000 ( 5)  0.057
 272 A   0.03920 0.17891 0.24567 0.27056 0.26565 0.00000 ( 4)  0.051
 273 D   0.25832 0.33065 0.20917 0.13133 0.07053 0.00000 ( 2)  0.031
 274 P   0.03787 0.21027 0.28944 0.27201 0.19040 0.00000 ( 3)  0.047
 275 G   0.00228 0.05683 0.18098 0.33018 0.42972 0.00000 ( 5)  0.064
 276 A   0.01512 0.13902 0.25050 0.30455 0.29080 0.00000 ( 4)  0.055
 277 G   0.03759 0.16800 0.24213 0.27938 0.27291 0.00000 ( 4)  0.052
 278 L   0.00016 0.01701 0.10724 0.30580 0.56980 0.00000 ( 5)  0.071
 279 T   0.02097 0.18751 0.30227 0.29619 0.19306 0.00000 ( 3)  0.049
 280 F   0.03798 0.21140 0.28028 0.27154 0.19880 0.00000 ( 3)  0.048
 281 Q   0.00172 0.05097 0.17912 0.34116 0.42702 0.00000 ( 5)  0.064
 282 A   0.66853 0.21875 0.07477 0.02886 0.00909 0.00000 ( 1)  0.017
 283 D   0.00569 0.08793 0.20962 0.32229 0.37446 0.00000 ( 5)  0.060
 284 P   0.01369 0.13502 0.25160 0.30691 0.29278 0.00000 ( 4)  0.055
 285 K   0.01100 0.12403 0.26880 0.34400 0.25216 0.00000 ( 4)  0.054
 286 K   0.01198 0.12895 0.25650 0.32178 0.28080 0.00000 ( 4)  0.055
 287 P   0.01461 0.10094 0.19871 0.29606 0.38968 0.00000 ( 5)  0.060
 288 I   0.01566 0.15760 0.28545 0.31511 0.22619 0.00000 ( 4)  0.051
 289 G   0.00048 0.02781 0.13482 0.32210 0.51479 0.00000 ( 5)  0.068
 290 G   0.28672 0.34729 0.21497 0.11163 0.03939 0.00000 ( 2)  0.028
 291 H   0.00434 0.10500 0.27361 0.35224 0.26482 0.00000 ( 4)  0.055
 292 I   0.00070 0.03891 0.16973 0.34770 0.44296 0.00000 ( 5)  0.065
 293 L   0.00639 0.08319 0.19962 0.31205 0.39874 0.00001 ( 5)  0.061
 294 A   0.03967 0.16824 0.23408 0.27137 0.28664 0.00000 ( 5)  0.053
 295 H   0.00611 0.10066 0.22478 0.31402 0.35443 0.00000 ( 5)  0.059
 296 A   0.00197 0.06321 0.21353 0.35882 0.36247 0.00000 ( 5)  0.061
 297 S   0.00163 0.04657 0.16075 0.31671 0.47432 0.00001 ( 5)  0.066
 298 T   0.00262 0.05812 0.17581 0.32015 0.44331 0.00000 ( 5)  0.064
 299 T   0.01922 0.15545 0.25646 0.29355 0.27533 0.00000 ( 4)  0.053
 300 R   0.03839 0.19210 0.27839 0.28279 0.20834 0.00000 ( 4)  0.049
 301 I   0.00080 0.02364 0.09560 0.25152 0.62811 0.00033 ( 5)  0.073
 302 S   0.00150 0.04419 0.16494 0.33912 0.45025 0.00000 ( 5)  0.065
 303 L   0.00650 0.10207 0.24302 0.33515 0.31326 0.00000 ( 4)  0.057
 304 R   0.13675 0.28743 0.26525 0.20047 0.11011 0.00000 ( 2)  0.038
 305 K   0.02678 0.15597 0.24949 0.29636 0.27141 0.00000 ( 4)  0.053
 306 G   0.00069 0.03682 0.15915 0.33438 0.46895 0.00000 ( 5)  0.066
 307 R   0.13001 0.32938 0.28639 0.17882 0.07539 0.00000 ( 2)  0.036
 308 G   0.00025 0.01513 0.08580 0.26402 0.63479 0.00001 ( 5)  0.074
 309 E   0.02531 0.20356 0.31355 0.29416 0.16343 0.00000 ( 3)  0.047
 310 V   0.00000 0.00168 0.02337 0.14484 0.82920 0.00091 ( 5)  0.083
 311 R   0.01527 0.15917 0.28827 0.31280 0.22450 0.00000 ( 4)  0.051
 312 I   0.00174 0.05462 0.18693 0.33816 0.41855 0.00000 ( 5)  0.063
 313 A   0.07375 0.25591 0.27765 0.23449 0.15821 0.00000 ( 3)  0.043
 314 K   0.27813 0.33495 0.21395 0.12258 0.05038 0.00000 ( 2)  0.029
 315 I   0.00402 0.06042 0.16537 0.30182 0.46837 0.00000 ( 5)  0.065
 316 F   0.00150 0.04513 0.16429 0.33059 0.45849 0.00000 ( 5)  0.065
 317 D   0.02256 0.17691 0.28904 0.30437 0.20712 0.00000 ( 4)  0.050
 318 S   0.00110 0.04739 0.18419 0.35288 0.41444 0.00000 ( 5)  0.063
 319 P   0.02386 0.12610 0.20551 0.28015 0.36438 0.00001 ( 5)  0.058
 320 D   0.00002 0.00404 0.03699 0.17440 0.78439 0.00016 ( 5)  0.080
 321 M   0.01092 0.13299 0.26950 0.32876 0.25783 0.00000 ( 4)  0.053
 322 P   0.08409 0.22719 0.25181 0.24171 0.19521 0.00000 ( 3)  0.046
 323 E   0.00760 0.12751 0.27897 0.33823 0.24769 0.00000 ( 4)  0.053
 324 N   0.00048 0.03091 0.14089 0.32242 0.50530 0.00000 ( 5)  0.068
 325 E   0.05518 0.24676 0.28686 0.24701 0.16419 0.00000 ( 3)  0.044
 326 A   0.00383 0.09619 0.26255 0.35597 0.28145 0.00000 ( 4)  0.056
 327 T   0.19050 0.30919 0.23726 0.16602 0.09702 0.00000 ( 2)  0.035
 328 F   0.00191 0.05542 0.18096 0.32747 0.43424 0.00000 ( 5)  0.064
 329 A   0.05065 0.20761 0.26553 0.26650 0.20971 0.00000 ( 4)  0.048
 330 I   0.01030 0.09685 0.20564 0.31362 0.37359 0.00000 ( 5)  0.060
 331 T   0.00543 0.07106 0.17356 0.29334 0.45648 0.00013 ( 5)  0.064
 332 A   0.00000 0.00006 0.00076 0.00548 0.05852 0.93518 ( 6)  0.941
 333 G   0.00218 0.05391 0.17659 0.33243 0.43488 0.00000 ( 5)  0.064
 334 G   0.00273 0.06858 0.20574 0.33817 0.38478 0.00000 ( 5)  0.061
 335 I   0.00031 0.01579 0.07886 0.23404 0.66946 0.00154 ( 5)  0.076
 336 A   0.00004 0.00360 0.02622 0.12302 0.78210 0.06501 ( 5)  0.141
 337 D   0.00389 0.09123 0.25511 0.36311 0.28666 0.00000 ( 4)  0.056
 338 A   0.04400 0.21587 0.28448 0.26697 0.18868 0.00000 ( 3)  0.047

Positively selected sites

	Prob(w>1)  mean w



lnL = -11483.562930

