

TREE # 1

  0  0.0000  17319.235801  x:  0.08648   0.04768   0.07901   0.03257   0.08482   0.07628   0.05153   0.07232   0.03054   0.08511   0.03069   0.07462   0.03743   0.07658   0.09961   0.09553   0.09477   0.06462   0.09795   0.04432   0.01789   0.01441   0.09588   0.05537   0.10590   0.05866   0.01820   0.04524   0.01164   0.05129   0.01104   0.05317   0.10313   0.09436   0.01821   0.03852   0.07157   0.04942   0.10935   0.08363   0.01527   0.01895   0.07722   0.02545   0.10451   0.05901   0.09612   0.01438   0.10666   0.05897   0.10878   0.07389   0.02659   2.00000   0.90000   1.09267   1.73888  
  1 99.0000  16398.271493  x:  0.06583   0.06201   0.08248   0.01939   0.07648   0.08007   0.02255   0.15533   0.11716   0.07891   0.28182   0.06088   0.07503   0.07949   0.09105   0.10701   0.09636   0.06006   0.11024   0.01994   0.13780   0.04409   0.08959   0.05681   0.12078   0.11618   0.00045   0.14970   0.00000   0.03300   0.20027   0.10198   0.10234   0.10429   0.06776   0.08348   0.06396   0.02375   0.08281   0.07531   0.01481   0.04914   0.05100   0.02955   0.08174   0.05485   0.08090   0.09011   0.08230   0.04307   0.08475   0.06914   0.05459   2.00946   0.91259   1.08134   1.74415  
  2 8840.9584  16287.192796  x:  0.05276   0.06599   0.08608   0.01310   0.07176   0.07957   0.00000   0.17273   0.12122   0.07311   0.28891   0.04652   0.07949   0.08202   0.08608   0.11385   0.09846   0.05890   0.11814   0.00228   0.13183   0.03849   0.08451   0.05771   0.13052   0.13165   0.03760   0.16178   0.00598   0.02140   0.18991   0.10870   0.10184   0.10853   0.06557   0.08986   0.06077   0.00495   0.06236   0.07035   0.01463   0.04878   0.03232   0.03235   0.06609   0.05474   0.07250   0.08360   0.06484   0.03393   0.06772   0.06675   0.05563   2.01642   0.91649   1.07290   1.74731  
  3 2300.2360  16270.323006  x:  0.05067   0.06638   0.08641   0.01202   0.07104   0.07964   0.00000   0.17537   0.12140   0.07198   0.28944   0.04393   0.08001   0.08235   0.08526   0.11486   0.09876   0.05874   0.11938   0.00000   0.13042   0.03768   0.08371   0.05784   0.13200   0.13386   0.03590   0.16329   0.00415   0.01963   0.18737   0.10960   0.10169   0.10914   0.06505   0.09063   0.06035   0.00353   0.05859   0.06959   0.01468   0.04864   0.02898   0.03269   0.06333   0.05472   0.07115   0.08233   0.06175   0.03283   0.06469   0.06638   0.05565   2.01776   0.91727   1.07127   1.74792  
  4 3488.4195  16198.120866  x:  0.03970   0.06845   0.08830   0.00958   0.06701   0.08118   0.00000   0.19071   0.12177   0.06469   0.29384   0.02866   0.08278   0.08386   0.08014   0.12006   0.10025   0.05852   0.12654   0.00000   0.12305   0.03511   0.07946   0.05843   0.14009   0.14632   0.03095   0.17266   0.00000   0.01266   0.17248   0.11480   0.10088   0.11224   0.06248   0.09449   0.05826   0.02149   0.03588   0.06552   0.01480   0.04801   0.00973   0.03456   0.04731   0.05444   0.06379   0.07597   0.04369   0.02858   0.04702   0.06439   0.05572   2.02643   0.92294   1.06070   1.75197  
  5 7293.4501  16151.935176  x:  0.03638   0.06859   0.08820   0.03057   0.06336   0.09611   0.00000   0.20937   0.11118   0.04829   0.30665   0.01299   0.08315   0.08188   0.07284   0.12037   0.09869   0.05824   0.13027   0.00000   0.11657   0.04298   0.07713   0.05762   0.14459   0.15578   0.01753   0.18483   0.00000   0.04062   0.14865   0.11933   0.09984   0.11197   0.06255   0.09222   0.05817   0.01497   0.00494   0.06614   0.01495   0.04882   0.01228   0.03764   0.03702   0.05282   0.06245   0.07413   0.02866   0.04496   0.02629   0.06423   0.05429   2.04649   0.93823   1.03558   1.76183  
  6 1155.5215  16123.440758  x:  0.03273   0.06888   0.08802   0.03950   0.05764   0.11284   0.00000   0.23078   0.09784   0.02847   0.32111   0.00122   0.08428   0.08061   0.06610   0.12126   0.09751   0.05749   0.13413   0.00000   0.10981   0.04710   0.07393   0.05692   0.14963   0.16528   0.00173   0.19713   0.00000   0.05412   0.12304   0.12300   0.09836   0.11216   0.06192   0.09085   0.05789   0.00955   0.02365   0.06609   0.01478   0.04906   0.01188   0.03825   0.02789   0.05197   0.06017   0.07291   0.01775   0.05147   0.01288   0.06394   0.05345   2.06939   0.95377   1.00684   1.77288  
  7 1647.3837  16118.709540  x:  0.03244   0.06893   0.08798   0.03943   0.05683   0.11520   0.00000   0.23371   0.09560   0.02581   0.32314   0.00287   0.08455   0.08058   0.06549   0.12138   0.09740   0.05734   0.13453   0.00000   0.10902   0.04716   0.07349   0.05685   0.15022   0.16631   0.00000   0.19850   0.00000   0.05442   0.11988   0.12331   0.09814   0.11221   0.06177   0.09072   0.05784   0.00907   0.02359   0.06596   0.01476   0.04902   0.01146   0.03808   0.02736   0.05196   0.05987   0.07276   0.01818   0.05135   0.01439   0.06387   0.05349   2.07264   0.95554   1.00274   1.77441  
  8 1689.2075  16096.740017  x:  0.03308   0.06653   0.08512   0.03647   0.05239   0.13491   0.00000   0.25358   0.07580   0.00317   0.34098   0.00172   0.08477   0.07907   0.06239   0.12027   0.09594   0.05604   0.13534   0.00000   0.10497   0.04942   0.07127   0.05603   0.15201   0.16942   0.00166   0.20532   0.00000   0.05686   0.09816   0.12376   0.09631   0.11127   0.06142   0.08775   0.05874   0.00935   0.02379   0.06606   0.01545   0.04904   0.01002   0.03502   0.02641   0.05197   0.05939   0.07400   0.02336   0.05336   0.02107   0.06385   0.05331   2.09928   0.96878   0.96914   1.78680  
  9 1618.8350  16083.270495  x:  0.03423   0.06426   0.08218   0.03212   0.04856   0.15687   0.00000   0.27485   0.05308   0.01116   0.35992   0.00926   0.08546   0.07772   0.06039   0.11861   0.09442   0.05484   0.13533   0.00000   0.10103   0.05097   0.06934   0.05520   0.15310   0.17128   0.00394   0.21113   0.00000   0.05773   0.07661   0.12348   0.09448   0.11001   0.06086   0.08461   0.05948   0.01018   0.02459   0.06607   0.01517   0.04870   0.01089   0.03305   0.02837   0.05195   0.05941   0.07501   0.02425   0.05386   0.01704   0.06364   0.05268   2.13098   0.98058   0.92916   1.80118  
 10 1808.5858  16072.888000  x:  0.03619   0.06483   0.08192   0.02771   0.04884   0.16667   0.00000   0.28261   0.04831   0.01524   0.36584   0.00000   0.08507   0.07687   0.06249   0.11687   0.09397   0.05489   0.13334   0.00000   0.09955   0.04896   0.06957   0.05500   0.15183   0.16871   0.00275   0.20997   0.00000   0.05389   0.07280   0.12147   0.09417   0.10905   0.05987   0.08343   0.05904   0.01021   0.02191   0.06593   0.01367   0.04760   0.01490   0.03457   0.03430   0.05203   0.06059   0.07417   0.02455   0.04951   0.01951   0.06342   0.05230   2.15270   0.97800   0.90192   1.81007  
 11 873.9170  16050.547007  x:  0.03983   0.06668   0.08199   0.02040   0.05365   0.18994   0.00000   0.29748   0.05285   0.00640   0.37478   0.00450   0.08305   0.07470   0.06984   0.11051   0.09285   0.05610   0.12564   0.00000   0.09466   0.04318   0.07219   0.05457   0.14564   0.15639   0.00212   0.19977   0.00000   0.04539   0.07282   0.11397   0.09427   0.10575   0.05652   0.07998   0.05729   0.01018   0.01781   0.06618   0.01369   0.04438   0.02175   0.03844   0.04221   0.05136   0.06400   0.06941   0.01531   0.04008   0.00653   0.06271   0.05003   2.22485   0.95902   0.81163   1.83857  
 12 1564.2812  16031.841936  x:  0.03743   0.06738   0.08228   0.02330   0.05768   0.20562   0.00000   0.30809   0.06283   0.00864   0.37885   0.00513   0.08158   0.07321   0.07240   0.10621   0.09200   0.05714   0.12084   0.00000   0.08942   0.04119   0.07407   0.05419   0.14130   0.14771   0.00309   0.19075   0.00000   0.04501   0.07493   0.10957   0.09455   0.10362   0.05435   0.07828   0.05546   0.00891   0.01879   0.06642   0.01644   0.04307   0.01861   0.03885   0.03392   0.04978   0.06393   0.06443   0.00537   0.04081   0.01473   0.06214   0.04850   2.29457   0.94109   0.72445   1.86585  
 13 3027.9858  16005.983361  x:  0.03102   0.06858   0.08329   0.02932   0.06320   0.22739   0.00000   0.32389   0.08036   0.01396   0.38299   0.00335   0.07969   0.07146   0.07487   0.10067   0.09099   0.05864   0.11458   0.00000   0.08094   0.03816   0.07646   0.05370   0.13544   0.13565   0.00362   0.17668   0.00000   0.04429   0.07959   0.10384   0.09507   0.10101   0.05115   0.07695   0.05234   0.00669   0.02021   0.06613   0.01992   0.04142   0.00948   0.03881   0.01633   0.04723   0.06215   0.05648   0.01722   0.04358   0.01696   0.06088   0.04639   2.40922   0.91077   0.58135   1.91043  
 14 10789.5516  15983.054432  x:  0.02350   0.06461   0.08321   0.03544   0.05327   0.21787   0.00000   0.31936   0.07496   0.01314   0.37213   0.00400   0.08135   0.07496   0.06173   0.10713   0.09107   0.05509   0.12078   0.00000   0.08474   0.04188   0.07208   0.05310   0.13804   0.14076   0.00361   0.17210   0.00000   0.04340   0.08736   0.11022   0.09433   0.10421   0.05606   0.08353   0.05406   0.00487   0.02119   0.06231   0.00871   0.04575   0.00169   0.02835   0.03458   0.04974   0.05336   0.06215   0.01689   0.05043   0.01670   0.05945   0.05134   2.50987   0.88272   0.46255   1.94671  
 15 1428.9949  15973.869182  x:  0.02298   0.06226   0.08264   0.03586   0.04548   0.20516   0.00000   0.31430   0.06807   0.01227   0.36523   0.00467   0.08303   0.07687   0.05276   0.11278   0.09123   0.05206   0.12626   0.00000   0.08861   0.04321   0.06774   0.05271   0.14187   0.14819   0.00364   0.17369   0.00000   0.03957   0.09070   0.11558   0.09313   0.10660   0.05846   0.08772   0.05511   0.00547   0.02105   0.06011   0.01602   0.04841   0.01671   0.02860   0.03294   0.04995   0.04806   0.06586   0.01686   0.05137   0.01685   0.05843   0.05298   2.56888   0.86557   0.39788   1.96689  
 16 2429.9071  15966.508946  x:  0.03723   0.06075   0.07964   0.03372   0.04377   0.18925   0.00000   0.30399   0.05364   0.01150   0.36457   0.00466   0.08244   0.07420   0.05318   0.11403   0.08968   0.04988   0.12678   0.00000   0.09623   0.04471   0.06538   0.05168   0.14325   0.15333   0.00356   0.18055   0.00000   0.03930   0.09135   0.11692   0.09083   0.10510   0.05869   0.08477   0.05605   0.00383   0.02050   0.05924   0.01216   0.04705   0.01259   0.03403   0.02224   0.04845   0.05339   0.07098   0.01551   0.04816   0.01635   0.05820   0.04996   2.61362   0.84962   0.36494   1.97979  
 17 757.1659  15961.658617  x:  0.03124   0.06062   0.07628   0.03000   0.04748   0.17156   0.00000   0.29287   0.04903   0.01191   0.37094   0.00450   0.08128   0.07004   0.05853   0.11194   0.08771   0.04949   0.12414   0.00000   0.10008   0.04470   0.06456   0.05077   0.14381   0.15829   0.00346   0.19252   0.00000   0.04345   0.08427   0.11547   0.08815   0.10168   0.05649   0.07903   0.05238   0.00297   0.02053   0.06152   0.02291   0.04497   0.00775   0.03144   0.02628   0.04706   0.05870   0.07146   0.01582   0.04550   0.01638   0.05905   0.04674   2.65759   0.83736   0.35412   1.99015  
 18 432.9499  15956.526364  x:  0.02481   0.06196   0.07523   0.02405   0.05000   0.15366   0.00000   0.28224   0.05407   0.01220   0.38020   0.00611   0.08070   0.06887   0.06173   0.10928   0.08679   0.04986   0.12125   0.00000   0.09881   0.04283   0.06448   0.05057   0.14421   0.16306   0.00390   0.20508   0.00000   0.04867   0.07327   0.11350   0.08654   0.09952   0.05435   0.07601   0.05116   0.00341   0.02112   0.06262   0.01220   0.04278   0.01401   0.03208   0.02632   0.04690   0.05899   0.06827   0.01669   0.04453   0.01792   0.05970   0.04747   2.70978   0.82951   0.35300   2.00149  
 19 582.8237  15950.288398  x:  0.03812   0.06435   0.07982   0.01689   0.04938   0.13732   0.00000   0.26872   0.06064   0.01364   0.39067   0.00606   0.08017   0.07492   0.06003   0.10680   0.08860   0.05168   0.11904   0.00000   0.08952   0.03953   0.06694   0.05176   0.14254   0.16364   0.00400   0.21289   0.00000   0.05278   0.06701   0.11111   0.08849   0.10159   0.05495   0.08037   0.05809   0.00223   0.02098   0.06276   0.01582   0.04584   0.01253   0.02902   0.02936   0.05067   0.05119   0.06298   0.01731   0.04496   0.01809   0.05830   0.05370   2.79469   0.83052   0.36730   2.01882  
 20 499.1219  15940.634825  x:  0.03166   0.06209   0.08349   0.01824   0.04995   0.13015   0.00000   0.25565   0.05282   0.01304   0.39403   0.00628   0.07992   0.07955   0.05777   0.10999   0.09163   0.04981   0.12132   0.00000   0.08069   0.03648   0.06857   0.05272   0.14204   0.16119   0.00409   0.20997   0.00000   0.05017   0.07776   0.11211   0.09165   0.10730   0.05580   0.08580   0.05528   0.00034   0.02073   0.06046   0.01521   0.04705   0.01240   0.03687   0.02884   0.04938   0.05075   0.06310   0.01723   0.04212   0.01834   0.05815   0.04836   2.91818   0.84022   0.40053   2.04285  
 21 676.6829  15935.041217  x:  0.03474   0.06657   0.08433   0.01519   0.04862   0.13180   0.00000   0.25623   0.05466   0.01335   0.38606   0.00658   0.08272   0.07812   0.05915   0.11866   0.09184   0.03862   0.12238   0.00000   0.08199   0.02547   0.06464   0.05218   0.14814   0.16768   0.00426   0.20669   0.00000   0.05818   0.08547   0.11762   0.09153   0.11069   0.05525   0.08840   0.05030   0.00102   0.02126   0.06000   0.01487   0.04611   0.01359   0.03243   0.02934   0.04822   0.06014   0.06372   0.01773   0.04058   0.01879   0.05849   0.04806   3.01156   0.84391   0.42749   2.06015  
 22 782.3269  15929.453833  x:  0.03799   0.06883   0.08110   0.01248   0.04877   0.13711   0.00000   0.26262   0.06118   0.01417   0.37033   0.00666   0.08535   0.07291   0.06163   0.12681   0.09181   0.04286   0.12475   0.00000   0.09552   0.03565   0.06419   0.05176   0.15545   0.17611   0.00444   0.20163   0.00000   0.05826   0.08752   0.12217   0.08902   0.11035   0.05404   0.08623   0.05045   0.00031   0.02100   0.06082   0.01466   0.04436   0.01557   0.02665   0.02882   0.04876   0.06453   0.06697   0.01831   0.03718   0.01906   0.05919   0.05251   3.10749   0.84538   0.45748   2.07706  
 23 908.0632  15926.396707  x:  0.03895   0.06967   0.08040   0.01400   0.05117   0.13956   0.00000   0.27143   0.06245   0.01403   0.35924   0.00769   0.08652   0.07304   0.06290   0.12869   0.09186   0.04724   0.12430   0.00000   0.10347   0.03670   0.06511   0.05231   0.15938   0.18366   0.00471   0.20233   0.00000   0.06011   0.08870   0.12373   0.08846   0.10895   0.05602   0.08556   0.05390   0.00074   0.02251   0.06322   0.01609   0.04630   0.01377   0.03882   0.03319   0.05086   0.06135   0.06825   0.01941   0.03885   0.02036   0.05954   0.05361   3.16983   0.84032   0.47672   2.08734  
 24 677.3914  15923.635216  x:  0.03777   0.06632   0.08178   0.01796   0.05310   0.14078   0.00000   0.28014   0.05685   0.01358   0.35113   0.00738   0.08528   0.07709   0.06260   0.12228   0.09169   0.04904   0.12318   0.00000   0.10899   0.03430   0.06820   0.05360   0.15713   0.18570   0.00453   0.20619   0.00000   0.05525   0.09141   0.12099   0.09075   0.10636   0.06027   0.08521   0.05727   0.00093   0.02232   0.06495   0.01473   0.04860   0.01601   0.03137   0.03063   0.05050   0.05497   0.07142   0.01910   0.04271   0.02003   0.06056   0.05056   3.22446   0.82944   0.49468   2.09523  
 25 378.8513  15922.217339  x:  0.03669   0.06394   0.08282   0.01797   0.04752   0.13923   0.00000   0.27980   0.05695   0.01378   0.34885   0.00726   0.08456   0.07683   0.05917   0.11621   0.09210   0.04598   0.12609   0.00000   0.10706   0.04083   0.06881   0.05331   0.15150   0.18038   0.00452   0.21014   0.00000   0.05050   0.09192   0.11933   0.09258   0.10711   0.05991   0.08668   0.05499   0.00118   0.02192   0.06312   0.01539   0.04711   0.01581   0.03208   0.03000   0.05118   0.06024   0.07392   0.01892   0.04586   0.01978   0.06114   0.05413   3.25627   0.82739   0.50256   2.09934  
 26 170.6013  15920.668023  x:  0.03772   0.06497   0.08061   0.02449   0.04912   0.13512   0.00000   0.26965   0.05837   0.01399   0.35004   0.00713   0.08534   0.07351   0.06017   0.11670   0.09322   0.05089   0.13158   0.00000   0.10476   0.04271   0.06355   0.05195   0.14725   0.17079   0.00441   0.21365   0.00000   0.04370   0.09221   0.12119   0.09143   0.10927   0.05793   0.08693   0.05549   0.00146   0.02142   0.06158   0.01493   0.04746   0.01641   0.02997   0.03031   0.04932   0.06091   0.07592   0.01885   0.04395   0.01952   0.05999   0.05121   3.29374   0.83662   0.50722   2.10389  
 27 148.7219  15919.654677  x:  0.03515   0.06338   0.07857   0.02164   0.04871   0.13306   0.00000   0.25716   0.05771   0.01416   0.35228   0.00652   0.08390   0.07405   0.06076   0.11965   0.09045   0.04852   0.12993   0.00000   0.10779   0.04405   0.06603   0.05252   0.14696   0.16489   0.00429   0.21021   0.00000   0.04144   0.09350   0.12154   0.08982   0.10712   0.05906   0.08326   0.05565   0.00170   0.02032   0.06306   0.01491   0.04754   0.01594   0.02958   0.02774   0.05031   0.05605   0.07484   0.01820   0.04336   0.01872   0.06041   0.05198   3.31842   0.84708   0.50889   2.10633  
 28 148.2520  15919.428220  x:  0.03508   0.06247   0.07988   0.02134   0.04878   0.13188   0.00000   0.25403   0.05797   0.01421   0.35408   0.00643   0.08295   0.07456   0.05816   0.11873   0.09027   0.04995   0.12740   0.00000   0.10939   0.04397   0.06598   0.05214   0.14799   0.16717   0.00426   0.20639   0.00000   0.04053   0.09321   0.11991   0.08975   0.10528   0.05881   0.08424   0.05509   0.00176   0.02015   0.06148   0.01506   0.04611   0.01580   0.02943   0.02776   0.04867   0.05687   0.07419   0.01811   0.04373   0.01862   0.05948   0.05078   3.32400   0.85016   0.50897   2.10620  
 29 58.9987  15919.357671  x:  0.03492   0.06249   0.07956   0.02236   0.04905   0.13103   0.00000   0.25338   0.05776   0.01420   0.35512   0.00640   0.08288   0.07394   0.05857   0.11738   0.09044   0.04941   0.12683   0.00000   0.10916   0.04412   0.06529   0.05191   0.14817   0.16920   0.00424   0.20382   0.00000   0.03977   0.09307   0.11890   0.08990   0.10521   0.05855   0.08437   0.05511   0.00175   0.02009   0.06150   0.01500   0.04705   0.01587   0.02932   0.02751   0.05000   0.05712   0.07435   0.01807   0.04333   0.01854   0.05979   0.05147   3.32563   0.85099   0.50890   2.10539  
 30 28.5045  15919.291967  x:  0.03505   0.06279   0.07865   0.02197   0.04809   0.13031   0.00000   0.25350   0.05787   0.01422   0.35605   0.00640   0.08319   0.07370   0.05957   0.11651   0.09059   0.04917   0.12749   0.00000   0.10816   0.04464   0.06524   0.05206   0.14771   0.17082   0.00426   0.20153   0.00000   0.03983   0.09307   0.11883   0.09001   0.10590   0.05868   0.08366   0.05530   0.00177   0.02007   0.06183   0.01498   0.04703   0.01582   0.02936   0.02767   0.04852   0.05642   0.07470   0.01807   0.04353   0.01855   0.05988   0.05090   3.32687   0.85100   0.50876   2.10344  
 31 17.7564  15919.043525  x:  0.03491   0.06250   0.07874   0.02063   0.04917   0.12939   0.00000   0.25455   0.05701   0.01414   0.35829   0.00640   0.08333   0.07493   0.05975   0.11719   0.09024   0.05125   0.13025   0.00000   0.10641   0.04460   0.06613   0.05241   0.14585   0.17247   0.00427   0.19790   0.00000   0.04095   0.09312   0.12100   0.08954   0.10686   0.05873   0.08269   0.05477   0.00184   0.02011   0.06193   0.01504   0.04446   0.01600   0.02890   0.02734   0.05118   0.05681   0.07490   0.01806   0.04373   0.01862   0.05915   0.05053   3.33095   0.85001   0.50769   2.09293  
 32 20.1882  15917.500746  x:  0.03377   0.06073   0.08285   0.02038   0.05512   0.12979   0.00000   0.25829   0.05574   0.01392   0.36504   0.00639   0.08134   0.07537   0.05678   0.12315   0.08785   0.05000   0.13612   0.00000   0.10543   0.04483   0.06750   0.05193   0.14155   0.17204   0.00426   0.19022   0.00000   0.03947   0.08774   0.12635   0.08854   0.10543   0.05721   0.08468   0.05598   0.00188   0.01987   0.06312   0.01499   0.04914   0.01559   0.02933   0.02668   0.04589   0.05833   0.07397   0.01811   0.04123   0.01860   0.06090   0.05482   3.35494   0.84707   0.50050   2.02424  
 33 90.1728  15910.356093  x:  0.03136   0.06373   0.08366   0.02101   0.04677   0.13786   0.00000   0.27048   0.05970   0.01381   0.37922   0.00600   0.08161   0.07175   0.05550   0.13472   0.09115   0.04461   0.13844   0.00000   0.10655   0.04562   0.06406   0.05203   0.14402   0.16584   0.00439   0.18289   0.00000   0.02563   0.07418   0.12702   0.09314   0.10185   0.05856   0.08867   0.05723   0.00179   0.01799   0.05798   0.01582   0.05158   0.01355   0.03087   0.02549   0.05358   0.05499   0.06980   0.01813   0.04273   0.01889   0.06210   0.04060   3.45906   0.85062   0.46550   1.72112  
 34 516.3442  15900.700581  x:  0.02560   0.06589   0.07958   0.02205   0.04202   0.14794   0.00000   0.28726   0.05470   0.01265   0.38543   0.00509   0.08562   0.07501   0.05949   0.13498   0.09863   0.05264   0.13408   0.00000   0.09874   0.04010   0.06151   0.05410   0.15543   0.16460   0.00444   0.18728   0.00000   0.01312   0.07456   0.11970   0.09776   0.10494   0.05710   0.08711   0.05320   0.00195   0.01564   0.05489   0.01652   0.04343   0.01146   0.03099   0.02182   0.04886   0.05096   0.06426   0.01754   0.03770   0.01824   0.05912   0.05573   3.60181   0.86998   0.41294   1.30554  
 35 2059.5201  15895.817209  x:  0.02368   0.06279   0.08238   0.01341   0.04842   0.14995   0.00000   0.29888   0.05642   0.01262   0.37985   0.00469   0.08587   0.07739   0.05723   0.12489   0.09845   0.05245   0.13497   0.00000   0.09141   0.04454   0.06645   0.05475   0.15937   0.16950   0.00448   0.19536   0.00000   0.01432   0.07959   0.11567   0.09759   0.10893   0.05289   0.08903   0.05390   0.00229   0.01400   0.05719   0.01549   0.04805   0.01069   0.02991   0.02079   0.04926   0.05081   0.06445   0.01769   0.02545   0.01847   0.05998   0.04866   3.67235   0.88994   0.38376   1.10098  
 36 1556.6638  15894.870991  x:  0.02421   0.06233   0.08378   0.01079   0.05229   0.14873   0.00000   0.30216   0.05763   0.01263   0.37735   0.00464   0.08507   0.07701   0.05898   0.12168   0.09647   0.05146   0.13652   0.00000   0.09139   0.04368   0.06769   0.05465   0.15818   0.17149   0.00448   0.19757   0.00000   0.00993   0.08065   0.11618   0.09610   0.10918   0.05243   0.08894   0.05363   0.00221   0.01356   0.05767   0.01532   0.04808   0.01065   0.03020   0.02115   0.04904   0.05140   0.06449   0.01755   0.02975   0.01840   0.06089   0.04763   3.68601   0.89732   0.37749   1.06120  
 37 638.0363  15894.373668  x:  0.02377   0.06247   0.08555   0.01090   0.05147   0.14557   0.00000   0.30611   0.05833   0.01261   0.37472   0.00466   0.08329   0.07572   0.06160   0.11813   0.09443   0.05086   0.13862   0.00000   0.09496   0.04136   0.06748   0.05441   0.15251   0.17134   0.00446   0.19785   0.00000   0.01020   0.08044   0.11666   0.09549   0.10699   0.05439   0.09010   0.05341   0.00212   0.01338   0.05486   0.01564   0.04621   0.01036   0.03076   0.02107   0.04885   0.04971   0.06399   0.01752   0.02786   0.01834   0.06151   0.04812   3.69293   0.90365   0.37407   1.04152  
 38 169.3305  15894.291636  x:  0.02350   0.06266   0.08496   0.01058   0.05037   0.14368   0.00000   0.30797   0.05824   0.01259   0.37417   0.00461   0.08369   0.07615   0.06145   0.11844   0.09468   0.05158   0.13810   0.00000   0.09581   0.04067   0.06729   0.05446   0.15044   0.17077   0.00445   0.19756   0.00000   0.01019   0.08080   0.11639   0.09544   0.10590   0.05352   0.08993   0.05319   0.00211   0.01329   0.05596   0.01550   0.04741   0.01030   0.03074   0.02093   0.04893   0.05035   0.06344   0.01746   0.02796   0.01830   0.06048   0.04803   3.69377   0.90515   0.37362   1.03954  
 39 38.8603  15894.258709  x:  0.02382   0.06252   0.08442   0.01117   0.05078   0.14219   0.00000   0.30941   0.05837   0.01258   0.37406   0.00462   0.08401   0.07647   0.06107   0.11936   0.09484   0.05089   0.13713   0.00000   0.09560   0.04099   0.06763   0.05453   0.14989   0.17044   0.00445   0.19744   0.00000   0.00991   0.08088   0.11614   0.09546   0.10574   0.05333   0.08954   0.05295   0.00211   0.01330   0.05587   0.01549   0.04688   0.01034   0.03071   0.02116   0.04884   0.05021   0.06340   0.01750   0.02765   0.01831   0.06051   0.04793   3.69376   0.90569   0.37361   1.04021  
 40 19.1683  15894.228041  x:  0.02365   0.06254   0.08423   0.01045   0.05138   0.14095   0.00000   0.31053   0.05811   0.01256   0.37393   0.00462   0.08394   0.07596   0.06098   0.12009   0.09522   0.05095   0.13617   0.00000   0.09528   0.04125   0.06712   0.05431   0.14986   0.16971   0.00445   0.19710   0.00000   0.01022   0.08107   0.11575   0.09562   0.10600   0.05358   0.08971   0.05323   0.00212   0.01327   0.05527   0.01552   0.04683   0.01037   0.03066   0.02106   0.04880   0.05006   0.06384   0.01746   0.02793   0.01829   0.06093   0.04801   3.69340   0.90581   0.37381   1.04229  
 41 20.8761  15894.045992  x:  0.02362   0.06184   0.08603   0.01088   0.05005   0.13827   0.00000   0.31224   0.05813   0.01261   0.37408   0.00469   0.08179   0.07519   0.06178   0.12026   0.09381   0.05171   0.13508   0.00000   0.09488   0.04141   0.06710   0.05424   0.15309   0.16793   0.00444   0.19633   0.00000   0.00975   0.08088   0.11641   0.09460   0.10814   0.05515   0.08988   0.05315   0.00214   0.01318   0.05675   0.01542   0.04698   0.01044   0.03054   0.02105   0.04885   0.05071   0.06417   0.01749   0.02734   0.01831   0.06002   0.04793   3.68888   0.90452   0.37631   1.06419  
 42 21.1805  15893.153414  x:  0.02397   0.06243   0.08599   0.01019   0.04922   0.13472   0.00000   0.31216   0.05661   0.01247   0.37442   0.00465   0.08354   0.07640   0.06104   0.11727   0.09210   0.05142   0.13816   0.00000   0.09699   0.04183   0.06547   0.05419   0.16079   0.16474   0.00446   0.19505   0.00000   0.00953   0.08215   0.11792   0.09161   0.10850   0.04812   0.09067   0.05236   0.00220   0.01300   0.05349   0.01555   0.04747   0.01047   0.03073   0.02123   0.04925   0.04741   0.06293   0.01760   0.02682   0.01837   0.06052   0.04797   3.66552   0.89574   0.38964   1.17559  
 43 157.3512  15891.748292  x:  0.02317   0.06258   0.08109   0.00797   0.05119   0.13448   0.00000   0.30641   0.05727   0.01258   0.37245   0.00433   0.08816   0.07750   0.05700   0.11753   0.09529   0.05133   0.14321   0.00000   0.09758   0.04119   0.06408   0.05407   0.16324   0.16772   0.00447   0.19654   0.00000   0.00702   0.08177   0.11772   0.09303   0.10641   0.05425   0.09117   0.05428   0.00224   0.01216   0.05224   0.01595   0.04823   0.01021   0.03126   0.02049   0.04922   0.04872   0.06262   0.01774   0.02377   0.01836   0.05960   0.04848   3.62777   0.88329   0.41023   1.35478  
 44 631.4299  15891.161616  x:  0.02362   0.06151   0.08295   0.00734   0.05021   0.13647   0.00000   0.30267   0.05677   0.01257   0.37133   0.00444   0.08559   0.07500   0.05897   0.12316   0.09766   0.05187   0.14291   0.00000   0.09650   0.04222   0.06458   0.05407   0.15944   0.17370   0.00446   0.19952   0.00000   0.00627   0.08288   0.11583   0.09474   0.10670   0.05194   0.09379   0.05223   0.00234   0.01194   0.05278   0.01584   0.04801   0.01030   0.03110   0.02030   0.04955   0.04614   0.06337   0.01779   0.02304   0.01839   0.05900   0.04864   3.61204   0.87777   0.41860   1.42970  
 45 412.0869  15891.122981  x:  0.02320   0.06179   0.08315   0.00748   0.04981   0.13682   0.00000   0.30228   0.05667   0.01256   0.37125   0.00441   0.08541   0.07579   0.05939   0.12378   0.09705   0.05192   0.14218   0.00000   0.09660   0.04248   0.06431   0.05426   0.15856   0.17444   0.00446   0.19988   0.00000   0.00611   0.08307   0.11574   0.09437   0.10772   0.05156   0.09367   0.05358   0.00235   0.01193   0.05212   0.01590   0.04801   0.01031   0.03104   0.02022   0.04955   0.04673   0.06292   0.01779   0.02296   0.01839   0.05938   0.04854   3.61106   0.87737   0.41913   1.43451  
 46 50.1812  15891.114345  x:  0.02329   0.06175   0.08311   0.00741   0.04989   0.13702   0.00000   0.30214   0.05671   0.01256   0.37118   0.00440   0.08562   0.07600   0.05922   0.12374   0.09660   0.05201   0.14171   0.00000   0.09676   0.04259   0.06382   0.05426   0.15811   0.17455   0.00446   0.19991   0.00000   0.00610   0.08293   0.11582   0.09412   0.10839   0.05174   0.09354   0.05300   0.00235   0.01192   0.05196   0.01590   0.04829   0.01029   0.03108   0.02019   0.04956   0.04653   0.06284   0.01779   0.02294   0.01838   0.05934   0.04851   3.61093   0.87720   0.41927   1.43531  
 47  9.4307  15891.072787  x:  0.02302   0.06192   0.08288   0.00743   0.04995   0.13723   0.00000   0.30187   0.05667   0.01255   0.37099   0.00437   0.08653   0.07484   0.05849   0.12321   0.09624   0.05181   0.14060   0.00000   0.09691   0.04217   0.06423   0.05422   0.15751   0.17463   0.00446   0.19989   0.00000   0.00602   0.08267   0.11679   0.09383   0.10916   0.05130   0.09417   0.05366   0.00234   0.01186   0.05254   0.01594   0.04763   0.01020   0.03115   0.02007   0.04961   0.04616   0.06347   0.01776   0.02289   0.01836   0.05861   0.04862   3.61110   0.87691   0.41947   1.43707  
 48  2.4453  15890.246092  x:  0.02379   0.06060   0.08122   0.00753   0.04919   0.13634   0.00000   0.30222   0.05658   0.01224   0.36888   0.00431   0.08966   0.07451   0.06108   0.12239   0.09910   0.05375   0.13630   0.00000   0.09614   0.04147   0.06878   0.05477   0.15802   0.17796   0.00444   0.20164   0.00000   0.00668   0.08243   0.12533   0.09462   0.11053   0.05206   0.09843   0.05196   0.00240   0.01191   0.05185   0.01585   0.04862   0.00985   0.03108   0.02024   0.04949   0.04766   0.05966   0.01788   0.02334   0.01838   0.06275   0.04858   3.61616   0.87406   0.42115   1.46976  
 49 14.7513  15885.235518  x:  0.02427   0.06718   0.08320   0.00658   0.05167   0.13414   0.00000   0.30640   0.06381   0.01181   0.35637   0.00389   0.08429   0.08608   0.06169   0.12670   0.10081   0.04997   0.13446   0.00000   0.08900   0.03832   0.06269   0.05370   0.16234   0.19652   0.00432   0.21245   0.00000   0.01095   0.08444   0.13627   0.09443   0.10934   0.05098   0.09276   0.05313   0.00220   0.01130   0.05413   0.01652   0.04536   0.00654   0.03445   0.02138   0.04969   0.04742   0.06725   0.01855   0.02485   0.01885   0.05469   0.05130   3.64744   0.85666   0.43337   1.66900  
 50 228.6234  15883.496442  x:  0.02535   0.06827   0.08466   0.00692   0.05122   0.13232   0.00000   0.30904   0.06457   0.01153   0.35377   0.00388   0.08749   0.07951   0.05556   0.13149   0.09569   0.05122   0.14092   0.00000   0.08829   0.03446   0.06436   0.05515   0.16368   0.20304   0.00428   0.21646   0.00000   0.01282   0.08836   0.12736   0.09188   0.11410   0.05217   0.08937   0.05396   0.00216   0.01128   0.05654   0.01639   0.04342   0.00545   0.03500   0.02249   0.05016   0.04725   0.06016   0.01891   0.02594   0.01896   0.05710   0.05198   3.65799   0.85033   0.43768   1.73527  
 51 379.6047  15883.395267  x:  0.02525   0.06795   0.08452   0.00696   0.05159   0.13202   0.00000   0.30912   0.06470   0.01146   0.35354   0.00383   0.08927   0.08020   0.05698   0.13243   0.09480   0.05111   0.14192   0.00000   0.08887   0.03415   0.06601   0.05540   0.16408   0.20310   0.00428   0.21644   0.00000   0.01325   0.08755   0.12505   0.09154   0.11518   0.05234   0.09107   0.05369   0.00216   0.01129   0.05584   0.01645   0.04376   0.00543   0.03510   0.02238   0.05008   0.04768   0.06106   0.01889   0.02624   0.01897   0.05570   0.05208   3.65862   0.85001   0.43783   1.73919  
 52 51.0434  15883.392379  x:  0.02526   0.06783   0.08441   0.00696   0.05155   0.13203   0.00000   0.30910   0.06478   0.01147   0.35354   0.00382   0.08928   0.08043   0.05699   0.13246   0.09479   0.05116   0.14198   0.00000   0.08899   0.03405   0.06590   0.05532   0.16407   0.20306   0.00428   0.21641   0.00000   0.01326   0.08745   0.12488   0.09151   0.11527   0.05228   0.09133   0.05368   0.00216   0.01127   0.05618   0.01646   0.04356   0.00540   0.03513   0.02236   0.05008   0.04768   0.06125   0.01889   0.02623   0.01897   0.05607   0.05206   3.65865   0.85003   0.43783   1.73933  
 53  6.6952  15883.389331  x:  0.02527   0.06781   0.08414   0.00692   0.05171   0.13203   0.00000   0.30913   0.06471   0.01146   0.35356   0.00382   0.08905   0.08050   0.05704   0.13241   0.09488   0.05100   0.14206   0.00000   0.08914   0.03420   0.06574   0.05523   0.16407   0.20304   0.00428   0.21640   0.00000   0.01330   0.08749   0.12484   0.09150   0.11542   0.05230   0.09166   0.05372   0.00216   0.01128   0.05635   0.01645   0.04340   0.00540   0.03512   0.02238   0.05005   0.04765   0.06088   0.01889   0.02625   0.01897   0.05586   0.05204   3.65873   0.84996   0.43787   1.73961  
 54  1.3100  15883.263604  x:  0.02547   0.06807   0.08144   0.00696   0.05168   0.13221   0.00000   0.30927   0.06514   0.01141   0.35336   0.00390   0.08608   0.08037   0.05601   0.13224   0.09584   0.05129   0.14229   0.00000   0.08985   0.03268   0.06720   0.05588   0.16418   0.20291   0.00429   0.21616   0.00000   0.01323   0.08725   0.12473   0.09074   0.11691   0.05181   0.09179   0.05340   0.00214   0.01127   0.05518   0.01640   0.04416   0.00538   0.03523   0.02270   0.05019   0.04790   0.06163   0.01901   0.02617   0.01909   0.05589   0.05222   3.66251   0.84826   0.43936   1.75233  
 55  2.8145  15880.984516  x:  0.02740   0.07344   0.08716   0.00598   0.05267   0.13273   0.00000   0.31008   0.06230   0.00848   0.34782   0.00435   0.09086   0.08140   0.05997   0.13152   0.10024   0.05166   0.13980   0.00000   0.09282   0.02987   0.06618   0.05535   0.16713   0.19975   0.00395   0.21063   0.00000   0.01219   0.08893   0.12531   0.09262   0.11872   0.05249   0.09352   0.05267   0.00231   0.01192   0.05656   0.01415   0.04391   0.00572   0.03568   0.02812   0.05097   0.04949   0.06199   0.02094   0.02465   0.02117   0.05696   0.05328   3.73202   0.81764   0.46552   1.98602  
 56 101.7420  15880.857252  x:  0.02775   0.07002   0.08576   0.00585   0.05218   0.13299   0.00000   0.31026   0.06286   0.00843   0.34756   0.00435   0.09120   0.08088   0.06063   0.13184   0.09816   0.05198   0.13952   0.00000   0.09153   0.02928   0.06489   0.05535   0.16752   0.19984   0.00394   0.21059   0.00000   0.01213   0.08960   0.12566   0.09271   0.11726   0.05224   0.09408   0.05339   0.00229   0.01191   0.05594   0.01406   0.04395   0.00575   0.03573   0.02857   0.05113   0.04957   0.06201   0.02108   0.02455   0.02130   0.05650   0.05340   3.73577   0.81576   0.46712   1.99854  
 57 107.9787  15880.852517  x:  0.02776   0.07053   0.08546   0.00586   0.05213   0.13300   0.00000   0.31027   0.06275   0.00841   0.34752   0.00435   0.09110   0.08088   0.06059   0.13190   0.09756   0.05212   0.13944   0.00000   0.09118   0.02941   0.06493   0.05540   0.16756   0.19989   0.00394   0.21061   0.00000   0.01209   0.08973   0.12566   0.09262   0.11685   0.05236   0.09448   0.05327   0.00230   0.01191   0.05596   0.01404   0.04395   0.00577   0.03570   0.02857   0.05114   0.04956   0.06206   0.02108   0.02453   0.02130   0.05658   0.05339   3.73592   0.81565   0.46719   1.99903  
 58  8.9417  15880.772487  x:  0.02763   0.07053   0.08518   0.00617   0.05184   0.13294   0.00000   0.31068   0.06285   0.00833   0.34705   0.00429   0.09101   0.08102   0.06054   0.13194   0.09729   0.05218   0.13951   0.00000   0.09094   0.02927   0.06567   0.05154   0.16763   0.19992   0.00391   0.21052   0.00000   0.01190   0.08988   0.12566   0.09282   0.11694   0.05239   0.09412   0.05316   0.00232   0.01193   0.05562   0.01400   0.04425   0.00567   0.03563   0.02846   0.05120   0.04935   0.06186   0.02112   0.02465   0.02132   0.05663   0.05333   3.74172   0.81512   0.46852   2.01056  
 59  0.2207  15879.675335  x:  0.02600   0.06869   0.08509   0.00950   0.05303   0.13139   0.00000   0.31616   0.06389   0.00710   0.34035   0.00351   0.08974   0.08018   0.06073   0.13087   0.09844   0.05072   0.14021   0.00000   0.08993   0.03038   0.06345   0.05531   0.16901   0.19849   0.00342   0.20783   0.00000   0.01047   0.08990   0.12559   0.09505   0.11586   0.05261   0.09520   0.05141   0.00272   0.01229   0.05484   0.01344   0.04587   0.00426   0.03477   0.02691   0.05133   0.04883   0.06085   0.02169   0.02659   0.02170   0.05774   0.05232   3.82458   0.80862   0.48680   2.17541  
 60 107.6717  15879.670184  x:  0.02599   0.06859   0.08518   0.00953   0.05294   0.13144   0.00000   0.31617   0.06389   0.00709   0.34031   0.00351   0.08981   0.08017   0.06077   0.13086   0.09886   0.05064   0.14016   0.00000   0.08974   0.03043   0.06342   0.05526   0.16895   0.19849   0.00342   0.20782   0.00000   0.01047   0.08998   0.12549   0.09396   0.11562   0.05280   0.09531   0.05141   0.00272   0.01229   0.05482   0.01344   0.04587   0.00426   0.03476   0.02689   0.05133   0.04879   0.06085   0.02169   0.02660   0.02169   0.05774   0.05231   3.82496   0.80851   0.48691   2.17616  
 61  9.4336  15878.856660  x:  0.02601   0.06737   0.08546   0.00699   0.05257   0.13357   0.00000   0.31881   0.06494   0.00768   0.33756   0.00287   0.08787   0.07997   0.06086   0.12913   0.09591   0.04906   0.13929   0.00000   0.08824   0.03137   0.06642   0.05487   0.16548   0.19542   0.00303   0.20503   0.00000   0.01027   0.08746   0.12272   0.09250   0.11454   0.05218   0.09264   0.05207   0.00324   0.01192   0.05534   0.01280   0.04448   0.00550   0.03340   0.02581   0.05079   0.04939   0.05994   0.02235   0.02601   0.02225   0.05801   0.05096   3.89379   0.81263   0.50681   2.33945  
 62  0.1595  15878.395087  x:  0.02546   0.06843   0.08531   0.00704   0.05176   0.13195   0.00000   0.31445   0.06362   0.00872   0.33559   0.00334   0.08803   0.07948   0.05984   0.12975   0.09564   0.04979   0.13993   0.00000   0.08848   0.03061   0.06516   0.05482   0.16394   0.19418   0.00284   0.20555   0.00000   0.01076   0.08386   0.12238   0.09235   0.11378   0.05183   0.09227   0.05261   0.00370   0.01194   0.05532   0.01456   0.04405   0.00496   0.03390   0.02469   0.05023   0.04904   0.06006   0.02267   0.02532   0.02253   0.05698   0.05082   3.88840   0.80162   0.54723   2.63264  
 63  0.2208  15878.179968  x:  0.02548   0.06851   0.08483   0.00771   0.05196   0.13280   0.00000   0.31427   0.06229   0.00834   0.33322   0.00402   0.08844   0.07900   0.06017   0.12882   0.09601   0.05055   0.13906   0.00000   0.08760   0.02932   0.06386   0.05468   0.16330   0.19366   0.00277   0.20557   0.00000   0.01080   0.08340   0.12264   0.09207   0.11347   0.05194   0.09270   0.05251   0.00398   0.01193   0.05540   0.01411   0.04423   0.00532   0.03463   0.02544   0.05028   0.04879   0.05992   0.02258   0.02552   0.02257   0.05654   0.05124   3.88364   0.80696   0.56448   2.75903  
 64  0.1138  15878.033722  x:  0.02582   0.06793   0.08460   0.00723   0.05175   0.13171   0.00000   0.31353   0.06239   0.00836   0.33020   0.00388   0.08838   0.07961   0.06015   0.12925   0.09628   0.04958   0.13844   0.00000   0.08736   0.03033   0.06452   0.05457   0.16584   0.19404   0.00258   0.20437   0.00000   0.01070   0.08408   0.12330   0.09225   0.11396   0.05161   0.09247   0.05197   0.00439   0.01172   0.05487   0.01346   0.04432   0.00494   0.03485   0.02584   0.05070   0.04858   0.05939   0.02227   0.02579   0.02210   0.05697   0.05141   3.86138   0.80188   0.58924   2.96758  
 65  0.1398  15877.983575  x:  0.02565   0.06818   0.08481   0.00749   0.05195   0.13188   0.00000   0.31353   0.06300   0.00844   0.33029   0.00368   0.08800   0.07933   0.06000   0.12943   0.09586   0.04964   0.13902   0.00000   0.08766   0.02985   0.06453   0.05462   0.16558   0.19383   0.00264   0.20413   0.00000   0.01069   0.08432   0.12262   0.09191   0.11378   0.05169   0.09249   0.05202   0.00459   0.01206   0.05502   0.01395   0.04425   0.00514   0.03414   0.02565   0.05059   0.04879   0.05960   0.02193   0.02546   0.02172   0.05703   0.05116   3.84910   0.80071   0.59863   3.06838  
 66  0.0584  15877.957918  x:  0.02578   0.06822   0.08487   0.00718   0.05178   0.13183   0.00000   0.31390   0.06291   0.00814   0.33217   0.00378   0.08808   0.07933   0.06013   0.12941   0.09585   0.04975   0.13898   0.00000   0.08772   0.02994   0.06447   0.05454   0.16495   0.19362   0.00284   0.20458   0.00000   0.01050   0.08408   0.12285   0.09195   0.11366   0.05179   0.09251   0.05231   0.00474   0.01193   0.05507   0.01382   0.04422   0.00485   0.03443   0.02572   0.05045   0.04889   0.05966   0.02176   0.02551   0.02173   0.05681   0.05112   3.85413   0.79939   0.60346   3.13065  
 67  0.0328  15877.946866  x:  0.02564   0.06811   0.08482   0.00736   0.05181   0.13184   0.00000   0.31404   0.06295   0.00822   0.33300   0.00373   0.08826   0.07941   0.06009   0.12946   0.09600   0.04976   0.13905   0.00000   0.08790   0.03009   0.06439   0.05462   0.16501   0.19390   0.00293   0.20499   0.00000   0.01050   0.08436   0.12302   0.09209   0.11377   0.05186   0.09259   0.05227   0.00480   0.01184   0.05510   0.01366   0.04428   0.00518   0.03452   0.02571   0.05051   0.04879   0.05979   0.02174   0.02565   0.02177   0.05685   0.05122   3.85782   0.79727   0.60782   3.17007  
 68  0.0441  15877.940614  x:  0.02568   0.06812   0.08480   0.00737   0.05190   0.13202   0.00000   0.31461   0.06299   0.00839   0.33380   0.00363   0.08835   0.07945   0.06019   0.12941   0.09605   0.04971   0.13895   0.00000   0.08808   0.03007   0.06455   0.05466   0.16539   0.19420   0.00296   0.20514   0.00000   0.01053   0.08484   0.12321   0.09211   0.11384   0.05190   0.09271   0.05214   0.00482   0.01187   0.05506   0.01386   0.04436   0.00505   0.03457   0.02578   0.05061   0.04879   0.05977   0.02178   0.02561   0.02184   0.05697   0.05132   3.86473   0.79705   0.60970   3.18119  
 69  0.0104  15877.937739  x:  0.02577   0.06823   0.08486   0.00732   0.05191   0.13205   0.00000   0.31496   0.06294   0.00827   0.33460   0.00367   0.08833   0.07948   0.06011   0.12953   0.09605   0.04970   0.13911   0.00000   0.08817   0.03001   0.06457   0.05464   0.16558   0.19441   0.00291   0.20532   0.00000   0.01062   0.08481   0.12319   0.09208   0.11390   0.05188   0.09273   0.05218   0.00483   0.01194   0.05508   0.01381   0.04437   0.00507   0.03447   0.02569   0.05062   0.04884   0.05986   0.02185   0.02560   0.02193   0.05700   0.05132   3.86557   0.79673   0.61295   3.19668  
 70  0.0085  15877.936636  x:  0.02570   0.06820   0.08487   0.00735   0.05189   0.13209   0.00000   0.31489   0.06303   0.00832   0.33498   0.00367   0.08834   0.07947   0.06015   0.12952   0.09607   0.04975   0.13907   0.00000   0.08814   0.03007   0.06451   0.05464   0.16545   0.19429   0.00285   0.20533   0.00000   0.01059   0.08485   0.12323   0.09213   0.11386   0.05191   0.09275   0.05219   0.00483   0.01188   0.05510   0.01381   0.04437   0.00506   0.03449   0.02576   0.05059   0.04884   0.05988   0.02188   0.02562   0.02192   0.05697   0.05131   3.86353   0.79681   0.61456   3.20475  
 71  0.0055  15877.936431  x:  0.02571   0.06821   0.08486   0.00736   0.05192   0.13204   0.00000   0.31495   0.06308   0.00832   0.33493   0.00369   0.08836   0.07947   0.06017   0.12949   0.09606   0.04973   0.13905   0.00000   0.08819   0.03005   0.06455   0.05466   0.16543   0.19431   0.00283   0.20541   0.00000   0.01055   0.08492   0.12323   0.09211   0.11387   0.05193   0.09275   0.05219   0.00482   0.01191   0.05510   0.01380   0.04437   0.00506   0.03452   0.02574   0.05060   0.04883   0.05985   0.02188   0.02562   0.02191   0.05698   0.05132   3.86310   0.79670   0.61480   3.20788  
 72  0.0019  15877.936224  x:  0.02572   0.06821   0.08487   0.00735   0.05193   0.13212   0.00000   0.31501   0.06306   0.00830   0.33498   0.00370   0.08837   0.07947   0.06016   0.12950   0.09606   0.04973   0.13910   0.00000   0.08819   0.03008   0.06454   0.05466   0.16543   0.19436   0.00282   0.20542   0.00000   0.01056   0.08493   0.12319   0.09212   0.11391   0.05191   0.09276   0.05219   0.00480   0.01189   0.05510   0.01383   0.04438   0.00506   0.03451   0.02574   0.05061   0.04885   0.05987   0.02188   0.02560   0.02189   0.05698   0.05133   3.86356   0.79651   0.61470   3.21073  
 73  0.0008  15877.936027  x:  0.02571   0.06821   0.08487   0.00735   0.05189   0.13204   0.00000   0.31498   0.06304   0.00833   0.33502   0.00370   0.08835   0.07948   0.06014   0.12954   0.09607   0.04975   0.13910   0.00000   0.08818   0.03006   0.06453   0.05465   0.16548   0.19438   0.00282   0.20539   0.00000   0.01056   0.08487   0.12325   0.09212   0.11387   0.05192   0.09276   0.05220   0.00477   0.01190   0.05510   0.01381   0.04437   0.00507   0.03450   0.02573   0.05060   0.04882   0.05988   0.02188   0.02562   0.02188   0.05698   0.05132   3.86434   0.79647   0.61497   3.21459  
 74  0.0017  15877.935858  x:  0.02572   0.06819   0.08486   0.00736   0.05190   0.13208   0.00000   0.31486   0.06302   0.00832   0.33493   0.00369   0.08835   0.07946   0.06014   0.12952   0.09606   0.04974   0.13903   0.00000   0.08817   0.03008   0.06453   0.05465   0.16545   0.19429   0.00283   0.20536   0.00000   0.01057   0.08490   0.12324   0.09210   0.11386   0.05192   0.09273   0.05219   0.00475   0.01191   0.05509   0.01380   0.04437   0.00506   0.03450   0.02575   0.05059   0.04883   0.05986   0.02189   0.02561   0.02189   0.05697   0.05131   3.86432   0.79636   0.61630   3.22420  
 75  0.0040  15877.935800  x:  0.02572   0.06820   0.08486   0.00735   0.05191   0.13204   0.00000   0.31490   0.06304   0.00831   0.33491   0.00369   0.08835   0.07946   0.06015   0.12951   0.09606   0.04974   0.13906   0.00000   0.08817   0.03007   0.06454   0.05465   0.16545   0.19429   0.00283   0.20537   0.00000   0.01057   0.08489   0.12323   0.09211   0.11387   0.05191   0.09275   0.05219   0.00474   0.01190   0.05509   0.01381   0.04437   0.00506   0.03449   0.02574   0.05060   0.04883   0.05986   0.02189   0.02562   0.02190   0.05698   0.05131   3.86404   0.79638   0.61688   3.22759  
 76  0.0026  15877.935795  x:  0.02572   0.06820   0.08486   0.00735   0.05190   0.13206   0.00000   0.31492   0.06305   0.00832   0.33492   0.00369   0.08835   0.07947   0.06015   0.12951   0.09606   0.04974   0.13907   0.00000   0.08817   0.03007   0.06453   0.05465   0.16545   0.19430   0.00284   0.20537   0.00000   0.01056   0.08489   0.12322   0.09211   0.11387   0.05191   0.09275   0.05219   0.00474   0.01190   0.05509   0.01381   0.04437   0.00506   0.03450   0.02574   0.05060   0.04883   0.05986   0.02188   0.02561   0.02190   0.05698   0.05131   3.86398   0.79637   0.61692   3.22762  
 77  0.0001  15877.935794  x:  0.02571   0.06820   0.08486   0.00735   0.05190   0.13206   0.00000   0.31493   0.06304   0.00831   0.33492   0.00369   0.08835   0.07947   0.06015   0.12951   0.09606   0.04974   0.13907   0.00000   0.08817   0.03007   0.06453   0.05465   0.16545   0.19431   0.00284   0.20537   0.00000   0.01056   0.08489   0.12322   0.09211   0.11387   0.05191   0.09275   0.05219   0.00474   0.01190   0.05509   0.01381   0.04437   0.00506   0.03450   0.02574   0.05060   0.04883   0.05986   0.02188   0.02561   0.02190   0.05698   0.05131   3.86398   0.79637   0.61690   3.22737  
 78  0.0002  15877.935794  x:  0.02572   0.06820   0.08486   0.00735   0.05190   0.13206   0.00000   0.31493   0.06304   0.00832   0.33492   0.00369   0.08835   0.07947   0.06015   0.12951   0.09606   0.04974   0.13907   0.00000   0.08817   0.03007   0.06453   0.05465   0.16545   0.19431   0.00284   0.20537   0.00000   0.01056   0.08489   0.12322   0.09211   0.11387   0.05191   0.09275   0.05219   0.00474   0.01190   0.05509   0.01381   0.04437   0.00506   0.03450   0.02574   0.05060   0.04883   0.05986   0.02188   0.02561   0.02190   0.05698   0.05131   3.86400   0.79638   0.61690   3.22727  
 79  0.0001  15877.935794  x:  0.02572   0.06820   0.08486   0.00735   0.05190   0.13206   0.00000   0.31492   0.06305   0.00831   0.33492   0.00369   0.08835   0.07947   0.06015   0.12951   0.09606   0.04974   0.13907   0.00000   0.08817   0.03007   0.06453   0.05465   0.16545   0.19431   0.00284   0.20537   0.00000   0.01056   0.08489   0.12322   0.09211   0.11387   0.05191   0.09275   0.05219   0.00474   0.01190   0.05509   0.01381   0.04437   0.00506   0.03450   0.02574   0.05060   0.04883   0.05986   0.02188   0.02561   0.02190   0.05698   0.05131   3.86401   0.79637   0.61690   3.22736  
 80  0.0001  15877.935794  x:  0.02572   0.06820   0.08486   0.00735   0.05190   0.13206   0.00000   0.31492   0.06305   0.00831   0.33492   0.00369   0.08835   0.07947   0.06015   0.12951   0.09606   0.04974   0.13907   0.00000   0.08817   0.03007   0.06453   0.05465   0.16545   0.19431   0.00284   0.20537   0.00000   0.01056   0.08489   0.12322   0.09211   0.11387   0.05191   0.09275   0.05219   0.00474   0.01190   0.05509   0.01381   0.04437   0.00506   0.03450   0.02574   0.05060   0.04883   0.05986   0.02188   0.02561   0.02190   0.05698   0.05131   3.86401   0.79637   0.61690   3.22738  
 81  0.0000  15877.935794  x:  0.02572   0.06820   0.08486   0.00735   0.05190   0.13206   0.00000   0.31492   0.06305   0.00831   0.33492   0.00369   0.08835   0.07947   0.06015   0.12951   0.09606   0.04974   0.13907   0.00000   0.08817   0.03007   0.06453   0.05465   0.16545   0.19431   0.00284   0.20537   0.00000   0.01056   0.08489   0.12322   0.09211   0.11387   0.05191   0.09275   0.05219   0.00474   0.01190   0.05509   0.01381   0.04437   0.00506   0.03450   0.02574   0.05060   0.04883   0.05986   0.02188   0.02561   0.02190   0.05698   0.05131   3.86401   0.79637   0.61690   3.22738  
 82  0.0000  15877.935794  x:  0.02572   0.06820   0.08486   0.00735   0.05190   0.13206   0.00000   0.31492   0.06305   0.00831   0.33492   0.00369   0.08835   0.07947   0.06015   0.12951   0.09606   0.04974   0.13907   0.00000   0.08817   0.03007   0.06453   0.05465   0.16545   0.19431   0.00284   0.20537   0.00000   0.01056   0.08489   0.12322   0.09211   0.11387   0.05191   0.09275   0.05219   0.00474   0.01190   0.05509   0.01381   0.04437   0.00506   0.03450   0.02574   0.05060   0.04883   0.05986   0.02188   0.02561   0.02190   0.05698   0.05131   3.86401   0.79637   0.61690   3.22738  