

TREE # 1

  0  0.0000  32324.673611  x:  0.02874   0.09615   0.04171   0.09032   0.09842   0.08547   0.10520   0.08444   0.10043   0.09437   0.04659   0.02381   0.08099   0.06460   0.03792   0.10301   0.05575   0.03957   0.04410   0.08471   0.07886   0.03037   0.03460   0.02168   0.02335   0.05904   0.10549   0.09592   0.03986   0.05249   0.06671   0.08576   0.03600   0.03557   0.02408   0.04697   0.09354   0.04670   0.06088   0.06876   2.00000   0.90000   0.25526   1.64457  
  1 99.0000  28524.560917  x:  0.07536   0.14277   0.09328   0.10023   0.10859   0.10481   0.10013   0.07682   0.10314   0.14503   0.14427   0.01864   0.08129   0.08513   0.14894   0.12560   0.04276   0.03893   0.11044   0.14124   0.09375   0.17980   0.24012   0.27340   0.12826   0.15471   0.11056   0.11279   0.08263   0.07717   0.09340   0.11416   0.11768   0.19761   0.10596   0.14006   0.11514   0.23614   0.14328   0.16269   1.99999   0.99999   0.19564   1.65387  
  2 20532.4143  27582.894063  x:  0.13788   0.20529   0.16241   0.11354   0.12222   0.13068   0.09326   0.06660   0.10679   0.21298   0.27510   0.01170   0.08167   0.11266   0.29762   0.15595   0.02531   0.03805   0.19931   0.21706   0.11368   0.37980   0.51521   0.61023   0.26866   0.28294   0.11737   0.13545   0.13998   0.11025   0.12918   0.15222   0.22702   0.41449   0.21553   0.26476   0.14411   0.48977   0.25374   0.28860   1.99997   0.98355   0.11606   1.66628  
  3 490493.4141  27295.743604  x:  0.16183   0.22925   0.18008   0.11389   0.11246   0.11356   0.06095   0.05678   0.10983   0.24519   0.29335   0.00842   0.06714   0.11691   0.31057   0.18648   0.00000   0.02211   0.20604   0.24887   0.10028   0.39054   0.53309   0.62262   0.26281   0.32003   0.11565   0.15037   0.15389   0.11099   0.13407   0.15457   0.22638   0.42467   0.20542   0.28032   0.14942   0.52113   0.28224   0.32578   1.99703   0.98317   0.34140   1.65841  
  4 3592.1481  27173.084717  x:  0.20898   0.27639   0.21264   0.12454   0.09897   0.08618   0.00000   0.07933   0.13070   0.31354   0.31638   0.04811   0.05204   0.13771   0.31743   0.25763   0.13678   0.04554   0.21795   0.31874   0.07558   0.37575   0.51779   0.57365   0.22586   0.38915   0.12258   0.19029   0.18225   0.10958   0.14273   0.15841   0.20296   0.40408   0.15717   0.29885   0.17012   0.54506   0.33502   0.39472   1.99248   0.98343   0.38318   1.67365  
  5 1572.6934  27064.702050  x:  0.24923   0.31665   0.23943   0.13558   0.09433   0.09641   0.00000   0.06750   0.13852   0.36941   0.33776   0.01087   0.03572   0.15104   0.32696   0.30347   0.09125   0.00000   0.22134   0.37133   0.05125   0.35533   0.49482   0.50192   0.19529   0.45997   0.12562   0.21782   0.20152   0.09822   0.14474   0.16377   0.17564   0.37987   0.10044   0.31601   0.19332   0.57039   0.38851   0.46309   1.98643   0.98382   0.35399   1.70132  
  6 1039.0611  27036.102380  x:  0.26473   0.33214   0.24660   0.13073   0.08286   0.11353   0.00000   0.08713   0.13192   0.39303   0.34446   0.04235   0.06439   0.16094   0.33282   0.31861   0.02972   0.05704   0.23546   0.39903   0.07033   0.35016   0.48716   0.44246   0.19270   0.50330   0.11201   0.21576   0.19781   0.07162   0.13104   0.16500   0.15928   0.37376   0.07519   0.32082   0.20033   0.59493   0.41979   0.50537   1.97923   0.98401   0.34447   1.72701  
  7 615.3672  27028.381228  x:  0.26465   0.33207   0.24746   0.12658   0.07542   0.10331   0.00000   0.08574   0.11669   0.39378   0.34111   0.02887   0.04334   0.14777   0.32749   0.30931   0.03187   0.07126   0.22750   0.40036   0.08676   0.34936   0.48474   0.40750   0.20161   0.52316   0.10329   0.20510   0.18884   0.04764   0.11456   0.16615   0.15730   0.38546   0.09342   0.31831   0.19898   0.61601   0.43363   0.52823   1.96989   0.98404   0.34430   1.75022  
  8 219.9527  27027.028272  x:  0.26318   0.33060   0.24889   0.12806   0.07703   0.10235   0.01440   0.08864   0.11534   0.39179   0.34000   0.02968   0.04666   0.14732   0.32711   0.30523   0.03361   0.06805   0.22285   0.39711   0.08749   0.34843   0.48326   0.40131   0.20401   0.52729   0.10555   0.20347   0.18799   0.04466   0.11096   0.16587   0.15584   0.38869   0.09652   0.31619   0.19632   0.62297   0.43644   0.53485   1.96561   0.98404   0.34548   1.76108  
  9 167.1995  27025.075178  x:  0.25885   0.32626   0.25304   0.13087   0.07953   0.09306   0.00829   0.09125   0.11532   0.38589   0.33734   0.03479   0.05843   0.14927   0.32711   0.29573   0.03589   0.05962   0.21453   0.38755   0.08589   0.34649   0.48031   0.39169   0.20625   0.53351   0.11226   0.20175   0.18767   0.04392   0.10571   0.16489   0.15204   0.39496   0.09993   0.31122   0.18963   0.63841   0.44081   0.54830   1.95478   0.98403   0.34768   1.78959  
 10 159.6147  27022.480238  x:  0.24930   0.31672   0.25638   0.12573   0.07543   0.10700   0.00544   0.08578   0.12288   0.37313   0.33342   0.03572   0.05087   0.14705   0.32331   0.28335   0.04154   0.06347   0.22187   0.37178   0.08110   0.34276   0.47481   0.39397   0.20462   0.53373   0.11505   0.20229   0.18967   0.05300   0.10449   0.16180   0.14191   0.39623   0.08903   0.30562   0.18500   0.66106   0.44135   0.56541   1.92891   0.98399   0.35436   1.86477  
 11 104.2191  27018.718120  x:  0.24181   0.30922   0.24880   0.12160   0.07427   0.09193   0.00869   0.08629   0.12566   0.36434   0.33062   0.03628   0.05086   0.14939   0.32268   0.29294   0.04052   0.06200   0.22726   0.36701   0.08015   0.33910   0.46944   0.40898   0.18972   0.52131   0.10192   0.20180   0.18842   0.04793   0.10374   0.16315   0.14197   0.39069   0.09102   0.31055   0.20266   0.67468   0.43214   0.56866   1.88613   0.98393   0.36252   2.01360  
 12 144.1632  27014.764939  x:  0.24613   0.31354   0.24333   0.13625   0.09052   0.10393   0.00151   0.08798   0.11642   0.36780   0.33063   0.03254   0.05087   0.14810   0.32256   0.30452   0.04484   0.06246   0.21933   0.37703   0.08786   0.34044   0.47066   0.41336   0.20471   0.50717   0.10714   0.20275   0.18706   0.04389   0.10623   0.16587   0.14659   0.38345   0.09634   0.31111   0.20077   0.66975   0.42176   0.55648   1.84494   0.98387   0.37698   2.19477  
 13 260.4372  27012.418125  x:  0.25492   0.32234   0.24530   0.12709   0.07306   0.10007   0.00307   0.08976   0.11526   0.37680   0.33614   0.03143   0.05243   0.14645   0.32516   0.29797   0.04503   0.05994   0.21394   0.38469   0.08831   0.34569   0.47864   0.41169   0.20964   0.50168   0.10861   0.19997   0.18566   0.05286   0.11108   0.16583   0.14997   0.38554   0.09751   0.30838   0.18381   0.65427   0.42101   0.54103   1.83360   0.98384   0.38320   2.30517  
 14 208.8749  27011.148075  x:  0.25698   0.32440   0.24602   0.12770   0.08025   0.09755   0.00377   0.08705   0.11692   0.38081   0.33878   0.03456   0.04930   0.14544   0.32628   0.28295   0.04517   0.06228   0.22052   0.38288   0.07763   0.35064   0.48747   0.40831   0.20217   0.51020   0.11198   0.19802   0.18809   0.05000   0.10686   0.16038   0.15142   0.39475   0.09754   0.31103   0.18310   0.63726   0.42644   0.52681   1.84741   0.98381   0.38823   2.37069  
 15 98.8664  27010.492110  x:  0.25413   0.32154   0.24645   0.12468   0.07696   0.10340   0.00208   0.08733   0.11341   0.37712   0.33518   0.03395   0.05307   0.14651   0.32611   0.28459   0.04903   0.05915   0.21737   0.37737   0.07446   0.35329   0.49199   0.40705   0.20519   0.51796   0.10691   0.19776   0.18587   0.04968   0.10709   0.15957   0.15365   0.39811   0.09498   0.31210   0.19042   0.62926   0.43216   0.52363   1.87086   0.98380   0.39229   2.40702  
 16 63.4094  27009.996014  x:  0.25078   0.31819   0.24765   0.12899   0.07675   0.09818   0.00296   0.08982   0.11567   0.37254   0.33325   0.03275   0.04964   0.14438   0.32442   0.29078   0.04688   0.06142   0.21614   0.37481   0.07855   0.35440   0.49342   0.40932   0.20611   0.52088   0.10928   0.19970   0.18556   0.05251   0.10895   0.16134   0.15516   0.39670   0.09208   0.30862   0.18800   0.62774   0.43388   0.52584   1.89854   0.98378   0.39426   2.43486  
 17 56.6102  27009.643366  x:  0.25104   0.31846   0.24584   0.12865   0.07573   0.09983   0.00287   0.08544   0.11822   0.37323   0.33503   0.03137   0.05180   0.14737   0.32516   0.29107   0.04764   0.06175   0.21778   0.37862   0.07814   0.35109   0.48881   0.41153   0.20574   0.51678   0.10975   0.19812   0.18651   0.04962   0.10624   0.16245   0.15458   0.39410   0.09733   0.30786   0.18354   0.63310   0.42903   0.53017   1.92198   0.98378   0.39631   2.45318  
 18 36.3772  27009.435111  x:  0.25343   0.32084   0.24609   0.12684   0.07780   0.10044   0.00232   0.08892   0.11568   0.37507   0.33600   0.03493   0.04936   0.14525   0.32501   0.28691   0.04701   0.05926   0.21690   0.38047   0.07893   0.34983   0.48652   0.41166   0.20564   0.51207   0.10902   0.19701   0.18599   0.05133   0.10742   0.16226   0.15227   0.39262   0.09829   0.31060   0.18549   0.63838   0.42535   0.53241   1.93313   0.98377   0.39756   2.46197  
 19 26.7673  27009.172481  x:  0.25543   0.32285   0.24663   0.12647   0.07923   0.09802   0.00339   0.08643   0.11128   0.37720   0.33539   0.03109   0.05289   0.14454   0.32652   0.28352   0.04822   0.06104   0.21741   0.37958   0.08160   0.35112   0.48737   0.41010   0.20502   0.50732   0.10982   0.19931   0.18596   0.05092   0.11048   0.16132   0.14987   0.39236   0.09347   0.31218   0.18754   0.64373   0.42364   0.53137   1.93824   0.98377   0.39956   2.46892  
 20 14.1980  27007.530982  x:  0.25878   0.32620   0.24628   0.12684   0.07723   0.10030   0.00333   0.09041   0.12460   0.38834   0.33592   0.03034   0.05014   0.14557   0.32737   0.28903   0.04583   0.05908   0.21538   0.37113   0.07959   0.35553   0.49276   0.39827   0.20570   0.49445   0.11020   0.20661   0.18438   0.03617   0.11894   0.16110   0.15045   0.40057   0.08643   0.30966   0.19010   0.66361   0.42529   0.51839   1.94463   0.98374   0.41051   2.50374  
 21 20.0762  27001.803536  x:  0.26598   0.33341   0.25892   0.13226   0.08236   0.10045   0.00893   0.07983   0.11467   0.39631   0.32636   0.03275   0.04683   0.15506   0.32250   0.31594   0.03178   0.06382   0.22464   0.37489   0.06014   0.35316   0.49366   0.38095   0.20118   0.49450   0.10617   0.19919   0.18272   0.05897   0.12951   0.16342   0.15131   0.41295   0.09979   0.30325   0.19100   0.69028   0.44128   0.50142   1.94601   0.98370   0.44619   2.62096  
 22 69.5285  26986.819098  x:  0.26768   0.33513   0.25926   0.13136   0.07758   0.10532   0.00838   0.09812   0.11288   0.39510   0.33982   0.01912   0.05234   0.15244   0.32366   0.32624   0.01154   0.04528   0.22861   0.41509   0.08526   0.35437   0.49633   0.40231   0.19606   0.54705   0.10638   0.19522   0.20604   0.05936   0.09062   0.14874   0.13209   0.39421   0.08944   0.31518   0.18554   0.69185   0.46497   0.50651   1.93311   0.98354   0.54274   2.91811  
 23 196.0220  26981.743901  x:  0.26914   0.33660   0.25696   0.13330   0.07601   0.10491   0.01077   0.08733   0.12312   0.39740   0.35240   0.02339   0.05419   0.14941   0.33233   0.30905   0.00357   0.04564   0.22875   0.41984   0.09162   0.34989   0.48893   0.40593   0.20143   0.56507   0.11364   0.20498   0.19501   0.05462   0.10873   0.16968   0.15268   0.38378   0.09149   0.32356   0.19622   0.67054   0.46883   0.53772   1.92589   0.98352   0.57602   3.01704  
 24 210.3720  26981.138605  x:  0.27130   0.33876   0.25604   0.13580   0.07981   0.10558   0.01018   0.09222   0.12243   0.39855   0.35583   0.01983   0.05419   0.15241   0.33760   0.31002   0.00479   0.04291   0.23575   0.41509   0.09263   0.35173   0.49053   0.40454   0.19938   0.56390   0.10775   0.19863   0.18885   0.05359   0.11071   0.17308   0.15465   0.38664   0.08773   0.32196   0.19158   0.66326   0.46546   0.54920   1.92483   0.98352   0.58043   3.02859  
 25 57.5877  26980.887843  x:  0.27305   0.34051   0.25631   0.13665   0.07815   0.10565   0.01042   0.09205   0.11848   0.39974   0.35576   0.02146   0.05247   0.15292   0.33926   0.31353   0.00355   0.04282   0.23645   0.41030   0.09056   0.35349   0.49275   0.40393   0.19943   0.55969   0.10799   0.20059   0.19235   0.05166   0.10826   0.17256   0.15318   0.39173   0.08715   0.32125   0.19099   0.65645   0.46040   0.55873   1.92433   0.98352   0.58130   3.03285  
 26 32.3372  26980.787910  x:  0.27317   0.34063   0.25797   0.13631   0.07880   0.10637   0.01036   0.09195   0.12188   0.40043   0.35626   0.01946   0.05456   0.15035   0.33737   0.31469   0.00354   0.04394   0.23506   0.41061   0.09045   0.35480   0.49536   0.40235   0.19850   0.55672   0.10869   0.19866   0.19325   0.05377   0.10613   0.17315   0.15239   0.39383   0.08783   0.32184   0.19356   0.65431   0.45914   0.56241   1.92421   0.98352   0.58166   3.03385  
 27 11.1067  26980.364181  x:  0.26995   0.33741   0.26099   0.13367   0.08199   0.10512   0.01119   0.08646   0.12230   0.39981   0.35445   0.02333   0.05344   0.15273   0.33091   0.31393   0.00377   0.04083   0.23372   0.41844   0.08844   0.35841   0.50451   0.40121   0.19984   0.54884   0.10721   0.19684   0.19110   0.05208   0.10084   0.17851   0.15314   0.39369   0.08125   0.32186   0.19281   0.65371   0.46223   0.56749   1.92400   0.98351   0.58089   3.03528  
 28  7.0396  26978.642450  x:  0.26262   0.33008   0.26707   0.13139   0.08073   0.10791   0.00973   0.10100   0.11638   0.39555   0.35012   0.01314   0.05344   0.15866   0.32987   0.30689   0.00351   0.04046   0.23905   0.43138   0.07618   0.36092   0.51577   0.39986   0.19731   0.53508   0.11117   0.20741   0.19274   0.04805   0.09861   0.18888   0.15421   0.39255   0.08446   0.32180   0.19299   0.65615   0.47508   0.57561   1.92342   0.98351   0.57975   3.03989  
 29 19.3058  26964.848290  x:  0.25566   0.32309   0.27936   0.14988   0.07266   0.11932   0.00886   0.08011   0.11630   0.39111   0.35677   0.02010   0.05656   0.12286   0.38540   0.30701   0.00832   0.00818   0.25704   0.43240   0.07025   0.37557   0.54237   0.40792   0.19671   0.51760   0.09917   0.21471   0.19744   0.03721   0.10476   0.18506   0.12040   0.38715   0.10227   0.32133   0.19554   0.68797   0.53421   0.59485   1.91953   0.98352   0.56288   3.07423  
 30 31.6455  26947.524581  x:  0.27200   0.33941   0.28167   0.14565   0.07931   0.11659   0.00951   0.07044   0.12383   0.39909   0.37144   0.00000   0.04112   0.16091   0.39643   0.30071   0.00645   0.00786   0.22736   0.40864   0.05392   0.38403   0.54890   0.43814   0.21456   0.53724   0.09804   0.20316   0.20088   0.03911   0.10218   0.16582   0.11557   0.39948   0.09025   0.33345   0.20665   0.73406   0.55391   0.61354   1.91456   0.98352   0.54263   3.11266  
 31 128.1963  26943.973844  x:  0.27608   0.34348   0.27920   0.14352   0.07574   0.12313   0.00869   0.06876   0.11760   0.39907   0.37362   0.00024   0.04297   0.16027   0.38662   0.30274   0.00788   0.00000   0.23115   0.40506   0.05952   0.38814   0.55106   0.43925   0.20312   0.54808   0.10708   0.20282   0.20256   0.03897   0.10061   0.16876   0.12984   0.40677   0.08660   0.33475   0.20682   0.74681   0.54638   0.61413   1.91369   0.98352   0.53953   3.11915  
 32 129.2462  26943.759000  x:  0.27604   0.34345   0.27894   0.14361   0.07571   0.12309   0.00866   0.06887   0.11714   0.39892   0.37402   0.00000   0.04359   0.15841   0.38606   0.30300   0.00789   0.00015   0.23090   0.40553   0.05771   0.38817   0.55124   0.43952   0.20315   0.54949   0.10648   0.20328   0.20217   0.03864   0.10069   0.16931   0.13030   0.40737   0.08577   0.33484   0.20611   0.74776   0.54457   0.61401   1.91363   0.98352   0.53928   3.11943  
 33 61.8069  26943.408641  x:  0.27418   0.34158   0.27964   0.14803   0.07299   0.12377   0.00890   0.06829   0.11730   0.39587   0.37651   0.00028   0.04247   0.16051   0.38788   0.30180   0.00806   0.00000   0.22905   0.40918   0.05590   0.39085   0.55550   0.43628   0.20171   0.55525   0.10465   0.20521   0.20064   0.03980   0.10219   0.17243   0.12624   0.40852   0.08590   0.33469   0.20728   0.75017   0.53387   0.61224   1.91341   0.98351   0.53910   3.12003  
 34 30.4281  26943.408641  x:  0.27418   0.34158   0.27964   0.14803   0.07299   0.12377   0.00890   0.06829   0.11730   0.39587   0.37651   0.00028   0.04247   0.16051   0.38788   0.30180   0.00806   0.00000   0.22905   0.40918   0.05590   0.39085   0.55550   0.43628   0.20171   0.55525   0.10465   0.20521   0.20064   0.03980   0.10219   0.17243   0.12624   0.40852   0.08590   0.33469   0.20728   0.75017   0.53387   0.61224   1.91341   0.98351   0.53910   3.12003  
 35 11.8274  26936.222494  x:  0.27507   0.34248   0.28012   0.14755   0.07360   0.12342   0.00951   0.07117   0.11769   0.39715   0.37751   0.02050   0.04380   0.16072   0.38781   0.30254   0.01589   0.01096   0.23224   0.41060   0.05635   0.39280   0.55797   0.44034   0.20350   0.55750   0.10517   0.20588   0.20126   0.04035   0.10286   0.17303   0.12868   0.41139   0.08719   0.33609   0.20730   0.75281   0.53381   0.61367   1.91331   0.97480   0.53715   3.12035  
 36 821.7897  26929.311326  x:  0.27954   0.34694   0.28270   0.14559   0.07655   0.12110   0.00653   0.07293   0.11780   0.40293   0.38245   0.02060   0.04173   0.15948   0.38780   0.30439   0.01508   0.02616   0.24171   0.41535   0.05731   0.40189   0.56962   0.45879   0.21169   0.56840   0.10782   0.20939   0.20450   0.04295   0.10614   0.17587   0.13979   0.42487   0.09308   0.34294   0.20775   0.76547   0.53385   0.62068   1.91304   0.98635   0.52832   3.12208  
 37 326.7489  26917.829090  x:  0.28798   0.35538   0.28739   0.14169   0.08149   0.11663   0.00000   0.07433   0.11752   0.41377   0.39178   0.00959   0.03732   0.15691   0.38788   0.30754   0.00682   0.04346   0.25689   0.42347   0.05782   0.41899   0.59176   0.49358   0.22637   0.58927   0.11225   0.21552   0.21026   0.04739   0.11175   0.18061   0.15988   0.45012   0.10274   0.35569   0.20817   0.78990   0.53389   0.63415   1.91214   0.97401   0.51487   3.12477  
 38 1291.3535  26907.078543  x:  0.30123   0.36863   0.29263   0.13576   0.08354   0.11871   0.01392   0.08391   0.11819   0.43123   0.40726   0.01254   0.04983   0.16011   0.39157   0.31499   0.02169   0.00721   0.26065   0.43211   0.04941   0.44648   0.62855   0.54689   0.24175   0.62492   0.11531   0.22093   0.21636   0.04688   0.11407   0.18071   0.17927   0.48594   0.10126   0.37371   0.20486   0.83376   0.53417   0.65781   1.90993   0.97229   0.51458   3.12700  
 39 389.0595  26903.279901  x:  0.30581   0.37321   0.29383   0.13529   0.08065   0.11690   0.00175   0.07871   0.11683   0.43748   0.41212   0.02092   0.05059   0.16213   0.39404   0.31766   0.01396   0.00000   0.25969   0.43636   0.04116   0.45686   0.64375   0.56251   0.23950   0.63965   0.11451   0.22050   0.21658   0.04301   0.11162   0.17669   0.17882   0.49628   0.09174   0.37856   0.20241   0.85405   0.53507   0.66842   1.90892   0.97449   0.52911   3.12647  
 40 270.8826  26899.669613  x:  0.31026   0.37767   0.29466   0.13745   0.07693   0.12148   0.00000   0.07142   0.11426   0.44350   0.41675   0.01628   0.04811   0.16428   0.39754   0.31992   0.02202   0.00754   0.25817   0.44241   0.03034   0.46877   0.66180   0.57677   0.23311   0.65668   0.11337   0.21850   0.21574   0.03663   0.10710   0.16993   0.17271   0.50522   0.07636   0.38217   0.19983   0.87966   0.53700   0.68152   1.90767   0.97463   0.55295   3.12520  
 41 349.6587  26898.252620  x:  0.31132   0.37873   0.29679   0.14391   0.07805   0.13025   0.00000   0.07786   0.11528   0.44468   0.41805   0.01782   0.04623   0.16569   0.40062   0.32093   0.01092   0.01251   0.25620   0.44478   0.02651   0.47542   0.67235   0.57689   0.22799   0.66527   0.11480   0.21808   0.21547   0.03619   0.10730   0.16878   0.16637   0.50690   0.07490   0.38161   0.20392   0.89706   0.54099   0.69025   1.90734   0.97496   0.56424   3.12502  
 42 118.6406  26897.333568  x:  0.31087   0.37828   0.30164   0.15029   0.07543   0.12742   0.00000   0.07737   0.11658   0.44358   0.41696   0.01814   0.04094   0.16593   0.40511   0.32131   0.01407   0.01060   0.25553   0.44554   0.02638   0.48288   0.68437   0.56519   0.22209   0.67260   0.11443   0.21922   0.21595   0.03998   0.11202   0.17375   0.15909   0.50467   0.08659   0.37824   0.21395   0.92095   0.54984   0.70175   1.90770   0.97490   0.57016   3.12613  
 43 71.8509  26896.988222  x:  0.31000   0.37740   0.30281   0.15029   0.07400   0.12669   0.00000   0.07602   0.11717   0.44263   0.41616   0.01704   0.04899   0.16789   0.40782   0.32183   0.01375   0.01179   0.25780   0.44575   0.02530   0.48562   0.68943   0.55678   0.22562   0.67513   0.11230   0.22026   0.21674   0.03789   0.11173   0.17617   0.15437   0.50073   0.08806   0.37570   0.21399   0.93503   0.55484   0.70741   1.90848   0.97454   0.56767   3.12775  
 44 55.9994  26896.855630  x:  0.30958   0.37698   0.30284   0.14947   0.07453   0.12705   0.00360   0.07637   0.11749   0.44221   0.41596   0.01733   0.04685   0.16670   0.40776   0.32199   0.01388   0.01120   0.25873   0.44569   0.02421   0.48617   0.69083   0.55318   0.22848   0.67559   0.11188   0.22076   0.21713   0.03592   0.11061   0.17713   0.15259   0.49829   0.08686   0.37485   0.21203   0.94188   0.55688   0.70961   1.90905   0.97447   0.56507   3.12887  
 45 45.6957  26896.778197  x:  0.30934   0.37674   0.30276   0.14843   0.07498   0.12601   0.00131   0.07649   0.11751   0.44194   0.41580   0.01766   0.04477   0.16569   0.40726   0.32197   0.01374   0.01082   0.25923   0.44559   0.02319   0.48634   0.69152   0.55053   0.23009   0.67560   0.11187   0.22100   0.21726   0.03450   0.10959   0.17786   0.15163   0.49642   0.08564   0.37456   0.21016   0.94747   0.55825   0.71117   1.90962   0.97443   0.56298   3.12990  
 46 49.6918  26896.734033  x:  0.30946   0.37686   0.30236   0.14656   0.07580   0.12454   0.00203   0.07686   0.11633   0.44160   0.41550   0.01755   0.04541   0.16585   0.40513   0.32119   0.01357   0.01125   0.25792   0.44512   0.02263   0.48526   0.68997   0.55008   0.22748   0.67350   0.11386   0.21997   0.21623   0.03514   0.10879   0.17854   0.15288   0.49521   0.08527   0.37614   0.20890   0.95384   0.55828   0.71164   1.91071   0.97441   0.56184   3.13170  
 47 11.7162  26896.712770  x:  0.30945   0.37685   0.30169   0.14610   0.07610   0.12619   0.00162   0.07573   0.11706   0.44165   0.41546   0.01772   0.04541   0.16587   0.40399   0.32081   0.01356   0.01118   0.25756   0.44453   0.02456   0.48441   0.68817   0.55055   0.22792   0.67109   0.11345   0.21957   0.21605   0.03537   0.10834   0.17776   0.15319   0.49509   0.08581   0.37714   0.20946   0.95876   0.55735   0.71116   1.91181   0.97442   0.56237   3.13380  
 48  8.5276  26896.701166  x:  0.30944   0.37684   0.30152   0.14678   0.07605   0.12593   0.00142   0.07713   0.11742   0.44165   0.41547   0.01743   0.04549   0.16593   0.40414   0.32107   0.01383   0.01118   0.25799   0.44436   0.02476   0.48338   0.68651   0.55131   0.22832   0.66949   0.11308   0.22008   0.21652   0.03565   0.10880   0.17693   0.15284   0.49526   0.08575   0.37701   0.20962   0.96173   0.55655   0.71051   1.91258   0.97439   0.56315   3.13587  
 49  8.1528  26896.693648  x:  0.30944   0.37685   0.30163   0.14740   0.07584   0.12548   0.00164   0.07626   0.11680   0.44160   0.41542   0.01761   0.04537   0.16580   0.40497   0.32147   0.01362   0.01110   0.25832   0.44457   0.02464   0.48255   0.68532   0.55208   0.22848   0.66874   0.11303   0.22051   0.21680   0.03568   0.10970   0.17671   0.15264   0.49563   0.08577   0.37636   0.20947   0.96329   0.55607   0.70985   1.91309   0.97438   0.56347   3.13824  
 50  6.0324  26896.682775  x:  0.30944   0.37685   0.30178   0.14701   0.07530   0.12508   0.00173   0.07660   0.11684   0.44179   0.41567   0.01756   0.04508   0.16590   0.40630   0.32159   0.01350   0.01113   0.25813   0.44534   0.02602   0.48217   0.68474   0.55256   0.22791   0.66904   0.11276   0.21981   0.21599   0.03446   0.11028   0.17716   0.15242   0.49627   0.08565   0.37544   0.20923   0.96429   0.55577   0.70877   1.91364   0.97432   0.56372   3.14399  
 51  4.3694  26896.649927  x:  0.30973   0.37713   0.30292   0.14711   0.07743   0.12651   0.00111   0.07645   0.11721   0.44218   0.41612   0.01744   0.04523   0.16618   0.40770   0.32088   0.01401   0.01095   0.25756   0.44658   0.02582   0.48101   0.68365   0.55246   0.22779   0.67142   0.11440   0.21936   0.21534   0.03389   0.11084   0.17868   0.15163   0.49746   0.08520   0.37460   0.20949   0.96557   0.55559   0.70651   1.91483   0.97408   0.56517   3.16383  
 52 12.0184  26896.555670  x:  0.31058   0.37798   0.30490   0.14325   0.07473   0.12760   0.00104   0.07694   0.11667   0.44235   0.41634   0.01730   0.04501   0.16544   0.40660   0.31962   0.01372   0.01124   0.25777   0.44707   0.02455   0.47931   0.68241   0.55209   0.22852   0.67693   0.11369   0.22023   0.21652   0.03602   0.11007   0.18111   0.15010   0.49931   0.08487   0.37569   0.21080   0.96677   0.55565   0.70252   1.91715   0.97363   0.57221   3.22195  
 53 37.8976  26896.416497  x:  0.31071   0.37811   0.30442   0.14631   0.07650   0.12378   0.00192   0.07651   0.11598   0.44208   0.41580   0.01705   0.04551   0.16511   0.40271   0.32048   0.01335   0.01130   0.25933   0.44497   0.02783   0.48065   0.68382   0.55253   0.22850   0.68174   0.11300   0.22145   0.21818   0.03590   0.10692   0.18087   0.14994   0.49977   0.08470   0.37817   0.20975   0.96676   0.55582   0.70048   1.91888   0.97290   0.58321   3.30891  
 54 76.5134  26896.278722  x:  0.30999   0.37738   0.30131   0.14951   0.07422   0.12479   0.00153   0.07625   0.11842   0.44220   0.41560   0.01662   0.04484   0.16667   0.40175   0.32292   0.01336   0.01177   0.25901   0.44308   0.02361   0.48321   0.68662   0.55430   0.22912   0.67964   0.11218   0.21915   0.21517   0.03584   0.10912   0.17858   0.15467   0.49814   0.08646   0.37854   0.20722   0.96581   0.55659   0.70536   1.91779   0.97216   0.59176   3.39533  
 55 67.1793  26896.212436  x:  0.30983   0.37722   0.30020   0.14776   0.07443   0.12613   0.00092   0.07679   0.11609   0.44184   0.41521   0.01653   0.04488   0.16552   0.40392   0.32178   0.01352   0.01173   0.25802   0.44394   0.02424   0.48603   0.68943   0.55574   0.22869   0.67518   0.11378   0.22040   0.21644   0.03631   0.11051   0.17548   0.15539   0.49678   0.08525   0.37761   0.20816   0.96492   0.55641   0.71037   1.91551   0.97178   0.59481   3.43577  
 56 46.5132  26896.195514  x:  0.31000   0.37739   0.30044   0.14627   0.07609   0.12519   0.00117   0.07658   0.11687   0.44212   0.41566   0.01653   0.04488   0.16530   0.40466   0.32074   0.01339   0.01173   0.25852   0.44478   0.02313   0.48626   0.68996   0.55629   0.22854   0.67291   0.11312   0.22012   0.21673   0.03558   0.10968   0.17517   0.15494   0.49717   0.08596   0.37727   0.20922   0.96455   0.55599   0.71199   1.91389   0.97172   0.59616   3.44503  
 57 15.1194  26896.185649  x:  0.31051   0.37790   0.30200   0.14613   0.07615   0.12515   0.00118   0.07659   0.11692   0.44238   0.41600   0.01651   0.04475   0.16599   0.40429   0.32086   0.01336   0.01161   0.25920   0.44532   0.02364   0.48628   0.69035   0.55627   0.22914   0.67082   0.11359   0.21993   0.21635   0.03607   0.10919   0.17683   0.15419   0.49811   0.08574   0.37700   0.20838   0.96450   0.55565   0.71299   1.91162   0.97171   0.59736   3.44846  
 58  4.4112  26896.176614  x:  0.31062   0.37801   0.30252   0.14685   0.07565   0.12564   0.00103   0.07674   0.11635   0.44257   0.41611   0.01644   0.04494   0.16543   0.40392   0.32175   0.01341   0.01171   0.25880   0.44538   0.02341   0.48596   0.69037   0.55628   0.22886   0.66982   0.11347   0.22040   0.21670   0.03473   0.10860   0.17845   0.15396   0.49920   0.08571   0.37770   0.20888   0.96482   0.55548   0.71336   1.90921   0.97168   0.59719   3.44967  
 59  3.1217  26896.153949  x:  0.31052   0.37791   0.30253   0.14752   0.07604   0.12543   0.00106   0.07648   0.11719   0.44292   0.41629   0.01635   0.04502   0.16504   0.40396   0.32182   0.01340   0.01204   0.25792   0.44447   0.02376   0.48557   0.69011   0.55692   0.22818   0.67058   0.11159   0.22020   0.21684   0.03594   0.10969   0.17904   0.15311   0.50026   0.08377   0.37871   0.20933   0.96599   0.55567   0.71351   1.90435   0.97162   0.59541   3.44904  
 60  2.6931  26896.058658  x:  0.30928   0.37667   0.29956   0.14681   0.07540   0.12556   0.00084   0.07688   0.11589   0.44241   0.41550   0.01607   0.04419   0.16741   0.40475   0.31895   0.01336   0.01230   0.25918   0.44213   0.02406   0.48495   0.68888   0.55926   0.22936   0.67661   0.11352   0.22027   0.21677   0.03587   0.10965   0.17634   0.15326   0.50240   0.08581   0.37851   0.20841   0.97082   0.55590   0.71236   1.89009   0.97152   0.59417   3.44113  
 61  6.3904  26895.910660  x:  0.31063   0.37801   0.29941   0.14520   0.07564   0.12520   0.00075   0.07675   0.11883   0.44320   0.41703   0.01533   0.04618   0.16122   0.40477   0.32331   0.01326   0.01268   0.26011   0.44647   0.02466   0.48646   0.68952   0.56145   0.23056   0.68209   0.11644   0.22063   0.21688   0.03749   0.10947   0.17416   0.15793   0.50059   0.08685   0.37683   0.20787   0.97590   0.55608   0.71137   1.88295   0.97128   0.59523   3.42543  
 62  9.7944  26895.521342  x:  0.31643   0.38380   0.30331   0.14514   0.07857   0.12614   0.00026   0.07766   0.11408   0.44619   0.42087   0.01373   0.04373   0.16949   0.40430   0.32942   0.01323   0.01292   0.26248   0.45773   0.02294   0.49254   0.69578   0.56784   0.23293   0.68911   0.11211   0.22151   0.21893   0.03739   0.10950   0.17233   0.16639   0.49807   0.08566   0.38015   0.21215   0.98527   0.55711   0.71207   1.88553   0.97021   0.59037   3.38175  
 63 21.7435  26894.979488  x:  0.32056   0.38790   0.30899   0.14903   0.07410   0.12691   0.00010   0.07678   0.11904   0.45312   0.42644   0.01179   0.04388   0.16851   0.40693   0.32151   0.01297   0.01436   0.26617   0.45700   0.01943   0.50148   0.70889   0.57972   0.23196   0.69274   0.11583   0.22560   0.22145   0.03403   0.11087   0.17295   0.16502   0.50835   0.08571   0.38838   0.20860   0.99481   0.55908   0.71827   1.90364   0.96866   0.58060   3.32003  
 64 41.2924  26894.925848  x:  0.32037   0.38771   0.30889   0.14873   0.07469   0.12694   0.00000   0.07704   0.11826   0.45308   0.42616   0.01165   0.04403   0.16781   0.40710   0.32174   0.01298   0.01455   0.26608   0.45621   0.01919   0.50188   0.70972   0.58047   0.23256   0.69297   0.11553   0.22506   0.22103   0.03417   0.11110   0.17345   0.16471   0.50969   0.08585   0.38844   0.20845   0.99529   0.55919   0.71899   1.90501   0.96861   0.58058   3.31658  
 65 34.3269  26894.892712  x:  0.31880   0.38615   0.30706   0.14684   0.07516   0.12651   0.00008   0.07668   0.11990   0.45244   0.42531   0.01144   0.04354   0.16951   0.40688   0.32462   0.01294   0.01493   0.26554   0.45497   0.01927   0.50187   0.71055   0.58148   0.23264   0.69345   0.11706   0.22588   0.22208   0.03464   0.11058   0.17506   0.16442   0.51259   0.08459   0.38682   0.20965   0.99571   0.55879   0.72093   1.90718   0.96850   0.58023   3.31275  
 66 11.1376  26894.889695  x:  0.31841   0.38575   0.30638   0.14737   0.07490   0.12660   0.00006   0.07668   0.11987   0.45199   0.42517   0.01145   0.04362   0.16932   0.40652   0.32406   0.01295   0.01471   0.26613   0.45588   0.01938   0.50151   0.71023   0.58149   0.23249   0.69383   0.11688   0.22577   0.22193   0.03503   0.11006   0.17550   0.16475   0.51320   0.08413   0.38630   0.20996   0.99574   0.55842   0.72198   1.90753   0.96849   0.58003   3.31243  
 67  2.3938  26894.888885  x:  0.31839   0.38573   0.30640   0.14744   0.07489   0.12652   0.00008   0.07669   0.11988   0.45198   0.42527   0.01145   0.04362   0.16936   0.40657   0.32403   0.01294   0.01479   0.26564   0.45621   0.01958   0.50117   0.70978   0.58138   0.23265   0.69419   0.11679   0.22586   0.22206   0.03505   0.11002   0.17543   0.16468   0.51334   0.08435   0.38648   0.20966   0.99565   0.55817   0.72282   1.90766   0.96848   0.58005   3.31236  
 68  0.8534  26894.887842  x:  0.31851   0.38585   0.30665   0.14729   0.07492   0.12659   0.00007   0.07669   0.11982   0.45213   0.42538   0.01144   0.04361   0.16934   0.40671   0.32429   0.01295   0.01473   0.26612   0.45594   0.01984   0.50074   0.70911   0.58129   0.23253   0.69465   0.11691   0.22576   0.22197   0.03481   0.11021   0.17533   0.16462   0.51320   0.08431   0.38683   0.20977   0.99551   0.55799   0.72388   1.90779   0.96847   0.58010   3.31231  
 69  0.8371  26894.883257  x:  0.31895   0.38627   0.30717   0.14739   0.07497   0.12649   0.00006   0.07676   0.11978   0.45259   0.42518   0.01142   0.04368   0.16927   0.40656   0.32362   0.01292   0.01491   0.26564   0.45485   0.02013   0.50043   0.70843   0.58209   0.23290   0.69501   0.11671   0.22593   0.22208   0.03437   0.11012   0.17602   0.16535   0.51266   0.08404   0.38570   0.21020   0.99554   0.55879   0.72488   1.90801   0.96844   0.58049   3.31219  
 70  0.3764  26894.872092  x:  0.31903   0.38634   0.30730   0.14741   0.07501   0.12663   0.00000   0.07679   0.11962   0.45263   0.42504   0.01139   0.04371   0.16915   0.40657   0.32390   0.01293   0.01490   0.26562   0.45474   0.02012   0.50043   0.70834   0.58265   0.23283   0.69502   0.11664   0.22575   0.22195   0.03458   0.10963   0.17591   0.16493   0.51279   0.08430   0.38543   0.21016   0.99563   0.55949   0.72516   1.90826   0.96836   0.58020   3.31215  
 71  1.0696  26894.761088  x:  0.31660   0.38362   0.30489   0.14579   0.07750   0.12639   0.00005   0.07769   0.11817   0.45046   0.42458   0.01102   0.04448   0.16734   0.40736   0.32394   0.01264   0.01466   0.26617   0.45547   0.01989   0.50199   0.71123   0.58411   0.23567   0.69386   0.11649   0.22464   0.22129   0.03392   0.11427   0.17908   0.16398   0.51659   0.08447   0.38969   0.20949   0.99785   0.56422   0.72656   1.91195   0.96715   0.58294   3.31042  
 72  3.8534  26894.718173  x:  0.31739   0.38430   0.30500   0.14591   0.07789   0.12609   0.00034   0.07804   0.11675   0.45181   0.42509   0.01086   0.04461   0.16647   0.40855   0.32418   0.01252   0.01495   0.26552   0.45246   0.01882   0.50326   0.71452   0.58079   0.23638   0.69414   0.11601   0.22414   0.22019   0.03490   0.11375   0.17852   0.16531   0.51933   0.08432   0.38831   0.20981   0.99934   0.55745   0.72661   1.91331   0.96666   0.58209   3.30995  
 73  5.8723  26894.716759  x:  0.31731   0.38421   0.30528   0.14579   0.07800   0.12632   0.00029   0.07805   0.11680   0.45171   0.42459   0.01085   0.04467   0.16642   0.40800   0.32416   0.01253   0.01491   0.26563   0.45247   0.01871   0.50347   0.71473   0.58105   0.23605   0.69431   0.11579   0.22393   0.22065   0.03468   0.11417   0.17866   0.16504   0.51908   0.08458   0.38796   0.20947   0.99941   0.55667   0.72665   1.91333   0.96664   0.58197   3.30995  
 74  1.6971  26894.716453  x:  0.31724   0.38414   0.30541   0.14582   0.07794   0.12622   0.00029   0.07804   0.11685   0.45159   0.42440   0.01085   0.04468   0.16641   0.40786   0.32415   0.01252   0.01493   0.26554   0.45253   0.01865   0.50357   0.71478   0.58130   0.23620   0.69438   0.11589   0.22395   0.22040   0.03462   0.11422   0.17872   0.16480   0.51881   0.08459   0.38801   0.20964   0.99942   0.55633   0.72667   1.91333   0.96664   0.58189   3.30996  
 75  0.8054  26894.716192  x:  0.31718   0.38408   0.30533   0.14582   0.07798   0.12629   0.00026   0.07804   0.11686   0.45144   0.42449   0.01085   0.04465   0.16641   0.40814   0.32416   0.01252   0.01493   0.26557   0.45244   0.01864   0.50366   0.71477   0.58151   0.23612   0.69442   0.11580   0.22408   0.22037   0.03473   0.11404   0.17904   0.16475   0.51849   0.08467   0.38811   0.20953   0.99944   0.55613   0.72667   1.91333   0.96663   0.58192   3.31000  
 76  0.2218  26894.714141  x:  0.31719   0.38408   0.30499   0.14604   0.07776   0.12618   0.00026   0.07804   0.11670   0.45161   0.42506   0.01086   0.04463   0.16639   0.40832   0.32422   0.01252   0.01493   0.26550   0.45236   0.01863   0.50381   0.71465   0.58179   0.23639   0.69442   0.11613   0.22307   0.22106   0.03492   0.11382   0.17939   0.16437   0.51807   0.08474   0.38811   0.20974   0.99943   0.55610   0.72670   1.91338   0.96657   0.58185   3.31041  
 77  0.1718  26894.683843  x:  0.31792   0.38476   0.30326   0.14592   0.07806   0.12667   0.00011   0.07804   0.11571   0.45422   0.42696   0.01092   0.04484   0.16628   0.40661   0.32527   0.01261   0.01464   0.26559   0.45263   0.01873   0.50428   0.71358   0.58319   0.23584   0.69439   0.11589   0.22424   0.21966   0.03556   0.11326   0.17955   0.16143   0.51775   0.08618   0.38620   0.20979   0.99929   0.55859   0.72755   1.91388   0.96567   0.58113   3.31657  
 78  0.8506  26894.655061  x:  0.31832   0.38511   0.30607   0.14627   0.07792   0.12707   0.00000   0.07807   0.11650   0.45253   0.42366   0.01099   0.04471   0.16619   0.40828   0.32605   0.01270   0.01438   0.26556   0.45261   0.01891   0.50362   0.71334   0.58419   0.23558   0.69427   0.11568   0.22342   0.21996   0.03601   0.11085   0.17832   0.16199   0.51863   0.08637   0.38635   0.20961   0.99946   0.56117   0.72821   1.91429   0.96486   0.58057   3.32209  
 79  4.5582  26894.655061  x:  0.31832   0.38511   0.30607   0.14627   0.07792   0.12707   0.00000   0.07807   0.11650   0.45253   0.42366   0.01099   0.04471   0.16619   0.40828   0.32605   0.01270   0.01438   0.26556   0.45261   0.01891   0.50362   0.71334   0.58419   0.23558   0.69427   0.11568   0.22342   0.21996   0.03601   0.11085   0.17832   0.16199   0.51863   0.08637   0.38635   0.20961   0.99946   0.56117   0.72821   1.91429   0.96486   0.58057   3.32209  
 80  0.8261  26894.645007  x:  0.31830   0.38509   0.30608   0.14628   0.07787   0.12704   0.00000   0.07810   0.11660   0.45251   0.42371   0.01156   0.04474   0.16628   0.40827   0.32600   0.01286   0.01457   0.26559   0.45265   0.01892   0.50360   0.71334   0.58414   0.23555   0.69427   0.11572   0.22348   0.22002   0.03596   0.11089   0.17832   0.16204   0.51858   0.08630   0.38637   0.20963   0.99945   0.56113   0.72818   1.91426   0.96393   0.58063   3.32208  
 81 17.6665  26894.643175  x:  0.31828   0.38508   0.30617   0.14636   0.07782   0.12703   0.00000   0.07804   0.11688   0.45249   0.42390   0.01191   0.04468   0.16647   0.40829   0.32591   0.01275   0.01476   0.26567   0.45279   0.01902   0.50358   0.71339   0.58404   0.23554   0.69429   0.11589   0.22372   0.22025   0.03587   0.11105   0.17837   0.16224   0.51851   0.08621   0.38649   0.20975   0.99945   0.56106   0.72815   1.91422   0.96407   0.58056   3.32211  
 82  4.7107  26894.641403  x:  0.31826   0.38506   0.30631   0.14646   0.07772   0.12701   0.00000   0.07783   0.11724   0.45244   0.42420   0.01170   0.04449   0.16672   0.40833   0.32573   0.01267   0.01481   0.26575   0.45300   0.01914   0.50355   0.71348   0.58386   0.23552   0.69435   0.11610   0.22407   0.22057   0.03572   0.11131   0.17843   0.16256   0.51839   0.08606   0.38669   0.20993   0.99946   0.56094   0.72809   1.91413   0.96391   0.58051   3.32214  
 83  6.6630  26894.641053  x:  0.31826   0.38506   0.30637   0.14647   0.07769   0.12701   0.00000   0.07786   0.11730   0.45241   0.42430   0.01168   0.04451   0.16679   0.40836   0.32569   0.01285   0.01473   0.26576   0.45308   0.01917   0.50353   0.71351   0.58380   0.23554   0.69438   0.11611   0.22413   0.22063   0.03567   0.11139   0.17843   0.16267   0.51835   0.08601   0.38676   0.20998   0.99946   0.56089   0.72807   1.91409   0.96393   0.58052   3.32216  
 84  3.2334  26894.640791  x:  0.31826   0.38506   0.30644   0.14647   0.07766   0.12702   0.00000   0.07793   0.11728   0.45236   0.42442   0.01170   0.04459   0.16683   0.40840   0.32567   0.01281   0.01454   0.26576   0.45317   0.01916   0.50350   0.71356   0.58372   0.23557   0.69443   0.11606   0.22414   0.22065   0.03562   0.11148   0.17842   0.16280   0.51831   0.08596   0.38684   0.21001   0.99946   0.56082   0.72804   1.91403   0.96391   0.58055   3.32218  
 85  2.5290  26894.640600  x:  0.31827   0.38507   0.30650   0.14647   0.07766   0.12703   0.00016   0.07796   0.11720   0.45232   0.42451   0.01168   0.04461   0.16682   0.40843   0.32568   0.01280   0.01458   0.26580   0.45327   0.01916   0.50347   0.71361   0.58366   0.23560   0.69449   0.11599   0.22411   0.22063   0.03558   0.11153   0.17838   0.16290   0.51828   0.08594   0.38691   0.21001   0.99947   0.56075   0.72802   1.91397   0.96392   0.58060   3.32220  
 86  1.8139  26894.640450  x:  0.31829   0.38508   0.30660   0.14647   0.07766   0.12697   0.00009   0.07796   0.11709   0.45227   0.42463   0.01168   0.04460   0.16678   0.40848   0.32569   0.01279   0.01463   0.26585   0.45341   0.01913   0.50343   0.71368   0.58355   0.23561   0.69458   0.11590   0.22406   0.22059   0.03555   0.11160   0.17831   0.16302   0.51825   0.08591   0.38701   0.21000   0.99948   0.56065   0.72798   1.91388   0.96393   0.58067   3.32224  
 87  1.8578  26894.640408  x:  0.31830   0.38510   0.30665   0.14650   0.07770   0.12697   0.00010   0.07793   0.11709   0.45228   0.42466   0.01171   0.04455   0.16674   0.40849   0.32572   0.01280   0.01460   0.26584   0.45343   0.01912   0.50342   0.71373   0.58350   0.23560   0.69464   0.11593   0.22406   0.22058   0.03557   0.11158   0.17825   0.16303   0.51825   0.08594   0.38702   0.20996   0.99949   0.56059   0.72795   1.91381   0.96393   0.58069   3.32228  
 88  0.5532  26894.640380  x:  0.31832   0.38511   0.30668   0.14650   0.07770   0.12697   0.00010   0.07793   0.11712   0.45230   0.42467   0.01169   0.04461   0.16675   0.40850   0.32574   0.01280   0.01462   0.26583   0.45343   0.01912   0.50342   0.71378   0.58346   0.23558   0.69472   0.11597   0.22406   0.22057   0.03559   0.11155   0.17818   0.16303   0.51826   0.08598   0.38701   0.20992   0.99950   0.56053   0.72792   1.91372   0.96392   0.58070   3.32235  
 89  0.4484  26894.640366  x:  0.31833   0.38512   0.30667   0.14647   0.07765   0.12698   0.00010   0.07795   0.11712   0.45232   0.42466   0.01169   0.04457   0.16676   0.40849   0.32574   0.01280   0.01462   0.26583   0.45341   0.01912   0.50343   0.71382   0.58344   0.23558   0.69477   0.11595   0.22407   0.22058   0.03560   0.11154   0.17816   0.16303   0.51827   0.08600   0.38700   0.20993   0.99951   0.56051   0.72790   1.91364   0.96392   0.58069   3.32243  
 90  0.2820  26894.640350  x:  0.31833   0.38512   0.30665   0.14648   0.07767   0.12699   0.00010   0.07793   0.11710   0.45234   0.42461   0.01170   0.04458   0.16678   0.40847   0.32572   0.01280   0.01462   0.26583   0.45337   0.01909   0.50346   0.71387   0.58345   0.23560   0.69485   0.11594   0.22407   0.22059   0.03560   0.11156   0.17817   0.16304   0.51827   0.08598   0.38699   0.20996   0.99954   0.56049   0.72788   1.91351   0.96392   0.58069   3.32260  
 91  0.2851  26894.640338  x:  0.31832   0.38512   0.30662   0.14650   0.07768   0.12697   0.00010   0.07797   0.11712   0.45234   0.42460   0.01169   0.04458   0.16675   0.40847   0.32572   0.01280   0.01462   0.26583   0.45336   0.01908   0.50349   0.71389   0.58347   0.23559   0.69487   0.11595   0.22407   0.22058   0.03559   0.11157   0.17820   0.16304   0.51827   0.08595   0.38698   0.20996   0.99955   0.56051   0.72786   1.91343   0.96392   0.58071   3.32279  
 92  0.2694  26894.640320  x:  0.31831   0.38510   0.30660   0.14650   0.07764   0.12696   0.00011   0.07792   0.11714   0.45231   0.42462   0.01170   0.04460   0.16672   0.40848   0.32572   0.01280   0.01462   0.26583   0.45339   0.01908   0.50353   0.71390   0.58350   0.23558   0.69487   0.11595   0.22406   0.22056   0.03559   0.11158   0.17824   0.16302   0.51827   0.08595   0.38699   0.20994   0.99958   0.56055   0.72786   1.91331   0.96392   0.58077   3.32318  
 93  0.3946  26894.640276  x:  0.31829   0.38509   0.30661   0.14651   0.07765   0.12703   0.00008   0.07795   0.11711   0.45225   0.42468   0.01169   0.04457   0.16677   0.40850   0.32574   0.01279   0.01462   0.26583   0.45346   0.01906   0.50357   0.71388   0.58355   0.23561   0.69481   0.11597   0.22407   0.22057   0.03560   0.11154   0.17828   0.16296   0.51828   0.08600   0.38703   0.20993   0.99961   0.56062   0.72786   1.91314   0.96390   0.58090   3.32419  
 94  0.7444  26894.640197  x:  0.31833   0.38512   0.30667   0.14646   0.07772   0.12692   0.00010   0.07794   0.11710   0.45229   0.42471   0.01170   0.04457   0.16681   0.40851   0.32575   0.01280   0.01460   0.26585   0.45346   0.01911   0.50356   0.71384   0.58357   0.23558   0.69468   0.11590   0.22408   0.22063   0.03564   0.11148   0.17821   0.16291   0.51829   0.08597   0.38704   0.20996   0.99965   0.56067   0.72792   1.91307   0.96388   0.58108   3.32614  
 95  1.0007  26894.640069  x:  0.31837   0.38517   0.30674   0.14644   0.07770   0.12700   0.00008   0.07794   0.11712   0.45239   0.42466   0.01169   0.04460   0.16670   0.40848   0.32571   0.01279   0.01462   0.26584   0.45339   0.01908   0.50344   0.71378   0.58348   0.23560   0.69455   0.11593   0.22406   0.22060   0.03557   0.11152   0.17817   0.16305   0.51829   0.08596   0.38699   0.20999   0.99970   0.56063   0.72801   1.91317   0.96385   0.58141   3.32943  
 96  2.1468  26894.640023  x:  0.31835   0.38515   0.30669   0.14648   0.07766   0.12697   0.00009   0.07794   0.11707   0.45236   0.42461   0.01169   0.04458   0.16677   0.40846   0.32571   0.01279   0.01462   0.26581   0.45337   0.01916   0.50342   0.71380   0.58345   0.23557   0.69460   0.11597   0.22406   0.22056   0.03555   0.11155   0.17817   0.16306   0.51827   0.08595   0.38697   0.20992   0.99968   0.56057   0.72800   1.91329   0.96384   0.58156   3.33063  
 97  1.3841  26894.639994  x:  0.31831   0.38511   0.30662   0.14650   0.07766   0.12695   0.00009   0.07794   0.11712   0.45229   0.42460   0.01169   0.04457   0.16678   0.40847   0.32572   0.01280   0.01462   0.26581   0.45338   0.01909   0.50340   0.71379   0.58344   0.23558   0.69471   0.11593   0.22406   0.22056   0.03559   0.11157   0.17819   0.16301   0.51825   0.08597   0.38699   0.20993   0.99964   0.56051   0.72795   1.91343   0.96384   0.58164   3.33138  
 98  0.8180  26894.639988  x:  0.31830   0.38510   0.30661   0.14648   0.07766   0.12697   0.00009   0.07794   0.11711   0.45228   0.42461   0.01169   0.04458   0.16675   0.40847   0.32571   0.01280   0.01461   0.26582   0.45338   0.01912   0.50342   0.71380   0.58344   0.23558   0.69474   0.11593   0.22406   0.22058   0.03560   0.11156   0.17819   0.16300   0.51825   0.08597   0.38699   0.20994   0.99961   0.56050   0.72792   1.91347   0.96383   0.58164   3.33152  
 99  0.2778  26894.639987  x:  0.31831   0.38511   0.30663   0.14647   0.07766   0.12696   0.00009   0.07794   0.11710   0.45229   0.42462   0.01169   0.04458   0.16675   0.40847   0.32571   0.01280   0.01461   0.26582   0.45339   0.01910   0.50344   0.71380   0.58345   0.23558   0.69476   0.11595   0.22406   0.22058   0.03560   0.11155   0.17821   0.16300   0.51824   0.08597   0.38699   0.20994   0.99959   0.56051   0.72789   1.91349   0.96383   0.58165   3.33157  
100  0.0778  26894.639986  x:  0.31832   0.38511   0.30663   0.14648   0.07767   0.12697   0.00009   0.07794   0.11711   0.45230   0.42462   0.01169   0.04458   0.16676   0.40847   0.32571   0.01280   0.01461   0.26582   0.45339   0.01910   0.50345   0.71381   0.58346   0.23558   0.69476   0.11594   0.22406   0.22057   0.03560   0.11155   0.17821   0.16300   0.51825   0.08597   0.38698   0.20994   0.99958   0.56052   0.72789   1.91349   0.96383   0.58165   3.33158  
101  0.0423  26894.639986  x:  0.31832   0.38511   0.30664   0.14648   0.07766   0.12696   0.00009   0.07794   0.11711   0.45230   0.42462   0.01169   0.04458   0.16676   0.40847   0.32571   0.01280   0.01461   0.26582   0.45339   0.01910   0.50345   0.71381   0.58346   0.23558   0.69476   0.11594   0.22406   0.22058   0.03560   0.11155   0.17821   0.16301   0.51825   0.08597   0.38699   0.20994   0.99957   0.56052   0.72788   1.91349   0.96383   0.58165   3.33158  
102  0.0204  26894.639986  x:  0.31832   0.38511   0.30663   0.14648   0.07766   0.12697   0.00009   0.07794   0.11711   0.45230   0.42462   0.01169   0.04458   0.16676   0.40847   0.32571   0.01280   0.01461   0.26582   0.45339   0.01910   0.50345   0.71381   0.58346   0.23558   0.69476   0.11594   0.22406   0.22058   0.03560   0.11155   0.17820   0.16301   0.51825   0.08597   0.38699   0.20994   0.99956   0.56053   0.72788   1.91349   0.96383   0.58165   3.33158  
103  0.0100  26894.639986  x:  0.31832   0.38511   0.30663   0.14648   0.07766   0.12697   0.00009   0.07794   0.11711   0.45230   0.42462   0.01169   0.04458   0.16676   0.40847   0.32571   0.01280   0.01461   0.26582   0.45339   0.01910   0.50345   0.71382   0.58346   0.23558   0.69476   0.11594   0.22406   0.22058   0.03560   0.11155   0.17820   0.16301   0.51825   0.08597   0.38699   0.20994   0.99955   0.56053   0.72788   1.91349   0.96383   0.58165   3.33158  
104  0.0096  26894.639986  x:  0.31832   0.38511   0.30663   0.14648   0.07766   0.12696   0.00009   0.07794   0.11711   0.45230   0.42462   0.01169   0.04458   0.16676   0.40847   0.32571   0.01280   0.01461   0.26582   0.45339   0.01910   0.50345   0.71382   0.58346   0.23558   0.69476   0.11594   0.22406   0.22058   0.03560   0.11155   0.17820   0.16301   0.51825   0.08597   0.38699   0.20994   0.99955   0.56052   0.72788   1.91349   0.96383   0.58165   3.33158  
105  0.0051  26894.639986  x:  0.31831   0.38511   0.30663   0.14648   0.07766   0.12697   0.00009   0.07794   0.11711   0.45230   0.42462   0.01169   0.04458   0.16676   0.40847   0.32571   0.01280   0.01461   0.26582   0.45339   0.01910   0.50345   0.71382   0.58346   0.23558   0.69476   0.11594   0.22406   0.22057   0.03560   0.11155   0.17820   0.16301   0.51825   0.08597   0.38698   0.20994   0.99955   0.56052   0.72789   1.91349   0.96383   0.58165   3.33158  
106  0.0044  26894.639986  x:  0.31831   0.38511   0.30664   0.14648   0.07766   0.12696   0.00009   0.07794   0.11711   0.45230   0.42462   0.01169   0.04458   0.16676   0.40847   0.32571   0.01280   0.01461   0.26582   0.45338   0.01910   0.50345   0.71381   0.58346   0.23558   0.69476   0.11594   0.22406   0.22058   0.03560   0.11155   0.17821   0.16300   0.51825   0.08597   0.38699   0.20994   0.99954   0.56052   0.72788   1.91348   0.96383   0.58165   3.33158  
107  0.0034  26894.639986  x:  0.31831   0.38511   0.30663   0.14648   0.07767   0.12696   0.00009   0.07794   0.11711   0.45230   0.42461   0.01169   0.04458   0.16675   0.40847   0.32571   0.01279   0.01461   0.26582   0.45338   0.01911   0.50344   0.71380   0.58346   0.23558   0.69476   0.11594   0.22406   0.22057   0.03560   0.11155   0.17820   0.16301   0.51825   0.08597   0.38699   0.20994   0.99953   0.56052   0.72788   1.91348   0.96383   0.58165   3.33158  
108  0.0055  26894.639985  x:  0.31832   0.38511   0.30663   0.14648   0.07766   0.12697   0.00009   0.07794   0.11711   0.45229   0.42461   0.01169   0.04458   0.16675   0.40846   0.32571   0.01279   0.01461   0.26582   0.45338   0.01911   0.50343   0.71379   0.58346   0.23558   0.69476   0.11594   0.22406   0.22057   0.03560   0.11155   0.17820   0.16301   0.51825   0.08596   0.38699   0.20994   0.99953   0.56052   0.72787   1.91348   0.96383   0.58165   3.33159  
109  0.0151  26894.639985  x:  0.31831   0.38511   0.30662   0.14648   0.07766   0.12696   0.00009   0.07793   0.11711   0.45229   0.42462   0.01169   0.04458   0.16675   0.40846   0.32571   0.01279   0.01461   0.26583   0.45338   0.01911   0.50343   0.71378   0.58345   0.23558   0.69476   0.11594   0.22405   0.22058   0.03560   0.11154   0.17820   0.16302   0.51826   0.08597   0.38698   0.20994   0.99954   0.56053   0.72786   1.91348   0.96383   0.58165   3.33159  
110  0.0159  26894.639983  x:  0.31831   0.38511   0.30663   0.14648   0.07766   0.12697   0.00010   0.07793   0.11711   0.45230   0.42462   0.01169   0.04457   0.16675   0.40847   0.32571   0.01279   0.01461   0.26581   0.45338   0.01910   0.50344   0.71381   0.58345   0.23558   0.69475   0.11595   0.22406   0.22057   0.03560   0.11155   0.17820   0.16300   0.51824   0.08597   0.38698   0.20994   0.99955   0.56053   0.72787   1.91349   0.96382   0.58165   3.33160  
111  0.0178  26894.639983  x:  0.31831   0.38511   0.30663   0.14648   0.07767   0.12697   0.00010   0.07793   0.11711   0.45230   0.42461   0.01169   0.04457   0.16675   0.40846   0.32571   0.01279   0.01461   0.26582   0.45338   0.01910   0.50345   0.71382   0.58345   0.23558   0.69476   0.11595   0.22406   0.22057   0.03560   0.11155   0.17820   0.16300   0.51825   0.08597   0.38698   0.20994   0.99955   0.56053   0.72787   1.91349   0.96382   0.58165   3.33160  
112  0.0229  26894.639983  x:  0.31831   0.38511   0.30663   0.14648   0.07767   0.12697   0.00010   0.07793   0.11711   0.45230   0.42461   0.01169   0.04457   0.16675   0.40846   0.32571   0.01279   0.01461   0.26582   0.45338   0.01910   0.50345   0.71382   0.58345   0.23558   0.69476   0.11595   0.22406   0.22057   0.03560   0.11155   0.17820   0.16300   0.51825   0.08597   0.38698   0.20994   0.99955   0.56052   0.72788   1.91349   0.96382   0.58165   3.33160  
113  0.0111  26894.639983  x:  0.31831   0.38511   0.30663   0.14648   0.07767   0.12697   0.00010   0.07793   0.11711   0.45230   0.42461   0.01169   0.04457   0.16675   0.40846   0.32571   0.01279   0.01461   0.26582   0.45338   0.01910   0.50345   0.71382   0.58346   0.23558   0.69476   0.11595   0.22406   0.22057   0.03560   0.11155   0.17820   0.16300   0.51825   0.08597   0.38698   0.20994   0.99955   0.56052   0.72788   1.91349   0.96382   0.58165   3.33160  
114  0.0042  26894.639983  x:  0.31831   0.38511   0.30663   0.14648   0.07767   0.12697   0.00010   0.07793   0.11711   0.45230   0.42461   0.01169   0.04457   0.16675   0.40846   0.32571   0.01279   0.01461   0.26582   0.45338   0.01910   0.50345   0.71382   0.58346   0.23558   0.69476   0.11595   0.22406   0.22057   0.03560   0.11155   0.17820   0.16300   0.51825   0.08597   0.38698   0.20994   0.99955   0.56052   0.72788   1.91349   0.96382   0.58165   3.33160  