

TREE # 1

  0  0.0000   7202.408777  x:  0.02133   0.06565   0.05463   0.04741   0.04947   0.08858   0.02989   0.08162   0.10379   0.03276   0.05989   0.01494   0.07257   0.10916   0.05768   0.03459   0.03387   0.04545   0.05439   0.08934   0.05264   0.07261   0.01001   0.10639   0.07505   0.10594   0.05799   0.02994   0.06213   0.06903   0.01352   0.06758   0.07999   0.08396   0.04998   0.10519   0.03874   0.02628   0.02336   0.02659   0.04735   0.01815   0.09935   0.04863   0.02663   0.10817   0.01276   0.05769   0.09741   0.06115   0.06387   0.10875   0.03638   0.05649   0.03155   2.00000   0.90000   0.32614   1.56375  
  1 99.0000   6947.490882  x:  0.01948   0.06473   0.06497   0.06723   0.03954   0.08126   0.05317   0.06635   0.13184   0.05974   0.05637   0.13928   0.06541   0.10696   0.05264   0.06576   0.06229   0.04666   0.05045   0.08946   0.03643   0.06656   0.00163   0.09987   0.06765   0.10538   0.08293   0.02242   0.07417   0.05477   0.00000   0.06861   0.08239   0.08632   0.07982   0.09884   0.08401   0.03399   0.06632   0.02079   0.04608   0.03216   0.08806   0.04950   0.01812   0.09674   0.00082   0.06048   0.09634   0.07704   0.05360   0.09671   0.05418   0.07232   0.12204   2.00250   0.89174   0.33282   1.56257  
  2 3282.2757   6928.736028  x:  0.01790   0.06415   0.06682   0.07049   0.03610   0.07896   0.05520   0.06100   0.13806   0.06163   0.05383   0.13465   0.06243   0.10650   0.05165   0.06857   0.06477   0.04679   0.04918   0.08994   0.03105   0.06525   0.00000   0.09774   0.06632   0.10522   0.08739   0.02059   0.07705   0.05014   0.00000   0.06916   0.08343   0.08723   0.08399   0.09698   0.08756   0.03463   0.06691   0.01902   0.04554   0.03263   0.08471   0.04982   0.01703   0.09339   0.00675   0.06151   0.09651   0.08082   0.05079   0.09304   0.05625   0.07457   0.12332   2.00336   0.88862   0.33612   1.56202  
  3 1112.3017   6891.802968  x:  0.01461   0.06282   0.07067   0.07725   0.02785   0.07355   0.05969   0.04793   0.15172   0.06464   0.04753   0.12202   0.05552   0.10549   0.04963   0.07420   0.06961   0.04709   0.04631   0.09113   0.01802   0.06250   0.00000   0.09255   0.06377   0.10484   0.09673   0.01671   0.08321   0.03902   0.00000   0.07028   0.08581   0.08929   0.09245   0.09263   0.09454   0.03570   0.06772   0.01527   0.04439   0.03347   0.07677   0.05061   0.01359   0.08535   0.00000   0.06324   0.09671   0.08890   0.04446   0.08437   0.06051   0.07923   0.12496   2.00550   0.88139   0.34383   1.56072  
  4 4714.1107   6891.802968  x:  0.01461   0.06282   0.07067   0.07725   0.02785   0.07355   0.05969   0.04793   0.15172   0.06464   0.04753   0.12202   0.05552   0.10549   0.04963   0.07420   0.06961   0.04709   0.04631   0.09113   0.01802   0.06250   0.00000   0.09255   0.06377   0.10484   0.09673   0.01671   0.08321   0.03902   0.00000   0.07028   0.08581   0.08929   0.09245   0.09263   0.09454   0.03570   0.06772   0.01527   0.04439   0.03347   0.07677   0.05061   0.01359   0.08535   0.00000   0.06324   0.09671   0.08890   0.04446   0.08437   0.06051   0.07923   0.12496   2.00550   0.88139   0.34383   1.56072  
  5 859.6462   6852.401245  x:  0.01274   0.06132   0.07555   0.08628   0.01709   0.06644   0.06805   0.02966   0.16966   0.06958   0.03920   0.12522   0.04717   0.10412   0.04727   0.08369   0.07761   0.04761   0.04271   0.09263   0.00000   0.05904   0.00000   0.08524   0.06036   0.10430   0.10892   0.01260   0.09069   0.02389   0.00000   0.07123   0.08869   0.09174   0.10420   0.08685   0.10706   0.03733   0.07460   0.01144   0.04320   0.03627   0.06634   0.05134   0.01381   0.07490   0.04170   0.06610   0.09753   0.09871   0.03667   0.07278   0.06671   0.08566   0.13881   2.00850   0.87276   0.35291   1.55917  
  6 1035.3805   6806.805276  x:  0.01063   0.05934   0.08167   0.09807   0.00311   0.05648   0.08029   0.00000   0.19494   0.07362   0.02585   0.13014   0.03614   0.10244   0.04539   0.09580   0.08703   0.04911   0.03799   0.09562   0.00000   0.05536   0.00000   0.07328   0.05689   0.10349   0.12493   0.01023   0.10060   0.00192   0.00000   0.07215   0.09312   0.09545   0.11918   0.07868   0.12307   0.03884   0.08317   0.00853   0.04207   0.03896   0.05111   0.05299   0.00750   0.05927   0.02855   0.06795   0.09795   0.11186   0.02783   0.05601   0.07464   0.09373   0.15738   2.01354   0.85975   0.36697   1.55674  
  7 1334.7330   6780.076290  x:  0.00904   0.05628   0.09149   0.11824   0.01529   0.04048   0.10509   0.00000   0.24288   0.07712   0.00000   0.13991   0.02013   0.09963   0.04499   0.11663   0.10234   0.05325   0.02933   0.10101   0.00000   0.05037   0.00000   0.04799   0.05233   0.10187   0.15403   0.01387   0.11864   0.03408   0.00000   0.07267   0.10185   0.10278   0.14512   0.06408   0.15105   0.04067   0.09727   0.00801   0.04126   0.04290   0.02519   0.05608   0.02035   0.03207   0.00926   0.07118   0.09938   0.13501   0.01982   0.02722   0.08770   0.10707   0.19085   2.02462   0.83547   0.39407   1.55202  
  8 1365.4289   6780.076290  x:  0.00904   0.05628   0.09149   0.11824   0.01529   0.04048   0.10509   0.00000   0.24288   0.07712   0.00000   0.13991   0.02013   0.09963   0.04499   0.11663   0.10234   0.05325   0.02933   0.10101   0.00000   0.05037   0.00000   0.04799   0.05233   0.10187   0.15403   0.01387   0.11864   0.03408   0.00000   0.07267   0.10185   0.10278   0.14512   0.06408   0.15105   0.04067   0.09727   0.00801   0.04126   0.04290   0.02519   0.05608   0.02035   0.03207   0.00926   0.07118   0.09938   0.13501   0.01982   0.02722   0.08770   0.10707   0.19085   2.02462   0.83547   0.39407   1.55202  
  9 480.8064   6769.243191  x:  0.01158   0.05767   0.09098   0.11917   0.00536   0.04022   0.11020   0.00000   0.25219   0.07257   0.00030   0.14263   0.03281   0.10012   0.05052   0.11810   0.10248   0.05455   0.03255   0.10223   0.00000   0.05324   0.00000   0.04113   0.05532   0.10166   0.15671   0.01208   0.11906   0.01644   0.00000   0.07361   0.10270   0.10387   0.14741   0.06489   0.15385   0.04050   0.09752   0.01076   0.04271   0.04206   0.03799   0.05698   0.01015   0.04034   0.00000   0.07185   0.10031   0.13707   0.03317   0.04013   0.08784   0.10743   0.19529   2.02859   0.83031   0.40129   1.55075  
 10 468.7723   6766.369321  x:  0.01248   0.05832   0.09076   0.11967   0.00138   0.04018   0.11266   0.00000   0.25673   0.07046   0.00011   0.14395   0.03790   0.10035   0.05288   0.11884   0.10254   0.05518   0.03387   0.10283   0.00000   0.05455   0.00000   0.03777   0.05668   0.10156   0.15805   0.01152   0.11931   0.00820   0.00000   0.07402   0.10317   0.10444   0.14854   0.06529   0.15523   0.04047   0.09765   0.01167   0.04336   0.04172   0.04316   0.05737   0.00668   0.04389   0.00499   0.07235   0.10092   0.13805   0.03825   0.04530   0.08790   0.10763   0.19747   2.03056   0.82776   0.40487   1.55012  
 11 1709.6371   6766.141732  x:  0.01243   0.05836   0.09076   0.11972   0.00159   0.04022   0.11285   0.00000   0.25709   0.07033   0.00000   0.14406   0.03802   0.10037   0.05297   0.11891   0.10255   0.05523   0.03389   0.10288   0.00000   0.05463   0.00000   0.03750   0.05676   0.10156   0.15817   0.01158   0.11934   0.00787   0.00000   0.07404   0.10322   0.10450   0.14864   0.06532   0.15534   0.04048   0.09767   0.01162   0.04340   0.04171   0.04327   0.05740   0.00700   0.04401   0.00501   0.07238   0.10097   0.13813   0.03829   0.04541   0.08791   0.10765   0.19765   2.03073   0.82754   0.40518   1.55006  
 12 381.2447   6762.535306  x:  0.01018   0.05985   0.09067   0.12196   0.00867   0.04143   0.12036   0.00000   0.27180   0.06598   0.00000   0.14825   0.03834   0.10114   0.05504   0.12160   0.10275   0.05703   0.03420   0.10481   0.00000   0.05710   0.00000   0.02694   0.05926   0.10142   0.16301   0.01458   0.12142   0.00494   0.00000   0.07454   0.10569   0.10711   0.15245   0.06668   0.16004   0.04118   0.09833   0.00909   0.04437   0.04181   0.04344   0.05829   0.00229   0.04605   0.00509   0.07362   0.10307   0.14127   0.03495   0.04546   0.08838   0.10862   0.20493   2.03804   0.81841   0.41831   1.54772  
 13 527.8588   6755.565740  x:  0.00971   0.06293   0.09075   0.12609   0.00170   0.04129   0.13557   0.00000   0.30303   0.05851   0.00000   0.15718   0.03740   0.10291   0.05848   0.12704   0.10288   0.05969   0.03578   0.10885   0.00000   0.06148   0.00000   0.00575   0.06371   0.10125   0.17233   0.01668   0.12694   0.01145   0.00000   0.07556   0.11109   0.11280   0.16054   0.06954   0.17002   0.04264   0.10029   0.00780   0.04634   0.04243   0.04257   0.06014   0.00385   0.04839   0.00476   0.07625   0.10753   0.14805   0.02839   0.04447   0.08977   0.11098   0.22037   2.05437   0.79873   0.44702   1.54257  
 14 959.1476   6750.510364  x:  0.01239   0.06493   0.09133   0.12978   0.00000   0.04100   0.14647   0.00000   0.32803   0.05658   0.00000   0.16418   0.03473   0.10474   0.05980   0.13179   0.10319   0.06158   0.03578   0.11189   0.00000   0.06375   0.00000   0.01526   0.06601   0.10138   0.17993   0.01516   0.13120   0.01339   0.00000   0.07690   0.11516   0.11713   0.16697   0.07151   0.17805   0.04366   0.10255   0.01142   0.04764   0.04362   0.04096   0.06166   0.00434   0.04823   0.00468   0.07824   0.11113   0.15365   0.02744   0.04323   0.09151   0.11333   0.23269   2.06920   0.78271   0.47145   1.53816  
 15 508.2238   6748.201636  x:  0.01090   0.06417   0.09418   0.13329   0.00388   0.03994   0.14839   0.00000   0.34375   0.07042   0.00000   0.16802   0.03126   0.10774   0.05703   0.13634   0.10430   0.06154   0.03395   0.11358   0.00000   0.06016   0.00000   0.01412   0.06249   0.10277   0.18452   0.00821   0.13419   0.01856   0.00000   0.07954   0.11688   0.11901   0.17072   0.07165   0.18305   0.04453   0.10580   0.00995   0.04638   0.04624   0.04117   0.06268   0.00457   0.04328   0.00567   0.07952   0.11299   0.15710   0.04250   0.04429   0.09450   0.11631   0.24023   2.08647   0.77148   0.49317   1.53412  
 16 247.2774   6747.064940  x:  0.00981   0.06298   0.09786   0.13616   0.00057   0.04071   0.14456   0.00000   0.34919   0.08234   0.00000   0.16872   0.03073   0.11054   0.05450   0.13936   0.10544   0.06114   0.03335   0.11413   0.00000   0.05690   0.00000   0.01407   0.05919   0.10471   0.18588   0.01773   0.13551   0.01505   0.00000   0.08175   0.11687   0.11893   0.17183   0.07111   0.18462   0.04500   0.10848   0.00889   0.04566   0.04757   0.04055   0.06318   0.00451   0.04109   0.00527   0.07997   0.11343   0.15833   0.04450   0.04310   0.09717   0.11861   0.24267   2.10186   0.76661   0.50777   1.53130  
 17 176.8913   6745.777175  x:  0.01578   0.06232   0.10282   0.13877   0.00207   0.04233   0.13340   0.00000   0.35008   0.09491   0.00000   0.16728   0.03616   0.11479   0.05385   0.14337   0.10734   0.06121   0.03483   0.11450   0.00000   0.05594   0.00000   0.01161   0.05807   0.10874   0.18585   0.01471   0.13633   0.01297   0.00000   0.08398   0.11581   0.11781   0.17177   0.07057   0.18469   0.04517   0.11234   0.01440   0.04682   0.04744   0.04143   0.06376   0.00421   0.04469   0.00514   0.08030   0.11332   0.15893   0.03629   0.04244   0.10100   0.12167   0.24270   2.13040   0.76392   0.52880   1.52710  
 18 146.5894   6744.653008  x:  0.01068   0.06260   0.10579   0.13985   0.00081   0.04404   0.12434   0.00000   0.34804   0.09916   0.00000   0.16553   0.03976   0.11749   0.05526   0.14605   0.10848   0.06152   0.03668   0.11488   0.00000   0.05844   0.00567   0.01380   0.06045   0.11247   0.18513   0.01100   0.13687   0.01362   0.00000   0.08464   0.11530   0.11721   0.17142   0.07096   0.18402   0.04559   0.11401   0.00866   0.04752   0.04678   0.04309   0.06408   0.00432   0.04775   0.00507   0.08079   0.11318   0.15884   0.03127   0.04427   0.10282   0.12337   0.24161   2.15823   0.76412   0.54644   1.52349  
 19 216.7565   6743.014255  x:  0.01168   0.06610   0.10822   0.13981   0.00413   0.04905   0.11333   0.00000   0.33843   0.09150   0.00000   0.16215   0.04102   0.11936   0.05990   0.14888   0.10912   0.06198   0.03659   0.11650   0.00000   0.06383   0.01015   0.01513   0.06067   0.11964   0.18313   0.01801   0.13750   0.02238   0.00000   0.08313   0.11594   0.11739   0.17059   0.07328   0.18136   0.04533   0.11455   0.01033   0.04964   0.04541   0.04533   0.06442   0.00480   0.04910   0.00624   0.08147   0.11365   0.15859   0.03688   0.04991   0.10331   0.12445   0.23743   2.21876   0.77136   0.57784   1.51684  
 20 189.7218   6740.126589  x:  0.01166   0.06996   0.10840   0.13783   0.00099   0.05263   0.10590   0.00000   0.32008   0.07443   0.00000   0.15854   0.03274   0.11936   0.06138   0.15203   0.10939   0.06208   0.03329   0.11947   0.00000   0.06392   0.00473   0.01307   0.05227   0.13081   0.18069   0.01245   0.13707   0.01394   0.00000   0.08167   0.11752   0.11851   0.16991   0.07613   0.17735   0.04480   0.11329   0.00956   0.04983   0.04672   0.04117   0.06478   0.00424   0.04429   0.00527   0.08215   0.11513   0.15838   0.04112   0.04705   0.10194   0.12451   0.23051   2.32769   0.78944   0.62823   1.50585  
 21 342.7573   6737.269281  x:  0.01228   0.06393   0.10279   0.13409   0.00200   0.04569   0.12924   0.00000   0.30265   0.07144   0.00000   0.16176   0.03705   0.11342   0.05521   0.14927   0.10590   0.06191   0.03755   0.11818   0.00000   0.05146   0.01056   0.01262   0.06050   0.13825   0.18036   0.01287   0.13566   0.01290   0.00000   0.08208   0.11894   0.11998   0.17000   0.07213   0.17502   0.04379   0.10900   0.01136   0.04422   0.04936   0.04515   0.06364   0.00423   0.04344   0.00531   0.08059   0.11513   0.15790   0.04253   0.04057   0.09774   0.12097   0.22571   2.45253   0.82471   0.66831   1.49647  
 22 241.2895   6735.954047  x:  0.01189   0.06212   0.10020   0.13343   0.00253   0.04014   0.14035   0.00000   0.30068   0.07876   0.00000   0.16498   0.03916   0.11080   0.05538   0.14586   0.10351   0.06044   0.03436   0.11664   0.00000   0.05625   0.00221   0.01378   0.05604   0.13897   0.18106   0.01346   0.13525   0.01487   0.00000   0.08244   0.11819   0.11991   0.17027   0.07025   0.17592   0.04537   0.10784   0.00859   0.04719   0.04643   0.04454   0.06318   0.00439   0.04767   0.00551   0.07986   0.11398   0.15750   0.03870   0.04743   0.09701   0.11906   0.22643   2.51644   0.84613   0.68128   1.49281  
 23 234.6671   6735.333312  x:  0.01175   0.06380   0.09950   0.13422   0.00172   0.03993   0.14186   0.00000   0.30573   0.08300   0.00000   0.16651   0.03464   0.11039   0.05725   0.14258   0.10249   0.06118   0.03396   0.11476   0.00000   0.06320   0.00484   0.01240   0.05975   0.13585   0.18174   0.01298   0.13493   0.01225   0.00000   0.08196   0.11658   0.11901   0.17016   0.07104   0.17780   0.04542   0.10825   0.01123   0.04902   0.04513   0.04185   0.06316   0.00418   0.04476   0.00522   0.07961   0.11277   0.15696   0.03947   0.04816   0.09787   0.11838   0.22906   2.54940   0.85968   0.67877   1.49203  
 24 121.2934   6734.586597  x:  0.01358   0.06654   0.10039   0.13641   0.00160   0.04413   0.13577   0.00000   0.31964   0.08256   0.00000   0.16714   0.03584   0.11228   0.06025   0.13844   0.10317   0.06315   0.03688   0.11288   0.00000   0.06122   0.00072   0.01296   0.06050   0.12791   0.18253   0.01269   0.13496   0.01323   0.00000   0.08113   0.11435   0.11732   0.16969   0.07313   0.18124   0.04368   0.10986   0.00809   0.04626   0.04726   0.04506   0.06357   0.00427   0.04401   0.00525   0.07997   0.11122   0.15599   0.04008   0.04356   0.09989   0.11829   0.23462   2.59555   0.87445   0.66829   1.49091  
 25 110.3603   6734.302230  x:  0.01064   0.06537   0.10064   0.13679   0.00157   0.04419   0.13303   0.00000   0.32417   0.08094   0.00000   0.16664   0.03607   0.11268   0.05865   0.13762   0.10420   0.06224   0.03640   0.11278   0.00000   0.05885   0.00000   0.01294   0.06092   0.12449   0.18253   0.01257   0.13488   0.01355   0.00000   0.08118   0.11435   0.11699   0.16938   0.07273   0.18176   0.04374   0.10987   0.01042   0.04638   0.04691   0.04453   0.06321   0.00424   0.04507   0.00529   0.07979   0.11126   0.15580   0.04004   0.04436   0.09992   0.11836   0.23588   2.60992   0.87575   0.66315   1.49018  
 26 97.8635   6733.958518  x:  0.01429   0.06258   0.10045   0.13640   0.00174   0.04245   0.12952   0.00000   0.33062   0.07792   0.00000   0.16491   0.03589   0.11243   0.05426   0.13692   0.10696   0.05937   0.03480   0.11322   0.00000   0.05686   0.00204   0.01284   0.06194   0.11740   0.18199   0.01276   0.13438   0.01311   0.00000   0.08153   0.11524   0.11690   0.16865   0.07059   0.18144   0.04481   0.10901   0.00770   0.04654   0.04543   0.04224   0.06240   0.00423   0.04523   0.00523   0.07919   0.11177   0.15544   0.04024   0.04722   0.09854   0.11772   0.23681   2.63455   0.87187   0.65105   1.48816  
 27 99.1478   6733.281241  x:  0.01346   0.05993   0.09841   0.13302   0.00219   0.04062   0.13032   0.00000   0.33705   0.07865   0.00000   0.16075   0.03806   0.11000   0.05570   0.13681   0.11323   0.05838   0.03607   0.11516   0.00000   0.06174   0.00503   0.01289   0.05584   0.10212   0.17957   0.01302   0.13295   0.01312   0.00000   0.08132   0.11723   0.11786   0.16727   0.06739   0.17775   0.04450   0.10587   0.00890   0.04711   0.04628   0.04581   0.06230   0.00424   0.04141   0.00532   0.07787   0.11266   0.15498   0.03956   0.04398   0.09481   0.11639   0.23439   2.68845   0.84880   0.62009   1.48150  
 28 84.9808   6732.782635  x:  0.01364   0.06474   0.09794   0.13155   0.00170   0.04328   0.13442   0.00000   0.33697   0.08183   0.00000   0.16016   0.03496   0.10909   0.05844   0.13570   0.11502   0.06163   0.03509   0.11509   0.00000   0.05886   0.00668   0.01286   0.05518   0.09369   0.17835   0.01294   0.13284   0.01306   0.00000   0.08045   0.11663   0.11851   0.16739   0.07037   0.17563   0.04410   0.10596   0.00880   0.04598   0.04653   0.04309   0.06296   0.00422   0.04796   0.00526   0.07876   0.11200   0.15501   0.04019   0.04449   0.09535   0.11648   0.23187   2.73050   0.82678   0.59351   1.47535  
 29 122.1315   6732.471133  x:  0.01334   0.06640   0.09999   0.13371   0.00177   0.04357   0.13637   0.00000   0.33350   0.08153   0.00000   0.16357   0.03646   0.11099   0.05825   0.13400   0.11248   0.06262   0.03332   0.11394   0.00000   0.05697   0.00464   0.01292   0.05797   0.09463   0.17959   0.01257   0.13419   0.01313   0.00000   0.08075   0.11459   0.11807   0.16882   0.07319   0.17690   0.04399   0.10904   0.00856   0.04734   0.04540   0.04412   0.06306   0.00426   0.04274   0.00535   0.07994   0.11117   0.15570   0.03853   0.04722   0.09918   0.11795   0.23180   2.75775   0.81106   0.57508   1.47042  
 30 76.5002   6732.265427  x:  0.01331   0.06411   0.10194   0.13666   0.00195   0.04214   0.13578   0.00000   0.33014   0.08059   0.00000   0.16720   0.03570   0.11293   0.05632   0.13349   0.10927   0.06163   0.03549   0.11327   0.00000   0.06052   0.00204   0.01290   0.06008   0.10057   0.18183   0.01274   0.13539   0.01322   0.00000   0.08165   0.11372   0.11726   0.17017   0.07218   0.17964   0.04405   0.11112   0.00829   0.04708   0.04661   0.04393   0.06298   0.00425   0.04517   0.00536   0.07987   0.11111   0.15652   0.04009   0.04490   0.10149   0.11895   0.23364   2.77659   0.80024   0.56121   1.46618  
 31 63.3588   6732.177745  x:  0.01332   0.06392   0.10094   0.13707   0.00178   0.04389   0.13461   0.00000   0.32979   0.08184   0.00000   0.16767   0.03559   0.11251   0.05862   0.13574   0.10800   0.06085   0.03610   0.11331   0.00000   0.05976   0.00097   0.01291   0.06130   0.10817   0.18309   0.01263   0.13515   0.01321   0.00000   0.08143   0.11540   0.11752   0.17045   0.07005   0.18164   0.04455   0.10947   0.00849   0.04606   0.04598   0.04298   0.06315   0.00427   0.04462   0.00537   0.07892   0.11209   0.15685   0.03986   0.04544   0.09935   0.11810   0.23643   2.78446   0.79641   0.55417   1.46307  
 32 24.1025   6732.141499  x:  0.01338   0.06480   0.09988   0.13653   0.00180   0.04318   0.13411   0.00000   0.33061   0.08228   0.00000   0.16685   0.03509   0.11179   0.05737   0.13746   0.10740   0.06137   0.03537   0.11330   0.00000   0.05952   0.00136   0.01291   0.06113   0.11269   0.18312   0.01279   0.13477   0.01324   0.00000   0.08111   0.11574   0.11802   0.17036   0.07126   0.18209   0.04397   0.10868   0.00847   0.04733   0.04655   0.04426   0.06312   0.00426   0.04487   0.00535   0.07938   0.11211   0.15678   0.03952   0.04524   0.09844   0.11762   0.23788   2.78723   0.79546   0.55093   1.46080  
 33 17.0766   6732.119127  x:  0.01323   0.06491   0.09952   0.13590   0.00189   0.04243   0.13455   0.00000   0.33193   0.08187   0.00000   0.16583   0.03625   0.11152   0.05701   0.13857   0.10668   0.06201   0.03535   0.11334   0.00000   0.05975   0.00219   0.01292   0.05999   0.11561   0.18257   0.01286   0.13455   0.01323   0.00000   0.08104   0.11518   0.11818   0.17008   0.07222   0.18167   0.04423   0.10900   0.00858   0.04650   0.04618   0.04305   0.06295   0.00428   0.04471   0.00537   0.07983   0.11161   0.15652   0.03969   0.04505   0.09887   0.11772   0.23832   2.78840   0.79539   0.54904   1.45822  
 34 11.1410   6732.086773  x:  0.01333   0.06397   0.10014   0.13524   0.00200   0.04283   0.13601   0.00000   0.33425   0.08100   0.00000   0.16465   0.03491   0.11172   0.05778   0.13953   0.10503   0.06165   0.03484   0.11354   0.00000   0.05929   0.00349   0.01293   0.05863   0.11860   0.18138   0.01276   0.13456   0.01324   0.00000   0.08125   0.11414   0.11772   0.16948   0.07127   0.18025   0.04431   0.11008   0.00853   0.04640   0.04614   0.04382   0.06313   0.00430   0.04487   0.00539   0.07943   0.11100   0.15611   0.03923   0.04535   0.10026   0.11812   0.23774   2.78945   0.79588   0.54701   1.45242  
 35 10.1634   6732.016812  x:  0.01317   0.06541   0.10222   0.13544   0.00224   0.04293   0.13681   0.00000   0.33739   0.08093   0.00000   0.16535   0.03580   0.11252   0.05792   0.14011   0.10214   0.06118   0.03507   0.11411   0.00000   0.05879   0.00359   0.01301   0.05868   0.12036   0.18024   0.01264   0.13505   0.01316   0.00000   0.08126   0.11483   0.11690   0.16913   0.07029   0.17799   0.04343   0.10962   0.00810   0.04923   0.04679   0.04211   0.06284   0.00433   0.04478   0.00541   0.07859   0.11194   0.15605   0.03947   0.04428   0.09986   0.11784   0.23481   2.79130   0.79764   0.54481   1.43590  
 36 11.7685   6731.808836  x:  0.01283   0.06712   0.10538   0.13640   0.00298   0.04230   0.13626   0.00000   0.34310   0.08187   0.00000   0.16833   0.03377   0.11339   0.05578   0.14208   0.09729   0.06163   0.03547   0.11464   0.00000   0.06016   0.00191   0.01308   0.06013   0.12151   0.17941   0.01269   0.13603   0.01294   0.00000   0.08096   0.11718   0.11662   0.16939   0.07172   0.17446   0.04444   0.10769   0.00858   0.04510   0.04587   0.04291   0.06289   0.00450   0.04419   0.00543   0.07898   0.11390   0.15654   0.03760   0.04442   0.09758   0.11735   0.22811   2.79650   0.80296   0.54004   1.38496  
 37 52.2272   6731.248983  x:  0.01287   0.06134   0.10294   0.13650   0.00373   0.04360   0.13491   0.00000   0.34687   0.08266   0.00000   0.17072   0.03221   0.11207   0.05775   0.14738   0.09649   0.06279   0.03406   0.11268   0.00000   0.06046   0.00000   0.01326   0.06297   0.11902   0.18187   0.01316   0.13599   0.01295   0.00000   0.08083   0.11710   0.11935   0.17097   0.07429   0.17516   0.04392   0.10818   0.00801   0.04642   0.04671   0.04036   0.06374   0.00477   0.04368   0.00553   0.08141   0.11268   0.15758   0.03603   0.04238   0.09763   0.11848   0.22480   2.80540   0.81363   0.53159   1.28267  
 38 99.5314   6730.366710  x:  0.01119   0.07013   0.09758   0.13762   0.00619   0.04362   0.13552   0.00000   0.34830   0.08170   0.00000   0.17024   0.02813   0.11127   0.05466   0.15456   0.09939   0.06221   0.03871   0.11240   0.00000   0.05998   0.00105   0.01380   0.06124   0.11106   0.18816   0.01423   0.13591   0.01318   0.00000   0.08171   0.11565   0.12160   0.17344   0.06906   0.18300   0.04890   0.11185   0.00784   0.04838   0.04667   0.03769   0.06277   0.00535   0.04200   0.00593   0.07848   0.11142   0.15923   0.03159   0.04036   0.10227   0.12127   0.23134   2.82262   0.83729   0.51246   1.05761  
 39 285.1505   6729.939258  x:  0.01055   0.07214   0.09981   0.13962   0.00689   0.04379   0.13782   0.00000   0.34707   0.08113   0.00000   0.16848   0.02870   0.11386   0.05489   0.15312   0.10103   0.06029   0.03188   0.11645   0.00000   0.06119   0.00477   0.01391   0.05914   0.10756   0.18944   0.01419   0.13758   0.01308   0.00000   0.08204   0.11797   0.12089   0.17436   0.06897   0.18727   0.04413   0.11240   0.00803   0.04531   0.04737   0.03646   0.06393   0.00561   0.04247   0.00601   0.07794   0.11459   0.16005   0.02956   0.03833   0.10301   0.12122   0.23998   2.82939   0.84891   0.50251   0.95097  
 40 241.4651   6729.660487  x:  0.01077   0.06890   0.10469   0.14159   0.00765   0.04405   0.13999   0.00000   0.34611   0.08071   0.00000   0.16765   0.02688   0.11674   0.05580   0.14916   0.10329   0.06363   0.03462   0.12084   0.00000   0.05998   0.00799   0.01405   0.05527   0.10637   0.18887   0.01400   0.13990   0.01276   0.00000   0.08231   0.12146   0.12061   0.17518   0.07237   0.18870   0.04570   0.11178   0.00802   0.04730   0.04729   0.03562   0.06489   0.00575   0.04225   0.00598   0.08022   0.11830   0.16114   0.02818   0.03943   0.10172   0.12035   0.24771   2.83338   0.85722   0.49518   0.87808  
 41 157.5806   6729.499075  x:  0.01078   0.06912   0.10652   0.14143   0.00757   0.04566   0.14061   0.00000   0.34779   0.08044   0.00000   0.17011   0.02779   0.11694   0.05610   0.14611   0.10716   0.06364   0.03192   0.12073   0.00000   0.06026   0.00887   0.01406   0.05516   0.10786   0.18823   0.01381   0.14149   0.01245   0.00000   0.08283   0.12249   0.12271   0.17641   0.07255   0.18681   0.05118   0.11188   0.00809   0.04837   0.04695   0.03666   0.06420   0.00582   0.04298   0.00595   0.08120   0.11827   0.16302   0.02870   0.03721   0.10125   0.12102   0.25016   2.83542   0.86155   0.49128   0.83444  
 42 61.0060   6729.133934  x:  0.01067   0.07049   0.10757   0.14015   0.00785   0.04652   0.14117   0.00000   0.35384   0.07983   0.00000   0.17628   0.02799   0.11617   0.05569   0.14097   0.11720   0.06374   0.03366   0.11948   0.00000   0.06130   0.00854   0.01408   0.05541   0.11248   0.18808   0.01388   0.14395   0.01172   0.00000   0.08407   0.12310   0.12749   0.17954   0.07122   0.18218   0.04794   0.11292   0.00819   0.04765   0.04967   0.03629   0.06439   0.00592   0.04292   0.00595   0.08147   0.11706   0.16717   0.02838   0.04004   0.10163   0.12367   0.25207   2.83994   0.86994   0.48381   0.73921  
 43 127.9728   6729.004280  x:  0.01067   0.07086   0.10651   0.14086   0.00786   0.04444   0.14161   0.00000   0.35644   0.07987   0.00000   0.17583   0.02771   0.11678   0.05691   0.14206   0.11881   0.06344   0.03428   0.12131   0.00000   0.06079   0.00779   0.01413   0.05642   0.11331   0.19022   0.01413   0.14337   0.01148   0.00000   0.08393   0.12351   0.12667   0.18046   0.07197   0.18359   0.04721   0.11388   0.00789   0.04837   0.04559   0.03716   0.06632   0.00597   0.04345   0.00590   0.08114   0.11884   0.16723   0.02922   0.03887   0.10304   0.12437   0.24980   2.84163   0.87287   0.48132   0.70546  
 44 66.7798   6728.895066  x:  0.01076   0.07086   0.10531   0.14244   0.00759   0.04451   0.14283   0.00000   0.35846   0.07976   0.00000   0.17375   0.02842   0.11789   0.05731   0.14567   0.11765   0.06353   0.03374   0.12367   0.00000   0.06127   0.00763   0.01412   0.05713   0.11286   0.19330   0.01418   0.14245   0.01145   0.00000   0.08398   0.12430   0.12503   0.18101   0.07274   0.18715   0.04937   0.11465   0.00802   0.04828   0.04912   0.03720   0.06642   0.00596   0.04353   0.00585   0.08144   0.12110   0.16652   0.02925   0.04007   0.10428   0.12465   0.24626   2.84291   0.87571   0.47896   0.67785  
 45 57.2928   6728.845245  x:  0.01084   0.07067   0.10580   0.14345   0.00728   0.04689   0.14367   0.00000   0.35873   0.07939   0.00000   0.17329   0.02886   0.11825   0.05605   0.14958   0.11436   0.06438   0.03371   0.12329   0.00000   0.06177   0.00840   0.01412   0.05592   0.11126   0.19443   0.01388   0.14322   0.01141   0.00000   0.08500   0.12489   0.12604   0.18123   0.07214   0.18937   0.04858   0.11438   0.00802   0.04854   0.04794   0.03762   0.06463   0.00598   0.04374   0.00581   0.08239   0.12058   0.16680   0.02950   0.04020   0.10374   0.12482   0.24549   2.84325   0.87701   0.47791   0.66769  
 46 19.3108   6728.795271  x:  0.01087   0.07112   0.10704   0.14389   0.00743   0.04510   0.14311   0.00000   0.35835   0.07869   0.00000   0.17430   0.02905   0.11813   0.05724   0.15482   0.10901   0.06406   0.03358   0.12218   0.00000   0.06116   0.00969   0.01408   0.05468   0.10853   0.19439   0.01393   0.14472   0.01109   0.00000   0.08517   0.12513   0.12815   0.18160   0.07191   0.19031   0.04893   0.11398   0.00816   0.04857   0.04839   0.03781   0.06639   0.00598   0.04396   0.00581   0.08221   0.11930   0.16792   0.02958   0.04050   0.10279   0.12524   0.24675   2.84348   0.87807   0.47717   0.66074  
 47 14.2314   6728.747210  x:  0.01090   0.07065   0.10673   0.14207   0.00743   0.04550   0.14275   0.00000   0.35783   0.07900   0.00000   0.17628   0.02925   0.11781   0.05708   0.16003   0.10523   0.06359   0.03403   0.12375   0.00000   0.06141   0.00888   0.01408   0.05560   0.10618   0.19285   0.01400   0.14446   0.01084   0.00000   0.08340   0.12489   0.12755   0.18210   0.07270   0.18795   0.04897   0.11473   0.00809   0.04856   0.04835   0.03806   0.06510   0.00599   0.04405   0.00579   0.08123   0.12073   0.16880   0.02980   0.04063   0.10378   0.12558   0.25033   2.84435   0.87823   0.47782   0.65922  
 48  7.2603   6728.687197  x:  0.01075   0.07114   0.10656   0.14124   0.00734   0.04589   0.14297   0.00000   0.35792   0.07882   0.00000   0.17648   0.02951   0.11818   0.05661   0.16314   0.10399   0.06470   0.03402   0.12395   0.00000   0.06204   0.00731   0.01411   0.05737   0.10516   0.19201   0.01408   0.14331   0.01093   0.00000   0.08684   0.12500   0.12575   0.18223   0.07145   0.18550   0.04908   0.11489   0.00815   0.04865   0.04839   0.03805   0.06727   0.00601   0.04397   0.00574   0.08364   0.12137   0.16840   0.03014   0.04077   0.10425   0.12484   0.25301   2.84571   0.87755   0.47962   0.66294  
 49  6.5624   6728.253990  x:  0.01079   0.07141   0.10973   0.14584   0.00736   0.04197   0.14621   0.00000   0.36259   0.07743   0.00000   0.17150   0.02909   0.12097   0.06047   0.16670   0.10442   0.06362   0.03508   0.11769   0.00000   0.06247   0.00253   0.01419   0.06243   0.10548   0.19438   0.01427   0.14095   0.00974   0.00000   0.08966   0.12485   0.12283   0.18231   0.07425   0.18196   0.04854   0.11328   0.00853   0.04836   0.04859   0.03934   0.06061   0.00621   0.04460   0.00568   0.08244   0.11797   0.16417   0.03155   0.04164   0.10274   0.12068   0.25863   2.85379   0.86881   0.49461   0.70548  
 50 12.3782   6727.420573  x:  0.01079   0.07056   0.10987   0.14922   0.00682   0.04550   0.15018   0.00000   0.36964   0.07597   0.00000   0.16920   0.03164   0.12085   0.05742   0.16574   0.10377   0.06347   0.03650   0.11608   0.00000   0.06432   0.00000   0.01429   0.06463   0.10754   0.19811   0.01388   0.14101   0.00773   0.00000   0.08354   0.12414   0.12408   0.18206   0.07525   0.18312   0.04871   0.11270   0.00884   0.04914   0.04813   0.04055   0.06693   0.00645   0.04546   0.00561   0.08007   0.11687   0.16231   0.03334   0.04338   0.10206   0.11991   0.26093   2.86416   0.85788   0.51410   0.76914  
 51 91.9076   6726.492936  x:  0.01117   0.07150   0.10316   0.14714   0.00713   0.04155   0.14971   0.00000   0.38037   0.07305   0.00000   0.17547   0.03324   0.11669   0.06202   0.15888   0.10064   0.06664   0.03624   0.12518   0.00000   0.06329   0.00195   0.01441   0.06382   0.11168   0.20138   0.01472   0.14377   0.00433   0.00000   0.08579   0.12482   0.12864   0.18233   0.07185   0.19283   0.04754   0.11442   0.00903   0.04939   0.04811   0.04345   0.06225   0.00685   0.04762   0.00518   0.08632   0.12269   0.16764   0.03499   0.04594   0.10398   0.12516   0.25820   2.87843   0.84370   0.54081   0.86822  
 52 135.0433   6726.405698  x:  0.01121   0.07128   0.10281   0.14509   0.00718   0.04247   0.15028   0.00000   0.38131   0.07214   0.00000   0.17887   0.03346   0.11762   0.06206   0.15973   0.10226   0.06561   0.03639   0.12509   0.00000   0.06326   0.00344   0.01446   0.06223   0.11232   0.20028   0.01477   0.14265   0.00429   0.00000   0.08957   0.12515   0.12669   0.18368   0.07485   0.19599   0.04762   0.11426   0.00904   0.04956   0.04800   0.04366   0.06283   0.00689   0.04793   0.00523   0.08309   0.12289   0.17009   0.03505   0.04628   0.10361   0.12493   0.25681   2.87948   0.84288   0.54274   0.87800  
 53 26.4200   6726.393953  x:  0.01119   0.07132   0.10363   0.14436   0.00720   0.04213   0.15053   0.00000   0.38146   0.07188   0.00000   0.17986   0.03342   0.11828   0.06213   0.16053   0.10332   0.06603   0.03616   0.12466   0.00000   0.06321   0.00367   0.01446   0.06198   0.11247   0.19936   0.01481   0.14211   0.00427   0.00000   0.08838   0.12496   0.12539   0.18428   0.07421   0.19735   0.04755   0.11408   0.00908   0.04955   0.04797   0.04369   0.06278   0.00690   0.04796   0.00522   0.08385   0.12249   0.17078   0.03508   0.04632   0.10346   0.12443   0.25639   2.87965   0.84279   0.54298   0.87930  
 54  7.0211   6726.389971  x:  0.01117   0.07136   0.10440   0.14375   0.00726   0.04214   0.15064   0.00000   0.38156   0.07203   0.00000   0.17941   0.03341   0.11800   0.06211   0.16067   0.10357   0.06577   0.03636   0.12496   0.00000   0.06334   0.00313   0.01447   0.06259   0.11252   0.19808   0.01483   0.14238   0.00423   0.00000   0.08853   0.12491   0.12614   0.18469   0.07423   0.19837   0.04758   0.11411   0.00908   0.04954   0.04799   0.04368   0.06281   0.00690   0.04793   0.00522   0.08386   0.12248   0.17032   0.03512   0.04631   0.10376   0.12417   0.25627   2.88002   0.84272   0.54321   0.87958  
 55  1.1365   6726.355080  x:  0.01124   0.07084   0.10283   0.14247   0.00737   0.04195   0.15037   0.00000   0.38263   0.07200   0.00000   0.17849   0.03356   0.11839   0.06194   0.15864   0.10211   0.06766   0.03606   0.12260   0.00000   0.06359   0.00236   0.01452   0.06339   0.11257   0.19538   0.01501   0.14310   0.00432   0.00000   0.08839   0.12555   0.12513   0.18506   0.07379   0.20019   0.04766   0.11447   0.00909   0.04954   0.04800   0.04377   0.06284   0.00695   0.04801   0.00526   0.08261   0.12320   0.16944   0.03526   0.04637   0.10294   0.12530   0.25701   2.88266   0.84151   0.54490   0.88138  
 56  0.8203   6726.167296  x:  0.01137   0.07117   0.09937   0.14299   0.00785   0.04353   0.15198   0.00000   0.38700   0.07174   0.00000   0.17888   0.03408   0.11856   0.06235   0.15467   0.10129   0.06142   0.03843   0.12144   0.00000   0.06395   0.00195   0.01493   0.06422   0.11342   0.19299   0.01526   0.14345   0.00531   0.00000   0.08732   0.12543   0.12358   0.18484   0.07576   0.20264   0.04758   0.11365   0.00956   0.04995   0.04796   0.04413   0.06355   0.00726   0.04852   0.00534   0.08759   0.12230   0.16956   0.03535   0.04672   0.10163   0.12656   0.25981   2.89622   0.83874   0.55063   0.89266  
 57  6.8921   6725.727075  x:  0.01172   0.07022   0.10101   0.14795   0.00773   0.04340   0.15508   0.00000   0.39632   0.06957   0.00000   0.18260   0.03560   0.11690   0.06308   0.15357   0.10827   0.06780   0.03693   0.12781   0.00000   0.06532   0.00062   0.01601   0.06772   0.11628   0.19754   0.01564   0.14421   0.00883   0.00000   0.08674   0.12512   0.12814   0.18420   0.07487   0.20351   0.04695   0.11318   0.01005   0.05062   0.04793   0.04519   0.06493   0.00800   0.04994   0.00585   0.08441   0.12015   0.17226   0.03584   0.04808   0.10390   0.12418   0.26476   2.92989   0.83585   0.56206   0.92197  
 58 31.0744   6725.684780  x:  0.01167   0.07044   0.10250   0.14555   0.00775   0.04336   0.15557   0.00000   0.39688   0.06933   0.00000   0.18228   0.03577   0.11734   0.06326   0.15411   0.10957   0.06749   0.03705   0.12534   0.00000   0.06549   0.00098   0.01610   0.06734   0.11662   0.20063   0.01571   0.14515   0.00905   0.00000   0.08636   0.12692   0.12963   0.18592   0.07484   0.20280   0.04678   0.11530   0.01007   0.05067   0.04793   0.04535   0.06514   0.00806   0.05017   0.00584   0.08497   0.12336   0.17194   0.03582   0.04825   0.10472   0.12384   0.26487   2.93291   0.83634   0.56248   0.92498  
 59 12.3381   6725.681335  x:  0.01169   0.07041   0.10298   0.14419   0.00775   0.04338   0.15547   0.00000   0.39695   0.06939   0.00000   0.18192   0.03578   0.11758   0.06324   0.15379   0.10931   0.06750   0.03706   0.12572   0.00000   0.06550   0.00090   0.01611   0.06746   0.11662   0.20173   0.01575   0.14538   0.00905   0.00000   0.08639   0.12672   0.12935   0.18670   0.07483   0.20270   0.04680   0.11479   0.01008   0.05069   0.04793   0.04535   0.06513   0.00807   0.05016   0.00585   0.08493   0.12279   0.17183   0.03582   0.04824   0.10456   0.12422   0.26496   2.93321   0.83632   0.56258   0.92517  
 60  2.8014   6725.677477  x:  0.01166   0.07039   0.10364   0.14388   0.00775   0.04347   0.15535   0.00000   0.39711   0.06937   0.00000   0.18195   0.03582   0.11648   0.06322   0.15334   0.10894   0.06751   0.03706   0.12566   0.00000   0.06548   0.00090   0.01613   0.06745   0.11659   0.20212   0.01574   0.14461   0.00906   0.00000   0.08643   0.12623   0.12908   0.18649   0.07489   0.20289   0.04678   0.11550   0.01010   0.05067   0.04793   0.04535   0.06514   0.00808   0.05016   0.00585   0.08491   0.12284   0.17187   0.03580   0.04822   0.10390   0.12374   0.26514   2.93372   0.83612   0.56276   0.92508  
 61  0.3235   6725.552290  x:  0.01181   0.06954   0.10498   0.14202   0.00812   0.04423   0.15645   0.00000   0.40040   0.06938   0.00000   0.18324   0.03592   0.11696   0.06278   0.15042   0.10895   0.06735   0.03723   0.12230   0.00000   0.06595   0.00000   0.01677   0.06833   0.11680   0.20377   0.01574   0.14114   0.00796   0.00000   0.08541   0.12705   0.13029   0.18045   0.07572   0.20311   0.04684   0.11117   0.01029   0.05077   0.04805   0.04511   0.06616   0.00861   0.05033   0.00594   0.08479   0.12279   0.17157   0.03536   0.04794   0.10746   0.12277   0.26867   2.95130   0.83569   0.56431   0.92418  
 62  1.0407   6725.344481  x:  0.01178   0.06893   0.10267   0.14483   0.00888   0.04538   0.15931   0.00000   0.40525   0.06977   0.00000   0.18281   0.03607   0.11938   0.06209   0.14929   0.11265   0.06675   0.03748   0.12199   0.00000   0.06675   0.00000   0.01788   0.07037   0.11759   0.20373   0.01561   0.14572   0.00587   0.00000   0.08400   0.12653   0.12944   0.18227   0.07665   0.20035   0.04680   0.11497   0.01060   0.05110   0.04823   0.04471   0.06791   0.00950   0.05063   0.00609   0.08454   0.12024   0.17077   0.03454   0.04753   0.10218   0.12267   0.27307   2.98077   0.83707   0.56547   0.92357  
 63 20.0450   6725.320210  x:  0.01188   0.06878   0.10269   0.14705   0.00892   0.04563   0.15941   0.00000   0.40580   0.06962   0.00000   0.18232   0.03618   0.11762   0.06207   0.14892   0.11278   0.06682   0.03739   0.12130   0.00000   0.06672   0.00000   0.01801   0.06996   0.11766   0.20317   0.01550   0.14485   0.00576   0.00000   0.08387   0.12599   0.12898   0.18640   0.07655   0.19956   0.04676   0.11342   0.01060   0.05115   0.04824   0.04468   0.06810   0.00961   0.05071   0.00610   0.08450   0.12105   0.17064   0.03440   0.04750   0.10285   0.12364   0.27359   2.98404   0.83738   0.56541   0.92360  
 64  9.0838   6725.319661  x:  0.01187   0.06877   0.10255   0.14708   0.00892   0.04563   0.15936   0.00000   0.40582   0.06964   0.00000   0.18229   0.03619   0.11787   0.06206   0.14876   0.11261   0.06682   0.03740   0.12138   0.00000   0.06671   0.00000   0.01801   0.06992   0.11765   0.20311   0.01550   0.14445   0.00576   0.00000   0.08382   0.12621   0.12921   0.18674   0.07650   0.19950   0.04675   0.11357   0.01061   0.05115   0.04823   0.04469   0.06810   0.00961   0.05071   0.00610   0.08450   0.12086   0.17070   0.03439   0.04750   0.10291   0.12337   0.27358   2.98410   0.83737   0.56542   0.92362  
 65  1.2227   6725.318232  x:  0.01186   0.06873   0.10233   0.14703   0.00892   0.04564   0.15927   0.00000   0.40586   0.06968   0.00000   0.18207   0.03619   0.11811   0.06205   0.14873   0.11242   0.06682   0.03739   0.12128   0.00000   0.06668   0.00000   0.01802   0.06990   0.11763   0.20313   0.01551   0.14473   0.00576   0.00000   0.08386   0.12552   0.12931   0.18685   0.07645   0.19948   0.04677   0.11337   0.01062   0.05112   0.04823   0.04468   0.06808   0.00962   0.05071   0.00610   0.08448   0.12118   0.17118   0.03439   0.04749   0.10299   0.12265   0.27348   2.98413   0.83729   0.56559   0.92415  
 66  0.0884   6725.264811  x:  0.01178   0.06870   0.10238   0.14678   0.00889   0.04528   0.15881   0.00000   0.40618   0.07052   0.00000   0.17950   0.03618   0.11599   0.06193   0.15174   0.10960   0.06673   0.03725   0.12149   0.00000   0.06625   0.00000   0.01866   0.06922   0.11716   0.20310   0.01528   0.14620   0.00564   0.00000   0.08408   0.12788   0.12752   0.18650   0.07651   0.19986   0.04689   0.11426   0.01038   0.05096   0.04824   0.04449   0.06781   0.01018   0.05053   0.00626   0.08433   0.11982   0.17524   0.03447   0.04718   0.10475   0.12196   0.27074   2.98520   0.83643   0.57057   0.94579  
 67  1.0377   6725.183622  x:  0.01185   0.06885   0.10258   0.14641   0.00875   0.04459   0.15864   0.00000   0.40664   0.07129   0.00000   0.18035   0.03590   0.11784   0.06194   0.15697   0.10603   0.06688   0.03657   0.12268   0.00000   0.06536   0.00000   0.01965   0.06700   0.11642   0.20310   0.01501   0.14389   0.00581   0.00000   0.08472   0.12516   0.12902   0.18616   0.07610   0.20081   0.04704   0.11480   0.01022   0.05082   0.04819   0.04426   0.06724   0.01104   0.05041   0.00645   0.08416   0.12113   0.17222   0.03454   0.04684   0.10273   0.12458   0.26702   2.98638   0.83506   0.57792   0.97870  
 68 21.7354   6725.181181  x:  0.01185   0.06881   0.10231   0.14634   0.00876   0.04460   0.15843   0.00000   0.40669   0.07125   0.00000   0.18098   0.03591   0.11753   0.06195   0.15705   0.10585   0.06689   0.03651   0.12277   0.00000   0.06526   0.00000   0.01967   0.06667   0.11639   0.20320   0.01500   0.14439   0.00578   0.00000   0.08472   0.12530   0.12873   0.18632   0.07609   0.20086   0.04704   0.11475   0.01027   0.05080   0.04819   0.04427   0.06721   0.01107   0.05042   0.00646   0.08416   0.12090   0.17108   0.03453   0.04683   0.10306   0.12381   0.26691   2.98631   0.83491   0.57817   0.97966  
 69  2.9738   6725.178942  x:  0.01185   0.06880   0.10226   0.14632   0.00876   0.04460   0.15838   0.00000   0.40670   0.07124   0.00000   0.18111   0.03591   0.11746   0.06195   0.15707   0.10582   0.06689   0.03650   0.12279   0.00000   0.06524   0.00095   0.01968   0.06660   0.11638   0.20322   0.01499   0.14450   0.00577   0.00000   0.08472   0.12533   0.12867   0.18635   0.07608   0.20087   0.04705   0.11474   0.01028   0.05080   0.04818   0.04427   0.06721   0.01107   0.05042   0.00646   0.08416   0.12086   0.17084   0.03453   0.04683   0.10313   0.12365   0.26689   2.98629   0.83487   0.57822   0.97987  
 70  5.3257   6725.124571  x:  0.01193   0.06906   0.10263   0.14595   0.00863   0.04442   0.15738   0.00000   0.40608   0.07072   0.00000   0.18121   0.03556   0.11750   0.06206   0.15485   0.10705   0.06685   0.03688   0.12240   0.00000   0.06552   0.00000   0.02035   0.06799   0.11635   0.20253   0.01494   0.14404   0.00585   0.00000   0.08485   0.12531   0.12884   0.18620   0.07581   0.20039   0.04687   0.11437   0.01025   0.05064   0.04815   0.04433   0.06666   0.01196   0.05003   0.00664   0.08432   0.12106   0.17022   0.03511   0.04688   0.10349   0.12372   0.26647   2.98079   0.82796   0.58486   1.01258  
 71  0.0317   6725.090381  x:  0.01209   0.06913   0.10281   0.14594   0.00829   0.04456   0.15680   0.00000   0.40410   0.07045   0.00000   0.18145   0.03543   0.11760   0.06210   0.15215   0.10909   0.06675   0.03738   0.12186   0.00000   0.06605   0.00000   0.02091   0.06945   0.11675   0.20203   0.01491   0.14416   0.00596   0.00000   0.08463   0.12559   0.12860   0.18590   0.07581   0.19951   0.04679   0.11399   0.01037   0.05067   0.04799   0.04458   0.06658   0.01326   0.04974   0.00685   0.08449   0.12091   0.17025   0.03517   0.04716   0.10332   0.12350   0.26761   2.97045   0.81336   0.59718   1.07426  
 72  0.0532   6725.077036  x:  0.01205   0.06907   0.10264   0.14608   0.00812   0.04469   0.15725   0.00000   0.40327   0.07025   0.00000   0.18155   0.03549   0.11758   0.06207   0.15233   0.10926   0.06678   0.03685   0.12238   0.00000   0.06564   0.00000   0.02063   0.06755   0.11672   0.20228   0.01496   0.14451   0.00597   0.00000   0.08457   0.12577   0.12855   0.18598   0.07594   0.19965   0.04685   0.11401   0.01041   0.05074   0.04806   0.04448   0.06684   0.01367   0.04988   0.00685   0.08453   0.12080   0.17037   0.03489   0.04717   0.10315   0.12335   0.26837   2.96806   0.80560   0.60522   1.11309  
 73  0.0252   6725.076669  x:  0.01205   0.06907   0.10262   0.14610   0.00810   0.04471   0.15731   0.00000   0.40316   0.07022   0.00000   0.18156   0.03549   0.11758   0.06207   0.15235   0.10928   0.06679   0.03679   0.12244   0.00000   0.06559   0.00046   0.02059   0.06731   0.11671   0.20231   0.01497   0.14456   0.00597   0.00000   0.08457   0.12579   0.12854   0.18599   0.07596   0.19967   0.04686   0.11402   0.01041   0.05075   0.04806   0.04447   0.06687   0.01372   0.04990   0.00685   0.08453   0.12079   0.17038   0.03485   0.04717   0.10313   0.12334   0.26846   2.96776   0.80464   0.60621   1.11788  
 74 17.5714   6725.063930  x:  0.01201   0.06905   0.10258   0.14607   0.00804   0.04471   0.15771   0.00000   0.40363   0.07065   0.00000   0.18132   0.03558   0.11765   0.06205   0.15429   0.10812   0.06680   0.03689   0.12243   0.00000   0.06571   0.00000   0.01993   0.06791   0.11621   0.20267   0.01503   0.14413   0.00604   0.00000   0.08471   0.12569   0.12895   0.18632   0.07594   0.20029   0.04698   0.11415   0.01037   0.05079   0.04811   0.04432   0.06702   0.01374   0.05006   0.00675   0.08449   0.12108   0.17060   0.03455   0.04702   0.10324   0.12375   0.26794   2.97055   0.79806   0.61542   1.15677  
 75  0.0274   6725.063930  x:  0.01201   0.06905   0.10258   0.14607   0.00804   0.04471   0.15771   0.00000   0.40363   0.07065   0.00000   0.18132   0.03558   0.11765   0.06205   0.15429   0.10812   0.06680   0.03689   0.12243   0.00000   0.06571   0.00000   0.01993   0.06791   0.11621   0.20267   0.01503   0.14413   0.00604   0.00000   0.08471   0.12569   0.12895   0.18632   0.07594   0.20029   0.04698   0.11415   0.01037   0.05079   0.04811   0.04432   0.06702   0.01374   0.05006   0.00675   0.08449   0.12108   0.17060   0.03455   0.04702   0.10324   0.12375   0.26794   2.97055   0.79806   0.61542   1.15677  
 76  0.0471   6725.060451  x:  0.01200   0.06905   0.10260   0.14608   0.00822   0.04472   0.15769   0.00000   0.40364   0.07063   0.00000   0.18133   0.03555   0.11765   0.06204   0.15426   0.10813   0.06681   0.03692   0.12241   0.00000   0.06575   0.00001   0.01985   0.06799   0.11621   0.20266   0.01505   0.14415   0.00597   0.00000   0.08471   0.12569   0.12894   0.18631   0.07594   0.20027   0.04697   0.11415   0.01034   0.05078   0.04811   0.04432   0.06700   0.01327   0.05002   0.00646   0.08450   0.12107   0.17060   0.03461   0.04701   0.10324   0.12374   0.26795   2.97055   0.79809   0.61540   1.15679  
 77 11.2529   6725.059851  x:  0.01199   0.06906   0.10262   0.14609   0.00831   0.04471   0.15766   0.00000   0.40366   0.07061   0.00000   0.18133   0.03551   0.11765   0.06204   0.15423   0.10815   0.06682   0.03695   0.12240   0.00000   0.06578   0.00001   0.01979   0.06808   0.11622   0.20266   0.01505   0.14417   0.00594   0.00000   0.08471   0.12570   0.12892   0.18630   0.07594   0.20025   0.04697   0.11415   0.01033   0.05078   0.04811   0.04432   0.06698   0.01313   0.04999   0.00661   0.08450   0.12106   0.17060   0.03465   0.04700   0.10324   0.12373   0.26797   2.97056   0.79813   0.61537   1.15682  
 78  5.0233   6725.059787  x:  0.01199   0.06906   0.10262   0.14610   0.00832   0.04471   0.15766   0.00000   0.40366   0.07061   0.00000   0.18134   0.03551   0.11766   0.06204   0.15422   0.10815   0.06682   0.03695   0.12239   0.00000   0.06578   0.00000   0.01978   0.06809   0.11622   0.20265   0.01505   0.14418   0.00594   0.00000   0.08471   0.12570   0.12892   0.18630   0.07594   0.20025   0.04697   0.11415   0.01033   0.05078   0.04811   0.04432   0.06698   0.01314   0.04998   0.00661   0.08450   0.12106   0.17060   0.03466   0.04700   0.10324   0.12373   0.26797   2.97056   0.79813   0.61537   1.15683  
 79  2.8170   6725.059525  x:  0.01203   0.06907   0.10267   0.14611   0.00818   0.04470   0.15758   0.00000   0.40373   0.07058   0.00000   0.18136   0.03550   0.11766   0.06204   0.15409   0.10820   0.06681   0.03698   0.12234   0.00000   0.06582   0.00000   0.01976   0.06822   0.11623   0.20262   0.01503   0.14425   0.00595   0.00000   0.08470   0.12571   0.12888   0.18627   0.07593   0.20017   0.04696   0.11416   0.01037   0.05077   0.04811   0.04431   0.06696   0.01309   0.04997   0.00661   0.08450   0.12103   0.17059   0.03463   0.04698   0.10324   0.12369   0.26802   2.97058   0.79827   0.61526   1.15692  
 80  2.4255   6725.059274  x:  0.01201   0.06907   0.10273   0.14612   0.00822   0.04471   0.15749   0.00000   0.40384   0.07056   0.00000   0.18138   0.03554   0.11767   0.06206   0.15390   0.10829   0.06678   0.03694   0.12228   0.00000   0.06583   0.00000   0.01984   0.06826   0.11626   0.20256   0.01504   0.14432   0.00603   0.00000   0.08468   0.12571   0.12884   0.18623   0.07592   0.20005   0.04695   0.11415   0.01035   0.05077   0.04810   0.04431   0.06695   0.01309   0.05000   0.00661   0.08450   0.12099   0.17057   0.03454   0.04699   0.10324   0.12365   0.26809   2.97061   0.79848   0.61510   1.15708  
 81  2.3818   6725.059077  x:  0.01199   0.06906   0.10276   0.14612   0.00825   0.04474   0.15742   0.00000   0.40393   0.07056   0.00000   0.18140   0.03557   0.11767   0.06206   0.15372   0.10837   0.06676   0.03691   0.12223   0.00000   0.06582   0.00000   0.01990   0.06824   0.11628   0.20252   0.01503   0.14437   0.00593   0.00000   0.08468   0.12571   0.12880   0.18619   0.07592   0.19995   0.04695   0.11415   0.01033   0.05077   0.04809   0.04431   0.06695   0.01310   0.05003   0.00661   0.08449   0.12096   0.17055   0.03449   0.04700   0.10324   0.12361   0.26815   2.97065   0.79867   0.61496   1.15722  
 82  4.9962   6725.058879  x:  0.01203   0.06904   0.10275   0.14610   0.00825   0.04476   0.15736   0.00000   0.40403   0.07058   0.00000   0.18139   0.03555   0.11765   0.06203   0.15351   0.10851   0.06674   0.03691   0.12221   0.00000   0.06575   0.00000   0.01988   0.06808   0.11631   0.20246   0.01502   0.14436   0.00595   0.00000   0.08467   0.12569   0.12878   0.18615   0.07592   0.19984   0.04695   0.11413   0.01037   0.05076   0.04808   0.04430   0.06696   0.01310   0.05002   0.00661   0.08447   0.12095   0.17053   0.03461   0.04701   0.10323   0.12358   0.26820   2.97070   0.79890   0.61478   1.15743  
 83  1.9336   6725.058824  x:  0.01198   0.06903   0.10273   0.14608   0.00822   0.04476   0.15736   0.00000   0.40405   0.07059   0.00000   0.18138   0.03553   0.11763   0.06202   0.15345   0.10857   0.06675   0.03692   0.12223   0.00000   0.06573   0.00000   0.01985   0.06803   0.11631   0.20245   0.01502   0.14433   0.00596   0.00000   0.08467   0.12567   0.12878   0.18614   0.07592   0.19982   0.04694   0.11412   0.01033   0.05075   0.04808   0.04430   0.06696   0.01309   0.05000   0.00662   0.08446   0.12095   0.17051   0.03460   0.04699   0.10322   0.12358   0.26820   2.97072   0.79897   0.61473   1.15752  
 84  1.2920   6725.058762  x:  0.01201   0.06902   0.10266   0.14604   0.00824   0.04475   0.15739   0.00000   0.40406   0.07059   0.00000   0.18133   0.03552   0.11761   0.06201   0.15337   0.10865   0.06676   0.03694   0.12227   0.00000   0.06573   0.00000   0.01982   0.06803   0.11631   0.20243   0.01503   0.14424   0.00595   0.00000   0.08466   0.12564   0.12880   0.18613   0.07591   0.19981   0.04694   0.11410   0.01035   0.05075   0.04808   0.04429   0.06695   0.01309   0.04998   0.00661   0.08445   0.12096   0.17049   0.03452   0.04696   0.10320   0.12359   0.26817   2.97076   0.79904   0.61466   1.15768  
 85  1.0527   6725.058710  x:  0.01200   0.06902   0.10260   0.14600   0.00823   0.04472   0.15744   0.00000   0.40404   0.07056   0.00000   0.18127   0.03554   0.11758   0.06202   0.15329   0.10873   0.06676   0.03691   0.12229   0.00000   0.06576   0.00000   0.01986   0.06809   0.11630   0.20243   0.01502   0.14414   0.00596   0.00000   0.08465   0.12562   0.12881   0.18612   0.07590   0.19984   0.04694   0.11408   0.01035   0.05075   0.04807   0.04429   0.06694   0.01309   0.04999   0.00661   0.08445   0.12097   0.17047   0.03457   0.04698   0.10318   0.12360   0.26811   2.97082   0.79908   0.61462   1.15787  
 86  0.7990   6725.058660  x:  0.01201   0.06903   0.10262   0.14601   0.00823   0.04472   0.15748   0.00000   0.40395   0.07055   0.00000   0.18123   0.03551   0.11759   0.06202   0.15322   0.10879   0.06674   0.03690   0.12225   0.00000   0.06573   0.00000   0.01985   0.06809   0.11626   0.20243   0.01509   0.14414   0.00595   0.00000   0.08465   0.12563   0.12880   0.18611   0.07589   0.19990   0.04695   0.11408   0.01034   0.05075   0.04807   0.04430   0.06695   0.01309   0.05001   0.00661   0.08445   0.12094   0.17046   0.03457   0.04699   0.10318   0.12360   0.26799   2.97092   0.79905   0.61461   1.15823  
 87  0.4553   6725.058570  x:  0.01200   0.06904   0.10266   0.14604   0.00823   0.04472   0.15752   0.00000   0.40379   0.07055   0.00000   0.18118   0.03550   0.11760   0.06202   0.15311   0.10886   0.06672   0.03691   0.12217   0.00000   0.06569   0.00000   0.01983   0.06807   0.11620   0.20244   0.01500   0.14418   0.00595   0.00000   0.08464   0.12565   0.12877   0.18610   0.07589   0.20000   0.04694   0.11409   0.01034   0.05076   0.04807   0.04430   0.06696   0.01309   0.05001   0.00661   0.08446   0.12090   0.17043   0.03455   0.04698   0.10317   0.12360   0.26780   2.97113   0.79895   0.61462   1.15891  
 88  2.2070   6725.058449  x:  0.01201   0.06899   0.10268   0.14605   0.00823   0.04473   0.15748   0.00000   0.40360   0.07057   0.00000   0.18120   0.03559   0.11760   0.06201   0.15302   0.10890   0.06675   0.03692   0.12218   0.00000   0.06577   0.00000   0.01987   0.06802   0.11612   0.20243   0.01503   0.14424   0.00595   0.00000   0.08464   0.12564   0.12875   0.18609   0.07590   0.20003   0.04690   0.11409   0.01034   0.05072   0.04807   0.04426   0.06692   0.01309   0.04992   0.00661   0.08443   0.12091   0.17043   0.03457   0.04695   0.10318   0.12358   0.26766   2.97143   0.79874   0.61470   1.15996  
 89  1.5264   6725.058046  x:  0.01200   0.06892   0.10259   0.14600   0.00822   0.04475   0.15723   0.00000   0.40312   0.07062   0.00000   0.18136   0.03548   0.11757   0.06194   0.15290   0.10892   0.06681   0.03685   0.12236   0.00000   0.06584   0.00000   0.01986   0.06801   0.11595   0.20239   0.01502   0.14432   0.00595   0.00000   0.08465   0.12557   0.12875   0.18607   0.07591   0.19993   0.04696   0.11405   0.01035   0.05073   0.04807   0.04432   0.06687   0.01309   0.05004   0.00661   0.08437   0.12099   0.17046   0.03453   0.04700   0.10321   0.12356   0.26753   2.97249   0.79790   0.61509   1.16363  
 90  3.1101   6725.057466  x:  0.01210   0.06903   0.10249   0.14593   0.00821   0.04478   0.15704   0.00000   0.40272   0.07056   0.00000   0.18149   0.03559   0.11754   0.06205   0.15291   0.10893   0.06674   0.03691   0.12241   0.00000   0.06559   0.00000   0.01984   0.06807   0.11581   0.20233   0.01502   0.14425   0.00596   0.00000   0.08463   0.12553   0.12877   0.18605   0.07587   0.19972   0.04696   0.11402   0.01024   0.05076   0.04805   0.04426   0.06699   0.01310   0.05003   0.00660   0.08442   0.12101   0.17048   0.03454   0.04697   0.10320   0.12355   0.26763   2.97401   0.79668   0.61573   1.16902  
 91  7.3895   6725.056948  x:  0.01190   0.06908   0.10248   0.14591   0.00820   0.04479   0.15701   0.00000   0.40254   0.07052   0.00000   0.18149   0.03560   0.11753   0.06209   0.15299   0.10892   0.06665   0.03693   0.12233   0.00000   0.06551   0.00000   0.01989   0.06807   0.11575   0.20230   0.01503   0.14414   0.00596   0.00000   0.08461   0.12554   0.12879   0.18604   0.07585   0.19957   0.04690   0.11402   0.01043   0.05078   0.04805   0.04425   0.06702   0.01309   0.04996   0.00660   0.08447   0.12098   0.17049   0.03454   0.04695   0.10318   0.12356   0.26779   2.97536   0.79560   0.61636   1.17387  
 92 15.9696   6725.055736  x:  0.01202   0.06908   0.10260   0.14593   0.00817   0.04476   0.15722   0.00000   0.40248   0.07056   0.00000   0.18130   0.03543   0.11753   0.06199   0.15330   0.10886   0.06651   0.03687   0.12203   0.00000   0.06575   0.00000   0.02000   0.06793   0.11575   0.20227   0.01501   0.14388   0.00597   0.00000   0.08459   0.12563   0.12880   0.18606   0.07583   0.19940   0.04684   0.11407   0.01033   0.05066   0.04808   0.04432   0.06693   0.01310   0.04990   0.00659   0.08451   0.12083   0.17045   0.03450   0.04698   0.10310   0.12357   0.26825   2.97848   0.79315   0.61793   1.18535  
 93 20.1917   6725.054828  x:  0.01201   0.06894   0.10272   0.14599   0.00815   0.04471   0.15748   0.00000   0.40280   0.07061   0.00000   0.18110   0.03568   0.11757   0.06198   0.15348   0.10870   0.06674   0.03689   0.12201   0.00000   0.06578   0.00000   0.01984   0.06789   0.11587   0.20231   0.01500   0.14392   0.00597   0.00000   0.08463   0.12565   0.12878   0.18608   0.07588   0.19950   0.04700   0.11409   0.01035   0.05077   0.04803   0.04425   0.06688   0.01309   0.05014   0.00659   0.08439   0.12081   0.17041   0.03450   0.04701   0.10311   0.12357   0.26845   2.98075   0.79145   0.61923   1.19404  
 94 16.5304   6725.053916  x:  0.01202   0.06891   0.10272   0.14603   0.00812   0.04469   0.15767   0.00000   0.40344   0.07061   0.00000   0.18101   0.03554   0.11760   0.06199   0.15357   0.10844   0.06691   0.03678   0.12228   0.00000   0.06557   0.00000   0.02001   0.06798   0.11611   0.20243   0.01500   0.14419   0.00597   0.00000   0.08467   0.12560   0.12876   0.18611   0.07592   0.19985   0.04694   0.11406   0.01034   0.05079   0.04806   0.04432   0.06701   0.01309   0.04998   0.00659   0.08433   0.12095   0.17039   0.03450   0.04697   0.10320   0.12355   0.26838   2.98289   0.78990   0.62076   1.20284  
 95 13.8180   6725.053343  x:  0.01201   0.06908   0.10259   0.14601   0.00812   0.04474   0.15762   0.00000   0.40396   0.07055   0.00000   0.18116   0.03557   0.11760   0.06205   0.15360   0.10836   0.06666   0.03685   0.12240   0.00000   0.06571   0.00000   0.01995   0.06789   0.11630   0.20251   0.01500   0.14430   0.00597   0.00000   0.08464   0.12557   0.12879   0.18613   0.07588   0.20010   0.04691   0.11406   0.01036   0.05068   0.04806   0.04425   0.06698   0.01309   0.05007   0.00658   0.08449   0.12103   0.17045   0.03448   0.04704   0.10323   0.12357   0.26811   2.98406   0.78906   0.62202   1.20839  
 96  8.6729   6725.052893  x:  0.01202   0.06902   0.10251   0.14599   0.00813   0.04476   0.15742   0.00000   0.40429   0.07061   0.00000   0.18139   0.03560   0.11759   0.06199   0.15362   0.10845   0.06661   0.03694   0.12225   0.00000   0.06571   0.00000   0.02002   0.06790   0.11641   0.20252   0.01501   0.14418   0.00597   0.00000   0.08463   0.12562   0.12884   0.18614   0.07587   0.20017   0.04701   0.11409   0.01034   0.05087   0.04805   0.04439   0.06694   0.01308   0.05004   0.00659   0.08448   0.12097   0.17053   0.03450   0.04695   0.10320   0.12360   0.26780   2.98475   0.78854   0.62338   1.21281  
 97  5.6975   6725.052413  x:  0.01202   0.06892   0.10253   0.14600   0.00811   0.04476   0.15726   0.00000   0.40448   0.07064   0.00000   0.18153   0.03558   0.11759   0.06198   0.15361   0.10860   0.06674   0.03679   0.12210   0.00000   0.06563   0.00000   0.01998   0.06794   0.11647   0.20249   0.01501   0.14402   0.00598   0.00000   0.08465   0.12568   0.12888   0.18616   0.07589   0.20012   0.04692   0.11412   0.01034   0.05076   0.04807   0.04421   0.06698   0.01307   0.05004   0.00660   0.08440   0.12089   0.17057   0.03448   0.04705   0.10316   0.12365   0.26756   2.98527   0.78812   0.62507   1.21753  
 98  7.6698   6725.051367  x:  0.01201   0.06910   0.10276   0.14608   0.00810   0.04478   0.15731   0.00000   0.40438   0.07051   0.00000   0.18140   0.03562   0.11763   0.06215   0.15346   0.10886   0.06696   0.03683   0.12222   0.00000   0.06569   0.00000   0.02000   0.06786   0.11640   0.20241   0.01499   0.14397   0.00598   0.00000   0.08468   0.12567   0.12884   0.18618   0.07592   0.19981   0.04694   0.11408   0.01036   0.05054   0.04807   0.04448   0.06708   0.01305   0.05011   0.00661   0.08438   0.12092   0.17052   0.03449   0.04700   0.10319   0.12370   0.26746   2.98601   0.78756   0.62907   1.22796  
 99  8.2579   6725.050248  x:  0.01202   0.06915   0.10287   0.14612   0.00811   0.04479   0.15752   0.00000   0.40409   0.07056   0.00000   0.18118   0.03555   0.11766   0.06208   0.15325   0.10899   0.06680   0.03682   0.12241   0.00000   0.06574   0.00000   0.02006   0.06785   0.11626   0.20239   0.01498   0.14409   0.00598   0.00000   0.08468   0.12562   0.12880   0.18619   0.07592   0.19957   0.04697   0.11407   0.01033   0.05088   0.04805   0.04422   0.06699   0.01301   0.05005   0.00663   0.08448   0.12102   0.17045   0.03449   0.04700   0.10325   0.12370   0.26759   2.98660   0.78709   0.63338   1.23925  
100 20.8647   6725.049715  x:  0.01203   0.06894   0.10270   0.14605   0.00812   0.04477   0.15764   0.00000   0.40384   0.07069   0.00000   0.18117   0.03566   0.11765   0.06196   0.15320   0.10890   0.06660   0.03684   0.12236   0.00000   0.06562   0.00000   0.01999   0.06793   0.11617   0.20247   0.01498   0.14421   0.00597   0.00000   0.08466   0.12561   0.12882   0.18618   0.07591   0.19970   0.04690   0.11411   0.01033   0.05077   0.04809   0.04436   0.06697   0.01300   0.05006   0.00664   0.08449   0.12103   0.17046   0.03448   0.04706   0.10323   0.12365   0.26782   2.98668   0.78696   0.63530   1.24470  
101 10.1118   6725.049308  x:  0.01202   0.06896   0.10249   0.14599   0.00811   0.04475   0.15761   0.00000   0.40359   0.07064   0.00000   0.18126   0.03558   0.11761   0.06201   0.15327   0.10873   0.06668   0.03689   0.12222   0.00000   0.06566   0.00000   0.02008   0.06790   0.11609   0.20257   0.01499   0.14425   0.00597   0.00000   0.08465   0.12564   0.12886   0.18616   0.07590   0.20001   0.04703   0.11413   0.01035   0.05068   0.04803   0.04425   0.06701   0.01299   0.05008   0.00664   0.08443   0.12097   0.17051   0.03449   0.04697   0.10319   0.12360   0.26808   2.98649   0.78691   0.63655   1.24893  
102  6.4799   6725.049035  x:  0.01201   0.06905   0.10246   0.14598   0.00810   0.04476   0.15753   0.00000   0.40344   0.07056   0.00000   0.18134   0.03561   0.11760   0.06208   0.15342   0.10861   0.06677   0.03678   0.12218   0.00000   0.06570   0.00000   0.02001   0.06783   0.11606   0.20261   0.01499   0.14418   0.00597   0.00000   0.08464   0.12565   0.12886   0.18614   0.07589   0.20023   0.04693   0.11409   0.01034   0.05081   0.04807   0.04432   0.06700   0.01298   0.05004   0.00665   0.08442   0.12094   0.17053   0.03447   0.04704   0.10317   0.12358   0.26819   2.98617   0.78686   0.63723   1.25183  
103  5.5115   6725.048484  x:  0.01201   0.06906   0.10273   0.14610   0.00809   0.04479   0.15732   0.00000   0.40325   0.07067   0.00000   0.18137   0.03562   0.11762   0.06194   0.15391   0.10839   0.06675   0.03687   0.12234   0.00000   0.06561   0.00000   0.02007   0.06787   0.11605   0.20255   0.01497   0.14395   0.00598   0.00000   0.08464   0.12560   0.12877   0.18611   0.07589   0.20042   0.04687   0.11399   0.01034   0.05074   0.04805   0.04428   0.06691   0.01296   0.05010   0.00665   0.08451   0.12095   0.17048   0.03447   0.04700   0.10319   0.12362   0.26814   2.98500   0.78650   0.63829   1.25781  
104  4.3584   6725.047738  x:  0.01201   0.06890   0.10279   0.14608   0.00808   0.04477   0.15724   0.00000   0.40313   0.07062   0.00000   0.18124   0.03563   0.11762   0.06204   0.15435   0.10805   0.06652   0.03673   0.12237   0.00000   0.06565   0.00000   0.01999   0.06784   0.11607   0.20243   0.01496   0.14391   0.00598   0.00000   0.08463   0.12555   0.12872   0.18608   0.07589   0.20024   0.04713   0.11403   0.01035   0.05070   0.04803   0.04429   0.06706   0.01294   0.04995   0.00666   0.08441   0.12098   0.17039   0.03446   0.04700   0.10317   0.12364   0.26785   2.98305   0.78561   0.63964   1.26589  
105  8.0091   6725.046626  x:  0.01202   0.06882   0.10256   0.14591   0.00809   0.04473   0.15730   0.00000   0.40306   0.07051   0.00000   0.18103   0.03556   0.11757   0.06210   0.15471   0.10759   0.06657   0.03692   0.12221   0.00000   0.06567   0.00000   0.02008   0.06777   0.11611   0.20228   0.01498   0.14406   0.00597   0.00000   0.08461   0.12552   0.12873   0.18605   0.07588   0.19979   0.04684   0.11411   0.01032   0.05078   0.04804   0.04426   0.06706   0.01291   0.05008   0.00667   0.08429   0.12096   0.17030   0.03444   0.04703   0.10312   0.12361   0.26740   2.97994   0.78395   0.64166   1.27793  
106 17.4768   6725.046002  x:  0.01200   0.06907   0.10243   0.14583   0.00807   0.04473   0.15742   0.00000   0.40308   0.07061   0.00000   0.18103   0.03563   0.11754   0.06194   0.15462   0.10748   0.06672   0.03674   0.12212   0.00000   0.06557   0.00000   0.02005   0.06778   0.11611   0.20229   0.01498   0.14413   0.00597   0.00000   0.08460   0.12555   0.12876   0.18604   0.07585   0.19963   0.04693   0.11406   0.01034   0.05071   0.04802   0.04428   0.06686   0.01291   0.05004   0.00667   0.08442   0.12090   0.17033   0.03444   0.04696   0.10311   0.12358   0.26729   2.97807   0.78279   0.64282   1.28467  
107 12.5066   6725.045123  x:  0.01201   0.06901   0.10255   0.14594   0.00807   0.04472   0.15758   0.00000   0.40317   0.07069   0.00000   0.18127   0.03564   0.11754   0.06197   0.15404   0.10790   0.06676   0.03686   0.12222   0.00000   0.06567   0.00000   0.02009   0.06779   0.11608   0.20251   0.01498   0.14403   0.00597   0.00000   0.08462   0.12561   0.12881   0.18606   0.07587   0.19982   0.04699   0.11390   0.01035   0.05074   0.04808   0.04428   0.06711   0.01290   0.05001   0.00667   0.08456   0.12087   0.17050   0.03443   0.04713   0.10315   0.12360   0.26757   2.97529   0.78078   0.64451   1.29405  
108  7.5746   6725.044859  x:  0.01202   0.06896   0.10259   0.14599   0.00805   0.04475   0.15758   0.00000   0.40321   0.07062   0.00000   0.18132   0.03561   0.11758   0.06204   0.15389   0.10815   0.06667   0.03678   0.12226   0.00000   0.06565   0.00000   0.02008   0.06779   0.11606   0.20258   0.01497   0.14402   0.00598   0.00000   0.08464   0.12562   0.12882   0.18609   0.07590   0.19995   0.04692   0.11397   0.01034   0.05075   0.04803   0.04429   0.06703   0.01290   0.05008   0.00667   0.08447   0.12092   0.17053   0.03445   0.04697   0.10316   0.12363   0.26771   2.97444   0.78014   0.64503   1.29684  
109  8.2719   6725.044797  x:  0.01201   0.06899   0.10258   0.14600   0.00805   0.04477   0.15754   0.00000   0.40322   0.07060   0.00000   0.18130   0.03562   0.11760   0.06203   0.15389   0.10827   0.06667   0.03682   0.12226   0.00000   0.06562   0.00000   0.02009   0.06779   0.11605   0.20257   0.01497   0.14404   0.00598   0.00000   0.08465   0.12560   0.12882   0.18612   0.07590   0.20000   0.04695   0.11407   0.01034   0.05074   0.04805   0.04429   0.06697   0.01290   0.05006   0.00667   0.08442   0.12097   0.17051   0.03444   0.04704   0.10316   0.12365   0.26776   2.97424   0.77999   0.64515   1.29749  
110  1.8448   6725.044758  x:  0.01201   0.06900   0.10257   0.14599   0.00805   0.04477   0.15752   0.00000   0.40322   0.07061   0.00000   0.18128   0.03562   0.11760   0.06203   0.15389   0.10829   0.06668   0.03682   0.12226   0.00000   0.06563   0.00012   0.02009   0.06779   0.11605   0.20256   0.01497   0.14406   0.00598   0.00000   0.08465   0.12560   0.12882   0.18612   0.07590   0.20001   0.04695   0.11408   0.01034   0.05075   0.04805   0.04429   0.06699   0.01290   0.05006   0.00667   0.08443   0.12098   0.17049   0.03444   0.04703   0.10316   0.12366   0.26777   2.97421   0.77998   0.64517   1.29757  
111  0.7206   6725.044741  x:  0.01201   0.06899   0.10255   0.14599   0.00805   0.04473   0.15748   0.00000   0.40323   0.07061   0.00000   0.18124   0.03563   0.11761   0.06202   0.15391   0.10834   0.06669   0.03680   0.12227   0.00000   0.06564   0.00011   0.02009   0.06778   0.11604   0.20253   0.01498   0.14409   0.00598   0.00000   0.08464   0.12561   0.12881   0.18615   0.07589   0.20004   0.04695   0.11410   0.01034   0.05075   0.04806   0.04429   0.06701   0.01291   0.05007   0.00667   0.08447   0.12098   0.17047   0.03444   0.04702   0.10315   0.12366   0.26778   2.97415   0.77994   0.64522   1.29774  
112  0.3132   6725.044705  x:  0.01202   0.06897   0.10252   0.14597   0.00804   0.04480   0.15744   0.00000   0.40324   0.07064   0.00000   0.18119   0.03562   0.11760   0.06204   0.15391   0.10836   0.06668   0.03681   0.12228   0.00000   0.06563   0.00011   0.02010   0.06778   0.11602   0.20246   0.01498   0.14411   0.00598   0.00000   0.08463   0.12563   0.12882   0.18619   0.07589   0.20007   0.04695   0.11404   0.01035   0.05075   0.04802   0.04429   0.06701   0.01292   0.05006   0.00666   0.08447   0.12093   0.17045   0.03444   0.04703   0.10315   0.12366   0.26780   2.97405   0.77993   0.64534   1.29804  
113  0.2092   6725.044643  x:  0.01202   0.06899   0.10253   0.14597   0.00803   0.04478   0.15743   0.00000   0.40326   0.07062   0.00000   0.18117   0.03564   0.11759   0.06203   0.15388   0.10830   0.06666   0.03681   0.12227   0.00000   0.06562   0.00012   0.02011   0.06777   0.11597   0.20241   0.01498   0.14408   0.00598   0.00000   0.08465   0.12563   0.12883   0.18620   0.07590   0.20009   0.04696   0.11399   0.01035   0.05075   0.04812   0.04428   0.06700   0.01295   0.05008   0.00663   0.08442   0.12092   0.17045   0.03443   0.04702   0.10315   0.12365   0.26779   2.97390   0.77994   0.64552   1.29845  
114  0.5075   6725.044574  x:  0.01201   0.06900   0.10256   0.14598   0.00802   0.04471   0.15747   0.00000   0.40326   0.07060   0.00000   0.18122   0.03564   0.11759   0.06200   0.15387   0.10825   0.06666   0.03681   0.12226   0.00000   0.06562   0.00014   0.02012   0.06774   0.11595   0.20242   0.01498   0.14404   0.00599   0.00000   0.08465   0.12560   0.12882   0.18617   0.07589   0.20007   0.04695   0.11404   0.01035   0.05075   0.04803   0.04429   0.06701   0.01299   0.05007   0.00661   0.08442   0.12097   0.17048   0.03442   0.04704   0.10316   0.12364   0.26777   2.97374   0.77999   0.64571   1.29890  
115  0.8658   6725.044544  x:  0.01201   0.06898   0.10256   0.14598   0.00800   0.04476   0.15751   0.00000   0.40325   0.07062   0.00000   0.18126   0.03564   0.11760   0.06203   0.15390   0.10828   0.06668   0.03680   0.12226   0.00000   0.06562   0.00013   0.02012   0.06775   0.11596   0.20248   0.01497   0.14405   0.00599   0.00000   0.08463   0.12559   0.12881   0.18613   0.07589   0.20004   0.04695   0.11410   0.01035   0.05075   0.04806   0.04429   0.06701   0.01300   0.05008   0.00660   0.08446   0.12098   0.17049   0.03442   0.04703   0.10315   0.12365   0.26776   2.97367   0.78001   0.64578   1.29911  
116  0.4948   6725.044522  x:  0.01202   0.06899   0.10254   0.14598   0.00800   0.04474   0.15752   0.00000   0.40322   0.07062   0.00000   0.18127   0.03564   0.11761   0.06202   0.15395   0.10833   0.06667   0.03680   0.12228   0.00000   0.06562   0.00013   0.02012   0.06775   0.11602   0.20258   0.01497   0.14409   0.00599   0.00000   0.08465   0.12562   0.12882   0.18611   0.07591   0.20000   0.04695   0.11406   0.01035   0.05075   0.04805   0.04429   0.06702   0.01301   0.05008   0.00659   0.08444   0.12095   0.17048   0.03442   0.04703   0.10315   0.12367   0.26775   2.97364   0.78003   0.64581   1.29924  
117  0.1651   6725.044442  x:  0.01202   0.06894   0.10257   0.14600   0.00800   0.04471   0.15745   0.00000   0.40316   0.07059   0.00000   0.18121   0.03563   0.11758   0.06206   0.15389   0.10830   0.06668   0.03680   0.12227   0.00000   0.06559   0.00016   0.02012   0.06774   0.11626   0.20271   0.01497   0.14407   0.00599   0.00000   0.08457   0.12562   0.12884   0.18615   0.07582   0.19997   0.04696   0.11400   0.01035   0.05074   0.04805   0.04429   0.06695   0.01301   0.05007   0.00659   0.08445   0.12095   0.17045   0.03442   0.04704   0.10316   0.12366   0.26775   2.97363   0.78003   0.64589   1.29951  
118  0.1129   6725.044188  x:  0.01201   0.06902   0.10258   0.14601   0.00801   0.04482   0.15731   0.00000   0.40302   0.07063   0.00000   0.18109   0.03564   0.11756   0.06197   0.15371   0.10828   0.06668   0.03681   0.12222   0.00000   0.06566   0.00008   0.02007   0.06779   0.11679   0.20276   0.01497   0.14401   0.00599   0.00000   0.08464   0.12557   0.12885   0.18625   0.07589   0.19998   0.04693   0.11412   0.01035   0.05075   0.04805   0.04428   0.06705   0.01303   0.05006   0.00658   0.08442   0.12102   0.17040   0.03444   0.04701   0.10315   0.12361   0.26778   2.97347   0.77993   0.64616   1.30077  
119  0.8057   6725.043443  x:  0.01200   0.06900   0.10255   0.14594   0.00810   0.04462   0.15744   0.00000   0.40293   0.07070   0.00000   0.18124   0.03553   0.11768   0.06218   0.15352   0.10837   0.06668   0.03686   0.12225   0.00000   0.06565   0.00005   0.01997   0.06788   0.11739   0.20226   0.01500   0.14407   0.00598   0.00000   0.08481   0.12559   0.12870   0.18613   0.07606   0.20001   0.04694   0.11413   0.01034   0.05074   0.04806   0.04428   0.06689   0.01307   0.05001   0.00658   0.08451   0.12087   0.17052   0.03449   0.04701   0.10316   0.12361   0.26784   2.97322   0.77980   0.64677   1.30388  
120  1.2769   6725.042735  x:  0.01199   0.06898   0.10257   0.14593   0.00813   0.04469   0.15752   0.00000   0.40299   0.07055   0.00000   0.18134   0.03552   0.11769   0.06204   0.15349   0.10849   0.06670   0.03687   0.12225   0.00000   0.06568   0.00000   0.01990   0.06794   0.11745   0.20205   0.01500   0.14414   0.00597   0.00000   0.08468   0.12560   0.12865   0.18603   0.07594   0.20000   0.04693   0.11408   0.01034   0.05073   0.04806   0.04428   0.06692   0.01309   0.04998   0.00658   0.08446   0.12085   0.17055   0.03452   0.04699   0.10316   0.12361   0.26787   2.97306   0.77971   0.64715   1.30587  
121  4.3192   6725.041275  x:  0.01196   0.06911   0.10271   0.14605   0.00824   0.04462   0.15730   0.00000   0.40359   0.07076   0.00000   0.18125   0.03540   0.11742   0.06218   0.15330   0.10867   0.06672   0.03693   0.12206   0.00000   0.06578   0.00000   0.01967   0.06817   0.11652   0.20234   0.01502   0.14426   0.00594   0.00000   0.08467   0.12554   0.12886   0.18598   0.07589   0.19984   0.04687   0.11404   0.01032   0.05072   0.04807   0.04427   0.06687   0.01316   0.04991   0.00657   0.08436   0.12107   0.17032   0.03464   0.04693   0.10310   0.12351   0.26793   2.97249   0.77943   0.64833   1.31232  
122  4.2973   6725.040982  x:  0.01196   0.06902   0.10268   0.14604   0.00826   0.04468   0.15719   0.00000   0.40374   0.07056   0.00000   0.18117   0.03539   0.11752   0.06210   0.15320   0.10859   0.06673   0.03695   0.12211   0.00000   0.06577   0.00000   0.01963   0.06818   0.11625   0.20252   0.01501   0.14419   0.00594   0.00000   0.08477   0.12557   0.12879   0.18605   0.07602   0.19976   0.04689   0.11408   0.01032   0.05071   0.04807   0.04427   0.06682   0.01317   0.04988   0.00657   0.08450   0.12093   0.17031   0.03465   0.04693   0.10313   0.12349   0.26793   2.97242   0.77940   0.64853   1.31348  
123  2.5459   6725.040953  x:  0.01196   0.06904   0.10267   0.14602   0.00826   0.04468   0.15717   0.00000   0.40376   0.07059   0.00000   0.18115   0.03538   0.11759   0.06211   0.15318   0.10858   0.06673   0.03695   0.12214   0.00000   0.06577   0.00000   0.01963   0.06819   0.11621   0.20256   0.01502   0.14417   0.00594   0.00000   0.08474   0.12558   0.12871   0.18607   0.07599   0.19975   0.04689   0.11411   0.01032   0.05071   0.04807   0.04427   0.06682   0.01317   0.04988   0.00657   0.08446   0.12087   0.17034   0.03466   0.04693   0.10313   0.12350   0.26793   2.97241   0.77940   0.64856   1.31361  
124  0.4687   6725.040952  x:  0.01196   0.06904   0.10267   0.14601   0.00826   0.04468   0.15717   0.00000   0.40376   0.07059   0.00000   0.18114   0.03538   0.11759   0.06211   0.15318   0.10858   0.06673   0.03695   0.12213   0.00000   0.06577   0.00000   0.01963   0.06819   0.11621   0.20257   0.01502   0.14417   0.00594   0.00000   0.08474   0.12557   0.12870   0.18609   0.07599   0.19975   0.04689   0.11410   0.01032   0.05071   0.04807   0.04427   0.06682   0.01317   0.04988   0.00657   0.08446   0.12089   0.17036   0.03466   0.04693   0.10313   0.12350   0.26793   2.97241   0.77940   0.64856   1.31362  
125  0.0434   6725.040950  x:  0.01196   0.06904   0.10268   0.14600   0.00826   0.04468   0.15718   0.00000   0.40376   0.07059   0.00000   0.18114   0.03538   0.11757   0.06211   0.15318   0.10858   0.06673   0.03695   0.12214   0.00000   0.06577   0.00000   0.01963   0.06819   0.11621   0.20256   0.01502   0.14418   0.00594   0.00000   0.08474   0.12558   0.12872   0.18610   0.07599   0.19975   0.04689   0.11411   0.01032   0.05071   0.04807   0.04427   0.06682   0.01317   0.04988   0.00657   0.08446   0.12087   0.17039   0.03466   0.04693   0.10314   0.12350   0.26793   2.97241   0.77940   0.64856   1.31366  
126  0.0126   6725.040864  x:  0.01196   0.06903   0.10273   0.14587   0.00827   0.04469   0.15724   0.00000   0.40378   0.07054   0.00000   0.18123   0.03538   0.11771   0.06206   0.15316   0.10863   0.06674   0.03696   0.12213   0.00000   0.06578   0.00000   0.01962   0.06823   0.11621   0.20249   0.01502   0.14418   0.00594   0.00000   0.08470   0.12563   0.12878   0.18616   0.07591   0.19975   0.04689   0.11406   0.01032   0.05071   0.04807   0.04426   0.06684   0.01318   0.04988   0.00657   0.08444   0.12092   0.17031   0.03466   0.04693   0.10315   0.12349   0.26793   2.97248   0.77927   0.64893   1.31563  
127  0.0600   6725.040724  x:  0.01196   0.06901   0.10270   0.14591   0.00827   0.04470   0.15728   0.00000   0.40381   0.07045   0.00000   0.18126   0.03539   0.11756   0.06198   0.15312   0.10870   0.06674   0.03697   0.12213   0.00000   0.06580   0.00000   0.01961   0.06828   0.11623   0.20238   0.01502   0.14422   0.00593   0.00000   0.08457   0.12555   0.12863   0.18603   0.07590   0.19976   0.04689   0.11404   0.01032   0.05071   0.04807   0.04426   0.06684   0.01319   0.04987   0.00657   0.08441   0.12084   0.17032   0.03465   0.04692   0.10311   0.12350   0.26795   2.97259   0.77900   0.64955   1.31882  
128  1.9711   6725.040709  x:  0.01196   0.06901   0.10267   0.14596   0.00827   0.04471   0.15727   0.00000   0.40382   0.07044   0.00000   0.18123   0.03540   0.11756   0.06197   0.15312   0.10871   0.06674   0.03698   0.12213   0.00000   0.06580   0.00000   0.01961   0.06828   0.11623   0.20237   0.01502   0.14421   0.00594   0.00000   0.08461   0.12557   0.12864   0.18598   0.07584   0.19976   0.04689   0.11404   0.01032   0.05071   0.04807   0.04426   0.06685   0.01319   0.04987   0.00657   0.08441   0.12084   0.17036   0.03465   0.04692   0.10311   0.12350   0.26795   2.97260   0.77898   0.64962   1.31914  
129  0.6384   6725.040707  x:  0.01196   0.06901   0.10267   0.14598   0.00827   0.04471   0.15727   0.00000   0.40382   0.07044   0.00000   0.18122   0.03540   0.11758   0.06197   0.15312   0.10871   0.06674   0.03698   0.12213   0.00000   0.06580   0.00000   0.01961   0.06828   0.11623   0.20237   0.01502   0.14421   0.00594   0.00000   0.08459   0.12558   0.12865   0.18597   0.07585   0.19975   0.04689   0.11403   0.01032   0.05071   0.04807   0.04426   0.06685   0.01319   0.04987   0.00657   0.08441   0.12085   0.17038   0.03465   0.04692   0.10312   0.12350   0.26795   2.97261   0.77898   0.64962   1.31919  
130  0.1344   6725.040707  x:  0.01196   0.06901   0.10266   0.14599   0.00827   0.04471   0.15727   0.00000   0.40382   0.07044   0.00000   0.18122   0.03540   0.11758   0.06197   0.15312   0.10871   0.06674   0.03698   0.12213   0.00000   0.06580   0.00000   0.01961   0.06828   0.11623   0.20237   0.01502   0.14421   0.00594   0.00000   0.08459   0.12558   0.12865   0.18597   0.07585   0.19975   0.04689   0.11403   0.01032   0.05071   0.04807   0.04426   0.06685   0.01319   0.04987   0.00657   0.08441   0.12085   0.17038   0.03465   0.04692   0.10312   0.12350   0.26795   2.97261   0.77898   0.64962   1.31919  
131  0.0051   6725.040707  x:  0.01196   0.06901   0.10266   0.14599   0.00827   0.04471   0.15727   0.00000   0.40382   0.07044   0.00000   0.18122   0.03540   0.11758   0.06197   0.15312   0.10871   0.06674   0.03698   0.12213   0.00000   0.06580   0.00000   0.01961   0.06828   0.11623   0.20236   0.01502   0.14421   0.00594   0.00000   0.08459   0.12558   0.12865   0.18597   0.07585   0.19975   0.04689   0.11403   0.01032   0.05071   0.04807   0.04426   0.06685   0.01319   0.04987   0.00657   0.08441   0.12085   0.17038   0.03465   0.04692   0.10312   0.12350   0.26795   2.97261   0.77898   0.64962   1.31919  
132  0.0017   6725.040707  x:  0.01196   0.06901   0.10266   0.14599   0.00827   0.04471   0.15727   0.00000   0.40382   0.07044   0.00000   0.18122   0.03540   0.11758   0.06197   0.15311   0.10871   0.06674   0.03697   0.12213   0.00000   0.06580   0.00000   0.01961   0.06828   0.11622   0.20237   0.01502   0.14421   0.00594   0.00000   0.08459   0.12559   0.12865   0.18597   0.07585   0.19975   0.04689   0.11403   0.01032   0.05071   0.04807   0.04426   0.06685   0.01319   0.04987   0.00657   0.08441   0.12085   0.17038   0.03465   0.04692   0.10310   0.12351   0.26795   2.97261   0.77899   0.64961   1.31916  
133  0.0008   6725.040705  x:  0.01197   0.06900   0.10266   0.14599   0.00827   0.04470   0.15727   0.00000   0.40383   0.07044   0.00000   0.18122   0.03540   0.11758   0.06197   0.15310   0.10872   0.06674   0.03697   0.12213   0.00000   0.06579   0.00000   0.01961   0.06826   0.11620   0.20237   0.01502   0.14421   0.00594   0.00000   0.08459   0.12557   0.12866   0.18596   0.07585   0.19975   0.04689   0.11403   0.01032   0.05071   0.04807   0.04426   0.06685   0.01319   0.04987   0.00657   0.08441   0.12085   0.17038   0.03465   0.04692   0.10312   0.12351   0.26795   2.97262   0.77903   0.64957   1.31909  
134  0.0516   6725.040705  x:  0.01197   0.06900   0.10266   0.14599   0.00827   0.04470   0.15727   0.00000   0.40383   0.07044   0.00000   0.18122   0.03540   0.11758   0.06197   0.15311   0.10872   0.06674   0.03697   0.12213   0.00000   0.06579   0.00000   0.01961   0.06826   0.11620   0.20237   0.01502   0.14421   0.00594   0.00000   0.08459   0.12557   0.12865   0.18596   0.07585   0.19975   0.04689   0.11403   0.01032   0.05071   0.04807   0.04426   0.06685   0.01319   0.04987   0.00657   0.08441   0.12085   0.17038   0.03465   0.04692   0.10312   0.12350   0.26795   2.97262   0.77903   0.64957   1.31908  
135  0.0170   6725.040705  x:  0.01197   0.06900   0.10266   0.14598   0.00827   0.04470   0.15727   0.00000   0.40383   0.07044   0.00000   0.18122   0.03540   0.11758   0.06197   0.15310   0.10872   0.06674   0.03697   0.12213   0.00000   0.06579   0.00000   0.01961   0.06826   0.11620   0.20237   0.01502   0.14421   0.00594   0.00000   0.08459   0.12557   0.12865   0.18596   0.07585   0.19975   0.04689   0.11403   0.01032   0.05071   0.04807   0.04426   0.06685   0.01319   0.04987   0.00657   0.08441   0.12085   0.17038   0.03465   0.04692   0.10312   0.12350   0.26795   2.97265   0.77901   0.64959   1.31922  
136  0.0001   6725.040705  x:  0.01197   0.06900   0.10266   0.14598   0.00827   0.04470   0.15727   0.00000   0.40383   0.07044   0.00000   0.18122   0.03540   0.11758   0.06197   0.15310   0.10872   0.06674   0.03697   0.12213   0.00000   0.06579   0.00000   0.01961   0.06826   0.11620   0.20237   0.01502   0.14421   0.00594   0.00000   0.08459   0.12557   0.12865   0.18596   0.07585   0.19975   0.04689   0.11403   0.01032   0.05071   0.04807   0.04426   0.06685   0.01319   0.04987   0.00657   0.08441   0.12085   0.17038   0.03465   0.04692   0.10312   0.12350   0.26795   2.97264   0.77901   0.64959   1.31922  
137  0.0000   6725.040705  x:  0.01197   0.06900   0.10266   0.14598   0.00827   0.04470   0.15727   0.00000   0.40383   0.07044   0.00000   0.18122   0.03540   0.11758   0.06197   0.15310   0.10872   0.06674   0.03697   0.12213   0.00000   0.06579   0.00000   0.01961   0.06826   0.11620   0.20237   0.01502   0.14421   0.00594   0.00000   0.08459   0.12557   0.12865   0.18596   0.07585   0.19975   0.04689   0.11403   0.01032   0.05071   0.04807   0.04426   0.06685   0.01319   0.04987   0.00657   0.08441   0.12085   0.17038   0.03465   0.04692   0.10312   0.12350   0.26795   2.97264   0.77901   0.64959   1.31923  
138  0.0000   6725.040705  x:  0.01197   0.06900   0.10266   0.14598   0.00827   0.04470   0.15727   0.00000   0.40383   0.07044   0.00000   0.18122   0.03540   0.11758   0.06197   0.15310   0.10872   0.06674   0.03697   0.12213   0.00000   0.06579   0.00000   0.01961   0.06826   0.11620   0.20237   0.01502   0.14421   0.00594   0.00000   0.08459   0.12557   0.12865   0.18596   0.07585   0.19975   0.04689   0.11403   0.01032   0.05071   0.04807   0.04426   0.06685   0.01319   0.04987   0.00657   0.08441   0.12085   0.17038   0.03465   0.04692   0.10312   0.12350   0.26795   2.97264   0.77901   0.64959   1.31923  
139  0.0000   6725.040705  x:  0.01197   0.06900   0.10266   0.14598   0.00827   0.04470   0.15727   0.00000   0.40383   0.07044   0.00000   0.18122   0.03540   0.11758   0.06197   0.15310   0.10872   0.06674   0.03697   0.12213   0.00000   0.06579   0.00000   0.01961   0.06826   0.11620   0.20237   0.01502   0.14421   0.00594   0.00000   0.08459   0.12557   0.12865   0.18596   0.07585   0.19975   0.04689   0.11403   0.01032   0.05071   0.04807   0.04426   0.06685   0.01319   0.04987   0.00657   0.08441   0.12085   0.17038   0.03465   0.04692   0.10312   0.12350   0.26795   2.97264   0.77901   0.64959   1.31923  