

TREE # 1

  0  0.0000   7629.200147  x:  0.03686   0.10086   0.04084   0.02832   0.07620   0.05454   0.01261   0.10134   0.03617   0.09712   0.02618   0.09274   0.05786   0.02746   0.02415   0.06054   0.01897   0.10876   0.10438   0.10130   0.01338   0.02414   0.08704   0.07069   0.02876   0.08689   0.04764   0.09233   0.07671   0.01614   0.05804   0.10313   0.10532   0.06408   0.05290   0.05881   0.09866   0.05555   0.01346   0.09781   0.04306   0.07598   0.03614   0.03721   0.01468   0.01859   0.02787   0.04899   0.01822   0.07682   0.04552   0.04010   0.08137   0.04291   0.07156   2.00000   0.90000   0.44791   1.74727  
  1 99.0000   7371.603433  x:  0.02996   0.09368   0.03867   0.03218   0.06606   0.05083   0.02048   0.10093   0.04703   0.10551   0.03614   0.10278   0.05632   0.04146   0.04697   0.05099   0.03729   0.11420   0.09595   0.09746   0.00000   0.03752   0.07896   0.06684   0.15302   0.09106   0.05596   0.08061   0.09006   0.00711   0.04667   0.09395   0.10354   0.07098   0.06882   0.06750   0.10282   0.09557   0.03092   0.08528   0.03449   0.06531   0.03639   0.03705   0.02235   0.03288   0.01864   0.05752   0.04856   0.06673   0.03902   0.04433   0.07016   0.04613   0.07808   2.00046   0.91503   0.43440   1.74987  
  2 3509.4505   7314.541894  x:  0.02280   0.08684   0.03612   0.03416   0.05667   0.04731   0.02140   0.09993   0.05264   0.11152   0.03913   0.11002   0.05324   0.04425   0.05138   0.04206   0.04025   0.11805   0.08765   0.09460   0.00000   0.03886   0.06992   0.06079   0.14721   0.09385   0.06089   0.06934   0.09918   0.00000   0.03637   0.08581   0.10249   0.07479   0.07778   0.07319   0.10632   0.11130   0.03032   0.07332   0.02753   0.05598   0.03420   0.03926   0.02258   0.03496   0.01127   0.05973   0.04680   0.05834   0.03281   0.04792   0.06044   0.04753   0.08223   2.00068   0.92530   0.42274   1.75190  
  3 1395.6321   7192.865601  x:  0.00841   0.06199   0.02789   0.03474   0.01925   0.03782   0.01449   0.09106   0.05011   0.12015   0.03248   0.12218   0.03646   0.03737   0.04527   0.01300   0.03253   0.12425   0.05384   0.08490   0.00000   0.03339   0.04041   0.04716   0.14571   0.09613   0.06231   0.02174   0.11151   0.00000   0.00000   0.05715   0.10081   0.07470   0.07897   0.07767   0.11260   0.11501   0.03685   0.02362   0.02410   0.02844   0.01923   0.04331   0.04013   0.03423   0.02371   0.04932   0.05637   0.03590   0.01371   0.04844   0.02927   0.04003   0.08100   2.00145   0.96129   0.37793   1.75903  
  4 2364.4611   7159.977124  x:  0.00897   0.05419   0.02763   0.03552   0.00815   0.03912   0.01942   0.08731   0.04852   0.12043   0.03457   0.12394   0.03290   0.03965   0.04353   0.01134   0.03423   0.12441   0.04108   0.08155   0.00000   0.03507   0.03294   0.04566   0.14637   0.09606   0.06263   0.00280   0.11203   0.00000   0.00000   0.04913   0.10089   0.07339   0.07597   0.07670   0.11300   0.11216   0.03605   0.00000   0.02421   0.02549   0.01598   0.04605   0.03542   0.03496   0.02028   0.04626   0.05509   0.03291   0.00850   0.05116   0.02356   0.03960   0.07881   2.00181   0.97419   0.35820   1.76191  
  5 2475.0390   7153.852367  x:  0.01089   0.05077   0.02800   0.03609   0.01027   0.03963   0.01761   0.08548   0.04883   0.12031   0.03347   0.12458   0.03073   0.03947   0.04317   0.01084   0.03378   0.12433   0.03563   0.08020   0.00000   0.03429   0.03098   0.04526   0.14658   0.09628   0.06338   0.00000   0.11228   0.00000   0.00000   0.04669   0.10069   0.07350   0.07555   0.07656   0.11304   0.11274   0.03561   0.00000   0.02379   0.02526   0.01666   0.04599   0.03478   0.03557   0.01872   0.04560   0.05526   0.03252   0.00975   0.05146   0.02330   0.03893   0.07868   2.00192   0.97520   0.34845   1.76318  
  6 878.5894   7133.071476  x:  0.01765   0.02655   0.03106   0.03973   0.02202   0.04117   0.01059   0.07310   0.05077   0.11921   0.02794   0.12857   0.01829   0.03833   0.04086   0.00855   0.03220   0.12356   0.00000   0.07176   0.00000   0.02999   0.02068   0.04340   0.14744   0.09775   0.06764   0.00000   0.11358   0.03018   0.00000   0.03251   0.09888   0.07446   0.07266   0.07551   0.11259   0.11689   0.03169   0.00000   0.02128   0.02389   0.01793   0.04394   0.03241   0.03800   0.01070   0.04163   0.05717   0.02997   0.01087   0.05081   0.02287   0.03531   0.07747   2.00256   0.97596   0.27767   1.77188  
  7 4059.9384   7114.733195  x:  0.01960   0.00633   0.03256   0.03883   0.02441   0.03907   0.01106   0.05964   0.05197   0.11818   0.02830   0.13341   0.01248   0.03790   0.03767   0.00669   0.04688   0.12385   0.01114   0.06492   0.00000   0.02700   0.01671   0.04189   0.14548   0.09857   0.06940   0.00000   0.11404   0.03258   0.00000   0.01790   0.09531   0.07429   0.06932   0.07455   0.11140   0.11902   0.02902   0.00000   0.01919   0.01980   0.01466   0.04095   0.03516   0.03774   0.01156   0.03763   0.06034   0.02628   0.00944   0.04720   0.02003   0.03266   0.07534   2.00307   0.97139   0.18999   1.78173  
  8 865.6789   7103.891221  x:  0.01818   0.01554   0.03545   0.03718   0.02066   0.03479   0.01285   0.05162   0.05215   0.11835   0.03140   0.13694   0.01375   0.03790   0.03684   0.00451   0.04662   0.12369   0.00509   0.06107   0.00000   0.02795   0.01672   0.04008   0.14431   0.09767   0.06921   0.00000   0.11468   0.02888   0.00000   0.01733   0.09228   0.07415   0.06805   0.07447   0.11048   0.12135   0.02921   0.00000   0.01671   0.01697   0.01291   0.03978   0.03749   0.03654   0.01344   0.03632   0.06196   0.02394   0.00765   0.04484   0.01685   0.03256   0.07368   2.00318   0.96612   0.12791   1.78815  
  9 1260.2805   7101.965731  x:  0.01431   0.01004   0.03313   0.03467   0.01418   0.03333   0.01156   0.05049   0.05181   0.11882   0.03109   0.13791   0.01348   0.03763   0.03737   0.00656   0.04377   0.12339   0.00176   0.06053   0.00000   0.02819   0.01668   0.03870   0.14526   0.09614   0.06821   0.00000   0.11483   0.02608   0.00000   0.02075   0.09071   0.07352   0.06804   0.07443   0.10986   0.12168   0.02927   0.00000   0.01672   0.01781   0.01348   0.04052   0.03602   0.03579   0.01199   0.03650   0.06081   0.02337   0.00835   0.04537   0.01565   0.03270   0.07280   2.00299   0.96074   0.11591   1.78952  
 10 332.3630   7101.360714  x:  0.01414   0.01105   0.03266   0.03417   0.00959   0.03422   0.01074   0.05054   0.05168   0.11921   0.02941   0.13845   0.01192   0.03730   0.03751   0.00480   0.04178   0.12313   0.00287   0.06023   0.00000   0.02720   0.01576   0.03754   0.14645   0.09457   0.06741   0.00000   0.11476   0.02622   0.00000   0.01842   0.08935   0.07245   0.06791   0.07407   0.10938   0.12151   0.03003   0.00000   0.01659   0.01771   0.01348   0.04111   0.03337   0.03576   0.00959   0.03624   0.05890   0.02349   0.00821   0.04638   0.01554   0.03251   0.07186   2.00281   0.95837   0.11414   1.79027  
 11 131.3302   7101.089871  x:  0.01416   0.01099   0.03205   0.03445   0.00847   0.03627   0.01189   0.05082   0.05152   0.12009   0.02934   0.13948   0.01226   0.03728   0.03724   0.00675   0.04035   0.12296   0.00287   0.05972   0.00000   0.02685   0.01497   0.03649   0.14686   0.09325   0.06693   0.00000   0.11519   0.02608   0.00000   0.01723   0.08798   0.07127   0.06825   0.07392   0.10920   0.12148   0.03088   0.00000   0.01641   0.01623   0.01302   0.04114   0.03257   0.03618   0.00999   0.03562   0.05763   0.02271   0.00797   0.04672   0.01471   0.03189   0.07122   2.00263   0.95962   0.11447   1.79120  
 12 68.3031   7100.792376  x:  0.01385   0.01013   0.03121   0.03503   0.00757   0.03817   0.01242   0.05102   0.05118   0.12136   0.02962   0.14107   0.01256   0.03761   0.03669   0.00463   0.03997   0.12273   0.00278   0.05901   0.00000   0.02778   0.01519   0.03599   0.14714   0.09168   0.06644   0.00000   0.11582   0.02596   0.00000   0.01839   0.08636   0.06945   0.06864   0.07370   0.10904   0.12097   0.03119   0.00000   0.01650   0.01650   0.01297   0.04134   0.03164   0.03668   0.01083   0.03493   0.05637   0.02219   0.00755   0.04701   0.01440   0.03187   0.07046   2.00238   0.96338   0.11533   1.79282  
 13 85.8157   7100.624675  x:  0.01284   0.01083   0.03080   0.03546   0.00640   0.03794   0.01081   0.05051   0.05040   0.12251   0.03002   0.14262   0.01173   0.03785   0.03637   0.00545   0.04169   0.12278   0.00228   0.05864   0.00000   0.02792   0.01500   0.03626   0.14710   0.09136   0.06626   0.00000   0.11650   0.02600   0.00000   0.01825   0.08565   0.06806   0.06897   0.07372   0.10921   0.12035   0.03056   0.00000   0.01649   0.01705   0.01270   0.04173   0.03171   0.03639   0.01091   0.03500   0.05679   0.02248   0.00766   0.04697   0.01434   0.03253   0.07025   2.00213   0.96544   0.11642   1.79457  
 14 56.4000   7100.424600  x:  0.01217   0.01078   0.03008   0.03542   0.00678   0.03652   0.01181   0.04979   0.04913   0.12425   0.03113   0.14490   0.01128   0.03820   0.03641   0.00471   0.04312   0.12306   0.00085   0.05850   0.00000   0.02719   0.01449   0.03678   0.14699   0.09149   0.06611   0.00000   0.11728   0.02540   0.00000   0.01748   0.08537   0.06623   0.06917   0.07377   0.10964   0.11884   0.03005   0.00000   0.01647   0.01637   0.01285   0.04234   0.03198   0.03568   0.01021   0.03525   0.05801   0.02263   0.00719   0.04697   0.01401   0.03265   0.07016   2.00165   0.96515   0.11772   1.79768  
 15 57.5543   7100.010503  x:  0.01324   0.01152   0.02909   0.03548   0.00670   0.03407   0.01213   0.04904   0.04779   0.12853   0.03159   0.15028   0.01061   0.03825   0.03714   0.00504   0.04207   0.12470   0.00251   0.05892   0.00000   0.02744   0.01419   0.03690   0.14667   0.09273   0.06633   0.00000   0.11938   0.02632   0.00000   0.01974   0.08617   0.06333   0.07037   0.07449   0.11129   0.11631   0.03112   0.00000   0.01632   0.01535   0.01273   0.04350   0.03259   0.03563   0.00872   0.03542   0.05990   0.02144   0.00840   0.04808   0.01298   0.03163   0.07063   2.00042   0.96538   0.11990   1.80612  
 16 72.9852   7099.311153  x:  0.01320   0.01132   0.02803   0.03573   0.00683   0.03254   0.01114   0.04926   0.04785   0.13509   0.03149   0.15828   0.01129   0.03798   0.03801   0.00578   0.03876   0.12734   0.00320   0.05984   0.00000   0.02856   0.01525   0.03641   0.14631   0.09459   0.06682   0.00000   0.12235   0.02592   0.00000   0.01842   0.08772   0.06036   0.07314   0.07606   0.11396   0.11453   0.03260   0.00000   0.01631   0.01721   0.01255   0.04370   0.03387   0.03660   0.00982   0.03558   0.06132   0.02095   0.00558   0.04873   0.01511   0.03176   0.07174   1.99825   0.96467   0.12165   1.82082  
 17 176.7620   7098.647238  x:  0.01046   0.01145   0.02779   0.03604   0.00611   0.03306   0.01156   0.05078   0.04898   0.14093   0.03120   0.16513   0.01277   0.03761   0.03804   0.00510   0.03707   0.12962   0.00332   0.06079   0.00000   0.02879   0.01593   0.03578   0.14617   0.09587   0.06700   0.00000   0.12450   0.02601   0.00000   0.01689   0.08921   0.05873   0.07595   0.07765   0.11634   0.11434   0.03308   0.00000   0.01670   0.01768   0.01174   0.04288   0.03510   0.03711   0.01256   0.03543   0.06147   0.02283   0.00886   0.04820   0.01559   0.03252   0.07254   1.99588   0.96346   0.12358   1.83644  
 18 292.2876   7097.700782  x:  0.00758   0.01224   0.02875   0.03613   0.00622   0.03605   0.01020   0.05347   0.05085   0.14655   0.02885   0.17144   0.01269   0.03639   0.03680   0.00481   0.03815   0.13169   0.00314   0.06164   0.00000   0.02687   0.01509   0.03505   0.14659   0.09638   0.06683   0.00000   0.12565   0.02551   0.00000   0.01949   0.09064   0.05868   0.07881   0.07940   0.11873   0.11642   0.03309   0.00000   0.01684   0.01568   0.01366   0.04128   0.03614   0.03632   0.01521   0.03510   0.06024   0.02426   0.00708   0.04613   0.01294   0.03312   0.07270   1.99252   0.96131   0.12587   1.85782  
 19 277.3566   7097.035273  x:  0.00949   0.01201   0.02920   0.03480   0.00476   0.03599   0.00952   0.05522   0.05112   0.14780   0.02821   0.17224   0.01307   0.03577   0.03631   0.00435   0.03972   0.13210   0.00175   0.06174   0.00000   0.02656   0.01542   0.03511   0.14608   0.09543   0.06612   0.00000   0.12527   0.02493   0.00000   0.02029   0.09007   0.06104   0.07991   0.08045   0.11951   0.12115   0.03392   0.00000   0.01698   0.01513   0.01058   0.04075   0.03893   0.03383   0.01615   0.03616   0.05947   0.02129   0.00717   0.04466   0.01334   0.03258   0.07259   1.98993   0.96024   0.12829   1.87286  
 20 169.5522   7096.397616  x:  0.00851   0.01233   0.02899   0.03291   0.00402   0.03412   0.00983   0.05643   0.04984   0.14720   0.02847   0.17034   0.01343   0.03535   0.03664   0.00446   0.03909   0.13207   0.00218   0.06157   0.00000   0.02729   0.01531   0.03472   0.14518   0.09355   0.06488   0.00000   0.12453   0.02515   0.00000   0.01905   0.08816   0.06433   0.07971   0.08125   0.11960   0.12676   0.03506   0.00000   0.01662   0.01594   0.01391   0.04192   0.04383   0.03140   0.01655   0.03729   0.05907   0.01875   0.00791   0.04466   0.01314   0.03158   0.07226   1.98708   0.96142   0.13102   1.88830  
 21 222.8869   7095.889567  x:  0.00605   0.01227   0.02844   0.03192   0.00572   0.03198   0.00943   0.05678   0.04830   0.14574   0.02882   0.16731   0.01280   0.03532   0.03775   0.00450   0.03678   0.13184   0.00312   0.06126   0.00000   0.02766   0.01473   0.03388   0.14475   0.09188   0.06410   0.00000   0.12438   0.02486   0.00000   0.01890   0.08597   0.06697   0.07877   0.08177   0.11929   0.13106   0.03579   0.00000   0.01666   0.01535   0.01204   0.04328   0.04772   0.03088   0.01541   0.03832   0.05846   0.02054   0.00719   0.04608   0.01254   0.03175   0.07217   1.98469   0.96307   0.13262   1.90030  
 22 233.9243   7095.703199  x:  0.00693   0.01180   0.02845   0.03307   0.00441   0.03111   0.00972   0.05658   0.04817   0.14478   0.02939   0.16522   0.01270   0.03534   0.03829   0.00450   0.03610   0.13175   0.00319   0.06110   0.00000   0.02679   0.01489   0.03359   0.14437   0.09195   0.06450   0.00000   0.12541   0.02470   0.00000   0.01931   0.08510   0.06773   0.07819   0.08211   0.11917   0.13217   0.03578   0.00000   0.01617   0.01461   0.01233   0.04306   0.05000   0.03224   0.01523   0.03819   0.05855   0.02220   0.00687   0.04645   0.01267   0.03265   0.07284   1.98360   0.96335   0.13335   1.90479  
 23 97.0627   7095.476944  x:  0.00590   0.01201   0.02791   0.03552   0.00413   0.03183   0.01025   0.05600   0.04882   0.14323   0.02963   0.16130   0.01203   0.03520   0.03859   0.00440   0.03598   0.13172   0.00298   0.06107   0.00000   0.02702   0.01497   0.03309   0.14428   0.09292   0.06571   0.00000   0.12862   0.02426   0.00000   0.01940   0.08412   0.06765   0.07709   0.08263   0.11895   0.13173   0.03556   0.00000   0.01570   0.01582   0.01171   0.04250   0.05183   0.03360   0.01435   0.03725   0.05854   0.02057   0.00690   0.04678   0.01153   0.03337   0.07393   1.98179   0.96234   0.13404   1.91039  
 24 64.8512   7095.195639  x:  0.00514   0.01250   0.02550   0.03632   0.00388   0.03292   0.00970   0.05565   0.05029   0.14173   0.02962   0.15634   0.01256   0.03541   0.03851   0.00419   0.03636   0.13204   0.00283   0.06138   0.00000   0.02832   0.01487   0.03261   0.14445   0.09425   0.06694   0.00000   0.13386   0.02417   0.00000   0.01955   0.08332   0.06700   0.07676   0.08358   0.11890   0.13061   0.03583   0.00000   0.01615   0.01382   0.01207   0.04288   0.05212   0.03245   0.01386   0.03745   0.05829   0.02020   0.00694   0.04670   0.01329   0.03324   0.07477   1.97909   0.96207   0.13454   1.91741  
 25 83.1220   7094.844458  x:  0.00630   0.01305   0.02262   0.03579   0.00379   0.03307   0.00990   0.05578   0.05195   0.14070   0.02932   0.15111   0.01352   0.03558   0.03847   0.00426   0.03669   0.13282   0.00276   0.06187   0.00000   0.02792   0.01489   0.03245   0.14472   0.09542   0.06773   0.00000   0.14036   0.02435   0.00000   0.01933   0.08273   0.06625   0.07791   0.08506   0.11914   0.13004   0.03637   0.00000   0.01688   0.01518   0.01207   0.04361   0.05161   0.03034   0.01436   0.03895   0.05772   0.02176   0.00665   0.04630   0.01158   0.03247   0.07507   1.97538   0.96229   0.13522   1.92615  
 26 144.4474   7094.198304  x:  0.00530   0.01307   0.02407   0.03484   0.00430   0.03068   0.01196   0.05625   0.05163   0.14040   0.02763   0.14526   0.01219   0.03497   0.03828   0.00484   0.03666   0.13453   0.00277   0.06204   0.00000   0.02461   0.01547   0.03429   0.14567   0.09496   0.06632   0.00000   0.14778   0.02408   0.00000   0.02004   0.08341   0.06483   0.08178   0.08701   0.11990   0.13010   0.03612   0.00000   0.01540   0.01572   0.01193   0.04403   0.04877   0.03066   0.01587   0.04066   0.05574   0.02066   0.00698   0.04640   0.01343   0.03299   0.07314   1.96791   0.96369   0.13592   1.94216  
 27 97.3384   7092.826175  x:  0.00623   0.01170   0.03140   0.03328   0.00495   0.02652   0.01046   0.05689   0.04894   0.14036   0.02842   0.13707   0.01334   0.03565   0.03833   0.00504   0.03717   0.13739   0.00258   0.06203   0.00000   0.02972   0.01513   0.03628   0.14619   0.09258   0.06244   0.00000   0.15670   0.02381   0.00000   0.01897   0.08589   0.06153   0.08916   0.08958   0.12139   0.13135   0.03482   0.00000   0.01506   0.01412   0.01239   0.04310   0.04378   0.03305   0.01750   0.03973   0.05329   0.02078   0.00697   0.04648   0.01123   0.03369   0.06929   1.95126   0.96188   0.13921   1.97643  
 28 239.6448   7090.150604  x:  0.00543   0.01154   0.03923   0.02817   0.00411   0.03092   0.01029   0.05836   0.04548   0.14207   0.03428   0.13127   0.01527   0.03703   0.04077   0.00472   0.03800   0.14130   0.00313   0.06122   0.00000   0.02821   0.00993   0.03265   0.14494   0.08890   0.05987   0.00000   0.16173   0.02341   0.00000   0.02155   0.08990   0.05588   0.09840   0.09204   0.12364   0.13755   0.03477   0.00000   0.01918   0.01761   0.01226   0.04230   0.04037   0.03320   0.01393   0.03452   0.05774   0.02201   0.00667   0.04729   0.01461   0.03305   0.06976   1.91887   0.96093   0.14457   2.04222  
 29 329.6367   7086.287871  x:  0.00365   0.01115   0.04450   0.02179   0.00255   0.03970   0.01046   0.06125   0.04330   0.14502   0.03881   0.12760   0.01317   0.03685   0.04373   0.00507   0.03858   0.14521   0.00214   0.06089   0.00000   0.02766   0.02308   0.03147   0.14302   0.08477   0.05968   0.00000   0.16158   0.02263   0.00000   0.02145   0.09360   0.04760   0.10750   0.09366   0.12572   0.14641   0.03487   0.00000   0.02033   0.01663   0.01247   0.04317   0.03509   0.03325   0.00668   0.03329   0.06440   0.02377   0.00607   0.04892   0.01322   0.03318   0.07355   1.86794   0.96145   0.15245   2.14538  
 30 1017.4218   7077.498404  x:  0.00534   0.01308   0.03875   0.02407   0.00208   0.04388   0.01467   0.06890   0.04790   0.15106   0.04111   0.13203   0.00953   0.03774   0.04848   0.00584   0.04208   0.14620   0.00199   0.06541   0.00000   0.03604   0.01887   0.02772   0.14254   0.08203   0.06591   0.00000   0.14496   0.02192   0.00000   0.02531   0.09133   0.03525   0.11451   0.09304   0.12504   0.15991   0.03357   0.00000   0.01123   0.01852   0.01238   0.05037   0.02208   0.03650   0.01004   0.05022   0.06399   0.02472   0.00633   0.05336   0.01374   0.04415   0.08144   1.76025   0.95712   0.16977   2.36211  
 31 1004.5225   7071.334175  x:  0.00333   0.01553   0.03085   0.03396   0.00177   0.03735   0.01453   0.07277   0.05539   0.15646   0.04042   0.14261   0.01676   0.04370   0.05107   0.00726   0.04371   0.14441   0.00195   0.06880   0.00000   0.03409   0.01837   0.03750   0.14618   0.08642   0.07073   0.00000   0.13313   0.02099   0.00000   0.02674   0.08668   0.03669   0.11989   0.09387   0.12265   0.16784   0.03175   0.00000   0.02080   0.01911   0.01308   0.05255   0.01881   0.03806   0.00363   0.05026   0.04911   0.02318   0.00579   0.05577   0.01403   0.04528   0.08126   1.68649   0.95708   0.18146   2.51137  
 32 1300.9472   7069.563704  x:  0.00443   0.01707   0.02701   0.03325   0.00215   0.03692   0.01608   0.07117   0.05649   0.15853   0.04098   0.14936   0.01284   0.04792   0.05346   0.00788   0.04574   0.14205   0.00130   0.06833   0.00000   0.03576   0.02010   0.03638   0.14830   0.08920   0.07086   0.00000   0.13344   0.02075   0.00000   0.02804   0.08478   0.04187   0.12123   0.09488   0.12028   0.16897   0.02957   0.00000   0.01627   0.02024   0.01287   0.05178   0.02111   0.03475   0.00460   0.04325   0.04074   0.02555   0.00572   0.05980   0.01569   0.04336   0.07814   1.66723   0.95523   0.18554   2.55138  
 33 452.4684   7068.891143  x:  0.00384   0.01685   0.02863   0.03372   0.00164   0.03827   0.01656   0.06756   0.05766   0.15806   0.04125   0.15579   0.01263   0.04974   0.05310   0.00781   0.04513   0.13711   0.00155   0.06721   0.00000   0.03625   0.02071   0.03425   0.14780   0.09104   0.06887   0.00000   0.13817   0.02031   0.00000   0.02842   0.08411   0.05090   0.11936   0.09550   0.11590   0.16788   0.02987   0.00000   0.01576   0.02070   0.01297   0.04903   0.01933   0.03483   0.00372   0.04661   0.04317   0.02621   0.00565   0.05980   0.01610   0.04224   0.07340   1.66304   0.95509   0.18761   2.56354  
 34 97.5966   7068.660835  x:  0.00435   0.01704   0.02944   0.03200   0.00194   0.03906   0.01648   0.06614   0.05819   0.15776   0.04192   0.15903   0.01192   0.05024   0.05368   0.00777   0.04521   0.13447   0.00174   0.06714   0.00000   0.03589   0.02107   0.03439   0.14765   0.09029   0.06830   0.00000   0.14166   0.02051   0.00000   0.02849   0.08414   0.05323   0.11740   0.09541   0.11362   0.16850   0.03009   0.00000   0.01807   0.02038   0.01329   0.05040   0.01888   0.03574   0.00495   0.04706   0.04285   0.02544   0.00581   0.06061   0.01580   0.04451   0.07365   1.66338   0.95440   0.18831   2.56572  
 35 72.2488   7068.428794  x:  0.00453   0.01676   0.03097   0.03006   0.00211   0.03948   0.01655   0.06597   0.05914   0.15744   0.04157   0.16250   0.01314   0.04910   0.05304   0.00786   0.04506   0.13164   0.00199   0.06793   0.00000   0.03615   0.02044   0.03582   0.14798   0.08847   0.06768   0.00000   0.14571   0.02055   0.00000   0.02844   0.08517   0.05394   0.11461   0.09482   0.11145   0.16908   0.03023   0.00000   0.01687   0.02059   0.01316   0.05150   0.02009   0.03572   0.00357   0.04693   0.04190   0.02562   0.00586   0.05958   0.01574   0.04595   0.07515   1.66586   0.95453   0.18857   2.56542  
 36 66.4043   7068.222495  x:  0.00407   0.01638   0.03300   0.03060   0.00180   0.03885   0.01646   0.06606   0.05961   0.15657   0.04138   0.16484   0.01359   0.04886   0.05369   0.00793   0.04488   0.12948   0.00203   0.06846   0.00000   0.03605   0.02024   0.03719   0.14804   0.08747   0.06864   0.00000   0.14856   0.02031   0.00000   0.02847   0.08648   0.05373   0.11177   0.09393   0.11013   0.17109   0.02973   0.00000   0.01610   0.02074   0.01294   0.05236   0.01878   0.03477   0.00457   0.04636   0.04193   0.02613   0.00565   0.06000   0.01587   0.04354   0.07734   1.67040   0.95449   0.18858   2.56270  
 37 62.9449   7067.611950  x:  0.00417   0.01657   0.03350   0.03177   0.00197   0.03596   0.01855   0.07090   0.05939   0.15533   0.03897   0.16862   0.01117   0.04869   0.05356   0.00870   0.04664   0.12734   0.00134   0.06924   0.00000   0.03771   0.02109   0.03349   0.14756   0.08711   0.07026   0.00000   0.15328   0.01978   0.00000   0.02861   0.08882   0.05034   0.10843   0.09174   0.11040   0.17634   0.02929   0.00000   0.01929   0.02103   0.01335   0.05031   0.01930   0.03532   0.00374   0.04672   0.04152   0.02706   0.00552   0.05995   0.01683   0.04138   0.07585   1.69080   0.95455   0.18712   2.54599  
 38 60.3511   7065.856197  x:  0.00451   0.01682   0.02925   0.03168   0.00321   0.03557   0.01471   0.07884   0.05545   0.15098   0.04135   0.17403   0.01450   0.05481   0.05427   0.00806   0.04701   0.12661   0.00195   0.06744   0.00000   0.03406   0.02203   0.03325   0.14699   0.09111   0.07288   0.00000   0.15898   0.02036   0.00000   0.02810   0.09142   0.04524   0.10603   0.08758   0.11422   0.18521   0.02965   0.00000   0.01559   0.02059   0.01350   0.04614   0.01632   0.03608   0.00375   0.04548   0.04283   0.02499   0.00598   0.06278   0.01603   0.04437   0.07032   1.75473   0.95368   0.18361   2.49090  
 39 210.5557   7062.029802  x:  0.00513   0.01628   0.02888   0.03482   0.00145   0.04652   0.01650   0.08400   0.05168   0.14670   0.04223   0.18144   0.00769   0.05951   0.05709   0.00700   0.04693   0.13284   0.00142   0.06395   0.00000   0.03802   0.01794   0.04669   0.14560   0.09986   0.07469   0.00000   0.16394   0.01928   0.00000   0.02772   0.09353   0.04823   0.12036   0.08725   0.12435   0.19434   0.02843   0.00000   0.01584   0.02051   0.01317   0.05336   0.02077   0.03836   0.00299   0.04988   0.04412   0.02651   0.00541   0.06694   0.01620   0.04258   0.07083   1.90253   0.95008   0.17452   2.35959  
 40 500.2774   7058.491216  x:  0.00557   0.01504   0.03325   0.03747   0.00312   0.04281   0.01671   0.07373   0.05657   0.14803   0.04571   0.18391   0.00739   0.05436   0.05857   0.00686   0.05127   0.14176   0.00000   0.06570   0.00000   0.03722   0.02034   0.03711   0.14805   0.10003   0.07610   0.00000   0.16116   0.01909   0.00000   0.02674   0.08805   0.05513   0.13514   0.09440   0.12964   0.19466   0.03075   0.00000   0.01572   0.02012   0.01347   0.05777   0.01407   0.03680   0.00158   0.04659   0.04114   0.02596   0.00563   0.06544   0.01571   0.04427   0.08392   2.04113   0.95125   0.16825   2.23176  
 41 665.0447   7058.491216  x:  0.00557   0.01504   0.03325   0.03747   0.00312   0.04281   0.01671   0.07373   0.05657   0.14803   0.04571   0.18391   0.00739   0.05436   0.05857   0.00686   0.05127   0.14176   0.00000   0.06570   0.00000   0.03722   0.02034   0.03711   0.14805   0.10003   0.07610   0.00000   0.16116   0.01909   0.00000   0.02674   0.08805   0.05513   0.13514   0.09440   0.12964   0.19466   0.03075   0.00000   0.01572   0.02012   0.01347   0.05777   0.01407   0.03680   0.00158   0.04659   0.04114   0.02596   0.00563   0.06544   0.01571   0.04427   0.08392   2.04113   0.95125   0.16825   2.23176  
 42 371.4725   7046.404777  x:  0.01048   0.02085   0.03370   0.03809   0.00720   0.04001   0.01824   0.07237   0.06042   0.14993   0.04834   0.18491   0.01225   0.05543   0.06157   0.00415   0.05493   0.14264   0.00596   0.06574   0.00000   0.03841   0.01950   0.03623   0.16617   0.10083   0.07852   0.00000   0.16180   0.00424   0.00000   0.02531   0.08799   0.05677   0.13644   0.09668   0.12965   0.20228   0.03410   0.00000   0.01297   0.01761   0.01603   0.05353   0.03245   0.04188   0.02446   0.04816   0.05160   0.02393   0.00760   0.06335   0.01343   0.04354   0.08531   2.04086   0.95549   0.16775   2.23172  
 43 842.2234   7042.120834  x:  0.00979   0.02167   0.03342   0.03828   0.00624   0.03886   0.01856   0.07172   0.06197   0.15085   0.04900   0.18534   0.01314   0.05566   0.06280   0.00437   0.05573   0.14296   0.00538   0.06568   0.00000   0.03892   0.01918   0.03604   0.17397   0.10119   0.07956   0.00000   0.16220   0.00000   0.00000   0.02538   0.08801   0.05748   0.13702   0.09772   0.12963   0.20586   0.03469   0.00000   0.01261   0.01730   0.01553   0.05208   0.03320   0.04275   0.02171   0.04877   0.05388   0.02334   0.00693   0.06252   0.01336   0.04346   0.08592   2.04068   0.95620   0.16812   2.23166  
 44 588.2426   7030.387426  x:  0.00687   0.02500   0.03289   0.04005   0.00577   0.03416   0.02000   0.06871   0.06980   0.15507   0.05057   0.18740   0.01644   0.05644   0.06847   0.00432   0.05872   0.14472   0.00000   0.06542   0.00000   0.04088   0.01807   0.03541   0.21061   0.10351   0.08530   0.00000   0.16462   0.00190   0.01208   0.02692   0.08827   0.06088   0.13978   0.10262   0.12970   0.22327   0.03776   0.00000   0.01181   0.01642   0.01452   0.04585   0.03827   0.04685   0.01236   0.05107   0.06407   0.02163   0.00724   0.05893   0.01297   0.04298   0.08867   2.03982   0.95960   0.16977   2.23136  
 45 1630.9102   7023.496099  x:  0.00897   0.02471   0.03155   0.04161   0.01345   0.03500   0.01731   0.06490   0.07697   0.15985   0.04712   0.19009   0.01251   0.05479   0.07280   0.00501   0.06252   0.14799   0.00117   0.06657   0.00000   0.03849   0.02092   0.03649   0.24753   0.10660   0.09080   0.00000   0.16792   0.00892   0.00000   0.01966   0.08840   0.06319   0.14246   0.10750   0.13059   0.24469   0.03961   0.00000   0.01739   0.02086   0.01869   0.04706   0.03872   0.04770   0.00737   0.04991   0.06599   0.02648   0.01277   0.05849   0.01472   0.04319   0.09071   2.03844   0.95498   0.17468   2.23072  
 46 519.0421   7023.496099  x:  0.00897   0.02471   0.03155   0.04161   0.01345   0.03500   0.01731   0.06490   0.07697   0.15985   0.04712   0.19009   0.01251   0.05479   0.07280   0.00501   0.06252   0.14799   0.00117   0.06657   0.00000   0.03849   0.02092   0.03649   0.24753   0.10660   0.09080   0.00000   0.16792   0.00892   0.00000   0.01966   0.08840   0.06319   0.14246   0.10750   0.13059   0.24469   0.03961   0.00000   0.01739   0.02086   0.01869   0.04706   0.03872   0.04770   0.00737   0.04991   0.06599   0.02648   0.01277   0.05849   0.01472   0.04319   0.09071   2.03844   0.95498   0.17468   2.23072  
 47 344.1971   7017.906201  x:  0.00701   0.02372   0.03073   0.04099   0.00626   0.03423   0.01806   0.06455   0.07720   0.16088   0.04822   0.19067   0.01320   0.05526   0.07323   0.00572   0.06239   0.14839   0.00070   0.06669   0.00000   0.03918   0.01988   0.03629   0.25235   0.10649   0.09075   0.00000   0.16839   0.00000   0.00294   0.02482   0.08871   0.06340   0.14288   0.10835   0.13069   0.24829   0.03823   0.00000   0.01344   0.01818   0.01524   0.04727   0.03319   0.04675   0.00041   0.05042   0.06430   0.02387   0.00499   0.05879   0.01416   0.04354   0.09084   2.03810   0.95366   0.17579   2.23057  
 48 469.0523   7017.092559  x:  0.00630   0.02338   0.03055   0.04090   0.00434   0.03411   0.01834   0.06442   0.07735   0.16129   0.04850   0.19091   0.01334   0.05539   0.07340   0.00584   0.06224   0.14857   0.00000   0.06674   0.00000   0.03939   0.01955   0.03624   0.25440   0.10651   0.09080   0.00000   0.16862   0.00000   0.00323   0.02600   0.08882   0.06346   0.14306   0.10867   0.13075   0.24984   0.03785   0.00000   0.01259   0.01756   0.01439   0.04738   0.03143   0.04656   0.00231   0.05068   0.06381   0.02335   0.00440   0.05895   0.01403   0.04362   0.09091   2.03797   0.95341   0.17611   2.23051  
 49 414.1546   7015.919095  x:  0.00474   0.02245   0.03029   0.04091   0.00259   0.03444   0.01932   0.06390   0.07803   0.16294   0.04923   0.19189   0.01353   0.05575   0.07404   0.00596   0.06165   0.14933   0.00000   0.06696   0.00000   0.03995   0.01869   0.03617   0.26266   0.10674   0.09116   0.00000   0.16958   0.00000   0.00203   0.02824   0.08916   0.06361   0.14376   0.10990   0.13110   0.25614   0.03693   0.00000   0.01172   0.01670   0.01275   0.04797   0.02556   0.04599   0.00195   0.05111   0.06204   0.02270   0.00927   0.05967   0.01380   0.04390   0.09118   2.03742   0.95301   0.17708   2.23032  
 50 366.3155   7014.057115  x:  0.00581   0.02124   0.03039   0.04132   0.00826   0.03587   0.02108   0.06282   0.07955   0.16650   0.05028   0.19406   0.01342   0.05630   0.07535   0.00581   0.06037   0.15103   0.00000   0.06742   0.00000   0.04081   0.01765   0.03635   0.28068   0.10739   0.09220   0.00000   0.17171   0.00000   0.00045   0.03082   0.08991   0.06387   0.14529   0.11251   0.13196   0.27004   0.03609   0.00000   0.01265   0.01698   0.01317   0.04910   0.01718   0.04548   0.00286   0.05139   0.05923   0.02174   0.00825   0.06080   0.01375   0.04451   0.09169   2.03620   0.95269   0.17886   2.22990  
 51 462.4783   7009.479470  x:  0.01153   0.01988   0.03256   0.04347   0.00338   0.03700   0.02278   0.05951   0.08418   0.17761   0.05163   0.20089   0.01159   0.05732   0.07899   0.00357   0.05771   0.15645   0.00000   0.06866   0.00000   0.04205   0.01784   0.03825   0.33709   0.10951   0.09512   0.00000   0.17857   0.00000   0.00412   0.03085   0.09219   0.06434   0.15009   0.12052   0.13468   0.31446   0.03552   0.00000   0.01850   0.02107   0.02012   0.05116   0.02170   0.04727   0.00231   0.04916   0.05592   0.02432   0.00804   0.06323   0.01465   0.04578   0.09320   2.03214   0.95223   0.18375   2.22856  
 52 490.8089   7007.263139  x:  0.00864   0.01988   0.03332   0.04390   0.00426   0.03767   0.02197   0.05848   0.08560   0.18204   0.05196   0.20376   0.01107   0.05760   0.08006   0.00692   0.05836   0.15860   0.00000   0.06906   0.00000   0.04175   0.01836   0.03888   0.35963   0.11044   0.09613   0.00000   0.18119   0.00000   0.00000   0.02761   0.09278   0.06422   0.15197   0.12349   0.13569   0.33291   0.03549   0.00000   0.01593   0.01934   0.01801   0.05045   0.02774   0.04801   0.00194   0.04905   0.05717   0.02472   0.00678   0.06332   0.01443   0.04574   0.09376   2.03024   0.95047   0.18594   2.22793  
 53 616.7797   7006.707406  x:  0.00688   0.02024   0.03370   0.04377   0.00647   0.03750   0.02104   0.05854   0.08593   0.18352   0.05167   0.20479   0.01109   0.05762   0.08016   0.00638   0.05924   0.15929   0.00000   0.06910   0.00000   0.04130   0.01862   0.03892   0.36725   0.11077   0.09652   0.00000   0.18208   0.00000   0.00326   0.02634   0.09296   0.06398   0.15259   0.12433   0.13603   0.33968   0.03611   0.00000   0.01401   0.01830   0.01572   0.04976   0.02971   0.04810   0.00203   0.04971   0.05888   0.02470   0.00742   0.06292   0.01433   0.04544   0.09393   2.02941   0.94934   0.18655   2.22767  
 54 390.8353   7006.447579  x:  0.00713   0.02102   0.03400   0.04319   0.00638   0.03641   0.01969   0.05928   0.08574   0.18404   0.05110   0.20533   0.01150   0.05749   0.07976   0.00383   0.06066   0.15947   0.00000   0.06905   0.00000   0.04067   0.01869   0.03853   0.37013   0.11089   0.09651   0.00000   0.18232   0.00000   0.00266   0.02517   0.09282   0.06351   0.15279   0.12432   0.13625   0.34318   0.03767   0.00000   0.01368   0.01861   0.01458   0.04928   0.02927   0.04786   0.00192   0.05094   0.06119   0.02440   0.00722   0.06215   0.01447   0.04507   0.09397   2.02873   0.94815   0.18645   2.22749  
 55 131.7539   7006.264828  x:  0.00730   0.02187   0.03426   0.04224   0.00604   0.03563   0.01834   0.06065   0.08507   0.18434   0.05052   0.20590   0.01251   0.05738   0.07894   0.00559   0.06290   0.15947   0.00000   0.06897   0.00000   0.04005   0.01884   0.03794   0.37191   0.11110   0.09636   0.00000   0.18238   0.00000   0.00311   0.02497   0.09254   0.06274   0.15292   0.12385   0.13651   0.34676   0.03958   0.00000   0.01429   0.01931   0.01527   0.04895   0.02805   0.04759   0.00187   0.05239   0.06428   0.02423   0.00733   0.06110   0.01464   0.04468   0.09396   2.02777   0.94695   0.18570   2.22726  
 56 101.7494   7006.208446  x:  0.00628   0.02180   0.03422   0.04171   0.00618   0.03565   0.01861   0.06188   0.08440   0.18433   0.05022   0.20624   0.01304   0.05733   0.07830   0.00508   0.06367   0.15931   0.00000   0.06900   0.00000   0.04030   0.01921   0.03788   0.37182   0.11113   0.09616   0.00000   0.18224   0.00000   0.00292   0.02584   0.09238   0.06220   0.15300   0.12321   0.13671   0.34885   0.03955   0.00000   0.01449   0.01877   0.01634   0.04913   0.02808   0.04786   0.00184   0.05226   0.06525   0.02459   0.00729   0.06088   0.01453   0.04480   0.09396   2.02691   0.94658   0.18473   2.22706  
 57 41.6419   7006.142038  x:  0.00742   0.02171   0.03447   0.04128   0.00622   0.03615   0.01939   0.06396   0.08302   0.18416   0.04968   0.20683   0.01345   0.05721   0.07716   0.00511   0.06420   0.15893   0.00000   0.06908   0.00000   0.04085   0.01952   0.03781   0.37078   0.11117   0.09579   0.00000   0.18188   0.00000   0.00276   0.02664   0.09216   0.06128   0.15320   0.12186   0.13718   0.35265   0.03916   0.00000   0.01436   0.01840   0.01546   0.04941   0.02832   0.04851   0.00190   0.05142   0.06578   0.02487   0.00743   0.06098   0.01448   0.04513   0.09400   2.02508   0.94616   0.18286   2.22664  
 58 46.8563   7006.084999  x:  0.00689   0.02129   0.03483   0.04141   0.00607   0.03649   0.01936   0.06545   0.08158   0.18378   0.04914   0.20744   0.01323   0.05713   0.07618   0.00513   0.06385   0.15847   0.00000   0.06910   0.00000   0.04082   0.01918   0.03766   0.36906   0.11117   0.09545   0.00000   0.18146   0.00000   0.00294   0.02571   0.09203   0.06057   0.15354   0.12042   0.13761   0.35691   0.03843   0.00000   0.01405   0.01963   0.01534   0.04959   0.02800   0.04893   0.00187   0.05069   0.06534   0.02437   0.00727   0.06132   0.01458   0.04527   0.09403   2.02275   0.94564   0.18125   2.22605  
 59 50.8158   7006.039822  x:  0.00704   0.02102   0.03522   0.04178   0.00598   0.03617   0.01857   0.06571   0.08058   0.18328   0.04911   0.20796   0.01297   0.05726   0.07579   0.00522   0.06294   0.15808   0.00000   0.06903   0.00000   0.04027   0.01894   0.03781   0.36694   0.11112   0.09531   0.00000   0.18106   0.00000   0.00307   0.02506   0.09203   0.06033   0.15397   0.11929   0.13788   0.36098   0.03849   0.00000   0.01434   0.01840   0.01570   0.04945   0.02775   0.04877   0.00186   0.05075   0.06452   0.02429   0.00724   0.06150   0.01436   0.04495   0.09401   2.02016   0.94543   0.18045   2.22533  
 60 42.7307   7005.986786  x:  0.00686   0.02073   0.03533   0.04189   0.00622   0.03554   0.01815   0.06489   0.08002   0.18248   0.04996   0.20858   0.01316   0.05768   0.07602   0.00523   0.06200   0.15761   0.00000   0.06888   0.00000   0.03998   0.01919   0.03824   0.36343   0.11098   0.09535   0.00000   0.18056   0.00000   0.00286   0.02614   0.09213   0.06054   0.15466   0.11819   0.13800   0.36679   0.03915   0.00000   0.01423   0.01902   0.01544   0.04890   0.02828   0.04798   0.00187   0.05163   0.06372   0.02474   0.00727   0.06130   0.01477   0.04456   0.09392   2.01587   0.94594   0.18018   2.22407  
 61 44.2136   7005.943129  x:  0.00704   0.02082   0.03515   0.04149   0.00616   0.03597   0.01919   0.06374   0.08073   0.18183   0.05054   0.20893   0.01285   0.05762   0.07680   0.00510   0.06256   0.15733   0.00000   0.06885   0.00000   0.04072   0.01891   0.03778   0.35996   0.11085   0.09552   0.00000   0.18026   0.00000   0.00291   0.02580   0.09222   0.06106   0.15512   0.11787   0.13784   0.37184   0.03936   0.00000   0.01410   0.01904   0.01570   0.04898   0.02851   0.04738   0.00186   0.05221   0.06388   0.02415   0.00736   0.06094   0.01397   0.04480   0.09374   2.01120   0.94649   0.18098   2.22260  
 62 39.1553   7005.920968  x:  0.00693   0.02097   0.03510   0.04133   0.00607   0.03627   0.01939   0.06316   0.08151   0.18154   0.05045   0.20898   0.01246   0.05736   0.07725   0.00510   0.06311   0.15730   0.00000   0.06889   0.00000   0.04085   0.01908   0.03767   0.35809   0.11081   0.09564   0.00000   0.18020   0.00000   0.00297   0.02558   0.09223   0.06135   0.15520   0.11800   0.13765   0.37436   0.03906   0.00000   0.01449   0.01881   0.01551   0.04920   0.02830   0.04743   0.00186   0.05211   0.06412   0.02433   0.00729   0.06088   0.01487   0.04514   0.09371   2.00828   0.94662   0.18167   2.22166  
 63 48.3747   7005.901811  x:  0.00712   0.02117   0.03518   0.04143   0.00607   0.03628   0.01897   0.06286   0.08253   0.18138   0.05008   0.20886   0.01237   0.05710   0.07757   0.00513   0.06352   0.15743   0.00000   0.06897   0.00000   0.04042   0.01947   0.03782   0.35655   0.11087   0.09574   0.00000   0.18030   0.00000   0.00293   0.02581   0.09221   0.06155   0.15502   0.11853   0.13739   0.37624   0.03859   0.00000   0.01407   0.01897   0.01566   0.04940   0.02797   0.04802   0.00189   0.05153   0.06442   0.02475   0.00730   0.06111   0.01454   0.04507   0.09376   2.00510   0.94652   0.18242   2.22060  
 64 33.0460   7005.888886  x:  0.00700   0.02097   0.03515   0.04160   0.00612   0.03606   0.01887   0.06297   0.08326   0.18141   0.04999   0.20865   0.01302   0.05718   0.07767   0.00516   0.06345   0.15766   0.00000   0.06905   0.00000   0.04021   0.01929   0.03778   0.35572   0.11098   0.09579   0.00000   0.18053   0.00000   0.00290   0.02595   0.09219   0.06158   0.15467   0.11921   0.13715   0.37714   0.03856   0.00000   0.01457   0.01900   0.01539   0.04940   0.02801   0.04860   0.00190   0.05108   0.06466   0.02441   0.00730   0.06137   0.01435   0.04490   0.09389   2.00223   0.94651   0.18271   2.21964  
 65 25.5417   7005.875110  x:  0.00715   0.02078   0.03515   0.04181   0.00615   0.03584   0.01900   0.06326   0.08380   0.18156   0.04984   0.20830   0.01358   0.05735   0.07762   0.00518   0.06311   0.15802   0.00000   0.06912   0.00000   0.04040   0.01904   0.03778   0.35510   0.11112   0.09583   0.00000   0.18090   0.00000   0.00288   0.02585   0.09221   0.06153   0.15417   0.12012   0.13693   0.37771   0.03885   0.00000   0.01409   0.01888   0.01569   0.04930   0.02798   0.04891   0.00189   0.05094   0.06484   0.02418   0.00737   0.06156   0.01483   0.04481   0.09410   1.99855   0.94664   0.18267   2.21840  
 66 32.4408   7005.841563  x:  0.00688   0.02057   0.03523   0.04211   0.00603   0.03578   0.01936   0.06397   0.08422   0.18213   0.04904   0.20730   0.01334   0.05752   0.07719   0.00532   0.06223   0.15895   0.00000   0.06915   0.00000   0.04124   0.01914   0.03816   0.35425   0.11146   0.09588   0.00000   0.18193   0.00000   0.00288   0.02551   0.09231   0.06132   0.15286   0.12235   0.13650   0.37827   0.03949   0.00000   0.01423   0.01893   0.01547   0.04912   0.02774   0.04862   0.00183   0.05145   0.06495   0.02499   0.00718   0.06147   0.01448   0.04486   0.09444   1.98837   0.94694   0.18201   2.21494  
 67 42.6542   7005.797144  x:  0.00702   0.02086   0.03536   0.04178   0.00615   0.03604   0.01930   0.06409   0.08354   0.18283   0.04850   0.20608   0.01246   0.05759   0.07656   0.00526   0.06214   0.15992   0.00000   0.06897   0.00000   0.04056   0.01906   0.03804   0.35392   0.11168   0.09596   0.00000   0.18306   0.00000   0.00272   0.02630   0.09246   0.06115   0.15156   0.12456   0.13630   0.37813   0.03915   0.00000   0.01436   0.01896   0.01561   0.04930   0.02833   0.04768   0.00189   0.05195   0.06455   0.02402   0.00739   0.06107   0.01457   0.04526   0.09438   1.97389   0.94664   0.18111   2.20992  
 68 59.7341   7005.744106  x:  0.00719   0.02116   0.03536   0.04111   0.00614   0.03626   0.01943   0.06348   0.08203   0.18345   0.04975   0.20507   0.01358   0.05805   0.07623   0.00506   0.06322   0.16047   0.00000   0.06888   0.00000   0.03985   0.01926   0.03769   0.35431   0.11160   0.09606   0.00000   0.18386   0.00000   0.00285   0.02558   0.09253   0.06126   0.15091   0.12578   0.13647   0.37715   0.03821   0.00000   0.01435   0.01899   0.01563   0.04956   0.02831   0.04727   0.00197   0.05202   0.06369   0.02476   0.00736   0.06091   0.01458   0.04515   0.09392   1.95565   0.94665   0.18003   2.20344  
 69 77.7538   7005.680652  x:  0.00716   0.02087   0.03532   0.04125   0.00620   0.03623   0.01822   0.06263   0.08065   0.18388   0.05063   0.20465   0.01309   0.05740   0.07653   0.00497   0.06429   0.16007   0.00000   0.06915   0.00000   0.04144   0.01976   0.03779   0.35571   0.11106   0.09611   0.00000   0.18377   0.00000   0.00288   0.02566   0.09241   0.06179   0.15158   0.12491   0.13708   0.37512   0.03872   0.00000   0.01440   0.01897   0.01563   0.04926   0.02810   0.04849   0.00201   0.05149   0.06372   0.02422   0.00744   0.06154   0.01467   0.04460   0.09351   1.93321   0.94759   0.17917   2.19515  
 70 74.8370   7005.625912  x:  0.00698   0.02086   0.03547   0.04197   0.00618   0.03631   0.01891   0.06294   0.08078   0.18408   0.05089   0.20501   0.01251   0.05677   0.07729   0.00499   0.06368   0.15906   0.00000   0.06916   0.00000   0.04053   0.01855   0.03748   0.35737   0.11058   0.09598   0.00000   0.18292   0.00000   0.00285   0.02601   0.09222   0.06214   0.15288   0.12263   0.13765   0.37291   0.03936   0.00000   0.01431   0.01898   0.01558   0.04912   0.02799   0.04889   0.00198   0.05114   0.06483   0.02490   0.00737   0.06163   0.01464   0.04489   0.09365   1.91362   0.94819   0.17920   2.18753  
 71 86.0111   7005.601583  x:  0.00703   0.02080   0.03530   0.04197   0.00613   0.03628   0.01930   0.06344   0.08150   0.18401   0.05071   0.20553   0.01281   0.05688   0.07767   0.00505   0.06303   0.15846   0.00000   0.06910   0.00000   0.04021   0.01947   0.03822   0.35824   0.11063   0.09589   0.00000   0.18229   0.00000   0.00289   0.02574   0.09220   0.06207   0.15356   0.12118   0.13783   0.37181   0.03922   0.00000   0.01434   0.01898   0.01560   0.04932   0.02791   0.04855   0.00198   0.05125   0.06519   0.02442   0.00741   0.06139   0.01463   0.04513   0.09390   1.90482   0.94830   0.17941   2.18387  
 72 73.4531   7005.590314  x:  0.00710   0.02099   0.03512   0.04169   0.00620   0.03617   0.01883   0.06373   0.08233   0.18374   0.05010   0.20617   0.01313   0.05729   0.07770   0.00509   0.06290   0.15814   0.00000   0.06911   0.00000   0.04074   0.01924   0.03791   0.35870   0.11106   0.09589   0.00000   0.18188   0.00000   0.00288   0.02581   0.09232   0.06176   0.15387   0.12034   0.13777   0.37124   0.03876   0.00000   0.01437   0.01900   0.01561   0.04951   0.02813   0.04818   0.00199   0.05155   0.06478   0.02455   0.00742   0.06121   0.01465   0.04504   0.09413   1.90086   0.94822   0.17956   2.18185  
 73 26.6969   7005.586474  x:  0.00700   0.02122   0.03519   0.04177   0.00616   0.03621   0.01906   0.06364   0.08273   0.18339   0.04972   0.20681   0.01313   0.05751   0.07749   0.00507   0.06330   0.15813   0.00000   0.06916   0.00000   0.04056   0.01930   0.03789   0.35889   0.11141   0.09598   0.00000   0.18173   0.00000   0.00288   0.02583   0.09244   0.06148   0.15394   0.12015   0.13758   0.37104   0.03899   0.00000   0.01437   0.01897   0.01560   0.04933   0.02814   0.04825   0.00198   0.05168   0.06432   0.02449   0.00738   0.06138   0.01465   0.04493   0.09416   1.89969   0.94845   0.17936   2.18075  
 74  8.5568   7005.583591  x:  0.00706   0.02084   0.03492   0.04171   0.00617   0.03610   0.01919   0.06326   0.08283   0.18286   0.04958   0.20766   0.01306   0.05752   0.07713   0.00509   0.06336   0.15824   0.00000   0.06914   0.00000   0.04050   0.01928   0.03791   0.35902   0.11155   0.09606   0.00000   0.18168   0.00000   0.00288   0.02582   0.09248   0.06124   0.15396   0.12024   0.13733   0.37089   0.03911   0.00000   0.01434   0.01898   0.01560   0.04929   0.02814   0.04821   0.00198   0.05155   0.06434   0.02455   0.00738   0.06143   0.01465   0.04501   0.09406   1.89905   0.94827   0.17921   2.17936  
 75  6.1530   7005.579675  x:  0.00704   0.02108   0.03515   0.04199   0.00615   0.03607   0.01924   0.06284   0.08285   0.18203   0.04968   0.20892   0.01313   0.05751   0.07671   0.00509   0.06313   0.15844   0.00000   0.06912   0.00000   0.04067   0.01926   0.03795   0.35918   0.11152   0.09614   0.00000   0.18168   0.00000   0.00288   0.02587   0.09246   0.06103   0.15401   0.12056   0.13701   0.37072   0.03895   0.00000   0.01434   0.01897   0.01559   0.04943   0.02808   0.04820   0.00197   0.05147   0.06467   0.02451   0.00736   0.06134   0.01464   0.04511   0.09393   1.89841   0.94820   0.17890   2.17697  
 76 10.9082   7005.574658  x:  0.00707   0.02109   0.03501   0.04162   0.00610   0.03645   0.01910   0.06324   0.08283   0.18122   0.04992   0.21015   0.01295   0.05749   0.07680   0.00507   0.06294   0.15867   0.00000   0.06915   0.00000   0.04052   0.01925   0.03791   0.35930   0.11114   0.09607   0.00000   0.18183   0.00000   0.00288   0.02587   0.09234   0.06118   0.15420   0.12114   0.13688   0.37062   0.03879   0.00000   0.01433   0.01895   0.01557   0.04942   0.02806   0.04848   0.00194   0.05175   0.06475   0.02448   0.00733   0.06125   0.01467   0.04478   0.09408   1.89802   0.94851   0.17859   2.17300  
 77  8.4221   7005.564405  x:  0.00702   0.02126   0.03515   0.04152   0.00615   0.03599   0.01904   0.06438   0.08244   0.18026   0.05022   0.21165   0.01279   0.05747   0.07759   0.00514   0.06329   0.15886   0.00000   0.06914   0.00000   0.04066   0.01931   0.03788   0.35941   0.11067   0.09580   0.00000   0.18214   0.00000   0.00291   0.02588   0.09219   0.06152   0.15444   0.12203   0.13702   0.37055   0.03902   0.00000   0.01435   0.01896   0.01559   0.04917   0.02810   0.04811   0.00197   0.05137   0.06428   0.02449   0.00732   0.06138   0.01463   0.04514   0.09433   1.89768   0.94833   0.17852   2.16387  
 78 16.3640   7005.533400  x:  0.00706   0.02035   0.03537   0.04278   0.00609   0.03628   0.01899   0.06508   0.08119   0.17973   0.04985   0.21293   0.01317   0.05733   0.07930   0.00508   0.06395   0.15878   0.00000   0.06925   0.00000   0.04068   0.01918   0.03815   0.35959   0.11173   0.09566   0.00000   0.18273   0.00000   0.00288   0.02610   0.09280   0.06149   0.15443   0.12283   0.13813   0.37072   0.03903   0.00000   0.01422   0.01894   0.01548   0.05040   0.02829   0.04809   0.00188   0.05238   0.06435   0.02451   0.00720   0.06175   0.01467   0.04516   0.09409   1.89760   0.94826   0.17767   2.13428  
 79 26.5050   7005.405217  x:  0.00692   0.02138   0.03499   0.04165   0.00564   0.03694   0.01935   0.06439   0.07961   0.18073   0.04946   0.21396   0.01343   0.05728   0.08133   0.00505   0.06266   0.15829   0.00000   0.06973   0.00000   0.04094   0.01924   0.03813   0.36054   0.11489   0.09650   0.00000   0.18428   0.00000   0.00284   0.02653   0.09442   0.06062   0.15407   0.12351   0.14162   0.37207   0.03839   0.00000   0.01423   0.01877   0.01549   0.04768   0.02766   0.04848   0.00171   0.05149   0.06530   0.02431   0.00682   0.06138   0.01473   0.04493   0.09364   1.89818   0.94870   0.17188   2.01258  
 80 111.1168   7005.176629  x:  0.00629   0.02237   0.03421   0.04009   0.00546   0.03492   0.01898   0.06328   0.08145   0.18378   0.05079   0.21351   0.01259   0.05760   0.08011   0.00547   0.06239   0.15798   0.00000   0.06943   0.00000   0.04064   0.01917   0.03785   0.36256   0.11448   0.09772   0.00000   0.18557   0.00000   0.00285   0.02682   0.09407   0.06028   0.15420   0.12353   0.14454   0.37476   0.03952   0.00000   0.01358   0.01842   0.01474   0.05114   0.02742   0.04866   0.00152   0.05058   0.06498   0.02397   0.00615   0.06142   0.01450   0.04588   0.09448   1.89965   0.95147   0.15851   1.79736  
 81 395.3320   7005.028248  x:  0.00661   0.02130   0.03461   0.04202   0.00525   0.03593   0.01920   0.06305   0.08345   0.18560   0.05145   0.21240   0.01268   0.05768   0.07824   0.00540   0.06360   0.15809   0.00000   0.06910   0.00000   0.04108   0.01912   0.03815   0.36397   0.11165   0.09728   0.00000   0.18518   0.00000   0.00282   0.02729   0.09277   0.06088   0.15463   0.12324   0.14382   0.37644   0.03862   0.00000   0.01369   0.01838   0.01487   0.04957   0.02760   0.04798   0.00148   0.05179   0.06448   0.02391   0.00596   0.06168   0.01464   0.04513   0.09470   1.90070   0.95045   0.15022   1.65732  
 82 500.4652   7004.968546  x:  0.00677   0.02093   0.03454   0.04198   0.00531   0.03585   0.01858   0.06286   0.08295   0.18535   0.05026   0.21163   0.01342   0.05759   0.07942   0.00540   0.06363   0.15868   0.00000   0.07004   0.00000   0.04077   0.01889   0.03828   0.36473   0.11175   0.09602   0.00000   0.18380   0.00000   0.00276   0.02709   0.09331   0.06210   0.15526   0.12333   0.14045   0.37710   0.03807   0.00000   0.01366   0.01834   0.01487   0.04895   0.02754   0.04764   0.00157   0.05175   0.06489   0.02389   0.00603   0.06174   0.01442   0.04664   0.09413   1.90131   0.95206   0.14557   1.59999  
 83 125.2919   7004.930468  x:  0.00667   0.02139   0.03470   0.04155   0.00541   0.03560   0.01926   0.06293   0.08204   0.18465   0.04974   0.21106   0.01330   0.05734   0.08044   0.00545   0.06312   0.15900   0.00000   0.06961   0.00000   0.04089   0.01906   0.03812   0.36516   0.11232   0.09543   0.00000   0.18269   0.00000   0.00271   0.02693   0.09359   0.06233   0.15529   0.12331   0.13789   0.37742   0.03854   0.00000   0.01374   0.01840   0.01487   0.04968   0.02756   0.04794   0.00172   0.05119   0.06476   0.02392   0.00618   0.06138   0.01462   0.04525   0.09378   1.90174   0.95190   0.14352   1.56339  
 84 140.8018   7004.905775  x:  0.00670   0.02128   0.03478   0.04172   0.00547   0.03585   0.01891   0.06345   0.08199   0.18326   0.05082   0.21093   0.01284   0.05737   0.08075   0.00536   0.06307   0.15881   0.00000   0.06857   0.00000   0.04088   0.01918   0.03798   0.36522   0.11325   0.09667   0.00000   0.18259   0.00000   0.00266   0.02671   0.09327   0.06109   0.15450   0.12322   0.13798   0.37743   0.03859   0.00000   0.01385   0.01848   0.01498   0.04948   0.02761   0.04831   0.00187   0.05136   0.06493   0.02401   0.00638   0.06164   0.01454   0.04590   0.09438   1.90212   0.95242   0.14252   1.53959  
 85 43.5955   7004.893457  x:  0.00669   0.02116   0.03483   0.04190   0.00553   0.03569   0.01901   0.06353   0.08231   0.18243   0.05074   0.21112   0.01273   0.05723   0.08069   0.00536   0.06317   0.15854   0.00000   0.06970   0.00000   0.04080   0.01906   0.03817   0.36511   0.11318   0.09732   0.00000   0.18312   0.00000   0.00262   0.02655   0.09320   0.06076   0.15428   0.12331   0.13929   0.37735   0.03850   0.00000   0.01393   0.01853   0.01502   0.04954   0.02767   0.04774   0.00198   0.05106   0.06508   0.02404   0.00651   0.06148   0.01461   0.04538   0.09437   1.90235   0.95280   0.14175   1.52787  
 86 34.0725   7004.886959  x:  0.00663   0.02130   0.03486   0.04177   0.00559   0.03569   0.01915   0.06323   0.08256   0.18205   0.05006   0.21141   0.01305   0.05723   0.08050   0.00539   0.06294   0.15834   0.00000   0.06961   0.00000   0.04082   0.01913   0.03812   0.36495   0.11279   0.09718   0.00000   0.18377   0.00000   0.00259   0.02646   0.09331   0.06110   0.15449   0.12345   0.14060   0.37724   0.03875   0.00000   0.01397   0.01857   0.01507   0.04957   0.02773   0.04817   0.00204   0.05128   0.06489   0.02409   0.00661   0.06143   0.01459   0.04569   0.09404   1.90247   0.95254   0.14130   1.52183  
 87 18.8082   7004.885924  x:  0.00663   0.02125   0.03489   0.04179   0.00560   0.03571   0.01915   0.06317   0.08265   0.18211   0.04995   0.21154   0.01304   0.05734   0.08044   0.00539   0.06298   0.15834   0.00000   0.06928   0.00000   0.04081   0.01915   0.03808   0.36489   0.11287   0.09699   0.00000   0.18398   0.00000   0.00258   0.02644   0.09338   0.06129   0.15464   0.12348   0.14084   0.37721   0.03872   0.00000   0.01397   0.01857   0.01507   0.04955   0.02772   0.04801   0.00206   0.05115   0.06501   0.02409   0.00662   0.06154   0.01460   0.04557   0.09410   1.90250   0.95262   0.14113   1.52099  
 88  4.7444   7004.885318  x:  0.00664   0.02121   0.03496   0.04179   0.00562   0.03564   0.01917   0.06315   0.08266   0.18241   0.05010   0.21177   0.01293   0.05743   0.08032   0.00538   0.06301   0.15844   0.00000   0.06938   0.00000   0.04082   0.01913   0.03812   0.36478   0.11311   0.09674   0.00000   0.18419   0.00000   0.00258   0.02643   0.09337   0.06138   0.15481   0.12343   0.14085   0.37717   0.03868   0.00000   0.01399   0.01858   0.01508   0.04955   0.02771   0.04812   0.00206   0.05120   0.06503   0.02410   0.00664   0.06146   0.01460   0.04560   0.09425   1.90253   0.95256   0.14116   1.52079  
 89  1.2006   7004.884561  x:  0.00662   0.02123   0.03500   0.04175   0.00560   0.03587   0.01905   0.06317   0.08266   0.18291   0.05018   0.21211   0.01299   0.05737   0.08029   0.00536   0.06296   0.15858   0.00000   0.06948   0.00000   0.04082   0.01916   0.03810   0.36464   0.11316   0.09673   0.00000   0.18440   0.00000   0.00258   0.02644   0.09336   0.06131   0.15495   0.12334   0.14074   0.37712   0.03884   0.00000   0.01399   0.01859   0.01508   0.04961   0.02773   0.04803   0.00208   0.05114   0.06501   0.02412   0.00664   0.06157   0.01460   0.04564   0.09422   1.90256   0.95250   0.14126   1.52083  
 90  1.3265   7004.883029  x:  0.00665   0.02122   0.03498   0.04177   0.00562   0.03566   0.01909   0.06322   0.08259   0.18383   0.05011   0.21272   0.01299   0.05722   0.08044   0.00538   0.06296   0.15880   0.00000   0.06937   0.00000   0.04083   0.01916   0.03808   0.36444   0.11297   0.09706   0.00000   0.18463   0.00000   0.00257   0.02641   0.09340   0.06108   0.15512   0.12325   0.14056   0.37708   0.03868   0.00000   0.01400   0.01859   0.01510   0.04956   0.02774   0.04805   0.00209   0.05125   0.06501   0.02411   0.00666   0.06163   0.01461   0.04559   0.09406   1.90265   0.95257   0.14129   1.52121  
 91  2.3774   7004.880528  x:  0.00665   0.02118   0.03489   0.04196   0.00560   0.03583   0.01900   0.06312   0.08252   0.18440   0.04998   0.21307   0.01297   0.05761   0.08069   0.00536   0.06307   0.15875   0.00000   0.06927   0.00000   0.04083   0.01909   0.03819   0.36439   0.11275   0.09732   0.00000   0.18443   0.00000   0.00256   0.02641   0.09340   0.06095   0.15516   0.12340   0.14053   0.37712   0.03878   0.00000   0.01399   0.01860   0.01509   0.04957   0.02769   0.04817   0.00211   0.05103   0.06496   0.02412   0.00668   0.06111   0.01460   0.04561   0.09423   1.90278   0.95252   0.14119   1.52228  
 92  1.7323   7004.863563  x:  0.00666   0.02160   0.03447   0.04199   0.00563   0.03584   0.01914   0.06268   0.08236   0.18581   0.04998   0.21377   0.01267   0.05845   0.08092   0.00537   0.06292   0.15779   0.00000   0.06973   0.00000   0.04084   0.01924   0.03807   0.36481   0.11250   0.09737   0.00000   0.18243   0.00000   0.00254   0.02636   0.09316   0.06087   0.15506   0.12462   0.14079   0.37767   0.03872   0.00000   0.01406   0.01864   0.01514   0.04967   0.02775   0.04824   0.00219   0.05134   0.06528   0.02418   0.00672   0.06220   0.01460   0.04559   0.09496   1.90368   0.95179   0.14111   1.53040  
 93  5.1525   7004.808699  x:  0.00663   0.02130   0.03451   0.04224   0.00564   0.03596   0.01893   0.06314   0.08306   0.18759   0.05068   0.21429   0.01303   0.05623   0.07917   0.00536   0.06289   0.15615   0.00000   0.06923   0.00000   0.04076   0.01919   0.03805   0.36689   0.11334   0.09632   0.00000   0.17872   0.00000   0.00244   0.02619   0.09317   0.06109   0.15490   0.12684   0.14125   0.37972   0.03877   0.00000   0.01403   0.01862   0.01517   0.04950   0.02787   0.04810   0.00247   0.05138   0.06443   0.02420   0.00683   0.06126   0.01463   0.04543   0.09408   1.90658   0.95228   0.14269   1.55692  
 94 24.2956   7004.663731  x:  0.00660   0.01978   0.03722   0.04106   0.00557   0.03613   0.01939   0.06331   0.08266   0.18581   0.04980   0.21125   0.01244   0.05946   0.07649   0.00549   0.06280   0.15787   0.00000   0.06931   0.00000   0.04079   0.01873   0.03868   0.37328   0.11133   0.09541   0.00000   0.18039   0.00000   0.00197   0.02599   0.09294   0.06039   0.15468   0.12448   0.13892   0.38530   0.03864   0.00000   0.01390   0.01859   0.01516   0.04950   0.02785   0.04852   0.00307   0.05150   0.06464   0.02438   0.00692   0.06179   0.01469   0.04526   0.09252   1.91437   0.95340   0.14965   1.62827  
 95 43.9575   7004.596936  x:  0.00657   0.01976   0.03686   0.04172   0.00547   0.03633   0.01976   0.06259   0.08324   0.18401   0.04965   0.20939   0.01303   0.05770   0.07725   0.00555   0.06258   0.15961   0.00000   0.06952   0.00000   0.04079   0.01934   0.03771   0.37625   0.11134   0.09643   0.00000   0.18311   0.00000   0.00177   0.02599   0.09262   0.06115   0.15524   0.12235   0.13737   0.38786   0.03868   0.00000   0.01389   0.01857   0.01518   0.04948   0.02795   0.04858   0.00333   0.05183   0.06410   0.02443   0.00694   0.06163   0.01463   0.04515   0.09519   1.91795   0.95180   0.14959   1.66140  
 96 73.3871   7004.590612  x:  0.00658   0.02024   0.03618   0.04186   0.00547   0.03639   0.01973   0.06281   0.08363   0.18378   0.05001   0.20916   0.01288   0.05773   0.07750   0.00555   0.06268   0.15983   0.00000   0.06940   0.00000   0.04087   0.01886   0.03849   0.37651   0.11161   0.09662   0.00000   0.18351   0.00000   0.00175   0.02598   0.09261   0.06141   0.15538   0.12209   0.13719   0.38811   0.03868   0.00000   0.01391   0.01859   0.01520   0.04952   0.02798   0.04863   0.00336   0.05188   0.06408   0.02444   0.00695   0.06179   0.01465   0.04513   0.09465   1.91828   0.95128   0.14918   1.66452  
 97 13.9136   7004.590069  x:  0.00658   0.02031   0.03594   0.04207   0.00547   0.03638   0.01971   0.06290   0.08368   0.18375   0.05009   0.20913   0.01279   0.05785   0.07749   0.00555   0.06264   0.15987   0.00000   0.06945   0.00000   0.04086   0.01900   0.03827   0.37654   0.11165   0.09662   0.00000   0.18357   0.00000   0.00175   0.02598   0.09262   0.06146   0.15540   0.12206   0.13717   0.38814   0.03869   0.00000   0.01391   0.01859   0.01520   0.04952   0.02797   0.04865   0.00336   0.05187   0.06410   0.02444   0.00695   0.06175   0.01465   0.04513   0.09444   1.91831   0.95125   0.14915   1.66478  
 98  2.4464   7004.589995  x:  0.00659   0.02038   0.03578   0.04214   0.00547   0.03638   0.01971   0.06291   0.08362   0.18375   0.05006   0.20913   0.01281   0.05784   0.07743   0.00555   0.06265   0.15988   0.00000   0.06944   0.00000   0.04086   0.01899   0.03829   0.37655   0.11163   0.09658   0.00000   0.18358   0.00000   0.00175   0.02598   0.09262   0.06146   0.15539   0.12204   0.13716   0.38816   0.03868   0.00000   0.01391   0.01859   0.01520   0.04952   0.02797   0.04865   0.00337   0.05187   0.06409   0.02444   0.00696   0.06176   0.01465   0.04513   0.09449   1.91831   0.95130   0.14923   1.66479  
 99  0.5083   7004.586971  x:  0.00659   0.02039   0.03572   0.04213   0.00543   0.03640   0.01971   0.06273   0.08364   0.18408   0.04999   0.20967   0.01284   0.05782   0.07774   0.00555   0.06261   0.16008   0.00000   0.06941   0.00000   0.04085   0.01897   0.03828   0.37703   0.11172   0.09629   0.00000   0.18353   0.00000   0.00178   0.02602   0.09188   0.06205   0.15397   0.12156   0.13738   0.38865   0.03866   0.00000   0.01390   0.01858   0.01520   0.04952   0.02791   0.04861   0.00340   0.05184   0.06403   0.02443   0.00694   0.06175   0.01465   0.04512   0.09436   1.91814   0.95142   0.14901   1.66171  
100  0.0506   7004.580372  x:  0.00661   0.02036   0.03576   0.04208   0.00536   0.03645   0.01966   0.06286   0.08374   0.18464   0.05030   0.21038   0.01276   0.05783   0.07765   0.00557   0.06265   0.16011   0.00000   0.06946   0.00000   0.04088   0.01894   0.03830   0.37797   0.11148   0.09654   0.00000   0.18340   0.00000   0.00176   0.02612   0.09322   0.06317   0.15242   0.12105   0.13755   0.38963   0.03866   0.00000   0.01390   0.01858   0.01521   0.04960   0.02778   0.04862   0.00348   0.05181   0.06404   0.02443   0.00691   0.06184   0.01465   0.04515   0.09459   1.91777   0.95131   0.14869   1.65486  
101  6.6462   7004.563027  x:  0.00666   0.02030   0.03572   0.04200   0.00510   0.03661   0.01974   0.06302   0.08344   0.18558   0.05004   0.21049   0.01298   0.05806   0.07732   0.00560   0.06257   0.15935   0.00000   0.06949   0.00000   0.04093   0.01887   0.03834   0.38017   0.11213   0.09806   0.00000   0.18366   0.00000   0.00175   0.02640   0.09258   0.06353   0.15454   0.12223   0.13767   0.39210   0.03859   0.00000   0.01387   0.01856   0.01524   0.04976   0.02743   0.04851   0.00367   0.05174   0.06389   0.02439   0.00680   0.06199   0.01465   0.04520   0.09465   1.91678   0.95135   0.14813   1.63684  
102  8.3254   7004.553453  x:  0.00669   0.02037   0.03548   0.04205   0.00502   0.03665   0.01969   0.06268   0.08384   0.18600   0.05036   0.21034   0.01293   0.05787   0.07810   0.00562   0.06257   0.15935   0.00000   0.06946   0.00000   0.04093   0.01883   0.03833   0.38137   0.11173   0.09694   0.00000   0.18386   0.00000   0.00177   0.02654   0.09290   0.06146   0.15575   0.12295   0.13806   0.39346   0.03855   0.00000   0.01385   0.01855   0.01525   0.04980   0.02723   0.04844   0.00378   0.05169   0.06378   0.02436   0.00675   0.06204   0.01465   0.04519   0.09465   1.91623   0.95137   0.14737   1.62696  
103 16.2615   7004.553299  x:  0.00669   0.02037   0.03548   0.04205   0.00501   0.03666   0.01970   0.06268   0.08384   0.18599   0.05036   0.21031   0.01293   0.05788   0.07810   0.00562   0.06257   0.15973   0.00000   0.06946   0.00000   0.04094   0.01883   0.03833   0.38138   0.11175   0.09697   0.00000   0.18366   0.00000   0.00177   0.02655   0.09291   0.06145   0.15585   0.12294   0.13821   0.39347   0.03855   0.00000   0.01385   0.01855   0.01525   0.04981   0.02723   0.04845   0.00378   0.05169   0.06378   0.02437   0.00675   0.06204   0.01465   0.04519   0.09466   1.91622   0.95136   0.14738   1.62680  
104  0.6878   7004.550964  x:  0.00664   0.02024   0.03578   0.04201   0.00513   0.03654   0.01974   0.06279   0.08381   0.18541   0.05037   0.21051   0.01288   0.05789   0.07845   0.00560   0.06253   0.15974   0.00000   0.06952   0.00000   0.04099   0.01887   0.03830   0.38145   0.11204   0.09699   0.00000   0.18382   0.00000   0.00182   0.02656   0.09298   0.06144   0.15591   0.12301   0.13830   0.39360   0.03856   0.00000   0.01391   0.01858   0.01523   0.04979   0.02706   0.04851   0.00393   0.05167   0.06388   0.02434   0.00688   0.06201   0.01465   0.04530   0.09456   1.91482   0.95124   0.14754   1.62847  
105  0.0019   7004.550784  x:  0.00664   0.02026   0.03574   0.04202   0.00513   0.03655   0.01974   0.06279   0.08379   0.18543   0.05036   0.21042   0.01289   0.05789   0.07830   0.00558   0.06254   0.15972   0.00000   0.06951   0.00000   0.04098   0.01886   0.03831   0.38125   0.11196   0.09697   0.00000   0.18378   0.00000   0.00181   0.02656   0.09294   0.06145   0.15585   0.12297   0.13823   0.39337   0.03857   0.00000   0.01389   0.01857   0.01522   0.04979   0.02703   0.04851   0.00397   0.05168   0.06388   0.02434   0.00688   0.06200   0.01465   0.04527   0.09457   1.91515   0.95130   0.14728   1.62505  
106  0.0026   7004.550767  x:  0.00664   0.02026   0.03574   0.04201   0.00512   0.03655   0.01974   0.06278   0.08380   0.18543   0.05037   0.21042   0.01288   0.05789   0.07834   0.00558   0.06254   0.15971   0.00000   0.06951   0.00000   0.04097   0.01886   0.03830   0.38117   0.11197   0.09697   0.00000   0.18377   0.00000   0.00181   0.02656   0.09294   0.06145   0.15585   0.12297   0.13824   0.39327   0.03856   0.00000   0.01389   0.01857   0.01522   0.04978   0.02704   0.04851   0.00399   0.05168   0.06388   0.02434   0.00687   0.06200   0.01465   0.04527   0.09457   1.91519   0.95129   0.14734   1.62591  
107  0.0007   7004.550766  x:  0.00664   0.02026   0.03574   0.04201   0.00512   0.03655   0.01974   0.06278   0.08380   0.18543   0.05037   0.21042   0.01289   0.05789   0.07833   0.00558   0.06254   0.15971   0.00000   0.06951   0.00000   0.04098   0.01886   0.03831   0.38117   0.11197   0.09697   0.00000   0.18377   0.00000   0.00181   0.02656   0.09294   0.06145   0.15585   0.12297   0.13824   0.39327   0.03856   0.00000   0.01389   0.01857   0.01522   0.04978   0.02704   0.04851   0.00399   0.05168   0.06388   0.02434   0.00687   0.06200   0.01465   0.04527   0.09457   1.91514   0.95129   0.14734   1.62591  
108  0.0000   7004.550766  x:  0.00664   0.02026   0.03574   0.04201   0.00512   0.03655   0.01974   0.06278   0.08380   0.18543   0.05037   0.21042   0.01289   0.05789   0.07833   0.00558   0.06254   0.15971   0.00000   0.06951   0.00000   0.04098   0.01886   0.03831   0.38117   0.11197   0.09697   0.00000   0.18377   0.00000   0.00181   0.02656   0.09294   0.06145   0.15585   0.12297   0.13824   0.39327   0.03856   0.00000   0.01389   0.01857   0.01522   0.04978   0.02704   0.04851   0.00399   0.05168   0.06388   0.02434   0.00687   0.06200   0.01465   0.04527   0.09457   1.91515   0.95129   0.14734   1.62592  
109  0.0000   7004.550766  x:  0.00664   0.02026   0.03574   0.04201   0.00512   0.03655   0.01974   0.06278   0.08380   0.18543   0.05037   0.21042   0.01289   0.05789   0.07833   0.00558   0.06254   0.15971   0.00000   0.06951   0.00000   0.04098   0.01886   0.03831   0.38117   0.11197   0.09697   0.00000   0.18377   0.00000   0.00181   0.02656   0.09294   0.06145   0.15585   0.12297   0.13824   0.39327   0.03856   0.00000   0.01389   0.01857   0.01522   0.04978   0.02704   0.04851   0.00399   0.05168   0.06388   0.02434   0.00687   0.06200   0.01465   0.04527   0.09457   1.91515   0.95129   0.14734   1.62592  
110  0.0000   7004.550766  x:  0.00664   0.02026   0.03574   0.04201   0.00512   0.03655   0.01974   0.06278   0.08380   0.18543   0.05037   0.21042   0.01289   0.05789   0.07833   0.00558   0.06254   0.15971   0.00000   0.06951   0.00000   0.04098   0.01886   0.03831   0.38117   0.11197   0.09697   0.00000   0.18377   0.00000   0.00181   0.02656   0.09294   0.06145   0.15585   0.12297   0.13824   0.39327   0.03856   0.00000   0.01389   0.01857   0.01522   0.04978   0.02704   0.04851   0.00399   0.05168   0.06388   0.02434   0.00687   0.06200   0.01465   0.04527   0.09457   1.91515   0.95129   0.14734   1.62592  
111  0.0000   7004.550766  x:  0.00664   0.02026   0.03574   0.04201   0.00512   0.03655   0.01974   0.06278   0.08380   0.18543   0.05037   0.21042   0.01289   0.05789   0.07833   0.00558   0.06254   0.15971   0.00000   0.06951   0.00000   0.04098   0.01886   0.03831   0.38117   0.11197   0.09697   0.00000   0.18377   0.00000   0.00181   0.02656   0.09294   0.06145   0.15585   0.12297   0.13824   0.39327   0.03856   0.00000   0.01389   0.01857   0.01522   0.04978   0.02704   0.04851   0.00399   0.05168   0.06388   0.02434   0.00687   0.06200   0.01465   0.04527   0.09457   1.91515   0.95129   0.14734   1.62591  