Supplemental results for CODEML (seqf: msh4.fasta  treef: msh4_tree.txt)


MLEs of dN/dS (w) for site classes (K=6)

p:   0.19760  0.19760  0.19760  0.19760  0.19760  0.01198
w:   0.00105  0.01476  0.05302  0.13427  0.32859  1.00000

Naive Empirical Bayes (NEB) probabilities for 6 classes & postmean_w
(amino acids refer to 1st sequence: Danio_rerio)

   1 -   0.02337 0.25458 0.44890 0.25432 0.01882 0.00000 ( 3)  0.068
   2 -   0.00000 0.00001 0.00264 0.10237 0.88666 0.00832 ( 5)  0.314
   3 -   0.00000 0.00009 0.00943 0.16415 0.81663 0.00970 ( 5)  0.301
   4 -   0.01914 0.21654 0.42469 0.30149 0.03815 0.00000 ( 3)  0.079
   5 -   0.42347 0.33961 0.18386 0.05059 0.00248 0.00000 ( 1)  0.023
   6 -   0.39327 0.32907 0.20054 0.07085 0.00627 0.00000 ( 1)  0.027
   7 -   0.00000 0.00023 0.02234 0.28693 0.68970 0.00080 ( 5)  0.267
   8 -   0.40728 0.33433 0.19318 0.06104 0.00416 0.00000 ( 1)  0.025
   9 -   0.01527 0.17938 0.39008 0.34370 0.07156 0.00001 ( 3)  0.093
  10 -   0.00015 0.02584 0.20712 0.48708 0.27972 0.00009 ( 4)  0.169
  11 -   0.00000 0.00000 0.00005 0.01324 0.79335 0.19335 ( 5)  0.456
  12 -   0.00000 0.00000 0.00004 0.01046 0.77822 0.21128 ( 5)  0.468
  13 -   0.00000 0.00022 0.02085 0.27491 0.70301 0.00101 ( 5)  0.270
  14 -   0.00000 0.00001 0.00225 0.09263 0.89410 0.01101 ( 5)  0.317
  15 -   0.00016 0.02694 0.21361 0.49133 0.26789 0.00007 ( 4)  0.166
  16 -   0.01162 0.14168 0.34216 0.37538 0.12913 0.00004 ( 4)  0.113
  17 A   0.00000 0.00001 0.00453 0.14723 0.84600 0.00222 ( 5)  0.300
  18 P   0.00020 0.03243 0.24485 0.50740 0.21509 0.00002 ( 4)  0.152
  19 V   0.01846 0.21026 0.42002 0.30925 0.04202 0.00000 ( 3)  0.081
  20 I   0.00000 0.00048 0.04062 0.40924 0.54958 0.00008 ( 5)  0.238
  21 V   0.01687 0.19530 0.40762 0.32718 0.05302 0.00000 ( 3)  0.086
  22 A   0.01847 0.21035 0.42006 0.30911 0.04201 0.00000 ( 3)  0.081
  23 V   0.00000 0.00351 0.09318 0.46703 0.43618 0.00011 ( 4)  0.211
  24 V   0.41430 0.33679 0.18930 0.05631 0.00329 0.00000 ( 1)  0.024
  25 E   0.44837 0.34574 0.16793 0.03688 0.00108 0.00000 ( 1)  0.020
  26 G   0.41788 0.33792 0.18720 0.05404 0.00296 0.00000 ( 1)  0.024
  27 R   0.40391 0.33309 0.19498 0.06337 0.00464 0.00000 ( 1)  0.026
  28 G   0.41523 0.33707 0.18875 0.05574 0.00321 0.00000 ( 1)  0.024
  29 L   0.38562 0.32554 0.20371 0.07683 0.00830 0.00000 ( 1)  0.029
  30 A   0.41530 0.33710 0.18871 0.05568 0.00320 0.00000 ( 1)  0.024
  31 R   0.43311 0.34197 0.17766 0.04529 0.00197 0.00000 ( 1)  0.022
  32 G   0.41715 0.33763 0.18759 0.05457 0.00306 0.00000 ( 1)  0.024
  33 E   0.44201 0.34439 0.17213 0.04012 0.00135 0.00000 ( 1)  0.021
  34 I   0.43702 0.34315 0.17532 0.04288 0.00163 0.00000 ( 1)  0.021
  35 G   0.41752 0.33781 0.18741 0.05427 0.00299 0.00000 ( 1)  0.024
  36 M   0.03562 0.35056 0.46595 0.14524 0.00262 0.00000 ( 3)  0.050
  37 A   0.00029 0.04614 0.31198 0.51340 0.12819 0.00000 ( 4)  0.128
  38 S   0.02993 0.30819 0.46494 0.19026 0.00668 0.00000 ( 3)  0.057
  39 I   0.00000 0.00003 0.00952 0.23822 0.75192 0.00032 ( 5)  0.280
  40 N   0.00000 0.00155 0.10399 0.63006 0.26439 0.00000 ( 4)  0.177
  41 M   0.00000 0.00020 0.01977 0.26752 0.71154 0.00097 ( 5)  0.272
  42 K   0.00001 0.01258 0.24173 0.61928 0.12641 0.00000 ( 4)  0.138
  43 Y   0.00000 0.00000 0.00055 0.06996 0.92830 0.00119 ( 5)  0.316
  44 P   0.45458 0.34700 0.16378 0.03378 0.00085 0.00000 ( 1)  0.019
  45 E   0.47964 0.35026 0.14631 0.02345 0.00033 0.00000 ( 1)  0.017
  46 L   0.00029 0.04538 0.30850 0.51371 0.13212 0.00000 ( 4)  0.129
  47 V   0.00000 0.00769 0.17083 0.58930 0.23217 0.00000 ( 4)  0.165
  48 L   0.44093 0.34389 0.17269 0.04100 0.00150 0.00000 ( 1)  0.021
  49 S   0.00030 0.04715 0.31655 0.51293 0.12306 0.00000 ( 4)  0.127
  50 Q   0.44164 0.34437 0.17242 0.04023 0.00133 0.00000 ( 1)  0.021
  51 F   0.46380 0.34859 0.15749 0.02954 0.00058 0.00000 ( 1)  0.018
  52 V   0.02425 0.26211 0.45232 0.24500 0.01632 0.00000 ( 3)  0.066
  53 D   0.48263 0.35061 0.14420 0.02228 0.00028 0.00000 ( 1)  0.016
  54 T   0.44310 0.34466 0.17144 0.03951 0.00129 0.00000 ( 1)  0.020
  55 G   0.43837 0.34361 0.17455 0.04198 0.00150 0.00000 ( 1)  0.021
  56 T   0.44154 0.34431 0.17246 0.04033 0.00136 0.00000 ( 1)  0.021
  57 Y   0.43625 0.34308 0.17590 0.04315 0.00161 0.00000 ( 1)  0.021
  58 T   0.02183 0.24106 0.44178 0.27126 0.02407 0.00000 ( 3)  0.071
  59 K   0.47185 0.34948 0.15181 0.02641 0.00045 0.00000 ( 1)  0.017
  60 V   0.43708 0.34330 0.17537 0.04268 0.00156 0.00000 ( 1)  0.021
  61 I   0.47101 0.34931 0.15238 0.02682 0.00048 0.00000 ( 1)  0.017
  62 T   0.02206 0.24307 0.44272 0.26874 0.02341 0.00000 ( 3)  0.071
  63 K   0.00000 0.00114 0.08165 0.57546 0.34175 0.00000 ( 4)  0.194
  64 L   0.00032 0.04912 0.32509 0.51113 0.11435 0.00000 ( 4)  0.124
  65 H   0.00054 0.07790 0.42718 0.45332 0.04106 0.00000 ( 4)  0.098
  66 N   0.00000 0.00832 0.18073 0.59626 0.21468 0.00000 ( 4)  0.160
  67 L   0.40093 0.33163 0.19616 0.06583 0.00545 0.00000 ( 1)  0.026
  68 T   0.00000 0.00000 0.00008 0.02755 0.96819 0.00419 ( 5)  0.326
  69 P   0.44596 0.34532 0.16957 0.03800 0.00115 0.00000 ( 1)  0.020
  70 M   0.00000 0.00001 0.00421 0.14099 0.85237 0.00242 ( 5)  0.302
  71 E   0.02815 0.29408 0.46218 0.20658 0.00900 0.00000 ( 3)  0.060
  72 I   0.48024 0.35033 0.14588 0.02322 0.00032 0.00000 ( 1)  0.017
  73 L   0.00018 0.02911 0.22623 0.49872 0.24572 0.00005 ( 4)  0.160
  74 M   0.51332 0.35117 0.12218 0.01325 0.00007 0.00000 ( 1)  0.014
  75 P   0.02362 0.25670 0.44992 0.25169 0.01807 0.00000 ( 3)  0.067
  76 D   0.48277 0.35064 0.14411 0.02221 0.00028 0.00000 ( 1)  0.016
  77 T   0.44988 0.34607 0.16694 0.03610 0.00102 0.00000 ( 1)  0.020
  78 A   0.00000 0.00543 0.13141 0.54235 0.32080 0.00002 ( 4)  0.185
  79 S   0.00001 0.01157 0.22892 0.62013 0.13938 0.00000 ( 4)  0.141
  80 V   0.00044 0.06592 0.38912 0.48206 0.06246 0.00000 ( 4)  0.107
  81 K   0.02914 0.30188 0.46373 0.19756 0.00770 0.00000 ( 3)  0.058
  82 G   0.43785 0.34347 0.17487 0.04228 0.00153 0.00000 ( 1)  0.021
  83 Q   0.00043 0.06479 0.38529 0.48432 0.06517 0.00000 ( 4)  0.108
  84 G   0.00033 0.05067 0.33157 0.50935 0.10809 0.00000 ( 4)  0.122
  85 T   0.00036 0.05479 0.34824 0.50340 0.09321 0.00000 ( 4)  0.117
  86 K   0.47335 0.34960 0.15074 0.02587 0.00044 0.00000 ( 1)  0.017
  87 L   0.41317 0.33641 0.18995 0.05705 0.00341 0.00000 ( 1)  0.024
  88 Y   0.00000 0.00757 0.16894 0.58799 0.23549 0.00000 ( 4)  0.165
  89 S   0.00000 0.00000 0.00416 0.19709 0.79855 0.00019 ( 5)  0.289
  90 L   0.42857 0.34109 0.18076 0.04750 0.00208 0.00000 ( 1)  0.022
  91 I   0.00000 0.00834 0.18122 0.59748 0.21295 0.00000 ( 4)  0.160
  92 T   0.00000 0.00604 0.14271 0.55900 0.29223 0.00001 ( 4)  0.179
  93 E   0.46633 0.34880 0.15567 0.02864 0.00056 0.00000 ( 1)  0.018
  94 T   0.03137 0.31916 0.46594 0.17816 0.00537 0.00000 ( 3)  0.055
  95 F   0.00000 0.00892 0.19064 0.60551 0.19493 0.00000 ( 4)  0.156
  96 P   0.00000 0.00033 0.02974 0.34351 0.62620 0.00023 ( 5)  0.254
  97 S   0.00000 0.00000 0.00089 0.07080 0.92278 0.00553 ( 5)  0.318
  98 V   0.44703 0.34555 0.16887 0.03744 0.00110 0.00000 ( 1)  0.020
  99 T   0.00000 0.00000 0.00000 0.00591 0.91516 0.07893 ( 5)  0.380
 100 F   0.02689 0.28411 0.46030 0.21811 0.01059 0.00000 ( 3)  0.061
 101 T   0.02166 0.23953 0.44067 0.27316 0.02497 0.00000 ( 3)  0.072
 102 A   0.00034 0.05207 0.33746 0.50768 0.10246 0.00000 ( 4)  0.120
 103 V   0.00000 0.00000 0.00203 0.12480 0.87247 0.00070 ( 5)  0.304
 104 L   0.02282 0.24965 0.44595 0.26054 0.02104 0.00000 ( 3)  0.069
 105 R   0.46302 0.34804 0.15786 0.03039 0.00070 0.00000 ( 1)  0.018
 106 R   0.00050 0.07291 0.41153 0.46542 0.04963 0.00000 ( 4)  0.102
 107 Y   0.43772 0.34344 0.17496 0.04235 0.00153 0.00000 ( 1)  0.021
 108 F   0.02653 0.28116 0.45952 0.22163 0.01117 0.00000 ( 3)  0.062
 109 N   0.48787 0.35089 0.14045 0.02055 0.00024 0.00000 ( 1)  0.016
 110 E   0.46443 0.34854 0.15700 0.02943 0.00060 0.00000 ( 1)  0.018
 111 K   0.00000 0.00000 0.00251 0.13899 0.85750 0.00100 ( 5)  0.302
 112 K   0.48434 0.35059 0.14296 0.02183 0.00028 0.00000 ( 1)  0.016
 113 G   0.43779 0.34346 0.17491 0.04230 0.00153 0.00000 ( 1)  0.021
 114 L   0.40957 0.33513 0.19192 0.05950 0.00387 0.00000 ( 1)  0.025
 115 E   0.03019 0.31009 0.46489 0.18828 0.00654 0.00000 ( 3)  0.057
 116 F   0.02434 0.26279 0.45254 0.24418 0.01615 0.00000 ( 3)  0.066
 117 I   0.02536 0.27136 0.45558 0.23372 0.01398 0.00000 ( 3)  0.064
 118 Q   0.44230 0.34449 0.17197 0.03992 0.00132 0.00000 ( 1)  0.020
 119 Q   0.00034 0.05257 0.33956 0.50710 0.10043 0.00000 ( 4)  0.120
 120 L   0.01715 0.19783 0.40893 0.32378 0.05231 0.00000 ( 3)  0.085
 121 C   0.02378 0.25816 0.45077 0.24987 0.01741 0.00000 ( 3)  0.067
 122 V   0.02143 0.23750 0.43966 0.27571 0.02569 0.00000 ( 3)  0.072
 123 P   0.00000 0.00047 0.04017 0.40737 0.55192 0.00008 ( 5)  0.238
 124 E   0.46973 0.34927 0.15331 0.02720 0.00048 0.00000 ( 1)  0.018
 125 F   0.00000 0.00862 0.18580 0.60185 0.20372 0.00000 ( 4)  0.158
 126 T   0.00000 0.00000 0.00000 0.00325 0.92172 0.07503 ( 5)  0.378
 127 T   0.43824 0.34354 0.17461 0.04209 0.00152 0.00000 ( 1)  0.021
 128 V   0.43339 0.34238 0.17774 0.04472 0.00177 0.00000 ( 1)  0.022
 129 L   0.00000 0.00002 0.00539 0.16141 0.83038 0.00280 ( 5)  0.298
 130 M   0.51332 0.35117 0.12218 0.01325 0.00007 0.00000 ( 1)  0.014
 131 E   0.02903 0.30107 0.46357 0.19849 0.00783 0.00000 ( 3)  0.058
 132 V   0.43701 0.34329 0.17543 0.04271 0.00156 0.00000 ( 1)  0.021
 133 Q   0.45214 0.34652 0.16542 0.03499 0.00093 0.00000 ( 1)  0.019
 134 T   0.00000 0.00002 0.00711 0.19792 0.79428 0.00067 ( 5)  0.289
 135 K   0.47390 0.34967 0.15036 0.02565 0.00042 0.00000 ( 1)  0.017
 136 Y   0.43763 0.34342 0.17502 0.04240 0.00154 0.00000 ( 1)  0.021
 137 Y   0.43693 0.34325 0.17547 0.04278 0.00157 0.00000 ( 1)  0.021
 138 C   0.45164 0.34649 0.16579 0.03514 0.00093 0.00000 ( 1)  0.019
 139 L   0.40304 0.33278 0.19546 0.06397 0.00475 0.00000 ( 1)  0.026
 140 A   0.02375 0.25781 0.45042 0.25033 0.01770 0.00000 ( 3)  0.067
 141 S   0.00000 0.00002 0.00686 0.19349 0.79890 0.00072 ( 5)  0.290
 142 A   0.44552 0.34521 0.16986 0.03823 0.00117 0.00000 ( 1)  0.020
 143 S   0.00028 0.04472 0.30593 0.51496 0.13410 0.00000 ( 4)  0.130
 144 A   0.00029 0.04499 0.30708 0.51466 0.13298 0.00000 ( 4)  0.130
 145 L   0.01738 0.19978 0.40955 0.32066 0.05262 0.00000 ( 3)  0.085
 146 L   0.40192 0.33248 0.19619 0.06463 0.00479 0.00000 ( 1)  0.026
 147 K   0.48102 0.35034 0.14532 0.02300 0.00032 0.00000 ( 1)  0.017
 148 Y   0.43893 0.34373 0.17418 0.04170 0.00147 0.00000 ( 1)  0.021
 149 F   0.00000 0.00000 0.00095 0.07400 0.91983 0.00522 ( 5)  0.317
 150 E   0.46419 0.34852 0.15717 0.02952 0.00060 0.00000 ( 1)  0.018
 151 F   0.46584 0.34883 0.15605 0.02873 0.00055 0.00000 ( 1)  0.018
 152 V   0.00000 0.00000 0.00196 0.12083 0.87634 0.00088 ( 5)  0.305
 153 Q   0.44165 0.34437 0.17242 0.04023 0.00134 0.00000 ( 1)  0.021
 154 K   0.00001 0.01417 0.26257 0.62071 0.10255 0.00000 ( 4)  0.131
 155 S   0.00026 0.04195 0.29310 0.51575 0.14893 0.00000 ( 4)  0.134
 156 I   0.00000 0.00037 0.03244 0.35101 0.61588 0.00030 ( 5)  0.252
 157 Y   0.43666 0.34318 0.17564 0.04293 0.00159 0.00000 ( 1)  0.021
 158 A   0.02159 0.23898 0.44054 0.27387 0.02503 0.00000 ( 3)  0.072
 159 P   0.00000 0.00000 0.00127 0.09047 0.90591 0.00235 ( 5)  0.312
 160 K   0.02881 0.29930 0.46318 0.20055 0.00815 0.00000 ( 3)  0.059
 161 S   0.42379 0.33973 0.18369 0.05035 0.00243 0.00000 ( 1)  0.023
 162 L   0.41433 0.33678 0.18927 0.05632 0.00330 0.00000 ( 1)  0.024
 163 K   0.00058 0.08351 0.44273 0.43879 0.03438 0.00000 ( 3)  0.095
 164 V   0.43536 0.34288 0.17648 0.04362 0.00165 0.00000 ( 1)  0.021
 165 T   0.00000 0.00000 0.00001 0.01039 0.97477 0.01483 ( 5)  0.337
 166 F   0.46477 0.34870 0.15681 0.02916 0.00057 0.00000 ( 1)  0.018
 167 S   0.00000 0.00077 0.06033 0.50413 0.43475 0.00002 ( 4)  0.214
 168 G   0.43828 0.34358 0.17460 0.04204 0.00150 0.00000 ( 1)  0.021
 169 S   0.48038 0.35038 0.14580 0.02313 0.00032 0.00000 ( 1)  0.017
 170 E   0.47022 0.34929 0.15295 0.02706 0.00048 0.00000 ( 1)  0.018
 171 Q   0.00000 0.00627 0.14658 0.56301 0.28412 0.00001 ( 4)  0.177
 172 T   0.44396 0.34485 0.17087 0.03906 0.00125 0.00000 ( 1)  0.020
 173 A   0.02158 0.23890 0.44049 0.27397 0.02506 0.00000 ( 3)  0.072
 174 M   0.51332 0.35117 0.12218 0.01325 0.00007 0.00000 ( 1)  0.014
 175 I   0.45693 0.34736 0.16216 0.03276 0.00079 0.00000 ( 1)  0.019
 176 D   0.48239 0.35056 0.14437 0.02239 0.00029 0.00000 ( 1)  0.016
 177 A   0.00000 0.00022 0.02149 0.28133 0.69624 0.00072 ( 5)  0.268
 178 V   0.00000 0.00045 0.03914 0.40156 0.55875 0.00009 ( 5)  0.240
 179 S   0.42236 0.33930 0.18455 0.05123 0.00255 0.00000 ( 1)  0.023
 180 A   0.02144 0.23767 0.43975 0.27551 0.02563 0.00000 ( 3)  0.072
 181 S   0.00000 0.00000 0.00000 0.00000 0.01530 0.98470 ( 6)  0.990
 182 N   0.00061 0.08722 0.45280 0.42918 0.03019 0.00000 ( 3)  0.093
 183 L   0.01644 0.19086 0.40182 0.33133 0.05954 0.00000 ( 3)  0.088
 184 E   0.46360 0.34846 0.15759 0.02974 0.00061 0.00000 ( 1)  0.018
 185 L   0.40436 0.33253 0.19396 0.06384 0.00531 0.00000 ( 1)  0.026
 186 V   0.02137 0.23699 0.43936 0.27637 0.02591 0.00000 ( 3)  0.072
 187 V   0.00000 0.00038 0.03368 0.37058 0.59524 0.00013 ( 5)  0.247
 188 N   0.48926 0.35094 0.13946 0.02012 0.00022 0.00000 ( 1)  0.016
 189 H   0.03187 0.32296 0.46621 0.17402 0.00494 0.00000 ( 3)  0.055
 190 R   0.45932 0.34763 0.16047 0.03182 0.00076 0.00000 ( 1)  0.019
 191 N   0.00001 0.01257 0.24227 0.62157 0.12357 0.00000 ( 4)  0.137
 192 H   0.00000 0.00000 0.00041 0.06676 0.93228 0.00055 ( 5)  0.316
 193 R   0.00042 0.06349 0.38095 0.48729 0.06785 0.00000 ( 4)  0.109
 194 S   0.48965 0.35099 0.13918 0.01997 0.00022 0.00000 ( 1)  0.016
 195 E   0.00000 0.00000 0.00110 0.11761 0.88105 0.00023 ( 5)  0.306
 196 H   0.00060 0.08543 0.44842 0.43392 0.03164 0.00000 ( 3)  0.094
 197 T   0.00034 0.05285 0.34059 0.50652 0.09970 0.00000 ( 4)  0.120
 198 L   0.42051 0.33873 0.18564 0.05240 0.00272 0.00000 ( 1)  0.023
 199 F   0.00000 0.00000 0.00100 0.07611 0.91835 0.00455 ( 5)  0.317
 200 G   0.02229 0.24517 0.44424 0.26608 0.02222 0.00000 ( 3)  0.070
 201 V   0.02402 0.26012 0.45152 0.24746 0.01688 0.00000 ( 3)  0.067
 202 L   0.42378 0.33967 0.18365 0.05044 0.00247 0.00000 ( 1)  0.023
 203 N   0.49904 0.35126 0.13244 0.01711 0.00015 0.00000 ( 1)  0.015
 204 H   0.00000 0.00081 0.06272 0.51438 0.42207 0.00001 ( 4)  0.211
 205 T   0.45789 0.34754 0.16151 0.03230 0.00076 0.00000 ( 1)  0.019
 206 K   0.00064 0.09070 0.46153 0.42003 0.02710 0.00000 ( 3)  0.091
 207 T   0.02515 0.26965 0.45516 0.23575 0.01429 0.00000 ( 3)  0.064
 208 S   0.00000 0.00000 0.00137 0.09559 0.90128 0.00176 ( 5)  0.311
 209 G   0.02292 0.25067 0.44709 0.25922 0.02011 0.00000 ( 3)  0.069
 210 G   0.44371 0.34485 0.17107 0.03913 0.00124 0.00000 ( 1)  0.020
 211 E   0.00000 0.00000 0.00028 0.04665 0.94880 0.00427 ( 5)  0.322
 212 R   0.45928 0.34751 0.16045 0.03197 0.00079 0.00000 ( 1)  0.019
 213 R   0.46610 0.34827 0.15565 0.02931 0.00067 0.00000 ( 1)  0.018
 214 L   0.41337 0.33636 0.18972 0.05706 0.00349 0.00000 ( 1)  0.024
 215 R   0.44137 0.34432 0.17260 0.04037 0.00135 0.00000 ( 1)  0.021
 216 S   0.02142 0.23745 0.43970 0.27579 0.02564 0.00000 ( 3)  0.072
 217 N   0.49784 0.35123 0.13330 0.01747 0.00016 0.00000 ( 1)  0.015
 218 I   0.46534 0.34869 0.15638 0.02902 0.00057 0.00000 ( 1)  0.018
 219 L   0.40573 0.33380 0.19405 0.06208 0.00434 0.00000 ( 1)  0.025
 220 E   0.47302 0.34967 0.15101 0.02588 0.00042 0.00000 ( 1)  0.017
 221 P   0.43885 0.34374 0.17425 0.04170 0.00146 0.00000 ( 1)  0.021
 222 L   0.01653 0.19176 0.40303 0.33057 0.05811 0.00000 ( 3)  0.088
 223 L   0.00000 0.00000 0.00107 0.07967 0.91395 0.00531 ( 5)  0.316
 224 E   0.00062 0.08833 0.45617 0.42633 0.02855 0.00000 ( 3)  0.092
 225 V   0.00000 0.00003 0.00977 0.24329 0.74665 0.00025 ( 5)  0.279
 226 D   0.03268 0.32901 0.46647 0.16751 0.00433 0.00000 ( 3)  0.054
 227 T   0.02360 0.25647 0.44966 0.25201 0.01825 0.00000 ( 3)  0.067
 228 I   0.47114 0.34934 0.15229 0.02675 0.00048 0.00000 ( 1)  0.017
 229 K   0.00001 0.01641 0.28912 0.61503 0.07943 0.00000 ( 4)  0.124
 230 S   0.00000 0.00000 0.00002 0.01520 0.97606 0.00872 ( 5)  0.331
 231 R   0.43252 0.34210 0.17825 0.04528 0.00185 0.00000 ( 1)  0.022
 232 Q   0.01693 0.19567 0.40705 0.32635 0.05401 0.00000 ( 3)  0.086
 233 D   0.49144 0.35113 0.13790 0.01934 0.00020 0.00000 ( 1)  0.016
 234 T   0.00000 0.00000 0.00004 0.01688 0.96642 0.01666 ( 5)  0.336
 235 I   0.00000 0.00103 0.07645 0.56691 0.35561 0.00000 ( 4)  0.197
 236 Q   0.00000 0.00842 0.18257 0.59938 0.20963 0.00000 ( 4)  0.159
 237 E   0.00052 0.07656 0.42306 0.45666 0.04319 0.00000 ( 4)  0.099
 238 L   0.00022 0.03509 0.25885 0.51126 0.19457 0.00002 ( 4)  0.147
 239 L   0.40480 0.33348 0.19458 0.06269 0.00444 0.00000 ( 1)  0.026
 240 Q   0.00000 0.00764 0.16975 0.58781 0.23480 0.00000 ( 4)  0.165
 241 N   0.00000 0.00000 0.00024 0.06096 0.93843 0.00037 ( 5)  0.317
 242 E   0.47199 0.34956 0.15173 0.02627 0.00044 0.00000 ( 1)  0.017
 243 E   0.47481 0.34985 0.14974 0.02520 0.00040 0.00000 ( 1)  0.017
 244 L   0.43680 0.34324 0.17557 0.04283 0.00157 0.00000 ( 1)  0.021
 245 F   0.47438 0.34991 0.15007 0.02525 0.00039 0.00000 ( 1)  0.017
 246 F   0.00043 0.06503 0.38710 0.48490 0.06253 0.00000 ( 4)  0.107
 247 S   0.02336 0.25452 0.44896 0.25442 0.01874 0.00000 ( 3)  0.068
 248 L   0.01713 0.19749 0.40816 0.32385 0.05336 0.00000 ( 3)  0.086
 249 K   0.00055 0.08013 0.43316 0.44749 0.03867 0.00000 ( 4)  0.097
 250 N   0.00001 0.01545 0.27777 0.61757 0.08920 0.00000 ( 4)  0.127
 251 A   0.00036 0.05539 0.35088 0.50292 0.09045 0.00000 ( 4)  0.117
 252 I   0.48416 0.35065 0.14310 0.02181 0.00027 0.00000 ( 1)  0.016
 253 A   0.00000 0.00003 0.00975 0.24099 0.74889 0.00034 ( 5)  0.279
 254 H   0.00001 0.01320 0.25066 0.62229 0.11384 0.00000 ( 4)  0.134
 255 F   0.47447 0.34993 0.15001 0.02521 0.00039 0.00000 ( 1)  0.017
 256 L   0.00025 0.03966 0.28192 0.51497 0.16320 0.00001 ( 4)  0.138
 257 D   0.49074 0.35109 0.13840 0.01957 0.00020 0.00000 ( 1)  0.016
 258 I   0.00001 0.01158 0.22937 0.62114 0.13790 0.00000 ( 4)  0.141
 259 D   0.49067 0.35107 0.13845 0.01960 0.00021 0.00000 ( 1)  0.016
 260 E   0.00030 0.04662 0.31703 0.51799 0.11806 0.00000 ( 4)  0.126
 261 L   0.40196 0.33250 0.19617 0.06460 0.00478 0.00000 ( 1)  0.026
 262 L   0.02141 0.23733 0.43958 0.27595 0.02574 0.00000 ( 3)  0.072
 263 S   0.43469 0.34272 0.17692 0.04398 0.00169 0.00000 ( 1)  0.021
 264 A   0.00000 0.00487 0.12068 0.52436 0.35006 0.00003 ( 4)  0.192
 265 L   0.43520 0.34284 0.17659 0.04370 0.00166 0.00000 ( 1)  0.021
 266 V   0.00040 0.06105 0.37222 0.49262 0.07371 0.00000 ( 4)  0.111
 267 Q   0.00036 0.05532 0.35513 0.50746 0.08174 0.00000 ( 4)  0.115
 268 I   0.00000 0.00000 0.00032 0.05481 0.94362 0.00125 ( 5)  0.319
 269 P   0.46208 0.34825 0.15865 0.03038 0.00064 0.00000 ( 1)  0.018
 270 K   0.48216 0.35042 0.14450 0.02261 0.00031 0.00000 ( 1)  0.016
 271 Q   0.00039 0.05919 0.36540 0.49624 0.07878 0.00000 ( 4)  0.113
 272 E   0.03065 0.31370 0.46552 0.18415 0.00599 0.00000 ( 3)  0.056
 273 T   0.02659 0.28178 0.45982 0.22081 0.01100 0.00000 ( 3)  0.062
 274 I   0.00000 0.00004 0.01149 0.27125 0.71708 0.00013 ( 5)  0.273
 275 A   0.00000 0.00007 0.01958 0.36875 0.61156 0.00004 ( 5)  0.252
 276 V   0.00000 0.00627 0.14749 0.56845 0.27778 0.00001 ( 4)  0.176
 277 A   0.45507 0.34710 0.16346 0.03354 0.00083 0.00000 ( 1)  0.019
 278 E   0.49577 0.35115 0.13478 0.01812 0.00017 0.00000 ( 1)  0.015
 279 A   0.00000 0.00979 0.20332 0.61084 0.17605 0.00000 ( 4)  0.151
 280 K   0.49532 0.35113 0.13510 0.01827 0.00018 0.00000 ( 1)  0.015
 281 I   0.49367 0.35107 0.13629 0.01878 0.00019 0.00000 ( 1)  0.016
 282 T   0.00000 0.00000 0.00002 0.01325 0.97714 0.00959 ( 5)  0.332
 283 Q   0.00001 0.01652 0.29075 0.61514 0.07758 0.00000 ( 4)  0.124
 284 V   0.00042 0.06265 0.37803 0.48935 0.06955 0.00000 ( 4)  0.110
 285 I   0.47818 0.35021 0.14736 0.02391 0.00034 0.00000 ( 1)  0.017
 286 Q   0.46464 0.34861 0.15687 0.02929 0.00058 0.00000 ( 1)  0.018
 287 L   0.41654 0.33742 0.18792 0.05498 0.00314 0.00000 ( 1)  0.024
 288 K   0.50568 0.35114 0.12768 0.01539 0.00012 0.00000 ( 1)  0.015
 289 H   0.00073 0.10139 0.48728 0.39197 0.01863 0.00000 ( 3)  0.086
 290 I   0.02739 0.28803 0.46099 0.21359 0.01001 0.00000 ( 3)  0.061
 291 V   0.01923 0.21737 0.42536 0.30054 0.03750 0.00000 ( 3)  0.078
 292 E   0.00069 0.09672 0.47612 0.40425 0.02222 0.00000 ( 3)  0.088
 293 L   0.00024 0.03809 0.27354 0.51232 0.17579 0.00001 ( 4)  0.142
 294 V   0.00042 0.06360 0.38097 0.48693 0.06809 0.00000 ( 4)  0.109
 295 P   0.00000 0.00000 0.00326 0.16913 0.82732 0.00029 ( 5)  0.295
 296 S   0.00000 0.00000 0.00036 0.05524 0.94133 0.00307 ( 5)  0.320
 297 L   0.01955 0.22028 0.42726 0.29690 0.03601 0.00000 ( 3)  0.078
 298 K   0.00000 0.00008 0.02211 0.39867 0.57912 0.00002 ( 5)  0.245
 299 V   0.00000 0.00000 0.00000 0.00091 0.94342 0.05568 ( 5)  0.366
 300 M   0.00000 0.00000 0.00006 0.02308 0.97076 0.00610 ( 5)  0.328
 301 L   0.01900 0.21517 0.42332 0.30309 0.03942 0.00000 ( 3)  0.079
 302 Q   0.00059 0.08404 0.44392 0.43740 0.03405 0.00000 ( 3)  0.095
 303 H   0.00000 0.00000 0.00006 0.03290 0.96654 0.00050 ( 5)  0.323
 304 S   0.00000 0.00070 0.05574 0.48475 0.45879 0.00002 ( 4)  0.219
 305 T   0.00000 0.00000 0.00001 0.01283 0.98458 0.00258 ( 5)  0.328
 306 T   0.02856 0.29738 0.46303 0.20267 0.00836 0.00000 ( 3)  0.059
 307 H   0.00000 0.00746 0.16709 0.58629 0.23915 0.00000 ( 4)  0.166
 308 L   0.01935 0.21853 0.42617 0.29911 0.03684 0.00000 ( 3)  0.078
 309 L   0.42850 0.34074 0.18055 0.04794 0.00227 0.00000 ( 1)  0.022
 310 T   0.00068 0.09580 0.47343 0.40669 0.02340 0.00000 ( 3)  0.089
 311 A   0.02668 0.28234 0.45955 0.22033 0.01110 0.00000 ( 3)  0.062
 312 Y   0.02590 0.27588 0.45752 0.22814 0.01256 0.00000 ( 3)  0.063
 313 C   0.00000 0.00000 0.00000 0.00809 0.98351 0.00840 ( 5)  0.333
 314 K   0.00000 0.00000 0.00039 0.05880 0.93882 0.00198 ( 5)  0.318
 315 S   0.00000 0.00000 0.00103 0.07870 0.91661 0.00366 ( 5)  0.315
 316 L   0.41939 0.33835 0.18628 0.05315 0.00284 0.00000 ( 1)  0.023
 317 E   0.03429 0.34066 0.46581 0.15575 0.00349 0.00000 ( 3)  0.052
 318 D   0.50551 0.35125 0.12779 0.01533 0.00011 0.00000 ( 1)  0.015
 319 C   0.00000 0.00000 0.00006 0.03413 0.96534 0.00047 ( 5)  0.322
 320 R   0.48633 0.35068 0.14153 0.02119 0.00026 0.00000 ( 1)  0.016
 321 F   0.48670 0.35091 0.14130 0.02085 0.00024 0.00000 ( 1)  0.016
 322 N   0.00000 0.00000 0.00035 0.07847 0.92104 0.00014 ( 5)  0.313
 323 S   0.00000 0.00000 0.00000 0.00631 0.98131 0.01238 ( 5)  0.336
 324 I   0.48208 0.35045 0.14457 0.02259 0.00030 0.00000 ( 1)  0.016
 325 L   0.41976 0.33847 0.18606 0.05290 0.00280 0.00000 ( 1)  0.023
 326 D   0.00000 0.00012 0.02882 0.45871 0.51234 0.00001 ( 5)  0.231
 327 H   0.00000 0.00090 0.06799 0.53362 0.39748 0.00001 ( 4)  0.206
 328 I   0.48096 0.35044 0.14538 0.02290 0.00031 0.00000 ( 1)  0.017
 329 K   0.00056 0.08077 0.43756 0.44598 0.03512 0.00000 ( 4)  0.096
 330 S   0.00000 0.01005 0.20713 0.61238 0.17043 0.00000 ( 4)  0.149
 331 L   0.02526 0.27067 0.45585 0.23443 0.01379 0.00000 ( 3)  0.064
 332 I   0.03092 0.31557 0.46518 0.18236 0.00597 0.00000 ( 3)  0.056
 333 N   0.51209 0.35106 0.12308 0.01369 0.00008 0.00000 ( 1)  0.014
 334 D   0.00000 0.00000 0.00005 0.02944 0.96970 0.00081 ( 5)  0.323
 335 D   0.03645 0.35621 0.46484 0.14011 0.00239 0.00000 ( 3)  0.050
 336 T   0.00044 0.06584 0.38897 0.48231 0.06244 0.00000 ( 4)  0.107
 337 S   0.00000 0.00000 0.00466 0.21373 0.78149 0.00011 ( 5)  0.286
 338 Y   0.00000 0.00830 0.18079 0.59810 0.21279 0.00000 ( 4)  0.160
 339 M   0.00000 0.00004 0.01281 0.28896 0.69804 0.00014 ( 5)  0.269
 340 K   0.03167 0.32149 0.46622 0.17553 0.00509 0.00000 ( 3)  0.055
 341 G   0.00000 0.00071 0.05635 0.48915 0.45378 0.00002 ( 4)  0.218
 342 S   0.00000 0.00195 0.12349 0.66514 0.20942 0.00000 ( 4)  0.165
 343 L   0.01998 0.22433 0.43050 0.29202 0.03317 0.00000 ( 3)  0.076
 344 T   0.00000 0.00240 0.14342 0.68726 0.16693 0.00000 ( 4)  0.155
 345 M   0.04529 0.41405 0.44864 0.09140 0.00063 0.00000 ( 3)  0.042
 346 R   0.45385 0.34686 0.16428 0.03415 0.00087 0.00000 ( 1)  0.019
 347 T   0.46369 0.34845 0.15752 0.02973 0.00061 0.00000 ( 1)  0.018
 348 Q   0.46331 0.34843 0.15780 0.02985 0.00061 0.00000 ( 1)  0.018
 349 K   0.49536 0.35113 0.13508 0.01826 0.00018 0.00000 ( 1)  0.015
 350 C   0.47296 0.34973 0.15106 0.02583 0.00041 0.00000 ( 1)  0.017
 351 Y   0.45993 0.34790 0.16012 0.03135 0.00070 0.00000 ( 1)  0.019
 352 A   0.45500 0.34708 0.16351 0.03358 0.00083 0.00000 ( 1)  0.019
 353 V   0.45830 0.34765 0.16125 0.03206 0.00074 0.00000 ( 1)  0.019
 354 R   0.02145 0.23616 0.43344 0.27810 0.03085 0.00000 ( 3)  0.074
 355 P   0.45409 0.34692 0.16412 0.03401 0.00086 0.00000 ( 1)  0.019
 356 N   0.00083 0.11314 0.51091 0.36203 0.01309 0.00000 ( 3)  0.082
 357 V   0.00000 0.00830 0.18157 0.60181 0.20832 0.00000 ( 4)  0.159
 358 S   0.00083 0.11239 0.50917 0.36402 0.01360 0.00000 ( 3)  0.082
 359 E   0.00062 0.08847 0.45608 0.42594 0.02889 0.00000 ( 3)  0.092
 360 F   0.03204 0.32435 0.46659 0.17233 0.00469 0.00000 ( 3)  0.054
 361 L   0.43012 0.34147 0.17976 0.04666 0.00200 0.00000 ( 1)  0.022
 362 D   0.50638 0.35130 0.12717 0.01505 0.00010 0.00000 ( 1)  0.015
 363 I   0.02973 0.30654 0.46463 0.19217 0.00693 0.00000 ( 3)  0.057
 364 A   0.00043 0.06390 0.38229 0.48659 0.06680 0.00000 ( 4)  0.108
 365 R   0.44354 0.34463 0.17107 0.03944 0.00132 0.00000 ( 1)  0.020
 366 R   0.02431 0.26220 0.45100 0.24509 0.01740 0.00000 ( 3)  0.066
 367 A   0.02507 0.26906 0.45516 0.23643 0.01428 0.00000 ( 3)  0.065
 368 Y   0.46041 0.34797 0.15980 0.03114 0.00068 0.00000 ( 1)  0.018
 369 T   0.45916 0.34775 0.16064 0.03172 0.00072 0.00000 ( 1)  0.019
 370 E   0.48759 0.35083 0.14064 0.02069 0.00024 0.00000 ( 1)  0.016
 371 V   0.03219 0.32506 0.46547 0.17227 0.00501 0.00000 ( 3)  0.054
 372 V   0.45884 0.34774 0.16088 0.03182 0.00072 0.00000 ( 1)  0.019
 373 D   0.50432 0.35130 0.12865 0.01562 0.00012 0.00000 ( 1)  0.015
 374 D   0.50651 0.35131 0.12707 0.01500 0.00010 0.00000 ( 1)  0.015
 375 I   0.48071 0.35034 0.14554 0.02308 0.00032 0.00000 ( 1)  0.017
 376 A   0.00051 0.07432 0.41632 0.46221 0.04664 0.00000 ( 4)  0.101
 377 G   0.00000 0.00005 0.01304 0.29052 0.69628 0.00012 ( 5)  0.269
 378 L   0.42838 0.34092 0.18079 0.04775 0.00215 0.00000 ( 1)  0.022
 379 V   0.45964 0.34787 0.16033 0.03146 0.00070 0.00000 ( 1)  0.019
 380 A   0.00000 0.00000 0.00025 0.06398 0.93550 0.00027 ( 5)  0.316
 381 Q   0.00045 0.06765 0.39516 0.47834 0.05840 0.00000 ( 4)  0.105
 382 L   0.00000 0.00000 0.00001 0.01228 0.97796 0.00975 ( 5)  0.333
 383 G   0.00000 0.00005 0.01325 0.29304 0.69354 0.00012 ( 5)  0.268
 384 E   0.03162 0.32100 0.46591 0.17625 0.00521 0.00000 ( 3)  0.055
 385 K   0.00000 0.00017 0.03943 0.53817 0.42223 0.00000 ( 4)  0.213
 386 H   0.00000 0.00086 0.06600 0.52612 0.40701 0.00001 ( 4)  0.208
 387 N   0.00000 0.00000 0.00008 0.02890 0.96755 0.00348 ( 5)  0.325
 388 L   0.00000 0.00035 0.03132 0.35352 0.61462 0.00020 ( 5)  0.251
 389 P   0.46020 0.34796 0.15995 0.03121 0.00069 0.00000 ( 1)  0.019
 390 L   0.00000 0.00001 0.00612 0.21957 0.77418 0.00011 ( 5)  0.284
 391 R   0.44582 0.34475 0.16934 0.03872 0.00136 0.00000 ( 1)  0.020
 392 T   0.46322 0.34838 0.15785 0.02993 0.00062 0.00000 ( 1)  0.018
 393 S   0.03598 0.35287 0.46510 0.14343 0.00262 0.00000 ( 3)  0.050
 394 F   0.48831 0.35099 0.14015 0.02033 0.00022 0.00000 ( 1)  0.016
 395 S   0.03646 0.35621 0.46470 0.14021 0.00243 0.00000 ( 3)  0.050
 396 N   0.00000 0.00094 0.07020 0.53915 0.38970 0.00001 ( 4)  0.204
 397 A   0.00000 0.00000 0.00227 0.13352 0.86360 0.00061 ( 5)  0.302
 398 R   0.43135 0.34169 0.17891 0.04607 0.00198 0.00000 ( 1)  0.022
 399 G   0.02561 0.27356 0.45679 0.23093 0.01310 0.00000 ( 3)  0.064
 400 F   0.48900 0.35105 0.13965 0.02008 0.00022 0.00000 ( 1)  0.016
 401 F   0.48792 0.35094 0.14042 0.02049 0.00023 0.00000 ( 1)  0.016
 402 I   0.00057 0.08266 0.44072 0.44111 0.03493 0.00000 ( 4)  0.095
 403 Q   0.46390 0.34849 0.15738 0.02963 0.00060 0.00000 ( 1)  0.018
 404 M   0.00000 0.00030 0.06056 0.64887 0.29026 0.00000 ( 4)  0.186
 405 K   0.00000 0.00013 0.03079 0.47356 0.49551 0.00001 ( 5)  0.228
 406 L   0.42904 0.34090 0.18022 0.04762 0.00222 0.00000 ( 1)  0.022
 407 E   0.00001 0.01360 0.25602 0.62280 0.10757 0.00000 ( 4)  0.133
 408 G   0.00042 0.06371 0.38154 0.48689 0.06744 0.00000 ( 4)  0.109
 409 G   0.00000 0.00000 0.00000 0.00006 0.25701 0.74293 ( 6)  0.827
 410 A   0.00000 0.00000 0.00000 0.00361 0.91980 0.07658 ( 5)  0.379
 411 L   0.00026 0.04169 0.29095 0.51345 0.15364 0.00001 ( 4)  0.135
 412 P   0.02238 0.24620 0.44549 0.26471 0.02122 0.00000 ( 3)  0.070
 413 G   0.00000 0.00000 0.00001 0.00973 0.98619 0.00407 ( 5)  0.329
 414 G   0.00000 0.00056 0.04671 0.44258 0.51010 0.00004 ( 5)  0.230
 415 K   0.00000 0.00009 0.02273 0.40411 0.57305 0.00002 ( 5)  0.244
 416 L   0.44838 0.34553 0.16781 0.03713 0.00115 0.00000 ( 1)  0.020
 417 P   0.46234 0.34829 0.15846 0.03027 0.00063 0.00000 ( 1)  0.018
 418 D   0.00000 0.00000 0.00000 0.00072 0.61660 0.38268 ( 5)  0.585
 419 E   0.03163 0.32120 0.46619 0.17588 0.00509 0.00000 ( 3)  0.055
 420 F   0.03194 0.32368 0.46672 0.17295 0.00470 0.00000 ( 3)  0.054
 421 I   0.03005 0.30902 0.46477 0.18948 0.00667 0.00000 ( 3)  0.057
 422 K   0.49888 0.35120 0.13256 0.01721 0.00015 0.00000 ( 1)  0.015
 423 V   0.02780 0.29142 0.46199 0.20952 0.00927 0.00000 ( 3)  0.060
 424 S   0.00000 0.00076 0.05931 0.49885 0.44106 0.00002 ( 4)  0.215
 425 K   0.03298 0.33102 0.46580 0.16584 0.00437 0.00000 ( 3)  0.053
 426 Q   0.00000 0.00000 0.00004 0.02403 0.97468 0.00126 ( 5)  0.325
 427 K   0.00068 0.09531 0.47274 0.40795 0.02331 0.00000 ( 3)  0.089
 428 N   0.03858 0.37081 0.46206 0.12678 0.00177 0.00000 ( 3)  0.048
 429 N   0.03850 0.37018 0.46203 0.12747 0.00182 0.00000 ( 3)  0.048
 430 F   0.02573 0.27451 0.45709 0.22979 0.01288 0.00000 ( 3)  0.063
 431 S   0.00000 0.00001 0.01014 0.34660 0.64323 0.00001 ( 5)  0.258
 432 F   0.48915 0.35107 0.13955 0.02002 0.00021 0.00000 ( 1)  0.016
 433 T   0.46191 0.34819 0.15875 0.03050 0.00065 0.00000 ( 1)  0.018
 434 T   0.46093 0.34804 0.15943 0.03092 0.00068 0.00000 ( 1)  0.018
 435 L   0.00000 0.00646 0.14930 0.56345 0.28078 0.00001 ( 4)  0.176
 436 D   0.03639 0.35568 0.46462 0.14082 0.00249 0.00000 ( 3)  0.050
 437 L   0.01895 0.21481 0.42358 0.30373 0.03893 0.00000 ( 3)  0.079
 438 M   0.00000 0.00068 0.08870 0.71583 0.19479 0.00000 ( 4)  0.165
 439 K   0.03128 0.31836 0.46555 0.17924 0.00556 0.00000 ( 3)  0.055
 440 M   0.00108 0.14012 0.55558 0.29778 0.00545 0.00000 ( 3)  0.073
 441 N   0.51210 0.35104 0.12307 0.01370 0.00009 0.00000 ( 1)  0.014
 442 D   0.00000 0.00000 0.00153 0.14675 0.85162 0.00010 ( 5)  0.300
 443 H   0.00042 0.06309 0.37946 0.48835 0.06869 0.00000 ( 4)  0.109
 444 C   0.47114 0.34953 0.15235 0.02654 0.00044 0.00000 ( 1)  0.017
 445 E   0.00000 0.00217 0.13362 0.67834 0.18588 0.00000 ( 4)  0.159
 446 E   0.48818 0.35085 0.14022 0.02051 0.00024 0.00000 ( 1)  0.016
 447 A   0.45675 0.34739 0.16231 0.03277 0.00078 0.00000 ( 1)  0.019
 448 L   0.41528 0.33702 0.18866 0.05578 0.00326 0.00000 ( 1)  0.024
 449 K   0.03024 0.30990 0.46318 0.18937 0.00731 0.00000 ( 3)  0.057
 450 D   0.03243 0.32713 0.46624 0.16963 0.00457 0.00000 ( 3)  0.054
 451 I   0.49060 0.35093 0.13849 0.01976 0.00022 0.00000 ( 1)  0.016
 452 F   0.00001 0.01211 0.23656 0.62234 0.12899 0.00000 ( 4)  0.139
 453 H   0.50300 0.35130 0.12959 0.01598 0.00012 0.00000 ( 1)  0.015
 454 M   0.00002 0.02826 0.40236 0.54515 0.02421 0.00000 ( 4)  0.103
 455 S   0.44865 0.34588 0.16779 0.03663 0.00104 0.00000 ( 1)  0.020
 456 Y   0.45760 0.34752 0.16172 0.03240 0.00076 0.00000 ( 1)  0.019
 457 V   0.00037 0.05674 0.35728 0.50197 0.08364 0.00000 ( 4)  0.115
 458 V   0.45662 0.34736 0.16240 0.03283 0.00078 0.00000 ( 1)  0.019
 459 V   0.00000 0.00145 0.09838 0.61781 0.28236 0.00000 ( 4)  0.181
 460 S   0.00000 0.01013 0.20878 0.61470 0.16638 0.00000 ( 4)  0.148
 461 K   0.00000 0.00006 0.01570 0.32311 0.66104 0.00009 ( 5)  0.262
 462 L   0.41736 0.33768 0.18745 0.05446 0.00305 0.00000 ( 1)  0.024
 463 L   0.42262 0.33931 0.18433 0.05116 0.00258 0.00000 ( 1)  0.023
 464 N   0.00000 0.00000 0.00001 0.01027 0.98563 0.00409 ( 5)  0.329
 465 E   0.00000 0.00000 0.00012 0.02800 0.96188 0.01000 ( 5)  0.330
 466 V   0.00000 0.00929 0.19610 0.60823 0.18638 0.00000 ( 4)  0.153
 467 H   0.00000 0.00120 0.08595 0.59457 0.31827 0.00000 ( 4)  0.189
 468 E   0.00062 0.08815 0.45524 0.42677 0.02922 0.00000 ( 3)  0.092
 469 Q   0.00000 0.00119 0.08538 0.59080 0.32262 0.00000 ( 4)  0.190
 470 I   0.48238 0.35048 0.14436 0.02248 0.00030 0.00000 ( 1)  0.016
 471 H   0.03532 0.34818 0.46566 0.14796 0.00288 0.00000 ( 3)  0.051
 472 C   0.47392 0.34983 0.15039 0.02546 0.00040 0.00000 ( 1)  0.017
 473 L   0.43602 0.34301 0.17604 0.04330 0.00163 0.00000 ( 1)  0.021
 474 Y   0.45910 0.34776 0.16070 0.03172 0.00072 0.00000 ( 1)  0.019
 475 K   0.49681 0.35113 0.13404 0.01785 0.00017 0.00000 ( 1)  0.015
 476 L   0.43252 0.34212 0.17827 0.04525 0.00183 0.00000 ( 1)  0.022
 477 S   0.44774 0.34570 0.16840 0.03709 0.00108 0.00000 ( 1)  0.020
 478 D   0.00075 0.10325 0.49096 0.38721 0.01783 0.00000 ( 3)  0.085
 479 V   0.00000 0.00747 0.16725 0.58685 0.23842 0.00000 ( 4)  0.166
 480 V   0.00042 0.06338 0.38059 0.48776 0.06785 0.00000 ( 4)  0.109
 481 S   0.44914 0.34598 0.16746 0.03639 0.00102 0.00000 ( 1)  0.020
 482 M   0.53868 0.34884 0.10423 0.00822 0.00002 0.00000 ( 1)  0.012
 483 L   0.41910 0.33823 0.18642 0.05336 0.00289 0.00000 ( 1)  0.023
 484 D   0.50617 0.35130 0.12732 0.01511 0.00011 0.00000 ( 1)  0.015
 485 M   0.53868 0.34884 0.10423 0.00822 0.00002 0.00000 ( 1)  0.012
 486 L   0.42076 0.33873 0.18543 0.05234 0.00275 0.00000 ( 1)  0.023
 487 L   0.00027 0.04318 0.29840 0.51447 0.14368 0.00000 ( 4)  0.133
 488 S   0.43538 0.34284 0.17644 0.04367 0.00168 0.00000 ( 1)  0.021
 489 L   0.42110 0.33886 0.18525 0.05209 0.00270 0.00000 ( 1)  0.023
 490 A   0.45878 0.34772 0.16092 0.03185 0.00072 0.00000 ( 1)  0.019
 491 N   0.00000 0.00002 0.01204 0.38200 0.60595 0.00001 ( 5)  0.251
 492 A   0.00046 0.06788 0.39592 0.47778 0.05797 0.00000 ( 4)  0.105
 493 C   0.47380 0.34981 0.15047 0.02552 0.00040 0.00000 ( 1)  0.017
 494 T   0.46337 0.34840 0.15774 0.02987 0.00062 0.00000 ( 1)  0.018
 495 I   0.00000 0.00000 0.00001 0.01139 0.97410 0.01449 ( 5)  0.336
 496 S   0.42945 0.34127 0.18016 0.04706 0.00205 0.00000 ( 1)  0.022
 497 N   0.00000 0.00223 0.13617 0.68137 0.18023 0.00000 ( 4)  0.158
 498 Y   0.45797 0.34758 0.16147 0.03223 0.00075 0.00000 ( 1)  0.019
 499 V   0.45145 0.34640 0.16590 0.03530 0.00095 0.00000 ( 1)  0.019
 500 R   0.44432 0.34494 0.17065 0.03887 0.00123 0.00000 ( 1)  0.020
 501 P   0.45575 0.34721 0.16299 0.03324 0.00081 0.00000 ( 1)  0.019
 502 E   0.03052 0.31267 0.46536 0.18532 0.00613 0.00000 ( 3)  0.056
 503 F   0.48266 0.35065 0.14418 0.02223 0.00028 0.00000 ( 1)  0.016
 504 T   0.46721 0.34891 0.15506 0.02827 0.00054 0.00000 ( 1)  0.018
 505 D   0.50010 0.35129 0.13168 0.01680 0.00014 0.00000 ( 1)  0.015
 506 T   0.46903 0.34916 0.15379 0.02752 0.00050 0.00000 ( 1)  0.018
 507 L   0.41196 0.33592 0.19055 0.05795 0.00362 0.00000 ( 1)  0.024
 508 A   0.45227 0.34657 0.16535 0.03489 0.00092 0.00000 ( 1)  0.019
 509 I   0.48450 0.35064 0.14285 0.02173 0.00028 0.00000 ( 1)  0.016
 510 Q   0.03194 0.32334 0.46576 0.17389 0.00507 0.00000 ( 3)  0.055
 511 Q   0.46007 0.34791 0.16002 0.03130 0.00070 0.00000 ( 1)  0.019
 512 G   0.45205 0.34651 0.16549 0.03502 0.00093 0.00000 ( 1)  0.019
 513 R   0.44689 0.34549 0.16895 0.03755 0.00112 0.00000 ( 1)  0.020
 514 H   0.49620 0.35117 0.13447 0.01798 0.00017 0.00000 ( 1)  0.015
 515 P   0.44826 0.34579 0.16804 0.03684 0.00106 0.00000 ( 1)  0.020
 516 V   0.00001 0.01085 0.21865 0.61679 0.15370 0.00000 ( 4)  0.145
 517 L   0.41080 0.33556 0.19124 0.05868 0.00372 0.00000 ( 1)  0.025
 518 E   0.48176 0.35047 0.14481 0.02266 0.00030 0.00000 ( 1)  0.016
 519 R   0.43239 0.34199 0.17828 0.04546 0.00190 0.00000 ( 1)  0.022
 520 I   0.00000 0.00000 0.00270 0.15321 0.84394 0.00015 ( 5)  0.298
 521 S   0.00000 0.00000 0.00000 0.00003 0.13954 0.86044 ( 6)  0.906
 522 G   0.00025 0.04051 0.28825 0.52066 0.15033 0.00000 ( 4)  0.135
 523 Q   0.00041 0.06245 0.37684 0.48929 0.07100 0.00000 ( 4)  0.110
 524 Q   0.00034 0.05242 0.34043 0.50934 0.09746 0.00000 ( 4)  0.119
 525 P   0.00035 0.05443 0.34700 0.50432 0.09390 0.00000 ( 4)  0.118
 526 I   0.00039 0.05969 0.36593 0.49358 0.08041 0.00000 ( 4)  0.113
 527 S   0.43823 0.34354 0.17462 0.04210 0.00152 0.00000 ( 1)  0.021
 528 N   0.50792 0.35117 0.12607 0.01474 0.00010 0.00000 ( 1)  0.014
 529 N   0.50752 0.35119 0.12635 0.01484 0.00010 0.00000 ( 1)  0.014
 530 S   0.00000 0.00000 0.00000 0.00306 0.96976 0.02718 ( 5)  0.346
 531 Y   0.45488 0.34703 0.16357 0.03367 0.00084 0.00000 ( 1)  0.019
 532 I   0.02936 0.30371 0.46416 0.19541 0.00736 0.00000 ( 3)  0.058
 533 S   0.02240 0.24608 0.44456 0.26497 0.02199 0.00000 ( 3)  0.070
 534 E   0.03059 0.31320 0.46535 0.18477 0.00609 0.00000 ( 3)  0.056
 535 G   0.00000 0.00763 0.16974 0.58829 0.23434 0.00000 ( 4)  0.165
 536 S   0.00000 0.00015 0.03589 0.51631 0.44765 0.00000 ( 4)  0.218
 537 N   0.50800 0.35118 0.12601 0.01471 0.00010 0.00000 ( 1)  0.014
 538 F   0.48085 0.35050 0.14548 0.02287 0.00030 0.00000 ( 1)  0.017
 539 V   0.00037 0.05638 0.35473 0.50131 0.08722 0.00000 ( 4)  0.116
 540 I   0.47804 0.35014 0.14745 0.02401 0.00035 0.00000 ( 1)  0.017
 541 I   0.00000 0.00125 0.08776 0.59161 0.31938 0.00000 ( 4)  0.189
 542 T   0.46533 0.34865 0.15636 0.02908 0.00058 0.00000 ( 1)  0.018
 543 G   0.45377 0.34681 0.16431 0.03422 0.00088 0.00000 ( 1)  0.019
 544 P   0.44847 0.34583 0.16790 0.03674 0.00105 0.00000 ( 1)  0.020
 545 N   0.50801 0.35118 0.12600 0.01471 0.00010 0.00000 ( 1)  0.014
 546 M   0.53222 0.34966 0.10875 0.00934 0.00003 0.00000 ( 1)  0.013
 547 S   0.49824 0.35128 0.13302 0.01732 0.00015 0.00000 ( 1)  0.015
 548 G   0.45388 0.34687 0.16426 0.03412 0.00087 0.00000 ( 1)  0.019
 549 K   0.49784 0.35114 0.13330 0.01756 0.00016 0.00000 ( 1)  0.015
 550 S   0.44685 0.34550 0.16898 0.03755 0.00112 0.00000 ( 1)  0.020
 551 T   0.45616 0.34723 0.16269 0.03311 0.00081 0.00000 ( 1)  0.019
 552 F   0.00000 0.00780 0.17256 0.59089 0.22875 0.00000 ( 4)  0.164
 553 L   0.44169 0.34406 0.17218 0.04060 0.00146 0.00000 ( 1)  0.021
 554 K   0.03500 0.34566 0.46517 0.15095 0.00322 0.00000 ( 3)  0.051
 555 Q   0.45811 0.34759 0.16137 0.03218 0.00075 0.00000 ( 1)  0.019
 556 V   0.45155 0.34643 0.16583 0.03524 0.00095 0.00000 ( 1)  0.019
 557 A   0.45433 0.34694 0.16395 0.03392 0.00086 0.00000 ( 1)  0.019
 558 L   0.41942 0.33835 0.18626 0.05313 0.00284 0.00000 ( 1)  0.023
 559 V   0.00044 0.06600 0.38981 0.48225 0.06150 0.00000 ( 4)  0.107
 560 Q   0.45958 0.34784 0.16036 0.03151 0.00071 0.00000 ( 1)  0.019
 561 I   0.47817 0.35009 0.14734 0.02404 0.00036 0.00000 ( 1)  0.017
 562 M   0.53222 0.34966 0.10875 0.00934 0.00003 0.00000 ( 1)  0.013
 563 A   0.44921 0.34598 0.16741 0.03638 0.00103 0.00000 ( 1)  0.020
 564 Q   0.45746 0.34751 0.16183 0.03245 0.00076 0.00000 ( 1)  0.019
 565 I   0.50944 0.35113 0.12498 0.01436 0.00010 0.00000 ( 1)  0.014
 566 G   0.45909 0.34776 0.16070 0.03173 0.00072 0.00000 ( 1)  0.019
 567 C   0.00000 0.00049 0.04194 0.41636 0.54113 0.00008 ( 5)  0.236
 568 F   0.00001 0.01179 0.23232 0.62179 0.13408 0.00000 ( 4)  0.140
 569 V   0.00038 0.05732 0.35821 0.49946 0.08464 0.00000 ( 4)  0.115
 570 P   0.44594 0.34531 0.16958 0.03801 0.00115 0.00000 ( 1)  0.020
 571 A   0.44885 0.34591 0.16765 0.03656 0.00104 0.00000 ( 1)  0.020
 572 E   0.00000 0.00000 0.00037 0.05869 0.93960 0.00134 ( 5)  0.318
 573 Y   0.00038 0.05847 0.36250 0.49732 0.08132 0.00000 ( 4)  0.114
 574 A   0.45180 0.34648 0.16566 0.03512 0.00094 0.00000 ( 1)  0.019
 575 S   0.02237 0.24582 0.44440 0.26530 0.02212 0.00000 ( 3)  0.070
 576 V   0.00054 0.07873 0.42969 0.45124 0.03980 0.00000 ( 4)  0.098
 577 R   0.44428 0.34494 0.17067 0.03888 0.00123 0.00000 ( 1)  0.020
 578 I   0.00000 0.00001 0.00492 0.16496 0.82913 0.00098 ( 5)  0.296
 579 A   0.44839 0.34582 0.16795 0.03678 0.00106 0.00000 ( 1)  0.020
 580 D   0.03416 0.33981 0.46614 0.15642 0.00348 0.00000 ( 3)  0.052
 581 Q   0.45699 0.34743 0.16215 0.03266 0.00077 0.00000 ( 1)  0.019
 582 I   0.48156 0.35039 0.14494 0.02280 0.00031 0.00000 ( 1)  0.017
 583 F   0.48272 0.35064 0.14414 0.02222 0.00028 0.00000 ( 1)  0.016
 584 T   0.45631 0.34725 0.16259 0.03304 0.00081 0.00000 ( 1)  0.019
 585 R   0.47049 0.34920 0.15272 0.02708 0.00050 0.00000 ( 1)  0.018
 586 I   0.48845 0.35079 0.14002 0.02050 0.00024 0.00000 ( 1)  0.016
 587 G   0.45204 0.34649 0.16549 0.03505 0.00094 0.00000 ( 1)  0.019
 588 V   0.45588 0.34723 0.16290 0.03318 0.00081 0.00000 ( 1)  0.019
 589 D   0.49759 0.35124 0.13348 0.01753 0.00016 0.00000 ( 1)  0.015
 590 D   0.49756 0.35123 0.13350 0.01755 0.00016 0.00000 ( 1)  0.015
 591 D   0.49856 0.35126 0.13279 0.01724 0.00015 0.00000 ( 1)  0.015
 592 F   0.48034 0.35048 0.14585 0.02303 0.00031 0.00000 ( 1)  0.017
 593 E   0.48644 0.35077 0.14147 0.02107 0.00025 0.00000 ( 1)  0.016
 594 T   0.46001 0.34787 0.16005 0.03137 0.00071 0.00000 ( 1)  0.019
 595 N   0.00001 0.01839 0.31036 0.60556 0.06567 0.00000 ( 4)  0.120
 596 S   0.02228 0.24501 0.44389 0.26631 0.02251 0.00000 ( 3)  0.070
 597 S   0.44023 0.34402 0.17332 0.04101 0.00142 0.00000 ( 1)  0.021
 598 T   0.02621 0.27842 0.45809 0.22511 0.01216 0.00000 ( 3)  0.063
 599 F   0.03039 0.31183 0.46572 0.18601 0.00606 0.00000 ( 3)  0.056
 600 M   0.53176 0.34971 0.10908 0.00942 0.00003 0.00000 ( 1)  0.013
 601 V   0.00000 0.00591 0.13999 0.55339 0.30069 0.00002 ( 4)  0.181
 602 E   0.49099 0.35101 0.13821 0.01958 0.00021 0.00000 ( 1)  0.016
 603 M   0.53176 0.34971 0.10908 0.00942 0.00003 0.00000 ( 1)  0.013
 604 K   0.49393 0.35103 0.13610 0.01875 0.00019 0.00000 ( 1)  0.015
 605 E   0.48017 0.35035 0.14594 0.02322 0.00032 0.00000 ( 1)  0.017
 606 V   0.00000 0.00063 0.05120 0.46061 0.48751 0.00004 ( 5)  0.225
 607 S   0.00031 0.04870 0.32334 0.51162 0.11603 0.00000 ( 4)  0.125
 608 Y   0.45428 0.34692 0.16398 0.03396 0.00086 0.00000 ( 1)  0.019
 609 I   0.03546 0.34882 0.46461 0.14802 0.00309 0.00000 ( 3)  0.051
 610 I   0.00000 0.00123 0.08670 0.58800 0.32407 0.00000 ( 4)  0.190
 611 H   0.49674 0.35125 0.13409 0.01775 0.00016 0.00000 ( 1)  0.015
 612 N   0.03589 0.35200 0.46470 0.14463 0.00278 0.00000 ( 3)  0.050
 613 A   0.00000 0.00073 0.05766 0.49037 0.45121 0.00003 ( 4)  0.217
 614 T   0.00065 0.09136 0.46361 0.41832 0.02607 0.00000 ( 3)  0.091
 615 N   0.00000 0.00000 0.00030 0.07148 0.92798 0.00023 ( 5)  0.315
 616 S   0.00000 0.00007 0.01786 0.33457 0.64730 0.00019 ( 5)  0.259
 617 S   0.43828 0.34357 0.17459 0.04205 0.00151 0.00000 ( 1)  0.021
 618 L   0.42957 0.34107 0.17991 0.04728 0.00217 0.00000 ( 1)  0.022
 619 I   0.02882 0.29942 0.46343 0.20032 0.00802 0.00000 ( 3)  0.059
 620 I   0.47550 0.34986 0.14923 0.02500 0.00040 0.00000 ( 1)  0.017
 621 I   0.03310 0.33192 0.46582 0.16488 0.00428 0.00000 ( 3)  0.053
 622 D   0.49743 0.35127 0.13360 0.01755 0.00016 0.00000 ( 1)  0.015
 623 E   0.48137 0.35040 0.14508 0.02284 0.00031 0.00000 ( 1)  0.017
 624 L   0.41660 0.33737 0.18782 0.05502 0.00319 0.00000 ( 1)  0.024
 625 G   0.45364 0.34680 0.16441 0.03426 0.00088 0.00000 ( 1)  0.019
 626 R   0.44115 0.34348 0.17223 0.04144 0.00170 0.00000 ( 1)  0.021
 627 G   0.45333 0.34675 0.16463 0.03441 0.00089 0.00000 ( 1)  0.019
 628 T   0.45599 0.34721 0.16281 0.03317 0.00082 0.00000 ( 1)  0.019
 629 S   0.49741 0.35128 0.13361 0.01754 0.00015 0.00000 ( 1)  0.015
 630 P   0.00036 0.05576 0.35217 0.50211 0.08960 0.00000 ( 4)  0.116
 631 E   0.48035 0.35036 0.14581 0.02316 0.00032 0.00000 ( 1)  0.017
 632 E   0.48392 0.35055 0.14326 0.02199 0.00029 0.00000 ( 1)  0.016
 633 G   0.45297 0.34669 0.16487 0.03457 0.00090 0.00000 ( 1)  0.019
 634 I   0.00000 0.00886 0.19011 0.60620 0.19482 0.00000 ( 4)  0.156
 635 G   0.45322 0.34675 0.16471 0.03444 0.00089 0.00000 ( 1)  0.019
 636 I   0.02860 0.29762 0.46293 0.20247 0.00839 0.00000 ( 3)  0.059
 637 C   0.46567 0.34878 0.15616 0.02883 0.00056 0.00000 ( 1)  0.018
 638 H   0.50293 0.35128 0.12964 0.01602 0.00012 0.00000 ( 1)  0.015
 639 S   0.00000 0.00000 0.00021 0.03768 0.95383 0.00828 ( 5)  0.327
 640 V   0.00000 0.00806 0.17692 0.59543 0.21959 0.00000 ( 4)  0.162
 641 C   0.02837 0.29596 0.46305 0.20419 0.00843 0.00000 ( 3)  0.059
 642 E   0.00000 0.00097 0.07340 0.56187 0.36376 0.00000 ( 4)  0.199
 643 F   0.00000 0.00000 0.00467 0.21666 0.77859 0.00007 ( 5)  0.285
 644 L   0.00000 0.00715 0.16175 0.58072 0.25037 0.00001 ( 4)  0.169
 645 I   0.00038 0.05755 0.35875 0.49860 0.08473 0.00000 ( 4)  0.115
 646 N   0.00000 0.00000 0.00009 0.03292 0.96450 0.00249 ( 5)  0.324
 647 -   0.19760 0.19760 0.19760 0.19760 0.19760 0.01198 ( 1)  0.117
 648 K   0.00001 0.01166 0.22949 0.61810 0.14075 0.00000 ( 4)  0.142
 649 A   0.45031 0.34616 0.16665 0.03588 0.00100 0.00000 ( 1)  0.020
 650 F   0.02874 0.29899 0.46378 0.20060 0.00788 0.00000 ( 3)  0.059
 651 T   0.44718 0.34551 0.16873 0.03746 0.00113 0.00000 ( 1)  0.020
 652 L   0.40759 0.33444 0.19301 0.06083 0.00412 0.00000 ( 1)  0.025
 653 F   0.47304 0.34975 0.15101 0.02579 0.00041 0.00000 ( 1)  0.017
 654 A   0.44398 0.34487 0.17087 0.03904 0.00124 0.00000 ( 1)  0.020
 655 T   0.46257 0.34823 0.15827 0.03028 0.00065 0.00000 ( 1)  0.018
 656 H   0.48892 0.35093 0.13969 0.02022 0.00023 0.00000 ( 1)  0.016
 657 F   0.00050 0.07359 0.41440 0.46423 0.04728 0.00000 ( 4)  0.101
 658 L   0.41778 0.33752 0.18692 0.05454 0.00324 0.00000 ( 1)  0.024
 659 E   0.47364 0.34969 0.15055 0.02569 0.00042 0.00000 ( 1)  0.017
 660 L   0.41605 0.33726 0.18821 0.05530 0.00319 0.00000 ( 1)  0.024
 661 C   0.45985 0.34790 0.16018 0.03137 0.00070 0.00000 ( 1)  0.019
 662 Q   0.02435 0.26286 0.45237 0.24412 0.01629 0.00000 ( 3)  0.066
 663 L   0.40725 0.33430 0.19318 0.06108 0.00418 0.00000 ( 1)  0.025
 664 Q   0.00048 0.07129 0.40666 0.46949 0.05208 0.00000 ( 4)  0.103
 665 T   0.00000 0.00048 0.04104 0.41129 0.54711 0.00008 ( 5)  0.237
 666 L   0.42887 0.34063 0.18015 0.04798 0.00237 0.00000 ( 1)  0.022
 667 Y   0.44640 0.34537 0.16926 0.03783 0.00115 0.00000 ( 1)  0.020
 668 P   0.00033 0.05130 0.33421 0.50855 0.10561 0.00000 ( 4)  0.121
 669 N   0.00069 0.09601 0.47404 0.40611 0.02316 0.00000 ( 3)  0.089
 670 V   0.02300 0.25133 0.44713 0.25844 0.02010 0.00000 ( 3)  0.069
 671 E   0.00051 0.07502 0.41832 0.46044 0.04570 0.00000 ( 4)  0.100
 672 N   0.49997 0.35124 0.13177 0.01688 0.00014 0.00000 ( 1)  0.015
 673 Q   0.02398 0.25977 0.45138 0.24790 0.01698 0.00000 ( 3)  0.067
 674 H   0.48927 0.35099 0.13945 0.02007 0.00022 0.00000 ( 1)  0.016
 675 M   0.52359 0.35050 0.11485 0.01101 0.00005 0.00000 ( 1)  0.013
 676 Q   0.00000 0.00005 0.01310 0.29135 0.69539 0.00011 ( 5)  0.268
 677 V   0.02265 0.24825 0.44566 0.26225 0.02119 0.00000 ( 3)  0.069
 678 Q   0.02203 0.24313 0.44387 0.26855 0.02242 0.00000 ( 3)  0.071
 679 H   0.48910 0.35096 0.13957 0.02015 0.00022 0.00000 ( 1)  0.016
 680 I   0.00000 0.00000 0.00267 0.14756 0.84921 0.00056 ( 5)  0.300
 681 R   0.02236 0.24574 0.44418 0.26540 0.02232 0.00000 ( 3)  0.070
 682 T   0.00000 0.00000 0.00001 0.00904 0.95630 0.03465 ( 5)  0.350
 683 G   0.00000 0.00000 0.00000 0.00001 0.06461 0.93539 ( 6)  0.957
 684 D   0.00000 0.00000 0.00147 0.14336 0.85508 0.00010 ( 5)  0.300
 685 G   0.00000 0.00000 0.00000 0.00015 0.24987 0.74998 ( 6)  0.832
 686 R   0.00000 0.00290 0.08290 0.45899 0.45513 0.00008 ( 4)  0.216
 687 A   0.00000 0.00000 0.00000 0.00276 0.87715 0.12009 ( 5)  0.409
 688 E   0.02876 0.29897 0.46336 0.20083 0.00808 0.00000 ( 3)  0.059
 689 R   0.00000 0.00000 0.00000 0.00008 0.32301 0.67691 ( 6)  0.783
 690 V   0.00000 0.00434 0.11146 0.51378 0.37039 0.00003 ( 4)  0.197
 691 V   0.00035 0.05355 0.34337 0.50539 0.09733 0.00000 ( 4)  0.119
 692 Y   0.00036 0.05461 0.34748 0.50369 0.09386 0.00000 ( 4)  0.118
 693 T   0.45393 0.34681 0.16419 0.03418 0.00089 0.00000 ( 1)  0.019
 694 Y   0.00000 0.00727 0.16372 0.58232 0.24669 0.00001 ( 4)  0.168
 695 Q   0.00000 0.00001 0.00466 0.14956 0.84354 0.00222 ( 5)  0.300
 696 L   0.01558 0.18274 0.39514 0.34119 0.06535 0.00000 ( 3)  0.091
 697 S   0.00000 0.00000 0.00011 0.03637 0.96147 0.00205 ( 5)  0.323
 698 R   0.00000 0.00024 0.02282 0.29060 0.68560 0.00075 ( 5)  0.266
 699 G   0.44622 0.34531 0.16936 0.03794 0.00116 0.00000 ( 1)  0.020
 700 H   0.00000 0.00000 0.00000 0.00024 0.48414 0.51562 ( 6)  0.675
 701 S   0.02098 0.23350 0.43703 0.28069 0.02779 0.00000 ( 3)  0.073
 702 E   0.00054 0.07847 0.42844 0.45173 0.04082 0.00000 ( 4)  0.098
 703 E   0.03085 0.31510 0.46541 0.18273 0.00591 0.00000 ( 3)  0.056
 704 R   0.00000 0.00864 0.18409 0.59082 0.21643 0.00001 ( 4)  0.160
 705 N   0.00000 0.00169 0.11059 0.64233 0.24539 0.00000 ( 4)  0.173
 706 Y   0.44537 0.34515 0.16994 0.03835 0.00119 0.00000 ( 1)  0.020
 707 G   0.44421 0.34491 0.17071 0.03894 0.00124 0.00000 ( 1)  0.020
 708 I   0.02049 0.22783 0.42820 0.28669 0.03678 0.00000 ( 3)  0.077
 709 R   0.00050 0.07351 0.41304 0.46375 0.04920 0.00000 ( 4)  0.101
 710 A   0.46049 0.34795 0.15972 0.03114 0.00069 0.00000 ( 1)  0.018
 711 A   0.46123 0.34807 0.15921 0.03081 0.00067 0.00000 ( 1)  0.018
 712 E   0.48017 0.35028 0.14592 0.02329 0.00033 0.00000 ( 1)  0.017
 713 M   0.00000 0.00122 0.08932 0.61964 0.28983 0.00000 ( 4)  0.183
 714 T   0.44955 0.34599 0.16715 0.03628 0.00104 0.00000 ( 1)  0.020
 715 N   0.00000 0.00000 0.00001 0.00686 0.93095 0.06218 ( 5)  0.369
 716 L   0.00000 0.00396 0.10128 0.47761 0.41701 0.00014 ( 4)  0.207
 717 P   0.02342 0.25492 0.44891 0.25393 0.01882 0.00000 ( 3)  0.068
 718 L   0.00000 0.00000 0.00000 0.00000 0.02215 0.97784 ( 6)  0.985
 719 D   0.00000 0.00000 0.00000 0.00047 0.62819 0.37134 ( 5)  0.578
 720 I   0.00000 0.00010 0.02421 0.41587 0.55980 0.00002 ( 5)  0.241
 721 I   0.02748 0.28869 0.46083 0.21294 0.01006 0.00000 ( 3)  0.061
 722 Q   0.00000 0.00082 0.06288 0.51216 0.42413 0.00002 ( 4)  0.211
 723 E   0.00055 0.07954 0.43138 0.44894 0.03960 0.00000 ( 4)  0.097
 724 A   0.02617 0.27814 0.45821 0.22540 0.01208 0.00000 ( 3)  0.063
 725 K   0.00060 0.08614 0.44946 0.43189 0.03191 0.00000 ( 3)  0.094
 726 T   0.00000 0.00000 0.00000 0.00043 0.51764 0.48193 ( 5)  0.652
 727 V   0.00000 0.00000 0.00057 0.07603 0.92263 0.00077 ( 5)  0.314
 728 A   0.00000 0.00000 0.00040 0.05898 0.93841 0.00222 ( 5)  0.319
 729 D   0.00000 0.00000 0.00000 0.00085 0.66248 0.33667 ( 5)  0.554
 730 K   0.00000 0.00000 0.00019 0.05154 0.94749 0.00078 ( 5)  0.319
 731 I   0.00000 0.00064 0.05175 0.46638 0.48121 0.00003 ( 5)  0.224
 732 N   0.00000 0.00015 0.03473 0.50749 0.45763 0.00000 ( 4)  0.220
 733 -   0.19760 0.19760 0.19760 0.19760 0.19760 0.01198 ( 1)  0.117
 734 K   0.00042 0.06295 0.37844 0.48800 0.07019 0.00000 ( 4)  0.110
 735 L   0.00000 0.00419 0.10581 0.48507 0.40475 0.00016 ( 4)  0.204
 736 W   0.00000 0.00037 0.03308 0.36489 0.60150 0.00016 ( 5)  0.249
 737 A   0.00033 0.05061 0.33137 0.50947 0.10822 0.00000 ( 4)  0.122
 738 K   0.00000 0.00000 0.00003 0.02233 0.97516 0.00247 ( 5)  0.326
 739 H   0.00000 0.00000 0.00002 0.01520 0.97943 0.00535 ( 5)  0.329
 740 H   0.00000 0.00000 0.00019 0.05090 0.94817 0.00075 ( 5)  0.319
 741 S   0.00000 0.00096 0.07268 0.55537 0.37098 0.00001 ( 4)  0.200
 742 D   0.03241 0.32700 0.46627 0.16975 0.00457 0.00000 ( 3)  0.054
 743 P   0.00000 0.00712 0.16122 0.58006 0.25159 0.00001 ( 4)  0.169
 744 A   0.00000 0.00000 0.00387 0.18845 0.80746 0.00021 ( 5)  0.291
 745 T   0.02456 0.26465 0.45322 0.24185 0.01573 0.00000 ( 3)  0.066
 746 L   0.00000 0.00000 0.00127 0.09020 0.90554 0.00298 ( 5)  0.313
 747 K   0.00000 0.00000 0.00001 0.00516 0.84400 0.15083 ( 5)  0.429
 748 Q   0.00000 0.00742 0.16638 0.58556 0.24063 0.00000 ( 4)  0.167
 749 R   0.00044 0.06506 0.38234 0.47992 0.07225 0.00000 ( 4)  0.109
 750 A   0.45213 0.34652 0.16542 0.03499 0.00093 0.00000 ( 1)  0.019
 751 D   0.00000 0.00040 0.03552 0.38236 0.58161 0.00011 ( 5)  0.244
 752 Y   0.00000 0.00004 0.01235 0.28100 0.70647 0.00013 ( 5)  0.271
 753 R   0.00000 0.00000 0.00002 0.01298 0.97559 0.01141 ( 5)  0.334
 754 L   0.41561 0.33713 0.18847 0.05557 0.00323 0.00000 ( 1)  0.024
 755 A   0.02269 0.24865 0.44581 0.26176 0.02108 0.00000 ( 3)  0.069
 756 T   0.00036 0.05542 0.35047 0.50205 0.09169 0.00000 ( 4)  0.117
 757 R   0.44052 0.34393 0.17303 0.04106 0.00147 0.00000 ( 1)  0.021
 758 L   0.42787 0.34077 0.18109 0.04807 0.00221 0.00000 ( 1)  0.022
 759 V   0.00016 0.02664 0.21377 0.49668 0.26270 0.00005 ( 4)  0.165
 760 Q   0.45253 0.34656 0.16514 0.03484 0.00093 0.00000 ( 1)  0.019
 761 T   0.00000 0.00623 0.14654 0.56577 0.28145 0.00001 ( 4)  0.176
 762 A   0.44435 0.34495 0.17063 0.03885 0.00123 0.00000 ( 1)  0.020
 763 R   0.45805 0.34730 0.16128 0.03254 0.00083 0.00000 ( 1)  0.019
 764 N   0.03471 0.34372 0.46569 0.15262 0.00326 0.00000 ( 3)  0.051
 765 S   0.43651 0.34313 0.17573 0.04303 0.00161 0.00000 ( 1)  0.021
 766 Q   0.00000 0.00063 0.05080 0.45656 0.49194 0.00007 ( 5)  0.226
 767 L   0.40685 0.33413 0.19337 0.06138 0.00426 0.00000 ( 1)  0.025
 768 D   0.49138 0.35103 0.13794 0.01945 0.00021 0.00000 ( 1)  0.016
 769 R   0.00000 0.00000 0.00021 0.03789 0.95363 0.00827 ( 5)  0.327
 770 A   0.00000 0.00000 0.00472 0.21795 0.77726 0.00007 ( 5)  0.285
 771 S   0.49213 0.35110 0.13740 0.01917 0.00020 0.00000 ( 1)  0.016
 772 L   0.41536 0.33701 0.18858 0.05577 0.00328 0.00000 ( 1)  0.024
 773 R   0.43800 0.34315 0.17453 0.04264 0.00168 0.00000 ( 1)  0.021
 774 H   0.00000 0.00120 0.08568 0.58834 0.32478 0.00000 ( 4)  0.190
 775 Y   0.02322 0.25324 0.44805 0.25605 0.01942 0.00000 ( 3)  0.068
 776 L   0.40746 0.33433 0.19303 0.06099 0.00419 0.00000 ( 1)  0.025
 777 K   0.00057 0.08254 0.43951 0.44113 0.03625 0.00000 ( 4)  0.096
 778 G   0.00036 0.05584 0.35236 0.50173 0.08970 0.00000 ( 4)  0.116
 779 L   0.40746 0.33440 0.19310 0.06091 0.00413 0.00000 ( 1)  0.025
 780 K   0.00000 0.00010 0.02480 0.42118 0.55390 0.00002 ( 5)  0.240
 781 T   0.00000 0.00000 0.00080 0.09490 0.90374 0.00056 ( 5)  0.310
 782 Q   0.00000 0.00000 0.00007 0.02521 0.96792 0.00680 ( 5)  0.328
 783 Y   0.02291 0.25055 0.44674 0.25941 0.02039 0.00000 ( 3)  0.069
 784 L   0.00048 0.07072 0.40488 0.47089 0.05303 0.00000 ( 4)  0.103
 785 A   0.00035 0.05386 0.34510 0.50565 0.09505 0.00000 ( 4)  0.118
 786 E   0.00000 0.00726 0.16474 0.58831 0.23968 0.00000 ( 4)  0.167

Positively selected sites

	Prob(w>1)  mean w



lnL = -24139.395697

