

TREE # 1

  0  0.0000  30017.127915  x:  0.04144   0.10971   0.07431   0.04985   0.03335   0.03119   0.01109   0.09456   0.04307   0.02314   0.09328   0.05721   0.04007   0.08146   0.06318   0.02181   0.07845   0.07288   0.01898   0.08291   0.03729   0.09269   0.07233   0.05430   0.10582   0.08645   0.09357   0.05023   0.01811   0.09667   0.03704   0.03767   0.01698   0.07024   0.01345   0.03297   0.10171   0.03764   0.05172   0.09141   0.08946   0.04997   2.00000   0.90000   0.77293   1.03063  
  1 99.0000  25998.374501  x:  0.14840   0.13077   0.10168   0.13911   0.10544   0.09829   0.15399   0.10357   0.04804   0.04413   0.17610   0.05344   0.05848   0.12366   0.17480   0.04304   0.07516   0.14901   0.11591   0.16170   0.24693   0.08319   0.21070   0.10997   0.20874   0.18371   0.13501   0.22036   0.10043   0.12788   0.11843   0.15575   0.37213   0.11045   0.47637   0.10667   0.14999   0.17059   0.27430   0.20129   0.18812   0.15693   2.00691   0.99999   0.71067   1.07398  
  2 18652.6424  24398.940708  x:  0.26091   0.17659   0.15809   0.22987   0.12952   0.12624   0.05757   0.11921   0.01198   0.03185   0.44601   0.01850   0.09854   0.27106   0.37539   0.07818   0.04773   0.30394   0.08048   0.34587   0.26397   0.03020   0.42667   0.20381   0.51853   0.45285   0.25263   0.29877   0.13662   0.19518   0.15434   0.13290   0.17287   0.03848   0.19855   0.05108   0.33160   0.19236   0.36491   0.45690   0.45599   0.26944   2.04283   0.99999   0.22347   1.34376  
  3 3075.0156  24365.516354  x:  0.26039   0.17096   0.15278   0.22523   0.12119   0.12250   0.05499   0.11135   0.00176   0.01504   0.44669   0.00000   0.08474   0.26431   0.37778   0.06623   0.03638   0.30186   0.07416   0.34954   0.26703   0.02160   0.42930   0.19704   0.52405   0.45556   0.24877   0.30284   0.12837   0.18937   0.14876   0.13232   0.17698   0.05171   0.19230   0.05621   0.33559   0.19432   0.37326   0.46299   0.46588   0.26892   2.04292   0.99999   0.21284   1.35198  
  4 859.5980  24361.025700  x:  0.26003   0.16785   0.15004   0.22275   0.11706   0.12085   0.05445   0.10821   0.00180   0.00872   0.44698   0.00000   0.07767   0.26074   0.37898   0.06149   0.03137   0.30074   0.07110   0.35134   0.26878   0.01885   0.43057   0.19387   0.52693   0.45703   0.24658   0.30490   0.12380   0.18605   0.14560   0.13176   0.17859   0.05665   0.18942   0.05806   0.33748   0.19499   0.37759   0.46613   0.47113   0.26857   2.04292   0.99018   0.20930   1.35622  
  5 2616.1046  24332.881045  x:  0.25644   0.14789   0.13436   0.20747   0.09541   0.11413   0.05936   0.09932   0.05108   0.00000   0.44635   0.00000   0.03811   0.23869   0.38431   0.04904   0.01236   0.29321   0.05629   0.35990   0.28032   0.02162   0.43578   0.17847   0.54186   0.46432   0.23148   0.31579   0.09443   0.16340   0.12441   0.12623   0.18384   0.06746   0.17767   0.06139   0.34570   0.19549   0.40181   0.48270   0.50116   0.26498   2.04263   0.99169   0.19957   1.38158  
  6 1072.8837  24319.922536  x:  0.25266   0.12996   0.12292   0.19687   0.09032   0.11097   0.05863   0.08271   0.04282   0.01047   0.44330   0.00000   0.01996   0.22379   0.38962   0.05828   0.03581   0.28680   0.05354   0.36746   0.29233   0.03288   0.43840   0.16652   0.55495   0.46492   0.21574   0.32220   0.06595   0.13934   0.10318   0.11851   0.18224   0.06464   0.17352   0.05844   0.35096   0.19228   0.42268   0.49897   0.53311   0.26120   2.04169   0.99208   0.21435   1.40941  
  7 482.8798  24313.573441  x:  0.24715   0.12136   0.12163   0.19154   0.10285   0.11612   0.06709   0.08103   0.04016   0.00332   0.43165   0.00000   0.04161   0.22013   0.39018   0.06441   0.02831   0.27295   0.04876   0.36796   0.29607   0.03421   0.43163   0.15498   0.55713   0.45603   0.20370   0.32169   0.04924   0.12028   0.08926   0.11381   0.17833   0.05452   0.17925   0.05471   0.34954   0.18665   0.43506   0.50996   0.56223   0.25569   2.03954   0.99189   0.21545   1.44147  
  8 278.1742  24308.983647  x:  0.24120   0.12698   0.12252   0.18687   0.10770   0.12017   0.06476   0.08998   0.03587   0.02237   0.41113   0.00000   0.04330   0.20909   0.38280   0.05932   0.02458   0.25733   0.04882   0.36400   0.29461   0.03362   0.41608   0.15016   0.55309   0.43764   0.19574   0.31273   0.05752   0.11288   0.09138   0.11768   0.17900   0.05712   0.18379   0.05836   0.34319   0.18257   0.44277   0.52247   0.60270   0.24974   2.03487   0.99011   0.21089   1.49638  
  9 207.7463  24304.118615  x:  0.23821   0.13543   0.12334   0.18701   0.10419   0.12116   0.06218   0.09532   0.03977   0.00460   0.39283   0.00000   0.03968   0.20238   0.37397   0.05908   0.03187   0.25132   0.05405   0.35921   0.29226   0.03712   0.40237   0.15480   0.54533   0.42063   0.19570   0.30466   0.07194   0.11068   0.09934   0.12124   0.18042   0.05334   0.18593   0.05836   0.33532   0.18117   0.44556   0.53372   0.64504   0.24675   2.02894   0.99057   0.22550   1.56396  
 10 315.4074  24300.750618  x:  0.23777   0.13166   0.11927   0.19410   0.09275   0.11282   0.06643   0.08838   0.04213   0.00836   0.38644   0.00000   0.04434   0.21273   0.36350   0.06535   0.02945   0.26287   0.05507   0.34881   0.28719   0.03125   0.39575   0.16175   0.52908   0.40954   0.20656   0.30664   0.06691   0.10388   0.09815   0.11514   0.19032   0.06123   0.18772   0.06086   0.32509   0.18913   0.43349   0.52612   0.66566   0.24630   2.02106   0.98993   0.23475   1.64071  
 11 159.2741  24298.434428  x:  0.23968   0.12735   0.12335   0.19745   0.10418   0.11160   0.06893   0.08167   0.04067   0.00941   0.38767   0.00000   0.03261   0.21355   0.35640   0.05756   0.02608   0.26981   0.05653   0.34027   0.28890   0.03229   0.39685   0.16005   0.51296   0.40663   0.20738   0.31314   0.06127   0.10329   0.09858   0.11543   0.19084   0.05382   0.19266   0.05628   0.31728   0.19020   0.42439   0.50977   0.66523   0.24821   2.01295   0.98909   0.23750   1.70689  
 12 172.9604  24295.782823  x:  0.24221   0.12312   0.12386   0.18406   0.09998   0.11201   0.06288   0.08398   0.04094   0.00812   0.39452   0.00000   0.03946   0.21123   0.35641   0.05784   0.02890   0.26614   0.05553   0.33464   0.29631   0.03836   0.40434   0.14866   0.49623   0.41169   0.19634   0.31980   0.05932   0.11182   0.10255   0.12585   0.19051   0.05716   0.19603   0.06023   0.31341   0.18727   0.42277   0.48331   0.64494   0.25074   2.00025   0.98801   0.24356   1.79872  
 13 167.2620  24294.578584  x:  0.24198   0.12472   0.12183   0.18474   0.09886   0.11547   0.06889   0.08855   0.03813   0.01055   0.39621   0.00000   0.03912   0.20576   0.36015   0.05854   0.02413   0.25887   0.05268   0.33723   0.29787   0.03214   0.40684   0.14993   0.49638   0.41559   0.19604   0.31865   0.06130   0.11606   0.10065   0.12460   0.19135   0.05674   0.19369   0.05997   0.31589   0.18561   0.42771   0.47479   0.62558   0.25051   1.99323   0.98825   0.25713   1.84533  
 14 141.1941  24293.581652  x:  0.23871   0.12644   0.11826   0.18951   0.10130   0.11609   0.07164   0.08932   0.03853   0.00811   0.39212   0.00000   0.03875   0.20040   0.36230   0.05991   0.02837   0.25224   0.05360   0.34133   0.29745   0.03378   0.40440   0.15588   0.49951   0.41519   0.19672   0.31286   0.06165   0.11625   0.09601   0.11956   0.19476   0.05926   0.19439   0.06140   0.31882   0.18597   0.43397   0.47062   0.59975   0.24725   1.98684   0.98741   0.25512   1.88618  
 15 144.0757  24293.090714  x:  0.23751   0.12722   0.11705   0.18988   0.09972   0.11367   0.06590   0.08485   0.03977   0.00890   0.38815   0.00000   0.04012   0.20247   0.36277   0.05650   0.02715   0.25355   0.05444   0.34399   0.29678   0.03262   0.40122   0.15444   0.50480   0.41282   0.19672   0.31017   0.06278   0.11482   0.09666   0.11828   0.19507   0.05586   0.19760   0.05952   0.32025   0.18687   0.43895   0.47527   0.58332   0.24604   1.98352   0.98731   0.25743   1.90654  
 16 80.8893  24292.795382  x:  0.23759   0.12705   0.12027   0.18674   0.09968   0.11499   0.06924   0.08462   0.03909   0.00866   0.38514   0.00000   0.03817   0.20500   0.36120   0.05872   0.02650   0.25779   0.05290   0.34414   0.29551   0.03454   0.39830   0.15098   0.50885   0.40959   0.19743   0.31193   0.06389   0.11238   0.09887   0.11947   0.19382   0.05740   0.19705   0.05962   0.32015   0.18734   0.44099   0.48302   0.57180   0.24612   1.98160   0.98716   0.25847   1.91866  
 17 49.1405  24292.612811  x:  0.23915   0.12491   0.11957   0.18668   0.10215   0.11349   0.06783   0.08938   0.03931   0.00830   0.38591   0.00000   0.03882   0.20533   0.35973   0.05710   0.02722   0.25850   0.05463   0.34265   0.29714   0.03347   0.39860   0.15200   0.50977   0.40860   0.19645   0.31513   0.06480   0.10926   0.09751   0.11972   0.19382   0.05899   0.19521   0.06102   0.31882   0.18661   0.43918   0.49017   0.56706   0.24769   1.98095   0.98721   0.26035   1.92474  
 18 19.0916  24292.311166  x:  0.24114   0.12373   0.11775   0.18741   0.09971   0.11397   0.06667   0.08803   0.03777   0.00835   0.38879   0.00000   0.03883   0.20290   0.35811   0.05937   0.02455   0.25560   0.05319   0.33943   0.29848   0.03552   0.40082   0.15575   0.50905   0.40870   0.19467   0.31781   0.06849   0.10682   0.09545   0.12023   0.19386   0.05713   0.19545   0.06063   0.31653   0.18513   0.43499   0.49922   0.56346   0.24967   1.98056   0.98705   0.25998   1.93304  
 19 23.1261  24291.759192  x:  0.24169   0.12360   0.11753   0.18878   0.09707   0.11780   0.06929   0.08359   0.03946   0.00825   0.39328   0.00000   0.04025   0.20014   0.35777   0.05806   0.03009   0.25253   0.05184   0.33680   0.29869   0.02912   0.40417   0.15314   0.50733   0.41122   0.19503   0.31759   0.07196   0.10517   0.09374   0.12094   0.19283   0.05602   0.19591   0.06016   0.31496   0.18499   0.42963   0.50920   0.56190   0.25023   1.98058   0.98688   0.25894   1.94697  
 20 38.0002  24289.076375  x:  0.23670   0.12443   0.12060   0.19336   0.10469   0.12251   0.06709   0.07547   0.04053   0.00917   0.40859   0.00000   0.04345   0.20067   0.36591   0.05230   0.02719   0.24941   0.05295   0.34045   0.29400   0.03914   0.41787   0.14695   0.50561   0.42933   0.20612   0.30363   0.07109   0.10496   0.09489   0.12380   0.18977   0.06713   0.19197   0.06246   0.31992   0.19281   0.42055   0.53338   0.57055   0.24524   1.98242   0.98688   0.27301   2.01275  
 21 56.3106  24282.057558  x:  0.23057   0.12922   0.12018   0.18647   0.09710   0.11194   0.06545   0.09889   0.02922   0.00679   0.42320   0.00000   0.03287   0.20990   0.38394   0.06393   0.02204   0.26622   0.06427   0.35923   0.28844   0.03137   0.43082   0.14879   0.50900   0.45738   0.21594   0.29152   0.05726   0.11048   0.09886   0.12556   0.18578   0.05660   0.18646   0.04957   0.33622   0.19309   0.42275   0.55373   0.59800   0.23912   1.98815   0.98514   0.28075   2.17954  
 22 161.1324  24275.960271  x:  0.24275   0.14019   0.12736   0.19183   0.09909   0.11216   0.06328   0.09405   0.02872   0.00713   0.42508   0.00000   0.03492   0.22643   0.39621   0.05631   0.02726   0.28056   0.04572   0.37428   0.28253   0.02920   0.43002   0.16823   0.53342   0.46639   0.20305   0.31092   0.05626   0.12349   0.09792   0.11668   0.17547   0.05541   0.17180   0.06461   0.35340   0.18791   0.43448   0.54909   0.62730   0.25130   1.99441   0.98437   0.29664   2.32120  
 23 255.9980  24274.802366  x:  0.24848   0.13928   0.12811   0.19610   0.10008   0.11604   0.05955   0.08992   0.03047   0.00645   0.42667   0.00000   0.03557   0.22697   0.39549   0.05970   0.02554   0.27863   0.05176   0.37609   0.28669   0.02833   0.42724   0.16538   0.54902   0.46268   0.20637   0.31711   0.05876   0.12683   0.09775   0.11421   0.17315   0.06472   0.16856   0.05526   0.35535   0.18180   0.43382   0.54208   0.63368   0.25703   1.99688   0.98423   0.29941   2.34790  
 24 110.2432  24274.337289  x:  0.25110   0.13449   0.12601   0.19693   0.09845   0.11752   0.05860   0.09232   0.02956   0.00551   0.42996   0.00000   0.03550   0.22498   0.39289   0.05944   0.02548   0.27525   0.05234   0.37482   0.28763   0.02990   0.42606   0.16180   0.56402   0.45814   0.21376   0.31807   0.05929   0.12715   0.09840   0.11450   0.16995   0.06181   0.17005   0.05906   0.35589   0.18584   0.42990   0.53585   0.63662   0.25965   1.99934   0.98414   0.30007   2.35893  
 25 57.3627  24274.222921  x:  0.25072   0.13270   0.12597   0.19565   0.09932   0.11698   0.05878   0.09286   0.02946   0.00525   0.43200   0.00000   0.03621   0.22441   0.39170   0.05863   0.02642   0.27518   0.04987   0.37353   0.28631   0.02996   0.42678   0.16261   0.57043   0.45689   0.21356   0.31647   0.05934   0.12674   0.09966   0.11655   0.17364   0.06116   0.16918   0.05708   0.35543   0.18601   0.42794   0.53389   0.63747   0.25927   2.00103   0.98414   0.30038   2.36179  
 26 28.1564  24274.166197  x:  0.24955   0.13289   0.12693   0.19450   0.09957   0.11636   0.05979   0.09206   0.02961   0.00508   0.43336   0.00000   0.03614   0.22400   0.39084   0.05900   0.02580   0.27628   0.05166   0.37262   0.28624   0.02890   0.42802   0.16423   0.57441   0.45676   0.21071   0.31465   0.05964   0.12602   0.10002   0.11692   0.17286   0.06167   0.17005   0.05801   0.35477   0.18603   0.42642   0.53280   0.63784   0.25810   2.00319   0.98417   0.30081   2.36324  
 27 13.8924  24274.047372  x:  0.24769   0.13689   0.12730   0.19735   0.09740   0.11522   0.06083   0.09393   0.02873   0.00495   0.43288   0.00000   0.03669   0.22392   0.39012   0.05718   0.02590   0.27814   0.05114   0.37025   0.28699   0.03089   0.43084   0.16202   0.57694   0.45820   0.20970   0.31510   0.06087   0.12342   0.09893   0.11581   0.17249   0.06198   0.17073   0.05746   0.35217   0.18467   0.42705   0.53136   0.63761   0.25624   2.01143   0.98416   0.30115   2.36549  
 28  6.0452  24273.799110  x:  0.24648   0.14048   0.12735   0.19904   0.09976   0.11485   0.05741   0.09341   0.02916   0.00459   0.43077   0.00000   0.03568   0.22302   0.38950   0.06153   0.02533   0.27813   0.04995   0.36752   0.28775   0.02880   0.43290   0.15984   0.57737   0.46030   0.21038   0.31639   0.06179   0.12021   0.09944   0.11671   0.17390   0.06122   0.16897   0.05981   0.34875   0.18585   0.42979   0.52983   0.63652   0.25504   2.02823   0.98420   0.30181   2.36946  
 29 21.8984  24273.058864  x:  0.24785   0.13916   0.12519   0.19170   0.09930   0.11789   0.05937   0.09030   0.02826   0.00554   0.42560   0.00000   0.03692   0.22413   0.39014   0.05746   0.02552   0.27353   0.05405   0.36699   0.28846   0.02867   0.43255   0.16589   0.57362   0.46330   0.21560   0.31961   0.06089   0.11658   0.10290   0.11866   0.17332   0.06080   0.16651   0.05858   0.34509   0.18780   0.43532   0.52912   0.63379   0.25640   2.07319   0.98420   0.30283   2.38070  
 30 44.9353  24272.218393  x:  0.25188   0.13137   0.12491   0.19108   0.10013   0.11752   0.05785   0.09330   0.02762   0.00482   0.42646   0.00000   0.03421   0.22485   0.39241   0.05812   0.02629   0.27269   0.04830   0.37151   0.28384   0.02760   0.42807   0.16585   0.56900   0.46285   0.21350   0.31724   0.06146   0.12067   0.10246   0.11411   0.17065   0.06509   0.17603   0.05647   0.34942   0.18573   0.43374   0.53201   0.63297   0.26044   2.11124   0.98436   0.30505   2.39270  
 31 57.2157  24271.118186  x:  0.25476   0.12393   0.12658   0.19795   0.09761   0.11659   0.06218   0.09277   0.02583   0.00529   0.42978   0.00000   0.03437   0.22433   0.39426   0.05787   0.02394   0.27506   0.05274   0.37919   0.28675   0.03057   0.42096   0.15821   0.56331   0.45577   0.20492   0.31343   0.06349   0.12958   0.09938   0.11317   0.17960   0.06065   0.17137   0.06045   0.35892   0.18527   0.42984   0.53600   0.63286   0.26332   2.14050   0.98448   0.30627   2.40548  
 32 56.7737  24265.212179  x:  0.24285   0.14294   0.13007   0.20294   0.09600   0.11198   0.06054   0.09032   0.02292   0.00521   0.44541   0.00000   0.04011   0.20935   0.39188   0.05517   0.02286   0.28670   0.03949   0.38974   0.31844   0.02687   0.41854   0.16837   0.55351   0.41717   0.21579   0.32319   0.04634   0.14238   0.08092   0.14464   0.17429   0.06588   0.17723   0.05716   0.38850   0.18749   0.43086   0.54584   0.64007   0.25143   2.15460   0.98624   0.31341   2.45523  
 33 23.8974  24239.452289  x:  0.24364   0.17788   0.11238   0.16880   0.10365   0.11694   0.05959   0.08785   0.00258   0.00000   0.44238   0.00000   0.03061   0.22347   0.37808   0.05076   0.02022   0.26573   0.04773   0.39193   0.32072   0.02416   0.45220   0.15677   0.55844   0.40670   0.21407   0.35803   0.04097   0.14405   0.08632   0.09829   0.21128   0.06875   0.19357   0.05960   0.40650   0.20321   0.45161   0.56459   0.68434   0.25227   2.09010   0.99346   0.32998   2.64205  
 34 73.0192  24239.452289  x:  0.24364   0.17788   0.11238   0.16880   0.10365   0.11694   0.05959   0.08785   0.00258   0.00000   0.44238   0.00000   0.03061   0.22347   0.37808   0.05076   0.02022   0.26573   0.04773   0.39193   0.32072   0.02416   0.45220   0.15677   0.55844   0.40670   0.21407   0.35803   0.04097   0.14405   0.08632   0.09829   0.21128   0.06875   0.19357   0.05960   0.40650   0.20321   0.45161   0.56459   0.68434   0.25227   2.09010   0.99346   0.32998   2.64205  
 35 316.2964  24233.881003  x:  0.24449   0.17723   0.11284   0.17039   0.10413   0.11754   0.06095   0.08852   0.00795   0.02263   0.44240   0.00193   0.03106   0.22353   0.37897   0.05132   0.02053   0.26634   0.04848   0.39214   0.32206   0.02434   0.45278   0.15727   0.55895   0.40794   0.21414   0.35879   0.04176   0.14398   0.08729   0.10000   0.21380   0.06925   0.19727   0.06026   0.40611   0.20392   0.45348   0.56501   0.68479   0.25313   2.08984   0.99378   0.32943   2.64221  
 36 2174.6064  24226.566849  x:  0.24626   0.17588   0.11371   0.17362   0.10506   0.11853   0.06332   0.08842   0.00918   0.02248   0.44236   0.00000   0.03152   0.22356   0.38078   0.05183   0.02108   0.26759   0.04993   0.39260   0.32479   0.02432   0.45402   0.15805   0.55985   0.41022   0.21422   0.36036   0.04335   0.14380   0.08926   0.10340   0.21889   0.07015   0.20468   0.06153   0.40530   0.20536   0.45735   0.56588   0.68574   0.25490   2.08928   0.99259   0.32873   2.64250  
 37 619.8333  24219.182053  x:  0.24923   0.17354   0.11503   0.17872   0.10642   0.12004   0.06686   0.08818   0.01053   0.02206   0.44239   0.00000   0.03226   0.22365   0.38385   0.05264   0.02167   0.26966   0.05209   0.39340   0.32933   0.02427   0.45615   0.15935   0.56141   0.41409   0.21434   0.36299   0.04588   0.14338   0.09232   0.10867   0.22701   0.07122   0.21640   0.06333   0.40393   0.20765   0.46386   0.56738   0.68739   0.25787   2.08833   0.99790   0.32783   2.64298  
 38 4847.2027  24213.044996  x:  0.25428   0.16820   0.11473   0.18150   0.10455   0.11928   0.06436   0.08619   0.00000   0.02437   0.44411   0.00000   0.03236   0.22446   0.38986   0.05246   0.01598   0.27258   0.05050   0.39488   0.33610   0.02336   0.46074   0.16111   0.56531   0.42123   0.21450   0.36719   0.04726   0.14012   0.09298   0.10922   0.23270   0.06421   0.22240   0.05974   0.40121   0.20888   0.47517   0.57052   0.69129   0.26292   2.08608   0.99801   0.33449   2.64341  
 39 407.2915  24204.023617  x:  0.26819   0.15261   0.11317   0.18489   0.09767   0.11612   0.05425   0.08453   0.00995   0.02253   0.45011   0.00000   0.03195   0.22733   0.40726   0.05249   0.00387   0.28092   0.04358   0.39945   0.35447   0.02143   0.47442   0.16567   0.57739   0.44239   0.21554   0.37885   0.04950   0.12952   0.09197   0.10492   0.24271   0.04087   0.22910   0.04690   0.39345   0.21104   0.50694   0.57998   0.70330   0.27683   2.07931   0.99844   0.35563   2.64474  
 40 838.1399  24200.353563  x:  0.27598   0.14412   0.11317   0.18416   0.09525   0.11535   0.05007   0.08479   0.01025   0.02232   0.45475   0.00000   0.03125   0.22956   0.41788   0.05388   0.02016   0.28675   0.04088   0.40307   0.36524   0.02258   0.48320   0.16829   0.58551   0.45467   0.21693   0.38586   0.05102   0.12333   0.09080   0.09969   0.24521   0.03270   0.22694   0.04256   0.38916   0.21287   0.52587   0.58639   0.71170   0.28461   2.07489   0.99859   0.36497   2.64625  
 41 584.6026  24194.042666  x:  0.29030   0.13205   0.11905   0.17468   0.10111   0.12087   0.05539   0.09179   0.00973   0.02127   0.46835   0.00000   0.02713   0.23646   0.44126   0.05172   0.01942   0.29398   0.02925   0.41327   0.38406   0.02142   0.50376   0.17022   0.60677   0.47934   0.22341   0.40123   0.05834   0.11390   0.09071   0.08412   0.24030   0.05686   0.20454   0.05520   0.38226   0.22086   0.56688   0.60403   0.73563   0.29893   2.06340   0.99861   0.36948   2.65302  
 42 283.4434  24192.667087  x:  0.29023   0.13741   0.11920   0.17520   0.10582   0.12202   0.05387   0.08998   0.00968   0.02036   0.47485   0.00000   0.02728   0.23993   0.44772   0.05406   0.01741   0.29164   0.03885   0.42076   0.38647   0.02361   0.51030   0.16879   0.61651   0.48212   0.22431   0.40285   0.06529   0.11771   0.09745   0.08456   0.22992   0.05378   0.20007   0.05290   0.38230   0.21835   0.57864   0.61396   0.75064   0.29886   2.05694   0.99841   0.36205   2.65889  
 43 102.0248  24191.720713  x:  0.28539   0.14303   0.11595   0.17607   0.10294   0.12158   0.05345   0.08839   0.01028   0.01902   0.48051   0.00000   0.02271   0.24048   0.45113   0.04995   0.01936   0.28694   0.03589   0.42722   0.38122   0.01804   0.51437   0.16466   0.62636   0.47926   0.22375   0.40131   0.06387   0.11871   0.09919   0.08397   0.22456   0.05456   0.20706   0.05398   0.38477   0.21578   0.58614   0.62496   0.77059   0.29402   2.04817   0.99847   0.36355   2.66660  
 44 78.6060  24191.012490  x:  0.28047   0.14670   0.11437   0.17711   0.10097   0.12170   0.05497   0.08912   0.01034   0.01739   0.48453   0.00000   0.02400   0.24158   0.45319   0.05361   0.01914   0.28336   0.03232   0.43204   0.37568   0.02539   0.51699   0.16587   0.63428   0.47531   0.22315   0.39933   0.05922   0.11803   0.09774   0.08265   0.22426   0.05550   0.21182   0.05460   0.38744   0.21424   0.59052   0.63426   0.78977   0.28910   2.03973   0.99848   0.36648   2.67466  
 45 140.5874  24190.371052  x:  0.27706   0.14812   0.11731   0.17874   0.10423   0.12279   0.05701   0.09334   0.01014   0.01528   0.48576   0.00000   0.02899   0.24172   0.45304   0.05429   0.01891   0.28395   0.03652   0.43489   0.37277   0.02103   0.51659   0.16737   0.63965   0.47035   0.22283   0.39717   0.05286   0.11736   0.09374   0.08303   0.23230   0.05417   0.20833   0.05314   0.39037   0.21511   0.59048   0.64204   0.81163   0.28569   2.03012   0.99852   0.37031   2.68590  
 46 76.1631  24189.879188  x:  0.27764   0.14833   0.11897   0.17770   0.10387   0.12140   0.05349   0.09364   0.01048   0.01317   0.48433   0.00000   0.02435   0.23819   0.45063   0.05159   0.01863   0.28773   0.03774   0.43405   0.37293   0.02340   0.51451   0.17091   0.64119   0.46782   0.22258   0.39604   0.05246   0.12053   0.09321   0.08677   0.23863   0.05381   0.20441   0.05396   0.39246   0.21819   0.58695   0.64630   0.83079   0.28628   2.02178   0.99853   0.37174   2.69843  
 47 71.2893  24189.279139  x:  0.28222   0.14621   0.11885   0.17540   0.10057   0.12038   0.05503   0.09204   0.01069   0.00984   0.48025   0.00000   0.02861   0.23761   0.44684   0.05568   0.01857   0.29335   0.03308   0.42869   0.37595   0.02090   0.51020   0.17068   0.63905   0.46820   0.22369   0.39724   0.05493   0.12556   0.09309   0.08756   0.23674   0.05252   0.20510   0.05382   0.39370   0.22104   0.57838   0.64752   0.85492   0.29085   2.01156   0.99845   0.37075   2.71936  
 48 66.5689  24188.889410  x:  0.28507   0.14250   0.11810   0.17751   0.10371   0.12084   0.05686   0.09222   0.01081   0.00750   0.47715   0.00000   0.02831   0.23760   0.44432   0.05198   0.01838   0.29356   0.03519   0.42484   0.37965   0.02343   0.50768   0.16926   0.63566   0.47056   0.22419   0.39891   0.05313   0.12511   0.09152   0.08443   0.23159   0.05369   0.20854   0.05184   0.39301   0.21980   0.57245   0.64520   0.86868   0.29369   2.00579   0.99846   0.37260   2.73608  
 49 70.8068  24188.646086  x:  0.28503   0.14063   0.11702   0.17827   0.10325   0.12137   0.05273   0.09396   0.01085   0.00600   0.47657   0.00000   0.02748   0.23876   0.44421   0.05539   0.01849   0.28918   0.03718   0.42318   0.38076   0.02253   0.50739   0.16805   0.63224   0.47370   0.22339   0.39960   0.05142   0.12275   0.09372   0.08649   0.23089   0.05618   0.20860   0.05329   0.39101   0.21717   0.57136   0.64052   0.87315   0.29366   2.00403   0.99845   0.37521   2.75089  
 50 36.4833  24188.334874  x:  0.28356   0.14157   0.11793   0.17772   0.10160   0.12476   0.05588   0.09606   0.01066   0.00429   0.47705   0.00000   0.02637   0.24038   0.44551   0.05363   0.01900   0.28338   0.03531   0.42202   0.37952   0.02298   0.50837   0.16870   0.62797   0.47745   0.22273   0.40057   0.05229   0.12014   0.09716   0.08896   0.23278   0.05292   0.20635   0.05426   0.38769   0.21443   0.57237   0.63265   0.87521   0.29219   2.00355   0.99839   0.37660   2.77509  
 51 52.9413  24187.845209  x:  0.28062   0.14571   0.11725   0.17697   0.10386   0.12168   0.05313   0.09186   0.01126   0.00261   0.47927   0.00000   0.02897   0.24121   0.44911   0.05163   0.01915   0.28361   0.03494   0.42306   0.37596   0.02257   0.51081   0.17073   0.62441   0.47930   0.22154   0.39961   0.05622   0.11730   0.09580   0.08366   0.23729   0.05261   0.20781   0.05544   0.38387   0.21667   0.57595   0.62132   0.87376   0.28924   2.00494   0.99820   0.37710   2.81993  
 52 57.5302  24187.150944  x:  0.27850   0.14828   0.11723   0.17632   0.10284   0.11916   0.05876   0.09240   0.01124   0.00168   0.48111   0.00000   0.02294   0.23664   0.45192   0.05740   0.01815   0.29048   0.03873   0.42528   0.37304   0.02122   0.51266   0.17037   0.62309   0.47702   0.22253   0.39790   0.05914   0.11579   0.09452   0.08168   0.23675   0.05402   0.20968   0.05150   0.38119   0.21963   0.58107   0.61079   0.87071   0.28711   2.00672   0.99809   0.38603   2.88855  
 53 103.9855  24185.134600  x:  0.27839   0.14618   0.11867   0.18005   0.09935   0.11537   0.05848   0.09934   0.01134   0.00182   0.48187   0.00000   0.03311   0.23370   0.45653   0.04980   0.01820   0.30532   0.04038   0.42878   0.36980   0.02529   0.51441   0.16569   0.62500   0.46623   0.22521   0.39302   0.05987   0.11616   0.09914   0.09445   0.22813   0.05749   0.21239   0.05123   0.37999   0.22554   0.59289   0.59356   0.86484   0.28699   2.00940   0.99774   0.41513   3.10192  
 54 216.7559  24181.411375  x:  0.28579   0.13658   0.12665   0.18960   0.11204   0.12693   0.05457   0.09012   0.01223   0.00527   0.47804   0.00000   0.02536   0.23153   0.45437   0.05609   0.01899   0.30276   0.03019   0.42876   0.37435   0.02232   0.51198   0.16647   0.63383   0.45525   0.22192   0.39117   0.05130   0.11736   0.09920   0.09541   0.22945   0.04900   0.21829   0.05877   0.38617   0.22288   0.60138   0.58610   0.85764   0.29436   2.01101   0.99658   0.44615   3.50958  
 55 395.5651  24178.090998  x:  0.29213   0.13272   0.11845   0.18015   0.09751   0.12870   0.05874   0.08564   0.01285   0.00862   0.47232   0.00000   0.02543   0.23676   0.44942   0.05257   0.01926   0.28738   0.04067   0.42807   0.38485   0.02164   0.50820   0.17091   0.64070   0.45607   0.21991   0.39534   0.05197   0.12307   0.09834   0.08634   0.24626   0.05481   0.22512   0.05342   0.39161   0.21369   0.60122   0.59460   0.84969   0.30068   2.01140   0.99561   0.47335   3.86160  
 56 701.0948  24176.978106  x:  0.29016   0.13874   0.11216   0.18204   0.10567   0.11921   0.06045   0.09491   0.01202   0.00956   0.46970   0.00000   0.02462   0.23737   0.44682   0.05374   0.02027   0.28172   0.03770   0.42502   0.38499   0.02182   0.50682   0.16946   0.63816   0.46857   0.22180   0.40030   0.06027   0.12609   0.09979   0.08493   0.25188   0.05387   0.22695   0.05262   0.39066   0.21508   0.59510   0.61063   0.84350   0.29871   2.01065   0.99543   0.48970   3.97607  
 57 225.1688  24176.276577  x:  0.28477   0.14349   0.11817   0.18344   0.10220   0.11973   0.06163   0.08918   0.01226   0.00990   0.46911   0.00000   0.02548   0.23653   0.44618   0.05368   0.01988   0.28454   0.04202   0.42292   0.38325   0.02244   0.50739   0.16790   0.63170   0.48448   0.22144   0.40465   0.06026   0.11980   0.09772   0.08771   0.24977   0.05247   0.22799   0.05721   0.38716   0.22105   0.58723   0.63186   0.83501   0.29330   2.00939   0.99534   0.49976   4.04357  
 58 109.0376  24176.097344  x:  0.28400   0.14334   0.11883   0.18381   0.10246   0.12151   0.06021   0.08901   0.01223   0.00974   0.47001   0.00000   0.02557   0.23611   0.44704   0.05321   0.02002   0.28739   0.03997   0.42245   0.38188   0.02194   0.50846   0.16940   0.62900   0.48690   0.22159   0.40464   0.05975   0.11690   0.09740   0.09039   0.24969   0.05504   0.22850   0.05184   0.38532   0.21938   0.58530   0.63955   0.83102   0.29253   2.00877   0.99524   0.49815   4.05770  
 59 44.9134  24175.923524  x:  0.28547   0.14027   0.11465   0.18297   0.10222   0.12294   0.05985   0.09260   0.01195   0.00918   0.47181   0.00000   0.02509   0.23563   0.44904   0.05289   0.01951   0.28985   0.04069   0.42300   0.38146   0.02148   0.51033   0.17100   0.62568   0.48368   0.22183   0.40251   0.05989   0.11395   0.09613   0.09086   0.24919   0.05290   0.22971   0.05484   0.38381   0.21803   0.58400   0.64857   0.82425   0.29400   2.00727   0.99514   0.49531   4.06518  
 60 20.2768  24175.647740  x:  0.28946   0.13729   0.11528   0.18381   0.10378   0.12501   0.06078   0.08929   0.01263   0.00812   0.47320   0.00000   0.02581   0.23601   0.45158   0.05319   0.01992   0.28781   0.04030   0.42377   0.38228   0.02233   0.51216   0.16833   0.62254   0.47457   0.21972   0.39882   0.06428   0.11490   0.09720   0.09043   0.25084   0.05379   0.22905   0.05559   0.38257   0.21605   0.58372   0.66049   0.81212   0.29799   2.00357   0.99521   0.50030   4.06766  
 61 20.7720  24175.093636  x:  0.29140   0.13621   0.12501   0.18710   0.10052   0.11950   0.05912   0.09342   0.01244   0.00641   0.47078   0.00000   0.02484   0.23799   0.45050   0.05323   0.02022   0.28092   0.03884   0.42464   0.38755   0.02178   0.50979   0.17027   0.62805   0.46825   0.22513   0.40137   0.06065   0.11811   0.09756   0.08919   0.24926   0.05346   0.23174   0.05322   0.38738   0.22278   0.58835   0.66833   0.79385   0.29992   1.99518   0.99512   0.49610   4.05716  
 62 14.5107  24173.696443  x:  0.28984   0.13634   0.11407   0.18478   0.10662   0.11759   0.06410   0.08650   0.01313   0.00403   0.46343   0.00000   0.02647   0.23817   0.44469   0.05322   0.02022   0.28471   0.03712   0.42542   0.39556   0.02172   0.50207   0.17146   0.64709   0.47231   0.22252   0.41045   0.04874   0.12419   0.09759   0.09873   0.25036   0.05313   0.23156   0.05391   0.39935   0.22285   0.59984   0.67099   0.76637   0.29834   1.97520   0.99506   0.49146   4.01706  
 63 35.1888  24171.296145  x:  0.28985   0.14352   0.11626   0.18852   0.10457   0.14078   0.05490   0.09835   0.01195   0.00229   0.45780   0.00000   0.02965   0.23304   0.43869   0.05301   0.01943   0.29830   0.03789   0.42553   0.39800   0.02360   0.49567   0.16771   0.66895   0.48553   0.21681   0.41352   0.05666   0.13426   0.09250   0.09419   0.25612   0.05276   0.24206   0.05819   0.40849   0.21235   0.60815   0.66482   0.74566   0.29832   1.94496   0.99500   0.48665   3.93686  
 64 76.2033  24159.369778  x:  0.30476   0.10695   0.11311   0.22918   0.09912   0.13317   0.07177   0.08622   0.01216   0.00550   0.47638   0.00000   0.03170   0.22715   0.45034   0.05328   0.01973   0.29682   0.04941   0.42300   0.37642   0.01923   0.51791   0.18049   0.68254   0.51583   0.23839   0.39159   0.08197   0.11536   0.11092   0.10474   0.28067   0.05498   0.26408   0.05957   0.38250   0.22558   0.61101   0.62213   0.76493   0.31305   1.84214   0.99446   0.44102   3.51463  
 65 104.1406  24152.243932  x:  0.31265   0.11426   0.13454   0.18984   0.11755   0.12220   0.07568   0.09315   0.01155   0.00761   0.47801   0.00000   0.02824   0.23565   0.46678   0.05422   0.01871   0.29929   0.05179   0.42182   0.39313   0.02156   0.53144   0.17248   0.66174   0.50903   0.21932   0.40061   0.08092   0.09672   0.11788   0.12148   0.29187   0.04964   0.30001   0.05760   0.36613   0.23496   0.62452   0.60784   0.79687   0.32083   1.82584   0.99411   0.41602   3.26155  
 66 270.7390  24145.600089  x:  0.30979   0.14087   0.12387   0.22473   0.10858   0.12874   0.07770   0.09242   0.01246   0.00788   0.46299   0.00000   0.02566   0.24127   0.48840   0.05494   0.01826   0.31083   0.04598   0.42614   0.43617   0.02006   0.53391   0.17910   0.61591   0.48717   0.21688   0.43406   0.07677   0.09911   0.11520   0.12518   0.30309   0.05279   0.30699   0.06180   0.36606   0.23584   0.65797   0.61371   0.84533   0.31786   1.89084   0.99370   0.39426   3.01851  
 67 180.4023  24142.768907  x:  0.30729   0.11614   0.12782   0.21558   0.11575   0.13698   0.07624   0.08903   0.01252   0.00600   0.46257   0.00000   0.02997   0.23168   0.48724   0.05487   0.01823   0.30956   0.04786   0.43407   0.43211   0.02072   0.52695   0.17904   0.61399   0.49962   0.23896   0.42783   0.07727   0.11498   0.12000   0.12626   0.30949   0.05054   0.31906   0.06289   0.37839   0.23548   0.67448   0.62571   0.86749   0.31533   1.96597   0.99354   0.38954   2.91556  
 68 100.7826  24141.893169  x:  0.31625   0.11266   0.13040   0.22163   0.11335   0.13173   0.07968   0.09294   0.01214   0.00480   0.46666   0.00000   0.02909   0.23595   0.48040   0.05459   0.01823   0.31007   0.04921   0.43380   0.42446   0.02076   0.52558   0.17893   0.62768   0.50762   0.22187   0.42026   0.07733   0.11348   0.11914   0.12869   0.30976   0.05082   0.32008   0.06225   0.38100   0.23826   0.67538   0.63055   0.87376   0.32427   2.00092   0.99340   0.38486   2.88478  
 69 60.3147  24141.756792  x:  0.32010   0.11852   0.12981   0.22138   0.11401   0.13263   0.07938   0.09207   0.01226   0.00450   0.46754   0.00000   0.02921   0.23671   0.47837   0.05466   0.01831   0.30982   0.04982   0.43093   0.42438   0.02052   0.52735   0.18007   0.63576   0.50665   0.22690   0.41976   0.07746   0.10839   0.11881   0.13077   0.31011   0.05084   0.32088   0.06305   0.37864   0.23752   0.67211   0.63090   0.87445   0.32812   2.00864   0.99341   0.38617   2.88014  
 70 20.1303  24141.733265  x:  0.31867   0.11706   0.12970   0.22157   0.11387   0.13283   0.07916   0.09221   0.01225   0.00442   0.46738   0.00000   0.02943   0.23557   0.47903   0.05468   0.01825   0.30984   0.04962   0.42973   0.42576   0.02075   0.52922   0.17898   0.63957   0.50516   0.22651   0.42188   0.07858   0.10713   0.11974   0.13062   0.31062   0.05068   0.32083   0.06294   0.37724   0.23791   0.66942   0.63085   0.87449   0.32668   2.01057   0.99340   0.38574   2.87992  
 71  6.6295  24141.729005  x:  0.31832   0.11675   0.12988   0.22149   0.11402   0.13288   0.07920   0.09220   0.01226   0.00441   0.46722   0.00000   0.02935   0.23605   0.47955   0.05467   0.01827   0.30991   0.04961   0.42995   0.42609   0.02038   0.52947   0.18036   0.64014   0.50502   0.22622   0.42207   0.07903   0.10727   0.11983   0.13074   0.31021   0.05077   0.32108   0.06308   0.37724   0.23776   0.66863   0.63076   0.87444   0.32634   2.01082   0.99341   0.38632   2.88027  
 72  2.4080  24141.706239  x:  0.31828   0.11663   0.13009   0.22175   0.11391   0.13253   0.07935   0.09211   0.01223   0.00440   0.46677   0.00000   0.02827   0.23858   0.48317   0.05474   0.01821   0.31041   0.04909   0.43295   0.42729   0.02069   0.52995   0.17917   0.64108   0.50597   0.22698   0.42141   0.07918   0.10770   0.11843   0.13185   0.31088   0.05067   0.32126   0.06311   0.37893   0.23732   0.66548   0.63026   0.87412   0.32630   2.01132   0.99339   0.38681   2.88485  
 73  1.6385  24141.611945  x:  0.32027   0.11910   0.12920   0.22178   0.11384   0.13331   0.07957   0.09247   0.01216   0.00445   0.46780   0.00000   0.03001   0.23237   0.48926   0.05462   0.01836   0.30791   0.04847   0.43745   0.42907   0.02052   0.52993   0.17987   0.64162   0.50834   0.22540   0.42134   0.07730   0.10838   0.11930   0.13202   0.31104   0.05084   0.32232   0.06248   0.38110   0.23902   0.66199   0.63067   0.87335   0.32829   2.01207   0.99333   0.38934   2.90580  
 74  5.1897  24140.594319  x:  0.32079   0.12172   0.12870   0.22358   0.11267   0.13303   0.08092   0.09179   0.01188   0.00560   0.47886   0.00000   0.02895   0.23992   0.48527   0.05439   0.01801   0.31398   0.04963   0.43715   0.42923   0.02160   0.52888   0.17724   0.64188   0.51365   0.22501   0.43164   0.07354   0.11347   0.13233   0.12480   0.32145   0.04985   0.33389   0.06367   0.37523   0.23812   0.67062   0.64658   0.86815   0.32879   2.01656   0.99267   0.41646   3.14385  
 75 22.1051  24140.155496  x:  0.31879   0.12016   0.12862   0.22375   0.11205   0.13128   0.08223   0.09073   0.01176   0.00617   0.46772   0.00000   0.03023   0.23697   0.48252   0.05470   0.01834   0.30766   0.05025   0.43218   0.43071   0.02149   0.53239   0.17636   0.64278   0.51569   0.22384   0.42912   0.08504   0.10814   0.11895   0.13127   0.32164   0.05007   0.33764   0.06352   0.37552   0.23683   0.68264   0.65397   0.86754   0.32679   2.01793   0.99236   0.42528   3.24340  
 76 72.5961  24140.146368  x:  0.31857   0.12028   0.12810   0.22365   0.11210   0.13194   0.08216   0.09079   0.01174   0.00618   0.46592   0.00000   0.03006   0.23752   0.48268   0.05472   0.01833   0.30786   0.05025   0.43193   0.43081   0.02151   0.53211   0.17632   0.64276   0.51571   0.22372   0.42791   0.08568   0.10616   0.12077   0.13047   0.32173   0.05007   0.33768   0.06309   0.37705   0.23792   0.68305   0.65429   0.86762   0.32656   2.01791   0.99235   0.42554   3.24531  
 77  4.5435  24140.145216  x:  0.31856   0.12027   0.12842   0.22370   0.11205   0.13144   0.08227   0.09073   0.01174   0.00619   0.46589   0.00000   0.03013   0.23727   0.48279   0.05471   0.01832   0.30807   0.05024   0.43194   0.43085   0.02151   0.53176   0.17635   0.64276   0.51569   0.22376   0.42797   0.08591   0.10558   0.12111   0.13033   0.32179   0.05006   0.33766   0.06329   0.37752   0.23722   0.68311   0.65434   0.86763   0.32655   2.01788   0.99235   0.42550   3.24537  
 78  1.0805  24140.138174  x:  0.31854   0.11990   0.12812   0.22369   0.11211   0.13189   0.08213   0.09066   0.01175   0.00618   0.46770   0.00000   0.03007   0.23749   0.48281   0.05471   0.01834   0.30769   0.05026   0.43226   0.43075   0.02156   0.52970   0.17637   0.64275   0.51531   0.22379   0.42917   0.08729   0.10423   0.12061   0.13079   0.32177   0.05008   0.33794   0.06302   0.37852   0.23783   0.68318   0.65427   0.86757   0.32653   2.01762   0.99233   0.42549   3.24406  
 79  0.3703  24139.741047  x:  0.31886   0.12035   0.12642   0.22529   0.11066   0.13159   0.08346   0.08996   0.01086   0.00588   0.46504   0.00000   0.03026   0.23762   0.48707   0.05485   0.01802   0.30674   0.04901   0.44128   0.43123   0.02103   0.52602   0.17785   0.64901   0.51801   0.22463   0.42749   0.08923   0.10467   0.12321   0.12915   0.32725   0.04900   0.35172   0.06272   0.36973   0.23763   0.68854   0.65808   0.85892   0.32679   2.00514   0.99135   0.41604   3.16031  
 80  1.3115  24139.642381  x:  0.31911   0.12088   0.12613   0.22576   0.11044   0.13169   0.08383   0.08986   0.01067   0.00576   0.46946   0.00000   0.03040   0.23777   0.48747   0.05483   0.01795   0.30667   0.04964   0.43662   0.43120   0.02064   0.53525   0.17851   0.64813   0.51927   0.22490   0.42820   0.08918   0.10621   0.12319   0.12933   0.32876   0.04879   0.35543   0.06220   0.37835   0.23768   0.68911   0.65800   0.85636   0.32703   2.00202   0.99112   0.41452   3.13948  
 81 16.7445  24139.641992  x:  0.31927   0.12083   0.12613   0.22575   0.11045   0.13171   0.08378   0.08985   0.01067   0.00576   0.46913   0.00000   0.03036   0.23781   0.48777   0.05483   0.01795   0.30666   0.04976   0.43652   0.43059   0.02064   0.53528   0.17851   0.64813   0.51919   0.22491   0.42867   0.08915   0.10627   0.12319   0.12932   0.32876   0.04879   0.35544   0.06219   0.37843   0.23768   0.68913   0.65801   0.85636   0.32719   2.00202   0.99112   0.41452   3.13945  
 82  0.6228  24139.639870  x:  0.31915   0.12090   0.12613   0.22575   0.11044   0.13170   0.08381   0.08989   0.01065   0.00576   0.46930   0.00000   0.03023   0.23793   0.48908   0.05482   0.01795   0.30664   0.04993   0.43491   0.43054   0.02068   0.53444   0.17848   0.64838   0.51921   0.22489   0.42815   0.08889   0.10664   0.12306   0.12928   0.32871   0.04880   0.35549   0.06220   0.37827   0.23766   0.68927   0.65804   0.85653   0.32707   2.00207   0.99110   0.41451   3.14004  
 83  0.1023  24139.497154  x:  0.32004   0.11918   0.12653   0.22564   0.11083   0.13193   0.08232   0.09199   0.00992   0.00527   0.46730   0.00000   0.03037   0.23753   0.48344   0.05494   0.01777   0.30717   0.04923   0.43329   0.42997   0.02122   0.53349   0.17782   0.64700   0.51655   0.22491   0.42694   0.08750   0.10582   0.12074   0.12858   0.32628   0.04897   0.35926   0.06185   0.37887   0.23685   0.68507   0.65246   0.86816   0.32789   2.00460   0.98983   0.41776   3.18297  
 84  0.4697  24139.426402  x:  0.31855   0.12210   0.12674   0.22554   0.11108   0.13181   0.08223   0.09085   0.00978   0.00567   0.46927   0.00000   0.03029   0.23772   0.48690   0.05522   0.01775   0.30880   0.04957   0.43645   0.42967   0.02095   0.53456   0.17851   0.64743   0.51734   0.22495   0.42813   0.08719   0.10609   0.12115   0.12702   0.32420   0.04975   0.35750   0.06187   0.37864   0.23797   0.68653   0.65232   0.85962   0.32638   2.00759   0.98874   0.41886   3.21309  
 85  0.0130  24139.398785  x:  0.31982   0.12087   0.12692   0.22587   0.11134   0.13217   0.08280   0.09081   0.01006   0.00539   0.46940   0.00000   0.03062   0.23808   0.48669   0.05503   0.01803   0.30774   0.04970   0.43639   0.43096   0.02115   0.53509   0.17819   0.64836   0.51820   0.22555   0.42857   0.08755   0.10653   0.12201   0.12792   0.32455   0.04988   0.35500   0.06252   0.37945   0.23795   0.68788   0.65599   0.86495   0.32763   2.00515   0.98816   0.41924   3.21723  
 86  0.0050  24139.395909  x:  0.31987   0.12083   0.12693   0.22562   0.11135   0.13217   0.08290   0.09119   0.01011   0.00556   0.46925   0.00000   0.03050   0.23810   0.48641   0.05510   0.01803   0.30800   0.04976   0.43601   0.43080   0.02114   0.53524   0.17831   0.64858   0.51824   0.22534   0.42847   0.08818   0.10614   0.12194   0.12834   0.32519   0.04972   0.35464   0.06249   0.37925   0.23790   0.68809   0.65482   0.86433   0.32768   2.00603   0.98804   0.41880   3.21403  
 87  0.0030  24139.395709  x:  0.31990   0.12080   0.12695   0.22560   0.11133   0.13216   0.08287   0.09110   0.01017   0.00553   0.46930   0.00000   0.03051   0.23806   0.48654   0.05510   0.01802   0.30805   0.04968   0.43611   0.43080   0.02111   0.53520   0.17842   0.64841   0.51810   0.22538   0.42842   0.08808   0.10621   0.12194   0.12843   0.32549   0.04964   0.35465   0.06241   0.37924   0.23794   0.68787   0.65492   0.86424   0.32771   2.00593   0.98802   0.41886   3.21482  
 88  0.0007  24139.395698  x:  0.31987   0.12084   0.12694   0.22562   0.11133   0.13217   0.08284   0.09110   0.01018   0.00553   0.46928   0.00000   0.03052   0.23806   0.48650   0.05510   0.01801   0.30805   0.04969   0.43610   0.43079   0.02112   0.53518   0.17840   0.64846   0.51813   0.22536   0.42844   0.08805   0.10622   0.12192   0.12843   0.32552   0.04964   0.35464   0.06241   0.37927   0.23793   0.68789   0.65490   0.86427   0.32768   2.00591   0.98802   0.41890   3.21503  
 89  0.0002  24139.395697  x:  0.31987   0.12083   0.12695   0.22562   0.11133   0.13217   0.08284   0.09110   0.01019   0.00553   0.46929   0.00000   0.03052   0.23806   0.48650   0.05510   0.01801   0.30804   0.04969   0.43610   0.43079   0.02112   0.53519   0.17841   0.64845   0.51813   0.22536   0.42844   0.08805   0.10621   0.12192   0.12842   0.32551   0.04964   0.35464   0.06241   0.37926   0.23793   0.68790   0.65491   0.86426   0.32768   2.00592   0.98802   0.41889   3.21498  
 90  0.0000  24139.395697  x:  0.31987   0.12083   0.12695   0.22561   0.11133   0.13217   0.08284   0.09110   0.01019   0.00553   0.46929   0.00000   0.03052   0.23806   0.48651   0.05510   0.01801   0.30804   0.04969   0.43610   0.43079   0.02112   0.53519   0.17840   0.64845   0.51813   0.22536   0.42844   0.08805   0.10621   0.12192   0.12842   0.32551   0.04964   0.35464   0.06241   0.37926   0.23793   0.68790   0.65490   0.86426   0.32768   2.00592   0.98802   0.41889   3.21496  
 91  0.0000  24139.395697  x:  0.31987   0.12083   0.12694   0.22561   0.11133   0.13217   0.08284   0.09110   0.01019   0.00553   0.46929   0.00000   0.03052   0.23806   0.48650   0.05510   0.01801   0.30804   0.04969   0.43610   0.43079   0.02112   0.53519   0.17840   0.64845   0.51813   0.22536   0.42844   0.08805   0.10622   0.12192   0.12842   0.32551   0.04964   0.35464   0.06241   0.37926   0.23793   0.68790   0.65490   0.86426   0.32768   2.00592   0.98802   0.41889   3.21497  
 92  0.0000  24139.395697  x:  0.31987   0.12083   0.12694   0.22561   0.11133   0.13217   0.08284   0.09110   0.01019   0.00553   0.46929   0.00000   0.03052   0.23806   0.48650   0.05510   0.01801   0.30804   0.04969   0.43610   0.43079   0.02112   0.53519   0.17840   0.64845   0.51813   0.22536   0.42844   0.08805   0.10622   0.12192   0.12842   0.32551   0.04964   0.35464   0.06241   0.37926   0.23793   0.68790   0.65490   0.86426   0.32768   2.00592   0.98802   0.41889   3.21497  