

TREE # 1

  0  0.0000   7152.312839  x:  0.09200   0.01455   0.09583   0.03936   0.01827   0.03320   0.07723   0.06156   0.08841   0.03376   0.07486   0.07822   0.08413   0.01986   0.01811   0.02239   0.05217   0.02782   0.02981   0.02219   0.03255   0.07445   0.06427   0.07810   0.01997   0.06656   0.05263   0.01675   0.07553   0.09545   0.06015   0.08203   0.08086   0.01496   0.03528   0.09959   0.10198   0.07641   0.10509   0.02566   0.10498   0.06893   0.04679   0.06599   0.04075   0.08857   0.03994   0.02600   0.09097   0.03474   0.07923   0.02802   0.04247   0.10720   0.10228   2.00000   0.90000   1.16556   1.22245  
  1 99.0000   6890.229097  x:  0.07158   0.02523   0.09034   0.05612   0.02193   0.04265   0.07163   0.05067   0.10660   0.03881   0.06698   0.11101   0.06795   0.10430   0.07468   0.04835   0.09567   0.09093   0.06733   0.15792   0.02335   0.07475   0.06018   0.07811   0.07139   0.09577   0.09174   0.00352   0.08481   0.07408   0.04010   0.06380   0.08147   0.10242   0.07889   0.09618   0.11133   0.06719   0.10111   0.00000   0.08251   0.05335   0.03650   0.04968   0.02324   0.08420   0.02062   0.04920   0.08590   0.04146   0.06107   0.02021   0.02900   0.09013   0.08863   2.00617   0.91172   1.15178   1.23101  
  2 2907.5064   6839.186326  x:  0.05665   0.02452   0.08708   0.06141   0.01892   0.04269   0.06884   0.04230   0.11790   0.04055   0.06195   0.12550   0.05531   0.09886   0.06874   0.04950   0.10709   0.09056   0.06702   0.15519   0.01430   0.07474   0.05693   0.07593   0.07120   0.10583   0.10173   0.00000   0.09078   0.05548   0.02156   0.04976   0.08392   0.09827   0.08226   0.09354   0.11700   0.06185   0.09904   0.00000   0.06556   0.04421   0.03265   0.03997   0.01518   0.08246   0.00930   0.04995   0.08319   0.04407   0.04891   0.01914   0.02363   0.07849   0.07991   2.01095   0.91885   1.13984   1.23758  
  3 992.9263   6797.868125  x:  0.04060   0.02471   0.08370   0.06438   0.01763   0.04214   0.06676   0.03225   0.12808   0.04051   0.05668   0.13641   0.04074   0.09482   0.06487   0.04982   0.11542   0.09034   0.06697   0.15451   0.00815   0.07475   0.05425   0.07383   0.07144   0.11255   0.10868   0.02114   0.09510   0.03365   0.00000   0.03474   0.08585   0.09635   0.08488   0.09066   0.12103   0.05730   0.09687   0.00000   0.04629   0.03723   0.03115   0.03255   0.01547   0.08117   0.00992   0.04988   0.08082   0.04483   0.03731   0.01929   0.02275   0.06656   0.07129   2.01658   0.92780   1.12613   1.24523  
  4 3267.0032   6765.155910  x:  0.02379   0.02576   0.07984   0.06014   0.01656   0.04176   0.06717   0.01882   0.13681   0.03699   0.05016   0.14081   0.02271   0.09207   0.06436   0.04899   0.11790   0.08913   0.06686   0.15547   0.01390   0.07487   0.05299   0.07198   0.07140   0.11272   0.10820   0.01630   0.09366   0.00000   0.00000   0.02031   0.08688   0.09837   0.08524   0.08743   0.12191   0.05503   0.09465   0.00000   0.02243   0.03633   0.03369   0.03238   0.02430   0.08010   0.02148   0.04835   0.07894   0.04313   0.02987   0.02055   0.02904   0.05506   0.06365   2.02442   0.94102   1.10747   1.25570  
  5 1412.7133   6752.224719  x:  0.01796   0.02434   0.07630   0.05373   0.02203   0.04181   0.07367   0.00238   0.14427   0.02812   0.04303   0.13946   0.00592   0.09092   0.06703   0.04762   0.11337   0.08720   0.06531   0.15705   0.00846   0.07278   0.05239   0.07007   0.07097   0.10649   0.10168   0.01861   0.08952   0.00000   0.00000   0.02569   0.08670   0.10301   0.08303   0.08397   0.11901   0.05612   0.09306   0.00000   0.00507   0.03954   0.03259   0.03602   0.01811   0.07740   0.01278   0.04799   0.07636   0.04368   0.03454   0.01797   0.02847   0.04834   0.05933   2.03679   0.96172   1.07818   1.27179  
  6 559.1367   6746.507052  x:  0.01464   0.02396   0.07437   0.05136   0.02279   0.04160   0.07711   0.00282   0.14904   0.02380   0.03892   0.14001   0.00000   0.09012   0.06782   0.04733   0.11204   0.08625   0.06472   0.15782   0.00747   0.07197   0.05187   0.06903   0.07074   0.10426   0.09921   0.01931   0.08792   0.00000   0.00000   0.02539   0.08662   0.10497   0.08221   0.08211   0.11794   0.05614   0.09212   0.00000   0.00927   0.04011   0.03201   0.03668   0.01682   0.07619   0.01071   0.04771   0.07503   0.04392   0.03501   0.01754   0.02869   0.04459   0.05670   2.04387   0.97311   1.06126   1.28094  
  7 794.8140   6734.497919  x:  0.01102   0.02343   0.07025   0.04759   0.02289   0.04094   0.08630   0.00729   0.16058   0.01397   0.02970   0.14261   0.00661   0.08844   0.06929   0.04734   0.10943   0.08413   0.06354   0.15934   0.00662   0.07026   0.05063   0.06674   0.07011   0.10007   0.09436   0.02089   0.08490   0.00000   0.00000   0.02416   0.08627   0.10883   0.08050   0.07802   0.11567   0.05600   0.09005   0.00000   0.00903   0.04034   0.03026   0.03710   0.01465   0.07369   0.00789   0.04720   0.07209   0.04443   0.03538   0.01704   0.02869   0.03744   0.05131   2.06143   0.99999   1.01907   1.30337  
  8 1774.5936   6718.324570  x:  0.02696   0.02377   0.06612   0.05008   0.01875   0.03787   0.10219   0.00000   0.18014   0.01250   0.01278   0.14740   0.01020   0.08623   0.06837   0.05037   0.10783   0.08179   0.06244   0.16096   0.00874   0.06838   0.04887   0.06416   0.06912   0.09770   0.09134   0.02227   0.08359   0.00000   0.00000   0.02416   0.08502   0.11224   0.07902   0.07331   0.11315   0.05530   0.08770   0.00000   0.01264   0.03697   0.02649   0.03388   0.01443   0.07129   0.01297   0.04756   0.06868   0.04540   0.03473   0.01702   0.02577   0.03699   0.04806   2.09521   0.99999   0.93614   1.34483  
  9 1374.2549   6707.799044  x:  0.04052   0.02403   0.06327   0.05238   0.01596   0.03543   0.11421   0.00135   0.19485   0.01303   0.00000   0.15064   0.00948   0.08464   0.06751   0.05279   0.10660   0.08011   0.06163   0.16214   0.01011   0.06697   0.04763   0.06235   0.06840   0.09604   0.08926   0.02334   0.08275   0.00000   0.00000   0.02511   0.08402   0.11471   0.07794   0.06996   0.11124   0.05486   0.08603   0.00000   0.01172   0.03447   0.02375   0.03150   0.01420   0.06958   0.01703   0.04794   0.06625   0.04609   0.03462   0.01682   0.02330   0.03769   0.04622   2.12126   0.99999   0.87200   1.37667  
 10 17214.8844   6673.218149  x:  0.09107   0.02469   0.05372   0.06290   0.00749   0.02477   0.17207   0.00453   0.26413   0.01878   0.02802   0.16450   0.00568   0.07825   0.06303   0.06387   0.10246   0.07385   0.05877   0.16712   0.01497   0.06173   0.04342   0.05582   0.06583   0.09116   0.08320   0.02761   0.08071   0.00000   0.00000   0.02708   0.07960   0.12447   0.07441   0.05749   0.10359   0.05203   0.07887   0.00000   0.00930   0.02459   0.01996   0.02162   0.01732   0.06340   0.02965   0.04882   0.05772   0.04703   0.03233   0.01817   0.01576   0.04477   0.04231   2.24904   0.99999   0.55477   1.53144  
 11 3712.5425   6662.311341  x:  0.09829   0.02334   0.06101   0.06573   0.02628   0.02819   0.17936   0.00435   0.27726   0.02137   0.02512   0.16370   0.00876   0.08007   0.05947   0.06379   0.10529   0.07593   0.05971   0.16569   0.01166   0.06327   0.04592   0.05902   0.06655   0.09675   0.09139   0.02833   0.08445   0.00000   0.00000   0.02340   0.07929   0.12100   0.07709   0.06362   0.10516   0.04989   0.07950   0.00000   0.01078   0.03022   0.03431   0.02639   0.02017   0.06591   0.02520   0.04757   0.06230   0.04281   0.02910   0.01838   0.02553   0.05125   0.05094   2.28988   0.99999   0.45220   1.57556  
 12 1249.0203   6639.278498  x:  0.10332   0.02113   0.07536   0.06648   0.03960   0.03186   0.18308   0.00387   0.29025   0.02363   0.01974   0.15604   0.01316   0.08638   0.05467   0.06059   0.10962   0.08160   0.06204   0.16311   0.00738   0.06710   0.05055   0.06576   0.06830   0.10605   0.10420   0.03038   0.08995   0.00000   0.00000   0.01831   0.07863   0.11292   0.08175   0.07681   0.10828   0.04684   0.08186   0.00000   0.01221   0.03938   0.04934   0.03358   0.02525   0.07142   0.01641   0.04466   0.07177   0.03464   0.02525   0.01845   0.03501   0.06185   0.06594   2.35501   0.91693   0.29383   1.64042  
 13 2040.5614   6635.378753  x:  0.09268   0.02362   0.07929   0.06247   0.03868   0.02986   0.16372   0.00354   0.27428   0.02449   0.01821   0.14434   0.01530   0.09230   0.05636   0.05375   0.11210   0.08533   0.06364   0.16224   0.01560   0.06809   0.05012   0.06686   0.06803   0.10942   0.10731   0.03116   0.08979   0.00000   0.00000   0.02514   0.07826   0.10412   0.08235   0.08146   0.11034   0.04770   0.08430   0.00000   0.01241   0.03273   0.04537   0.02536   0.02207   0.07300   0.01927   0.04594   0.07321   0.04426   0.02888   0.01820   0.02860   0.06294   0.06753   2.37887   0.91715   0.25405   1.65698  
 14 222.9760   6632.136249  x:  0.08890   0.01837   0.07676   0.06292   0.03734   0.02982   0.13793   0.00335   0.24829   0.03083   0.01825   0.13400   0.01844   0.09670   0.05755   0.05188   0.11103   0.08720   0.06140   0.16520   0.00515   0.06351   0.04601   0.06342   0.06720   0.10875   0.10592   0.02966   0.08692   0.00000   0.00000   0.01924   0.07512   0.09909   0.08056   0.07946   0.10838   0.04645   0.08301   0.00000   0.01310   0.02928   0.03890   0.02729   0.01880   0.07039   0.02365   0.04491   0.06944   0.03516   0.02504   0.01550   0.02420   0.06606   0.06595   2.40961   0.91829   0.22675   1.67651  
 15 214.0973   6629.504662  x:  0.09052   0.02339   0.06921   0.06791   0.04082   0.03243   0.11007   0.00327   0.21741   0.03807   0.01912   0.13371   0.02027   0.09475   0.05433   0.05452   0.11045   0.08502   0.05866   0.17069   0.01160   0.06011   0.04320   0.05851   0.06575   0.10693   0.10446   0.03090   0.08529   0.00000   0.00000   0.01717   0.07203   0.09846   0.07862   0.07182   0.10452   0.04331   0.07822   0.00000   0.01323   0.03136   0.03763   0.02652   0.01577   0.06492   0.01705   0.04253   0.06327   0.03462   0.02165   0.02230   0.02758   0.06623   0.06066   2.44615   0.91563   0.21819   1.69920  
 16 231.8915   6627.679900  x:  0.09204   0.02224   0.06509   0.07014   0.04281   0.03289   0.09329   0.00330   0.19568   0.04138   0.01991   0.13889   0.02171   0.09002   0.05250   0.05582   0.11121   0.08252   0.05761   0.17387   0.00910   0.06077   0.04412   0.05775   0.06578   0.10617   0.10427   0.03027   0.08571   0.00000   0.00000   0.02001   0.07237   0.10005   0.07888   0.06788   0.10296   0.04167   0.07503   0.00000   0.01384   0.03085   0.04034   0.02432   0.02256   0.06418   0.01589   0.04298   0.06269   0.04016   0.02395   0.01416   0.02923   0.06263   0.05674   2.47730   0.91325   0.21954   1.71916  
 17 263.4008   6625.772907  x:  0.09429   0.01971   0.06684   0.06854   0.04265   0.03222   0.08275   0.00334   0.17226   0.04199   0.02039   0.14595   0.02188   0.08331   0.05477   0.05448   0.11296   0.08040   0.05934   0.17487   0.00454   0.06501   0.04747   0.06145   0.06684   0.10614   0.10484   0.02976   0.08754   0.00000   0.00000   0.01997   0.07530   0.10237   0.08097   0.06999   0.10410   0.04406   0.07555   0.00000   0.01395   0.02890   0.04263   0.02482   0.02285   0.06717   0.01786   0.04682   0.06665   0.03996   0.02701   0.02304   0.02551   0.05606   0.05628   2.52308   0.91216   0.22580   1.74938  
 18 229.4631   6623.678411  x:  0.09601   0.02048   0.07181   0.06562   0.04104   0.03341   0.07839   0.00341   0.15000   0.04202   0.02107   0.15022   0.02123   0.07884   0.05858   0.05201   0.11517   0.07992   0.06234   0.17354   0.01055   0.06791   0.04863   0.06479   0.06720   0.10740   0.10646   0.03137   0.08939   0.00000   0.00000   0.01724   0.07735   0.10271   0.08277   0.07495   0.10700   0.04647   0.07885   0.00000   0.01384   0.02923   0.04147   0.02629   0.01663   0.06995   0.01762   0.04730   0.07009   0.03412   0.02321   0.01645   0.02251   0.05158   0.05905   2.57885   0.91200   0.23556   1.78587  
 19 385.3209   6621.094319  x:  0.09176   0.02431   0.07787   0.06294   0.03491   0.03750   0.08067   0.00324   0.13231   0.04363   0.02041   0.14659   0.02065   0.08387   0.06163   0.04898   0.11851   0.08457   0.06376   0.16953   0.00531   0.06440   0.04368   0.06369   0.06672   0.11215   0.11103   0.03149   0.09009   0.00000   0.00000   0.01863   0.07577   0.09858   0.08333   0.08062   0.11172   0.04415   0.08344   0.00000   0.01340   0.03196   0.03536   0.02404   0.01668   0.07088   0.01754   0.03991   0.07025   0.03883   0.02001   0.01739   0.03063   0.05462   0.06420   2.65560   0.91216   0.25346   1.83348  
 20 303.7375   6619.199534  x:  0.08253   0.01746   0.07882   0.06588   0.03190   0.03829   0.08120   0.00287   0.12912   0.04801   0.01882   0.13864   0.02089   0.09228   0.05874   0.04791   0.12101   0.08934   0.06253   0.16654   0.00963   0.06184   0.04320   0.06150   0.06690   0.11709   0.11592   0.03288   0.09043   0.00000   0.00000   0.01747   0.07374   0.09276   0.08284   0.08162   0.11357   0.04094   0.08327   0.00000   0.01323   0.03064   0.03635   0.02793   0.01886   0.06972   0.01462   0.04267   0.06859   0.03818   0.02835   0.01831   0.02854   0.06156   0.06584   2.71934   0.91208   0.27059   1.86920  
 21 316.3431   6617.970879  x:  0.07400   0.02449   0.07734   0.06830   0.03249   0.03633   0.07862   0.00258   0.13323   0.05213   0.01763   0.13077   0.02182   0.09784   0.05528   0.04775   0.12040   0.09146   0.06000   0.16505   0.00769   0.06305   0.04709   0.06186   0.06783   0.11844   0.11731   0.03261   0.09014   0.00000   0.00000   0.02076   0.07403   0.08953   0.08233   0.08063   0.11244   0.04467   0.08188   0.00000   0.01361   0.03077   0.04011   0.02797   0.01904   0.06914   0.01572   0.04739   0.06836   0.03600   0.02612   0.01785   0.02357   0.06748   0.06570   2.76323   0.91142   0.28338   1.88954  
 22 274.4890   6617.330558  x:  0.07057   0.01971   0.07621   0.06863   0.03458   0.03504   0.07479   0.00245   0.13908   0.05550   0.01732   0.12693   0.02212   0.09904   0.05563   0.04854   0.11786   0.09107   0.05943   0.16527   0.00815   0.06643   0.04919   0.06451   0.06841   0.11658   0.11540   0.03275   0.09018   0.00000   0.00000   0.02008   0.07596   0.09012   0.08269   0.08054   0.11006   0.04654   0.08117   0.00000   0.01366   0.03173   0.03873   0.02446   0.01620   0.07011   0.01617   0.04576   0.07012   0.03870   0.02265   0.01808   0.02407   0.07123   0.06632   2.78740   0.91092   0.28878   1.89456  
 23 116.6862   6616.498617  x:  0.06644   0.02345   0.07627   0.06739   0.03595   0.03607   0.06838   0.00226   0.14890   0.06078   0.01692   0.12694   0.02210   0.09735   0.05781   0.05028   0.11538   0.08955   0.06083   0.16571   0.00785   0.06935   0.04721   0.06731   0.06796   0.11405   0.11241   0.03344   0.09150   0.00000   0.00000   0.01805   0.07802   0.09165   0.08415   0.08182   0.10842   0.04635   0.08250   0.00000   0.01390   0.02980   0.03322   0.02768   0.01634   0.07270   0.01458   0.04138   0.07335   0.03873   0.02742   0.01738   0.02468   0.07382   0.06700   2.82356   0.91122   0.29012   1.89311  
 24 103.7997   6614.756966  x:  0.05797   0.02079   0.07815   0.06266   0.03505   0.04084   0.06393   0.00194   0.16215   0.06770   0.01598   0.13205   0.02051   0.09220   0.06212   0.05156   0.11393   0.08763   0.06477   0.16712   0.00884   0.06590   0.03983   0.06565   0.06569   0.11050   0.10752   0.03474   0.09176   0.00000   0.00000   0.02878   0.07584   0.09405   0.08488   0.08395   0.10952   0.04129   0.08576   0.00000   0.01447   0.03252   0.03362   0.02939   0.01533   0.07409   0.01577   0.04588   0.07396   0.03509   0.02515   0.01811   0.02535   0.07257   0.06696   2.90471   0.91114   0.28887   1.87606  
 25 155.4205   6609.551010  x:  0.04756   0.02205   0.08303   0.05350   0.03462   0.04287   0.07689   0.00147   0.17607   0.07314   0.01395   0.13625   0.01126   0.08538   0.06876   0.04877   0.11125   0.08674   0.06845   0.17233   0.00639   0.05394   0.04622   0.05797   0.06564   0.10332   0.09812   0.03840   0.08501   0.00000   0.00000   0.01831   0.06700   0.09850   0.07981   0.08554   0.11336   0.04888   0.08971   0.00000   0.01385   0.03602   0.04286   0.02584   0.01320   0.06854   0.01154   0.04994   0.06615   0.04395   0.02881   0.01617   0.02219   0.06502   0.06761   3.13677   0.91080   0.27898   1.81229  
 26 364.4357   6604.126751  x:  0.03966   0.01961   0.08062   0.05589   0.03680   0.03642   0.09701   0.00138   0.18064   0.05963   0.01265   0.13585   0.00000   0.08728   0.06628   0.04688   0.11186   0.08712   0.06501   0.17608   0.00728   0.05912   0.05359   0.05802   0.06907   0.10388   0.09993   0.04048   0.08213   0.00000   0.00000   0.02529   0.07285   0.10087   0.07656   0.08106   0.11372   0.05068   0.08585   0.00000   0.01271   0.03153   0.03665   0.02846   0.01882   0.06395   0.00632   0.04252   0.06240   0.03693   0.02611   0.01733   0.02636   0.05431   0.06416   3.35417   0.91217   0.26394   1.75020  
 27 723.4430   6604.126751  x:  0.03966   0.01961   0.08062   0.05589   0.03680   0.03642   0.09701   0.00138   0.18064   0.05963   0.01265   0.13585   0.00000   0.08728   0.06628   0.04688   0.11186   0.08712   0.06501   0.17608   0.00728   0.05912   0.05359   0.05802   0.06907   0.10388   0.09993   0.04048   0.08213   0.00000   0.00000   0.02529   0.07285   0.10087   0.07656   0.08106   0.11372   0.05068   0.08585   0.00000   0.01271   0.03153   0.03665   0.02846   0.01882   0.06395   0.00632   0.04252   0.06240   0.03693   0.02611   0.01733   0.02636   0.05431   0.06416   3.35417   0.91217   0.26394   1.75020  
 28 650.0575   6580.795518  x:  0.01391   0.02030   0.07256   0.05633   0.01551   0.03418   0.09244   0.03091   0.18710   0.04722   0.01749   0.15024   0.01047   0.08125   0.05859   0.04763   0.12155   0.08417   0.06175   0.16917   0.00000   0.06148   0.04621   0.05724   0.06677   0.11261   0.10681   0.00893   0.08699   0.00000   0.00000   0.00612   0.07695   0.09552   0.07978   0.07565   0.11678   0.04332   0.08164   0.00000   0.00086   0.02264   0.02373   0.01762   0.00616   0.06417   0.00501   0.04426   0.06204   0.04158   0.01560   0.01423   0.01469   0.03750   0.04994   3.35424   0.88975   0.26928   1.74945  
 29 718.1457   6580.795518  x:  0.01391   0.02030   0.07256   0.05633   0.01551   0.03418   0.09244   0.03091   0.18710   0.04722   0.01749   0.15024   0.01047   0.08125   0.05859   0.04763   0.12155   0.08417   0.06175   0.16917   0.00000   0.06148   0.04621   0.05724   0.06677   0.11261   0.10681   0.00893   0.08699   0.00000   0.00000   0.00612   0.07695   0.09552   0.07978   0.07565   0.11678   0.04332   0.08164   0.00000   0.00086   0.02264   0.02373   0.01762   0.00616   0.06417   0.00501   0.04426   0.06204   0.04158   0.01560   0.01423   0.01469   0.03750   0.04994   3.35424   0.88975   0.26928   1.74945  
 30 4784.6835   6575.073508  x:  0.01366   0.02036   0.07236   0.05644   0.01526   0.03417   0.09226   0.03029   0.18727   0.04683   0.01743   0.15055   0.00996   0.08110   0.05842   0.04759   0.12181   0.08408   0.06174   0.16899   0.00173   0.06156   0.04612   0.05725   0.06672   0.11281   0.10700   0.00829   0.08709   0.00000   0.00000   0.00772   0.07704   0.09538   0.07987   0.07551   0.11686   0.04327   0.08157   0.00000   0.01344   0.02279   0.02379   0.01795   0.00725   0.06421   0.00551   0.04422   0.06207   0.04162   0.01591   0.01442   0.01517   0.03729   0.04969   3.35424   0.88948   0.26922   1.74946  
 31 3110.9975   6570.038358  x:  0.01135   0.02119   0.07023   0.05771   0.01269   0.03415   0.09034   0.02315   0.18931   0.04235   0.01691   0.15414   0.00435   0.07943   0.05655   0.04719   0.12466   0.08323   0.06132   0.16682   0.00889   0.06232   0.04504   0.05736   0.06629   0.11508   0.10917   0.00148   0.08828   0.00000   0.00000   0.01903   0.07803   0.09391   0.08087   0.07396   0.11781   0.04282   0.08082   0.00000   0.01186   0.02432   0.02450   0.02143   0.01517   0.06462   0.00903   0.04391   0.06245   0.04188   0.01913   0.01633   0.01975   0.03488   0.04703   3.35431   0.88628   0.26868   1.74956  
 32 508.7009   6566.523740  x:  0.01017   0.02184   0.06800   0.05959   0.01208   0.03452   0.08854   0.01478   0.19180   0.03700   0.01727   0.15843   0.00000   0.07771   0.05481   0.04670   0.12778   0.08243   0.06053   0.16421   0.00800   0.06287   0.04388   0.05744   0.06594   0.11766   0.11179   0.00326   0.08953   0.00000   0.00000   0.01870   0.07902   0.09232   0.08193   0.07241   0.11890   0.04252   0.08016   0.00000   0.01195   0.02517   0.02486   0.02296   0.01503   0.06485   0.00694   0.04393   0.06256   0.04218   0.02041   0.01674   0.02166   0.03272   0.04443   3.35439   0.88260   0.26801   1.74969  
 33 383.7730   6564.331780  x:  0.01060   0.02212   0.06625   0.06073   0.01206   0.03488   0.08749   0.00776   0.19425   0.03216   0.01798   0.16241   0.00072   0.07648   0.05376   0.04631   0.13041   0.08179   0.05994   0.16189   0.00687   0.06331   0.04313   0.05755   0.06571   0.11982   0.11387   0.00000   0.09051   0.00000   0.00000   0.01703   0.07979   0.09105   0.08280   0.07122   0.11981   0.04236   0.07970   0.00000   0.01214   0.02532   0.02480   0.02312   0.01416   0.06507   0.00718   0.04408   0.06264   0.04238   0.02043   0.01645   0.02193   0.03166   0.04287   3.35448   0.87964   0.26716   1.74985  
 34 716.0420   6563.310912  x:  0.01138   0.02201   0.06491   0.06180   0.01246   0.03517   0.08675   0.00316   0.19695   0.02755   0.01890   0.16633   0.00392   0.07563   0.05328   0.04605   0.13286   0.08134   0.05959   0.15969   0.00724   0.06375   0.04281   0.05769   0.06557   0.12179   0.11577   0.00211   0.09130   0.00000   0.00000   0.01729   0.08038   0.09002   0.08358   0.07029   0.12065   0.04239   0.07944   0.00000   0.01205   0.02500   0.02450   0.02249   0.01469   0.06533   0.01023   0.04421   0.06276   0.04247   0.01982   0.01606   0.02133   0.03176   0.04238   3.35460   0.87726   0.26588   1.75008  
 35 460.3324   6561.929646  x:  0.01196   0.02144   0.06200   0.06408   0.01286   0.03540   0.08449   0.00978   0.20548   0.01621   0.02004   0.17699   0.00526   0.07386   0.05250   0.04540   0.13969   0.08040   0.05897   0.15345   0.00835   0.06490   0.04264   0.05818   0.06543   0.12702   0.12069   0.00257   0.09322   0.00000   0.00000   0.01759   0.08179   0.08761   0.08561   0.06829   0.12298   0.04262   0.07896   0.00000   0.01196   0.02399   0.02409   0.02056   0.01461   0.06590   0.01125   0.04444   0.06306   0.04262   0.01823   0.01576   0.01907   0.03344   0.04268   3.35499   0.87084   0.26152   1.75087  
 36 226.0080   6561.086363  x:  0.01251   0.02091   0.06417   0.06309   0.01251   0.03380   0.08476   0.00848   0.21945   0.01915   0.01746   0.18767   0.00425   0.07629   0.05581   0.04605   0.14575   0.08144   0.06018   0.14742   0.00852   0.06523   0.04568   0.05884   0.06652   0.13068   0.12333   0.00248   0.09338   0.00000   0.00000   0.01793   0.08166   0.08819   0.08669   0.06984   0.12499   0.04397   0.08037   0.00000   0.01196   0.02399   0.02529   0.02099   0.01444   0.06613   0.00987   0.04447   0.06360   0.04231   0.01926   0.01754   0.01847   0.03928   0.04994   3.35580   0.86615   0.25246   1.75261  
 37 96.3392   6560.769724  x:  0.01107   0.02166   0.06598   0.06202   0.01332   0.03419   0.08674   0.00899   0.22823   0.02159   0.01740   0.19145   0.00346   0.07751   0.05684   0.04640   0.14742   0.08226   0.06090   0.14589   0.00795   0.06488   0.04597   0.05881   0.06693   0.13119   0.12323   0.00252   0.09299   0.00000   0.00000   0.01747   0.08135   0.08946   0.08656   0.07119   0.12552   0.04390   0.08116   0.00000   0.01199   0.02464   0.02429   0.02098   0.01501   0.06623   0.01125   0.04458   0.06387   0.04246   0.01783   0.01467   0.01972   0.03688   0.04927   3.35645   0.86260   0.24751   1.75376  
 38 87.2803   6560.543529  x:  0.01261   0.02174   0.06736   0.06114   0.01294   0.03472   0.08929   0.00953   0.23693   0.02254   0.01775   0.19325   0.00411   0.07825   0.05702   0.04654   0.14768   0.08295   0.06144   0.14595   0.00821   0.06451   0.04551   0.05866   0.06709   0.13061   0.12214   0.00287   0.09248   0.00000   0.00000   0.01768   0.08106   0.09088   0.08603   0.07232   0.12554   0.04361   0.08178   0.00000   0.01198   0.02438   0.02398   0.02103   0.01459   0.06628   0.01099   0.04479   0.06389   0.04285   0.01921   0.01662   0.01940   0.03389   0.04686   3.35722   0.85891   0.24308   1.75499  
 39 97.4450   6560.379288  x:  0.01140   0.02068   0.06768   0.06095   0.01253   0.03458   0.09145   0.00894   0.24560   0.02105   0.01670   0.19224   0.00417   0.07819   0.05614   0.04642   0.14617   0.08322   0.06151   0.14804   0.00888   0.06446   0.04488   0.05861   0.06700   0.12891   0.12027   0.00292   0.09215   0.00000   0.00000   0.01810   0.08101   0.09196   0.08529   0.07269   0.12502   0.04333   0.08177   0.00000   0.01192   0.02390   0.02566   0.02080   0.01443   0.06634   0.01006   0.04484   0.06382   0.04283   0.01820   0.01650   0.01843   0.03527   0.04543   3.35825   0.85522   0.23939   1.75646  
 40 60.4400   6560.273475  x:  0.01276   0.02127   0.06727   0.06118   0.01320   0.03424   0.09267   0.00888   0.25225   0.01934   0.01555   0.19049   0.00334   0.07785   0.05534   0.04645   0.14457   0.08316   0.06126   0.15007   0.00846   0.06458   0.04465   0.05868   0.06690   0.12758   0.11906   0.00294   0.09216   0.00000   0.00000   0.01773   0.08114   0.09225   0.08492   0.07246   0.12455   0.04356   0.08157   0.00000   0.01196   0.02430   0.02521   0.02097   0.01477   0.06641   0.01063   0.04479   0.06383   0.04275   0.01863   0.01610   0.01941   0.03683   0.04571   3.35921   0.85289   0.23678   1.75777  
 41 79.9229   6560.235126  x:  0.01172   0.02164   0.06665   0.06156   0.01306   0.03399   0.09291   0.00886   0.25519   0.01893   0.01554   0.18923   0.00352   0.07764   0.05527   0.04676   0.14380   0.08292   0.06100   0.15099   0.00812   0.06481   0.04490   0.05880   0.06688   0.12733   0.11905   0.00288   0.09244   0.00000   0.00000   0.01769   0.08132   0.09180   0.08510   0.07198   0.12442   0.04368   0.08131   0.00000   0.01198   0.02449   0.02424   0.02109   0.01471   0.06641   0.01080   0.04477   0.06387   0.04272   0.01909   0.01653   0.01917   0.03644   0.04678   3.35985   0.85246   0.23589   1.75858  
 42 36.5947   6560.210102  x:  0.01220   0.02149   0.06594   0.06198   0.01285   0.03387   0.09271   0.00880   0.25761   0.01917   0.01580   0.18792   0.00365   0.07748   0.05542   0.04715   0.14327   0.08261   0.06080   0.15159   0.00834   0.06506   0.04522   0.05890   0.06686   0.12752   0.11957   0.00288   0.09281   0.00000   0.00000   0.01793   0.08152   0.09103   0.08555   0.07140   0.12442   0.04373   0.08111   0.00000   0.01196   0.02431   0.02454   0.02117   0.01456   0.06640   0.01041   0.04477   0.06388   0.04275   0.01864   0.01617   0.01923   0.03552   0.04758   3.36062   0.85267   0.23546   1.75951  
 43 27.3767   6560.197878  x:  0.01209   0.02125   0.06571   0.06206   0.01317   0.03401   0.09222   0.00886   0.25910   0.01956   0.01584   0.18704   0.00355   0.07747   0.05555   0.04722   0.14310   0.08245   0.06076   0.15168   0.00830   0.06503   0.04518   0.05884   0.06684   0.12789   0.12019   0.00283   0.09298   0.00000   0.00000   0.01760   0.08155   0.09050   0.08589   0.07117   0.12451   0.04361   0.08104   0.00000   0.01197   0.02427   0.02505   0.02086   0.01474   0.06638   0.01076   0.04475   0.06387   0.04275   0.01883   0.01640   0.01926   0.03553   0.04721   3.36139   0.85318   0.23557   1.76042  
 44 16.7149   6560.184263  x:  0.01213   0.02149   0.06580   0.06194   0.01276   0.03415   0.09139   0.00886   0.26093   0.01985   0.01586   0.18600   0.00377   0.07754   0.05565   0.04705   0.14305   0.08236   0.06084   0.15150   0.00822   0.06483   0.04495   0.05868   0.06682   0.12842   0.12094   0.00284   0.09298   0.00000   0.00000   0.01773   0.08146   0.09005   0.08617   0.07116   0.12464   0.04352   0.08106   0.00000   0.01197   0.02437   0.02461   0.02106   0.01470   0.06630   0.01061   0.04471   0.06381   0.04269   0.01876   0.01627   0.01913   0.03608   0.04634   3.36273   0.85404   0.23621   1.76195  
 45 18.3020   6560.170633  x:  0.01199   0.02138   0.06629   0.06160   0.01333   0.03419   0.09070   0.00875   0.26268   0.01932   0.01604   0.18527   0.00389   0.07755   0.05543   0.04654   0.14320   0.08245   0.06099   0.15094   0.00843   0.06462   0.04486   0.05860   0.06678   0.12868   0.12110   0.00281   0.09262   0.00000   0.00000   0.01791   0.08122   0.09030   0.08591   0.07151   0.12466   0.04357   0.08115   0.00000   0.01196   0.02415   0.02444   0.02103   0.01445   0.06621   0.01034   0.04469   0.06370   0.04265   0.01876   0.01633   0.01949   0.03588   0.04659   3.36490   0.85501   0.23770   1.76440  
 46 13.1609   6560.155892  x:  0.01210   0.02132   0.06660   0.06140   0.01279   0.03406   0.09021   0.00871   0.26436   0.01886   0.01616   0.18485   0.00361   0.07749   0.05512   0.04622   0.14343   0.08257   0.06101   0.15029   0.00826   0.06453   0.04485   0.05861   0.06674   0.12877   0.12091   0.00281   0.09227   0.00000   0.00000   0.01768   0.08105   0.09069   0.08548   0.07180   0.12461   0.04364   0.08118   0.00000   0.01197   0.02430   0.02476   0.02106   0.01465   0.06620   0.01067   0.04467   0.06366   0.04268   0.01880   0.01624   0.01915   0.03549   0.04701   3.36761   0.85589   0.23959   1.76748  
 47 31.7189   6560.117713  x:  0.01212   0.02176   0.06564   0.06210   0.01306   0.03433   0.09088   0.00873   0.26743   0.01943   0.01621   0.18566   0.00386   0.07710   0.05489   0.04711   0.14411   0.08253   0.06045   0.14911   0.00818   0.06512   0.04515   0.05893   0.06661   0.12831   0.11954   0.00284   0.09235   0.00000   0.00000   0.01770   0.08141   0.09127   0.08471   0.07133   0.12427   0.04347   0.08081   0.00000   0.01197   0.02473   0.02483   0.02083   0.01513   0.06636   0.01021   0.04471   0.06382   0.04274   0.01859   0.01647   0.01925   0.03580   0.04676   3.37606   0.85720   0.24462   1.77719  
 48 23.7905   6560.092351  x:  0.01207   0.02130   0.06523   0.06242   0.01301   0.03419   0.09151   0.00876   0.26879   0.01963   0.01578   0.18643   0.00350   0.07710   0.05515   0.04748   0.14433   0.08251   0.06034   0.14896   0.00842   0.06533   0.04513   0.05898   0.06664   0.12793   0.11901   0.00285   0.09267   0.00000   0.00000   0.01775   0.08164   0.09129   0.08482   0.07105   0.12415   0.04343   0.08074   0.00000   0.01197   0.02402   0.02457   0.02126   0.01425   0.06639   0.01075   0.04483   0.06387   0.04274   0.01900   0.01614   0.01925   0.03592   0.04652   3.38199   0.85773   0.24736   1.78408  
 49 57.2263   6560.005453  x:  0.01209   0.02117   0.06572   0.06207   0.01283   0.03310   0.09407   0.00864   0.27073   0.01852   0.01434   0.18923   0.00314   0.07803   0.05683   0.04713   0.14393   0.08254   0.06113   0.15096   0.00835   0.06481   0.04426   0.05844   0.06712   0.12686   0.11939   0.00291   0.09407   0.00000   0.00000   0.01755   0.08194   0.09012   0.08730   0.07092   0.12439   0.04408   0.08138   0.00000   0.01197   0.02448   0.02449   0.02086   0.01457   0.06646   0.01057   0.04461   0.06395   0.04275   0.01838   0.01669   0.01961   0.03542   0.04641   3.40364   0.85850   0.25342   1.80977  
 50 56.2897   6559.932769  x:  0.01202   0.02198   0.06635   0.06170   0.01343   0.03373   0.09563   0.00863   0.27125   0.01813   0.01505   0.19086   0.00315   0.07817   0.05643   0.04698   0.14349   0.08250   0.06151   0.15277   0.00817   0.06458   0.04454   0.05846   0.06731   0.12687   0.12049   0.00288   0.09435   0.00000   0.00000   0.01773   0.08189   0.08951   0.08835   0.07111   0.12482   0.04394   0.08169   0.00000   0.01198   0.02455   0.02530   0.02155   0.01493   0.06648   0.01009   0.04469   0.06396   0.04286   0.01965   0.01566   0.01879   0.03562   0.04667   3.42221   0.85809   0.25661   1.83209  
 51 125.2296   6559.742638  x:  0.01207   0.02191   0.06751   0.06142   0.01221   0.03566   0.09725   0.00857   0.27103   0.01866   0.01683   0.19336   0.00220   0.07766   0.05343   0.04705   0.14263   0.08244   0.06180   0.15673   0.00787   0.06471   0.04619   0.05921   0.06737   0.12832   0.12365   0.00277   0.09366   0.00000   0.00000   0.01760   0.08155   0.08916   0.08866   0.07188   0.12602   0.04284   0.08192   0.00000   0.01201   0.02409   0.02497   0.02105   0.01433   0.06659   0.01072   0.04544   0.06394   0.04303   0.01866   0.01666   0.01993   0.03653   0.04734   3.47121   0.85484   0.26236   1.89145  
 52 240.1257   6559.442385  x:  0.01260   0.02012   0.06730   0.06284   0.01359   0.03466   0.09490   0.00846   0.26888   0.01985   0.01449   0.19405   0.00241   0.07721   0.05297   0.04705   0.14242   0.08265   0.06130   0.15965   0.00840   0.06556   0.04652   0.05990   0.06700   0.13135   0.12649   0.00259   0.09223   0.00000   0.00000   0.01719   0.08170   0.09077   0.08621   0.07252   0.12719   0.04366   0.08151   0.00000   0.01197   0.02558   0.02361   0.02132   0.01481   0.06693   0.01014   0.04522   0.06428   0.04316   0.01865   0.01637   0.01827   0.03546   0.04684   3.54792   0.84764   0.26789   1.98524  
 53 321.3341   6559.181207  x:  0.01176   0.02211   0.06646   0.06392   0.01267   0.03319   0.09236   0.00889   0.26646   0.01977   0.01440   0.19323   0.00384   0.07730   0.05522   0.04714   0.14296   0.08313   0.06069   0.16005   0.00734   0.06605   0.04544   0.05987   0.06686   0.13343   0.12693   0.00254   0.09181   0.00000   0.00000   0.01732   0.08217   0.09251   0.08416   0.07264   0.12763   0.04485   0.08120   0.00000   0.01205   0.02450   0.02555   0.02139   0.01417   0.06716   0.01007   0.04493   0.06460   0.04318   0.01948   0.01619   0.02035   0.03507   0.04629   3.61572   0.84169   0.27092   2.06877  
 54 646.5539   6558.947460  x:  0.01205   0.02233   0.06544   0.06384   0.01338   0.03423   0.09082   0.00817   0.26381   0.01872   0.01808   0.19061   0.00173   0.07787   0.05822   0.04731   0.14461   0.08391   0.06055   0.15714   0.00759   0.06594   0.04399   0.05914   0.06734   0.13343   0.12417   0.00220   0.09336   0.00000   0.00000   0.01717   0.08285   0.09340   0.08451   0.07208   0.12697   0.04436   0.08157   0.00000   0.01204   0.02421   0.02491   0.02161   0.01414   0.06728   0.01028   0.04511   0.06476   0.04330   0.01841   0.01676   0.01914   0.03570   0.04626   3.67553   0.83816   0.27098   2.14368  
 55 378.6938   6558.842873  x:  0.01188   0.02082   0.06526   0.06359   0.01253   0.03497   0.09028   0.00814   0.26246   0.01830   0.01804   0.18934   0.00234   0.07782   0.05719   0.04691   0.14575   0.08391   0.06060   0.15430   0.00779   0.06569   0.04423   0.05893   0.06757   0.13230   0.12207   0.00229   0.09443   0.00000   0.00000   0.01683   0.08290   0.09273   0.08597   0.07146   0.12627   0.04351   0.08177   0.00000   0.01203   0.02521   0.02460   0.02100   0.01420   0.06711   0.00970   0.04516   0.06457   0.04323   0.01951   0.01593   0.02008   0.03556   0.04618   3.70163   0.83751   0.26997   2.17727  
 56 250.9454   6558.772397  x:  0.01179   0.02166   0.06536   0.06337   0.01290   0.03500   0.09002   0.00816   0.26148   0.01835   0.01648   0.18861   0.00250   0.07740   0.05496   0.04635   0.14659   0.08347   0.06059   0.15160   0.00753   0.06541   0.04478   0.05890   0.06748   0.13086   0.12068   0.00232   0.09487   0.00000   0.00000   0.01685   0.08266   0.09153   0.08731   0.07084   0.12565   0.04342   0.08166   0.00000   0.01204   0.02465   0.02491   0.02167   0.01406   0.06686   0.00986   0.04510   0.06423   0.04308   0.01884   0.01636   0.01971   0.03493   0.04581   3.71870   0.83770   0.26877   2.20010  
 57 190.1329   6558.755792  x:  0.01182   0.02185   0.06535   0.06334   0.01286   0.03427   0.09057   0.00799   0.26127   0.01838   0.01660   0.18868   0.00216   0.07700   0.05459   0.04636   0.14658   0.08292   0.06046   0.15071   0.00772   0.06534   0.04460   0.05890   0.06704   0.13021   0.12085   0.00229   0.09420   0.00000   0.00000   0.01690   0.08232   0.09090   0.08708   0.07069   0.12544   0.04378   0.08124   0.00000   0.01203   0.02431   0.02469   0.02087   0.01405   0.06670   0.00975   0.04486   0.06407   0.04300   0.01899   0.01614   0.01949   0.03491   0.04557   3.72210   0.83830   0.26819   2.20578  
 58 37.0539   6558.743368  x:  0.01175   0.02146   0.06523   0.06330   0.01289   0.03383   0.09122   0.00804   0.26114   0.01818   0.01683   0.18891   0.00215   0.07664   0.05461   0.04647   0.14641   0.08235   0.06030   0.14999   0.00764   0.06525   0.04430   0.05886   0.06660   0.12965   0.12124   0.00228   0.09341   0.00000   0.00000   0.01679   0.08199   0.09036   0.08657   0.07060   0.12525   0.04384   0.08079   0.00000   0.01204   0.02455   0.02474   0.02143   0.01404   0.06654   0.00979   0.04470   0.06395   0.04291   0.01887   0.01624   0.01967   0.03494   0.04540   3.72419   0.83906   0.26764   2.21029  
 59 38.4641   6558.735292  x:  0.01176   0.02158   0.06491   0.06320   0.01280   0.03445   0.09142   0.00796   0.26108   0.01781   0.01621   0.18923   0.00203   0.07655   0.05500   0.04658   0.14598   0.08213   0.06024   0.14968   0.00757   0.06520   0.04420   0.05875   0.06655   0.12941   0.12160   0.00228   0.09303   0.00000   0.00000   0.01693   0.08192   0.09028   0.08593   0.07061   0.12508   0.04327   0.08061   0.00000   0.01204   0.02456   0.02475   0.02128   0.01394   0.06648   0.00976   0.04487   0.06390   0.04290   0.01886   0.01620   0.01961   0.03478   0.04544   3.72455   0.83977   0.26730   2.21363  
 60 12.9248   6558.723822  x:  0.01169   0.02165   0.06447   0.06316   0.01262   0.03452   0.09127   0.00792   0.26112   0.01773   0.01619   0.18979   0.00203   0.07645   0.05492   0.04628   0.14521   0.08220   0.06026   0.14957   0.00801   0.06515   0.04433   0.05859   0.06681   0.12945   0.12174   0.00229   0.09330   0.00000   0.00000   0.01633   0.08206   0.09054   0.08550   0.07056   0.12485   0.04323   0.08068   0.00000   0.01202   0.02409   0.02457   0.02146   0.01438   0.06645   0.00959   0.04474   0.06385   0.04284   0.01888   0.01617   0.01970   0.03472   0.04533   3.72337   0.84029   0.26730   2.21905  
 61 11.6085   6558.677778  x:  0.01164   0.02141   0.06337   0.06318   0.01275   0.03404   0.09036   0.00786   0.26133   0.01787   0.01682   0.19174   0.00176   0.07605   0.05416   0.04525   0.14257   0.08262   0.06019   0.14925   0.00746   0.06482   0.04459   0.05811   0.06762   0.12984   0.12180   0.00219   0.09457   0.00000   0.00000   0.01691   0.08255   0.09147   0.08470   0.07027   0.12412   0.04369   0.08097   0.00000   0.01204   0.02455   0.02467   0.02127   0.01386   0.06629   0.00970   0.04440   0.06355   0.04265   0.01883   0.01616   0.01962   0.03462   0.04485   3.71732   0.84139   0.26797   2.24116  
 62 58.9748   6558.398720  x:  0.01151   0.02203   0.06614   0.06455   0.01277   0.03425   0.08567   0.00755   0.26218   0.01771   0.01762   0.19658   0.00143   0.07503   0.05360   0.04790   0.13613   0.08286   0.05875   0.14822   0.00850   0.06440   0.04173   0.05857   0.06471   0.13200   0.11934   0.00201   0.09458   0.00000   0.00000   0.01601   0.08103   0.09097   0.08718   0.06889   0.12273   0.04301   0.07999   0.00000   0.01200   0.02522   0.02484   0.02140   0.01322   0.06591   0.00939   0.04553   0.06361   0.04343   0.01883   0.01615   0.01975   0.03420   0.04508   3.67508   0.83874   0.27774   2.37714  
 63 87.5065   6558.134329  x:  0.01169   0.02051   0.06634   0.06467   0.01282   0.03475   0.08436   0.00719   0.26268   0.01697   0.01789   0.19789   0.00103   0.07494   0.05432   0.04818   0.13535   0.08270   0.05869   0.14785   0.00534   0.06507   0.04287   0.05937   0.06433   0.13257   0.11860   0.00178   0.09342   0.00000   0.00000   0.01673   0.08088   0.08983   0.08832   0.06881   0.12285   0.04282   0.07949   0.00000   0.01217   0.02303   0.02419   0.02157   0.01502   0.06622   0.00854   0.04470   0.06385   0.04283   0.01896   0.01604   0.01990   0.03378   0.04417   3.63574   0.83517   0.28746   2.50151  
 64 469.0945   6557.462047  x:  0.01136   0.02172   0.06403   0.06427   0.01256   0.03553   0.08469   0.00645   0.26359   0.01542   0.01820   0.19788   0.00000   0.07511   0.05559   0.04622   0.13909   0.08200   0.06020   0.14798   0.00662   0.06733   0.04684   0.06070   0.06581   0.13257   0.11924   0.00169   0.09099   0.00000   0.00000   0.01543   0.08210   0.08739   0.08891   0.06962   0.12454   0.04359   0.07910   0.00000   0.01212   0.02512   0.02483   0.02182   0.01290   0.06709   0.00835   0.04317   0.06409   0.04154   0.01905   0.01621   0.02025   0.03308   0.04184   3.54490   0.82699   0.30987   2.78701  
 65 1166.4224   6557.000247  x:  0.01115   0.02167   0.06153   0.06561   0.01253   0.03501   0.08793   0.00615   0.26423   0.01647   0.01752   0.19628   0.00000   0.07438   0.05255   0.04451   0.14671   0.08135   0.06063   0.14888   0.00587   0.06639   0.04160   0.05881   0.06690   0.13222   0.12302   0.00151   0.09332   0.00000   0.00000   0.01499   0.08415   0.08811   0.08718   0.07005   0.12684   0.04331   0.08013   0.00000   0.01215   0.02486   0.02469   0.02209   0.01309   0.06756   0.00756   0.04637   0.06455   0.04514   0.01911   0.01611   0.02048   0.03293   0.04305   3.47254   0.82157   0.32712   3.01374  
 66 849.6999   6556.930923  x:  0.01115   0.02165   0.06299   0.06685   0.01241   0.03500   0.08922   0.00602   0.26426   0.01571   0.01714   0.19561   0.00000   0.07436   0.05200   0.04597   0.14910   0.08165   0.05946   0.14971   0.00583   0.06591   0.04162   0.05890   0.06628   0.13263   0.12436   0.00137   0.09556   0.00000   0.00000   0.01487   0.08388   0.09003   0.08663   0.06955   0.12710   0.04334   0.08045   0.00000   0.01216   0.02488   0.02476   0.02208   0.01297   0.06711   0.00752   0.04535   0.06442   0.04334   0.01914   0.01613   0.02047   0.03271   0.04272   3.46098   0.82198   0.32927   3.05004  
 67 160.1352   6556.926752  x:  0.01114   0.02166   0.06311   0.06683   0.01242   0.03481   0.08935   0.00600   0.26427   0.01556   0.01710   0.19558   0.00000   0.07434   0.05215   0.04578   0.14945   0.08183   0.05915   0.14998   0.00581   0.06603   0.04201   0.05912   0.06604   0.13280   0.12441   0.00137   0.09569   0.00000   0.00000   0.01486   0.08364   0.09039   0.08675   0.06930   0.12689   0.04328   0.08028   0.00000   0.01216   0.02489   0.02475   0.02209   0.01297   0.06711   0.00750   0.04550   0.06439   0.04397   0.01912   0.01612   0.02049   0.03272   0.04253   3.46021   0.82224   0.32930   3.05251  
 68 14.9096   6556.925826  x:  0.01114   0.02166   0.06299   0.06671   0.01240   0.03487   0.08939   0.00600   0.26429   0.01563   0.01708   0.19565   0.00000   0.07428   0.05215   0.04552   0.14967   0.08198   0.05901   0.15020   0.00581   0.06609   0.04187   0.05915   0.06595   0.13299   0.12434   0.00138   0.09556   0.00000   0.00000   0.01486   0.08352   0.09048   0.08689   0.06915   0.12663   0.04326   0.08012   0.00000   0.01216   0.02488   0.02474   0.02209   0.01297   0.06713   0.00750   0.04551   0.06437   0.04379   0.01913   0.01612   0.02048   0.03271   0.04257   3.46009   0.82234   0.32928   3.05295  
 69  2.9321   6556.925368  x:  0.01113   0.02165   0.06298   0.06674   0.01241   0.03487   0.08935   0.00600   0.26430   0.01560   0.01707   0.19571   0.00000   0.07427   0.05210   0.04562   0.14985   0.08200   0.05901   0.15038   0.00580   0.06604   0.04186   0.05904   0.06605   0.13318   0.12419   0.00137   0.09542   0.00000   0.00000   0.01486   0.08360   0.09037   0.08687   0.06920   0.12642   0.04328   0.08016   0.00000   0.01216   0.02488   0.02474   0.02209   0.01296   0.06709   0.00750   0.04540   0.06437   0.04387   0.01912   0.01611   0.02048   0.03270   0.04256   3.46009   0.82246   0.32924   3.05313  
 70  0.9091   6556.924267  x:  0.01113   0.02167   0.06306   0.06684   0.01243   0.03472   0.08927   0.00599   0.26433   0.01558   0.01712   0.19579   0.00000   0.07427   0.05213   0.04556   0.15001   0.08183   0.05902   0.15056   0.00579   0.06598   0.04196   0.05906   0.06606   0.13330   0.12402   0.00137   0.09546   0.00000   0.00000   0.01485   0.08364   0.09017   0.08672   0.06929   0.12627   0.04318   0.08025   0.00000   0.01216   0.02488   0.02474   0.02208   0.01299   0.06710   0.00748   0.04574   0.06437   0.04369   0.01913   0.01611   0.02048   0.03269   0.04251   3.46024   0.82255   0.32922   3.05330  
 71  0.6869   6556.912789  x:  0.01113   0.02168   0.06325   0.06696   0.01237   0.03526   0.08879   0.00597   0.26462   0.01585   0.01724   0.19631   0.00000   0.07432   0.05236   0.04488   0.15057   0.08076   0.05920   0.15097   0.00570   0.06596   0.04185   0.05946   0.06552   0.13336   0.12363   0.00138   0.09629   0.00000   0.00000   0.01479   0.08336   0.08949   0.08603   0.06950   0.12623   0.04334   0.08028   0.00000   0.01216   0.02491   0.02474   0.02210   0.01289   0.06717   0.00747   0.04513   0.06415   0.04393   0.01914   0.01612   0.02050   0.03267   0.04262   3.46223   0.82262   0.32941   3.05399  
 72  1.4744   6556.765948  x:  0.01111   0.02209   0.06186   0.06476   0.01244   0.03502   0.08587   0.00543   0.26761   0.01617   0.01805   0.19988   0.00000   0.07404   0.05242   0.04684   0.15382   0.08018   0.06136   0.15083   0.00488   0.06704   0.04255   0.05877   0.06592   0.13308   0.12546   0.00154   0.09726   0.00000   0.00000   0.01382   0.08231   0.08975   0.08731   0.06930   0.12846   0.04343   0.07900   0.00000   0.01212   0.02533   0.02497   0.02235   0.01221   0.06695   0.00675   0.04538   0.06526   0.04361   0.01951   0.01624   0.02081   0.03230   0.04240   3.48819   0.82354   0.33198   3.06142  
 73  8.4082   6556.654048  x:  0.01108   0.02252   0.06260   0.06758   0.01231   0.03561   0.08646   0.00504   0.26973   0.01678   0.01838   0.20155   0.00000   0.07435   0.05327   0.04516   0.15463   0.08135   0.05936   0.14841   0.00461   0.06607   0.04313   0.05932   0.06709   0.13427   0.12769   0.00144   0.09571   0.00000   0.00000   0.01304   0.08447   0.08920   0.08903   0.06852   0.12903   0.04322   0.08035   0.00000   0.01207   0.02562   0.02515   0.02255   0.01177   0.06729   0.00630   0.04508   0.06414   0.04364   0.01979   0.01636   0.02103   0.03220   0.04261   3.50776   0.82326   0.33454   3.06815  
 74 47.2101   6556.640406  x:  0.01106   0.02254   0.06243   0.06731   0.01229   0.03574   0.08773   0.00499   0.26986   0.01666   0.01809   0.20122   0.00000   0.07470   0.05318   0.04511   0.15416   0.08187   0.05929   0.14732   0.00457   0.06645   0.04331   0.05924   0.06658   0.13588   0.12803   0.00148   0.09632   0.00000   0.00000   0.01297   0.08426   0.08850   0.08886   0.06906   0.12820   0.04369   0.08064   0.00000   0.01207   0.02567   0.02521   0.02259   0.01169   0.06723   0.00623   0.04525   0.06481   0.04364   0.01984   0.01638   0.02107   0.03222   0.04261   3.50997   0.82284   0.33512   3.06952  
 75 10.9639   6556.639327  x:  0.01108   0.02258   0.06244   0.06720   0.01232   0.03554   0.08793   0.00499   0.26986   0.01667   0.01804   0.20114   0.00000   0.07466   0.05318   0.04513   0.15408   0.08180   0.05943   0.14717   0.00457   0.06646   0.04326   0.05933   0.06671   0.13619   0.12803   0.00150   0.09644   0.00000   0.00000   0.01296   0.08421   0.08849   0.08884   0.06904   0.12811   0.04335   0.08053   0.00000   0.01207   0.02567   0.02521   0.02259   0.01168   0.06728   0.00624   0.04511   0.06464   0.04364   0.01984   0.01639   0.02107   0.03222   0.04264   3.51016   0.82275   0.33520   3.06961  
 76  3.5852   6556.639186  x:  0.01107   0.02257   0.06247   0.06718   0.01231   0.03558   0.08800   0.00499   0.26986   0.01666   0.01802   0.20112   0.00000   0.07463   0.05320   0.04514   0.15406   0.08170   0.05949   0.14715   0.00457   0.06643   0.04326   0.05934   0.06678   0.13630   0.12800   0.00150   0.09644   0.00000   0.00000   0.01296   0.08422   0.08854   0.08886   0.06899   0.12813   0.04344   0.08046   0.00000   0.01207   0.02567   0.02521   0.02259   0.01169   0.06729   0.00623   0.04516   0.06457   0.04364   0.01984   0.01638   0.02107   0.03222   0.04264   3.51016   0.82275   0.33521   3.06970  
 77  1.1258   6556.639133  x:  0.01107   0.02257   0.06247   0.06720   0.01231   0.03557   0.08803   0.00499   0.26986   0.01666   0.01802   0.20111   0.00000   0.07463   0.05320   0.04511   0.15405   0.08162   0.05951   0.14714   0.00457   0.06642   0.04328   0.05930   0.06675   0.13636   0.12796   0.00150   0.09641   0.00000   0.00000   0.01296   0.08424   0.08859   0.08889   0.06897   0.12819   0.04342   0.08047   0.00000   0.01207   0.02567   0.02521   0.02259   0.01168   0.06727   0.00623   0.04514   0.06463   0.04364   0.01984   0.01639   0.02107   0.03222   0.04264   3.51015   0.82276   0.33521   3.06980  
 78  0.3578   6556.638641  x:  0.01106   0.02257   0.06232   0.06718   0.01232   0.03554   0.08809   0.00499   0.26986   0.01663   0.01799   0.20112   0.00000   0.07470   0.05314   0.04515   0.15404   0.08166   0.05949   0.14718   0.00456   0.06648   0.04321   0.05947   0.06667   0.13652   0.12781   0.00150   0.09635   0.00000   0.00000   0.01296   0.08422   0.08859   0.08892   0.06904   0.12850   0.04344   0.08064   0.00000   0.01206   0.02567   0.02521   0.02259   0.01168   0.06733   0.00624   0.04515   0.06453   0.04364   0.01984   0.01638   0.02107   0.03222   0.04262   3.51009   0.82289   0.33526   3.07105  
 79  0.3185   6556.631871  x:  0.01109   0.02257   0.06256   0.06710   0.01234   0.03555   0.08827   0.00505   0.26999   0.01671   0.01792   0.20118   0.00000   0.07446   0.05324   0.04493   0.15413   0.08244   0.05909   0.14726   0.00461   0.06640   0.04335   0.05899   0.06690   0.13692   0.12736   0.00158   0.09651   0.00000   0.00000   0.01293   0.08403   0.08798   0.08852   0.06888   0.12970   0.04341   0.08012   0.00000   0.01200   0.02565   0.02521   0.02258   0.01167   0.06712   0.00638   0.04517   0.06452   0.04363   0.01985   0.01637   0.02106   0.03222   0.04265   3.50971   0.82288   0.33673   3.08698  
 80  3.8936   6556.584061  x:  0.01117   0.02271   0.06280   0.06665   0.01239   0.03559   0.08814   0.00549   0.27090   0.01709   0.01790   0.20146   0.00000   0.07488   0.05343   0.04527   0.15505   0.08188   0.05901   0.14714   0.00475   0.06613   0.04353   0.06006   0.06733   0.13734   0.12854   0.00207   0.09645   0.00000   0.00000   0.01272   0.08476   0.08858   0.08924   0.06960   0.12891   0.04352   0.08036   0.00000   0.01158   0.02560   0.02528   0.02260   0.01142   0.06776   0.00735   0.04523   0.06544   0.04371   0.01994   0.01635   0.02106   0.03234   0.04271   3.50733   0.82192   0.34772   3.20148  
 81 41.9493   6556.578069  x:  0.01116   0.02274   0.06274   0.06699   0.01240   0.03564   0.08814   0.00554   0.27101   0.01716   0.01793   0.20149   0.00000   0.07506   0.05348   0.04529   0.15519   0.08191   0.05960   0.14711   0.00471   0.06656   0.04372   0.05947   0.06696   0.13735   0.12876   0.00211   0.09632   0.00000   0.00000   0.01269   0.08447   0.08872   0.08929   0.06932   0.12864   0.04352   0.08082   0.00000   0.01153   0.02560   0.02528   0.02260   0.01147   0.06749   0.00748   0.04534   0.06468   0.04371   0.01996   0.01634   0.02106   0.03237   0.04275   3.50700   0.82166   0.34913   3.21551  
 82 57.6485   6556.577998  x:  0.01115   0.02275   0.06273   0.06705   0.01240   0.03564   0.08814   0.00554   0.27101   0.01716   0.01793   0.20149   0.00000   0.07507   0.05348   0.04528   0.15519   0.08193   0.05966   0.14711   0.00470   0.06654   0.04371   0.05953   0.06702   0.13735   0.12876   0.00210   0.09630   0.00000   0.00000   0.01269   0.08437   0.08871   0.08927   0.06926   0.12863   0.04352   0.08086   0.00000   0.01153   0.02560   0.02528   0.02260   0.01146   0.06746   0.00749   0.04534   0.06474   0.04371   0.01996   0.01634   0.02106   0.03237   0.04275   3.50699   0.82166   0.34915   3.21570  
 83  0.9751   6556.577592  x:  0.01115   0.02275   0.06265   0.06711   0.01240   0.03564   0.08814   0.00554   0.27102   0.01716   0.01793   0.20149   0.00000   0.07507   0.05348   0.04530   0.15519   0.08192   0.05962   0.14710   0.00472   0.06636   0.04378   0.05940   0.06701   0.13735   0.12875   0.00210   0.09630   0.00000   0.00000   0.01270   0.08418   0.08872   0.08930   0.06930   0.12863   0.04353   0.08087   0.00000   0.01152   0.02560   0.02528   0.02260   0.01145   0.06773   0.00748   0.04532   0.06474   0.04371   0.01996   0.01634   0.02106   0.03237   0.04275   3.50702   0.82163   0.34928   3.21713  
 84  0.1809   6556.533568  x:  0.01124   0.02271   0.06226   0.06727   0.01250   0.03565   0.08813   0.00531   0.27140   0.01705   0.01785   0.20132   0.00000   0.07490   0.05369   0.04515   0.15500   0.08163   0.05903   0.14730   0.00505   0.06617   0.04372   0.05944   0.06743   0.13721   0.12849   0.00252   0.09627   0.00000   0.00000   0.01316   0.08328   0.08903   0.08974   0.07071   0.12872   0.04348   0.08050   0.00000   0.01077   0.02543   0.02524   0.02248   0.01176   0.06615   0.00691   0.04545   0.06437   0.04372   0.01981   0.01630   0.02087   0.03265   0.04299   3.50989   0.82055   0.36241   3.37307  
 85  6.3295   6556.511741  x:  0.01126   0.02265   0.06309   0.06677   0.01253   0.03560   0.08810   0.00520   0.27158   0.01693   0.01781   0.20124   0.00000   0.07503   0.05353   0.04516   0.15492   0.08211   0.05971   0.14747   0.00515   0.06669   0.04354   0.05946   0.06699   0.13716   0.12842   0.00274   0.09609   0.00000   0.00000   0.01340   0.08412   0.08880   0.08912   0.06951   0.12878   0.04349   0.08073   0.00000   0.01040   0.02536   0.02521   0.02244   0.01178   0.06746   0.00660   0.04535   0.06473   0.04374   0.01976   0.01627   0.02080   0.03277   0.04307   3.51130   0.82033   0.36877   3.45063  
 86 228.6785   6556.511631  x:  0.01126   0.02265   0.06305   0.06668   0.01253   0.03559   0.08809   0.00520   0.27158   0.01693   0.01781   0.20124   0.00000   0.07506   0.05353   0.04518   0.15492   0.08212   0.05971   0.14747   0.00515   0.06655   0.04357   0.05948   0.06693   0.13716   0.12842   0.00275   0.09608   0.00000   0.00000   0.01340   0.08415   0.08879   0.08908   0.06943   0.12878   0.04349   0.08076   0.00000   0.01040   0.02536   0.02521   0.02244   0.01178   0.06740   0.00660   0.04536   0.06470   0.04373   0.01976   0.01627   0.02080   0.03277   0.04307   3.51130   0.82029   0.36883   3.45102  
 87  1.8802   6556.506286  x:  0.01123   0.02264   0.06289   0.06708   0.01249   0.03561   0.08813   0.00517   0.27146   0.01689   0.01779   0.20119   0.00000   0.07436   0.05364   0.04512   0.15478   0.08252   0.06041   0.14743   0.00498   0.06614   0.04361   0.05971   0.06641   0.13699   0.12831   0.00269   0.09616   0.00000   0.00000   0.01330   0.08443   0.08879   0.08917   0.06977   0.12868   0.04346   0.08043   0.00000   0.01028   0.02538   0.02520   0.02244   0.01178   0.06738   0.00664   0.04532   0.06470   0.04372   0.01975   0.01629   0.02081   0.03271   0.04302   3.51291   0.82040   0.36978   3.46754  
 88  0.0654   6556.480922  x:  0.01108   0.02252   0.06260   0.06676   0.01237   0.03548   0.08803   0.00505   0.27082   0.01649   0.01787   0.20104   0.00000   0.07468   0.05325   0.04513   0.15393   0.08179   0.05953   0.14719   0.00436   0.06635   0.04328   0.05931   0.06672   0.13622   0.12790   0.00256   0.09617   0.00000   0.00000   0.01286   0.08403   0.08854   0.08883   0.06917   0.12818   0.04340   0.08045   0.00000   0.00969   0.02552   0.02518   0.02244   0.01179   0.06733   0.00678   0.04520   0.06455   0.04370   0.01974   0.01633   0.02090   0.03243   0.04275   3.52029   0.82031   0.37462   3.54520  
 89 56.2302   6556.480913  x:  0.01108   0.02252   0.06261   0.06674   0.01237   0.03548   0.08803   0.00505   0.27082   0.01650   0.01787   0.20104   0.00000   0.07463   0.05326   0.04513   0.15393   0.08179   0.05952   0.14719   0.00436   0.06636   0.04328   0.05931   0.06673   0.13622   0.12790   0.00256   0.09617   0.00000   0.00000   0.01286   0.08403   0.08854   0.08883   0.06916   0.12818   0.04340   0.08048   0.00000   0.00969   0.02552   0.02518   0.02244   0.01179   0.06733   0.00678   0.04520   0.06455   0.04370   0.01974   0.01633   0.02090   0.03243   0.04275   3.52030   0.82030   0.37462   3.54520  
 90  0.1767   6556.467246  x:  0.01111   0.02248   0.06255   0.06685   0.01238   0.03548   0.08800   0.00525   0.26993   0.01686   0.01792   0.20080   0.00000   0.07477   0.05327   0.04527   0.15334   0.08169   0.05946   0.14693   0.00479   0.06633   0.04333   0.05927   0.06675   0.13623   0.12774   0.00220   0.09617   0.00000   0.00000   0.01278   0.08402   0.08856   0.08885   0.06902   0.12794   0.04337   0.08056   0.00000   0.00924   0.02553   0.02517   0.02249   0.01149   0.06716   0.00676   0.04517   0.06452   0.04370   0.01976   0.01633   0.02096   0.03236   0.04266   3.51750   0.82118   0.37151   3.51904  
 91  0.0286   6556.462299  x:  0.01116   0.02255   0.06269   0.06683   0.01243   0.03554   0.08795   0.00528   0.27016   0.01685   0.01792   0.20078   0.00000   0.07483   0.05337   0.04515   0.15371   0.08180   0.05952   0.14710   0.00456   0.06633   0.04344   0.05932   0.06680   0.13654   0.12798   0.00198   0.09610   0.00000   0.00000   0.01304   0.08406   0.08859   0.08891   0.06913   0.12813   0.04339   0.08064   0.00000   0.00914   0.02550   0.02519   0.02247   0.01165   0.06724   0.00677   0.04520   0.06458   0.04369   0.01977   0.01632   0.02092   0.03255   0.04282   3.51361   0.82123   0.36599   3.45070  
 92  0.0509   6556.460445  x:  0.01112   0.02256   0.06272   0.06682   0.01242   0.03554   0.08797   0.00521   0.27067   0.01671   0.01792   0.20093   0.00000   0.07480   0.05333   0.04510   0.15410   0.08184   0.05957   0.14722   0.00464   0.06640   0.04337   0.05934   0.06678   0.13655   0.12811   0.00203   0.09613   0.00000   0.00000   0.01289   0.08406   0.08861   0.08889   0.06919   0.12826   0.04340   0.08061   0.00000   0.00908   0.02548   0.02519   0.02247   0.01172   0.06730   0.00675   0.04523   0.06459   0.04373   0.01977   0.01632   0.02091   0.03251   0.04281   3.51453   0.82111   0.36244   3.40154  
 93  0.0308   6556.459782  x:  0.01111   0.02254   0.06268   0.06685   0.01241   0.03553   0.08802   0.00523   0.27053   0.01677   0.01789   0.20089   0.00000   0.07479   0.05331   0.04516   0.15406   0.08182   0.05955   0.14720   0.00458   0.06640   0.04338   0.05934   0.06677   0.13649   0.12803   0.00211   0.09614   0.00000   0.00000   0.01294   0.08407   0.08862   0.08886   0.06916   0.12822   0.04341   0.08060   0.00000   0.00903   0.02550   0.02518   0.02247   0.01162   0.06728   0.00675   0.04522   0.06457   0.04373   0.01977   0.01632   0.02092   0.03246   0.04274   3.51359   0.82138   0.36083   3.37743  
 94  0.0198   6556.459721  x:  0.01112   0.02253   0.06267   0.06685   0.01241   0.03552   0.08802   0.00523   0.27035   0.01678   0.01789   0.20084   0.00000   0.07480   0.05331   0.04517   0.15396   0.08181   0.05953   0.14717   0.00459   0.06639   0.04338   0.05933   0.06677   0.13647   0.12798   0.00212   0.09613   0.00000   0.00000   0.01292   0.08407   0.08862   0.08887   0.06914   0.12818   0.04340   0.08061   0.00000   0.00903   0.02550   0.02518   0.02247   0.01164   0.06728   0.00676   0.04521   0.06458   0.04372   0.01976   0.01632   0.02092   0.03248   0.04276   3.51295   0.82154   0.36053   3.37319  
 95  0.0045   6556.459720  x:  0.01112   0.02253   0.06268   0.06685   0.01241   0.03552   0.08801   0.00522   0.27032   0.01678   0.01789   0.20084   0.00000   0.07479   0.05331   0.04516   0.15395   0.08181   0.05953   0.14717   0.00460   0.06639   0.04338   0.05933   0.06677   0.13647   0.12797   0.00212   0.09613   0.00000   0.00000   0.01292   0.08407   0.08862   0.08887   0.06914   0.12818   0.04340   0.08060   0.00000   0.00903   0.02550   0.02518   0.02247   0.01164   0.06727   0.00676   0.04521   0.06458   0.04372   0.01976   0.01632   0.02092   0.03248   0.04276   3.51301   0.82155   0.36050   3.37291  
 96  0.0003   6556.459720  x:  0.01112   0.02253   0.06268   0.06685   0.01241   0.03552   0.08801   0.00523   0.27032   0.01678   0.01789   0.20083   0.00000   0.07479   0.05331   0.04516   0.15394   0.08181   0.05953   0.14717   0.00460   0.06639   0.04338   0.05933   0.06677   0.13647   0.12797   0.00212   0.09613   0.00000   0.00000   0.01292   0.08407   0.08862   0.08887   0.06914   0.12818   0.04340   0.08060   0.00000   0.00903   0.02550   0.02518   0.02247   0.01164   0.06727   0.00676   0.04521   0.06458   0.04372   0.01976   0.01632   0.02092   0.03248   0.04276   3.51301   0.82155   0.36050   3.37293  
 97  0.0000   6556.459720  x:  0.01112   0.02253   0.06268   0.06685   0.01241   0.03552   0.08801   0.00523   0.27032   0.01678   0.01789   0.20083   0.00000   0.07479   0.05331   0.04516   0.15394   0.08181   0.05953   0.14717   0.00459   0.06639   0.04338   0.05933   0.06677   0.13647   0.12797   0.00212   0.09613   0.00000   0.00000   0.01292   0.08407   0.08862   0.08887   0.06914   0.12818   0.04340   0.08060   0.00000   0.00903   0.02550   0.02518   0.02247   0.01164   0.06727   0.00676   0.04521   0.06458   0.04372   0.01976   0.01632   0.02092   0.03248   0.04276   3.51301   0.82155   0.36049   3.37294  