

TREE # 1

  0  0.0000   8215.982414  x:  0.01885   0.08785   0.04749   0.09169   0.04172   0.02221   0.05960   0.08420   0.08509   0.04032   0.05094   0.03737   0.02381   0.09679   0.02054   0.05505   0.06715   0.02312   0.10381   0.10759   0.04853   0.09280   0.07901   0.06778   0.04362   0.08711   0.08881   0.02489   0.05910   0.01012   0.10675   0.06261   0.10920   0.07608   0.05315   0.06192   0.07219   0.06801   0.04029   0.06486   0.09407   0.04057   0.10136   0.10996   0.08162   0.01587   0.03313   0.02547   0.10195   0.09555   0.05676   0.04124   0.08085   0.08767   0.07663   2.00000   0.90000   0.65127   1.56972  
  1 99.0000   8013.344267  x:  0.00856   0.07721   0.05577   0.08990   0.03389   0.03171   0.06311   0.07124   0.10636   0.05207   0.05095   0.09701   0.02204   0.09839   0.06747   0.05736   0.07545   0.04575   0.09557   0.11052   0.03878   0.08863   0.07479   0.07028   0.04422   0.08914   0.09744   0.01450   0.10147   0.00000   0.09414   0.06114   0.11192   0.07525   0.06024   0.06121   0.07693   0.06806   0.05674   0.05223   0.08353   0.03628   0.09237   0.10307   0.07154   0.05518   0.02518   0.04331   0.09659   0.09281   0.05036   0.03357   0.07336   0.08442   0.07517   2.00257   0.89904   0.64998   1.56997  
  2 2949.3397   7964.907665  x:  0.00000   0.06782   0.06031   0.08856   0.02824   0.03318   0.06518   0.05975   0.11721   0.05597   0.05002   0.09767   0.01652   0.09854   0.06172   0.05795   0.07961   0.04654   0.08835   0.11310   0.03051   0.08568   0.07160   0.07222   0.04473   0.09084   0.10323   0.00516   0.11249   0.00000   0.08298   0.06006   0.11424   0.07475   0.06433   0.06069   0.08000   0.06794   0.06199   0.04127   0.07438   0.03453   0.08500   0.09747   0.06236   0.04712   0.01739   0.04411   0.09245   0.09102   0.04597   0.02858   0.06750   0.08218   0.07428   2.00476   0.89749   0.64927   1.57002  
  3 1469.1481   7945.019459  x:  0.00000   0.06087   0.06044   0.08785   0.02723   0.03185   0.06613   0.05062   0.11793   0.05312   0.04840   0.09699   0.01633   0.09855   0.06208   0.05681   0.07974   0.04578   0.08339   0.11413   0.02515   0.08435   0.06965   0.07246   0.04478   0.09130   0.10432   0.00000   0.11091   0.00000   0.07418   0.05926   0.11486   0.07406   0.06415   0.06013   0.08006   0.06734   0.06137   0.03347   0.06793   0.03556   0.08026   0.09374   0.05625   0.04916   0.01601   0.04357   0.09003   0.09011   0.04476   0.02839   0.06445   0.08114   0.07377   2.00652   0.89788   0.64798   1.57037  
  4 1889.1635   7871.140831  x:  0.00000   0.03041   0.05901   0.08671   0.03547   0.03741   0.07436   0.00446   0.11638   0.04706   0.03529   0.09844   0.01376   0.09512   0.06303   0.04953   0.07569   0.04990   0.06410   0.11505   0.00694   0.08196   0.06325   0.06988   0.04430   0.09016   0.10235   0.00000   0.10873   0.00000   0.03062   0.05602   0.11292   0.07173   0.06136   0.05736   0.07594   0.06505   0.06041   0.00000   0.04053   0.03925   0.06203   0.07916   0.03212   0.04573   0.01509   0.04412   0.08259   0.08744   0.04376   0.02867   0.05560   0.07758   0.07138   2.01517   0.90877   0.63707   1.57402  
  5 6697.7806   7865.336347  x:  0.00000   0.02775   0.05909   0.08653   0.03588   0.03739   0.07501   0.00000   0.11650   0.04642   0.03419   0.09851   0.01348   0.09481   0.06298   0.04905   0.07539   0.05004   0.06245   0.11513   0.00554   0.08177   0.06272   0.06968   0.04427   0.09004   0.10214   0.00000   0.10865   0.00000   0.02656   0.05579   0.11270   0.07151   0.06121   0.05711   0.07569   0.06481   0.06047   0.00077   0.03837   0.03947   0.06047   0.07789   0.03022   0.04572   0.01480   0.04406   0.08194   0.08723   0.04359   0.02855   0.05493   0.07724   0.07116   2.01599   0.90990   0.63594   1.57440  
  6 3625.0682   7855.108355  x:  0.00000   0.02124   0.06028   0.08539   0.03530   0.03360   0.07632   0.00000   0.11858   0.04390   0.03147   0.09846   0.01235   0.09358   0.06170   0.04932   0.07459   0.04897   0.05917   0.11496   0.00563   0.08202   0.06198   0.06892   0.04433   0.08914   0.10042   0.00000   0.10950   0.00000   0.01322   0.05587   0.11101   0.07086   0.06142   0.05636   0.07556   0.06453   0.06089   0.00000   0.03521   0.03919   0.05730   0.07503   0.02875   0.04766   0.01271   0.04317   0.08074   0.08653   0.04282   0.02715   0.05410   0.07624   0.07038   2.01887   0.91564   0.63039   1.57632  
  7 1903.1765   7846.734595  x:  0.00000   0.01431   0.06019   0.07965   0.02455   0.04627   0.08093   0.00000   0.12636   0.03489   0.03006   0.09669   0.01461   0.09465   0.06681   0.05250   0.07816   0.04824   0.05388   0.11512   0.00827   0.07819   0.05860   0.07059   0.04430   0.08886   0.10562   0.00000   0.10358   0.00000   0.00000   0.05540   0.11071   0.06794   0.06201   0.05475   0.07851   0.06419   0.05477   0.00002   0.03710   0.04243   0.05143   0.06830   0.03299   0.04370   0.01358   0.04652   0.07554   0.08156   0.03788   0.02862   0.04975   0.07300   0.06817   2.02893   0.92554   0.61053   1.58258  
  8 414.7611   7845.882290  x:  0.00000   0.01339   0.06023   0.07919   0.02392   0.04683   0.08137   0.00000   0.12696   0.03424   0.02965   0.09660   0.01459   0.09461   0.06702   0.05266   0.07829   0.04816   0.05327   0.11509   0.00843   0.07793   0.05830   0.07063   0.04429   0.08877   0.10582   0.00000   0.10327   0.00000   0.00042   0.05540   0.11058   0.06769   0.06204   0.05459   0.07865   0.06415   0.05447   0.00000   0.03697   0.04262   0.05079   0.06761   0.03313   0.04356   0.01353   0.04665   0.07510   0.08117   0.03754   0.02863   0.04939   0.07271   0.06796   2.02990   0.92664   0.60863   1.58318  
  9 955.0629   7845.882290  x:  0.00000   0.01339   0.06023   0.07919   0.02392   0.04683   0.08137   0.00000   0.12696   0.03424   0.02965   0.09660   0.01459   0.09461   0.06702   0.05266   0.07829   0.04816   0.05327   0.11509   0.00843   0.07793   0.05830   0.07063   0.04429   0.08877   0.10582   0.00000   0.10327   0.00000   0.00042   0.05540   0.11058   0.06769   0.06204   0.05459   0.07865   0.06415   0.05447   0.00000   0.03697   0.04262   0.05079   0.06761   0.03313   0.04356   0.01353   0.04665   0.07510   0.08117   0.03754   0.02863   0.04939   0.07271   0.06796   2.02990   0.92664   0.60863   1.58318  
 10 328.4440   7809.133657  x:  0.00000   0.00483   0.06637   0.07809   0.01923   0.04414   0.08316   0.00000   0.13969   0.04229   0.02761   0.11369   0.00839   0.09476   0.07402   0.05309   0.08259   0.05407   0.04632   0.11743   0.00000   0.07500   0.05512   0.07234   0.04466   0.09030   0.11107   0.00000   0.12408   0.00000   0.01393   0.05477   0.11288   0.06736   0.06680   0.05409   0.08167   0.06376   0.06548   0.01107   0.02796   0.03919   0.04350   0.06209   0.02362   0.05220   0.00492   0.05015   0.07107   0.07987   0.03357   0.02216   0.04418   0.07049   0.06707   2.03264   0.92518   0.60668   1.58360  
 11 1128.8698   7781.176609  x:  0.00000   0.00000   0.07228   0.07685   0.01547   0.04161   0.08513   0.00000   0.15331   0.04741   0.02583   0.13064   0.00287   0.09496   0.08103   0.05332   0.08699   0.05962   0.03879   0.12047   0.00000   0.07230   0.05176   0.07432   0.04526   0.09209   0.11678   0.00000   0.14427   0.00000   0.00258   0.05354   0.11530   0.06681   0.07155   0.05354   0.08477   0.06388   0.07420   0.00021   0.01743   0.03674   0.03569   0.05584   0.01373   0.05970   0.00249   0.05349   0.06671   0.07826   0.03024   0.01708   0.03839   0.06826   0.06616   2.03615   0.92329   0.60432   1.58410  
 12 1802.6796   7780.463103  x:  0.00000   0.00008   0.07241   0.07682   0.01539   0.04156   0.08517   0.00000   0.15361   0.04752   0.02579   0.13101   0.00275   0.09496   0.08118   0.05332   0.08709   0.05974   0.03863   0.12054   0.00000   0.07224   0.05169   0.07437   0.04527   0.09213   0.11691   0.00000   0.14471   0.00000   0.00236   0.05352   0.11535   0.06680   0.07165   0.05353   0.08484   0.06389   0.07439   0.00000   0.01721   0.03669   0.03552   0.05571   0.01352   0.05987   0.00244   0.05356   0.06662   0.07822   0.03017   0.01697   0.03827   0.06821   0.06614   2.03623   0.92325   0.60426   1.58411  
 13 22863.2888   7778.231327  x:  0.00000   0.00013   0.07308   0.07666   0.01544   0.04136   0.08548   0.00000   0.15530   0.04747   0.02563   0.13286   0.00261   0.09500   0.08192   0.05329   0.08759   0.06020   0.03776   0.12098   0.00000   0.07198   0.05128   0.07463   0.04537   0.09238   0.11763   0.00000   0.14682   0.00000   0.00000   0.05337   0.11567   0.06670   0.07215   0.05345   0.08520   0.06386   0.07506   0.00149   0.01651   0.03669   0.03469   0.05491   0.01296   0.06046   0.00438   0.05387   0.06610   0.07804   0.03004   0.01704   0.03781   0.06798   0.06604   2.03681   0.92296   0.60387   1.58419  
 14 1288.3737   7775.288983  x:  0.00000   0.00009   0.07428   0.07626   0.01699   0.04120   0.08639   0.00000   0.15950   0.04510   0.02543   0.13659   0.00364   0.09512   0.08333   0.05306   0.08871   0.06068   0.03580   0.12231   0.00000   0.07160   0.05031   0.07534   0.04567   0.09305   0.11943   0.00000   0.15072   0.00000   0.00154   0.05320   0.11659   0.06638   0.07312   0.05324   0.08600   0.06395   0.07506   0.00000   0.01616   0.03762   0.03301   0.05284   0.01335   0.06073   0.01112   0.05423   0.06485   0.07755   0.03056   0.01913   0.03707   0.06753   0.06587   2.03871   0.92201   0.60264   1.58445  
 15 712.2985   7770.539288  x:  0.00000   0.00009   0.07699   0.07493   0.02407   0.04186   0.09039   0.00000   0.17447   0.03025   0.02418   0.14633   0.00705   0.09569   0.08633   0.05170   0.09218   0.06002   0.03059   0.12795   0.00000   0.07147   0.04727   0.07813   0.04700   0.09581   0.12582   0.00000   0.15959   0.00000   0.00024   0.05286   0.12015   0.06497   0.07547   0.05246   0.08842   0.06443   0.06982   0.00012   0.02243   0.04330   0.02939   0.04572   0.01963   0.05717   0.00589   0.05333   0.06040   0.07600   0.03462   0.02840   0.03720   0.06671   0.06558   2.04780   0.91736   0.59705   1.58557  
 16 424.1243   7768.451760  x:  0.00000   0.00011   0.07660   0.07455   0.02252   0.04243   0.09422   0.00000   0.18311   0.02737   0.01962   0.14754   0.00000   0.09612   0.08527   0.05073   0.09346   0.05841   0.03178   0.13179   0.00000   0.07279   0.04650   0.07970   0.04793   0.09769   0.12872   0.00000   0.15928   0.00000   0.00056   0.05325   0.12227   0.06426   0.07562   0.05214   0.08907   0.06499   0.06457   0.00046   0.02206   0.04637   0.03081   0.04373   0.01935   0.05310   0.00657   0.05223   0.05962   0.07570   0.03529   0.02681   0.03927   0.06719   0.06584   2.05684   0.91271   0.59204   1.58653  
 17 194.2804   7763.907013  x:  0.00000   0.00011   0.07238   0.07510   0.01712   0.04203   0.10994   0.00000   0.20200   0.03317   0.02216   0.14525   0.00000   0.09945   0.08154   0.04988   0.09381   0.05739   0.03742   0.13744   0.00000   0.07538   0.04751   0.08057   0.04861   0.10116   0.13092   0.00000   0.15026   0.00000   0.00000   0.05414   0.12487   0.06431   0.07382   0.05218   0.08809   0.06582   0.07060   0.00007   0.02186   0.04245   0.03382   0.04874   0.01869   0.05864   0.00541   0.05263   0.06362   0.07711   0.03117   0.01908   0.03944   0.06848   0.06649   2.09249   0.89740   0.57257   1.59034  
 18 131.1343   7762.219347  x:  0.00000   0.00012   0.07295   0.07617   0.01772   0.04140   0.11035   0.00000   0.20183   0.03183   0.01873   0.14179   0.00000   0.09985   0.08151   0.05093   0.09290   0.05916   0.03657   0.13642   0.00000   0.07517   0.04875   0.07944   0.04815   0.10111   0.12905   0.00000   0.14735   0.00000   0.00012   0.05413   0.12402   0.06556   0.07355   0.05293   0.08750   0.06557   0.07204   0.00094   0.01453   0.03922   0.03330   0.05099   0.01062   0.05881   0.00377   0.05370   0.06506   0.07800   0.03198   0.02080   0.03835   0.06872   0.06670   2.11257   0.89041   0.56267   1.59230  
 19 209.7432   7760.598528  x:  0.00000   0.00012   0.07476   0.07693   0.01598   0.04061   0.10747   0.00000   0.19881   0.03270   0.01452   0.14019   0.00000   0.09932   0.08243   0.05209   0.09223   0.06105   0.03484   0.13424   0.00000   0.07420   0.04938   0.07820   0.04756   0.10045   0.12693   0.00000   0.14864   0.00000   0.00000   0.05395   0.12271   0.06661   0.07400   0.05354   0.08738   0.06514   0.07208   0.00077   0.01474   0.03781   0.03285   0.05142   0.01226   0.05833   0.00363   0.05452   0.06510   0.07827   0.03211   0.01843   0.03763   0.06857   0.06672   2.13298   0.88443   0.55299   1.59425  
 20 252.4829   7756.257327  x:  0.00000   0.00011   0.07947   0.07795   0.01195   0.03995   0.09508   0.00000   0.18747   0.03569   0.02721   0.13793   0.00000   0.09606   0.08412   0.05467   0.09034   0.06305   0.03299   0.12684   0.00000   0.07141   0.04997   0.07494   0.04607   0.09796   0.12087   0.00000   0.15712   0.00000   0.00017   0.05328   0.11852   0.06811   0.07521   0.05456   0.08742   0.06388   0.06569   0.00079   0.01776   0.04050   0.03437   0.04919   0.00680   0.05260   0.00376   0.05410   0.06269   0.07777   0.02975   0.01180   0.03899   0.06798   0.06651   2.23924   0.85612   0.50282   1.60451  
 21 570.8177   7753.039783  x:  0.00000   0.00011   0.07958   0.07764   0.01331   0.04039   0.09104   0.00000   0.18427   0.04027   0.02994   0.13791   0.00000   0.09457   0.08368   0.05479   0.08986   0.06218   0.03488   0.12487   0.00000   0.07102   0.04979   0.07445   0.04581   0.09724   0.11963   0.00000   0.16030   0.00000   0.00000   0.05311   0.11747   0.06771   0.07515   0.05441   0.08736   0.06363   0.06404   0.00080   0.01399   0.04151   0.03588   0.04771   0.01029   0.05204   0.00322   0.05323   0.06177   0.07737   0.02847   0.01635   0.04002   0.06778   0.06631   2.30080   0.84061   0.47395   1.61048  
 22 1210.5734   7749.012157  x:  0.00000   0.00012   0.07350   0.07474   0.02334   0.04257   0.08874   0.00000   0.18052   0.03692   0.02424   0.14031   0.00000   0.09318   0.08160   0.05149   0.08978   0.05621   0.03824   0.12566   0.00000   0.07214   0.04817   0.07661   0.04632   0.09652   0.12226   0.00000   0.15927   0.00000   0.00003   0.05272   0.11824   0.06401   0.07287   0.05214   0.08661   0.06395   0.06926   0.00024   0.02301   0.04010   0.03294   0.04601   0.00555   0.05882   0.00451   0.05130   0.06118   0.07555   0.03306   0.01730   0.03917   0.06692   0.06528   2.42622   0.81419   0.41779   1.62239  
 23 876.3992   7747.396867  x:  0.00000   0.00014   0.07064   0.07323   0.02053   0.04218   0.09087   0.00000   0.17938   0.02672   0.02566   0.14171   0.00000   0.09371   0.08126   0.04964   0.08994   0.05500   0.03605   0.12720   0.00000   0.07240   0.04718   0.07786   0.04656   0.09619   0.12426   0.00000   0.15501   0.00000   0.00046   0.05227   0.11913   0.06243   0.07182   0.05085   0.08600   0.06388   0.07216   0.00071   0.02030   0.03880   0.02990   0.04597   0.00882   0.06038   0.00513   0.05152   0.06139   0.07481   0.03462   0.01511   0.03699   0.06623   0.06460   2.47800   0.80653   0.39750   1.62699  
 24 651.8118   7746.669703  x:  0.00000   0.00014   0.07032   0.07229   0.01565   0.04056   0.09503   0.00000   0.17882   0.02665   0.02515   0.14307   0.00000   0.09482   0.08177   0.04884   0.09023   0.05642   0.03120   0.12828   0.00000   0.07154   0.04600   0.07813   0.04632   0.09560   0.12561   0.00000   0.15050   0.00000   0.00059   0.05167   0.11956   0.06204   0.07175   0.04999   0.08552   0.06331   0.07237   0.00072   0.02299   0.03965   0.02844   0.04654   0.00776   0.05847   0.00538   0.05215   0.06111   0.07436   0.03383   0.01950   0.03529   0.06542   0.06393   2.50459   0.80823   0.39201   1.62886  
 25 221.6543   7745.867874  x:  0.00000   0.00015   0.07165   0.07148   0.02085   0.03913   0.10066   0.00000   0.17783   0.02873   0.02514   0.14497   0.00000   0.09628   0.08293   0.04857   0.09073   0.05907   0.02597   0.12913   0.00000   0.06978   0.04440   0.07767   0.04568   0.09436   0.12708   0.00000   0.14510   0.00000   0.00067   0.05079   0.11952   0.06226   0.07223   0.04928   0.08495   0.06212   0.07095   0.00087   0.02224   0.04105   0.02826   0.04673   0.00840   0.05517   0.00521   0.05264   0.06013   0.07366   0.03216   0.01705   0.03423   0.06428   0.06298   2.53722   0.81733   0.39256   1.63038  
 26 188.4515   7743.890954  x:  0.00000   0.00015   0.07625   0.07091   0.01894   0.03776   0.10604   0.00000   0.17568   0.02648   0.02321   0.14929   0.00000   0.09673   0.08479   0.04922   0.09149   0.06095   0.03706   0.12812   0.00000   0.06650   0.04272   0.07482   0.04406   0.09070   0.12663   0.00000   0.14428   0.00000   0.00070   0.05034   0.11693   0.06309   0.07372   0.04892   0.08402   0.05963   0.06897   0.00058   0.02141   0.03962   0.02977   0.04465   0.00766   0.05767   0.00504   0.05122   0.05703   0.07224   0.03232   0.01660   0.03727   0.06276   0.06147   2.62409   0.85338   0.41371   1.63215  
 27 193.9779   7741.916548  x:  0.00000   0.00016   0.07077   0.07064   0.01682   0.04098   0.10163   0.00000   0.17872   0.02883   0.02305   0.14724   0.00000   0.09359   0.07981   0.04808   0.09012   0.05070   0.03052   0.12652   0.00000   0.06828   0.04634   0.07596   0.04430   0.09000   0.12468   0.00000   0.15004   0.00000   0.00071   0.05099   0.11555   0.06044   0.07083   0.04887   0.08356   0.06061   0.07008   0.00071   0.01959   0.03815   0.02838   0.04327   0.00768   0.05723   0.00466   0.04994   0.05877   0.07211   0.03320   0.01573   0.03625   0.06368   0.06212   2.71088   0.88159   0.44897   1.63154  
 28 287.2894   7740.537271  x:  0.00000   0.00017   0.06673   0.07105   0.01883   0.03888   0.09588   0.00000   0.18619   0.02632   0.02333   0.14267   0.00000   0.09207   0.07788   0.04719   0.08958   0.06069   0.03122   0.12748   0.00000   0.07207   0.04493   0.07728   0.04629   0.09351   0.12462   0.00000   0.15217   0.00000   0.00080   0.05025   0.11745   0.06026   0.06998   0.04918   0.08426   0.06253   0.07180   0.00079   0.02153   0.04018   0.03047   0.04634   0.00770   0.05676   0.00494   0.05246   0.06087   0.07316   0.02906   0.01689   0.03398   0.06470   0.06329   2.78050   0.88608   0.48569   1.62896  
 29 225.7569   7739.371267  x:  0.00000   0.00016   0.07189   0.07261   0.01935   0.03930   0.09614   0.00000   0.18964   0.02867   0.02625   0.14091   0.00000   0.09493   0.08273   0.04943   0.09075   0.06162   0.03144   0.12975   0.00000   0.07245   0.04345   0.07808   0.04759   0.09750   0.12608   0.00000   0.14853   0.00000   0.00088   0.05100   0.12039   0.06360   0.07286   0.05001   0.08583   0.06331   0.07168   0.00066   0.02253   0.03965   0.02780   0.04832   0.00871   0.05837   0.00528   0.05266   0.06107   0.07453   0.03873   0.01750   0.03652   0.06549   0.06419   2.84322   0.87891   0.52466   1.62517  
 30 239.7086   7738.870321  x:  0.00000   0.00015   0.07494   0.07373   0.01994   0.04127   0.09923   0.00000   0.18623   0.02681   0.02535   0.14362   0.00000   0.09754   0.08556   0.05097   0.09182   0.05753   0.03144   0.13064   0.00000   0.07125   0.04577   0.07850   0.04730   0.09805   0.12725   0.00000   0.14749   0.00000   0.00087   0.05231   0.12124   0.06486   0.07415   0.05071   0.08662   0.06312   0.07285   0.00054   0.02320   0.04053   0.03021   0.04825   0.00839   0.05946   0.00546   0.05270   0.06115   0.07560   0.03378   0.01816   0.03705   0.06585   0.06460   2.86834   0.87279   0.54274   1.62315  
 31 158.4749   7738.754350  x:  0.00000   0.00016   0.07322   0.07376   0.01992   0.04076   0.10159   0.00000   0.18198   0.02739   0.02527   0.14646   0.00000   0.09827   0.08431   0.05027   0.09212   0.05839   0.03269   0.13101   0.00000   0.07156   0.04689   0.07867   0.04691   0.09691   0.12818   0.00000   0.14860   0.00000   0.00084   0.05226   0.12117   0.06385   0.07332   0.05084   0.08665   0.06326   0.07272   0.00058   0.02298   0.04064   0.02913   0.04734   0.00843   0.05834   0.00539   0.05300   0.06166   0.07565   0.03436   0.01795   0.03658   0.06619   0.06486   2.87317   0.87064   0.54789   1.62259  
 32 40.0728   7738.736239  x:  0.00000   0.00016   0.07298   0.07373   0.01977   0.04075   0.10195   0.00000   0.18107   0.02736   0.02523   0.14685   0.00000   0.09817   0.08377   0.05010   0.09232   0.05866   0.03203   0.13126   0.00000   0.07191   0.04621   0.07860   0.04695   0.09638   0.12854   0.00000   0.14905   0.00000   0.00083   0.05221   0.12118   0.06393   0.07345   0.05087   0.08670   0.06352   0.07253   0.00057   0.02284   0.04082   0.03022   0.04773   0.00839   0.05917   0.00538   0.05287   0.06172   0.07559   0.03484   0.01791   0.03702   0.06631   0.06492   2.87361   0.87044   0.54847   1.62270  
 33 10.3152   7738.680216  x:  0.00000   0.00016   0.07355   0.07382   0.01977   0.04126   0.10198   0.00000   0.18000   0.02751   0.02529   0.14640   0.00000   0.09752   0.08309   0.05008   0.09314   0.05841   0.03205   0.13253   0.00000   0.07324   0.04451   0.07895   0.04763   0.09486   0.12956   0.00000   0.14970   0.00000   0.00084   0.05237   0.12149   0.06470   0.07417   0.05095   0.08697   0.06419   0.07196   0.00061   0.02287   0.03981   0.02885   0.04882   0.00844   0.05927   0.00537   0.05270   0.06173   0.07561   0.03372   0.01795   0.03726   0.06641   0.06502   2.87417   0.87032   0.54894   1.62384  
 34  5.0437   7738.261768  x:  0.00000   0.00015   0.07584   0.07419   0.01944   0.04057   0.10059   0.00000   0.17868   0.02866   0.02569   0.14426   0.00000   0.09576   0.08554   0.05044   0.09592   0.05751   0.03358   0.13787   0.00000   0.07489   0.04582   0.08207   0.05018   0.08893   0.13287   0.00000   0.15176   0.00000   0.00082   0.05252   0.12280   0.06555   0.07468   0.05082   0.08760   0.06471   0.07573   0.00069   0.02264   0.04222   0.03095   0.05005   0.00863   0.05752   0.00526   0.05434   0.06146   0.07592   0.03525   0.01779   0.03378   0.06575   0.06490   2.87783   0.86980   0.55017   1.63376  
 35 11.9492   7735.338229  x:  0.00000   0.00022   0.07353   0.07492   0.01856   0.03888   0.09569   0.00000   0.18436   0.03178   0.02573   0.14383   0.00000   0.09471   0.09572   0.05119   0.10025   0.06461   0.02972   0.15160   0.00000   0.06798   0.05506   0.08542   0.05228   0.07631   0.13910   0.00000   0.15862   0.00000   0.00121   0.05195   0.12633   0.06160   0.07063   0.05069   0.08767   0.06159   0.07912   0.00085   0.02240   0.04014   0.02857   0.04305   0.00902   0.06400   0.00533   0.05350   0.06251   0.07770   0.03115   0.01804   0.04897   0.06792   0.06587   2.90667   0.85940   0.55830   1.70605  
 36 58.3219   7718.412779  x:  0.00000   0.00050   0.07382   0.07497   0.01526   0.05179   0.09657   0.00000   0.22505   0.04345   0.02167   0.18595   0.00000   0.10073   0.09717   0.05220   0.10010   0.06772   0.03241   0.16243   0.00000   0.05428   0.04246   0.06361   0.03721   0.09223   0.14023   0.00000   0.20297   0.00000   0.00313   0.05480   0.12842   0.06413   0.08269   0.05462   0.09085   0.05436   0.08437   0.00465   0.02217   0.03094   0.03482   0.04040   0.01174   0.07282   0.00598   0.05614   0.06319   0.07680   0.02750   0.01886   0.02515   0.06273   0.06577   3.07223   0.79505   0.60215   2.11192  
 37 325.3528   7710.959851  x:  0.00000   0.00055   0.08755   0.07555   0.01540   0.03922   0.10671   0.00000   0.24039   0.04652   0.01748   0.21086   0.00000   0.10430   0.09391   0.05431   0.09826   0.06649   0.03225   0.14247   0.00000   0.07329   0.04659   0.07704   0.04010   0.11244   0.13446   0.00000   0.22478   0.00000   0.00405   0.05335   0.12499   0.06808   0.08916   0.05397   0.09449   0.06641   0.09945   0.00541   0.02053   0.04461   0.02781   0.04963   0.01312   0.07546   0.00613   0.06234   0.05937   0.07637   0.02465   0.01886   0.03863   0.06563   0.06574   3.14962   0.76881   0.62002   2.30202  
 38 746.5104   7710.157522  x:  0.00000   0.00055   0.08980   0.07648   0.01539   0.03947   0.11131   0.00000   0.24174   0.04668   0.01772   0.21163   0.00000   0.10324   0.09499   0.05572   0.10155   0.06880   0.03179   0.13221   0.00000   0.07338   0.04679   0.08501   0.04864   0.11539   0.13642   0.00000   0.22752   0.00000   0.00411   0.05473   0.12637   0.06727   0.08715   0.05289   0.09599   0.06788   0.09766   0.00560   0.02125   0.03839   0.03110   0.04682   0.01317   0.07555   0.00638   0.05937   0.06005   0.07833   0.02487   0.01914   0.03581   0.06775   0.06698   3.15786   0.76622   0.62153   2.32163  
 39 122.0412   7710.091035  x:  0.00000   0.00055   0.08910   0.07660   0.01520   0.03995   0.11235   0.00000   0.24157   0.04677   0.01750   0.21002   0.00000   0.10255   0.09590   0.05506   0.10292   0.06835   0.03213   0.12901   0.00000   0.07207   0.04527   0.08501   0.04893   0.11541   0.13800   0.00000   0.22818   0.00000   0.00411   0.05436   0.12737   0.06738   0.08636   0.05307   0.09607   0.06725   0.09761   0.00563   0.02094   0.04035   0.03015   0.04663   0.01315   0.07631   0.00629   0.06025   0.06062   0.07862   0.02472   0.01899   0.03575   0.06754   0.06726   3.15838   0.76596   0.62188   2.32335  
 40 24.3365   7710.077929  x:  0.00000   0.00055   0.08889   0.07646   0.01529   0.03934   0.11296   0.00000   0.24174   0.04663   0.01754   0.20909   0.00000   0.10240   0.09606   0.05440   0.10353   0.06816   0.03209   0.12822   0.00000   0.07214   0.04578   0.08462   0.04801   0.11553   0.13894   0.00000   0.22887   0.00000   0.00410   0.05443   0.12784   0.06765   0.08654   0.05321   0.09606   0.06706   0.09762   0.00560   0.02101   0.03973   0.03038   0.04692   0.01316   0.07600   0.00633   0.06029   0.06008   0.07831   0.02475   0.01904   0.03598   0.06725   0.06711   3.15868   0.76578   0.62191   2.32389  
 41  8.3107   7710.063845  x:  0.00000   0.00055   0.08933   0.07641   0.01526   0.04044   0.11388   0.00000   0.24177   0.04648   0.01755   0.20798   0.00000   0.10278   0.09591   0.05454   0.10396   0.06881   0.03194   0.12828   0.00000   0.07256   0.04646   0.08428   0.04734   0.11589   0.13927   0.00000   0.22966   0.00000   0.00410   0.05439   0.12779   0.06749   0.08679   0.05304   0.09600   0.06731   0.09784   0.00558   0.02102   0.04004   0.03022   0.04668   0.01316   0.07600   0.00636   0.05977   0.06029   0.07819   0.02489   0.01908   0.03592   0.06748   0.06689   3.15918   0.76572   0.62185   2.32497  
 42  3.5542   7709.978392  x:  0.00000   0.00054   0.09037   0.07657   0.01564   0.03797   0.11615   0.00000   0.24160   0.04592   0.01757   0.20476   0.00000   0.10461   0.09550   0.05496   0.10402   0.06814   0.03167   0.13047   0.00000   0.07188   0.04562   0.08362   0.04769   0.11758   0.13911   0.00000   0.23240   0.00000   0.00407   0.05458   0.12693   0.06617   0.08703   0.05248   0.09594   0.06776   0.09756   0.00551   0.02094   0.04027   0.02995   0.04518   0.01306   0.07636   0.00636   0.05991   0.06135   0.07877   0.02494   0.01913   0.03551   0.06826   0.06704   3.16181   0.76503   0.62238   2.33218  
 43  6.5729   7709.503059  x:  0.00000   0.00052   0.08831   0.07604   0.01569   0.04122   0.12030   0.00000   0.24212   0.04440   0.01739   0.20278   0.00000   0.10697   0.09781   0.05408   0.10192   0.06869   0.03083   0.13625   0.00000   0.06910   0.04475   0.08679   0.05215   0.12172   0.13831   0.00000   0.23900   0.00000   0.00382   0.05333   0.12624   0.06613   0.08659   0.05341   0.09610   0.06569   0.09698   0.00494   0.01957   0.03930   0.02951   0.04792   0.01279   0.07465   0.00636   0.06381   0.05693   0.07876   0.02623   0.01902   0.03738   0.06559   0.06805   3.17510   0.76133   0.62685   2.37331  
 44 28.7239   7707.684283  x:  0.00000   0.00043   0.08628   0.07575   0.01525   0.03831   0.11821   0.00000   0.24955   0.04086   0.01653   0.21253   0.00000   0.10281   0.10577   0.05261   0.10299   0.07069   0.02748   0.14350   0.00000   0.07251   0.04473   0.09056   0.05224   0.12288   0.14438   0.00000   0.24312   0.00000   0.00262   0.05643   0.13319   0.07238   0.08726   0.05568   0.09814   0.06299   0.09410   0.00331   0.01359   0.04210   0.02549   0.04538   0.01147   0.07452   0.00601   0.05554   0.06075   0.07577   0.02861   0.01793   0.03489   0.06474   0.06698   3.22231   0.74728   0.64530   2.52492  
 45 138.0697   7706.889462  x:  0.00000   0.00036   0.09007   0.07664   0.01519   0.03982   0.11514   0.00000   0.25627   0.03880   0.01663   0.21903   0.00000   0.10148   0.10388   0.05422   0.10789   0.07057   0.02624   0.14343   0.00000   0.07302   0.04404   0.08868   0.04957   0.11862   0.14941   0.00000   0.24178   0.00000   0.00216   0.05322   0.13583   0.06855   0.08726   0.05366   0.09899   0.06723   0.09382   0.00240   0.01176   0.03948   0.02593   0.04238   0.01092   0.07214   0.00585   0.06346   0.06090   0.07789   0.03044   0.01780   0.03598   0.06842   0.06720   3.24425   0.74017   0.65359   2.59375  
 46 246.5233   7706.797368  x:  0.00000   0.00035   0.09107   0.07671   0.01527   0.03940   0.11455   0.00000   0.25849   0.03835   0.01644   0.21967   0.00000   0.10315   0.10153   0.05399   0.10898   0.07077   0.02610   0.14225   0.00000   0.07143   0.04483   0.08823   0.05032   0.11555   0.14999   0.00000   0.24163   0.00000   0.00210   0.05419   0.13462   0.06654   0.08802   0.05325   0.09879   0.06741   0.09351   0.00231   0.01140   0.04035   0.02510   0.04414   0.01089   0.07239   0.00588   0.06212   0.05929   0.07878   0.03070   0.01772   0.03550   0.06749   0.06799   3.24697   0.73874   0.65471   2.60163  
 47 41.0268   7706.783245  x:  0.00000   0.00035   0.09096   0.07658   0.01534   0.03944   0.11486   0.00000   0.25950   0.03812   0.01638   0.21962   0.00000   0.10410   0.10115   0.05372   0.10890   0.07067   0.02605   0.14163   0.00000   0.07169   0.04466   0.08830   0.05074   0.11390   0.14967   0.00000   0.24177   0.00000   0.00211   0.05374   0.13361   0.06708   0.08865   0.05364   0.09861   0.06692   0.09371   0.00227   0.01146   0.04026   0.02520   0.04354   0.01087   0.07205   0.00590   0.06217   0.05985   0.07838   0.03080   0.01777   0.03568   0.06707   0.06800   3.24757   0.73824   0.65488   2.60283  
 48 11.0595   7706.781196  x:  0.00000   0.00035   0.09080   0.07658   0.01538   0.03943   0.11517   0.00000   0.25980   0.03806   0.01636   0.21958   0.00000   0.10409   0.10142   0.05392   0.10873   0.07065   0.02605   0.14150   0.00000   0.07186   0.04455   0.08832   0.05057   0.11336   0.14938   0.00000   0.24189   0.00000   0.00210   0.05403   0.13337   0.06712   0.08843   0.05360   0.09865   0.06693   0.09354   0.00228   0.01148   0.04028   0.02517   0.04363   0.01087   0.07208   0.00591   0.06229   0.05968   0.07827   0.03084   0.01778   0.03557   0.06742   0.06783   3.24774   0.73810   0.65489   2.60299  
 49  3.0987   7706.779308  x:  0.00000   0.00035   0.09085   0.07665   0.01541   0.03937   0.11546   0.00000   0.25999   0.03799   0.01633   0.21958   0.00000   0.10379   0.10153   0.05403   0.10850   0.07059   0.02607   0.14150   0.00000   0.07180   0.04456   0.08836   0.05038   0.11306   0.14913   0.00000   0.24202   0.00000   0.00211   0.05358   0.13343   0.06712   0.08824   0.05353   0.09875   0.06717   0.09342   0.00229   0.01150   0.04026   0.02516   0.04375   0.01087   0.07209   0.00591   0.06211   0.05973   0.07842   0.03085   0.01779   0.03550   0.06723   0.06784   3.24796   0.73798   0.65490   2.60311  
 50  1.2650   7706.765455  x:  0.00000   0.00035   0.09125   0.07653   0.01548   0.03948   0.11606   0.00000   0.26029   0.03787   0.01634   0.21957   0.00000   0.10280   0.10106   0.05395   0.10782   0.07080   0.02604   0.14152   0.00000   0.07140   0.04450   0.08838   0.05018   0.11253   0.14853   0.00000   0.24226   0.00000   0.00208   0.05467   0.13424   0.06725   0.08842   0.05346   0.09886   0.06753   0.09377   0.00225   0.01164   0.04027   0.02520   0.04327   0.01088   0.07189   0.00589   0.06236   0.05997   0.07874   0.03097   0.01782   0.03579   0.06646   0.06821   3.24938   0.73771   0.65490   2.60389  
 51  1.3965   7706.550882  x:  0.00000   0.00037   0.09288   0.07538   0.01545   0.03918   0.11580   0.00000   0.26164   0.03806   0.01628   0.22035   0.00000   0.10167   0.09912   0.05425   0.10664   0.07105   0.02623   0.14177   0.00000   0.07094   0.04487   0.08817   0.05131   0.11060   0.14736   0.00000   0.24433   0.00000   0.00208   0.05284   0.14013   0.06603   0.09106   0.05387   0.09840   0.06446   0.09464   0.00213   0.01280   0.04075   0.02515   0.04227   0.01104   0.07272   0.00542   0.06197   0.05767   0.07684   0.03106   0.01794   0.03498   0.07011   0.06879   3.27009   0.73534   0.65563   2.61582  
 52  6.8432   7705.950613  x:  0.00000   0.00042   0.09221   0.07606   0.01519   0.03957   0.11047   0.00000   0.26581   0.03904   0.01632   0.22583   0.00000   0.10652   0.10393   0.05562   0.11112   0.07180   0.02716   0.14288   0.00000   0.07199   0.04414   0.08751   0.05131   0.10937   0.15139   0.00000   0.25124   0.00000   0.00197   0.05435   0.14138   0.06343   0.09137   0.05195   0.09903   0.06671   0.09437   0.00190   0.01630   0.04004   0.02654   0.04428   0.01165   0.07246   0.00401   0.06202   0.06103   0.07761   0.03191   0.01830   0.03550   0.06701   0.06653   3.32855   0.73023   0.65686   2.64965  
 53 67.8642   7705.806027  x:  0.00000   0.00043   0.09220   0.07668   0.01499   0.03960   0.10951   0.00000   0.26690   0.03945   0.01641   0.22643   0.00000   0.10515   0.10364   0.05405   0.11258   0.07233   0.02714   0.14402   0.00000   0.07153   0.04439   0.08796   0.05056   0.10998   0.15373   0.00000   0.25136   0.00000   0.00201   0.05417   0.13675   0.06631   0.09029   0.05247   0.09978   0.06840   0.09454   0.00193   0.01708   0.04049   0.02645   0.04185   0.01175   0.07373   0.00369   0.06191   0.05823   0.07907   0.03192   0.01832   0.03457   0.06731   0.06765   3.34235   0.72866   0.65734   2.65759  
 54 56.8195   7705.791219  x:  0.00000   0.00043   0.09283   0.07648   0.01504   0.03961   0.10967   0.00000   0.26723   0.03934   0.01642   0.22674   0.00000   0.10379   0.10346   0.05389   0.11292   0.07237   0.02716   0.14431   0.00000   0.07099   0.04439   0.08809   0.05045   0.11031   0.15430   0.00000   0.25151   0.00000   0.00202   0.05423   0.13520   0.06610   0.08997   0.05268   0.09995   0.06763   0.09480   0.00187   0.01722   0.04041   0.02649   0.04244   0.01178   0.07342   0.00366   0.06182   0.05895   0.07855   0.03202   0.01837   0.03480   0.06784   0.06791   3.34386   0.72833   0.65739   2.65842  
 55 12.5662   7705.790554  x:  0.00000   0.00043   0.09287   0.07644   0.01502   0.03961   0.10969   0.00000   0.26721   0.03936   0.01642   0.22669   0.00000   0.10358   0.10350   0.05398   0.11292   0.07236   0.02714   0.14430   0.00000   0.07118   0.04434   0.08805   0.05049   0.11034   0.15433   0.00000   0.25144   0.00000   0.00202   0.05422   0.13504   0.06585   0.08999   0.05264   0.09987   0.06748   0.09479   0.00187   0.01721   0.04041   0.02649   0.04233   0.01178   0.07348   0.00366   0.06183   0.05885   0.07849   0.03199   0.01837   0.03480   0.06761   0.06780   3.34391   0.72828   0.65744   2.65846  
 56  1.9202   7705.788503  x:  0.00000   0.00043   0.09263   0.07639   0.01502   0.03961   0.10976   0.00000   0.26721   0.03938   0.01641   0.22672   0.00000   0.10325   0.10373   0.05389   0.11271   0.07235   0.02717   0.14424   0.00000   0.07105   0.04448   0.08789   0.05075   0.11034   0.15447   0.00000   0.25148   0.00000   0.00203   0.05420   0.13485   0.06576   0.09063   0.05249   0.09952   0.06774   0.09476   0.00188   0.01719   0.04043   0.02648   0.04236   0.01178   0.07348   0.00366   0.06184   0.05889   0.07866   0.03199   0.01836   0.03479   0.06777   0.06752   3.34429   0.72822   0.65746   2.65877  
 57  0.3614   7705.679228  x:  0.00000   0.00046   0.09192   0.07847   0.01497   0.03971   0.10974   0.00000   0.26763   0.03993   0.01662   0.22704   0.00000   0.10312   0.10534   0.05626   0.10938   0.07278   0.02762   0.14381   0.00000   0.07158   0.04426   0.08698   0.05060   0.10975   0.15688   0.00000   0.25427   0.00000   0.00208   0.05428   0.13453   0.06508   0.09204   0.05340   0.09980   0.06815   0.09589   0.00182   0.01682   0.04026   0.02694   0.04228   0.01190   0.07353   0.00401   0.06145   0.05872   0.07745   0.03164   0.01843   0.03470   0.06780   0.07180   3.36574   0.72650   0.65671   2.67680  
 58  1.6981   7705.360559  x:  0.00000   0.00056   0.09439   0.07572   0.01499   0.04001   0.10868   0.00000   0.26870   0.04165   0.01727   0.22808   0.00000   0.10288   0.10467   0.05609   0.10718   0.07405   0.02876   0.14409   0.00000   0.07071   0.04524   0.08790   0.05012   0.10830   0.15641   0.00000   0.26273   0.00000   0.00222   0.05439   0.13501   0.06765   0.09064   0.05325   0.10109   0.06569   0.09612   0.00162   0.01562   0.03990   0.02769   0.04240   0.01218   0.07640   0.00485   0.06267   0.05962   0.07923   0.03053   0.01845   0.03392   0.06705   0.06729   3.42774   0.72045   0.65545   2.72906  
 59 72.5403   7705.292685  x:  0.00000   0.00058   0.09389   0.07656   0.01503   0.04007   0.10883   0.00000   0.26883   0.04194   0.01728   0.22846   0.00000   0.10204   0.10532   0.05514   0.11090   0.07425   0.02894   0.14452   0.00000   0.07005   0.04408   0.08738   0.05031   0.10822   0.15272   0.00000   0.26426   0.00000   0.00224   0.05440   0.13522   0.06767   0.09053   0.05335   0.10011   0.06637   0.09801   0.00154   0.01530   0.03973   0.02805   0.04209   0.01223   0.07560   0.00509   0.06147   0.05889   0.07834   0.03028   0.01845   0.03435   0.06717   0.06691   3.44082   0.71896   0.65535   2.74017  
 60 47.3461   7705.286133  x:  0.00000   0.00058   0.09381   0.07672   0.01510   0.04004   0.10901   0.00000   0.26892   0.04197   0.01732   0.22859   0.00000   0.10182   0.10556   0.05478   0.11180   0.07427   0.02892   0.14469   0.00000   0.07035   0.04460   0.08735   0.05034   0.10825   0.15193   0.00000   0.26439   0.00000   0.00224   0.05445   0.13525   0.06763   0.09092   0.05351   0.10004   0.06622   0.09741   0.00156   0.01532   0.03978   0.02798   0.04221   0.01224   0.07606   0.00510   0.06194   0.05916   0.07837   0.03030   0.01847   0.03413   0.06706   0.06759   3.44216   0.71887   0.65523   2.74133  
 61  9.9599   7705.285991  x:  0.00000   0.00058   0.09379   0.07663   0.01509   0.04005   0.10901   0.00000   0.26891   0.04197   0.01732   0.22859   0.00000   0.10183   0.10562   0.05473   0.11182   0.07427   0.02892   0.14468   0.00000   0.07040   0.04457   0.08734   0.05032   0.10825   0.15189   0.00000   0.26438   0.00000   0.00224   0.05444   0.13523   0.06758   0.09097   0.05353   0.10018   0.06617   0.09745   0.00156   0.01531   0.03978   0.02799   0.04221   0.01224   0.07602   0.00510   0.06190   0.05916   0.07850   0.03030   0.01846   0.03414   0.06710   0.06764   3.44218   0.71888   0.65524   2.74146  
 62  0.7441   7705.285101  x:  0.00000   0.00058   0.09365   0.07664   0.01509   0.04004   0.10900   0.00000   0.26884   0.04199   0.01732   0.22852   0.00000   0.10181   0.10557   0.05480   0.11186   0.07428   0.02893   0.14467   0.00000   0.07026   0.04461   0.08741   0.05030   0.10826   0.15184   0.00000   0.26431   0.00000   0.00224   0.05443   0.13519   0.06750   0.09119   0.05349   0.10072   0.06628   0.09743   0.00156   0.01530   0.03979   0.02797   0.04217   0.01224   0.07608   0.00509   0.06195   0.05915   0.07825   0.03028   0.01846   0.03414   0.06705   0.06752   3.44225   0.71880   0.65549   2.74336  
 63  0.4802   7705.165189  x:  0.00000   0.00068   0.09257   0.07938   0.01538   0.04014   0.10974   0.00000   0.26494   0.04167   0.01667   0.22937   0.00000   0.10261   0.10507   0.05505   0.11132   0.07436   0.02821   0.14447   0.00000   0.07015   0.04462   0.08784   0.04907   0.10948   0.15171   0.00000   0.26594   0.00000   0.00221   0.05445   0.13529   0.06759   0.09184   0.05262   0.10077   0.06439   0.09791   0.00123   0.01507   0.03962   0.02722   0.04241   0.01211   0.07621   0.00457   0.06219   0.05952   0.07974   0.03036   0.01832   0.03471   0.06753   0.06761   3.45394   0.70668   0.68831   3.00747  
 64  6.4745   7705.126728  x:  0.00000   0.00071   0.09285   0.07690   0.01542   0.04020   0.10988   0.00000   0.26356   0.04168   0.01644   0.22949   0.00000   0.10305   0.10564   0.05493   0.11106   0.07433   0.02803   0.14430   0.00000   0.07005   0.04480   0.08698   0.04951   0.10979   0.15166   0.00000   0.26625   0.00000   0.00221   0.05445   0.13534   0.06718   0.09109   0.05411   0.10041   0.06583   0.09784   0.00119   0.01491   0.03953   0.02699   0.04241   0.01205   0.07646   0.00438   0.06226   0.05960   0.07885   0.03023   0.01825   0.03463   0.06753   0.06831   3.45760   0.70272   0.69900   3.09241  
 65 258.9587   7705.126400  x:  0.00000   0.00071   0.09286   0.07697   0.01543   0.04020   0.10992   0.00000   0.26357   0.04167   0.01643   0.22952   0.00000   0.10302   0.10564   0.05490   0.11105   0.07433   0.02801   0.14430   0.00000   0.07012   0.04488   0.08668   0.04974   0.10979   0.15167   0.00000   0.26626   0.00000   0.00221   0.05445   0.13536   0.06725   0.09097   0.05408   0.10054   0.06581   0.09786   0.00119   0.01492   0.03954   0.02698   0.04242   0.01206   0.07645   0.00438   0.06227   0.05959   0.07886   0.03024   0.01826   0.03466   0.06753   0.06828   3.45764   0.70269   0.69905   3.09302  
 66  2.0438   7705.120706  x:  0.00000   0.00071   0.09238   0.07650   0.01545   0.04002   0.11000   0.00000   0.26357   0.04160   0.01643   0.22952   0.00000   0.10286   0.10527   0.05608   0.11149   0.07427   0.02798   0.14431   0.00000   0.07002   0.04500   0.08655   0.04982   0.10985   0.15170   0.00000   0.26636   0.00000   0.00220   0.05439   0.13533   0.06768   0.09103   0.05415   0.10044   0.06567   0.09792   0.00116   0.01493   0.03962   0.02692   0.04247   0.01205   0.07636   0.00437   0.06227   0.05954   0.07913   0.03032   0.01826   0.03475   0.06743   0.06835   3.45787   0.70308   0.69860   3.09309  
 67  0.0530   7704.941739  x:  0.00000   0.00090   0.09229   0.07614   0.01533   0.03982   0.10902   0.00000   0.26160   0.04153   0.01647   0.22727   0.00000   0.10239   0.10369   0.05431   0.11083   0.07334   0.02711   0.14342   0.00000   0.07046   0.04409   0.08668   0.04969   0.10886   0.15134   0.00000   0.26685   0.00000   0.00212   0.05370   0.13378   0.06651   0.09001   0.05305   0.09964   0.06618   0.09786   0.00065   0.01435   0.03999   0.02630   0.04274   0.01170   0.07636   0.00382   0.06213   0.05904   0.07789   0.03095   0.01801   0.03498   0.06715   0.06824   3.46319   0.71517   0.68573   3.09264  
 68  2.4884   7704.941228  x:  0.00000   0.00090   0.09229   0.07630   0.01534   0.03981   0.10905   0.00000   0.26162   0.04152   0.01648   0.22727   0.00000   0.10237   0.10365   0.05433   0.11083   0.07335   0.02710   0.14343   0.00000   0.07046   0.04410   0.08670   0.04969   0.10886   0.15136   0.00000   0.26685   0.00000   0.00212   0.05371   0.13380   0.06642   0.09002   0.05347   0.09965   0.06620   0.09785   0.00065   0.01436   0.04000   0.02629   0.04274   0.01171   0.07637   0.00382   0.06213   0.05904   0.07798   0.03096   0.01802   0.03498   0.06716   0.06808   3.46322   0.71521   0.68568   3.09270  
 69  1.8978   7704.738343  x:  0.00000   0.00124   0.09219   0.07608   0.01500   0.03958   0.10860   0.00000   0.25824   0.04183   0.01701   0.22677   0.00000   0.10200   0.10202   0.05339   0.11243   0.07216   0.02813   0.14266   0.00000   0.07071   0.04461   0.08659   0.04951   0.10678   0.15193   0.00000   0.26077   0.00000   0.00232   0.05388   0.13173   0.06590   0.08895   0.05269   0.09923   0.06669   0.09633   0.00078   0.01553   0.03979   0.02717   0.04222   0.01152   0.07568   0.00517   0.06163   0.05842   0.07818   0.03110   0.01832   0.03501   0.06700   0.06727   3.44094   0.71036   0.74372   3.48950  
 70  0.2301   7704.572222  x:  0.00000   0.00168   0.09226   0.07636   0.01543   0.04001   0.11020   0.00000   0.26275   0.04137   0.01737   0.22717   0.00000   0.10108   0.10391   0.05471   0.11047   0.07230   0.02885   0.14391   0.00000   0.07061   0.04431   0.08761   0.05044   0.10657   0.15135   0.00000   0.26068   0.00000   0.00230   0.05420   0.13564   0.06695   0.09024   0.05337   0.09940   0.06521   0.09640   0.00086   0.01502   0.03988   0.02769   0.04200   0.01154   0.07533   0.00420   0.06107   0.05924   0.07762   0.02968   0.01816   0.03456   0.06692   0.06731   3.44568   0.70419   0.80543   3.89404  
 71  0.1889   7704.492309  x:  0.00000   0.00205   0.09275   0.07620   0.01505   0.03983   0.10915   0.00000   0.26624   0.04121   0.01648   0.22686   0.00000   0.10205   0.10442   0.05437   0.11106   0.07297   0.02746   0.14388   0.00000   0.07031   0.04416   0.08745   0.04992   0.10908   0.15159   0.00000   0.26181   0.00000   0.00227   0.05398   0.13436   0.06681   0.09012   0.05318   0.09960   0.06592   0.09714   0.00082   0.01521   0.03984   0.02673   0.04220   0.01170   0.07554   0.00457   0.06182   0.05897   0.07794   0.03057   0.01829   0.03456   0.06694   0.06758   3.44921   0.70288   0.84444   4.15572  
 72  0.1493   7704.467379  x:  0.00000   0.00232   0.09253   0.07635   0.01516   0.03977   0.10897   0.00000   0.26658   0.04131   0.01718   0.22590   0.00000   0.10208   0.10371   0.05430   0.11132   0.07309   0.02823   0.14366   0.00000   0.07036   0.04447   0.08693   0.04977   0.10813   0.15158   0.00000   0.26141   0.00000   0.00220   0.05400   0.13385   0.06651   0.08985   0.05316   0.09954   0.06592   0.09699   0.00089   0.01486   0.03995   0.02716   0.04240   0.01184   0.07563   0.00441   0.06189   0.05881   0.07810   0.03075   0.01817   0.03476   0.06700   0.06754   3.44340   0.70062   0.87144   4.32636  
 73  0.0890   7704.443895  x:  0.00000   0.00258   0.09209   0.07633   0.01530   0.03996   0.10902   0.00000   0.26567   0.04121   0.01655   0.22555   0.00000   0.10159   0.10364   0.05432   0.11137   0.07312   0.02803   0.14414   0.00000   0.07061   0.04445   0.08730   0.05004   0.10804   0.15183   0.00000   0.26204   0.00000   0.00195   0.05409   0.13435   0.06666   0.08986   0.05318   0.09949   0.06579   0.09660   0.00077   0.01500   0.03972   0.02727   0.04214   0.01185   0.07554   0.00456   0.06154   0.05905   0.07793   0.02997   0.01830   0.03461   0.06700   0.06743   3.43768   0.70275   0.88059   4.36027  
 74  0.0123   7704.407105  x:  0.00000   0.00285   0.09198   0.07622   0.01507   0.03973   0.10878   0.00000   0.26290   0.04188   0.01691   0.22654   0.00000   0.10144   0.10380   0.05440   0.11066   0.07304   0.02764   0.14308   0.00000   0.07071   0.04403   0.08744   0.05013   0.10827   0.15086   0.00000   0.26365   0.00000   0.00182   0.05397   0.13438   0.06684   0.09006   0.05335   0.09961   0.06594   0.09728   0.00115   0.01519   0.03980   0.02682   0.04230   0.01195   0.07589   0.00445   0.06166   0.05935   0.07794   0.03064   0.01839   0.03450   0.06711   0.06760   3.43484   0.70544   0.85905   4.16361  
 75  0.0675   7704.355942  x:  0.00000   0.00295   0.09246   0.07639   0.01522   0.03979   0.10901   0.00000   0.26325   0.04155   0.01703   0.22787   0.00000   0.10210   0.10381   0.05432   0.11116   0.07291   0.02807   0.14357   0.00000   0.07030   0.04454   0.08716   0.04983   0.10764   0.15161   0.00000   0.26473   0.00000   0.00158   0.05402   0.13385   0.06659   0.08993   0.05327   0.09977   0.06599   0.09696   0.00092   0.01514   0.03993   0.02701   0.04219   0.01176   0.07557   0.00450   0.06193   0.05870   0.07802   0.03080   0.01829   0.03462   0.06701   0.06776   3.43926   0.70811   0.79300   3.68246  
 76  0.1998   7704.324346  x:  0.00000   0.00308   0.09258   0.07644   0.01537   0.04000   0.10931   0.00000   0.26553   0.04137   0.01675   0.22700   0.00000   0.10228   0.10370   0.05438   0.11151   0.07292   0.02824   0.14385   0.00000   0.07041   0.04468   0.08694   0.04978   0.10844   0.15182   0.00000   0.26261   0.00000   0.00186   0.05410   0.13392   0.06656   0.09001   0.05325   0.09965   0.06596   0.09688   0.00097   0.01492   0.03982   0.02728   0.04233   0.01165   0.07564   0.00450   0.06189   0.05886   0.07814   0.03038   0.01814   0.03472   0.06705   0.06764   3.43347   0.71294   0.74394   3.36979  
 77  0.1702   7704.310115  x:  0.00000   0.00334   0.09232   0.07643   0.01514   0.03991   0.10912   0.00000   0.26605   0.04125   0.01686   0.22623   0.00000   0.10199   0.10394   0.05438   0.11135   0.07314   0.02788   0.14393   0.00000   0.07055   0.04440   0.08709   0.04999   0.10879   0.15167   0.00000   0.26150   0.00000   0.00200   0.05411   0.13436   0.06679   0.09005   0.05327   0.09967   0.06583   0.09680   0.00081   0.01497   0.03982   0.02707   0.04233   0.01174   0.07561   0.00450   0.06173   0.05915   0.07809   0.03040   0.01825   0.03466   0.06709   0.06760   3.43272   0.71069   0.75955   3.50996  
 78  0.1018   7704.305579  x:  0.00000   0.00353   0.09231   0.07637   0.01518   0.03983   0.10915   0.00000   0.26509   0.04136   0.01684   0.22655   0.00000   0.10199   0.10402   0.05437   0.11117   0.07318   0.02790   0.14376   0.00000   0.07050   0.04433   0.08721   0.05002   0.10855   0.15156   0.00000   0.26182   0.00000   0.00204   0.05407   0.13436   0.06680   0.09004   0.05328   0.09971   0.06582   0.09697   0.00081   0.01508   0.03986   0.02701   0.04233   0.01180   0.07567   0.00448   0.06178   0.05908   0.07808   0.03057   0.01829   0.03466   0.06708   0.06766   3.43460   0.71048   0.74840   3.43424  
 79  0.0602   7704.304985  x:  0.00000   0.00358   0.09238   0.07638   0.01523   0.03985   0.10923   0.00000   0.26493   0.04135   0.01684   0.22666   0.00000   0.10209   0.10398   0.05437   0.11124   0.07316   0.02799   0.14380   0.00000   0.07047   0.04443   0.08720   0.04999   0.10843   0.15166   0.00000   0.26197   0.00000   0.00206   0.05407   0.13428   0.06674   0.09003   0.05327   0.09970   0.06583   0.09698   0.00082   0.01506   0.03987   0.02707   0.04233   0.01181   0.07565   0.00448   0.06183   0.05900   0.07809   0.03053   0.01827   0.03470   0.06707   0.06767   3.43545   0.71050   0.75135   3.45585  
 80  0.0190   7704.304921  x:  0.00000   0.00359   0.09239   0.07639   0.01521   0.03986   0.10924   0.00000   0.26491   0.04131   0.01686   0.22677   0.00000   0.10209   0.10399   0.05438   0.11128   0.07313   0.02797   0.14384   0.00000   0.07048   0.04443   0.08719   0.04998   0.10843   0.15170   0.00000   0.26201   0.00000   0.00206   0.05408   0.13429   0.06674   0.09004   0.05327   0.09970   0.06582   0.09694   0.00081   0.01505   0.03988   0.02707   0.04232   0.01180   0.07562   0.00449   0.06182   0.05901   0.07808   0.03052   0.01827   0.03469   0.06707   0.06766   3.43566   0.71053   0.75056   3.45140  
 81  0.0038   7704.304915  x:  0.00000   0.00359   0.09239   0.07639   0.01521   0.03986   0.10924   0.00000   0.26490   0.04130   0.01685   0.22681   0.00000   0.10208   0.10399   0.05437   0.11128   0.07312   0.02797   0.14384   0.00000   0.07048   0.04442   0.08719   0.04998   0.10844   0.15170   0.00000   0.26202   0.00000   0.00207   0.05408   0.13430   0.06674   0.09005   0.05327   0.09970   0.06582   0.09693   0.00082   0.01505   0.03988   0.02706   0.04231   0.01180   0.07562   0.00449   0.06181   0.05901   0.07808   0.03053   0.01827   0.03469   0.06707   0.06766   3.43558   0.71050   0.75074   3.45275  
 82  0.0012   7704.304914  x:  0.00000   0.00359   0.09238   0.07638   0.01521   0.03986   0.10924   0.00000   0.26491   0.04130   0.01685   0.22681   0.00000   0.10208   0.10399   0.05437   0.11128   0.07312   0.02797   0.14384   0.00000   0.07048   0.04442   0.08719   0.04998   0.10844   0.15170   0.00000   0.26202   0.00000   0.00207   0.05408   0.13429   0.06674   0.09005   0.05327   0.09970   0.06583   0.09693   0.00082   0.01505   0.03988   0.02706   0.04231   0.01180   0.07562   0.00449   0.06181   0.05901   0.07808   0.03053   0.01827   0.03469   0.06707   0.06766   3.43554   0.71050   0.75072   3.45269  
 83  0.0001   7704.304914  x:  0.00000   0.00359   0.09238   0.07639   0.01521   0.03986   0.10924   0.00000   0.26491   0.04130   0.01685   0.22681   0.00000   0.10208   0.10399   0.05437   0.11128   0.07313   0.02797   0.14384   0.00000   0.07048   0.04442   0.08719   0.04998   0.10844   0.15170   0.00000   0.26203   0.00000   0.00207   0.05408   0.13429   0.06674   0.09005   0.05327   0.09970   0.06583   0.09693   0.00082   0.01505   0.03988   0.02706   0.04231   0.01180   0.07562   0.00449   0.06181   0.05901   0.07808   0.03053   0.01827   0.03469   0.06707   0.06766   3.43551   0.71050   0.75072   3.45268  
 84  0.0000   7704.304914  x:  0.00000   0.00359   0.09238   0.07639   0.01521   0.03986   0.10924   0.00000   0.26491   0.04130   0.01685   0.22681   0.00000   0.10208   0.10399   0.05437   0.11128   0.07313   0.02797   0.14384   0.00000   0.07048   0.04442   0.08719   0.04998   0.10844   0.15170   0.00000   0.26203   0.00000   0.00207   0.05408   0.13429   0.06674   0.09005   0.05327   0.09970   0.06583   0.09693   0.00082   0.01505   0.03988   0.02706   0.04231   0.01180   0.07562   0.00449   0.06181   0.05901   0.07808   0.03053   0.01827   0.03469   0.06707   0.06766   3.43551   0.71050   0.75072   3.45267  
 85  0.0000   7704.304914  x:  0.00000   0.00359   0.09238   0.07639   0.01521   0.03986   0.10924   0.00000   0.26491   0.04130   0.01685   0.22681   0.00000   0.10208   0.10399   0.05437   0.11128   0.07312   0.02797   0.14384   0.00000   0.07048   0.04442   0.08719   0.04998   0.10844   0.15170   0.00000   0.26203   0.00000   0.00207   0.05408   0.13429   0.06674   0.09005   0.05327   0.09970   0.06583   0.09693   0.00082   0.01505   0.03988   0.02706   0.04231   0.01180   0.07562   0.00449   0.06181   0.05901   0.07808   0.03053   0.01827   0.03469   0.06707   0.06766   3.43551   0.71050   0.75072   3.45267  
 86  0.0000   7704.304914  x:  0.00000   0.00359   0.09238   0.07639   0.01521   0.03986   0.10924   0.00000   0.26491   0.04130   0.01685   0.22681   0.00000   0.10208   0.10399   0.05437   0.11128   0.07312   0.02797   0.14384   0.00000   0.07048   0.04442   0.08719   0.04998   0.10844   0.15170   0.00000   0.26203   0.00000   0.00207   0.05408   0.13429   0.06674   0.09005   0.05327   0.09970   0.06583   0.09693   0.00082   0.01505   0.03988   0.02706   0.04231   0.01180   0.07562   0.00449   0.06181   0.05901   0.07808   0.03053   0.01827   0.03469   0.06707   0.06766   3.43551   0.71050   0.75072   3.45267  