

TREE # 1

  0  0.0000   4872.308820  x:  0.07197   0.07135   0.10307   0.03308   0.02824   0.01674   0.08225   0.08218   0.02540   0.06227   0.02384   0.07924   0.10444   0.01147   0.10679   0.05712   0.04605   0.05424   0.07802   0.10745   0.09068   0.03303   0.05408   0.01057   0.01050   0.01444   0.09891   0.03585   0.05037   0.08958   0.08235   0.07300   0.03009   0.10171   0.09909   0.03062   0.07498   0.07455   0.10281   0.01265   0.01718   0.08974   0.08506   0.05890   0.08462   0.03680   0.10371   0.01037   0.07008   0.03414   0.04060   0.03550   0.04734   0.09446   0.04306   2.00000   0.90000   0.38144   1.66752   2.73099  
  1 99.0000   4673.719789  x:  0.05578   0.05658   0.10270   0.04351   0.01653   0.03619   0.08043   0.07160   0.14510   0.08150   0.05733   0.11184   0.09513   0.08423   0.09597   0.06177   0.07708   0.07035   0.07184   0.10826   0.07508   0.05664   0.04965   0.07903   0.05487   0.12856   0.11262   0.02716   0.09232   0.07664   0.06825   0.07345   0.07634   0.09901   0.09716   0.04754   0.08158   0.06961   0.10499   0.00000   0.01815   0.07709   0.07736   0.04284   0.07236   0.05067   0.08834   0.03883   0.07254   0.05230   0.04293   0.02382   0.04074   0.08994   0.04791   2.00419   0.95394   0.34799   1.67309   2.73013  
  2 2416.4786   4595.801429  x:  0.03229   0.03493   0.09825   0.04693   0.00000   0.03618   0.07916   0.05023   0.16368   0.08468   0.05783   0.13361   0.07622   0.08378   0.07558   0.05935   0.08656   0.07818   0.05974   0.10696   0.05145   0.06396   0.03885   0.07240   0.04653   0.13354   0.12068   0.00996   0.11320   0.05492   0.04613   0.06907   0.08604   0.09258   0.09218   0.05285   0.08545   0.06113   0.10509   0.00000   0.01385   0.05931   0.06591   0.01992   0.05303   0.05753   0.06502   0.03411   0.06925   0.05957   0.04156   0.00813   0.03102   0.08180   0.04894   2.00805   0.92415   0.30880   1.67755   2.73142  
  3 982.5661   4547.536585  x:  0.01600   0.02009   0.09644   0.04917   0.00000   0.03625   0.08053   0.03479   0.16856   0.08602   0.05655   0.14575   0.06325   0.07970   0.06171   0.05836   0.09132   0.08298   0.05241   0.10766   0.03526   0.06779   0.03343   0.06410   0.03954   0.12947   0.12663   0.00000   0.12424   0.03918   0.03028   0.06774   0.08932   0.08990   0.08990   0.05606   0.08882   0.05783   0.10649   0.00000   0.01639   0.04925   0.05973   0.00592   0.04027   0.06171   0.04852   0.03166   0.06835   0.06407   0.04261   0.00699   0.02788   0.07705   0.05150   2.01117   0.93629   0.27739   1.68123   2.73193  
  4 2695.5543   4506.505112  x:  0.00000   0.00551   0.09327   0.04766   0.00000   0.03497   0.08043   0.01894   0.17318   0.08489   0.05446   0.15215   0.05058   0.07783   0.04854   0.05576   0.09272   0.08361   0.04564   0.10690   0.01970   0.06829   0.02945   0.05920   0.03669   0.12756   0.12850   0.00000   0.13052   0.02363   0.01442   0.06655   0.08916   0.08717   0.08697   0.05651   0.08902   0.05588   0.10650   0.00000   0.01360   0.04243   0.05509   0.00251   0.02839   0.06277   0.03154   0.03111   0.06610   0.06523   0.04211   0.00310   0.02490   0.07170   0.05157   2.01395   0.94737   0.24863   1.68389   2.73227  
  5 7734.2866   4492.430336  x:  0.00000   0.00000   0.09200   0.04707   0.00000   0.03451   0.08035   0.01297   0.17498   0.08437   0.05366   0.15447   0.04585   0.07719   0.04364   0.05474   0.09320   0.08380   0.04314   0.10653   0.01397   0.06845   0.02799   0.05747   0.03564   0.12697   0.12909   0.00000   0.13276   0.01778   0.00856   0.06600   0.08912   0.08609   0.08583   0.05662   0.08903   0.05516   0.10646   0.00000   0.01309   0.04002   0.05339   0.00140   0.02406   0.06317   0.02512   0.03082   0.06520   0.06572   0.04194   0.00263   0.02374   0.06963   0.05160   2.01498   0.95116   0.23805   1.68483   2.73239  
  6 191983.8985   4487.873086  x:  0.00000   0.00000   0.09139   0.04689   0.00000   0.03447   0.08032   0.01061   0.17562   0.08399   0.05331   0.15515   0.04415   0.07700   0.04199   0.05427   0.09325   0.08376   0.04239   0.10631   0.01255   0.06840   0.02766   0.05696   0.03535   0.12682   0.12909   0.00000   0.13334   0.01554   0.00685   0.06573   0.08903   0.08568   0.08535   0.05655   0.08892   0.05508   0.10640   0.00000   0.01262   0.03932   0.05299   0.00000   0.02317   0.06342   0.02232   0.03081   0.06473   0.06584   0.04172   0.00243   0.02313   0.06886   0.05152   2.01535   0.95255   0.23433   1.68512   2.73242  
  7 11279.6689   4471.434151  x:  0.00000   0.00000   0.08949   0.04632   0.00000   0.03485   0.08001   0.00070   0.17834   0.08191   0.05175   0.15778   0.03711   0.07625   0.03531   0.05207   0.09332   0.08355   0.03967   0.10511   0.00749   0.06818   0.02713   0.05520   0.03402   0.12648   0.12860   0.00000   0.13496   0.00593   0.00000   0.06371   0.08901   0.08358   0.08314   0.05586   0.08848   0.05441   0.10511   0.00000   0.01062   0.03667   0.04943   0.00000   0.02154   0.06332   0.01586   0.03057   0.06231   0.06559   0.04097   0.00161   0.02393   0.06500   0.05206   2.01677   0.95773   0.21983   1.68606   2.73251  
  8 9503.8615   4470.405129  x:  0.00000   0.00000   0.08943   0.04629   0.00000   0.03487   0.08001   0.00000   0.17853   0.08178   0.05165   0.15795   0.03664   0.07622   0.03488   0.05192   0.09331   0.08351   0.03948   0.10505   0.00724   0.06814   0.02702   0.05508   0.03399   0.12646   0.12856   0.00000   0.13511   0.00529   0.00000   0.06368   0.08894   0.08350   0.08301   0.05584   0.08843   0.05423   0.10500   0.00000   0.01032   0.03640   0.04916   0.00000   0.02131   0.06322   0.01556   0.03062   0.06220   0.06546   0.04088   0.00176   0.02389   0.06480   0.05196   2.01687   0.95807   0.21879   1.68613   2.73252  
  9 7344.6457   4463.539084  x:  0.00000   0.00000   0.08908   0.04593   0.00000   0.03492   0.08014   0.00000   0.18011   0.08049   0.05083   0.15898   0.03295   0.07606   0.03159   0.05068   0.09309   0.08304   0.03801   0.10454   0.00631   0.06760   0.02594   0.05415   0.03392   0.12632   0.12802   0.00000   0.13615   0.00000   0.00000   0.06379   0.08814   0.08311   0.08193   0.05570   0.08783   0.05215   0.10388   0.00000   0.01054   0.03437   0.04705   0.00000   0.01920   0.06204   0.01351   0.03101   0.06142   0.06395   0.03993   0.00148   0.02305   0.06337   0.05059   2.01771   0.96071   0.21035   1.68665   2.73262  
 10 7227.2472   4438.290760  x:  0.00000   0.00000   0.08857   0.03313   0.00000   0.00810   0.08948   0.00000   0.19863   0.06003   0.04201   0.16002   0.01141   0.08039   0.02184   0.03987   0.08802   0.07862   0.02772   0.09696   0.01474   0.06573   0.02196   0.05125   0.02283   0.13205   0.12627   0.00000   0.15094   0.00000   0.00000   0.06222   0.07711   0.07345   0.07225   0.05428   0.07343   0.04563   0.09061   0.00000   0.00791   0.04163   0.04788   0.00000   0.00778   0.05991   0.00443   0.00803   0.05833   0.06534   0.04777   0.00137   0.03111   0.06353   0.05147   2.02637   0.97174   0.13468   1.68771   2.73411  
 11 619.7862   4426.412771  x:  0.00000   0.00000   0.08803   0.02589   0.00000   0.00779   0.09737   0.00000   0.20774   0.04533   0.03438   0.15933   0.00132   0.08091   0.01872   0.03622   0.08469   0.07634   0.02216   0.09196   0.01596   0.06480   0.02017   0.04767   0.01614   0.13302   0.12615   0.00000   0.15947   0.00000   0.00000   0.06016   0.07037   0.06605   0.06658   0.05312   0.06500   0.04383   0.08295   0.00000   0.00958   0.04747   0.05042   0.00000   0.00866   0.05971   0.00000   0.01906   0.05734   0.06884   0.05339   0.00179   0.03589   0.06463   0.05417   2.03192   0.97265   0.09054   1.68734   2.73522  
 12 1035.2601   4422.131953  x:  0.00000   0.00000   0.08512   0.02611   0.00000   0.01822   0.10205   0.00000   0.21270   0.03548   0.02894   0.15841   0.00268   0.08013   0.01584   0.03566   0.08268   0.07466   0.02067   0.08887   0.01230   0.06335   0.02014   0.04547   0.02062   0.13254   0.12500   0.00000   0.16196   0.00000   0.00000   0.05812   0.06752   0.06172   0.06317   0.05175   0.06214   0.04458   0.08031   0.00000   0.00989   0.04865   0.05213   0.00000   0.00920   0.06062   0.00000   0.01280   0.05533   0.07056   0.05373   0.00180   0.03314   0.06320   0.05416   2.03553   0.97362   0.07126   1.68635   2.73577  
 13 538.7369   4416.375379  x:  0.00000   0.00000   0.07615   0.03241   0.00000   0.01072   0.10690   0.00000   0.22140   0.02244   0.01881   0.15773   0.00298   0.07794   0.00739   0.03300   0.08022   0.07217   0.02096   0.08418   0.00000   0.06043   0.02091   0.04272   0.02563   0.13143   0.12138   0.00000   0.16193   0.00000   0.00000   0.05263   0.06632   0.05588   0.05774   0.04909   0.06180   0.04755   0.07927   0.00000   0.01153   0.04569   0.05267   0.00000   0.01000   0.06312   0.00000   0.01310   0.04999   0.07248   0.04968   0.00214   0.02230   0.05585   0.05280   2.04188   0.97761   0.06631   1.68391   2.73618  
 14 280.5769   4413.660008  x:  0.00000   0.00000   0.06683   0.03084   0.00000   0.01252   0.10863   0.00000   0.22888   0.01937   0.01433   0.15878   0.00000   0.07538   0.00942   0.03090   0.07928   0.07089   0.01918   0.08092   0.00000   0.05853   0.01980   0.04023   0.02079   0.13042   0.11806   0.00000   0.16108   0.00000   0.00000   0.04730   0.06677   0.05107   0.05335   0.04701   0.06124   0.04926   0.07897   0.00000   0.01072   0.04151   0.05043   0.00000   0.00466   0.06502   0.00000   0.01255   0.04511   0.07406   0.04628   0.00206   0.01633   0.04701   0.05274   2.04733   0.98201   0.06848   1.68228   2.73626  
 15 255.7657   4412.088509  x:  0.00000   0.00000   0.05833   0.02784   0.00000   0.01225   0.10916   0.00000   0.23578   0.01993   0.01350   0.16085   0.00524   0.07244   0.00967   0.02874   0.07874   0.06987   0.01660   0.07819   0.00000   0.05696   0.01758   0.03739   0.01580   0.12885   0.11511   0.00000   0.16077   0.00000   0.00000   0.04330   0.06700   0.04727   0.04958   0.04561   0.06052   0.04905   0.07871   0.00000   0.01015   0.03632   0.04709   0.00000   0.00487   0.06625   0.00000   0.01256   0.04107   0.07492   0.04311   0.00209   0.01253   0.03856   0.05213   2.05264   0.98572   0.06808   1.68120   2.73633  
 16 553.8447   4410.384279  x:  0.00000   0.00000   0.05031   0.02488   0.00000   0.01269   0.10807   0.00000   0.24237   0.02496   0.01462   0.16413   0.00162   0.06766   0.00792   0.02803   0.07899   0.06967   0.01504   0.07612   0.00000   0.05605   0.01532   0.03385   0.01678   0.12526   0.11271   0.00000   0.16092   0.00000   0.00000   0.04160   0.06723   0.04499   0.04705   0.04554   0.06013   0.04696   0.07933   0.00000   0.00986   0.02965   0.04327   0.00000   0.01026   0.06773   0.00000   0.01115   0.03911   0.07588   0.04023   0.00225   0.01401   0.03146   0.05110   2.05926   0.98819   0.06931   1.68024   2.73645  
 17 271.8170   4409.553693  x:  0.00000   0.00000   0.04760   0.02566   0.00000   0.01297   0.10577   0.00000   0.24561   0.02606   0.01639   0.16690   0.00222   0.06423   0.00707   0.02776   0.07930   0.06996   0.01611   0.07488   0.00000   0.05611   0.01704   0.03275   0.01873   0.12222   0.11110   0.00000   0.16019   0.00000   0.00425   0.04049   0.06795   0.04399   0.04621   0.04548   0.06022   0.04589   0.07933   0.00000   0.00947   0.02732   0.03993   0.00000   0.00795   0.06840   0.00000   0.01225   0.03870   0.07647   0.03929   0.00227   0.01834   0.02902   0.05171   2.06373   0.98861   0.06900   1.67968   2.73648  
 18 209.6901   4408.695494  x:  0.00000   0.00000   0.04619   0.02708   0.00000   0.01324   0.10244   0.00000   0.24925   0.02619   0.01784   0.17057   0.00277   0.06058   0.00685   0.02774   0.07985   0.07044   0.01721   0.07368   0.00000   0.05640   0.01884   0.03230   0.02017   0.11855   0.10954   0.00000   0.15910   0.00000   0.00000   0.03909   0.06897   0.04293   0.04570   0.04548   0.06082   0.04472   0.07920   0.00000   0.00874   0.02542   0.03547   0.00000   0.00606   0.06874   0.00000   0.01330   0.03844   0.07674   0.03841   0.00223   0.02178   0.02739   0.05266   2.06928   0.98920   0.06843   1.67909   2.73650  
 19 259.3296   4408.695494  x:  0.00000   0.00000   0.04619   0.02708   0.00000   0.01324   0.10244   0.00000   0.24925   0.02619   0.01784   0.17057   0.00277   0.06058   0.00685   0.02774   0.07985   0.07044   0.01721   0.07368   0.00000   0.05640   0.01884   0.03230   0.02017   0.11855   0.10954   0.00000   0.15910   0.00000   0.00000   0.03909   0.06897   0.04293   0.04570   0.04548   0.06082   0.04472   0.07920   0.00000   0.00874   0.02542   0.03547   0.00000   0.00606   0.06874   0.00000   0.01330   0.03844   0.07674   0.03841   0.00223   0.02178   0.02739   0.05266   2.06928   0.98920   0.06843   1.67909   2.73650  
 20 190.2594   4404.414258  x:  0.00000   0.00000   0.05063   0.03175   0.00000   0.02337   0.10130   0.00000   0.24577   0.02573   0.01555   0.17082   0.00000   0.05857   0.00947   0.03044   0.07999   0.07043   0.01858   0.07558   0.00000   0.05538   0.01686   0.03178   0.02193   0.11362   0.10905   0.00440   0.15580   0.00000   0.00407   0.04331   0.06873   0.04725   0.04804   0.04633   0.06379   0.04112   0.08001   0.00000   0.01361   0.02244   0.03287   0.00000   0.01000   0.06492   0.00000   0.02894   0.04061   0.07151   0.03513   0.00206   0.01467   0.03037   0.04852   2.07123   0.99418   0.07810   1.67877   2.73635  
 21 407.9115   4402.253506  x:  0.00000   0.00000   0.05249   0.03323   0.00000   0.02548   0.10052   0.00000   0.24354   0.02545   0.01498   0.17096   0.00243   0.05738   0.00902   0.03129   0.07976   0.07024   0.01890   0.07644   0.00000   0.05477   0.01618   0.03145   0.02228   0.11050   0.10869   0.00136   0.15359   0.00000   0.00000   0.04447   0.06854   0.04897   0.04909   0.04638   0.06509   0.03951   0.08038   0.00000   0.01340   0.02109   0.03158   0.00000   0.00863   0.06278   0.00000   0.03153   0.04128   0.06831   0.03349   0.00268   0.01222   0.03165   0.04619   2.07247   0.99483   0.08191   1.67860   2.73630  
 22 393.7375   4401.469060  x:  0.00000   0.00000   0.05341   0.03397   0.00000   0.02601   0.09985   0.00000   0.24175   0.02535   0.01435   0.17098   0.00070   0.05660   0.00831   0.03159   0.07950   0.07005   0.01894   0.07695   0.00000   0.05438   0.01609   0.03127   0.02225   0.10810   0.10831   0.00000   0.15188   0.00000   0.00000   0.04510   0.06831   0.05009   0.04966   0.04633   0.06579   0.03875   0.08060   0.00000   0.01268   0.02065   0.03091   0.00000   0.00762   0.06136   0.00000   0.03141   0.04145   0.06603   0.03258   0.00193   0.01230   0.03229   0.04478   2.07348   0.99580   0.08317   1.67852   2.73628  
 23 348.3943   4400.184108  x:  0.00000   0.00000   0.05473   0.03501   0.00000   0.02619   0.09827   0.00000   0.23717   0.02517   0.01399   0.17094   0.00022   0.05498   0.00794   0.03183   0.07866   0.06943   0.01874   0.07780   0.00000   0.05352   0.01631   0.03092   0.02181   0.10219   0.10715   0.00000   0.14769   0.00000   0.00000   0.04639   0.06736   0.05232   0.05057   0.04612   0.06696   0.03763   0.08097   0.00000   0.01139   0.02053   0.02987   0.00000   0.00742   0.05829   0.00000   0.02909   0.04130   0.06097   0.03122   0.00464   0.01425   0.03311   0.04207   2.07611   0.99999   0.08382   1.67839   2.73622  
 24 396.7407   4400.184108  x:  0.00000   0.00000   0.05473   0.03501   0.00000   0.02619   0.09827   0.00000   0.23717   0.02517   0.01399   0.17094   0.00022   0.05498   0.00794   0.03183   0.07866   0.06943   0.01874   0.07780   0.00000   0.05352   0.01631   0.03092   0.02181   0.10219   0.10715   0.00000   0.14769   0.00000   0.00000   0.04639   0.06736   0.05232   0.05057   0.04612   0.06696   0.03763   0.08097   0.00000   0.01139   0.02053   0.02987   0.00000   0.00742   0.05829   0.00000   0.02909   0.04130   0.06097   0.03122   0.00464   0.01425   0.03311   0.04207   2.07611   0.99999   0.08382   1.67839   2.73622  
 25 623.4084   4399.507876  x:  0.00000   0.00000   0.05450   0.03452   0.00000   0.02511   0.09783   0.00000   0.23597   0.02500   0.01433   0.17082   0.00297   0.05462   0.00766   0.03155   0.07825   0.06910   0.01845   0.07766   0.00000   0.05322   0.01620   0.03071   0.02148   0.10083   0.10675   0.00000   0.14661   0.00000   0.00000   0.04596   0.06701   0.05218   0.05043   0.04575   0.06682   0.03751   0.08084   0.00000   0.01094   0.02046   0.02974   0.00000   0.00666   0.05772   0.00000   0.02720   0.04096   0.06001   0.03097   0.00170   0.01384   0.03285   0.04166   2.07676   0.99891   0.08385   1.67835   2.73622  
 26 225.0338   4398.573937  x:  0.00000   0.00000   0.05368   0.03277   0.00000   0.02105   0.09590   0.00000   0.23086   0.02461   0.01431   0.17021   0.00394   0.05333   0.00673   0.03072   0.07676   0.06792   0.01764   0.07725   0.00000   0.05220   0.01601   0.03009   0.02054   0.09520   0.10519   0.00000   0.14217   0.00000   0.00000   0.04445   0.06573   0.05176   0.04996   0.04441   0.06636   0.03713   0.08044   0.00000   0.01007   0.02041   0.02938   0.00000   0.00573   0.05550   0.00000   0.02034   0.03982   0.05652   0.03059   0.00440   0.01278   0.03197   0.04028   2.07961   0.99831   0.08333   1.67820   2.73622  
 27 203.6959   4398.010684  x:  0.00000   0.00000   0.05340   0.03220   0.00000   0.01981   0.09508   0.00000   0.22852   0.02453   0.01420   0.16993   0.00321   0.05286   0.00689   0.03055   0.07618   0.06748   0.01749   0.07710   0.00000   0.05184   0.01601   0.02993   0.02036   0.09279   0.10454   0.00000   0.14023   0.00000   0.00000   0.04394   0.06525   0.05163   0.04980   0.04393   0.06620   0.03701   0.08028   0.00000   0.01015   0.02047   0.02928   0.00000   0.00634   0.05460   0.00000   0.01852   0.03948   0.05517   0.03044   0.00382   0.01271   0.03168   0.03984   2.08094   0.99999   0.08289   1.67813   2.73622  
 28 372.5120   4397.266392  x:  0.00000   0.00000   0.05227   0.03075   0.00000   0.01837   0.09203   0.00000   0.21922   0.02398   0.01419   0.16852   0.00123   0.05114   0.00720   0.03059   0.07393   0.06570   0.01713   0.07615   0.00000   0.05039   0.01558   0.02923   0.02004   0.08415   0.10193   0.00000   0.13282   0.00000   0.00000   0.04240   0.06341   0.05085   0.04894   0.04225   0.06527   0.03616   0.07929   0.00000   0.01033   0.02011   0.02868   0.00000   0.00431   0.05144   0.00000   0.01959   0.03870   0.05122   0.02974   0.00289   0.01305   0.03066   0.03859   2.08628   0.99999   0.08307   1.67781   2.73624  
 29 303.2419   4396.769890  x:  0.00000   0.00000   0.05156   0.03023   0.00000   0.01874   0.08984   0.00000   0.21168   0.02372   0.01487   0.16738   0.00247   0.05009   0.00749   0.03103   0.07233   0.06449   0.01725   0.07542   0.00000   0.04951   0.01547   0.02892   0.02012   0.07789   0.09999   0.00000   0.12713   0.00000   0.00000   0.04164   0.06220   0.05036   0.04834   0.04127   0.06459   0.03565   0.07848   0.00000   0.01065   0.01994   0.02835   0.00000   0.00701   0.04944   0.00000   0.02191   0.03835   0.04899   0.02940   0.00357   0.01342   0.03015   0.03800   2.09079   0.99999   0.08297   1.67755   2.73626  
 30 427.4271   4396.175938  x:  0.00000   0.00000   0.05215   0.03297   0.00000   0.02382   0.08817   0.00000   0.20128   0.02532   0.01596   0.16590   0.00127   0.05099   0.00688   0.03324   0.07193   0.06447   0.01950   0.07524   0.00000   0.05040   0.01717   0.03032   0.02164   0.07432   0.09874   0.00000   0.12157   0.00000   0.00000   0.04329   0.06254   0.05106   0.04856   0.04247   0.06461   0.03689   0.07800   0.00000   0.01119   0.02058   0.02921   0.00000   0.00683   0.05029   0.00000   0.02242   0.03955   0.05111   0.03035   0.00316   0.01363   0.03164   0.03933   2.09833   0.99999   0.07971   1.67723   2.73628  
 31 114.0009   4395.920975  x:  0.00000   0.00000   0.05280   0.03381   0.00000   0.02300   0.08723   0.00000   0.19310   0.02627   0.01626   0.16490   0.00174   0.05219   0.00982   0.03345   0.07227   0.06467   0.01911   0.07538   0.00000   0.05122   0.01591   0.03026   0.02064   0.07429   0.09857   0.00000   0.11894   0.00000   0.00000   0.04399   0.06327   0.05175   0.04901   0.04345   0.06490   0.03730   0.07797   0.00000   0.01095   0.02039   0.02944   0.00000   0.00648   0.05168   0.00000   0.02181   0.04010   0.05306   0.03059   0.00341   0.01356   0.03206   0.04000   2.10569   0.99999   0.08075   1.67679   2.73629  
 32 92.6368   4395.619816  x:  0.00000   0.00000   0.05344   0.03397   0.00000   0.02104   0.08630   0.00000   0.18333   0.02684   0.01649   0.16375   0.00146   0.05324   0.00720   0.03313   0.07292   0.06504   0.01815   0.07565   0.00000   0.05205   0.01484   0.02988   0.01979   0.07564   0.09876   0.00000   0.11688   0.00000   0.00000   0.04437   0.06417   0.05233   0.04950   0.04430   0.06528   0.03732   0.07806   0.00000   0.01068   0.02016   0.02941   0.00000   0.00704   0.05331   0.00000   0.02174   0.04039   0.05505   0.03054   0.00305   0.01334   0.03208   0.04043   2.11576   0.99999   0.08264   1.67617   2.73631  
 33 184.3072   4395.358582  x:  0.00000   0.00000   0.05343   0.03220   0.00000   0.01985   0.08593   0.00000   0.17423   0.02631   0.01735   0.16287   0.00250   0.05314   0.00701   0.03218   0.07372   0.06560   0.01814   0.07615   0.00000   0.05213   0.01739   0.02973   0.02160   0.07816   0.09953   0.00000   0.11694   0.00000   0.00000   0.04359   0.06456   0.05212   0.04966   0.04385   0.06562   0.03658   0.07849   0.00000   0.01168   0.02067   0.02903   0.00000   0.00639   0.05360   0.00000   0.02140   0.03977   0.05469   0.03017   0.00343   0.01375   0.03127   0.03989   2.12906   0.99999   0.08157   1.67546   2.73632  
 34 110.6707   4395.079079  x:  0.00000   0.00000   0.05308   0.03090   0.00000   0.02162   0.08637   0.00000   0.16820   0.02583   0.01770   0.16234   0.00142   0.05239   0.00790   0.03141   0.07468   0.06619   0.01835   0.07653   0.00000   0.05148   0.01709   0.02966   0.02157   0.08239   0.10090   0.00000   0.12003   0.00000   0.00000   0.04281   0.06461   0.05138   0.04949   0.04292   0.06578   0.03593   0.07900   0.00000   0.00932   0.02053   0.02873   0.00000   0.00698   0.05332   0.00000   0.02203   0.03901   0.05356   0.02990   0.00315   0.01311   0.03064   0.03912   2.14502   0.99999   0.08076   1.67458   2.73633  
 35 138.3046   4394.804571  x:  0.00000   0.00000   0.05259   0.03110   0.00000   0.02331   0.08675   0.00000   0.16456   0.02619   0.01773   0.16215   0.00120   0.05140   0.00799   0.03112   0.07512   0.06637   0.01847   0.07662   0.00000   0.05053   0.01484   0.02989   0.02005   0.08509   0.10204   0.00000   0.12374   0.00000   0.00000   0.04261   0.06416   0.05076   0.04912   0.04215   0.06587   0.03602   0.07952   0.00000   0.01250   0.02016   0.02894   0.00000   0.00698   0.05227   0.00000   0.02201   0.03883   0.05203   0.03011   0.00313   0.01375   0.03088   0.03901   2.16458   0.99999   0.08033   1.67349   2.73634  
 36 173.4238   4393.782644  x:  0.00000   0.00000   0.05147   0.03718   0.00000   0.02170   0.08589   0.00000   0.15915   0.02955   0.01720   0.16237   0.00274   0.04918   0.00696   0.03176   0.07356   0.06504   0.01834   0.07586   0.00000   0.04875   0.01574   0.03128   0.01975   0.08296   0.10308   0.00000   0.13260   0.00000   0.00000   0.04425   0.06128   0.05064   0.04785   0.04185   0.06513   0.03937   0.08003   0.00000   0.01001   0.02018   0.03059   0.00000   0.00648   0.04717   0.00000   0.02090   0.04081   0.04696   0.03161   0.00359   0.01579   0.03393   0.04011   2.24676   0.99999   0.08158   1.66875   2.73635  
 37 206.4626   4392.202893  x:  0.00000   0.00000   0.05128   0.03861   0.00000   0.01979   0.08518   0.00000   0.16244   0.02979   0.01814   0.16339   0.00122   0.05032   0.00817   0.03265   0.07168   0.06372   0.01811   0.07478   0.00000   0.04973   0.01809   0.03012   0.02248   0.07954   0.10325   0.00000   0.14235   0.00000   0.00000   0.04559   0.06015   0.05165   0.04756   0.04365   0.06387   0.03980   0.07978   0.00000   0.01248   0.02015   0.02996   0.00000   0.00707   0.04679   0.00000   0.02292   0.04166   0.04914   0.03073   0.00317   0.00861   0.03426   0.04018   2.36584   0.99999   0.08500   1.66176   2.73639  
 38 547.5091   4389.931203  x:  0.00000   0.00000   0.05186   0.03569   0.00000   0.01944   0.08446   0.00000   0.16990   0.02759   0.01950   0.16484   0.00000   0.05308   0.00857   0.03366   0.07010   0.06291   0.01848   0.07397   0.00000   0.05201   0.01785   0.02816   0.02343   0.07489   0.10249   0.00000   0.14981   0.00000   0.00000   0.04572   0.06089   0.05286   0.04817   0.04576   0.06270   0.03812   0.07894   0.00000   0.01200   0.02026   0.02825   0.00000   0.00730   0.04982   0.00000   0.02383   0.04101   0.05439   0.02899   0.00296   0.01453   0.03266   0.03986   2.51487   0.99999   0.08598   1.65307   2.73643  
 39 1443.6913   4388.149592  x:  0.00000   0.00000   0.05298   0.03028   0.00000   0.02195   0.08320   0.00000   0.17504   0.02550   0.01777   0.16593   0.00291   0.05401   0.00623   0.03460   0.06965   0.06316   0.01978   0.07430   0.00000   0.05285   0.01381   0.02982   0.01933   0.06796   0.09978   0.00000   0.14513   0.00000   0.00000   0.04372   0.06308   0.05262   0.04917   0.04503   0.06332   0.03565   0.07782   0.00000   0.00987   0.02079   0.02864   0.00000   0.00577   0.05250   0.00000   0.02138   0.03935   0.05553   0.03003   0.00370   0.01125   0.03011   0.03901   2.66504   0.99999   0.08029   1.64443   2.73646  
 40 1181.7567   4386.487475  x:  0.00000   0.00000   0.05415   0.03056   0.00000   0.02413   0.08613   0.00000   0.18835   0.02602   0.01139   0.16670   0.00295   0.05142   0.00682   0.03242   0.07369   0.06601   0.01777   0.07622   0.00000   0.05097   0.01741   0.03314   0.01883   0.07608   0.09762   0.00000   0.12783   0.00000   0.00000   0.04137   0.06683   0.04944   0.04963   0.04075   0.06712   0.03505   0.07737   0.00000   0.01057   0.01867   0.03102   0.00000   0.00616   0.05518   0.00000   0.02194   0.03819   0.05342   0.03273   0.00349   0.01182   0.03072   0.04040   2.80352   0.99999   0.08455   1.63583   2.73652  
 41 542.7774   4385.932635  x:  0.00000   0.00000   0.05375   0.03230   0.00000   0.02293   0.08875   0.00000   0.19365   0.02551   0.01572   0.16664   0.00235   0.05027   0.00681   0.03116   0.07553   0.06693   0.01819   0.07689   0.00000   0.04984   0.01463   0.03150   0.02085   0.08099   0.09767   0.00000   0.11853   0.00000   0.00000   0.04205   0.06671   0.04938   0.04941   0.04059   0.06807   0.03636   0.07783   0.00000   0.01036   0.02094   0.03040   0.00000   0.00595   0.05425   0.00000   0.02247   0.03882   0.05149   0.03175   0.00364   0.01160   0.03165   0.04027   2.85112   0.99999   0.08381   1.63278   2.73655  
 42 408.5500   4385.838109  x:  0.00000   0.00000   0.05305   0.03245   0.00000   0.02267   0.08961   0.00000   0.19456   0.02523   0.01513   0.16639   0.00243   0.05057   0.00677   0.03135   0.07563   0.06679   0.01838   0.07677   0.00000   0.05007   0.01535   0.03043   0.01955   0.08260   0.09845   0.00000   0.11620   0.00000   0.00000   0.04295   0.06541   0.05031   0.04909   0.04190   0.06730   0.03660   0.07823   0.00000   0.01038   0.01964   0.02950   0.00000   0.00597   0.05291   0.00000   0.02270   0.03926   0.05144   0.03070   0.00369   0.01155   0.03157   0.03973   2.85907   0.99999   0.08262   1.63212   2.73658  
 43 77.6916   4385.821322  x:  0.00000   0.00000   0.05273   0.03221   0.00000   0.02292   0.08996   0.00000   0.19465   0.02514   0.01439   0.16612   0.00255   0.05086   0.00675   0.03154   0.07541   0.06653   0.01820   0.07654   0.00000   0.05027   0.01501   0.03068   0.02006   0.08299   0.09901   0.00000   0.11556   0.00000   0.00000   0.04302   0.06464   0.05061   0.04891   0.04230   0.06663   0.03648   0.07846   0.00000   0.01037   0.02013   0.02950   0.00000   0.00598   0.05233   0.00000   0.02246   0.03917   0.05167   0.03078   0.00368   0.01159   0.03143   0.03954   2.86053   0.99999   0.08281   1.63179   2.73660  
 44 21.9925   4385.817907  x:  0.00000   0.00000   0.05273   0.03217   0.00000   0.02292   0.09025   0.00000   0.19467   0.02509   0.01471   0.16586   0.00249   0.05096   0.00674   0.03151   0.07519   0.06639   0.01833   0.07641   0.00000   0.05037   0.01512   0.03091   0.01989   0.08301   0.09938   0.00000   0.11537   0.00000   0.00000   0.04284   0.06438   0.05057   0.04885   0.04219   0.06630   0.03636   0.07858   0.00000   0.01037   0.02007   0.02969   0.00000   0.00599   0.05223   0.00000   0.02238   0.03910   0.05184   0.03101   0.00366   0.01159   0.03138   0.03962   2.86085   0.99999   0.08293   1.63149   2.73663  
 45  7.7196   4385.816140  x:  0.00000   0.00000   0.05287   0.03225   0.00000   0.02281   0.09051   0.00000   0.19472   0.02519   0.01457   0.16546   0.00251   0.05095   0.00674   0.03145   0.07496   0.06631   0.01829   0.07632   0.00000   0.05037   0.01505   0.03079   0.01998   0.08295   0.09975   0.00000   0.11535   0.00000   0.00000   0.04272   0.06440   0.05046   0.04889   0.04198   0.06618   0.03637   0.07869   0.00000   0.01035   0.02000   0.02970   0.00000   0.00599   0.05235   0.00000   0.02245   0.03913   0.05192   0.03099   0.00366   0.01158   0.03139   0.03975   2.86101   0.99999   0.08272   1.63093   2.73669  
 46  3.9377   4385.813726  x:  0.00000   0.00000   0.05295   0.03223   0.00000   0.02290   0.09078   0.00000   0.19475   0.02510   0.01450   0.16473   0.00253   0.05084   0.00674   0.03154   0.07478   0.06631   0.01832   0.07629   0.00000   0.05029   0.01517   0.03072   0.01982   0.08278   0.10010   0.00000   0.11534   0.00000   0.00000   0.04285   0.06459   0.05045   0.04896   0.04195   0.06625   0.03645   0.07876   0.00000   0.01037   0.02025   0.02956   0.00000   0.00599   0.05251   0.00000   0.02238   0.03915   0.05179   0.03084   0.00367   0.01158   0.03143   0.03969   2.86127   0.99999   0.08282   1.62959   2.73682  
 47  4.8330   4385.809615  x:  0.00000   0.00000   0.05289   0.03213   0.00000   0.02290   0.09099   0.00000   0.19483   0.02500   0.01456   0.16364   0.00254   0.05079   0.00673   0.03165   0.07476   0.06639   0.01836   0.07636   0.00000   0.05022   0.01505   0.03088   0.02007   0.08260   0.10027   0.00000   0.11539   0.00000   0.00000   0.04301   0.06481   0.05057   0.04900   0.04217   0.06649   0.03645   0.07877   0.00000   0.01037   0.01984   0.02958   0.00000   0.00599   0.05254   0.00000   0.02229   0.03914   0.05158   0.03089   0.00367   0.01159   0.03142   0.03953   2.86171   0.99999   0.08282   1.62686   2.73708  
 48 10.6929   4385.798671  x:  0.00000   0.00000   0.05257   0.03208   0.00000   0.02251   0.09099   0.00000   0.19520   0.02519   0.01450   0.16165   0.00252   0.05102   0.00677   0.03156   0.07517   0.06659   0.01822   0.07662   0.00000   0.05038   0.01509   0.03103   0.01986   0.08266   0.09998   0.00000   0.11574   0.00000   0.00000   0.04290   0.06484   0.05074   0.04892   0.04256   0.06689   0.03635   0.07865   0.00000   0.01037   0.02018   0.02993   0.00000   0.00601   0.05231   0.00000   0.02268   0.03902   0.05161   0.03126   0.00364   0.01163   0.03142   0.03949   2.86280   0.99999   0.08222   1.61893   2.73786  
 49 19.9322   4385.768134  x:  0.00000   0.00000   0.05237   0.03236   0.00000   0.02299   0.09013   0.00000   0.19530   0.02530   0.01454   0.15866   0.00262   0.05130   0.00671   0.03132   0.07603   0.06664   0.01836   0.07686   0.00000   0.05064   0.01512   0.03030   0.01997   0.08271   0.09855   0.00000   0.11600   0.00000   0.00000   0.04232   0.06406   0.05033   0.04857   0.04198   0.06674   0.03635   0.07833   0.00000   0.01035   0.02010   0.02960   0.00000   0.00606   0.05170   0.00000   0.02190   0.03908   0.05215   0.03075   0.00362   0.01158   0.03139   0.04002   2.86621   0.99999   0.08163   1.59605   2.74008  
 50 44.2824   4385.635296  x:  0.00000   0.00000   0.05451   0.03224   0.00000   0.02223   0.08776   0.00000   0.19579   0.02449   0.01488   0.15616   0.00252   0.05041   0.00692   0.03094   0.07638   0.06564   0.01760   0.07605   0.00000   0.05001   0.01512   0.03257   0.01985   0.08413   0.09654   0.00000   0.11683   0.00000   0.00000   0.04423   0.06299   0.05042   0.04921   0.04097   0.06431   0.03674   0.07836   0.00000   0.01044   0.02018   0.02867   0.00000   0.00621   0.05252   0.00000   0.02182   0.04030   0.05251   0.03049   0.00351   0.01172   0.03108   0.03948   2.88052   0.99999   0.07737   1.49388   2.75001  
 51 91.5672   4385.048478  x:  0.00000   0.00000   0.05685   0.03157   0.00000   0.02139   0.08385   0.00000   0.19608   0.02636   0.01483   0.15583   0.00256   0.04962   0.00721   0.03172   0.07474   0.06439   0.02113   0.07411   0.00000   0.04932   0.01538   0.02899   0.02022   0.08639   0.09582   0.00000   0.11873   0.00000   0.00000   0.04473   0.06364   0.05248   0.05095   0.04256   0.06098   0.03637   0.07926   0.00000   0.01063   0.02041   0.03126   0.00000   0.00653   0.05440   0.00000   0.02122   0.03895   0.05072   0.03199   0.00315   0.01213   0.03131   0.03828   2.93787   0.99999   0.06410   1.08424   2.78976  
 52 569.6473   4384.670866  x:  0.00000   0.00000   0.05583   0.03215   0.00000   0.02160   0.08385   0.00000   0.19585   0.02599   0.01565   0.15718   0.00239   0.05048   0.00738   0.03211   0.07378   0.06431   0.01862   0.07400   0.00000   0.04994   0.01570   0.02944   0.02020   0.08619   0.09692   0.00000   0.11982   0.00000   0.00000   0.04378   0.06428   0.05265   0.05075   0.04314   0.06196   0.03664   0.07959   0.00000   0.01066   0.02033   0.03061   0.00000   0.00667   0.05425   0.00000   0.02076   0.03855   0.05076   0.03125   0.00299   0.01231   0.03169   0.03886   2.97203   0.99999   0.05547   0.84024   2.81344  
 53 1923.0450   4384.649950  x:  0.00000   0.00000   0.05537   0.03227   0.00000   0.02105   0.08447   0.00000   0.19575   0.02533   0.01517   0.15745   0.00242   0.05034   0.00742   0.03198   0.07398   0.06457   0.01968   0.07420   0.00000   0.04982   0.01555   0.02967   0.02023   0.08600   0.09701   0.00000   0.11998   0.00000   0.00000   0.04427   0.06410   0.05212   0.05031   0.04285   0.06234   0.03657   0.07926   0.00000   0.01064   0.02041   0.03047   0.00000   0.00671   0.05419   0.00000   0.02083   0.03878   0.05141   0.03137   0.00295   0.01233   0.03177   0.03884   2.97427   0.99999   0.05498   0.82425   2.81503  
 54 130.5419   4384.646466  x:  0.00000   0.00000   0.05534   0.03218   0.00000   0.02105   0.08498   0.00000   0.19564   0.02530   0.01519   0.15751   0.00241   0.05011   0.00743   0.03211   0.07416   0.06456   0.01941   0.07419   0.00000   0.04963   0.01561   0.02937   0.02023   0.08587   0.09685   0.00000   0.12000   0.00000   0.00000   0.04463   0.06394   0.05189   0.05013   0.04283   0.06227   0.03648   0.07891   0.00000   0.01064   0.02041   0.03070   0.00000   0.00671   0.05427   0.00000   0.02074   0.03877   0.05162   0.03157   0.00294   0.01234   0.03176   0.03872   2.97468   0.99999   0.05484   0.82181   2.81533  
 55 16.0471   4384.644888  x:  0.00000   0.00000   0.05547   0.03218   0.00000   0.02100   0.08549   0.00000   0.19557   0.02547   0.01515   0.15756   0.00241   0.05009   0.00742   0.03211   0.07433   0.06451   0.01948   0.07413   0.00000   0.04960   0.01560   0.02951   0.02023   0.08581   0.09664   0.00000   0.12005   0.00000   0.00000   0.04450   0.06388   0.05187   0.05014   0.04302   0.06210   0.03651   0.07854   0.00000   0.01065   0.02041   0.03065   0.00000   0.00671   0.05436   0.00000   0.02075   0.03868   0.05152   0.03139   0.00294   0.01234   0.03172   0.03878   2.97489   0.99999   0.05482   0.82112   2.81553  
 56  3.3457   4384.642132  x:  0.00000   0.00000   0.05561   0.03236   0.00000   0.02103   0.08585   0.00000   0.19551   0.02502   0.01505   0.15760   0.00241   0.05031   0.00742   0.03202   0.07439   0.06442   0.01945   0.07403   0.00000   0.04978   0.01560   0.02938   0.02024   0.08582   0.09644   0.00000   0.12013   0.00000   0.00000   0.04431   0.06396   0.05199   0.05031   0.04304   0.06198   0.03656   0.07827   0.00000   0.01068   0.02042   0.03059   0.00000   0.00671   0.05436   0.00000   0.02075   0.03883   0.05129   0.03165   0.00293   0.01234   0.03180   0.03875   2.97532   0.99999   0.05478   0.82075   2.81601  
 57  1.8196   4384.579847  x:  0.00000   0.00000   0.05486   0.03202   0.00000   0.02103   0.08745   0.00000   0.19521   0.02584   0.01511   0.15828   0.00236   0.05153   0.00740   0.03199   0.07359   0.06421   0.01952   0.07364   0.00000   0.05091   0.01560   0.02950   0.02029   0.08595   0.09571   0.00000   0.12063   0.00000   0.00000   0.04526   0.06505   0.05335   0.05149   0.04063   0.06248   0.03633   0.07749   0.00000   0.01069   0.02042   0.03096   0.00000   0.00674   0.05294   0.00000   0.02075   0.03920   0.05155   0.03096   0.00290   0.01245   0.03186   0.03792   2.98555   0.99999   0.05454   0.81765   2.82781  
 58  4.0585   4384.082897  x:  0.00000   0.00000   0.05251   0.03225   0.00000   0.02008   0.09074   0.00000   0.19351   0.02416   0.01523   0.16298   0.00204   0.04936   0.00784   0.03319   0.07049   0.06503   0.01877   0.07441   0.00000   0.04922   0.01594   0.02968   0.02068   0.08521   0.09644   0.00000   0.12391   0.00000   0.00000   0.04427   0.06561   0.05660   0.05114   0.04115   0.06536   0.03694   0.07757   0.00000   0.01060   0.02056   0.02836   0.00000   0.00695   0.05113   0.00000   0.02057   0.03728   0.05491   0.03145   0.00235   0.01287   0.03070   0.04242   3.06665   0.99999   0.05135   0.79504   2.92138  
 59 80.6022   4383.669747  x:  0.00000   0.00000   0.05267   0.03225   0.00000   0.02023   0.09210   0.00000   0.19256   0.02447   0.01560   0.16731   0.00181   0.05153   0.00802   0.03182   0.07210   0.06640   0.01802   0.07677   0.00000   0.05092   0.01619   0.03002   0.02108   0.08250   0.10035   0.00000   0.12651   0.00000   0.00000   0.04282   0.06371   0.05293   0.04827   0.04362   0.06692   0.03611   0.07923   0.00000   0.01075   0.02054   0.02938   0.00000   0.00712   0.05254   0.00000   0.02066   0.04139   0.05465   0.02933   0.00206   0.01347   0.03146   0.03962   3.13482   0.99999   0.04928   0.77611   3.00009  
 60 343.6245   4383.624289  x:  0.00000   0.00000   0.05287   0.03216   0.00000   0.02016   0.09201   0.00000   0.19257   0.02485   0.01570   0.16787   0.00179   0.05260   0.00801   0.03179   0.07381   0.06641   0.01798   0.07712   0.00000   0.05190   0.01620   0.02991   0.02113   0.08177   0.10159   0.00000   0.12678   0.00000   0.00000   0.04393   0.06363   0.05154   0.04858   0.04351   0.06659   0.03689   0.07953   0.00000   0.01079   0.02043   0.02830   0.00000   0.00711   0.05234   0.00000   0.02090   0.03992   0.05412   0.03008   0.00201   0.01353   0.03129   0.03965   3.14229   0.99999   0.04912   0.77400   3.00872  
 61 71.1662   4383.620791  x:  0.00000   0.00000   0.05277   0.03223   0.00000   0.02012   0.09190   0.00000   0.19259   0.02459   0.01567   0.16792   0.00179   0.05254   0.00802   0.03186   0.07446   0.06630   0.01795   0.07706   0.00000   0.05187   0.01620   0.02994   0.02114   0.08160   0.10196   0.00000   0.12681   0.00000   0.00000   0.04400   0.06380   0.05154   0.04894   0.04350   0.06638   0.03680   0.07952   0.00000   0.01079   0.02043   0.02867   0.00000   0.00710   0.05217   0.00000   0.02093   0.03982   0.05415   0.02975   0.00202   0.01352   0.03134   0.03990   3.14287   0.99999   0.04910   0.77380   3.00937  
 62  8.4329   4383.620225  x:  0.00000   0.00000   0.05271   0.03221   0.00000   0.02013   0.09187   0.00000   0.19260   0.02468   0.01569   0.16794   0.00179   0.05245   0.00802   0.03184   0.07471   0.06626   0.01796   0.07701   0.00000   0.05179   0.01621   0.02993   0.02114   0.08152   0.10211   0.00000   0.12681   0.00000   0.00000   0.04392   0.06388   0.05164   0.04902   0.04347   0.06634   0.03675   0.07947   0.00000   0.01079   0.02044   0.02855   0.00000   0.00710   0.05211   0.00000   0.02092   0.03997   0.05422   0.02985   0.00201   0.01352   0.03132   0.03987   3.14298   0.99999   0.04911   0.77373   3.00946  
 63  2.7549   4383.620031  x:  0.00000   0.00000   0.05276   0.03223   0.00000   0.02015   0.09182   0.00000   0.19260   0.02467   0.01569   0.16794   0.00180   0.05245   0.00802   0.03178   0.07477   0.06625   0.01795   0.07694   0.00000   0.05177   0.01622   0.02993   0.02114   0.08150   0.10219   0.00000   0.12680   0.00000   0.00000   0.04390   0.06387   0.05176   0.04891   0.04342   0.06638   0.03683   0.07939   0.00000   0.01079   0.02044   0.02858   0.00000   0.00710   0.05213   0.00000   0.02092   0.03992   0.05425   0.02983   0.00201   0.01353   0.03130   0.03980   3.14305   0.99999   0.04910   0.77360   3.00944  
 64  0.5904   4383.618939  x:  0.00000   0.00000   0.05281   0.03216   0.00000   0.02013   0.09168   0.00000   0.19262   0.02468   0.01571   0.16794   0.00179   0.05252   0.00802   0.03190   0.07479   0.06628   0.01796   0.07681   0.00000   0.05183   0.01621   0.02993   0.02114   0.08156   0.10236   0.00000   0.12679   0.00000   0.00000   0.04397   0.06377   0.05188   0.04873   0.04333   0.06647   0.03661   0.07908   0.00000   0.01079   0.02045   0.02853   0.00000   0.00710   0.05223   0.00000   0.02092   0.03994   0.05409   0.02984   0.00202   0.01352   0.03145   0.03999   3.14356   0.99999   0.04904   0.77253   3.00919  
 65  0.8966   4383.601061  x:  0.00000   0.00000   0.05254   0.03209   0.00000   0.02027   0.09086   0.00000   0.19258   0.02482   0.01582   0.16789   0.00177   0.05245   0.00799   0.03214   0.07411   0.06655   0.01798   0.07679   0.00000   0.05209   0.01619   0.02985   0.02115   0.08194   0.10305   0.00000   0.12666   0.00000   0.00000   0.04393   0.06358   0.05135   0.04943   0.04356   0.06660   0.03716   0.07737   0.00000   0.01083   0.02049   0.02881   0.00000   0.00709   0.05224   0.00000   0.02096   0.04042   0.05391   0.02992   0.00207   0.01354   0.03047   0.04023   3.15211   0.99999   0.04819   0.75455   3.00485  
 66  6.6512   4383.528692  x:  0.00000   0.00000   0.05273   0.03290   0.00000   0.02095   0.08953   0.00000   0.19199   0.02510   0.01597   0.16779   0.00176   0.05213   0.00780   0.03149   0.07273   0.06650   0.01788   0.07719   0.00000   0.05168   0.01617   0.02988   0.02116   0.08217   0.10340   0.00000   0.12624   0.00000   0.00000   0.04350   0.06427   0.05070   0.05058   0.04441   0.06600   0.03628   0.07579   0.00000   0.01086   0.02041   0.02855   0.00000   0.00702   0.05173   0.00000   0.02117   0.03906   0.05453   0.03000   0.00230   0.01356   0.03232   0.03902   3.18762   0.99999   0.04447   0.68003   2.98680  
 67 96.5725   4383.383356  x:  0.00000   0.00000   0.05347   0.03203   0.00000   0.02201   0.08976   0.00000   0.19101   0.02554   0.01599   0.16803   0.00169   0.05265   0.00742   0.03215   0.07321   0.06593   0.01805   0.07737   0.00000   0.05144   0.01617   0.02945   0.02127   0.08182   0.10220   0.00000   0.12607   0.00000   0.00000   0.04332   0.06533   0.05217   0.04937   0.04418   0.06544   0.03691   0.07880   0.00000   0.01078   0.02027   0.02924   0.00000   0.00685   0.05209   0.00000   0.02221   0.03943   0.05386   0.03041   0.00275   0.01361   0.03196   0.04023   3.25216   0.99999   0.03828   0.54403   2.95386  
 68 308.0470   4383.373146  x:  0.00000   0.00000   0.05293   0.03277   0.00000   0.02199   0.08978   0.00000   0.19089   0.02559   0.01598   0.16801   0.00169   0.05248   0.00740   0.03254   0.07342   0.06581   0.01808   0.07649   0.00000   0.05171   0.01617   0.02948   0.02126   0.08183   0.10192   0.00000   0.12604   0.00000   0.00000   0.04323   0.06509   0.05216   0.04954   0.04409   0.06570   0.03648   0.07935   0.00000   0.01078   0.02027   0.02918   0.00000   0.00684   0.05275   0.00000   0.02221   0.03918   0.05368   0.03041   0.00279   0.01363   0.03147   0.03990   3.25709   0.99999   0.03772   0.53368   2.95136  
 69 65.9582   4383.372210  x:  0.00000   0.00000   0.05274   0.03260   0.00000   0.02200   0.08978   0.00000   0.19088   0.02559   0.01598   0.16800   0.00169   0.05244   0.00740   0.03246   0.07344   0.06581   0.01809   0.07612   0.00000   0.05174   0.01617   0.02948   0.02126   0.08182   0.10186   0.00000   0.12603   0.00000   0.00000   0.04321   0.06498   0.05209   0.04966   0.04412   0.06580   0.03665   0.07943   0.00000   0.01077   0.02025   0.02919   0.00000   0.00684   0.05287   0.00000   0.02222   0.03919   0.05368   0.03041   0.00279   0.01362   0.03168   0.03992   3.25755   0.99999   0.03766   0.53273   2.95114  
 70  7.0272   4383.372171  x:  0.00000   0.00000   0.05278   0.03260   0.00000   0.02201   0.08979   0.00000   0.19088   0.02559   0.01598   0.16800   0.00169   0.05247   0.00740   0.03243   0.07344   0.06582   0.01809   0.07606   0.00000   0.05171   0.01617   0.02948   0.02126   0.08182   0.10185   0.00000   0.12603   0.00000   0.00000   0.04322   0.06498   0.05207   0.04967   0.04415   0.06584   0.03662   0.07944   0.00000   0.01077   0.02025   0.02919   0.00000   0.00684   0.05283   0.00000   0.02222   0.03919   0.05369   0.03041   0.00279   0.01362   0.03166   0.03994   3.25757   0.99999   0.03766   0.53268   2.95114  
 71  0.5352   4383.372108  x:  0.00000   0.00000   0.05283   0.03259   0.00000   0.02199   0.08978   0.00000   0.19088   0.02559   0.01598   0.16800   0.00169   0.05246   0.00740   0.03252   0.07345   0.06584   0.01809   0.07601   0.00000   0.05173   0.01617   0.02948   0.02126   0.08184   0.10185   0.00000   0.12603   0.00000   0.00000   0.04319   0.06501   0.05203   0.04965   0.04415   0.06585   0.03664   0.07945   0.00000   0.01077   0.02025   0.02919   0.00000   0.00684   0.05278   0.00000   0.02222   0.03920   0.05371   0.03042   0.00279   0.01362   0.03167   0.03991   3.25761   0.99999   0.03765   0.53257   2.95122  
 72  0.1488   4383.367746  x:  0.00000   0.00000   0.05279   0.03256   0.00000   0.02200   0.08980   0.00000   0.19084   0.02557   0.01593   0.16786   0.00169   0.05194   0.00741   0.03221   0.07350   0.06585   0.01817   0.07583   0.00000   0.05231   0.01610   0.02955   0.02124   0.08178   0.10168   0.00000   0.12589   0.00000   0.00000   0.04338   0.06545   0.05192   0.04917   0.04424   0.06558   0.03659   0.07948   0.00000   0.01076   0.02028   0.02922   0.00000   0.00684   0.05264   0.00000   0.02213   0.03930   0.05364   0.03043   0.00276   0.01360   0.03156   0.04004   3.26045   0.99999   0.03715   0.52465   2.95730  
 73  0.8249   4383.345132  x:  0.00000   0.00000   0.05290   0.03240   0.00000   0.02175   0.09007   0.00000   0.19069   0.02545   0.01570   0.16725   0.00167   0.05232   0.00738   0.03242   0.07412   0.06597   0.01862   0.07630   0.00000   0.05139   0.01596   0.02983   0.02111   0.08141   0.10108   0.00000   0.12522   0.00000   0.00000   0.04355   0.06475   0.05206   0.04915   0.04358   0.06549   0.03675   0.07977   0.00000   0.01071   0.02030   0.02936   0.00000   0.00681   0.05288   0.00000   0.02193   0.03954   0.05341   0.03053   0.00263   0.01353   0.03144   0.03998   3.27498   0.99999   0.03464   0.48396   2.98853  
 74 46.4876   4383.343788  x:  0.00000   0.00000   0.05318   0.03235   0.00000   0.02177   0.09015   0.00000   0.19069   0.02544   0.01568   0.16724   0.00168   0.05204   0.00739   0.03239   0.07420   0.06600   0.01865   0.07647   0.00000   0.05164   0.01593   0.02983   0.02111   0.08133   0.10108   0.00000   0.12520   0.00000   0.00000   0.04356   0.06440   0.05220   0.04937   0.04353   0.06574   0.03671   0.07984   0.00000   0.01070   0.02031   0.02938   0.00000   0.00680   0.05283   0.00000   0.02195   0.03953   0.05344   0.03054   0.00262   0.01353   0.03146   0.03998   3.27585   0.99999   0.03453   0.48149   2.99042  
 75 16.6098   4383.343736  x:  0.00000   0.00000   0.05319   0.03234   0.00000   0.02177   0.09015   0.00000   0.19069   0.02544   0.01568   0.16724   0.00168   0.05205   0.00739   0.03239   0.07420   0.06585   0.01866   0.07648   0.00000   0.05163   0.01593   0.02983   0.02111   0.08135   0.10108   0.00000   0.12520   0.00000   0.00000   0.04356   0.06441   0.05217   0.04936   0.04355   0.06579   0.03671   0.07983   0.00000   0.01070   0.02031   0.02938   0.00000   0.00680   0.05282   0.00000   0.02195   0.03954   0.05345   0.03054   0.00262   0.01353   0.03146   0.03998   3.27589   0.99999   0.03451   0.48124   2.99051  
 76  0.1840   4383.335464  x:  0.00000   0.00000   0.05313   0.03234   0.00000   0.02166   0.09014   0.00000   0.19074   0.02538   0.01563   0.16703   0.00168   0.05207   0.00740   0.03239   0.07430   0.06601   0.01872   0.07656   0.00000   0.05154   0.01588   0.02998   0.02106   0.08133   0.10105   0.00000   0.12508   0.00000   0.00000   0.04362   0.06437   0.05203   0.04925   0.04344   0.06565   0.03678   0.07967   0.00000   0.01070   0.02033   0.02936   0.00000   0.00680   0.05281   0.00000   0.02182   0.03960   0.05342   0.03050   0.00254   0.01351   0.03152   0.03991   3.28168   0.99999   0.03277   0.44601   3.00359  
 77  1.0549   4383.328940  x:  0.00000   0.00000   0.05310   0.03246   0.00000   0.02152   0.09031   0.00000   0.19103   0.02523   0.01561   0.16681   0.00178   0.05218   0.00744   0.03219   0.07441   0.06616   0.01861   0.07643   0.00000   0.05155   0.01586   0.03010   0.02104   0.08149   0.10135   0.00000   0.12550   0.00000   0.00000   0.04378   0.06417   0.05167   0.04914   0.04351   0.06574   0.03673   0.07938   0.00000   0.01070   0.02035   0.02920   0.00000   0.00680   0.05268   0.00000   0.02180   0.03965   0.05364   0.03028   0.00253   0.01350   0.03156   0.03983   3.27739   0.99999   0.03065   0.40822   3.00650  
 78  0.0352   4383.325782  x:  0.00000   0.00000   0.05310   0.03251   0.00000   0.02150   0.09036   0.00000   0.19114   0.02523   0.01563   0.16687   0.00182   0.05227   0.00745   0.03209   0.07438   0.06614   0.01854   0.07635   0.00000   0.05157   0.01590   0.03009   0.02107   0.08157   0.10153   0.00000   0.12561   0.00000   0.00000   0.04379   0.06420   0.05153   0.04915   0.04362   0.06586   0.03668   0.07922   0.00000   0.01071   0.02036   0.02916   0.00000   0.00681   0.05265   0.00000   0.02183   0.03962   0.05373   0.03022   0.00253   0.01349   0.03158   0.03980   3.26750   0.99999   0.02958   0.39186   3.00601  
 79  0.0183   4383.323212  x:  0.00000   0.00000   0.05311   0.03249   0.00000   0.02154   0.09035   0.00000   0.19112   0.02528   0.01564   0.16699   0.00182   0.05228   0.00744   0.03213   0.07433   0.06610   0.01854   0.07638   0.00000   0.05159   0.01593   0.03002   0.02109   0.08156   0.10152   0.00000   0.12556   0.00000   0.00000   0.04373   0.06429   0.05162   0.04920   0.04364   0.06588   0.03667   0.07927   0.00000   0.01072   0.02035   0.02921   0.00000   0.00681   0.05269   0.00000   0.02186   0.03959   0.05370   0.03027   0.00254   0.01349   0.03158   0.03983   3.26376   0.99999   0.02753   0.35616   3.01125  
 80  0.0568   4383.321651  x:  0.00000   0.00000   0.05310   0.03244   0.00000   0.02166   0.09030   0.00000   0.19098   0.02532   0.01564   0.16712   0.00177   0.05222   0.00742   0.03224   0.07433   0.06603   0.01863   0.07646   0.00000   0.05158   0.01591   0.03002   0.02109   0.08144   0.10137   0.00000   0.12531   0.00000   0.00000   0.04368   0.06433   0.05176   0.04921   0.04359   0.06584   0.03671   0.07944   0.00000   0.01071   0.02034   0.02927   0.00000   0.00681   0.05275   0.00000   0.02190   0.03961   0.05362   0.03036   0.00257   0.01350   0.03155   0.03987   3.26382   0.99999   0.02591   0.32961   3.01394  
 81  0.0167   4383.321295  x:  0.00000   0.00000   0.05310   0.03245   0.00000   0.02164   0.09028   0.00000   0.19100   0.02532   0.01564   0.16709   0.00176   0.05222   0.00742   0.03223   0.07434   0.06602   0.01863   0.07646   0.00000   0.05158   0.01590   0.03003   0.02109   0.08145   0.10138   0.00000   0.12532   0.00000   0.00000   0.04369   0.06432   0.05174   0.04920   0.04359   0.06584   0.03671   0.07942   0.00000   0.01071   0.02034   0.02926   0.00000   0.00681   0.05274   0.00000   0.02188   0.03961   0.05362   0.03035   0.00256   0.01350   0.03156   0.03986   3.26502   0.99999   0.02565   0.32613   3.01444  
 82  0.0043   4383.320762  x:  0.00000   0.00000   0.05310   0.03246   0.00000   0.02162   0.09028   0.00000   0.19104   0.02530   0.01564   0.16705   0.00176   0.05223   0.00743   0.03221   0.07434   0.06603   0.01863   0.07644   0.00000   0.05158   0.01590   0.03005   0.02109   0.08148   0.10140   0.00000   0.12537   0.00000   0.00000   0.04371   0.06430   0.05170   0.04920   0.04360   0.06584   0.03670   0.07939   0.00000   0.01071   0.02035   0.02924   0.00000   0.00681   0.05272   0.00000   0.02186   0.03961   0.05364   0.03033   0.00255   0.01351   0.03156   0.03985   3.26595   0.99999   0.02476   0.31140   3.01652  
 83  0.0312   4383.320517  x:  0.00000   0.00000   0.05310   0.03247   0.00000   0.02160   0.09030   0.00000   0.19106   0.02530   0.01564   0.16703   0.00177   0.05224   0.00743   0.03220   0.07434   0.06603   0.01861   0.07643   0.00000   0.05158   0.01590   0.03004   0.02108   0.08149   0.10142   0.00000   0.12542   0.00000   0.00000   0.04372   0.06430   0.05168   0.04920   0.04361   0.06585   0.03670   0.07937   0.00000   0.01071   0.02035   0.02924   0.00000   0.00681   0.05272   0.00000   0.02186   0.03961   0.05365   0.03032   0.00255   0.01351   0.03157   0.03985   3.26664   0.99999   0.02384   0.29651   3.01671  
 84  0.0259   4383.320376  x:  0.00000   0.00000   0.05311   0.03247   0.00000   0.02159   0.09031   0.00000   0.19107   0.02529   0.01564   0.16702   0.00178   0.05225   0.00743   0.03218   0.07434   0.06605   0.01860   0.07642   0.00000   0.05158   0.01591   0.03004   0.02109   0.08151   0.10144   0.00000   0.12546   0.00000   0.00000   0.04373   0.06430   0.05167   0.04919   0.04361   0.06586   0.03670   0.07935   0.00000   0.01071   0.02035   0.02923   0.00000   0.00681   0.05271   0.00000   0.02187   0.03961   0.05366   0.03031   0.00255   0.01350   0.03157   0.03985   3.26716   0.99999   0.02369   0.29455   3.01392  
 85  0.0025   4383.320170  x:  0.00000   0.00000   0.05311   0.03247   0.00000   0.02160   0.09031   0.00000   0.19105   0.02530   0.01563   0.16703   0.00178   0.05224   0.00743   0.03219   0.07434   0.06605   0.01860   0.07642   0.00000   0.05158   0.01591   0.03004   0.02109   0.08150   0.10143   0.00000   0.12543   0.00000   0.00000   0.04372   0.06431   0.05168   0.04920   0.04361   0.06586   0.03670   0.07936   0.00000   0.01071   0.02035   0.02924   0.00000   0.00681   0.05272   0.00000   0.02187   0.03961   0.05365   0.03032   0.00255   0.01350   0.03157   0.03985   3.26712   0.99999   0.02284   0.28102   3.01127  
 86  0.0082   4383.320120  x:  0.00000   0.00000   0.05310   0.03247   0.00000   0.02161   0.09030   0.00000   0.19104   0.02530   0.01564   0.16705   0.00177   0.05224   0.00743   0.03220   0.07434   0.06604   0.01861   0.07643   0.00000   0.05158   0.01591   0.03004   0.02109   0.08149   0.10142   0.00000   0.12540   0.00000   0.00000   0.04371   0.06431   0.05169   0.04920   0.04361   0.06585   0.03670   0.07938   0.00000   0.01071   0.02035   0.02924   0.00000   0.00681   0.05272   0.00000   0.02187   0.03961   0.05364   0.03033   0.00255   0.01350   0.03157   0.03985   3.26654   0.99999   0.02274   0.27971   3.00771  
 87  0.0025   4383.320002  x:  0.00000   0.00000   0.05310   0.03247   0.00000   0.02161   0.09031   0.00000   0.19105   0.02530   0.01564   0.16704   0.00178   0.05224   0.00743   0.03220   0.07435   0.06604   0.01861   0.07643   0.00000   0.05158   0.01591   0.03004   0.02109   0.08149   0.10142   0.00000   0.12541   0.00000   0.00000   0.04372   0.06430   0.05169   0.04919   0.04361   0.06585   0.03670   0.07938   0.00000   0.01071   0.02035   0.02924   0.00000   0.00681   0.05272   0.00000   0.02187   0.03961   0.05365   0.03032   0.00256   0.01350   0.03156   0.03985   3.26633   0.99999   0.02191   0.26661   2.99971  
 88  0.0067   4383.319998  x:  0.00000   0.00000   0.05310   0.03247   0.00000   0.02161   0.09031   0.00000   0.19105   0.02530   0.01564   0.16704   0.00178   0.05224   0.00743   0.03220   0.07435   0.06604   0.01861   0.07643   0.00000   0.05158   0.01591   0.03004   0.02109   0.08149   0.10142   0.00000   0.12541   0.00000   0.00000   0.04372   0.06430   0.05169   0.04920   0.04361   0.06585   0.03670   0.07938   0.00000   0.01071   0.02035   0.02924   0.00000   0.00681   0.05272   0.00000   0.02187   0.03961   0.05365   0.03032   0.00256   0.01350   0.03156   0.03985   3.26637   0.99999   0.02200   0.26815   3.00032  
 89  0.0095   4383.319987  x:  0.00000   0.00000   0.05311   0.03247   0.00000   0.02161   0.09031   0.00000   0.19105   0.02530   0.01564   0.16704   0.00178   0.05224   0.00743   0.03220   0.07434   0.06604   0.01861   0.07643   0.00000   0.05158   0.01591   0.03004   0.02109   0.08149   0.10142   0.00000   0.12542   0.00000   0.00000   0.04372   0.06430   0.05169   0.04920   0.04361   0.06585   0.03670   0.07937   0.00000   0.01071   0.02035   0.02924   0.00000   0.00681   0.05272   0.00000   0.02187   0.03961   0.05365   0.03032   0.00255   0.01350   0.03157   0.03985   3.26647   0.99999   0.02209   0.26961   2.99905  
 90  0.0023   4383.319984  x:  0.00000   0.00000   0.05311   0.03247   0.00000   0.02161   0.09031   0.00000   0.19105   0.02530   0.01564   0.16704   0.00178   0.05224   0.00743   0.03220   0.07434   0.06604   0.01861   0.07643   0.00000   0.05158   0.01591   0.03004   0.02109   0.08149   0.10142   0.00000   0.12542   0.00000   0.00000   0.04372   0.06430   0.05169   0.04920   0.04361   0.06585   0.03670   0.07937   0.00000   0.01071   0.02035   0.02924   0.00000   0.00681   0.05272   0.00000   0.02187   0.03961   0.05365   0.03032   0.00255   0.01350   0.03157   0.03985   3.26655   0.99999   0.02212   0.26998   2.99680  
 91  0.0028   4383.319982  x:  0.00000   0.00000   0.05311   0.03247   0.00000   0.02161   0.09030   0.00000   0.19105   0.02530   0.01564   0.16704   0.00178   0.05224   0.00743   0.03220   0.07434   0.06604   0.01861   0.07643   0.00000   0.05158   0.01591   0.03004   0.02109   0.08149   0.10142   0.00000   0.12542   0.00000   0.00000   0.04372   0.06430   0.05169   0.04920   0.04361   0.06585   0.03670   0.07937   0.00000   0.01071   0.02035   0.02924   0.00000   0.00681   0.05272   0.00000   0.02187   0.03961   0.05365   0.03032   0.00255   0.01350   0.03157   0.03985   3.26663   0.99999   0.02214   0.27034   2.99178  
 92  0.0037   4383.319973  x:  0.00000   0.00000   0.05311   0.03247   0.00000   0.02160   0.09030   0.00000   0.19105   0.02530   0.01564   0.16704   0.00178   0.05224   0.00743   0.03220   0.07434   0.06604   0.01861   0.07643   0.00000   0.05158   0.01591   0.03004   0.02109   0.08150   0.10142   0.00000   0.12542   0.00000   0.00000   0.04372   0.06430   0.05169   0.04920   0.04361   0.06586   0.03670   0.07937   0.00000   0.01071   0.02035   0.02924   0.00000   0.00681   0.05272   0.00000   0.02187   0.03961   0.05365   0.03032   0.00255   0.01350   0.03157   0.03985   3.26683   0.99999   0.02221   0.27159   2.96818  
 93  0.0089   4383.319635  x:  0.00000   0.00000   0.05311   0.03247   0.00000   0.02160   0.09030   0.00000   0.19106   0.02530   0.01563   0.16703   0.00178   0.05224   0.00743   0.03219   0.07432   0.06604   0.01860   0.07642   0.00000   0.05158   0.01591   0.03004   0.02108   0.08151   0.10143   0.00000   0.12543   0.00000   0.00000   0.04372   0.06431   0.05168   0.04921   0.04361   0.06586   0.03669   0.07934   0.00000   0.01071   0.02035   0.02924   0.00000   0.00681   0.05271   0.00000   0.02186   0.03960   0.05365   0.03032   0.00254   0.01350   0.03157   0.03985   3.26813   0.99999   0.02333   0.28930   2.65217  
 94  0.0396   4383.319635  x:  0.00000   0.00000   0.05311   0.03247   0.00000   0.02160   0.09030   0.00000   0.19106   0.02530   0.01563   0.16703   0.00178   0.05224   0.00743   0.03219   0.07432   0.06604   0.01860   0.07642   0.00000   0.05158   0.01591   0.03004   0.02108   0.08151   0.10143   0.00000   0.12543   0.00000   0.00000   0.04372   0.06431   0.05168   0.04921   0.04361   0.06586   0.03669   0.07934   0.00000   0.01071   0.02035   0.02924   0.00000   0.00681   0.05271   0.00000   0.02186   0.03960   0.05365   0.03032   0.00254   0.01350   0.03157   0.03985   3.26813   0.99999   0.02333   0.28930   2.65217  
 95  0.4655   4383.308944  x:  0.00000   0.00000   0.05309   0.03247   0.00000   0.02159   0.09026   0.00000   0.19103   0.02529   0.01563   0.16697   0.00178   0.05222   0.00742   0.03217   0.07428   0.06603   0.01858   0.07638   0.00000   0.05156   0.01591   0.03002   0.02107   0.08153   0.10141   0.00000   0.12542   0.00000   0.00000   0.04371   0.06431   0.05165   0.04922   0.04361   0.06584   0.03667   0.07928   0.00000   0.01071   0.02034   0.02923   0.00000   0.00679   0.05270   0.00000   0.02187   0.03958   0.05365   0.03031   0.00254   0.01350   0.03157   0.03983   3.26926   0.99999   0.02506   0.31794   1.00000  
 96  0.5212   4383.308944  x:  0.00000   0.00000   0.05309   0.03247   0.00000   0.02159   0.09026   0.00000   0.19103   0.02529   0.01563   0.16697   0.00178   0.05222   0.00742   0.03217   0.07428   0.06603   0.01858   0.07638   0.00000   0.05156   0.01591   0.03002   0.02107   0.08153   0.10141   0.00000   0.12542   0.00000   0.00000   0.04371   0.06431   0.05165   0.04922   0.04361   0.06584   0.03667   0.07928   0.00000   0.01071   0.02034   0.02923   0.00000   0.00679   0.05270   0.00000   0.02187   0.03958   0.05365   0.03031   0.00254   0.01350   0.03157   0.03983   3.26926   0.99999   0.02506   0.31794   1.00000  
 97 31412287.5339   4381.104567  x:  0.00000   0.00000   0.05309   0.03247   0.00000   0.02159   0.09026   0.00000   0.19103   0.02529   0.01563   0.16697   0.00178   0.05222   0.00742   0.03217   0.07429   0.06603   0.01858   0.07638   0.00000   0.05156   0.01591   0.03002   0.02107   0.08153   0.10141   0.00000   0.12542   0.00000   0.00000   0.04370   0.06431   0.05165   0.04921   0.04361   0.06584   0.03667   0.07928   0.00000   0.01071   0.02034   0.02923   0.00000   0.00680   0.05270   0.00000   0.02186   0.03958   0.05365   0.03031   0.00254   0.01350   0.03157   0.03983   3.26926   0.99275   0.02534   0.31792   1.00000  
 98 1217.1976   4377.239397  x:  0.00000   0.00000   0.05309   0.03247   0.00000   0.02160   0.09027   0.00000   0.19103   0.02530   0.01558   0.16696   0.00179   0.05222   0.00742   0.03216   0.07429   0.06603   0.01859   0.07639   0.00000   0.05156   0.01591   0.03002   0.02108   0.08153   0.10141   0.00000   0.12542   0.00000   0.00000   0.04370   0.06431   0.05165   0.04922   0.04361   0.06584   0.03667   0.07928   0.00000   0.01071   0.02034   0.02923   0.00000   0.00680   0.05270   0.00000   0.02186   0.03958   0.05365   0.03032   0.00255   0.01350   0.03157   0.03983   3.26926   0.98757   0.02110   0.31819   1.00000  
 99 2057.2939   4377.165849  x:  0.00000   0.00000   0.05272   0.03207   0.00000   0.02127   0.09015   0.00000   0.19084   0.02508   0.01388   0.16662   0.00135   0.05182   0.00700   0.03161   0.07409   0.06568   0.01829   0.07605   0.00000   0.05121   0.01553   0.02967   0.02071   0.08122   0.10104   0.00000   0.12509   0.00000   0.00000   0.04329   0.06393   0.05126   0.04902   0.04322   0.06544   0.03626   0.07890   0.00000   0.01027   0.01996   0.02878   0.00000   0.00638   0.05224   0.00000   0.02142   0.03919   0.05326   0.03014   0.00207   0.01315   0.03136   0.03944   3.26929   0.98745   0.02102   0.31837   1.00000  
100 48.3702   4377.126753  x:  0.00000   0.00000   0.05242   0.03176   0.00000   0.02108   0.09011   0.00000   0.19070   0.02488   0.01279   0.16631   0.00178   0.05151   0.00704   0.03120   0.07392   0.06540   0.01810   0.07578   0.00000   0.05093   0.01533   0.02942   0.02050   0.08096   0.10072   0.00000   0.12480   0.00000   0.00000   0.04296   0.06362   0.05095   0.04885   0.04291   0.06510   0.03594   0.07857   0.00000   0.01014   0.01974   0.02845   0.00000   0.00642   0.05187   0.00000   0.02117   0.03890   0.05297   0.03005   0.00276   0.01299   0.03119   0.03915   3.26931   0.98738   0.02099   0.31855   1.00000  
101 97.2869   4377.109254  x:  0.00000   0.00000   0.05224   0.03161   0.00000   0.02104   0.09014   0.00000   0.19061   0.02474   0.01241   0.16605   0.00236   0.05131   0.00730   0.03098   0.07381   0.06521   0.01806   0.07558   0.00000   0.05076   0.01535   0.02933   0.02048   0.08078   0.10048   0.00000   0.12457   0.00000   0.00000   0.04279   0.06341   0.05075   0.04875   0.04273   0.06488   0.03578   0.07833   0.00000   0.01031   0.01973   0.02831   0.00000   0.00671   0.05162   0.00000   0.02114   0.03874   0.05278   0.02998   0.00245   0.01306   0.03112   0.03901   3.26933   0.98735   0.02098   0.31871   1.00000  
102 53.0517   4377.095701  x:  0.00000   0.00000   0.05198   0.03156   0.00000   0.02121   0.09033   0.00000   0.19045   0.02456   0.01242   0.16545   0.00205   0.05104   0.00737   0.03082   0.07364   0.06492   0.01823   0.07524   0.00000   0.05055   0.01570   0.02938   0.02072   0.08045   0.10000   0.00000   0.12410   0.00000   0.00000   0.04263   0.06308   0.05050   0.04860   0.04253   0.06453   0.03571   0.07788   0.00000   0.01076   0.01999   0.02829   0.00000   0.00674   0.05124   0.00000   0.02139   0.03865   0.05253   0.02996   0.00251   0.01345   0.03108   0.03891   3.26938   0.98733   0.02099   0.31913   1.00000  
103 21.9139   4377.087760  x:  0.00000   0.00000   0.05185   0.03166   0.00000   0.02137   0.09055   0.00000   0.19032   0.02450   0.01278   0.16483   0.00221   0.05089   0.00719   0.03083   0.07351   0.06470   0.01835   0.07497   0.00000   0.05043   0.01579   0.02945   0.02081   0.08017   0.09958   0.00000   0.12365   0.00000   0.00000   0.04259   0.06285   0.05037   0.04851   0.04247   0.06427   0.03577   0.07747   0.00000   0.01048   0.02007   0.02836   0.00000   0.00649   0.05099   0.00000   0.02149   0.03867   0.05236   0.02998   0.00250   0.01340   0.03109   0.03887   3.26943   0.98732   0.02101   0.31961   1.00000  
104 22.0908   4377.082862  x:  0.00000   0.00000   0.05182   0.03180   0.00000   0.02143   0.09071   0.00000   0.19018   0.02458   0.01297   0.16425   0.00206   0.05087   0.00725   0.03092   0.07343   0.06457   0.01838   0.07480   0.00000   0.05040   0.01566   0.02949   0.02073   0.07998   0.09926   0.00000   0.12328   0.00000   0.00000   0.04263   0.06274   0.05035   0.04848   0.04251   0.06413   0.03585   0.07717   0.00000   0.01032   0.01999   0.02844   0.00000   0.00679   0.05089   0.00000   0.02143   0.03873   0.05231   0.03000   0.00251   0.01318   0.03112   0.03889   3.26949   0.98731   0.02103   0.32013   1.00000  
105 19.6728   4377.078542  x:  0.00000   0.00000   0.05188   0.03193   0.00000   0.02136   0.09082   0.00000   0.19001   0.02474   0.01297   0.16353   0.00208   0.05096   0.00736   0.03108   0.07338   0.06450   0.01833   0.07469   0.00000   0.05045   0.01548   0.02948   0.02059   0.07982   0.09896   0.00000   0.12288   0.00000   0.00000   0.04272   0.06273   0.05043   0.04850   0.04263   0.06409   0.03594   0.07693   0.00000   0.01059   0.01985   0.02849   0.00000   0.00661   0.05092   0.00000   0.02126   0.03882   0.05237   0.03002   0.00250   0.01312   0.03116   0.03897   3.26957   0.98730   0.02107   0.32087   1.00000  
106 16.0142   4377.074952  x:  0.00000   0.00000   0.05199   0.03198   0.00000   0.02122   0.09085   0.00000   0.18982   0.02483   0.01278   0.16282   0.00218   0.05110   0.00710   0.03120   0.07336   0.06453   0.01828   0.07470   0.00000   0.05056   0.01554   0.02945   0.02060   0.07976   0.09879   0.00000   0.12256   0.00000   0.00000   0.04279   0.06281   0.05055   0.04855   0.04274   0.06414   0.03597   0.07681   0.00000   0.01060   0.01987   0.02847   0.00000   0.00671   0.05105   0.00000   0.02123   0.03887   0.05247   0.03002   0.00250   0.01332   0.03117   0.03903   3.26968   0.98729   0.02113   0.32178   1.00000  
107 14.6046   4377.071853  x:  0.00000   0.00000   0.05208   0.03193   0.00000   0.02116   0.09083   0.00000   0.18963   0.02481   0.01260   0.16215   0.00218   0.05122   0.00732   0.03123   0.07337   0.06461   0.01829   0.07478   0.00000   0.05066   0.01569   0.02942   0.02070   0.07975   0.09873   0.00000   0.12235   0.00000   0.00000   0.04281   0.06293   0.05064   0.04861   0.04280   0.06424   0.03593   0.07680   0.00000   0.01040   0.01998   0.02840   0.00000   0.00664   0.05119   0.00000   0.02132   0.03886   0.05256   0.03000   0.00250   0.01336   0.03116   0.03903   3.26980   0.98729   0.02119   0.32282   1.00000  
108 17.9940   4377.067766  x:  0.00000   0.00000   0.05212   0.03171   0.00000   0.02128   0.09075   0.00000   0.18939   0.02460   0.01265   0.16134   0.00220   0.05124   0.00722   0.03111   0.07343   0.06476   0.01835   0.07497   0.00000   0.05069   0.01567   0.02941   0.02075   0.07984   0.09885   0.00000   0.12225   0.00000   0.00000   0.04271   0.06307   0.05064   0.04864   0.04271   0.06441   0.03576   0.07697   0.00000   0.01053   0.02004   0.02833   0.00000   0.00665   0.05132   0.00000   0.02145   0.03875   0.05262   0.02997   0.00250   0.01303   0.03107   0.03895   3.27001   0.98728   0.02130   0.32460   1.00000  
109 14.4448   4377.063495  x:  0.00000   0.00000   0.05205   0.03159   0.00000   0.02142   0.09064   0.00000   0.18920   0.02451   0.01289   0.16071   0.00216   0.05111   0.00725   0.03091   0.07350   0.06486   0.01832   0.07513   0.00000   0.05059   0.01546   0.02944   0.02061   0.08000   0.09912   0.00000   0.12237   0.00000   0.00000   0.04259   0.06311   0.05054   0.04861   0.04252   0.06451   0.03570   0.07726   0.00000   0.01045   0.01986   0.02836   0.00000   0.00666   0.05130   0.00000   0.02133   0.03865   0.05256   0.02998   0.00250   0.01335   0.03105   0.03890   3.27029   0.98727   0.02143   0.32682   1.00000  
110 16.9313   4377.058166  x:  0.00000   0.00000   0.05186   0.03183   0.00000   0.02123   0.09043   0.00000   0.18907   0.02488   0.01286   0.16054   0.00218   0.05088   0.00725   0.03083   0.07354   0.06477   0.01816   0.07511   0.00000   0.05040   0.01574   0.02948   0.02065   0.08018   0.09949   0.00000   0.12281   0.00000   0.00000   0.04262   0.06291   0.05040   0.04850   0.04243   0.06442   0.03591   0.07756   0.00000   0.01048   0.01991   0.02850   0.00000   0.00667   0.05104   0.00000   0.02121   0.03874   0.05237   0.03002   0.00250   0.01321   0.03115   0.03894   3.27073   0.98726   0.02163   0.33009   1.00000  
111 14.0505   4377.054057  x:  0.00000   0.00000   0.05182   0.03192   0.00000   0.02126   0.09033   0.00000   0.18908   0.02481   0.01271   0.16101   0.00220   0.05093   0.00724   0.03104   0.07352   0.06461   0.01836   0.07489   0.00000   0.05040   0.01543   0.02937   0.02068   0.08017   0.09954   0.00000   0.12317   0.00000   0.00000   0.04275   0.06273   0.05043   0.04847   0.04262   0.06419   0.03594   0.07750   0.00000   0.01048   0.01998   0.02837   0.00000   0.00665   0.05089   0.00000   0.02151   0.03884   0.05233   0.02998   0.00250   0.01324   0.03117   0.03898   3.27115   0.98726   0.02180   0.33290   1.00000  
112 13.4089   4377.050690  x:  0.00000   0.00000   0.05189   0.03179   0.00000   0.02132   0.09036   0.00000   0.18919   0.02456   0.01277   0.16176   0.00217   0.05108   0.00724   0.03115   0.07343   0.06449   0.01837   0.07470   0.00000   0.05053   0.01567   0.02938   0.02064   0.08002   0.09937   0.00000   0.12333   0.00000   0.00000   0.04276   0.06271   0.05049   0.04850   0.04276   0.06404   0.03581   0.07724   0.00000   0.01048   0.01984   0.02829   0.00000   0.00666   0.05095   0.00000   0.02125   0.03877   0.05240   0.02995   0.00250   0.01323   0.03110   0.03893   3.27155   0.98725   0.02195   0.33534   1.00000  
113 15.1853   4377.049218  x:  0.00000   0.00000   0.05197   0.03172   0.00000   0.02124   0.09048   0.00000   0.18932   0.02467   0.01280   0.16226   0.00215   0.05109   0.00725   0.03100   0.07337   0.06453   0.01822   0.07471   0.00000   0.05055   0.01556   0.02944   0.02063   0.07988   0.09916   0.00000   0.12320   0.00000   0.00000   0.04264   0.06283   0.05046   0.04853   0.04265   0.06413   0.03578   0.07706   0.00000   0.01048   0.02000   0.02840   0.00000   0.00665   0.05107   0.00000   0.02129   0.03870   0.05246   0.02999   0.00249   0.01324   0.03107   0.03890   3.27178   0.98725   0.02202   0.33645   1.00000  
114  7.7871   4377.048791  x:  0.00000   0.00000   0.05196   0.03176   0.00000   0.02126   0.09054   0.00000   0.18939   0.02471   0.01275   0.16245   0.00215   0.05103   0.00725   0.03097   0.07337   0.06460   0.01831   0.07479   0.00000   0.05052   0.01559   0.02942   0.02066   0.07986   0.09907   0.00000   0.12304   0.00000   0.00000   0.04263   0.06288   0.05044   0.04853   0.04257   0.06422   0.03582   0.07703   0.00000   0.01048   0.01987   0.02840   0.00000   0.00665   0.05109   0.00000   0.02134   0.03872   0.05245   0.02999   0.00249   0.01324   0.03109   0.03892   3.27190   0.98725   0.02204   0.33677   1.00000  
115  3.7246   4377.048617  x:  0.00000   0.00000   0.05193   0.03179   0.00000   0.02130   0.09059   0.00000   0.18946   0.02467   0.01274   0.16254   0.00215   0.05099   0.00725   0.03100   0.07340   0.06464   0.01830   0.07486   0.00000   0.05049   0.01559   0.02940   0.02063   0.07989   0.09905   0.00000   0.12289   0.00000   0.00000   0.04267   0.06288   0.05045   0.04853   0.04256   0.06426   0.03584   0.07707   0.00000   0.01048   0.01994   0.02836   0.00000   0.00665   0.05106   0.00000   0.02129   0.03874   0.05242   0.02997   0.00250   0.01323   0.03111   0.03893   3.27200   0.98725   0.02204   0.33689   1.00000  
116  1.8219   4377.048512  x:  0.00000   0.00000   0.05191   0.03177   0.00000   0.02125   0.09062   0.00000   0.18953   0.02464   0.01274   0.16258   0.00215   0.05100   0.00725   0.03102   0.07342   0.06464   0.01825   0.07489   0.00000   0.05048   0.01558   0.02942   0.02066   0.07992   0.09907   0.00000   0.12277   0.00000   0.00000   0.04268   0.06285   0.05048   0.04852   0.04259   0.06425   0.03581   0.07712   0.00000   0.01048   0.01990   0.02837   0.00000   0.00665   0.05103   0.00000   0.02132   0.03874   0.05241   0.02998   0.00250   0.01324   0.03110   0.03892   3.27214   0.98725   0.02205   0.33695   1.00000  
117  1.1487   4377.048387  x:  0.00000   0.00000   0.05192   0.03175   0.00000   0.02124   0.09063   0.00000   0.18963   0.02468   0.01273   0.16259   0.00215   0.05103   0.00725   0.03099   0.07344   0.06462   0.01833   0.07487   0.00000   0.05051   0.01559   0.02942   0.02063   0.07997   0.09912   0.00000   0.12266   0.00000   0.00000   0.04265   0.06282   0.05048   0.04852   0.04262   0.06420   0.03581   0.07718   0.00000   0.01047   0.01993   0.02840   0.00000   0.00665   0.05102   0.00000   0.02130   0.03872   0.05242   0.02999   0.00249   0.01324   0.03108   0.03891   3.27241   0.98724   0.02205   0.33699   1.00000  
118  1.1040   4377.048054  x:  0.00000   0.00000   0.05198   0.03178   0.00000   0.02137   0.09065   0.00000   0.18988   0.02470   0.01270   0.16256   0.00215   0.05106   0.00724   0.03095   0.07343   0.06456   0.01826   0.07477   0.00000   0.05054   0.01558   0.02938   0.02069   0.08000   0.09921   0.00000   0.12256   0.00000   0.00000   0.04262   0.06282   0.05043   0.04852   0.04259   0.06414   0.03584   0.07723   0.00000   0.01047   0.01991   0.02836   0.00000   0.00665   0.05107   0.00000   0.02131   0.03872   0.05248   0.02998   0.00249   0.01324   0.03110   0.03893   3.27330   0.98724   0.02205   0.33706   1.00000  
119  1.9955   4377.046822  x:  0.00000   0.00000   0.05202   0.03186   0.00000   0.02120   0.09063   0.00000   0.19054   0.02452   0.01269   0.16240   0.00214   0.05099   0.00725   0.03093   0.07337   0.06452   0.01827   0.07461   0.00000   0.05050   0.01563   0.02945   0.02053   0.07995   0.09934   0.00000   0.12259   0.00000   0.00000   0.04268   0.06293   0.05037   0.04855   0.04249   0.06416   0.03586   0.07718   0.00000   0.01048   0.01991   0.02830   0.00000   0.00665   0.05118   0.00000   0.02138   0.03880   0.05249   0.02996   0.00249   0.01323   0.03114   0.03896   3.27676   0.98723   0.02206   0.33723   1.00000  
120  5.5558   4377.044498  x:  0.00000   0.00000   0.05193   0.03175   0.00000   0.02114   0.09065   0.00000   0.19141   0.02454   0.01262   0.16215   0.00215   0.05089   0.00726   0.03109   0.07333   0.06460   0.01838   0.07460   0.00000   0.05040   0.01552   0.02945   0.02081   0.07984   0.09936   0.00000   0.12283   0.00000   0.00000   0.04277   0.06302   0.05045   0.04857   0.04252   0.06430   0.03579   0.07701   0.00000   0.01048   0.01994   0.02842   0.00000   0.00666   0.05118   0.00000   0.02121   0.03875   0.05238   0.02999   0.00249   0.01324   0.03111   0.03892   3.28343   0.98720   0.02207   0.33754   1.00000  
121 20.9978   4377.041537  x:  0.00000   0.00000   0.05181   0.03163   0.00000   0.02136   0.09077   0.00000   0.19196   0.02474   0.01256   0.16197   0.00215   0.05095   0.00725   0.03119   0.07334   0.06473   0.01824   0.07486   0.00000   0.05044   0.01564   0.02936   0.02055   0.07977   0.09919   0.00000   0.12314   0.00000   0.00000   0.04269   0.06294   0.05057   0.04854   0.04267   0.06440   0.03577   0.07688   0.00000   0.01047   0.01990   0.02846   0.00000   0.00665   0.05100   0.00000   0.02139   0.03867   0.05232   0.03000   0.00249   0.01325   0.03104   0.03888   3.29197   0.98717   0.02209   0.33790   1.00000  
122 33.6937   4377.035621  x:  0.00000   0.00000   0.05190   0.03193   0.00000   0.02120   0.09101   0.00000   0.19177   0.02456   0.01261   0.16198   0.00213   0.05125   0.00724   0.03077   0.07347   0.06479   0.01828   0.07536   0.00000   0.05068   0.01554   0.02945   0.02069   0.07983   0.09876   0.00000   0.12347   0.00000   0.00000   0.04246   0.06261   0.05056   0.04844   0.04272   0.06431   0.03592   0.07699   0.00000   0.01048   0.01993   0.02819   0.00000   0.00666   0.05079   0.00000   0.02129   0.03874   0.05249   0.02993   0.00249   0.01324   0.03112   0.03896   3.30903   0.98710   0.02211   0.33857   1.00000  
123 38.4043   4377.028049  x:  0.00000   0.00000   0.05209   0.03180   0.00000   0.02128   0.09110   0.00000   0.19045   0.02447   0.01252   0.16236   0.00215   0.05106   0.00724   0.03098   0.07363   0.06462   0.01828   0.07521   0.00000   0.05057   0.01557   0.02947   0.02065   0.08012   0.09864   0.00000   0.12331   0.00000   0.00000   0.04282   0.06271   0.05034   0.04849   0.04246   0.06406   0.03574   0.07731   0.00000   0.01047   0.01992   0.02865   0.00000   0.00666   0.05109   0.00000   0.02132   0.03887   0.05257   0.03006   0.00249   0.01325   0.03114   0.03896   3.33096   0.98701   0.02214   0.33942   1.00000  
124 52.5947   4377.025533  x:  0.00000   0.00000   0.05200   0.03172   0.00000   0.02116   0.09098   0.00000   0.18986   0.02469   0.01273   0.16256   0.00212   0.05095   0.00725   0.03104   0.07356   0.06460   0.01831   0.07490   0.00000   0.05047   0.01558   0.02941   0.02066   0.08012   0.09890   0.00000   0.12306   0.00000   0.00000   0.04274   0.06291   0.05044   0.04856   0.04258   0.06417   0.03581   0.07731   0.00000   0.01047   0.01991   0.02830   0.00000   0.00666   0.05116   0.00000   0.02134   0.03871   0.05246   0.02996   0.00249   0.01325   0.03107   0.03893   3.33820   0.98698   0.02215   0.33970   1.00000  
125 36.6000   4377.024984  x:  0.00000   0.00000   0.05193   0.03179   0.00000   0.02123   0.09080   0.00000   0.18970   0.02462   0.01270   0.16262   0.00213   0.05101   0.00724   0.03099   0.07347   0.06465   0.01831   0.07482   0.00000   0.05050   0.01557   0.02947   0.02066   0.08002   0.09911   0.00000   0.12294   0.00000   0.00000   0.04265   0.06293   0.05051   0.04855   0.04265   0.06429   0.03585   0.07722   0.00000   0.01047   0.01991   0.02841   0.00000   0.00666   0.05109   0.00000   0.02134   0.03872   0.05242   0.02999   0.00249   0.01325   0.03111   0.03894   3.33971   0.98698   0.02215   0.33976   1.00000  
126  8.0566   4377.024861  x:  0.00000   0.00000   0.05194   0.03177   0.00000   0.02122   0.09070   0.00000   0.18968   0.02464   0.01274   0.16264   0.00213   0.05104   0.00724   0.03099   0.07344   0.06467   0.01830   0.07487   0.00000   0.05053   0.01557   0.02941   0.02066   0.07996   0.09919   0.00000   0.12289   0.00000   0.00000   0.04270   0.06288   0.05049   0.04852   0.04260   0.06429   0.03580   0.07716   0.00000   0.01047   0.01992   0.02840   0.00000   0.00666   0.05106   0.00000   0.02133   0.03876   0.05245   0.02999   0.00249   0.01325   0.03111   0.03893   3.33996   0.98698   0.02215   0.33978   1.00000  
127  1.3189   4377.024757  x:  0.00000   0.00000   0.05198   0.03176   0.00000   0.02123   0.09061   0.00000   0.18968   0.02466   0.01273   0.16264   0.00213   0.05102   0.00724   0.03103   0.07344   0.06466   0.01831   0.07494   0.00000   0.05052   0.01557   0.02950   0.02066   0.07994   0.09921   0.00000   0.12286   0.00000   0.00000   0.04270   0.06285   0.05047   0.04852   0.04259   0.06426   0.03583   0.07712   0.00000   0.01047   0.01992   0.02838   0.00000   0.00666   0.05106   0.00000   0.02133   0.03873   0.05247   0.02998   0.00249   0.01325   0.03108   0.03895   3.34002   0.98697   0.02215   0.33981   1.00000  
128  0.4656   4377.024165  x:  0.00000   0.00000   0.05204   0.03183   0.00000   0.02120   0.09035   0.00000   0.18970   0.02461   0.01278   0.16265   0.00213   0.05091   0.00725   0.03104   0.07348   0.06459   0.01830   0.07511   0.00000   0.05044   0.01558   0.02935   0.02066   0.07994   0.09917   0.00000   0.12282   0.00000   0.00000   0.04260   0.06289   0.05049   0.04858   0.04269   0.06412   0.03588   0.07706   0.00000   0.01048   0.01991   0.02845   0.00000   0.00666   0.05115   0.00000   0.02134   0.03867   0.05247   0.03000   0.00249   0.01325   0.03109   0.03895   3.34002   0.98696   0.02216   0.33999   1.00000  
129  0.4838   4377.018329  x:  0.00000   0.00000   0.05176   0.03183   0.00000   0.02141   0.08948   0.00000   0.18985   0.02484   0.01290   0.16268   0.00213   0.05105   0.00725   0.03071   0.07373   0.06442   0.01832   0.07521   0.00000   0.05045   0.01558   0.02959   0.02066   0.08016   0.09866   0.00000   0.12273   0.00000   0.00000   0.04270   0.06322   0.05054   0.04871   0.04287   0.06393   0.03558   0.07712   0.00000   0.01049   0.01992   0.02832   0.00000   0.00667   0.05136   0.00000   0.02133   0.03910   0.05213   0.02996   0.00250   0.01326   0.03136   0.03874   3.33940   0.98684   0.02223   0.34185   1.00000  
130  1.4101   4376.979113  x:  0.00000   0.00000   0.05135   0.03170   0.00000   0.02132   0.08762   0.00000   0.19032   0.02470   0.01322   0.16277   0.00213   0.05188   0.00725   0.03092   0.07430   0.06470   0.01834   0.07438   0.00000   0.05113   0.01560   0.02944   0.02069   0.08111   0.09721   0.00000   0.12271   0.00000   0.00000   0.04325   0.06345   0.05030   0.04848   0.04216   0.06470   0.03664   0.07770   0.00000   0.01050   0.01991   0.02856   0.00000   0.00667   0.05096   0.00000   0.02144   0.03836   0.05221   0.03005   0.00250   0.01327   0.03069   0.03919   3.33481   0.98603   0.02271   0.35438   1.00000  
131 10.9158   4376.857596  x:  0.00000   0.00000   0.05324   0.03241   0.00000   0.02137   0.08857   0.00000   0.19088   0.02508   0.01339   0.16293   0.00213   0.05072   0.00732   0.03196   0.07397   0.06590   0.01852   0.07396   0.00000   0.05070   0.01572   0.02987   0.02073   0.08144   0.09790   0.00000   0.12328   0.00000   0.00000   0.04214   0.06230   0.05111   0.04839   0.04272   0.06595   0.03500   0.07845   0.00000   0.01049   0.02017   0.02857   0.00000   0.00669   0.05078   0.00000   0.02144   0.03874   0.05396   0.03022   0.00247   0.01336   0.03183   0.03933   3.32012   0.98348   0.02426   0.39382   1.00000  
132 52.6301   4376.792959  x:  0.00000   0.00000   0.05299   0.03160   0.00000   0.02145   0.09092   0.00000   0.19089   0.02491   0.01314   0.16299   0.00215   0.05106   0.00731   0.03115   0.07351   0.06558   0.01859   0.07551   0.00000   0.05066   0.01575   0.02995   0.02076   0.08056   0.10000   0.00000   0.12367   0.00000   0.00000   0.04317   0.06285   0.05134   0.04899   0.04334   0.06508   0.03654   0.07805   0.00000   0.01057   0.02017   0.02874   0.00000   0.00672   0.05159   0.00000   0.02153   0.03957   0.05338   0.03024   0.00249   0.01339   0.03114   0.03935   3.31231   0.98213   0.02509   0.41472   1.00000  
133 82.4381   4376.785665  x:  0.00000   0.00000   0.05263   0.03213   0.00000   0.02139   0.09138   0.00000   0.19086   0.02496   0.01311   0.16300   0.00215   0.05148   0.00730   0.03147   0.07372   0.06535   0.01863   0.07593   0.00000   0.05094   0.01574   0.02998   0.02077   0.08044   0.10047   0.00000   0.12372   0.00000   0.00000   0.04319   0.06331   0.05105   0.04904   0.04310   0.06481   0.03621   0.07783   0.00000   0.01060   0.02017   0.02873   0.00000   0.00671   0.05169   0.00000   0.02158   0.03901   0.05304   0.03027   0.00249   0.01339   0.03133   0.03938   3.31144   0.98198   0.02518   0.41705   1.00000  
134 17.8187   4376.785480  x:  0.00000   0.00000   0.05260   0.03206   0.00000   0.02136   0.09140   0.00000   0.19086   0.02495   0.01311   0.16300   0.00215   0.05148   0.00730   0.03154   0.07385   0.06532   0.01863   0.07594   0.00000   0.05098   0.01574   0.02998   0.02077   0.08045   0.10050   0.00000   0.12372   0.00000   0.00000   0.04309   0.06337   0.05101   0.04901   0.04307   0.06481   0.03625   0.07776   0.00000   0.01060   0.02017   0.02873   0.00000   0.00671   0.05166   0.00000   0.02158   0.03908   0.05307   0.03026   0.00249   0.01339   0.03137   0.03937   3.31142   0.98197   0.02518   0.41711   1.00000  
135  1.5029   4376.785449  x:  0.00000   0.00000   0.05261   0.03208   0.00000   0.02137   0.09141   0.00000   0.19085   0.02495   0.01310   0.16300   0.00215   0.05146   0.00730   0.03151   0.07394   0.06531   0.01863   0.07593   0.00000   0.05098   0.01574   0.02998   0.02077   0.08046   0.10052   0.00000   0.12372   0.00000   0.00000   0.04312   0.06338   0.05102   0.04900   0.04309   0.06482   0.03624   0.07772   0.00000   0.01060   0.02017   0.02873   0.00000   0.00671   0.05164   0.00000   0.02157   0.03908   0.05308   0.03027   0.00249   0.01339   0.03135   0.03937   3.31142   0.98197   0.02518   0.41712   1.00000  
136  0.4803   4376.785428  x:  0.00000   0.00000   0.05263   0.03207   0.00000   0.02137   0.09141   0.00000   0.19085   0.02495   0.01310   0.16300   0.00215   0.05148   0.00730   0.03150   0.07397   0.06533   0.01863   0.07591   0.00000   0.05096   0.01574   0.02998   0.02077   0.08047   0.10053   0.00000   0.12372   0.00000   0.00000   0.04312   0.06335   0.05102   0.04902   0.04308   0.06482   0.03624   0.07769   0.00000   0.01060   0.02017   0.02874   0.00000   0.00671   0.05165   0.00000   0.02158   0.03906   0.05306   0.03024   0.00249   0.01339   0.03137   0.03938   3.31142   0.98197   0.02518   0.41711   1.00000  
137  0.1058   4376.785278  x:  0.00000   0.00000   0.05263   0.03208   0.00000   0.02136   0.09142   0.00000   0.19086   0.02495   0.01310   0.16301   0.00215   0.05152   0.00730   0.03151   0.07401   0.06540   0.01862   0.07589   0.00000   0.05094   0.01574   0.02998   0.02077   0.08051   0.10054   0.00000   0.12373   0.00000   0.00000   0.04309   0.06327   0.05103   0.04907   0.04305   0.06481   0.03626   0.07765   0.00000   0.01060   0.02017   0.02870   0.00000   0.00671   0.05171   0.00000   0.02158   0.03908   0.05300   0.03035   0.00249   0.01339   0.03136   0.03935   3.31145   0.98197   0.02518   0.41707   1.00000  
138  0.1691   4376.782187  x:  0.00000   0.00000   0.05242   0.03234   0.00000   0.02138   0.09148   0.00000   0.19092   0.02494   0.01309   0.16312   0.00215   0.05135   0.00731   0.03151   0.07395   0.06572   0.01856   0.07579   0.00000   0.05121   0.01572   0.02992   0.02079   0.08088   0.10054   0.00000   0.12380   0.00000   0.00000   0.04305   0.06321   0.05110   0.04915   0.04298   0.06464   0.03625   0.07747   0.00000   0.01062   0.02017   0.02879   0.00000   0.00671   0.05188   0.00000   0.02156   0.03919   0.05304   0.03002   0.00250   0.01341   0.03108   0.03901   3.31207   0.98187   0.02509   0.41618   1.00000  
139  0.4514   4376.768574  x:  0.00000   0.00000   0.05215   0.03203   0.00000   0.02148   0.09166   0.00000   0.19119   0.02492   0.01300   0.16365   0.00215   0.05123   0.00733   0.03119   0.07362   0.06580   0.01841   0.07565   0.00000   0.05136   0.01571   0.02968   0.02088   0.08154   0.10035   0.00000   0.12408   0.00000   0.00000   0.04319   0.06361   0.05120   0.04900   0.04306   0.06445   0.03622   0.07735   0.00000   0.01059   0.02012   0.02866   0.00000   0.00672   0.05169   0.00000   0.02155   0.03906   0.05315   0.03036   0.00250   0.01335   0.03170   0.03955   3.31478   0.98142   0.02473   0.41226   1.00000  
140  6.5848   4376.762476  x:  0.00000   0.00000   0.05249   0.03213   0.00000   0.02151   0.09169   0.00000   0.19133   0.02494   0.01297   0.16390   0.00215   0.05169   0.00731   0.03133   0.07382   0.06529   0.01841   0.07564   0.00000   0.05091   0.01576   0.02956   0.02091   0.08112   0.10022   0.00000   0.12421   0.00000   0.00000   0.04308   0.06368   0.05101   0.04901   0.04307   0.06489   0.03618   0.07780   0.00000   0.01059   0.02011   0.02867   0.00000   0.00672   0.05159   0.00000   0.02152   0.03924   0.05288   0.03024   0.00252   0.01337   0.03145   0.03930   3.31601   0.98122   0.02457   0.41049   1.00000  
141  9.5767   4376.761951  x:  0.00000   0.00000   0.05239   0.03211   0.00000   0.02152   0.09167   0.00000   0.19134   0.02495   0.01296   0.16392   0.00215   0.05158   0.00732   0.03133   0.07398   0.06526   0.01841   0.07560   0.00000   0.05107   0.01575   0.02956   0.02092   0.08080   0.10019   0.00000   0.12422   0.00000   0.00000   0.04310   0.06356   0.05101   0.04910   0.04308   0.06494   0.03620   0.07799   0.00000   0.01059   0.02010   0.02867   0.00000   0.00672   0.05169   0.00000   0.02153   0.03920   0.05289   0.03025   0.00252   0.01337   0.03152   0.03928   3.31611   0.98120   0.02456   0.41034   1.00000  
142  2.2223   4376.761938  x:  0.00000   0.00000   0.05238   0.03212   0.00000   0.02152   0.09167   0.00000   0.19134   0.02495   0.01296   0.16392   0.00215   0.05159   0.00732   0.03133   0.07400   0.06530   0.01840   0.07559   0.00000   0.05105   0.01575   0.02955   0.02092   0.08077   0.10019   0.00000   0.12422   0.00000   0.00000   0.04309   0.06357   0.05102   0.04908   0.04307   0.06491   0.03619   0.07800   0.00000   0.01058   0.02010   0.02867   0.00000   0.00672   0.05169   0.00000   0.02153   0.03921   0.05290   0.03025   0.00252   0.01337   0.03150   0.03930   3.31612   0.98120   0.02456   0.41033   1.00000  
143  0.3621   4376.761937  x:  0.00000   0.00000   0.05239   0.03212   0.00000   0.02152   0.09167   0.00000   0.19134   0.02495   0.01296   0.16392   0.00215   0.05159   0.00732   0.03133   0.07400   0.06531   0.01840   0.07559   0.00000   0.05105   0.01575   0.02955   0.02092   0.08077   0.10019   0.00000   0.12422   0.00000   0.00000   0.04310   0.06358   0.05103   0.04908   0.04307   0.06490   0.03619   0.07801   0.00000   0.01059   0.02010   0.02867   0.00000   0.00672   0.05169   0.00000   0.02153   0.03921   0.05290   0.03025   0.00252   0.01337   0.03151   0.03929   3.31612   0.98120   0.02456   0.41033   1.00000  
144  0.0780   4376.761927  x:  0.00000   0.00000   0.05242   0.03211   0.00000   0.02152   0.09167   0.00000   0.19134   0.02495   0.01296   0.16392   0.00215   0.05158   0.00732   0.03133   0.07400   0.06531   0.01840   0.07559   0.00000   0.05108   0.01575   0.02956   0.02092   0.08076   0.10019   0.00000   0.12422   0.00000   0.00000   0.04309   0.06359   0.05103   0.04908   0.04307   0.06490   0.03619   0.07801   0.00000   0.01059   0.02010   0.02867   0.00000   0.00672   0.05167   0.00000   0.02153   0.03921   0.05286   0.03025   0.00252   0.01337   0.03150   0.03930   3.31613   0.98120   0.02456   0.41037   1.00000  
145  0.0143   4376.760537  x:  0.00000   0.00000   0.05246   0.03211   0.00000   0.02148   0.09144   0.00000   0.19141   0.02495   0.01296   0.16398   0.00216   0.05157   0.00732   0.03137   0.07413   0.06530   0.01847   0.07562   0.00000   0.05101   0.01575   0.02971   0.02088   0.08070   0.10012   0.00000   0.12409   0.00000   0.00000   0.04311   0.06355   0.05102   0.04921   0.04303   0.06491   0.03619   0.07793   0.00000   0.01059   0.02013   0.02868   0.00000   0.00672   0.05154   0.00000   0.02154   0.03916   0.05301   0.03028   0.00252   0.01338   0.03145   0.03935   3.31815   0.98085   0.02474   0.41539   1.00000  
146  0.2201   4376.760437  x:  0.00000   0.00000   0.05247   0.03211   0.00000   0.02148   0.09143   0.00000   0.19142   0.02495   0.01296   0.16399   0.00216   0.05157   0.00732   0.03137   0.07414   0.06530   0.01848   0.07563   0.00000   0.05102   0.01575   0.02972   0.02087   0.08070   0.10012   0.00000   0.12409   0.00000   0.00000   0.04311   0.06353   0.05102   0.04905   0.04306   0.06492   0.03620   0.07792   0.00000   0.01059   0.02012   0.02868   0.00000   0.00672   0.05162   0.00000   0.02154   0.03914   0.05298   0.03028   0.00252   0.01338   0.03145   0.03935   3.31829   0.98083   0.02476   0.41575   1.00000  
147  2.0020   4376.760437  x:  0.00000   0.00000   0.05247   0.03211   0.00000   0.02148   0.09143   0.00000   0.19142   0.02495   0.01296   0.16399   0.00216   0.05157   0.00732   0.03137   0.07414   0.06530   0.01848   0.07563   0.00000   0.05102   0.01575   0.02972   0.02087   0.08070   0.10012   0.00000   0.12409   0.00000   0.00000   0.04311   0.06353   0.05102   0.04905   0.04306   0.06492   0.03620   0.07792   0.00000   0.01059   0.02012   0.02868   0.00000   0.00672   0.05162   0.00000   0.02154   0.03914   0.05298   0.03028   0.00252   0.01338   0.03145   0.03935   3.31829   0.98083   0.02476   0.41575   1.00000  
148  0.0039   4376.760421  x:  0.00000   0.00000   0.05248   0.03211   0.00000   0.02148   0.09143   0.00000   0.19142   0.02495   0.01297   0.16397   0.00216   0.05156   0.00732   0.03138   0.07412   0.06529   0.01848   0.07564   0.00000   0.05103   0.01575   0.02972   0.02087   0.08073   0.10013   0.00000   0.12409   0.00000   0.00000   0.04311   0.06352   0.05106   0.04905   0.04304   0.06493   0.03620   0.07791   0.00000   0.01059   0.02013   0.02869   0.00000   0.00672   0.05163   0.00000   0.02154   0.03914   0.05299   0.03028   0.00252   0.01338   0.03145   0.03934   3.31822   0.98081   0.02475   0.41567   1.00000  
149  0.0011   4376.760411  x:  0.00000   0.00000   0.05249   0.03212   0.00000   0.02148   0.09144   0.00000   0.19143   0.02496   0.01297   0.16396   0.00216   0.05156   0.00732   0.03138   0.07411   0.06531   0.01849   0.07565   0.00000   0.05104   0.01575   0.02973   0.02087   0.08074   0.10015   0.00000   0.12409   0.00000   0.00000   0.04312   0.06352   0.05103   0.04906   0.04307   0.06494   0.03621   0.07791   0.00000   0.01059   0.02013   0.02869   0.00000   0.00672   0.05163   0.00000   0.02155   0.03914   0.05299   0.03028   0.00252   0.01338   0.03146   0.03935   3.31809   0.98080   0.02475   0.41581   1.00000  
150  0.0015   4376.760411  x:  0.00000   0.00000   0.05249   0.03212   0.00000   0.02148   0.09144   0.00000   0.19143   0.02496   0.01297   0.16396   0.00216   0.05156   0.00732   0.03138   0.07411   0.06531   0.01848   0.07565   0.00000   0.05104   0.01575   0.02973   0.02087   0.08074   0.10015   0.00000   0.12410   0.00000   0.00000   0.04312   0.06352   0.05103   0.04906   0.04307   0.06494   0.03621   0.07792   0.00000   0.01059   0.02013   0.02869   0.00000   0.00672   0.05164   0.00000   0.02155   0.03914   0.05299   0.03028   0.00252   0.01338   0.03146   0.03935   3.31809   0.98080   0.02475   0.41581   1.00000  
151  0.0000   4376.760411  x:  0.00000   0.00000   0.05249   0.03212   0.00000   0.02148   0.09144   0.00000   0.19143   0.02496   0.01297   0.16396   0.00216   0.05156   0.00732   0.03138   0.07411   0.06531   0.01848   0.07565   0.00000   0.05104   0.01575   0.02973   0.02087   0.08074   0.10015   0.00000   0.12409   0.00000   0.00000   0.04312   0.06352   0.05103   0.04906   0.04307   0.06494   0.03621   0.07791   0.00000   0.01059   0.02013   0.02869   0.00000   0.00672   0.05163   0.00000   0.02155   0.03914   0.05299   0.03028   0.00252   0.01338   0.03146   0.03935   3.31812   0.98080   0.02475   0.41579   1.00000  
152  0.0000   4376.760411  x:  0.00000   0.00000   0.05249   0.03212   0.00000   0.02148   0.09144   0.00000   0.19143   0.02496   0.01297   0.16396   0.00216   0.05156   0.00732   0.03138   0.07411   0.06531   0.01848   0.07565   0.00000   0.05104   0.01575   0.02973   0.02087   0.08074   0.10015   0.00000   0.12410   0.00000   0.00000   0.04312   0.06352   0.05103   0.04906   0.04307   0.06494   0.03621   0.07791   0.00000   0.01059   0.02013   0.02869   0.00000   0.00672   0.05163   0.00000   0.02155   0.03914   0.05299   0.03028   0.00252   0.01338   0.03146   0.03935   3.31811   0.98080   0.02475   0.41579   1.00000  
153  0.0000   4376.760411  x:  0.00000   0.00000   0.05249   0.03212   0.00000   0.02148   0.09144   0.00000   0.19143   0.02496   0.01297   0.16396   0.00216   0.05156   0.00732   0.03138   0.07411   0.06531   0.01848   0.07565   0.00000   0.05104   0.01575   0.02973   0.02087   0.08074   0.10015   0.00000   0.12410   0.00000   0.00000   0.04312   0.06352   0.05103   0.04906   0.04307   0.06494   0.03621   0.07791   0.00000   0.01059   0.02013   0.02869   0.00000   0.00672   0.05163   0.00000   0.02155   0.03914   0.05299   0.03028   0.00252   0.01338   0.03146   0.03935   3.31811   0.98080   0.02475   0.41579   1.00000  
154  0.0000   4376.760410  x:  0.00000   0.00000   0.05249   0.03212   0.00000   0.02148   0.09144   0.00000   0.19143   0.02496   0.01297   0.16396   0.00216   0.05156   0.00732   0.03138   0.07411   0.06531   0.01848   0.07565   0.00000   0.05104   0.01575   0.02973   0.02087   0.08074   0.10015   0.00000   0.12410   0.00000   0.00000   0.04312   0.06352   0.05103   0.04906   0.04307   0.06494   0.03621   0.07791   0.00000   0.01059   0.02013   0.02869   0.00000   0.00672   0.05163   0.00000   0.02155   0.03914   0.05299   0.03028   0.00252   0.01338   0.03146   0.03935   3.31810   0.98080   0.02475   0.41578   1.00000  
155  0.0000   4376.760410  x:  0.00000   0.00000   0.05249   0.03212   0.00000   0.02148   0.09144   0.00000   0.19143   0.02496   0.01297   0.16396   0.00216   0.05156   0.00732   0.03138   0.07411   0.06531   0.01848   0.07565   0.00000   0.05104   0.01575   0.02973   0.02087   0.08074   0.10015   0.00000   0.12410   0.00000   0.00000   0.04312   0.06352   0.05103   0.04906   0.04307   0.06494   0.03621   0.07791   0.00000   0.01059   0.02013   0.02869   0.00000   0.00672   0.05163   0.00000   0.02155   0.03914   0.05299   0.03028   0.00252   0.01338   0.03146   0.03934   3.31810   0.98080   0.02475   0.41566   1.00000  
156  0.0000   4376.760410  x:  0.00000   0.00000   0.05249   0.03212   0.00000   0.02148   0.09144   0.00000   0.19143   0.02496   0.01297   0.16396   0.00216   0.05156   0.00732   0.03138   0.07411   0.06531   0.01848   0.07565   0.00000   0.05104   0.01575   0.02973   0.02087   0.08074   0.10015   0.00000   0.12410   0.00000   0.00000   0.04312   0.06352   0.05103   0.04906   0.04307   0.06494   0.03621   0.07791   0.00000   0.01059   0.02013   0.02869   0.00000   0.00672   0.05163   0.00000   0.02155   0.03914   0.05299   0.03028   0.00252   0.01338   0.03146   0.03934   3.31810   0.98080   0.02475   0.41566   1.00000  
157  0.0010   4376.760410  x:  0.00000   0.00000   0.05249   0.03212   0.00000   0.02148   0.09144   0.00000   0.19143   0.02496   0.01297   0.16396   0.00216   0.05156   0.00732   0.03138   0.07411   0.06531   0.01848   0.07565   0.00000   0.05104   0.01575   0.02973   0.02087   0.08074   0.10015   0.00000   0.12410   0.00000   0.00000   0.04312   0.06352   0.05103   0.04906   0.04307   0.06494   0.03621   0.07791   0.00000   0.01059   0.02013   0.02869   0.00000   0.00672   0.05163   0.00000   0.02155   0.03914   0.05299   0.03028   0.00252   0.01338   0.03146   0.03935   3.31810   0.98080   0.02475   0.41566   1.00000  