Supplemental results for CODEML (seqf: rec8.fasta  treef: rec8_tree.txt)


MLEs of dN/dS (w) for site classes (K=6)

p:   0.20000  0.20000  0.20000  0.20000  0.20000  0.00001
w:   0.00692  0.07123  0.21204  0.43927  0.77063  3.41430
(note that p[5] is zero)


Naive Empirical Bayes (NEB) probabilities for 6 classes & postmean_w & P(w>1)
(amino acids refer to 1st sequence: Danio_rerio)

   1 A   0.87669 0.12138 0.00193 0.00000 0.00000 0.00000 ( 1)  0.015  0.000
   2 T   0.87516 0.12287 0.00197 0.00000 0.00000 0.00000 ( 1)  0.015  0.000
   3 K   0.00000 0.08333 0.72129 0.19170 0.00368 0.00000 ( 3)  0.246  0.000
   4 G   0.00388 0.64981 0.33724 0.00903 0.00003 0.00000 ( 2)  0.122  0.000
   5 R   0.00000 0.00007 0.10877 0.72404 0.16712 0.00000 ( 4)  0.470  0.000
   6 K   0.00000 0.00150 0.29385 0.62997 0.07468 0.00000 ( 4)  0.397  0.000
   7 I   0.00001 0.14128 0.76364 0.09422 0.00085 0.00000 ( 3)  0.214  0.000
   8 S   0.00000 0.00000 0.01495 0.47795 0.50710 0.00000 ( 5)  0.604  0.000
   9 R   0.87740 0.12060 0.00200 0.00001 0.00000 0.00000 ( 1)  0.015  0.000
  10 R   0.33702 0.60856 0.05358 0.00083 0.00000 0.00000 ( 2)  0.057  0.000
  11 D   0.00002 0.27206 0.69946 0.02840 0.00006 0.00000 ( 3)  0.180  0.000
  12 L   0.00000 0.00289 0.41298 0.54310 0.04103 0.00000 ( 4)  0.358  0.000
  13 L   0.37099 0.59181 0.03693 0.00027 0.00000 0.00000 ( 2)  0.053  0.000
  14 K   0.00000 0.00028 0.17720 0.70041 0.12211 0.00000 ( 4)  0.439  0.000
  15 V   0.88869 0.10995 0.00136 0.00000 0.00000 0.00000 ( 1)  0.014  0.000
  16 N   0.89731 0.10169 0.00100 0.00000 0.00000 0.00000 ( 1)  0.014  0.000
  17 V   0.00108 0.45143 0.52390 0.02348 0.00011 0.00000 ( 3)  0.154  0.000
  18 H   0.00000 0.00000 0.00437 0.42164 0.57399 0.00000 ( 5)  0.628  0.000
  19 N   0.00000 0.00000 0.00044 0.11656 0.88300 0.00000 ( 5)  0.732  0.000
  20 T   0.85468 0.14209 0.00322 0.00001 0.00000 0.00000 ( 1)  0.017  0.000
  21 C   0.90383 0.09533 0.00084 0.00000 0.00000 0.00000 ( 1)  0.013  0.000
  22 N   0.00000 0.00000 0.00000 0.01569 0.98430 0.00000 ( 5)  0.765  0.000
  23 D   0.09868 0.86193 0.03933 0.00006 0.00000 0.00000 ( 2)  0.070  0.000
  24 I   0.46249 0.52297 0.01452 0.00003 0.00000 0.00000 ( 2)  0.044  0.000
  25 M   0.00000 0.06536 0.87069 0.06381 0.00014 0.00000 ( 3)  0.217  0.000
  26 D   0.00000 0.10693 0.80083 0.09171 0.00053 0.00000 ( 3)  0.218  0.000
  27 F   0.40133 0.57281 0.02576 0.00009 0.00000 0.00000 ( 2)  0.049  0.000
  28 V   0.00342 0.62253 0.36400 0.01002 0.00003 0.00000 ( 2)  0.126  0.000
  29 L   0.00000 0.00000 0.00005 0.04641 0.95354 0.00000 ( 5)  0.755  0.000
  30 V   0.00000 0.10938 0.75535 0.13334 0.00192 0.00000 ( 3)  0.228  0.000
  31 R   0.00001 0.18417 0.75231 0.06314 0.00037 0.00000 ( 3)  0.201  0.000
  32 V   0.04903 0.80800 0.14127 0.00170 0.00000 0.00000 ( 2)  0.089  0.000
  33 P   0.00001 0.14296 0.75477 0.10090 0.00136 0.00000 ( 3)  0.216  0.000
  34 P   0.87465 0.12328 0.00206 0.00001 0.00000 0.00000 ( 1)  0.015  0.000
  35 P   0.00009 0.23529 0.68352 0.07970 0.00141 0.00000 ( 3)  0.198  0.000
  36 M   0.00000 0.00000 0.00937 0.48600 0.50462 0.00000 ( 5)  0.604  0.000
  37 A   0.00025 0.40787 0.56278 0.02889 0.00021 0.00000 ( 3)  0.161  0.000
  38 G   0.00000 0.00120 0.34801 0.59644 0.05436 0.00000 ( 4)  0.378  0.000
  39 L   0.04114 0.77129 0.18366 0.00389 0.00002 0.00000 ( 2)  0.096  0.000
  40 P   0.89010 0.10853 0.00138 0.00000 0.00000 0.00000 ( 1)  0.014  0.000
  41 R   0.04870 0.79580 0.15268 0.00281 0.00001 0.00000 ( 2)  0.091  0.000
  42 P   0.87902 0.11912 0.00185 0.00000 0.00000 0.00000 ( 1)  0.015  0.000
  43 R   0.88015 0.11802 0.00182 0.00000 0.00000 0.00000 ( 1)  0.015  0.000
  44 F   0.92167 0.07791 0.00042 0.00000 0.00000 0.00000 ( 1)  0.012  0.000
  45 S   0.06349 0.83931 0.09648 0.00071 0.00000 0.00000 ( 2)  0.081  0.000
  46 L   0.89265 0.10610 0.00125 0.00000 0.00000 0.00000 ( 1)  0.014  0.000
  47 Y   0.88091 0.11746 0.00163 0.00000 0.00000 0.00000 ( 1)  0.015  0.000
  48 L   0.86127 0.13588 0.00284 0.00001 0.00000 0.00000 ( 1)  0.016  0.000
  49 S   0.89235 0.10639 0.00125 0.00000 0.00000 0.00000 ( 1)  0.014  0.000
  50 S   0.06495 0.84159 0.09281 0.00065 0.00000 0.00000 ( 2)  0.080  0.000
  51 Q   0.89602 0.10293 0.00104 0.00000 0.00000 0.00000 ( 1)  0.014  0.000
  52 L   0.85113 0.14526 0.00360 0.00002 0.00000 0.00000 ( 1)  0.017  0.000
  53 Q   0.89602 0.10293 0.00104 0.00000 0.00000 0.00000 ( 1)  0.014  0.000
  54 Y   0.85227 0.14441 0.00331 0.00001 0.00000 0.00000 ( 1)  0.017  0.000
  55 G   0.86363 0.13365 0.00272 0.00001 0.00000 0.00000 ( 1)  0.016  0.000
  56 V   0.40256 0.57121 0.02612 0.00011 0.00000 0.00000 ( 2)  0.049  0.000
  57 V   0.00378 0.64609 0.34135 0.00875 0.00003 0.00000 ( 2)  0.122  0.000
  58 L   0.00001 0.14440 0.75624 0.09815 0.00120 0.00000 ( 3)  0.215  0.000
  59 V   0.43898 0.54227 0.01870 0.00005 0.00000 0.00000 ( 2)  0.046  0.000
  60 F   0.00031 0.46878 0.51596 0.01492 0.00003 0.00000 ( 3)  0.149  0.000
  61 H   0.57449 0.42068 0.00483 0.00000 0.00000 0.00000 ( 1)  0.035  0.000
  62 R   0.04241 0.77057 0.18245 0.00453 0.00003 0.00000 ( 2)  0.096  0.000
  63 Q   0.89474 0.10417 0.00109 0.00000 0.00000 0.00000 ( 1)  0.014  0.000
  64 C   0.89944 0.09959 0.00097 0.00000 0.00000 0.00000 ( 1)  0.014  0.000
  65 E   0.00000 0.00006 0.09389 0.67898 0.22706 0.00000 ( 4)  0.493  0.000
  66 F   0.00000 0.00065 0.36783 0.60580 0.02572 0.00000 ( 4)  0.364  0.000
  67 L   0.36389 0.59750 0.03833 0.00028 0.00000 0.00000 ( 2)  0.053  0.000
  68 L   0.83639 0.15866 0.00492 0.00003 0.00000 0.00000 ( 1)  0.018  0.000
  69 I   0.33265 0.62826 0.03892 0.00017 0.00000 0.00000 ( 2)  0.055  0.000
  70 D   0.53930 0.45387 0.00683 0.00001 0.00000 0.00000 ( 1)  0.038  0.000
  71 E   0.00000 0.03501 0.81974 0.14434 0.00090 0.00000 ( 3)  0.240  0.000
  72 D   0.00000 0.00000 0.00005 0.05615 0.94379 0.00000 ( 5)  0.752  0.000
  73 T   0.00000 0.00000 0.02475 0.72390 0.25135 0.00000 ( 4)  0.517  0.000
  74 R   0.05465 0.82418 0.12008 0.00108 0.00000 0.00000 ( 2)  0.085  0.000
  75 Q   0.00000 0.00000 0.00005 0.05874 0.94121 0.00000 ( 5)  0.751  0.000
  76 S   0.00000 0.00000 0.00087 0.20996 0.78917 0.00000 ( 5)  0.701  0.000
  77 H   0.00000 0.00798 0.52321 0.44340 0.02541 0.00000 ( 3)  0.326  0.000
  78 M   0.00000 0.00000 0.01037 0.55778 0.43185 0.00000 ( 4)  0.580  0.000
  79 I   0.00000 0.00000 0.01396 0.52486 0.46118 0.00000 ( 4)  0.589  0.000
  80 P   0.39232 0.57866 0.02888 0.00014 0.00000 0.00000 ( 2)  0.050  0.000
  81 D   0.00980 0.87271 0.11709 0.00040 0.00000 0.00000 ( 2)  0.087  0.000
  82 A   0.00000 0.00000 0.00000 0.01539 0.98460 0.00001 ( 5)  0.766  0.000
  83 V   0.36562 0.59664 0.03749 0.00026 0.00000 0.00000 ( 2)  0.053  0.000
  84 A   0.00000 0.00000 0.00005 0.07255 0.92739 0.00000 ( 5)  0.747  0.000
  85 L   0.00000 0.00712 0.38192 0.52566 0.08530 0.00000 ( 4)  0.378  0.000
  86 F   0.00000 0.02947 0.78305 0.18552 0.00197 0.00000 ( 3)  0.251  0.000
  87 D   0.00000 0.00000 0.06619 0.80818 0.12563 0.00000 ( 4)  0.466  0.000
  88 E   0.00002 0.30644 0.67176 0.02174 0.00004 0.00000 ( 3)  0.174  0.000
  89 T   0.00000 0.00000 0.02399 0.60847 0.36753 0.00000 ( 4)  0.556  0.000
  90 E   0.00046 0.57275 0.42040 0.00638 0.00001 0.00000 ( 2)  0.133  0.000
  91 G   0.04173 0.77771 0.17734 0.00321 0.00001 0.00000 ( 2)  0.095  0.000
  92 A   0.37194 0.59274 0.03510 0.00022 0.00000 0.00000 ( 2)  0.052  0.000
  93 R   0.00000 0.00000 0.01620 0.55227 0.43152 0.00000 ( 4)  0.579  0.000
  94 D   0.00886 0.85677 0.13382 0.00054 0.00000 0.00000 ( 2)  0.090  0.000
  95 P   0.45774 0.52590 0.01632 0.00004 0.00000 0.00000 ( 2)  0.044  0.000
  96 F   0.00003 0.36570 0.62043 0.01382 0.00001 0.00000 ( 3)  0.164  0.000
  97 F   0.90584 0.09342 0.00074 0.00000 0.00000 0.00000 ( 1)  0.013  0.000
  98 G   0.86190 0.13538 0.00272 0.00001 0.00000 0.00000 ( 1)  0.016  0.000
  99 I   0.00000 0.00000 0.02659 0.57524 0.39816 0.00000 ( 4)  0.565  0.000
 100 M   0.11840 0.85685 0.02473 0.00002 0.00000 0.00000 ( 2)  0.067  0.000
 101 L   0.00000 0.00104 0.28899 0.64504 0.06493 0.00000 ( 4)  0.395  0.000
 102 P   0.07630 0.85391 0.06948 0.00032 0.00000 0.00000 ( 2)  0.076  0.000
 103 S   0.07780 0.85914 0.06286 0.00019 0.00000 0.00000 ( 2)  0.075  0.000
 104 P   0.07545 0.85237 0.07182 0.00036 0.00000 0.00000 ( 2)  0.077  0.000
 105 S   0.00000 0.00000 0.00000 0.02724 0.97275 0.00000 ( 5)  0.762  0.000
 106 S   0.00000 0.00000 0.00002 0.04289 0.95710 0.00000 ( 5)  0.756  0.000
 107 L   0.00000 0.00007 0.09026 0.72403 0.18563 0.00000 ( 4)  0.480  0.000
 108 I   0.00000 0.00000 0.00002 0.03858 0.96140 0.00000 ( 5)  0.758  0.000
 109 Q   0.00000 0.11721 0.82094 0.06165 0.00021 0.00000 ( 3)  0.210  0.000
 110 G   0.00000 0.00095 0.33418 0.62043 0.04444 0.00000 ( 4)  0.378  0.000
 111 I   0.00000 0.00000 0.02364 0.68651 0.28984 0.00000 ( 4)  0.530  0.000
 112 T   0.00000 0.00600 0.39887 0.53822 0.05691 0.00000 ( 4)  0.365  0.000
 113 A   0.00000 0.00001 0.05875 0.71169 0.22955 0.00000 ( 4)  0.502  0.000
 114 S   0.00000 0.00000 0.01267 0.52964 0.45769 0.00000 ( 4)  0.588  0.000
 115 Q   0.00417 0.67031 0.31792 0.00758 0.00003 0.00000 ( 2)  0.119  0.000
 116 I   0.91020 0.08915 0.00065 0.00000 0.00000 0.00000 ( 1)  0.013  0.000
 117 T   0.89342 0.10540 0.00117 0.00000 0.00000 0.00000 ( 1)  0.014  0.000
 118 L   0.00000 0.00852 0.55733 0.41860 0.01554 0.00000 ( 3)  0.315  0.000
 119 T   0.00000 0.00022 0.15015 0.70865 0.14099 0.00000 ( 4)  0.452  0.000
 120 E   0.46139 0.52400 0.01458 0.00003 0.00000 0.00000 ( 2)  0.044  0.000
 121 P   0.00000 0.00000 0.00464 0.31946 0.67590 0.00000 ( 5)  0.662  0.000
 122 E   0.04537 0.79908 0.15370 0.00185 0.00000 0.00000 ( 2)  0.091  0.000
 123 P   0.00000 0.00012 0.10527 0.68445 0.21015 0.00000 ( 4)  0.485  0.000
 124 L   0.00000 0.00000 0.02248 0.60496 0.37256 0.00000 ( 4)  0.558  0.000
 125 I   0.00000 0.00000 0.01095 0.56686 0.42219 0.00000 ( 4)  0.577  0.000
 126 M   0.00000 0.04509 0.84403 0.11037 0.00051 0.00000 ( 3)  0.231  0.000
 127 P   0.00000 0.00000 0.00040 0.14418 0.85542 0.00000 ( 5)  0.723  0.000
 128 E   0.00000 0.00000 0.00046 0.16216 0.83738 0.00000 ( 5)  0.717  0.000
 129 P   0.00000 0.00362 0.47354 0.49664 0.02620 0.00000 ( 4)  0.339  0.000
 130 Q   0.07745 0.85938 0.06298 0.00019 0.00000 0.00000 ( 2)  0.075  0.000
 131 F   0.90644 0.09283 0.00073 0.00000 0.00000 0.00000 ( 1)  0.013  0.000
 132 E   0.00001 0.14086 0.77798 0.08069 0.00046 0.00000 ( 3)  0.211  0.000
 133 G   0.85227 0.14430 0.00342 0.00001 0.00000 0.00000 ( 1)  0.017  0.000
 134 A   0.00000 0.00000 0.01144 0.47609 0.51247 0.00000 ( 5)  0.606  0.000
 135 D   0.00000 0.06300 0.86790 0.06895 0.00015 0.00000 ( 3)  0.219  0.000
 136 L   0.04974 0.80736 0.14105 0.00185 0.00000 0.00000 ( 2)  0.089  0.000
 137 Q   0.00000 0.00007 0.11368 0.72702 0.15922 0.00000 ( 4)  0.466  0.000
 138 E   0.00000 0.10047 0.82650 0.07277 0.00025 0.00000 ( 3)  0.215  0.000
 139 A   0.00000 0.00000 0.00130 0.26933 0.72937 0.00000 ( 5)  0.681  0.000
 140 N   0.00000 0.00000 0.00091 0.19975 0.79934 0.00000 ( 5)  0.704  0.000
 141 I   0.06360 0.84377 0.09211 0.00052 0.00000 0.00000 ( 2)  0.080  0.000
 142 E   0.00000 0.00781 0.78060 0.21035 0.00124 0.00000 ( 3)  0.259  0.000
 143 L   0.00000 0.00035 0.29211 0.67526 0.03228 0.00000 ( 4)  0.383  0.000
 144 L   0.86144 0.13570 0.00285 0.00001 0.00000 0.00000 ( 1)  0.016  0.000
 145 L   0.00000 0.00372 0.63458 0.35700 0.00470 0.00000 ( 3)  0.295  0.000
 146 E   0.00000 0.00020 0.21189 0.72657 0.06133 0.00000 ( 4)  0.411  0.000
 147 Q   0.00574 0.75829 0.23332 0.00265 0.00000 0.00000 ( 2)  0.105  0.000
 148 P   0.00000 0.00000 0.00587 0.36824 0.62589 0.00000 ( 5)  0.645  0.000
 149 D   0.00802 0.83643 0.15475 0.00080 0.00000 0.00000 ( 2)  0.093  0.000
 150 H   0.00000 0.00000 0.03465 0.78941 0.17594 0.00000 ( 4)  0.490  0.000
 151 F   0.92720 0.07246 0.00033 0.00000 0.00000 0.00000 ( 1)  0.012  0.000
 152 E   0.00000 0.07878 0.81273 0.10773 0.00075 0.00000 ( 3)  0.226  0.000
 153 R   0.00000 0.00000 0.00012 0.08647 0.91341 0.00000 ( 5)  0.742  0.000
 154 E   0.00000 0.00014 0.24753 0.72063 0.03170 0.00000 ( 4)  0.393  0.000
 155 T   0.00000 0.00002 0.04855 0.62098 0.33044 0.00000 ( 4)  0.538  0.000
 156 A   0.00000 0.00000 0.02128 0.58851 0.39021 0.00000 ( 4)  0.564  0.000
 157 R   0.00000 0.00008 0.12622 0.74013 0.13357 0.00000 ( 4)  0.455  0.000
 158 D   0.00000 0.10626 0.82605 0.06746 0.00023 0.00000 ( 3)  0.213  0.000
 159 L   0.00000 0.00000 0.03042 0.64025 0.32932 0.00000 ( 4)  0.541  0.000
 160 S   0.00000 0.00000 0.00276 0.32713 0.67011 0.00000 ( 5)  0.661  0.000
 161 L   0.00000 0.00000 0.00049 0.12747 0.87204 0.00000 ( 5)  0.728  0.000
 162 D   0.00000 0.00000 0.02335 0.73622 0.24043 0.00000 ( 4)  0.514  0.000
 163 -   0.00000 0.00207 0.28081 0.62561 0.09150 0.00000 ( 4)  0.405  0.000
 164 L   0.00000 0.00433 0.38463 0.55018 0.06086 0.00000 ( 4)  0.370  0.000
 165 D   0.00000 0.01554 0.80675 0.17667 0.00104 0.00000 ( 3)  0.251  0.000
 166 A   0.00000 0.00000 0.00002 0.05730 0.94268 0.00000 ( 5)  0.752  0.000
 167 V   0.00000 0.00000 0.00080 0.20927 0.78992 0.00000 ( 5)  0.701  0.000
 168 L   0.00000 0.00000 0.00594 0.41190 0.58216 0.00000 ( 5)  0.631  0.000
 169 L   0.00000 0.00700 0.42665 0.51452 0.05183 0.00000 ( 4)  0.357  0.000
 170 P   0.00000 0.00000 0.01980 0.55293 0.42726 0.00000 ( 4)  0.576  0.000
 171 E   0.00000 0.00000 0.01253 0.62608 0.36139 0.00000 ( 4)  0.556  0.000
 172 E   0.00638 0.78913 0.20295 0.00154 0.00000 0.00000 ( 2)  0.100  0.000
 173 D   0.00000 0.00015 0.25080 0.71345 0.03561 0.00000 ( 4)  0.394  0.000
 174 L   0.00000 0.00000 0.00037 0.14527 0.85436 0.00000 ( 5)  0.722  0.000
 175 G   0.00000 0.00047 0.22840 0.68092 0.09021 0.00000 ( 4)  0.417  0.000
 176 L   0.00000 0.00000 0.00354 0.29995 0.69651 0.00000 ( 5)  0.669  0.000
 177 P   0.00000 0.00025 0.22484 0.70451 0.07040 0.00000 ( 4)  0.411  0.000
 178 V   0.00000 0.00010 0.13438 0.73477 0.13075 0.00000 ( 4)  0.452  0.000
 179 P   0.00000 0.00000 0.04302 0.68863 0.26834 0.00000 ( 4)  0.518  0.000
 180 I   0.00000 0.00000 0.00783 0.56770 0.42447 0.00000 ( 4)  0.578  0.000
 181 P   0.00000 0.02563 0.74687 0.22336 0.00415 0.00000 ( 3)  0.262  0.000
 182 S   0.00000 0.00000 0.00010 0.08158 0.91833 0.00000 ( 5)  0.744  0.000
 183 P   0.00000 0.00000 0.00020 0.10329 0.89651 0.00000 ( 5)  0.736  0.000
 184 P   0.00000 0.06667 0.77344 0.15677 0.00311 0.00000 ( 3)  0.240  0.000
 185 R   0.00000 0.00047 0.21348 0.64967 0.13638 0.00000 ( 4)  0.436  0.000
 186 R   0.41037 0.55852 0.03078 0.00033 0.00000 0.00000 ( 2)  0.049  0.000
 187 R   0.00000 0.01568 0.65800 0.31761 0.00871 0.00000 ( 3)  0.287  0.000
 188 R   0.05236 0.80510 0.14005 0.00248 0.00001 0.00000 ( 2)  0.089  0.000
 189 Q   0.90179 0.09735 0.00087 0.00000 0.00000 0.00000 ( 1)  0.013  0.000
 190 L   0.87605 0.12192 0.00202 0.00001 0.00000 0.00000 ( 1)  0.015  0.000
 191 L   0.00000 0.03278 0.79965 0.16576 0.00180 0.00000 ( 3)  0.246  0.000
 192 F   0.92498 0.07465 0.00037 0.00000 0.00000 0.00000 ( 1)  0.012  0.000
 193 V   0.00000 0.00000 0.00002 0.05115 0.94883 0.00000 ( 5)  0.754  0.000
 194 D   0.92680 0.07286 0.00034 0.00000 0.00000 0.00000 ( 1)  0.012  0.000
 195 E   0.00000 0.00068 0.25621 0.64131 0.10180 0.00000 ( 4)  0.415  0.000
 196 Y   0.00000 0.00002 0.11786 0.79361 0.08850 0.00000 ( 4)  0.442  0.000
 197 T   0.00000 0.00000 0.00889 0.52698 0.46413 0.00000 ( 4)  0.591  0.000
 198 Q   0.90534 0.09389 0.00076 0.00000 0.00000 0.00000 ( 1)  0.013  0.000
 199 L   0.06303 0.83619 0.09994 0.00084 0.00000 0.00000 ( 2)  0.082  0.000
 200 L   0.00000 0.01903 0.81873 0.16121 0.00103 0.00000 ( 3)  0.247  0.000
 201 T   0.00000 0.00002 0.10162 0.77174 0.12663 0.00000 ( 4)  0.458  0.000
 202 N   0.00000 0.00000 0.00005 0.07730 0.92264 0.00000 ( 5)  0.745  0.000
 203 P   0.49100 0.49689 0.01209 0.00002 0.00000 0.00000 ( 2)  0.041  0.000
 204 C   0.00047 0.57652 0.41617 0.00682 0.00001 0.00000 ( 2)  0.132  0.000
 205 L   0.00001 0.20269 0.74878 0.04833 0.00019 0.00000 ( 3)  0.195  0.000
 206 -   0.03331 0.70474 0.24886 0.01284 0.00024 0.00000 ( 2)  0.109  0.000
 207 P   0.00000 0.00050 0.33094 0.63502 0.03353 0.00000 ( 4)  0.375  0.000
 208 P   0.00000 0.00000 0.00012 0.07208 0.92779 0.00000 ( 5)  0.747  0.000
 209 E   0.00000 0.02101 0.84753 0.13101 0.00045 0.00000 ( 3)  0.239  0.000
 210 I   0.00000 0.00087 0.30189 0.63569 0.06156 0.00000 ( 4)  0.391  0.000
 211 L   0.00000 0.00008 0.10950 0.68411 0.20631 0.00000 ( 4)  0.483  0.000
 212 T   0.00000 0.00000 0.00533 0.38432 0.61036 0.00000 ( 5)  0.640  0.000
 213 L   0.81953 0.17380 0.00662 0.00005 0.00000 0.00000 ( 1)  0.019  0.000
 214 W   0.90183 0.09733 0.00084 0.00000 0.00000 0.00000 ( 1)  0.013  0.000
 215 I   0.04569 0.79829 0.15404 0.00197 0.00000 0.00000 ( 2)  0.091  0.000
 216 P   0.00000 0.00000 0.00003 0.03107 0.96887 0.00003 ( 5)  0.760  0.000
 217 E   0.04972 0.81521 0.13383 0.00124 0.00000 0.00000 ( 2)  0.087  0.000
 218 E   0.00000 0.01267 0.53405 0.43291 0.02037 0.00000 ( 3)  0.320  0.000
 219 A   0.00000 0.03547 0.70921 0.24946 0.00585 0.00000 ( 3)  0.267  0.000
 220 T   0.00000 0.00000 0.00049 0.16591 0.83360 0.00000 ( 5)  0.715  0.000
 221 F   0.87578 0.12238 0.00183 0.00000 0.00000 0.00000 ( 1)  0.015  0.000
 222 E   0.00000 0.00000 0.00059 0.21902 0.78039 0.00000 ( 5)  0.698  0.000
 223 S   0.00000 0.08879 0.73416 0.17343 0.00361 0.00000 ( 3)  0.241  0.000
 224 L   0.82283 0.17094 0.00619 0.00004 0.00000 0.00000 ( 1)  0.019  0.000
 225 L   0.00007 0.18660 0.69043 0.12040 0.00249 0.00000 ( 3)  0.215  0.000
 226 P   0.87931 0.11892 0.00177 0.00000 0.00000 0.00000 ( 1)  0.015  0.000
 227 P   0.00014 0.28437 0.65254 0.06217 0.00078 0.00000 ( 3)  0.187  0.000
 228 R   0.00323 0.59908 0.38375 0.01387 0.00007 0.00000 ( 2)  0.130  0.000
 229 R   0.00000 0.00000 0.00000 0.01111 0.98887 0.00002 ( 5)  0.767  0.000
 230 I   0.00000 0.00020 0.14333 0.70606 0.15041 0.00000 ( 4)  0.456  0.000
 231 V   0.00000 0.00004 0.07357 0.68626 0.24013 0.00000 ( 4)  0.502  0.000
 232 A   0.00000 0.00014 0.17024 0.73910 0.09052 0.00000 ( 4)  0.431  0.000
 233 Q   0.00000 0.00000 0.01446 0.59676 0.38879 0.00000 ( 4)  0.565  0.000
 234 M   0.00000 0.00000 0.00002 0.03395 0.96603 0.00000 ( 5)  0.759  0.000
 235 F   0.00037 0.51628 0.47295 0.01038 0.00002 0.00000 ( 2)  0.142  0.000
 236 W   0.00000 0.00000 0.00001 0.03862 0.96137 0.00000 ( 5)  0.758  0.000
 237 R   0.00000 0.00000 0.00084 0.16707 0.83209 0.00000 ( 5)  0.715  0.000
 238 L   0.02928 0.69885 0.26237 0.00945 0.00006 0.00000 ( 2)  0.110  0.000
 239 L   0.80331 0.18787 0.00874 0.00009 0.00000 0.00000 ( 1)  0.021  0.000
 240 E   0.00001 0.14355 0.76643 0.08936 0.00065 0.00000 ( 3)  0.212  0.000
 241 E   0.00000 0.00000 0.00009 0.05787 0.94204 0.00000 ( 5)  0.751  0.000
 242 T   0.00000 0.00002 0.03002 0.47652 0.49344 0.00000 ( 5)  0.596  0.000
 243 V   0.00000 0.00020 0.11316 0.70631 0.18033 0.00000 ( 4)  0.473  0.000
 244 T   0.00000 0.00000 0.00006 0.05052 0.94942 0.00000 ( 5)  0.754  0.000
 245 V   0.00000 0.00002 0.06314 0.70201 0.23483 0.00000 ( 4)  0.503  0.000
 246 -   0.20000 0.20000 0.20000 0.20000 0.20000 0.00001 ( 4)  0.300  0.000
 247 Q   0.00395 0.66417 0.32533 0.00654 0.00001 0.00000 ( 2)  0.119  0.000
 248 D   0.00000 0.00000 0.00365 0.35475 0.64160 0.00000 ( 5)  0.651  0.000
 249 E   0.00000 0.00201 0.37576 0.58454 0.03769 0.00000 ( 4)  0.366  0.000

Positively selected sites

	Prob(w>1)  mean w



lnL = -12221.244704

Bayes Empirical Bayes (BEB) probabilities for 11 classes (class) & postmean_w
(amino acids refer to 1st sequence: Danio_rerio)

   1 A   0.97894 0.02014 0.00086 0.00005 0.00000 0.00000 0.00000 0.00000 0.00000 0.00000 0.00000 ( 1)  0.052 +-  0.015
   2 T   0.97870 0.02038 0.00087 0.00005 0.00000 0.00000 0.00000 0.00000 0.00000 0.00000 0.00000 ( 1)  0.052 +-  0.015
   3 K   0.03918 0.35515 0.35103 0.17123 0.06001 0.01747 0.00454 0.00109 0.00025 0.00005 0.00000 ( 2)  0.244 +-  0.109
   4 G   0.54831 0.35423 0.08124 0.01371 0.00212 0.00033 0.00005 0.00001 0.00000 0.00000 0.00000 ( 1)  0.107 +-  0.072
   5 R   0.00001 0.01119 0.11789 0.25497 0.26403 0.18220 0.09856 0.04564 0.01884 0.00651 0.00017 ( 5)  0.460 +-  0.151
   6 K   0.00027 0.05486 0.23374 0.29732 0.21623 0.11581 0.05165 0.02046 0.00738 0.00226 0.00003 ( 4)  0.389 +-  0.143
   7 I   0.06966 0.46273 0.32091 0.11057 0.02826 0.00626 0.00129 0.00026 0.00005 0.00001 0.00000 ( 2)  0.209 +-  0.094
   8 S   0.00000 0.00084 0.02389 0.10556 0.19495 0.22234 0.18949 0.13368 0.08193 0.04098 0.00635 ( 6)  0.595 +-  0.183
   9 R   0.97861 0.02041 0.00092 0.00005 0.00000 0.00000 0.00000 0.00000 0.00000 0.00000 0.00000 ( 1)  0.052 +-  0.016
  10 R   0.90457 0.08428 0.00970 0.00123 0.00018 0.00003 0.00001 0.00000 0.00000 0.00000 0.00000 ( 1)  0.061 +-  0.036
  11 D   0.14520 0.56287 0.23369 0.04917 0.00781 0.00109 0.00014 0.00002 0.00000 0.00000 0.00000 ( 2)  0.172 +-  0.079
  12 L   0.00051 0.08929 0.29649 0.30160 0.18119 0.08257 0.03215 0.01138 0.00375 0.00107 0.00001 ( 4)  0.354 +-  0.133
  13 L   0.92442 0.06893 0.00603 0.00056 0.00006 0.00001 0.00000 0.00000 0.00000 0.00000 0.00000 ( 1)  0.058 +-  0.030
  14 K   0.00003 0.02391 0.16617 0.28113 0.24808 0.15351 0.07675 0.03331 0.01291 0.00415 0.00005 ( 4)  0.429 +-  0.148
  15 V   0.98243 0.01694 0.00061 0.00003 0.00000 0.00000 0.00000 0.00000 0.00000 0.00000 0.00000 ( 1)  0.052 +-  0.014
  16 N   0.98497 0.01458 0.00043 0.00002 0.00000 0.00000 0.00000 0.00000 0.00000 0.00000 0.00000 ( 1)  0.052 +-  0.013
  17 V   0.33733 0.46365 0.15765 0.03397 0.00615 0.00104 0.00018 0.00003 0.00001 0.00000 0.00000 ( 2)  0.141 +-  0.084
  18 H   0.00000 0.00013 0.00937 0.07021 0.17772 0.24155 0.22101 0.15397 0.08693 0.03777 0.00135 ( 6)  0.611 +-  0.159
  19 N   0.00000 0.00001 0.00105 0.01219 0.04987 0.11199 0.17182 0.20282 0.19549 0.14531 0.10945 ( 8)  0.821 +-  0.280
  20 T   0.97241 0.02608 0.00141 0.00009 0.00001 0.00000 0.00000 0.00000 0.00000 0.00000 0.00000 ( 1)  0.053 +-  0.018
  21 C   0.98630 0.01331 0.00037 0.00001 0.00000 0.00000 0.00000 0.00000 0.00000 0.00000 0.00000 ( 1)  0.051 +-  0.012
  22 N   0.00000 0.00000 0.00001 0.00040 0.00497 0.02519 0.07196 0.13839 0.19711 0.20092 0.36104 (11)  1.069 +-  0.349
  23 D   0.91953 0.07617 0.00409 0.00020 0.00001 0.00000 0.00000 0.00000 0.00000 0.00000 0.00000 ( 1)  0.058 +-  0.030
  24 I   0.95717 0.04076 0.00197 0.00010 0.00001 0.00000 0.00000 0.00000 0.00000 0.00000 0.00000 ( 1)  0.055 +-  0.022
  25 M   0.01999 0.47780 0.37480 0.10522 0.01899 0.00278 0.00037 0.00005 0.00001 0.00000 0.00000 ( 2)  0.214 +-  0.080
  26 D   0.04352 0.46363 0.34305 0.11568 0.02748 0.00545 0.00098 0.00017 0.00003 0.00000 0.00000 ( 2)  0.214 +-  0.090
  27 F   0.93909 0.05681 0.00382 0.00026 0.00002 0.00000 0.00000 0.00000 0.00000 0.00000 0.00000 ( 1)  0.057 +-  0.027
  28 V   0.51932 0.37178 0.09053 0.01560 0.00238 0.00035 0.00005 0.00001 0.00000 0.00000 0.00000 ( 1)  0.111 +-  0.074
  29 L   0.00000 0.00000 0.00015 0.00320 0.02187 0.07355 0.15224 0.22129 0.24285 0.19184 0.09302 ( 9)  0.845 +-  0.246
  30 V   0.05232 0.41473 0.34063 0.13768 0.04093 0.01048 0.00249 0.00057 0.00013 0.00003 0.00000 ( 2)  0.225 +-  0.101
  31 R   0.09400 0.50718 0.29159 0.08453 0.01841 0.00352 0.00064 0.00011 0.00002 0.00000 0.00000 ( 2)  0.194 +-  0.088
  32 V   0.79895 0.17416 0.02375 0.00278 0.00032 0.00004 0.00000 0.00000 0.00000 0.00000 0.00000 ( 1)  0.073 +-  0.050
  33 P   0.07104 0.45843 0.31788 0.11260 0.03046 0.00736 0.00172 0.00040 0.00009 0.00002 0.00000 ( 2)  0.210 +-  0.096
  34 P   0.97823 0.02079 0.00093 0.00005 0.00000 0.00000 0.00000 0.00000 0.00000 0.00000 0.00000 ( 1)  0.052 +-  0.016
  35 P   0.14589 0.47195 0.26398 0.08671 0.02347 0.00597 0.00151 0.00039 0.00010 0.00003 0.00000 ( 2)  0.190 +-  0.098
  36 M   0.00000 0.00037 0.01724 0.09648 0.19969 0.23687 0.19975 0.13465 0.07692 0.03522 0.00282 ( 6)  0.592 +-  0.168
  37 A   0.27933 0.49431 0.17663 0.04004 0.00784 0.00149 0.00029 0.00006 0.00001 0.00000 0.00000 ( 2)  0.151 +-  0.085
  38 G   0.00016 0.06261 0.26884 0.30896 0.20054 0.09724 0.04004 0.01492 0.00515 0.00153 0.00002 ( 4)  0.372 +-  0.136
  39 L   0.75548 0.20345 0.03491 0.00523 0.00078 0.00012 0.00002 0.00000 0.00000 0.00000 0.00000 ( 1)  0.079 +-  0.057
  40 P   0.98239 0.01695 0.00063 0.00003 0.00000 0.00000 0.00000 0.00000 0.00000 0.00000 0.00000 ( 1)  0.052 +-  0.014
  41 R   0.79018 0.17828 0.02711 0.00378 0.00055 0.00008 0.00001 0.00000 0.00000 0.00000 0.00000 ( 1)  0.075 +-  0.052
  42 P   0.97941 0.01970 0.00084 0.00005 0.00000 0.00000 0.00000 0.00000 0.00000 0.00000 0.00000 ( 1)  0.052 +-  0.015
  43 R   0.97960 0.01952 0.00083 0.00005 0.00000 0.00000 0.00000 0.00000 0.00000 0.00000 0.00000 ( 1)  0.052 +-  0.015
  44 F   0.99033 0.00947 0.00019 0.00000 0.00000 0.00000 0.00000 0.00000 0.00000 0.00000 0.00000 ( 1)  0.051 +-  0.010
  45 S   0.84949 0.13502 0.01404 0.00131 0.00013 0.00001 0.00000 0.00000 0.00000 0.00000 0.00000 ( 1)  0.067 +-  0.042
  46 L   0.98324 0.01617 0.00057 0.00003 0.00000 0.00000 0.00000 0.00000 0.00000 0.00000 0.00000 ( 1)  0.052 +-  0.014
  47 Y   0.98064 0.01862 0.00071 0.00003 0.00000 0.00000 0.00000 0.00000 0.00000 0.00000 0.00000 ( 1)  0.052 +-  0.015
  48 L   0.97421 0.02444 0.00126 0.00008 0.00001 0.00000 0.00000 0.00000 0.00000 0.00000 0.00000 ( 1)  0.053 +-  0.017
  49 S   0.98320 0.01621 0.00057 0.00003 0.00000 0.00000 0.00000 0.00000 0.00000 0.00000 0.00000 ( 1)  0.052 +-  0.014
  50 S   0.85372 0.13164 0.01330 0.00121 0.00011 0.00001 0.00000 0.00000 0.00000 0.00000 0.00000 ( 1)  0.066 +-  0.041
  51 Q   0.98465 0.01488 0.00045 0.00002 0.00000 0.00000 0.00000 0.00000 0.00000 0.00000 0.00000 ( 1)  0.052 +-  0.013
  52 L   0.97079 0.02749 0.00160 0.00012 0.00001 0.00000 0.00000 0.00000 0.00000 0.00000 0.00000 ( 1)  0.053 +-  0.018
  53 Q   0.98465 0.01488 0.00045 0.00002 0.00000 0.00000 0.00000 0.00000 0.00000 0.00000 0.00000 ( 1)  0.052 +-  0.013
  54 Y   0.97193 0.02654 0.00143 0.00009 0.00001 0.00000 0.00000 0.00000 0.00000 0.00000 0.00000 ( 1)  0.053 +-  0.018
  55 G   0.97482 0.02388 0.00122 0.00008 0.00001 0.00000 0.00000 0.00000 0.00000 0.00000 0.00000 ( 1)  0.053 +-  0.017
  56 V   0.93882 0.05695 0.00393 0.00028 0.00002 0.00000 0.00000 0.00000 0.00000 0.00000 0.00000 ( 1)  0.057 +-  0.027
  57 V   0.54328 0.35833 0.08232 0.01368 0.00205 0.00030 0.00005 0.00001 0.00000 0.00000 0.00000 ( 1)  0.107 +-  0.072
  58 L   0.07177 0.46126 0.31731 0.11108 0.02956 0.00699 0.00158 0.00036 0.00008 0.00002 0.00000 ( 2)  0.210 +-  0.096
  59 V   0.95028 0.04688 0.00267 0.00016 0.00001 0.00000 0.00000 0.00000 0.00000 0.00000 0.00000 ( 1)  0.055 +-  0.024
  60 F   0.32405 0.49782 0.14739 0.02630 0.00385 0.00052 0.00007 0.00001 0.00000 0.00000 0.00000 ( 2)  0.139 +-  0.078
  61 H   0.97763 0.02177 0.00058 0.00002 0.00000 0.00000 0.00000 0.00000 0.00000 0.00000 0.00000 ( 1)  0.052 +-  0.015
  62 R   0.75847 0.19982 0.03501 0.00558 0.00092 0.00016 0.00003 0.00001 0.00000 0.00000 0.00000 ( 1)  0.079 +-  0.057
  63 Q   0.98429 0.01522 0.00048 0.00002 0.00000 0.00000 0.00000 0.00000 0.00000 0.00000 0.00000 ( 1)  0.052 +-  0.013
  64 C   0.98525 0.01431 0.00043 0.00002 0.00000 0.00000 0.00000 0.00000 0.00000 0.00000 0.00000 ( 1)  0.052 +-  0.013
  65 E   0.00001 0.00989 0.10263 0.22823 0.25178 0.19042 0.11536 0.06075 0.02881 0.01149 0.00063 ( 5)  0.482 +-  0.163
  66 F   0.00007 0.05509 0.29355 0.33994 0.19699 0.07900 0.02567 0.00735 0.00192 0.00043 0.00000 ( 4)  0.357 +-  0.120
  67 L   0.92232 0.07080 0.00624 0.00057 0.00006 0.00001 0.00000 0.00000 0.00000 0.00000 0.00000 ( 1)  0.059 +-  0.031
  68 L   0.96548 0.03213 0.00219 0.00018 0.00002 0.00000 0.00000 0.00000 0.00000 0.00000 0.00000 ( 1)  0.054 +-  0.020
  69 I   0.91946 0.07421 0.00586 0.00044 0.00003 0.00000 0.00000 0.00000 0.00000 0.00000 0.00000 ( 1)  0.059 +-  0.031
  70 D   0.97260 0.02653 0.00084 0.00003 0.00000 0.00000 0.00000 0.00000 0.00000 0.00000 0.00000 ( 1)  0.053 +-  0.017
  71 E   0.00986 0.35192 0.41141 0.17065 0.04478 0.00931 0.00171 0.00029 0.00005 0.00001 0.00000 ( 3)  0.243 +-  0.093
  72 D   0.00000 0.00000 0.00017 0.00373 0.02344 0.07182 0.13920 0.19667 0.21787 0.18008 0.16703 ( 9)  0.896 +-  0.300
  73 T   0.00000 0.00100 0.04137 0.18139 0.27993 0.24183 0.14653 0.07032 0.02839 0.00915 0.00010 ( 5)  0.514 +-  0.145
  74 R   0.82196 0.15700 0.01887 0.00195 0.00020 0.00002 0.00000 0.00000 0.00000 0.00000 0.00000 ( 1)  0.070 +-  0.046
  75 Q   0.00000 0.00000 0.00018 0.00428 0.02858 0.08983 0.17170 0.23056 0.23486 0.17342 0.06659 ( 9)  0.813 +-  0.227
  76 S   0.00000 0.00002 0.00236 0.02670 0.09562 0.17818 0.22041 0.20665 0.15715 0.09213 0.02079 ( 7)  0.702 +-  0.194
  77 H   0.00188 0.14199 0.33849 0.28091 0.14584 0.05954 0.02135 0.00712 0.00225 0.00063 0.00001 ( 3)  0.324 +-  0.128
  78 M   0.00000 0.00038 0.01923 0.11044 0.22482 0.25286 0.19541 0.11688 0.05747 0.02205 0.00046 ( 6)  0.569 +-  0.154
  79 I   0.00000 0.00069 0.02326 0.11176 0.21269 0.23883 0.19240 0.12366 0.06680 0.02862 0.00129 ( 6)  0.576 +-  0.164
  80 P   0.93492 0.06028 0.00443 0.00034 0.00003 0.00000 0.00000 0.00000 0.00000 0.00000 0.00000 ( 1)  0.057 +-  0.028
  81 D   0.78807 0.19347 0.01722 0.00116 0.00007 0.00000 0.00000 0.00000 0.00000 0.00000 0.00000 ( 1)  0.073 +-  0.047
  82 A   0.00000 0.00000 0.00001 0.00041 0.00474 0.02368 0.06856 0.13481 0.19600 0.20279 0.36900 (11)  1.077 +-  0.355
  83 V   0.92336 0.06997 0.00606 0.00055 0.00005 0.00001 0.00000 0.00000 0.00000 0.00000 0.00000 ( 1)  0.058 +-  0.031
  84 A   0.00000 0.00000 0.00022 0.00544 0.03509 0.10313 0.18321 0.23017 0.22220 0.15795 0.06259 ( 8)  0.799 +-  0.227
  85 L   0.00183 0.10875 0.25785 0.25998 0.18193 0.10293 0.05078 0.02286 0.00955 0.00343 0.00011 ( 4)  0.372 +-  0.157
  86 F   0.00815 0.31467 0.40859 0.19238 0.05826 0.01414 0.00305 0.00062 0.00012 0.00002 0.00000 ( 3)  0.254 +-  0.098
  87 D   0.00000 0.00385 0.09042 0.26616 0.29839 0.19619 0.09346 0.03618 0.01206 0.00328 0.00002 ( 5)  0.460 +-  0.135
  88 E   0.16603 0.57333 0.21338 0.04054 0.00586 0.00075 0.00009 0.00001 0.00000 0.00000 0.00000 ( 2)  0.165 +-  0.077
  89 T   0.00000 0.00133 0.03660 0.14694 0.23984 0.23617 0.17003 0.09926 0.04939 0.01975 0.00070 ( 5)  0.545 +-  0.160
  90 E   0.40862 0.47094 0.10466 0.01405 0.00155 0.00016 0.00002 0.00000 0.00000 0.00000 0.00000 ( 2)  0.123 +-  0.072
  91 G   0.76114 0.20052 0.03296 0.00464 0.00064 0.00009 0.00001 0.00000 0.00000 0.00000 0.00000 ( 1)  0.078 +-  0.055
  92 A   0.92644 0.06743 0.00559 0.00048 0.00004 0.00000 0.00000 0.00000 0.00000 0.00000 0.00000 ( 1)  0.058 +-  0.030
  93 R   0.00000 0.00082 0.02641 0.12143 0.22187 0.23994 0.18661 0.11602 0.06072 0.02523 0.00096 ( 6)  0.566 +-  0.162
  94 D   0.76648 0.21117 0.02072 0.00152 0.00010 0.00001 0.00000 0.00000 0.00000 0.00000 0.00000 ( 1)  0.076 +-  0.049
  95 P   0.95453 0.04300 0.00232 0.00014 0.00001 0.00000 0.00000 0.00000 0.00000 0.00000 0.00000 ( 1)  0.055 +-  0.023
  96 F   0.20296 0.58215 0.18162 0.02921 0.00361 0.00040 0.00004 0.00000 0.00000 0.00000 0.00000 ( 2)  0.155 +-  0.073
  97 F   0.98711 0.01256 0.00032 0.00001 0.00000 0.00000 0.00000 0.00000 0.00000 0.00000 0.00000 ( 1)  0.051 +-  0.012
  98 G   0.97476 0.02397 0.00119 0.00007 0.00001 0.00000 0.00000 0.00000 0.00000 0.00000 0.00000 ( 1)  0.053 +-  0.017
  99 I   0.00000 0.00168 0.03883 0.14406 0.22759 0.22498 0.16845 0.10595 0.05876 0.02697 0.00273 ( 5)  0.555 +-  0.173
 100 M   0.94069 0.05706 0.00217 0.00007 0.00000 0.00000 0.00000 0.00000 0.00000 0.00000 0.00000 ( 1)  0.056 +-  0.025
 101 L   0.00016 0.04928 0.23588 0.30786 0.21994 0.11313 0.04791 0.01794 0.00612 0.00177 0.00002 ( 4)  0.387 +-  0.138
 102 P   0.88137 0.10895 0.00895 0.00067 0.00005 0.00000 0.00000 0.00000 0.00000 0.00000 0.00000 ( 1)  0.063 +-  0.037
 103 S   0.88770 0.10410 0.00768 0.00049 0.00003 0.00000 0.00000 0.00000 0.00000 0.00000 0.00000 ( 1)  0.062 +-  0.035
 104 P   0.87889 0.11092 0.00939 0.00073 0.00006 0.00001 0.00000 0.00000 0.00000 0.00000 0.00000 ( 1)  0.063 +-  0.037
 105 S   0.00000 0.00000 0.00002 0.00119 0.01297 0.05626 0.13537 0.21630 0.25279 0.20872 0.11638 ( 9)  0.875 +-  0.256
 106 S   0.00000 0.00000 0.00007 0.00253 0.02110 0.07626 0.16020 0.22985 0.24558 0.18768 0.07673 ( 9)  0.831 +-  0.231
 107 L   0.00001 0.00908 0.10156 0.23982 0.26730 0.19454 0.10869 0.05094 0.02089 0.00704 0.00013 ( 5)  0.471 +-  0.151
 108 I   0.00000 0.00000 0.00006 0.00177 0.01390 0.04942 0.10716 0.16675 0.20242 0.18344 0.27507 (11)  0.989 +-  0.341
 109 Q   0.04666 0.50801 0.33115 0.09256 0.01809 0.00299 0.00046 0.00007 0.00001 0.00000 0.00000 ( 2)  0.204 +-  0.083
 110 G   0.00012 0.05573 0.26598 0.32071 0.20737 0.09610 0.03670 0.01242 0.00385 0.00102 0.00001 ( 4)  0.371 +-  0.130
 111 I   0.00000 0.00108 0.03822 0.16581 0.26682 0.24475 0.15780 0.08013 0.03392 0.01135 0.00013 ( 5)  0.525 +-  0.148
 112 T   0.00155 0.10199 0.27704 0.28208 0.18259 0.09200 0.03981 0.01558 0.00562 0.00173 0.00002 ( 4)  0.360 +-  0.143
 113 A   0.00000 0.00450 0.07462 0.21354 0.26819 0.21253 0.12693 0.06289 0.02707 0.00953 0.00021 ( 5)  0.494 +-  0.153
 114 S   0.00000 0.00056 0.02200 0.11142 0.21466 0.24033 0.19224 0.12281 0.06618 0.02841 0.00140 ( 6)  0.576 +-  0.163
 115 Q   0.56782 0.34412 0.07415 0.01185 0.00175 0.00026 0.00004 0.00001 0.00000 0.00000 0.00000 ( 1)  0.104 +-  0.070
 116 I   0.98796 0.01175 0.00029 0.00001 0.00000 0.00000 0.00000 0.00000 0.00000 0.00000 0.00000 ( 1)  0.051 +-  0.011
 117 T   0.98372 0.01574 0.00052 0.00002 0.00000 0.00000 0.00000 0.00000 0.00000 0.00000 0.00000 ( 1)  0.052 +-  0.013
 118 L   0.00214 0.14919 0.35776 0.28412 0.13570 0.04954 0.01556 0.00448 0.00121 0.00029 0.00000 ( 3)  0.314 +-  0.120
 119 T   0.00003 0.01945 0.14609 0.26800 0.25436 0.16672 0.08675 0.03856 0.01511 0.00487 0.00006 ( 4)  0.442 +-  0.150
 120 E   0.95701 0.04091 0.00197 0.00010 0.00001 0.00000 0.00000 0.00000 0.00000 0.00000 0.00000 ( 1)  0.055 +-  0.022
 121 P   0.00000 0.00020 0.00890 0.05572 0.13906 0.20485 0.21535 0.17886 0.12319 0.06609 0.00778 ( 7)  0.650 +-  0.180
 122 E   0.78429 0.18564 0.02653 0.00314 0.00035 0.00004 0.00000 0.00000 0.00000 0.00000 0.00000 ( 1)  0.075 +-  0.051
 123 P   0.00001 0.01252 0.11025 0.23350 0.25259 0.18779 0.11107 0.05653 0.02566 0.00971 0.00037 ( 5)  0.474 +-  0.160
 124 L   0.00000 0.00123 0.03470 0.14328 0.23890 0.23848 0.17272 0.10071 0.04974 0.01964 0.00061 ( 5)  0.547 +-  0.159
 125 I   0.00000 0.00038 0.02047 0.11554 0.22816 0.25034 0.19101 0.11430 0.05691 0.02233 0.00057 ( 6)  0.566 +-  0.156
 126 M   0.01318 0.39874 0.40119 0.14542 0.03386 0.00634 0.00106 0.00017 0.00003 0.00000 0.00000 ( 3)  0.231 +-  0.088
 127 P   0.00000 0.00001 0.00115 0.01570 0.06591 0.14198 0.20130 0.21506 0.18552 0.12277 0.05060 ( 8)  0.756 +-  0.228
 128 E   0.00000 0.00001 0.00137 0.01849 0.07678 0.16172 0.22038 0.22180 0.17646 0.10544 0.01755 ( 8)  0.716 +-  0.183
 129 P   0.00064 0.10681 0.32747 0.30211 0.16304 0.06653 0.02323 0.00739 0.00220 0.00057 0.00000 ( 3)  0.337 +-  0.126
 130 Q   0.88732 0.10449 0.00768 0.00048 0.00003 0.00000 0.00000 0.00000 0.00000 0.00000 0.00000 ( 1)  0.062 +-  0.035
 131 F   0.98723 0.01245 0.00032 0.00001 0.00000 0.00000 0.00000 0.00000 0.00000 0.00000 0.00000 ( 1)  0.051 +-  0.012
 132 E   0.06826 0.47605 0.32240 0.10365 0.02395 0.00468 0.00084 0.00014 0.00002 0.00000 0.00000 ( 2)  0.206 +-  0.090
 133 G   0.97152 0.02686 0.00150 0.00010 0.00001 0.00000 0.00000 0.00000 0.00000 0.00000 0.00000 ( 1)  0.053 +-  0.018
 134 A   0.00000 0.00055 0.01954 0.09800 0.19572 0.23210 0.19870 0.13652 0.07929 0.03672 0.00288 ( 6)  0.593 +-  0.170
 135 D   0.01922 0.46784 0.37855 0.11024 0.02059 0.00309 0.00042 0.00005 0.00001 0.00000 0.00000 ( 2)  0.216 +-  0.081
 136 L   0.80016 0.17270 0.02385 0.00289 0.00035 0.00004 0.00001 0.00000 0.00000 0.00000 0.00000 ( 1)  0.073 +-  0.050
 137 Q   0.00001 0.01193 0.12167 0.25814 0.26431 0.18065 0.09641 0.04366 0.01741 0.00573 0.00008 ( 5)  0.457 +-  0.150
 138 E   0.03915 0.48230 0.34772 0.10493 0.02159 0.00366 0.00056 0.00008 0.00001 0.00000 0.00000 ( 2)  0.210 +-  0.085
 139 A   0.00000 0.00003 0.00343 0.03644 0.12105 0.20686 0.23203 0.19505 0.13151 0.06765 0.00597 ( 7)  0.664 +-  0.168
 140 N   0.00000 0.00002 0.00240 0.02578 0.09249 0.17596 0.22269 0.21207 0.16169 0.09345 0.01344 ( 7)  0.698 +-  0.180
 141 I   0.85282 0.13299 0.01299 0.00109 0.00009 0.00001 0.00000 0.00000 0.00000 0.00000 0.00000 ( 1)  0.066 +-  0.041
 142 E   0.00122 0.23003 0.45399 0.23233 0.06570 0.01377 0.00247 0.00041 0.00006 0.00001 0.00000 ( 3)  0.268 +-  0.093
 143 L   0.00003 0.03820 0.25311 0.34402 0.22351 0.09645 0.03248 0.00932 0.00237 0.00051 0.00000 ( 4)  0.374 +-  0.122
 144 L   0.97418 0.02446 0.00127 0.00008 0.00001 0.00000 0.00000 0.00000 0.00000 0.00000 0.00000 ( 1)  0.053 +-  0.017
 145 L   0.00052 0.14487 0.41049 0.29263 0.11189 0.03079 0.00704 0.00145 0.00028 0.00005 0.00000 ( 3)  0.300 +-  0.104
 146 E   0.00002 0.02543 0.19939 0.32216 0.24945 0.12830 0.05136 0.01741 0.00520 0.00128 0.00000 ( 4)  0.401 +-  0.131
 147 Q   0.65505 0.29277 0.04621 0.00535 0.00057 0.00006 0.00001 0.00000 0.00000 0.00000 0.00000 ( 1)  0.090 +-  0.061
 148 P   0.00000 0.00023 0.01124 0.06784 0.15671 0.21288 0.20886 0.16485 0.11007 0.05841 0.00890 ( 6)  0.636 +-  0.184
 149 D   0.74185 0.23045 0.02546 0.00208 0.00016 0.00001 0.00000 0.00000 0.00000 0.00000 0.00000 ( 1)  0.079 +-  0.052
 150 H   0.00000 0.00149 0.05556 0.21891 0.30059 0.22887 0.12127 0.05062 0.01772 0.00495 0.00003 ( 5)  0.488 +-  0.137
 151 F   0.99143 0.00841 0.00015 0.00000 0.00000 0.00000 0.00000 0.00000 0.00000 0.00000 0.00000 ( 1)  0.051 +-  0.009
 152 E   0.02986 0.43058 0.36642 0.13194 0.03280 0.00681 0.00130 0.00024 0.00004 0.00001 0.00000 ( 2)  0.223 +-  0.091
 153 R   0.00000 0.00000 0.00041 0.00765 0.04206 0.11313 0.19109 0.23238 0.21836 0.15083 0.04409 ( 8)  0.777 +-  0.209
 154 E   0.00001 0.02654 0.23194 0.35363 0.23916 0.10304 0.03376 0.00926 0.00223 0.00044 0.00000 ( 4)  0.381 +-  0.119
 155 T   0.00000 0.00437 0.06003 0.17312 0.23983 0.21870 0.15276 0.08858 0.04423 0.01779 0.00058 ( 5)  0.526 +-  0.165
 156 A   0.00000 0.00116 0.03307 0.13807 0.23346 0.23728 0.17569 0.10514 0.05348 0.02180 0.00086 ( 6)  0.553 +-  0.161
 157 R   0.00001 0.01318 0.13349 0.27336 0.26629 0.17198 0.08651 0.03692 0.01389 0.00432 0.00005 ( 4)  0.445 +-  0.145
 158 D   0.04163 0.49351 0.34157 0.09944 0.01993 0.00333 0.00051 0.00008 0.00001 0.00000 0.00000 ( 2)  0.208 +-  0.084
 159 L   0.00000 0.00179 0.04460 0.16450 0.24945 0.23095 0.15830 0.08913 0.04336 0.01719 0.00073 ( 5)  0.532 +-  0.160
 160 S   0.00000 0.00008 0.00626 0.05116 0.14261 0.21604 0.22331 0.17816 0.11671 0.05950 0.00617 ( 7)  0.646 +-  0.172
 161 L   0.00000 0.00001 0.00128 0.01468 0.05841 0.12757 0.19019 0.21690 0.19960 0.13924 0.05211 ( 8)  0.768 +-  0.227
 162 D   0.00000 0.00089 0.04007 0.18268 0.28476 0.24413 0.14510 0.06773 0.02641 0.00817 0.00006 ( 5)  0.512 +-  0.143
 163 -   0.00044 0.05684 0.22092 0.28427 0.21719 0.12387 0.05898 0.02488 0.00951 0.00306 0.00005 ( 4)  0.397 +-  0.149
 164 L   0.00099 0.09149 0.27366 0.28650 0.18668 0.09454 0.04140 0.01656 0.00616 0.00198 0.00004 ( 4)  0.365 +-  0.143
 165 D   0.00321 0.28263 0.44102 0.20407 0.05522 0.01140 0.00205 0.00034 0.00005 0.00001 0.00000 ( 3)  0.257 +-  0.093
 166 A   0.00000 0.00000 0.00010 0.00369 0.02934 0.09779 0.18674 0.24251 0.23465 0.16293 0.04223 ( 8)  0.789 +-  0.200
 167 V   0.00000 0.00002 0.00224 0.02631 0.09698 0.18390 0.22820 0.21104 0.15530 0.08630 0.00971 ( 7)  0.690 +-  0.173
 168 L   0.00000 0.00023 0.01150 0.07321 0.17404 0.23394 0.21753 0.15602 0.09110 0.04088 0.00155 ( 6)  0.613 +-  0.162
 169 L   0.00192 0.11132 0.29087 0.28141 0.17332 0.08425 0.03587 0.01411 0.00522 0.00168 0.00004 ( 3)  0.352 +-  0.142
 170 P   0.00000 0.00112 0.03069 0.12815 0.22138 0.23320 0.18091 0.11437 0.06182 0.02687 0.00150 ( 6)  0.564 +-  0.166
 171 E   0.00000 0.00043 0.02326 0.13012 0.24825 0.25720 0.18164 0.09899 0.04435 0.01555 0.00022 ( 6)  0.550 +-  0.149
 172 E   0.68588 0.27278 0.03734 0.00365 0.00032 0.00003 0.00000 0.00000 0.00000 0.00000 0.00000 ( 1)  0.086 +-  0.058
 173 D   0.00001 0.02750 0.23265 0.34952 0.23709 0.10427 0.03547 0.01026 0.00264 0.00057 0.00000 ( 4)  0.382 +-  0.121
 174 L   0.00000 0.00001 0.00113 0.01587 0.06868 0.15039 0.21296 0.22298 0.18501 0.11569 0.02728 ( 8)  0.733 +-  0.197
 175 G   0.00006 0.03378 0.20066 0.29862 0.23629 0.13289 0.06109 0.02471 0.00907 0.00281 0.00004 ( 4)  0.408 +-  0.143
 176 L   0.00000 0.00013 0.00724 0.05003 0.13052 0.19719 0.21234 0.18205 0.13103 0.07446 0.01501 ( 7)  0.666 +-  0.193
 177 P   0.00002 0.02846 0.20571 0.31681 0.24154 0.12634 0.05313 0.01955 0.00654 0.00187 0.00002 ( 4)  0.401 +-  0.135
 178 V   0.00001 0.01459 0.13932 0.27594 0.26351 0.16825 0.08424 0.03603 0.01370 0.00435 0.00007 ( 4)  0.442 +-  0.146
 179 P   0.00000 0.00276 0.05935 0.19329 0.26334 0.22209 0.14015 0.07320 0.03319 0.01229 0.00034 ( 5)  0.510 +-  0.155
 180 I   0.00000 0.00023 0.01568 0.10421 0.22829 0.26305 0.20078 0.11533 0.05330 0.01890 0.00022 ( 6)  0.568 +-  0.149
 181 P   0.00700 0.28639 0.40112 0.20796 0.07097 0.01989 0.00508 0.00125 0.00030 0.00006 0.00000 ( 3)  0.264 +-  0.105
 182 S   0.00000 0.00000 0.00033 0.00670 0.03782 0.10308 0.17687 0.22076 0.21599 0.15784 0.08059 ( 8)  0.811 +-  0.248
 183 P   0.00000 0.00000 0.00060 0.00967 0.04725 0.11619 0.18469 0.21773 0.20433 0.14514 0.07440 ( 8)  0.795 +-  0.247
 184 P   0.02507 0.38383 0.36688 0.15707 0.04902 0.01342 0.00351 0.00091 0.00024 0.00006 0.00000 ( 2)  0.238 +-  0.102
 185 R   0.00006 0.03262 0.18742 0.27869 0.22859 0.13931 0.07325 0.03591 0.01682 0.00690 0.00043 ( 4)  0.425 +-  0.158
 186 R   0.93432 0.05980 0.00523 0.00056 0.00007 0.00001 0.00000 0.00000 0.00000 0.00000 0.00000 ( 1)  0.057 +-  0.029
 187 R   0.00402 0.21469 0.38458 0.24819 0.10218 0.03339 0.00961 0.00256 0.00065 0.00014 0.00000 ( 3)  0.289 +-  0.113
 188 R   0.80450 0.16750 0.02414 0.00329 0.00048 0.00008 0.00001 0.00000 0.00000 0.00000 0.00000 ( 1)  0.073 +-  0.050
 189 Q   0.98603 0.01358 0.00038 0.00001 0.00000 0.00000 0.00000 0.00000 0.00000 0.00000 0.00000 ( 1)  0.051 +-  0.012
 190 L   0.97845 0.02057 0.00092 0.00005 0.00000 0.00000 0.00000 0.00000 0.00000 0.00000 0.00000 ( 1)  0.052 +-  0.016
 191 L   0.00919 0.33518 0.40779 0.18027 0.05194 0.01227 0.00266 0.00056 0.00012 0.00002 0.00000 ( 3)  0.248 +-  0.097
 192 F   0.99098 0.00885 0.00017 0.00000 0.00000 0.00000 0.00000 0.00000 0.00000 0.00000 0.00000 ( 1)  0.051 +-  0.010
 193 V   0.00000 0.00000 0.00010 0.00327 0.02516 0.08498 0.16881 0.23164 0.23904 0.17794 0.06904 ( 9)  0.819 +-  0.227
 194 D   0.99136 0.00849 0.00015 0.00000 0.00000 0.00000 0.00000 0.00000 0.00000 0.00000 0.00000 ( 1)  0.051 +-  0.010
 195 E   0.00009 0.04166 0.21430 0.29130 0.22207 0.12646 0.06147 0.02724 0.01126 0.00402 0.00014 ( 4)  0.405 +-  0.150
 196 Y   0.00000 0.00920 0.13653 0.30398 0.28226 0.16241 0.07023 0.02531 0.00799 0.00209 0.00001 ( 4)  0.432 +-  0.132
 197 T   0.00000 0.00031 0.01697 0.10186 0.21445 0.24925 0.19994 0.12504 0.06483 0.02645 0.00089 ( 6)  0.579 +-  0.158
 198 Q   0.98692 0.01274 0.00033 0.00001 0.00000 0.00000 0.00000 0.00000 0.00000 0.00000 0.00000 ( 1)  0.051 +-  0.012
 199 L   0.84642 0.13712 0.01482 0.00146 0.00015 0.00002 0.00000 0.00000 0.00000 0.00000 0.00000 ( 1)  0.067 +-  0.043
 200 L   0.00411 0.30746 0.43470 0.19047 0.05046 0.01047 0.00193 0.00034 0.00006 0.00001 0.00000 ( 3)  0.252 +-  0.092
 201 T   0.00000 0.00784 0.12002 0.28006 0.27849 0.17579 0.08538 0.03531 0.01302 0.00403 0.00006 ( 4)  0.448 +-  0.141
 202 N   0.00000 0.00000 0.00023 0.00596 0.03868 0.11279 0.19638 0.23889 0.22068 0.14848 0.03792 ( 8)  0.774 +-  0.200
 203 P   0.96214 0.03610 0.00167 0.00009 0.00001 0.00000 0.00000 0.00000 0.00000 0.00000 0.00000 ( 1)  0.054 +-  0.021
 204 C   0.41336 0.46660 0.10384 0.01432 0.00167 0.00019 0.00002 0.00000 0.00000 0.00000 0.00000 ( 2)  0.122 +-  0.072
 205 L   0.10331 0.53092 0.27744 0.07170 0.01384 0.00234 0.00038 0.00006 0.00001 0.00000 0.00000 ( 2)  0.187 +-  0.084
 206 -   0.69015 0.23738 0.05634 0.01239 0.00282 0.00068 0.00018 0.00005 0.00001 0.00000 0.00000 ( 1)  0.090 +-  0.070
 207 P   0.00005 0.04743 0.27257 0.33744 0.20900 0.08962 0.03112 0.00950 0.00265 0.00063 0.00000 ( 4)  0.367 +-  0.123
 208 P   0.00000 0.00000 0.00035 0.00591 0.03134 0.08583 0.15424 0.20641 0.21872 0.17329 0.12391 ( 9)  0.855 +-  0.278
 209 E   0.00458 0.33198 0.43974 0.17464 0.04060 0.00718 0.00110 0.00015 0.00002 0.00000 0.00000 ( 3)  0.244 +-  0.088
 210 I   0.00011 0.05044 0.24449 0.30999 0.21575 0.10909 0.04572 0.01699 0.00575 0.00165 0.00001 ( 4)  0.383 +-  0.137
 211 L   0.00001 0.01221 0.11514 0.23877 0.25125 0.18387 0.10834 0.05532 0.02522 0.00955 0.00031 ( 5)  0.471 +-  0.160
 212 T   0.00000 0.00020 0.01053 0.06814 0.16339 0.22314 0.21420 0.16202 0.10222 0.05085 0.00531 ( 6)  0.627 +-  0.174
 213 L   0.95941 0.03739 0.00290 0.00027 0.00003 0.00000 0.00000 0.00000 0.00000 0.00000 0.00000 ( 1)  0.054 +-  0.022
 214 W   0.98624 0.01339 0.00036 0.00001 0.00000 0.00000 0.00000 0.00000 0.00000 0.00000 0.00000 ( 1)  0.051 +-  0.012
 215 I   0.78458 0.18503 0.02673 0.00324 0.00038 0.00004 0.00001 0.00000 0.00000 0.00000 0.00000 ( 1)  0.075 +-  0.052
 216 P   0.00000 0.00000 0.00005 0.00113 0.00777 0.02789 0.06563 0.11476 0.15878 0.16482 0.45916 (11)  1.137 +-  0.395
 217 E   0.80526 0.17044 0.02175 0.00229 0.00023 0.00002 0.00000 0.00000 0.00000 0.00000 0.00000 ( 1)  0.072 +-  0.048
 218 E   0.00379 0.15765 0.33754 0.27543 0.14204 0.05654 0.01917 0.00583 0.00162 0.00038 0.00000 ( 3)  0.318 +-  0.126
 219 A   0.01216 0.28294 0.38042 0.21167 0.07949 0.02437 0.00670 0.00173 0.00043 0.00009 0.00000 ( 3)  0.268 +-  0.110
 220 T   0.00000 0.00001 0.00144 0.01905 0.07798 0.16235 0.21931 0.21963 0.17466 0.10490 0.02067 ( 8)  0.718 +-  0.189
 221 F   0.97939 0.01978 0.00079 0.00004 0.00000 0.00000 0.00000 0.00000 0.00000 0.00000 0.00000 ( 1)  0.052 +-  0.015
 222 E   0.00000 0.00001 0.00185 0.02592 0.10019 0.18873 0.22843 0.20629 0.15005 0.08396 0.01457 ( 7)  0.691 +-  0.182
 223 S   0.04154 0.37338 0.34916 0.16063 0.05415 0.01562 0.00415 0.00106 0.00026 0.00006 0.00000 ( 2)  0.238 +-  0.107
 224 L   0.96087 0.03616 0.00270 0.00024 0.00002 0.00000 0.00000 0.00000 0.00000 0.00000 0.00000 ( 1)  0.054 +-  0.022
 225 L   0.11555 0.42668 0.29171 0.11578 0.03639 0.01023 0.00272 0.00071 0.00018 0.00004 0.00000 ( 2)  0.208 +-  0.106
 226 P   0.97984 0.01933 0.00079 0.00004 0.00000 0.00000 0.00000 0.00000 0.00000 0.00000 0.00000 ( 1)  0.052 +-  0.015
 227 P   0.18541 0.48011 0.23922 0.07201 0.01788 0.00414 0.00095 0.00022 0.00005 0.00001 0.00000 ( 2)  0.177 +-  0.095
 228 R   0.50019 0.37675 0.09974 0.01924 0.00337 0.00058 0.00010 0.00002 0.00000 0.00000 0.00000 ( 1)  0.115 +-  0.077
 229 R   0.00000 0.00000 0.00000 0.00020 0.00257 0.01431 0.04574 0.09889 0.15800 0.18002 0.50026 (11)  1.179 +-  0.402
 230 I   0.00002 0.01827 0.14105 0.26383 0.25436 0.16937 0.08983 0.04095 0.01660 0.00559 0.00010 ( 4)  0.447 +-  0.152
 231 V   0.00000 0.00699 0.08554 0.21485 0.25745 0.20400 0.12529 0.06494 0.02954 0.01105 0.00034 ( 5)  0.492 +-  0.159
 232 A   0.00001 0.01941 0.16831 0.30154 0.25939 0.14857 0.06647 0.02532 0.00855 0.00240 0.00002 ( 4)  0.421 +-  0.138
 233 Q   0.00000 0.00060 0.02515 0.12771 0.23766 0.24988 0.18349 0.10561 0.05049 0.01900 0.00040 ( 6)  0.556 +-  0.154
 234 M   0.00000 0.00000 0.00006 0.00172 0.01327 0.04882 0.11110 0.17995 0.22306 0.20150 0.22051 ( 9)  0.953 +-  0.316
 235 F   0.36177 0.48833 0.12693 0.01999 0.00261 0.00032 0.00004 0.00001 0.00000 0.00000 0.00000 ( 2)  0.131 +-  0.075
 236 W   0.00000 0.00000 0.00007 0.00221 0.01855 0.06886 0.14978 0.22316 0.24760 0.19615 0.09362 ( 9)  0.849 +-  0.244
 237 R   0.00000 0.00002 0.00207 0.02107 0.07602 0.15069 0.20382 0.21178 0.17932 0.11680 0.03840 ( 8)  0.737 +-  0.216
 238 L   0.67219 0.25528 0.05877 0.01126 0.00205 0.00037 0.00007 0.00001 0.00000 0.00000 0.00000 ( 1)  0.092 +-  0.068
 239 L   0.95277 0.04295 0.00382 0.00040 0.00005 0.00001 0.00000 0.00000 0.00000 0.00000 0.00000 ( 1)  0.055 +-  0.025
 240 E   0.07091 0.46705 0.32035 0.10807 0.02667 0.00562 0.00109 0.00020 0.00004 0.00001 0.00000 ( 2)  0.208 +-  0.093
 241 E   0.00000 0.00000 0.00024 0.00425 0.02428 0.07206 0.13922 0.19815 0.22130 0.18358 0.15691 ( 9)  0.889 +-  0.295
 242 T   0.00000 0.00289 0.03843 0.12063 0.19195 0.20823 0.17779 0.12888 0.08194 0.04252 0.00674 ( 6)  0.586 +-  0.191
 243 V   0.00003 0.01418 0.11666 0.24395 0.25893 0.18562 0.10390 0.04918 0.02043 0.00698 0.00013 ( 5)  0.464 +-  0.154
 244 T   0.00000 0.00000 0.00017 0.00332 0.02057 0.06459 0.13005 0.19128 0.21974 0.18712 0.18315 ( 9)  0.914 +-  0.307
 245 V   0.00000 0.00526 0.07776 0.21319 0.26427 0.20998 0.12692 0.06402 0.02817 0.01017 0.00027 ( 5)  0.494 +-  0.155
 246 -   0.33174 0.13595 0.10178 0.08320 0.07061 0.06101 0.05301 0.04578 0.03850 0.02841 0.05000 ( 1)  0.375 +-  0.513
 247 Q   0.55829 0.35302 0.07560 0.01137 0.00150 0.00019 0.00002 0.00000 0.00000 0.00000 0.00000 ( 1)  0.105 +-  0.070
 248 D   0.00000 0.00011 0.00782 0.05832 0.15249 0.22011 0.21918 0.17007 0.10942 0.05538 0.00709 ( 6)  0.638 +-  0.176
 249 E   0.00034 0.07334 0.28273 0.31369 0.19491 0.08784 0.03258 0.01064 0.00315 0.00079 0.00000 ( 4)  0.360 +-  0.130

Positively selected sites

	Prob(w>1)  mean w

   229 R      0.500         1.179 +- 0.402

