

TREE # 1

  0  0.0000  15719.225588  x:  0.03620   0.02159   0.05353   0.04787   0.06627   0.06067   0.08882   0.08609   0.01661   0.10996   0.10790   0.05331   0.01019   0.06538   0.02790   0.06049   0.02588   0.07948   0.02937   0.04470   0.03348   0.04313   0.04356   0.10872   0.05003   0.02648   0.06653   0.04112   0.04732   0.06514   0.01735   0.04004   0.01502   0.05248   0.03246   0.03925   0.05937   0.07410   0.06354   0.10995   0.09197   0.09521   0.02090   0.08658   2.00000   0.90000   0.48373   1.77101   2.69713  
  1 99.0000  14191.448758  x:  0.05103   0.03787   0.06434   0.07082   0.07320   0.05440   0.08802   0.08928   0.04196   0.11404   0.10722   0.07659   0.17021   0.07036   0.05265   0.08615   0.11263   0.08957   0.02614   0.08046   0.03243   0.06679   0.06018   0.12011   0.07847   0.05577   0.08300   0.06638   0.09432   0.10210   0.08221   0.11963   0.04356   0.07796   0.04802   0.07103   0.06140   0.09209   0.09748   0.11310   0.09818   0.11101   0.09924   0.10141   1.99828   0.99185   0.46917   1.77494   2.69853  
  2 13638.2376  14031.763452  x:  0.06304   0.04880   0.07307   0.08956   0.07897   0.04630   0.08659   0.09023   0.05216   0.11511   0.10510   0.08611   0.22564   0.06863   0.07096   0.10494   0.15279   0.09495   0.02030   0.10759   0.03102   0.08329   0.07228   0.13109   0.10056   0.07335   0.09612   0.08495   0.12358   0.13439   0.11056   0.16282   0.05584   0.09511   0.05858   0.09327   0.06202   0.10821   0.12595   0.11596   0.10405   0.12568   0.13455   0.11343   1.99625   0.88903   0.45299   1.77887   2.70032  
  3 9132.0779  13693.381332  x:  0.08854   0.06606   0.09338   0.12726   0.09492   0.02754   0.08892   0.08907   0.04439   0.11119   0.09613   0.08021   0.14988   0.05065   0.10293   0.13663   0.15157   0.09946   0.00000   0.15281   0.02730   0.10627   0.09248   0.16234   0.14008   0.09037   0.12285   0.11500   0.15573   0.20209   0.10278   0.18861   0.05163   0.11917   0.07433   0.12574   0.06242   0.14607   0.18318   0.12756   0.12258   0.16339   0.12988   0.13892   1.99090   0.89890   0.41559   1.78748   2.69631  
  4 2603.0898  13626.776508  x:  0.09935   0.03688   0.06517   0.11055   0.07782   0.02457   0.11308   0.06512   0.02557   0.07920   0.02255   0.08341   0.12248   0.00000   0.09354   0.14619   0.16772   0.10261   0.00000   0.15036   0.00955   0.06809   0.07240   0.18132   0.11797   0.06304   0.11098   0.09735   0.19033   0.23689   0.11834   0.24616   0.03201   0.13831   0.03749   0.10576   0.02138   0.14339   0.17929   0.14103   0.12877   0.19098   0.13978   0.14973   1.97177   0.90183   0.30463   1.80191   2.65066  
  5 562.5700  13610.243155  x:  0.10052   0.03852   0.06396   0.10838   0.07668   0.02281   0.11352   0.05938   0.02087   0.06908   0.00000   0.08255   0.12299   0.01366   0.09208   0.14467   0.16561   0.10623   0.00000   0.15524   0.00529   0.05952   0.06801   0.18274   0.11419   0.06088   0.10873   0.09572   0.19264   0.24244   0.11809   0.25152   0.03008   0.14072   0.03294   0.10667   0.01679   0.14276   0.17599   0.14177   0.12711   0.19556   0.13692   0.15090   1.96489   0.90239   0.26405   1.80565   2.63361  
  6 865.1705  13610.243155  x:  0.10052   0.03852   0.06396   0.10838   0.07668   0.02281   0.11352   0.05938   0.02087   0.06908   0.00000   0.08255   0.12299   0.01366   0.09208   0.14467   0.16561   0.10623   0.00000   0.15524   0.00529   0.05952   0.06801   0.18274   0.11419   0.06088   0.10873   0.09572   0.19264   0.24244   0.11809   0.25152   0.03008   0.14072   0.03294   0.10667   0.01679   0.14276   0.17599   0.14177   0.12711   0.19556   0.13692   0.15090   1.96489   0.90239   0.26405   1.80565   2.63361  
  7 1151.9475  13377.756978  x:  0.10532   0.04741   0.07192   0.11850   0.08192   0.01953   0.11121   0.06107   0.02543   0.07020   0.00189   0.08469   0.14245   0.01421   0.10048   0.15094   0.17649   0.10881   0.00000   0.16916   0.00601   0.06745   0.07419   0.18704   0.12549   0.07027   0.11570   0.10518   0.20070   0.25494   0.12564   0.26199   0.03565   0.14619   0.04070   0.11870   0.02150   0.15097   0.18812   0.14266   0.12939   0.20157   0.14652   0.15570   1.96342   0.98107   0.25455   1.80678   2.63072  
  8 3462.0413  13276.418734  x:  0.11308   0.05872   0.08218   0.13505   0.08822   0.00990   0.10386   0.06090   0.02935   0.06892   0.00000   0.08568   0.17553   0.00989   0.11439   0.16112   0.19551   0.11024   0.00000   0.19303   0.00560   0.07910   0.08255   0.19339   0.14383   0.08283   0.12579   0.12013   0.21393   0.27887   0.13713   0.28147   0.04123   0.15485   0.05059   0.13745   0.02521   0.16433   0.20969   0.14236   0.13181   0.21124   0.16232   0.16347   1.96025   0.96894   0.24454   1.80703   2.62583  
  9 1783.6069  13246.841442  x:  0.11648   0.05465   0.07974   0.13973   0.08719   0.02503   0.10222   0.05569   0.02486   0.06288   0.00000   0.08008   0.18470   0.00000   0.12196   0.16619   0.20506   0.10424   0.00000   0.20178   0.00244   0.07811   0.08084   0.19642   0.14832   0.07803   0.12609   0.12235   0.22041   0.29664   0.14020   0.29544   0.03471   0.15735   0.04645   0.13946   0.01719   0.16926   0.22124   0.14143   0.13247   0.21616   0.16836   0.16686   1.95770   0.96868   0.25799   1.80346   2.61742  
 10 961.5743  13212.532741  x:  0.12341   0.04628   0.07174   0.14362   0.07836   0.00000   0.09777   0.04721   0.02018   0.04856   0.00000   0.06225   0.19686   0.01292   0.14207   0.17590   0.21971   0.08857   0.00000   0.21760   0.00017   0.06866   0.06977   0.20177   0.15052   0.05893   0.12332   0.12114   0.23084   0.33655   0.14261   0.32703   0.02053   0.16289   0.03427   0.13856   0.00197   0.17810   0.24153   0.14077   0.13422   0.22806   0.17822   0.17379   1.95066   0.97148   0.29608   1.79269   2.59212  
 11 1144.3280  13178.301434  x:  0.13809   0.05553   0.06860   0.14396   0.06631   0.01928   0.09711   0.04927   0.03800   0.02774   0.00000   0.01945   0.21626   0.10672   0.19045   0.19255   0.23437   0.06063   0.00000   0.25050   0.01451   0.04408   0.04083   0.20990   0.14664   0.02350   0.11996   0.11510   0.24340   0.41121   0.14316   0.38694   0.01367   0.17947   0.02166   0.13911   0.00970   0.19620   0.27042   0.14446   0.13956   0.25617   0.19414   0.18847   1.93309   0.96918   0.35798   1.77042   2.53310  
 12 1286.1110  13161.593551  x:  0.14160   0.05941   0.07038   0.14017   0.07543   0.02076   0.11213   0.05358   0.04176   0.02886   0.00000   0.00000   0.21504   0.12275   0.21392   0.19617   0.22790   0.04482   0.00000   0.26979   0.01285   0.02630   0.04290   0.21015   0.14763   0.06022   0.12929   0.11248   0.24006   0.43842   0.13487   0.40761   0.01817   0.18935   0.02261   0.13208   0.00843   0.19647   0.26950   0.14972   0.14319   0.26805   0.19174   0.19198   1.92110   0.96853   0.38990   1.75845   2.49409  
 13 483.6783  13143.943976  x:  0.14444   0.06255   0.07375   0.13845   0.08882   0.02069   0.13047   0.06051   0.04277   0.04822   0.02019   0.02086   0.21964   0.13011   0.23951   0.19875   0.21639   0.02298   0.00000   0.29272   0.00944   0.00000   0.05965   0.21292   0.15176   0.06406   0.13560   0.11046   0.23731   0.46235   0.12920   0.42533   0.02541   0.20183   0.02973   0.12912   0.01392   0.19515   0.26318   0.15841   0.14925   0.28077   0.18568   0.19482   1.90436   0.96773   0.42127   1.74581   2.44152  
 14 632.9531  13143.943976  x:  0.14444   0.06255   0.07375   0.13845   0.08882   0.02069   0.13047   0.06051   0.04277   0.04822   0.02019   0.02086   0.21964   0.13011   0.23951   0.19875   0.21639   0.02298   0.00000   0.29272   0.00944   0.00000   0.05965   0.21292   0.15176   0.06406   0.13560   0.11046   0.23731   0.46235   0.12920   0.42533   0.02541   0.20183   0.02973   0.12912   0.01392   0.19515   0.26318   0.15841   0.14925   0.28077   0.18568   0.19482   1.90436   0.96773   0.42127   1.74581   2.44152  
 15 441.0309  13111.028938  x:  0.14668   0.06700   0.07780   0.14483   0.09193   0.01873   0.12857   0.06083   0.04380   0.04799   0.01828   0.02226   0.23047   0.12556   0.24265   0.20173   0.22213   0.02687   0.00000   0.30039   0.00998   0.00434   0.06462   0.21546   0.15863   0.06934   0.13965   0.11701   0.24122   0.46663   0.13336   0.42914   0.02901   0.20469   0.03453   0.13685   0.01654   0.19921   0.26898   0.15898   0.15054   0.28320   0.19049   0.19706   1.90331   0.98699   0.41378   1.74707   2.44002  
 16 1476.1403  12876.260715  x:  0.16978   0.11082   0.11839   0.20915   0.12353   0.00032   0.11035   0.06405   0.05427   0.04615   0.00000   0.03719   0.33940   0.07938   0.27451   0.23250   0.28079   0.06508   0.00000   0.37790   0.01505   0.04740   0.11353   0.24173   0.22766   0.12135   0.18056   0.18227   0.28160   0.51087   0.17589   0.46845   0.06441   0.23412   0.08124   0.21373   0.04171   0.24063   0.32849   0.16533   0.16435   0.30816   0.23932   0.22016   1.89201   0.97699   0.33836   1.75865   2.42616  
 17 3682.1954  12758.144110  x:  0.20774   0.14790   0.16217   0.28861   0.16256   0.24309   0.13110   0.06476   0.06623   0.05014   0.00162   0.05689   0.47753   0.00000   0.32212   0.28283   0.37114   0.08448   0.00000   0.48034   0.01222   0.08949   0.15006   0.28562   0.30913   0.15840   0.22551   0.24992   0.35188   0.59645   0.23893   0.54189   0.08380   0.27432   0.11561   0.29320   0.04938   0.29947   0.42371   0.18357   0.19414   0.34928   0.30878   0.25812   1.87019   0.96973   0.28849   1.75312   2.38756  
 18 2167.5034  12599.552421  x:  0.26539   0.14319   0.18156   0.35454   0.16569   0.26957   0.14849   0.06786   0.08013   0.05771   0.03362   0.08133   0.60514   0.00000   0.39543   0.35950   0.48613   0.07627   0.00000   0.58671   0.00000   0.09551   0.13608   0.35490   0.37348   0.14114   0.25639   0.28186   0.45971   0.76022   0.30758   0.68199   0.05595   0.32835   0.09998   0.33021   0.01293   0.37067   0.55733   0.23271   0.25169   0.42177   0.39505   0.31577   1.82618   0.96884   0.56037   1.66141   2.28908  
 19 789.2637  12555.171401  x:  0.29103   0.12544   0.16817   0.34940   0.15595   0.25017   0.19796   0.07828   0.08493   0.03233   0.01301   0.04619   0.60783   0.00000   0.43424   0.38724   0.51640   0.07994   0.00000   0.61725   0.09768   0.06782   0.09935   0.38942   0.36520   0.10805   0.26429   0.25741   0.49396   0.86518   0.31063   0.77199   0.02495   0.35779   0.06460   0.30476   0.00000   0.40093   0.60814   0.26231   0.27158   0.47332   0.42241   0.34141   1.79233   0.97029   0.52496   1.63772   2.22212  
 20 352.3544  12520.803433  x:  0.31390   0.13210   0.15042   0.31775   0.13910   0.22961   0.20371   0.09479   0.10497   0.04579   0.03168   0.03664   0.58391   0.00000   0.48308   0.39991   0.52069   0.10336   0.00000   0.65936   0.00992   0.00000   0.06451   0.40548   0.34123   0.07709   0.27244   0.21963   0.51260   1.00453   0.29656   0.87784   0.01277   0.40356   0.02923   0.26941   0.06040   0.42330   0.64570   0.26845   0.26086   0.53391   0.43279   0.36428   1.74028   0.97180   0.44324   1.59050   2.10238  
 21 277.4011  12520.803433  x:  0.31390   0.13210   0.15042   0.31775   0.13910   0.22961   0.20371   0.09479   0.10497   0.04579   0.03168   0.03664   0.58391   0.00000   0.48308   0.39991   0.52069   0.10336   0.00000   0.65936   0.00992   0.00000   0.06451   0.40548   0.34123   0.07709   0.27244   0.21963   0.51260   1.00453   0.29656   0.87784   0.01277   0.40356   0.02923   0.26941   0.06040   0.42330   0.64570   0.26845   0.26086   0.53391   0.43279   0.36428   1.74028   0.97180   0.44324   1.59050   2.10238  
 22 241.0941  12506.136568  x:  0.31441   0.13368   0.15174   0.31982   0.14027   0.22372   0.20216   0.09433   0.10458   0.04471   0.02979   0.03658   0.58733   0.00000   0.48418   0.40054   0.52206   0.10433   0.00000   0.66257   0.01122   0.00122   0.06744   0.40595   0.34380   0.07962   0.27379   0.22243   0.51333   1.00635   0.29734   0.87927   0.01427   0.40480   0.03112   0.27217   0.05952   0.42393   0.64714   0.26834   0.26098   0.53466   0.43397   0.36479   1.73970   0.99346   0.44183   1.59002   2.10055  
 23 863.3686  12436.828356  x:  0.32341   0.16052   0.17724   0.35651   0.16185   0.12809   0.17851   0.08863   0.10015   0.03141   0.00000   0.03705   0.64523   0.00000   0.50343   0.41175   0.54588   0.12277   0.00000   0.71687   0.02903   0.02232   0.11824   0.41543   0.38731   0.12412   0.29847   0.26937   0.52787   1.03711   0.31315   0.90412   0.03744   0.42683   0.06447   0.31915   0.04717   0.43639   0.67297   0.26749   0.26517   0.54815   0.45517   0.37379   1.72623   0.99427   0.41713   1.57879   2.08318  
 24 555.0956  12405.948732  x:  0.33119   0.16305   0.19126   0.38349   0.16966   0.05603   0.18212   0.08999   0.10535   0.05733   0.00000   0.05026   0.68930   0.00000   0.52126   0.42301   0.56901   0.11036   0.00000   0.75265   0.00000   0.02369   0.10301   0.42313   0.40574   0.11266   0.30793   0.28017   0.54824   1.06922   0.33680   0.93077   0.02256   0.43680   0.06725   0.33813   0.04022   0.45050   0.70103   0.27138   0.27483   0.55780   0.47133   0.38157   1.70840   0.99610   0.43529   1.55259   2.08036  
 25 458.8897  12391.787181  x:  0.33852   0.16315   0.20187   0.40665   0.17523   0.00000   0.19119   0.09071   0.11025   0.08164   0.00000   0.05993   0.72821   0.00000   0.53793   0.43361   0.59053   0.09728   0.00000   0.78396   0.02314   0.02749   0.08281   0.43054   0.41972   0.09603   0.31491   0.28553   0.56767   1.10000   0.35843   0.95639   0.00500   0.44493   0.06566   0.35169   0.03479   0.46415   0.72778   0.27577   0.28456   0.56661   0.48610   0.38890   1.69093   0.99737   0.45442   1.52644   2.08034  
 26 1457.7097  12383.879686  x:  0.34184   0.16487   0.20654   0.41625   0.17940   0.00505   0.19705   0.09009   0.11154   0.08822   0.00000   0.06127   0.74479   0.00000   0.54517   0.43813   0.59957   0.09478   0.00000   0.79774   0.02616   0.02864   0.07870   0.43402   0.42648   0.09198   0.31845   0.28900   0.57546   1.11326   0.36654   0.96738   0.00000   0.44902   0.06581   0.35798   0.03255   0.46999   0.73910   0.27753   0.28842   0.57065   0.49269   0.39222   1.68358   0.99822   0.45884   1.51620   2.08024  
 27 568.1075  12383.879686  x:  0.34184   0.16487   0.20654   0.41625   0.17940   0.00505   0.19705   0.09009   0.11154   0.08822   0.00000   0.06127   0.74479   0.00000   0.54517   0.43813   0.59957   0.09478   0.00000   0.79774   0.02616   0.02864   0.07870   0.43402   0.42648   0.09198   0.31845   0.28900   0.57546   1.11326   0.36654   0.96738   0.00000   0.44902   0.06581   0.35798   0.03255   0.46999   0.73910   0.27753   0.28842   0.57065   0.49269   0.39222   1.68358   0.99822   0.45884   1.51620   2.08024  
 28 337.8000  12378.631678  x:  0.34436   0.17124   0.20994   0.42196   0.18485   0.03273   0.19988   0.08719   0.10985   0.08116   0.00000   0.05523   0.75565   0.00000   0.55001   0.44085   0.60473   0.10283   0.00000   0.80833   0.02456   0.03056   0.09163   0.43701   0.43411   0.10066   0.32307   0.29628   0.57855   1.12149   0.36822   0.97410   0.00575   0.45385   0.07006   0.36486   0.03116   0.47350   0.74557   0.27806   0.28977   0.57402   0.49774   0.39474   1.67975   0.98881   0.45035   1.51298   2.07936  
 29 326.3230  12366.294766  x:  0.34727   0.17847   0.21367   0.42862   0.19068   0.05902   0.20238   0.08374   0.10776   0.07275   0.00000   0.04813   0.76851   0.00000   0.55569   0.44401   0.61087   0.11177   0.00000   0.82083   0.02260   0.03266   0.10604   0.44043   0.44301   0.11047   0.32835   0.30472   0.58218   1.13131   0.37012   0.98209   0.01216   0.45942   0.07495   0.37290   0.02940   0.47759   0.75322   0.27862   0.29127   0.57797   0.50366   0.39765   1.67539   0.99999   0.44092   1.50914   2.07776  
 30 1739.5663  12366.294766  x:  0.34727   0.17847   0.21367   0.42862   0.19068   0.05902   0.20238   0.08374   0.10776   0.07275   0.00000   0.04813   0.76851   0.00000   0.55569   0.44401   0.61087   0.11177   0.00000   0.82083   0.02260   0.03266   0.10604   0.44043   0.44301   0.11047   0.32835   0.30472   0.58218   1.13131   0.37012   0.98209   0.01216   0.45942   0.07495   0.37290   0.02940   0.47759   0.75322   0.27862   0.29127   0.57797   0.50366   0.39765   1.67539   0.99999   0.44092   1.50914   2.07776  
 31 449.3428  12364.637466  x:  0.34886   0.18142   0.21524   0.43225   0.19175   0.04979   0.20117   0.08239   0.10707   0.06989   0.00000   0.04550   0.77548   0.00000   0.55882   0.44587   0.61427   0.11460   0.00000   0.82763   0.02215   0.03380   0.11113   0.44204   0.44728   0.11372   0.33100   0.30860   0.58450   1.13683   0.37162   0.98677   0.01421   0.46237   0.07718   0.37704   0.02864   0.47999   0.75772   0.27923   0.29235   0.58015   0.50676   0.39924   1.67272   0.99346   0.43864   1.50595   2.07776  
 32 232.2869  12345.522185  x:  0.35735   0.19714   0.22355   0.45186   0.19744   0.00000   0.19445   0.07498   0.10317   0.05403   0.00000   0.03111   0.81332   0.00000   0.57579   0.45581   0.63277   0.12937   0.00000   0.86450   0.01952   0.03968   0.13781   0.45064   0.47037   0.13097   0.34510   0.32947   0.59703   1.16688   0.37966   1.01221   0.02489   0.47815   0.08910   0.39932   0.02435   0.49290   0.78208   0.28232   0.29807   0.59189   0.52352   0.40773   1.65852   0.99813   0.42663   1.48880   2.07698  
 33 2199.1195  12335.899544  x:  0.36173   0.20495   0.22827   0.46190   0.20186   0.00514   0.19512   0.07161   0.10185   0.04736   0.00000   0.02436   0.83272   0.00000   0.58458   0.46095   0.64225   0.13561   0.00000   0.88335   0.01855   0.04245   0.14998   0.45483   0.48173   0.13833   0.35190   0.33954   0.60370   1.18250   0.38427   1.02545   0.02930   0.48609   0.09449   0.41030   0.02214   0.49952   0.79479   0.28396   0.30103   0.59785   0.53189   0.41211   1.65094   0.99999   0.42174   1.47941   2.07733  
 34 753.2285  12304.678199  x:  0.38559   0.22374   0.25114   0.51446   0.21531   0.00000   0.24323   0.07209   0.11994   0.08744   0.00000   0.03134   0.94704   0.00000   0.64000   0.49087   0.69690   0.11228   0.00000   0.99139   0.02846   0.04450   0.14736   0.46593   0.52480   0.11277   0.36981   0.36530   0.64834   1.28516   0.42413   1.11412   0.00515   0.52277   0.09414   0.45266   0.00850   0.53649   0.87738   0.29468   0.31678   0.62759   0.57097   0.43598   1.60277   0.99999   0.48001   1.39695   2.10382  
 35 351.6840  12302.068792  x:  0.38727   0.22234   0.24786   0.51542   0.21315   0.00046   0.23808   0.06864   0.11877   0.08466   0.00000   0.02618   0.95578   0.00000   0.64574   0.49261   0.70101   0.11168   0.00000   0.99998   0.02637   0.03836   0.13777   0.46579   0.52455   0.10733   0.36942   0.36248   0.65047   1.29791   0.42310   1.12448   0.00000   0.52484   0.08927   0.45109   0.01180   0.53941   0.88521   0.29607   0.31751   0.63008   0.57310   0.43765   1.60279   0.99999   0.47670   1.39296   2.11014  
 36 136.9400  12299.031334  x:  0.38916   0.22560   0.24267   0.51184   0.21028   0.00079   0.23615   0.07306   0.12606   0.08692   0.00000   0.02378   0.96713   0.00000   0.65623   0.49229   0.70397   0.12268   0.00000   1.01548   0.03045   0.02337   0.13224   0.46470   0.52211   0.10256   0.36931   0.35513   0.65018   1.32085   0.41697   1.14207   0.00086   0.52938   0.08001   0.44319   0.00000   0.53878   0.89418   0.29477   0.31522   0.63287   0.57502   0.43954   1.60799   0.99999   0.46678   1.38809   2.12668  
 37 144.2961  12295.967522  x:  0.38928   0.23249   0.23699   0.50372   0.21022   0.00063   0.24078   0.07770   0.13384   0.08763   0.00000   0.02176   0.97685   0.00000   0.66907   0.48759   0.70306   0.13082   0.00000   1.03977   0.03848   0.00000   0.13857   0.46131   0.51998   0.09941   0.37039   0.34757   0.64433   1.34972   0.40452   1.16225   0.00765   0.53630   0.07624   0.43488   0.01624   0.53751   0.90153   0.29109   0.30932   0.63676   0.57365   0.43966   1.61849   0.99999   0.46376   1.37950   2.15421  
 38 151.3140  12290.418445  x:  0.38156   0.24257   0.21947   0.47513   0.22526   0.00035   0.24340   0.05817   0.12655   0.06244   0.00000   0.01458   0.98998   0.00000   0.70720   0.46148   0.68769   0.09627   0.00000   1.13934   0.04753   0.00000   0.16352   0.44237   0.52040   0.09831   0.38016   0.34246   0.61019   1.43742   0.35537   1.21441   0.01665   0.55874   0.08699   0.41887   0.00000   0.51568   0.90600   0.28555   0.30011   0.64536   0.55135   0.43193   1.66132   0.99999   0.48054   1.34825   2.26975  
 39 125.0817  12286.918005  x:  0.37601   0.24535   0.21947   0.46812   0.24496   0.00115   0.22893   0.05317   0.13629   0.07342   0.00000   0.06152   0.99767   0.00000   0.74071   0.44380   0.67566   0.07495   0.00000   1.22042   0.02929   0.00000   0.16289   0.42951   0.53184   0.11118   0.39391   0.36177   0.58773   1.50229   0.33935   1.24440   0.00878   0.57240   0.11569   0.42998   0.00541   0.50264   0.90032   0.29822   0.31347   0.64774   0.52857   0.42638   1.69071   0.99999   0.44490   1.33556   2.39062  
 40 103.7383  12282.603319  x:  0.38211   0.24445   0.22655   0.50078   0.23202   0.00207   0.22429   0.05447   0.16901   0.03759   0.00000   0.05643   0.99988   0.00000   0.77365   0.44189   0.67347   0.11668   0.00000   1.27975   0.00767   0.00000   0.14622   0.43962   0.56384   0.09807   0.38481   0.39804   0.56497   1.55911   0.35471   1.24431   0.02337   0.56869   0.14809   0.47103   0.00558   0.50033   0.87165   0.30508   0.33324   0.61819   0.52289   0.43248   1.69056   0.99999   0.46225   1.30725   2.61104  
 41 53.2015  12280.954052  x:  0.38681   0.24168   0.23212   0.52338   0.22477   0.00259   0.21844   0.04998   0.18231   0.01678   0.00000   0.05204   1.00252   0.00000   0.79225   0.44377   0.67520   0.13213   0.00000   1.31421   0.03688   0.00000   0.13585   0.44696   0.58483   0.09035   0.38132   0.42029   0.55615   1.59066   0.36727   1.24090   0.02957   0.56465   0.16836   0.49737   0.00621   0.50195   0.85485   0.30905   0.34523   0.60037   0.52239   0.43719   1.68757   0.99999   0.46119   1.29396   2.75093  
 42 340.4716  12277.104367  x:  0.40129   0.23991   0.24354   0.55775   0.21159   0.00071   0.23127   0.03385   0.16901   0.03537   0.00000   0.01489   1.02247   0.00000   0.80992   0.46458   0.69871   0.11242   0.00000   1.35481   0.03179   0.00000   0.16814   0.46466   0.61489   0.08000   0.38988   0.42594   0.57988   1.62550   0.38913   1.22104   0.05093   0.54964   0.18341   0.51768   0.00325   0.52166   0.84127   0.28635   0.33177   0.57805   0.55252   0.45166   1.66823   0.99999   0.42609   1.28802   3.01650  
 43 88.6465  12274.436647  x:  0.40729   0.24285   0.25178   0.57202   0.21636   0.00424   0.19912   0.02938   0.13819   0.04151   0.00000   0.02290   1.05906   0.00000   0.81119   0.48321   0.72531   0.12789   0.00000   1.36990   0.03338   0.00000   0.19353   0.46417   0.62477   0.11944   0.41135   0.41891   0.61953   1.63610   0.38983   1.20549   0.04930   0.53893   0.18471   0.51684   0.00259   0.54154   0.85286   0.27726   0.32099   0.57835   0.57915   0.45766   1.64690   0.99999   0.44942   1.28171   3.22182  
 44 91.1199  12272.486995  x:  0.40475   0.25913   0.26140   0.57286   0.23022   0.00128   0.21554   0.06345   0.12489   0.01388   0.00000   0.01426   1.09744   0.00000   0.79571   0.49105   0.74794   0.12180   0.00000   1.36726   0.03195   0.00000   0.20360   0.45593   0.62463   0.14506   0.42068   0.41950   0.65093   1.62746   0.38298   1.20095   0.03865   0.54104   0.18927   0.51520   0.00048   0.55538   0.88368   0.30314   0.33773   0.60395   0.59805   0.45512   1.63618   0.99999   0.45302   1.29213   3.37634  
 45 71.0092  12272.156591  x:  0.40403   0.26300   0.25895   0.57163   0.22950   0.00154   0.21386   0.06235   0.12456   0.01544   0.00000   0.01350   1.10284   0.00000   0.79208   0.48999   0.74999   0.12215   0.00000   1.36515   0.03210   0.00000   0.20620   0.45715   0.62539   0.14391   0.41827   0.42316   0.65048   1.62439   0.38478   1.20321   0.03814   0.54403   0.19041   0.51706   0.00000   0.55485   0.88990   0.30454   0.33879   0.60987   0.59943   0.45440   1.63761   0.99999   0.45476   1.29549   3.39000  
 46 31.0615  12271.663681  x:  0.40460   0.26563   0.26058   0.57374   0.23387   0.00000   0.22683   0.04919   0.12600   0.00760   0.00589   0.02099   1.11512   0.00000   0.78686   0.48907   0.75498   0.12558   0.00000   1.35906   0.03146   0.00000   0.20269   0.46071   0.62991   0.14808   0.42007   0.43276   0.64513   1.61382   0.38858   1.21891   0.03153   0.55052   0.18283   0.52136   0.00044   0.54878   0.90550   0.29117   0.32957   0.61443   0.59898   0.45496   1.64292   0.99999   0.45639   1.31086   3.41520  
 47 20.7787  12271.663681  x:  0.40460   0.26563   0.26058   0.57374   0.23387   0.00000   0.22683   0.04919   0.12600   0.00760   0.00589   0.02099   1.11512   0.00000   0.78686   0.48907   0.75498   0.12558   0.00000   1.35906   0.03146   0.00000   0.20269   0.46071   0.62991   0.14808   0.42007   0.43276   0.64513   1.61382   0.38858   1.21891   0.03153   0.55052   0.18283   0.52136   0.00044   0.54878   0.90550   0.29117   0.32957   0.61443   0.59898   0.45496   1.64292   0.99999   0.45639   1.31086   3.41520  
 48 21.8522  12268.694719  x:  0.40550   0.26530   0.25996   0.57442   0.23386   0.03487   0.22917   0.05086   0.12883   0.01377   0.00824   0.02040   1.11950   0.00000   0.78849   0.49024   0.75726   0.12336   0.00000   1.36046   0.02999   0.00000   0.19659   0.46090   0.62901   0.14188   0.41813   0.43048   0.64706   1.61774   0.39057   1.22349   0.02806   0.55129   0.17924   0.52032   0.00244   0.55045   0.91010   0.29212   0.33020   0.61596   0.60046   0.45587   1.64170   0.99999   0.45901   1.30859   3.41520  
 49 240.4641  12259.368509  x:  0.41292   0.26097   0.24810   0.58025   0.21752   0.03228   0.21679   0.05862   0.14633   0.04906   0.01027   0.01354   1.15818   0.00000   0.80307   0.50034   0.77740   0.10780   0.00000   1.37337   0.01897   0.00000   0.14578   0.46319   0.62213   0.09068   0.40342   0.41148   0.66275   1.65244   0.40426   1.26433   0.00000   0.55869   0.14941   0.51183   0.01496   0.56488   0.95005   0.30036   0.33584   0.62956   0.61410   0.46328   1.63228   0.99999   0.48475   1.28807   3.41520  
 50 117.7857  12257.014211  x:  0.41540   0.26161   0.24510   0.58215   0.21497   0.03302   0.21685   0.05623   0.14718   0.04722   0.00000   0.00841   1.17050   0.00000   0.80823   0.50333   0.78343   0.11104   0.00000   1.37840   0.02160   0.00000   0.13670   0.46505   0.62152   0.08335   0.40262   0.40807   0.66680   1.66380   0.40566   1.27713   0.00000   0.56232   0.14165   0.51005   0.01317   0.56867   0.96174   0.30215   0.33713   0.63422   0.61872   0.46576   1.62993   0.99999   0.48159   1.28419   3.41519  
 51 169.2228  12250.417374  x:  0.43070   0.26970   0.23763   0.59405   0.21138   0.03346   0.22052   0.05642   0.16419   0.08566   0.00000   0.01777   1.25491   0.00000   0.84561   0.51926   0.82134   0.16388   0.00000   1.41879   0.00466   0.00000   0.11042   0.47807   0.62292   0.07667   0.41253   0.39415   0.69319   1.74514   0.41519   1.36365   0.00000   0.58742   0.09758   0.50203   0.00306   0.59122   1.03652   0.30710   0.33927   0.66630   0.64436   0.48106   1.61829   0.99999   0.45340   1.25861   3.41518  
 52 261.9287  12248.753631  x:  0.43734   0.27329   0.23665   0.59950   0.21271   0.03322   0.22156   0.05822   0.17272   0.11177   0.00000   0.02436   1.29650   0.00000   0.86423   0.52544   0.83917   0.18591   0.00000   1.44103   0.02880   0.00000   0.10636   0.48376   0.62514   0.07854   0.41905   0.38942   0.70477   1.78716   0.41882   1.40672   0.00000   0.59999   0.07902   0.49969   0.00346   0.60181   1.07254   0.30778   0.33850   0.68246   0.65472   0.48771   1.61402   0.99999   0.45147   1.24290   3.41518  
 53 419.7580  12242.410180  x:  0.44705   0.27954   0.24204   0.60943   0.22945   0.03515   0.22647   0.04281   0.16650   0.13202   0.00000   0.00000   1.38262   0.00000   0.90352   0.53067   0.87261   0.19299   0.00000   1.50035   0.02580   0.00000   0.14125   0.49324   0.63967   0.09488   0.43773   0.39322   0.71737   1.88586   0.41130   1.50002   0.00000   0.63140   0.06096   0.50582   0.01918   0.62110   1.14386   0.30402   0.33149   0.71981   0.66711   0.49741   1.61363   0.99999   0.50644   1.19493   3.41517  
 54 152.3920  12235.496617  x:  0.45366   0.28958   0.26566   0.62152   0.25947   0.03369   0.23604   0.03804   0.14998   0.12399   0.00000   0.00000   1.46454   0.00000   0.94536   0.52456   0.90073   0.08428   0.00000   1.58498   0.02616   0.00000   0.16750   0.49199   0.67176   0.07837   0.45080   0.42696   0.72248   2.00925   0.40372   1.59956   0.00000   0.67434   0.10056   0.54255   0.00982   0.63049   1.20252   0.32223   0.34824   0.76346   0.66470   0.50402   1.64118   0.99999   0.48064   1.16414   3.41515  
 55 81.7471  12233.657253  x:  0.45236   0.28816   0.25848   0.61969   0.24603   0.03627   0.23034   0.04555   0.15565   0.09239   0.00000   0.00000   1.46559   0.00000   0.95236   0.51805   0.89611   0.08520   0.00000   1.60112   0.02657   0.00000   0.14988   0.48367   0.67761   0.08187   0.44654   0.43723   0.71652   2.03574   0.39770   1.60638   0.00000   0.67510   0.11525   0.54835   0.00000   0.61953   1.19242   0.32452   0.35291   0.75370   0.65380   0.50273   1.65623   0.99999   0.48977   1.15907   3.41515  
 56 35.0842  12232.792823  x:  0.45193   0.28533   0.25222   0.61860   0.23667   0.03689   0.23100   0.04870   0.16102   0.06088   0.00000   0.00000   1.46378   0.00000   0.96076   0.51135   0.88979   0.09578   0.00000   1.61906   0.02637   0.00000   0.14571   0.48081   0.68316   0.07244   0.43988   0.44051   0.70912   2.06761   0.39369   1.61052   0.00000   0.67202   0.12884   0.55146   0.03394   0.61160   1.17786   0.32329   0.35339   0.73815   0.64336   0.50230   1.67018   0.99999   0.48182   1.15910   3.41515  
 57 49.4851  12232.005250  x:  0.45550   0.27932   0.25491   0.62036   0.24577   0.03464   0.23800   0.04312   0.16824   0.05234   0.00000   0.00000   1.46387   0.00000   0.97865   0.50433   0.88191   0.10439   0.00000   1.65478   0.02658   0.00000   0.16234   0.48573   0.68804   0.05137   0.43614   0.42940   0.69725   2.13274   0.39574   1.61872   0.00000   0.66495   0.13200   0.54087   0.02409   0.59099   1.15360   0.31161   0.34853   0.70519   0.63607   0.50587   1.68020   0.99999   0.47628   1.15662   3.41515  
 58 23.1939  12231.314925  x:  0.45974   0.27615   0.25671   0.62183   0.25384   0.03297   0.23423   0.03233   0.17423   0.05783   0.00000   0.00000   1.47099   0.00000   1.00275   0.50002   0.87659   0.09982   0.00000   1.70376   0.02615   0.00000   0.15608   0.48355   0.68903   0.07506   0.44523   0.42175   0.68669   2.22293   0.39578   1.63412   0.00000   0.66153   0.14088   0.53104   0.02836   0.58103   1.13337   0.30898   0.35074   0.67745   0.63532   0.51011   1.68415   0.99999   0.46660   1.15285   3.41514  
 59 35.6426  12230.999636  x:  0.45856   0.28725   0.25663   0.61747   0.25097   0.03229   0.23953   0.04081   0.18022   0.06738   0.00000   0.00000   1.47288   0.00000   1.01489   0.50020   0.87422   0.10828   0.00000   1.73082   0.02620   0.00000   0.15634   0.47930   0.68528   0.06779   0.44947   0.42770   0.68922   2.28422   0.38611   1.63610   0.00000   0.66535   0.16059   0.53324   0.02706   0.59027   1.12351   0.31540   0.35647   0.68015   0.64260   0.50893   1.67735   0.99999   0.47012   1.15136   3.41513  
 60 16.3768  12230.815966  x:  0.45559   0.28775   0.25141   0.61416   0.24554   0.03397   0.23084   0.03158   0.17181   0.07251   0.00000   0.00000   1.46428   0.00000   1.01734   0.50446   0.87207   0.10842   0.00000   1.74000   0.02635   0.00000   0.15371   0.47918   0.68192   0.06209   0.44980   0.42990   0.69637   2.31973   0.38474   1.62076   0.00000   0.66093   0.16191   0.53326   0.02554   0.59951   1.11405   0.31257   0.35221   0.68351   0.64733   0.50597   1.66812   0.99999   0.47057   1.15693   3.41513  
 61 10.7653  12230.586811  x:  0.45186   0.28636   0.25308   0.61441   0.24673   0.03352   0.23846   0.04047   0.17528   0.06628   0.00000   0.00000   1.45291   0.00000   1.01584   0.51202   0.87206   0.09887   0.00000   1.74639   0.02608   0.00000   0.14853   0.48232   0.67944   0.06470   0.44652   0.42672   0.70480   2.36885   0.38745   1.59606   0.00000   0.65107   0.14423   0.53160   0.02637   0.61043   1.10884   0.31142   0.34783   0.69000   0.65322   0.50224   1.65764   0.99999   0.47494   1.16698   3.41512  
 62 12.3789  12230.427006  x:  0.45222   0.28436   0.25574   0.61760   0.25167   0.03438   0.22893   0.04156   0.17853   0.06377   0.00000   0.00000   1.45042   0.00000   1.01045   0.51439   0.87386   0.10104   0.00000   1.74436   0.02604   0.00000   0.15168   0.48438   0.68222   0.06479   0.44244   0.42463   0.70280   2.40379   0.39260   1.58103   0.00000   0.64709   0.13158   0.53804   0.02618   0.61135   1.11405   0.32334   0.35707   0.70162   0.65239   0.50259   1.66186   0.99999   0.47836   1.17530   3.41511  
 63  9.4842  12230.206720  x:  0.45580   0.28256   0.25281   0.62145   0.24814   0.03293   0.24133   0.03311   0.17871   0.06778   0.00000   0.00000   1.45297   0.00000   0.99955   0.51434   0.87720   0.10429   0.00000   1.73380   0.02625   0.00000   0.14821   0.48257   0.68697   0.06598   0.44229   0.42590   0.69471   2.44658   0.39835   1.56569   0.00000   0.64799   0.12276   0.55168   0.02470   0.60743   1.12634   0.32391   0.35608   0.72114   0.64798   0.50617   1.67553   0.99999   0.48233   1.18649   3.41510  
 64 11.1993  12229.984763  x:  0.46019   0.28807   0.25431   0.62336   0.24696   0.03341   0.23219   0.03885   0.18439   0.06488   0.00000   0.00000   1.46204   0.00000   0.99075   0.51362   0.88147   0.10370   0.00000   1.71946   0.02605   0.00000   0.14873   0.48210   0.68929   0.06611   0.44712   0.42867   0.69094   2.48185   0.39487   1.56168   0.00000   0.65569   0.11851   0.55766   0.02343   0.60480   1.13984   0.31026   0.34292   0.73415   0.64645   0.51057   1.68301   0.99999   0.48156   1.19468   3.41509  
 65 11.5102  12229.062462  x:  0.46220   0.29473   0.25127   0.61429   0.23837   0.03157   0.23717   0.04103   0.17318   0.05340   0.00000   0.00000   1.49915   0.00000   0.97148   0.51043   0.88855   0.09903   0.00000   1.64421   0.02616   0.00000   0.16065   0.48228   0.67872   0.07140   0.46265   0.42876   0.70290   2.56508   0.36187   1.57262   0.00000   0.68781   0.11272   0.52769   0.01906   0.60066   1.16747   0.31745   0.35451   0.72352   0.64201   0.51259   1.66968   0.99999   0.48175   1.21324   3.41502  
 66  7.7902  12228.715879  x:  0.46128   0.29410   0.25226   0.61312   0.24310   0.03101   0.23795   0.04096   0.17085   0.05005   0.00000   0.02285   1.51462   0.00000   0.97221   0.51070   0.89129   0.10017   0.00000   1.62334   0.02617   0.00000   0.15801   0.48148   0.67728   0.07240   0.46076   0.42879   0.70626   2.59304   0.36608   1.58555   0.00000   0.69850   0.11793   0.52167   0.01834   0.60145   1.17658   0.31757   0.35576   0.71845   0.64159   0.51168   1.66535   0.99999   0.48399   1.21498   3.41500  
 67 24.2117  12227.366739  x:  0.45713   0.28609   0.25332   0.61641   0.26476   0.03016   0.23763   0.03577   0.17626   0.04041   0.00000   0.00519   1.57260   0.00000   0.99521   0.51687   0.90168   0.10513   0.00000   1.56580   0.02613   0.00000   0.13968   0.48025   0.67705   0.07428   0.44096   0.42529   0.70392   2.68705   0.40891   1.65423   0.00000   0.73007   0.14901   0.51249   0.01685   0.61068   1.20768   0.31461   0.35533   0.69834   0.65155   0.50756   1.65062   0.99999   0.49459   1.20743   3.41489  
 68 28.6978  12225.796959  x:  0.46838   0.26697   0.22320   0.62843   0.22039   0.03441   0.23199   0.04233   0.19920   0.04980   0.00000   0.00930   1.62920   0.00000   1.04562   0.52856   0.91646   0.08958   0.00000   1.57309   0.02572   0.00000   0.14722   0.50316   0.69596   0.07431   0.43775   0.43052   0.70459   2.76728   0.41315   1.75272   0.00000   0.72443   0.14180   0.52473   0.01540   0.61420   1.24682   0.31992   0.36001   0.68332   0.67045   0.51884   1.66649   0.99999   0.49435   1.17895   3.41477  
 69 21.3095  12224.108070  x:  0.48740   0.27540   0.24688   0.64834   0.23072   0.03388   0.23125   0.02917   0.20476   0.05327   0.00000   0.01046   1.66335   0.00000   1.09526   0.53404   0.92632   0.09669   0.00000   1.62698   0.02550   0.00000   0.10872   0.50041   0.70170   0.05589   0.45739   0.42822   0.71109   2.81191   0.36830   1.83901   0.00000   0.69682   0.11306   0.54088   0.01749   0.61770   1.27646   0.32581   0.36134   0.69421   0.68443   0.53789   1.69139   0.99999   0.49874   1.13946   3.41464  
 70 24.2812  12222.361952  x:  0.48514   0.31243   0.23908   0.65334   0.22506   0.02996   0.23630   0.01743   0.22137   0.02130   0.00000   0.01353   1.68271   0.00000   1.13584   0.53329   0.94225   0.11146   0.00000   1.75029   0.02542   0.00000   0.12082   0.48600   0.68949   0.06640   0.44739   0.41027   0.73168   2.81775   0.38091   1.90981   0.00000   0.67896   0.08501   0.54549   0.00000   0.64712   1.30469   0.33100   0.35537   0.77446   0.68958   0.53567   1.68360   0.99999   0.49023   1.09431   3.41449  
 71 19.2867  12222.361952  x:  0.48514   0.31243   0.23908   0.65334   0.22506   0.02996   0.23630   0.01743   0.22137   0.02130   0.00000   0.01353   1.68271   0.00000   1.13584   0.53329   0.94225   0.11146   0.00000   1.75029   0.02542   0.00000   0.12082   0.48600   0.68949   0.06640   0.44739   0.41027   0.73168   2.81775   0.38091   1.90981   0.00000   0.67896   0.08501   0.54549   0.00000   0.64712   1.30469   0.33100   0.35537   0.77446   0.68958   0.53567   1.68360   0.99999   0.49023   1.09431   3.41449  
 72 19.2082  12222.054965  x:  0.48497   0.31196   0.23964   0.65329   0.22759   0.02506   0.23685   0.02030   0.22166   0.02843   0.00530   0.01351   1.68450   0.00000   1.13556   0.53366   0.94350   0.11372   0.00000   1.75203   0.02617   0.00000   0.11969   0.48924   0.69041   0.06372   0.44919   0.41202   0.73135   2.81834   0.38297   1.90999   0.00000   0.68154   0.08377   0.54483   0.00473   0.64780   1.30551   0.33169   0.35627   0.77418   0.69098   0.53549   1.68246   0.99999   0.47722   1.09731   3.41449  
 73 32.5267  12221.894812  x:  0.48458   0.31082   0.23945   0.65294   0.23083   0.02711   0.23828   0.02077   0.21982   0.02754   0.00000   0.00888   1.68712   0.00000   1.13507   0.53410   0.94522   0.11432   0.00000   1.75471   0.02651   0.00000   0.11791   0.49332   0.69154   0.05920   0.45112   0.41407   0.73039   2.81926   0.38446   1.91029   0.00000   0.68542   0.08149   0.54355   0.00664   0.64811   1.30662   0.33212   0.35712   0.77351   0.69267   0.53511   1.68061   0.99999   0.46778   1.09905   3.41449  
 74 25.8363  12221.741073  x:  0.48327   0.30617   0.23716   0.65090   0.23703   0.02258   0.23835   0.02139   0.21428   0.03258   0.00000   0.00334   1.69551   0.00000   1.13353   0.53497   0.95007   0.11913   0.00000   1.76335   0.02577   0.00000   0.11246   0.50317   0.69397   0.05135   0.45589   0.41876   0.72749   2.82240   0.38831   1.91128   0.00000   0.69692   0.07368   0.53875   0.00344   0.64742   1.30980   0.33146   0.35808   0.77090   0.69655   0.53379   1.67475   0.99999   0.46751   1.09683   3.41449  
 75 16.8592  12221.664096  x:  0.48261   0.30347   0.23589   0.64937   0.24032   0.02725   0.23910   0.02249   0.21166   0.03653   0.00000   0.00354   1.70119   0.00000   1.13253   0.53543   0.95312   0.12306   0.00000   1.76933   0.02580   0.00000   0.11049   0.50832   0.69537   0.05083   0.45856   0.42127   0.72611   2.82453   0.39036   1.91197   0.00000   0.70438   0.06978   0.53619   0.00433   0.64732   1.31200   0.33092   0.35844   0.76974   0.69864   0.53313   1.67131   0.99999   0.46954   1.09487   3.41449  
 76 28.1096  12221.580293  x:  0.48227   0.30038   0.23377   0.64697   0.24172   0.02589   0.23881   0.02353   0.20829   0.03210   0.00000   0.00259   1.71049   0.00000   1.13095   0.53603   0.95779   0.12514   0.00000   1.77969   0.02687   0.00000   0.11155   0.51313   0.69740   0.05635   0.46085   0.42355   0.72508   2.82813   0.39118   1.91331   0.00000   0.71627   0.06774   0.53432   0.01015   0.64820   1.31592   0.33052   0.35904   0.76987   0.70111   0.53280   1.66740   0.99999   0.47285   1.09167   3.41449  
 77 15.6928  12221.485102  x:  0.48374   0.29817   0.23354   0.64430   0.24089   0.02634   0.23929   0.02963   0.20862   0.02744   0.00000   0.00605   1.72550   0.00000   1.12875   0.53687   0.96482   0.12180   0.00000   1.79678   0.02553   0.00000   0.11377   0.51418   0.69958   0.05969   0.45952   0.42320   0.72647   2.83433   0.39165   1.91589   0.00000   0.73369   0.06929   0.53428   0.00308   0.64858   1.32259   0.33073   0.36082   0.77274   0.70361   0.53426   1.66468   0.99999   0.47266   1.08796   3.41449  
 78 12.9016  12221.423486  x:  0.48611   0.29670   0.23410   0.64352   0.23904   0.02667   0.23952   0.03168   0.20927   0.02856   0.00000   0.00734   1.73861   0.00000   1.12745   0.53750   0.97034   0.11719   0.00000   1.81165   0.02639   0.00000   0.11230   0.51132   0.70047   0.05458   0.45660   0.42106   0.72857   2.84049   0.39158   1.91844   0.00000   0.74596   0.07130   0.53535   0.00651   0.64980   1.32909   0.33110   0.36189   0.77597   0.70440   0.53663   1.66504   0.99999   0.47389   1.08429   3.41448  
 79 14.4349  12221.371584  x:  0.48978   0.29521   0.23506   0.64541   0.23763   0.02601   0.23960   0.02681   0.20935   0.03181   0.00000   0.00758   1.75328   0.00000   1.12774   0.53833   0.97532   0.12154   0.00000   1.82824   0.02650   0.00000   0.11257   0.50686   0.70126   0.05533   0.45695   0.42000   0.73131   2.84891   0.39006   1.92196   0.00000   0.75438   0.07073   0.53633   0.00715   0.65030   1.33687   0.33134   0.36247   0.77874   0.70331   0.54031   1.66888   0.99999   0.46931   1.08199   3.41448  
 80 10.2595  12221.342569  x:  0.49226   0.29529   0.23716   0.64836   0.23795   0.02665   0.23949   0.02559   0.21257   0.03317   0.00000   0.00209   1.76187   0.00000   1.12931   0.53854   0.97701   0.12293   0.00000   1.83834   0.02611   0.00000   0.11377   0.50400   0.70134   0.05584   0.45802   0.41982   0.73286   2.85559   0.38814   1.92501   0.00000   0.75486   0.06900   0.53676   0.00649   0.65002   1.34191   0.33125   0.36211   0.77983   0.70112   0.54278   1.67328   0.99999   0.47046   1.07993   3.41448  
 81  8.6793  12221.319584  x:  0.49389   0.29584   0.23803   0.65168   0.23959   0.02641   0.24019   0.02404   0.21526   0.02967   0.00000   0.00506   1.76967   0.00000   1.13278   0.53865   0.97715   0.12392   0.00000   1.84762   0.02686   0.00000   0.11334   0.50461   0.70135   0.05325   0.45985   0.42077   0.73430   2.86382   0.38798   1.92919   0.00000   0.75088   0.06662   0.53685   0.00627   0.64978   1.34670   0.33161   0.36167   0.78022   0.69825   0.54441   1.67735   0.99999   0.47174   1.07840   3.41448  
 82  5.9996  12221.302991  x:  0.49377   0.29705   0.23638   0.65336   0.23945   0.02627   0.24024   0.02476   0.21702   0.03015   0.00000   0.00566   1.77590   0.00000   1.13733   0.53881   0.97637   0.12115   0.00000   1.85543   0.02464   0.00000   0.11193   0.50809   0.70192   0.05440   0.46141   0.42250   0.73391   2.87308   0.38932   1.93390   0.00000   0.74614   0.06686   0.53740   0.00694   0.65052   1.35033   0.33250   0.36163   0.78085   0.69732   0.54430   1.67851   0.99999   0.47127   1.07777   3.41448  
 83  4.9546  12221.294067  x:  0.49329   0.29821   0.23526   0.65381   0.23909   0.02637   0.24013   0.02487   0.21728   0.03089   0.00000   0.00536   1.77938   0.00000   1.14069   0.53895   0.97561   0.12018   0.00000   1.85981   0.02746   0.00000   0.11211   0.51011   0.70248   0.05479   0.46154   0.42306   0.73328   2.87974   0.38994   1.93719   0.00000   0.74314   0.06807   0.53800   0.00631   0.65115   1.35215   0.33301   0.36162   0.78136   0.69759   0.54382   1.67834   0.99999   0.47111   1.07747   3.41448  
 84  7.5606  12221.281515  x:  0.49199   0.30075   0.23480   0.65322   0.23894   0.02665   0.24004   0.02382   0.21580   0.03093   0.00000   0.00489   1.78348   0.00000   1.14661   0.53923   0.97408   0.12205   0.00000   1.86484   0.02631   0.00000   0.11375   0.51107   0.70346   0.05328   0.45978   0.42228   0.73210   2.89173   0.38971   1.94284   0.00000   0.73908   0.07152   0.53929   0.00590   0.65247   1.35373   0.33341   0.36150   0.78201   0.69992   0.54251   1.67643   0.99999   0.47171   1.07712   3.41447  
 85  5.0904  12221.273735  x:  0.49105   0.30215   0.23661   0.65232   0.24009   0.02637   0.24042   0.02487   0.21570   0.03036   0.00000   0.00488   1.78545   0.00000   1.15056   0.53946   0.97332   0.12298   0.00000   1.86718   0.02655   0.00000   0.11122   0.50907   0.70381   0.05393   0.45949   0.42174   0.73179   2.90163   0.38887   1.94713   0.00000   0.73756   0.07225   0.53931   0.00597   0.65290   1.35379   0.33324   0.36158   0.78120   0.70266   0.54157   1.67472   0.99999   0.47167   1.07728   3.41447  
 86  4.0330  12221.265761  x:  0.49052   0.30142   0.23727   0.65110   0.23966   0.02637   0.24063   0.02406   0.21548   0.03075   0.00000   0.00572   1.78608   0.00000   1.15419   0.53947   0.97322   0.12052   0.00000   1.86795   0.02649   0.00000   0.11323   0.50654   0.70418   0.05377   0.46064   0.42170   0.73273   2.91552   0.38815   1.95218   0.00000   0.73760   0.07010   0.53810   0.00630   0.65220   1.35229   0.33279   0.36219   0.77878   0.70560   0.54105   1.67400   0.99999   0.47146   1.07803   3.41447  
 87  2.8862  12221.256342  x:  0.49106   0.29981   0.23523   0.65105   0.23829   0.02671   0.23899   0.02417   0.21869   0.03011   0.00000   0.00580   1.78487   0.00000   1.15626   0.53858   0.97422   0.12152   0.00000   1.86583   0.02651   0.00000   0.11284   0.50721   0.70372   0.05287   0.46177   0.42254   0.73388   2.93691   0.38788   1.95798   0.00000   0.74151   0.07122   0.53829   0.00661   0.65129   1.34888   0.33223   0.36275   0.77808   0.70600   0.54159   1.67638   0.99999   0.47180   1.07967   3.41447  
 88  2.5646  12221.251534  x:  0.49183   0.29923   0.23531   0.65179   0.23930   0.02643   0.24124   0.02281   0.21875   0.03037   0.00000   0.00587   1.78386   0.00000   1.15642   0.53807   0.97501   0.12067   0.00000   1.86413   0.02648   0.00000   0.11228   0.50825   0.70358   0.05350   0.46132   0.42239   0.73364   2.94892   0.38794   1.96038   0.00000   0.74375   0.07208   0.53868   0.00643   0.65118   1.34731   0.33226   0.36288   0.77854   0.70477   0.54235   1.67761   0.99999   0.47237   1.08045   3.41447  
 89  4.0089  12221.249166  x:  0.49249   0.29948   0.23643   0.65246   0.24070   0.02638   0.24024   0.02318   0.21830   0.03052   0.00000   0.00615   1.78337   0.00000   1.15575   0.53799   0.97569   0.12028   0.00000   1.86308   0.02650   0.00000   0.11290   0.50901   0.70387   0.05374   0.46061   0.42206   0.73298   2.95556   0.38812   1.96096   0.00000   0.74465   0.07162   0.53869   0.00660   0.65154   1.34712   0.33257   0.36281   0.77916   0.70343   0.54302   1.67756   0.99999   0.47232   1.08076   3.41447  
 90  2.4687  12221.246907  x:  0.49320   0.30010   0.23624   0.65298   0.23906   0.02650   0.24029   0.02423   0.21689   0.03028   0.00000   0.00620   1.78283   0.00000   1.15395   0.53837   0.97651   0.12048   0.00000   1.86158   0.02649   0.00000   0.11255   0.50857   0.70438   0.05380   0.46028   0.42184   0.73213   2.96282   0.38830   1.96021   0.00000   0.74445   0.06986   0.53856   0.00644   0.65245   1.34811   0.33310   0.36242   0.78041   0.70164   0.54373   1.67656   0.99999   0.47222   1.08076   3.41446  
 91  1.4714  12221.246098  x:  0.49275   0.30007   0.23621   0.65279   0.23947   0.02639   0.24068   0.02465   0.21686   0.03030   0.00000   0.00626   1.78279   0.00000   1.15246   0.53873   0.97656   0.12050   0.00000   1.86099   0.02650   0.00000   0.11301   0.50820   0.70426   0.05357   0.46120   0.42235   0.73254   2.96600   0.38828   1.95860   0.00000   0.74408   0.06993   0.53898   0.00642   0.65284   1.34926   0.33285   0.36190   0.78145   0.70188   0.54327   1.67631   0.99999   0.47218   1.08047   3.41446  
 92  0.6688  12221.245693  x:  0.49247   0.30004   0.23612   0.65260   0.23967   0.02649   0.24024   0.02418   0.21681   0.03027   0.00000   0.00630   1.78278   0.00000   1.15160   0.53900   0.97644   0.12025   0.00000   1.86067   0.02648   0.00000   0.11273   0.50809   0.70411   0.05369   0.46129   0.42241   0.73290   2.96773   0.38830   1.95730   0.00000   0.74373   0.06996   0.53916   0.00627   0.65285   1.34998   0.33308   0.36211   0.78182   0.70236   0.54299   1.67640   0.99999   0.47219   1.08022   3.41446  
 93  0.8711  12221.245386  x:  0.49230   0.30015   0.23614   0.65241   0.23966   0.02643   0.24047   0.02414   0.21727   0.03023   0.00000   0.00629   1.78288   0.00000   1.15094   0.53927   0.97621   0.12039   0.00000   1.86054   0.02649   0.00000   0.11279   0.50847   0.70407   0.05377   0.46076   0.42216   0.73311   2.96918   0.38837   1.95583   0.00000   0.74349   0.06973   0.53903   0.00636   0.65260   1.35059   0.33325   0.36245   0.78164   0.70305   0.54283   1.67664   0.99999   0.47211   1.07992   3.41446  
 94  0.6219  12221.245275  x:  0.49237   0.30023   0.23621   0.65244   0.23953   0.02645   0.24039   0.02404   0.21731   0.03021   0.00000   0.00634   1.78297   0.00000   1.15089   0.53940   0.97601   0.12031   0.00000   1.86059   0.02648   0.00000   0.11272   0.50859   0.70413   0.05379   0.46065   0.42210   0.73292   2.96978   0.38841   1.95493   0.00000   0.74347   0.06990   0.53890   0.00636   0.65240   1.35071   0.33279   0.36216   0.78127   0.70323   0.54289   1.67675   0.99999   0.47201   1.07973   3.41446  
 95  0.2822  12221.245172  x:  0.49244   0.30013   0.23628   0.65258   0.23946   0.02645   0.24040   0.02415   0.21723   0.03019   0.00000   0.00639   1.78310   0.00000   1.15110   0.53947   0.97571   0.12030   0.00000   1.86076   0.02648   0.00000   0.11276   0.50845   0.70420   0.05372   0.46087   0.42221   0.73252   2.97039   0.38834   1.95375   0.00000   0.74353   0.07037   0.53872   0.00638   0.65220   1.35066   0.33290   0.36241   0.78069   0.70307   0.54297   1.67677   0.99999   0.47195   1.07948   3.41446  
 96  0.2379  12221.245145  x:  0.49240   0.29996   0.23613   0.65259   0.23956   0.02644   0.24040   0.02422   0.21721   0.03019   0.00000   0.00636   1.78314   0.00000   1.15134   0.53939   0.97568   0.12031   0.00000   1.86090   0.02648   0.00000   0.11275   0.50840   0.70413   0.05373   0.46074   0.42216   0.73270   2.97057   0.38832   1.95332   0.00000   0.74355   0.07037   0.53871   0.00637   0.65227   1.35055   0.33289   0.36234   0.78056   0.70285   0.54292   1.67664   0.99999   0.47190   1.07944   3.41446  
 97  0.0870  12221.245124  x:  0.49244   0.30011   0.23622   0.65242   0.23952   0.02644   0.24041   0.02419   0.21722   0.03019   0.00000   0.00634   1.78317   0.00000   1.15164   0.53920   0.97574   0.12032   0.00000   1.86110   0.02647   0.00000   0.11274   0.50848   0.70407   0.05372   0.46083   0.42216   0.73284   2.97071   0.38836   1.95294   0.00000   0.74363   0.07026   0.53877   0.00636   0.65237   1.35035   0.33296   0.36230   0.78068   0.70281   0.54296   1.67662   0.99999   0.47193   1.07949   3.41446  
 98  0.0538  12221.245099  x:  0.49243   0.30003   0.23615   0.65245   0.23957   0.02644   0.24041   0.02423   0.21724   0.03018   0.00000   0.00637   1.78323   0.00000   1.15193   0.53909   0.97597   0.12031   0.00000   1.86136   0.02646   0.00000   0.11272   0.50844   0.70420   0.05370   0.46077   0.42224   0.73264   2.97086   0.38829   1.95264   0.00000   0.74366   0.07006   0.53885   0.00635   0.65239   1.35013   0.33295   0.36231   0.78102   0.70299   0.54295   1.67674   0.99999   0.47196   1.07959   3.41445  
 99  0.0499  12221.245057  x:  0.49235   0.29995   0.23617   0.65270   0.23955   0.02644   0.24041   0.02419   0.21734   0.03015   0.00000   0.00636   1.78345   0.00000   1.15197   0.53917   0.97623   0.12032   0.00000   1.86172   0.02645   0.00000   0.11272   0.50849   0.70418   0.05369   0.46096   0.42192   0.73258   2.97109   0.38845   1.95268   0.00000   0.74374   0.07004   0.53882   0.00634   0.65235   1.35006   0.33289   0.36239   0.78115   0.70306   0.54287   1.67658   0.99999   0.47198   1.07964   3.41445  
100  0.0296  12221.244888  x:  0.49234   0.30011   0.23627   0.65301   0.23953   0.02643   0.24044   0.02414   0.21740   0.03017   0.00000   0.00635   1.78441   0.00000   1.15166   0.53943   0.97678   0.12034   0.00000   1.86302   0.02638   0.00000   0.11267   0.50871   0.70412   0.05359   0.46087   0.42249   0.73279   2.97202   0.38830   1.95330   0.00000   0.74418   0.07009   0.53867   0.00627   0.65228   1.35021   0.33279   0.36260   0.78103   0.70316   0.54286   1.67617   0.99999   0.47201   1.07967   3.41442  
101  0.1028  12221.244737  x:  0.49254   0.29992   0.23606   0.65244   0.23978   0.02642   0.24046   0.02443   0.21711   0.03017   0.00000   0.00628   1.78530   0.00000   1.15143   0.53938   0.97674   0.12039   0.00000   1.86398   0.02631   0.00000   0.11260   0.50880   0.70446   0.05354   0.46102   0.42234   0.73281   2.97283   0.38846   1.95404   0.00000   0.74462   0.07007   0.53871   0.00616   0.65240   1.35074   0.33293   0.36249   0.78074   0.70322   0.54306   1.67655   0.99999   0.47198   1.07955   3.41439  
102  0.1853  12221.244713  x:  0.49254   0.29971   0.23619   0.65239   0.23972   0.02642   0.24046   0.02437   0.21722   0.03016   0.00000   0.00628   1.78543   0.00000   1.15170   0.53938   0.97649   0.12039   0.00000   1.86393   0.02630   0.00000   0.11259   0.50886   0.70440   0.05353   0.46101   0.42239   0.73269   2.97294   0.38847   1.95419   0.00000   0.74489   0.06998   0.53866   0.00614   0.65244   1.35112   0.33299   0.36243   0.78090   0.70320   0.54307   1.67650   0.99999   0.47192   1.07934   3.41439  
103  0.0657  12221.244706  x:  0.49257   0.29981   0.23609   0.65246   0.23978   0.02641   0.24047   0.02438   0.21723   0.03016   0.00000   0.00629   1.78546   0.00000   1.15186   0.53941   0.97643   0.12037   0.00000   1.86384   0.02630   0.00000   0.11259   0.50885   0.70441   0.05353   0.46104   0.42238   0.73272   2.97297   0.38844   1.95423   0.00000   0.74504   0.06993   0.53865   0.00614   0.65242   1.35129   0.33297   0.36246   0.78096   0.70322   0.54310   1.67649   0.99999   0.47190   1.07923   3.41439  
104  0.0511  12221.244705  x:  0.49256   0.29981   0.23611   0.65248   0.23976   0.02641   0.24047   0.02440   0.21719   0.03016   0.00000   0.00628   1.78548   0.00000   1.15192   0.53942   0.97648   0.12037   0.00000   1.86379   0.02630   0.00000   0.11259   0.50886   0.70445   0.05353   0.46104   0.42239   0.73276   2.97297   0.38847   1.95423   0.00000   0.74505   0.06994   0.53866   0.00614   0.65240   1.35134   0.33295   0.36249   0.78096   0.70322   0.54309   1.67652   0.99999   0.47189   1.07919   3.41438  
105  0.0178  12221.244704  x:  0.49257   0.29980   0.23611   0.65247   0.23976   0.02641   0.24047   0.02440   0.21720   0.03016   0.00000   0.00628   1.78549   0.00000   1.15194   0.53940   0.97654   0.12037   0.00000   1.86376   0.02630   0.00000   0.11259   0.50887   0.70444   0.05353   0.46104   0.42239   0.73276   2.97297   0.38845   1.95423   0.00000   0.74503   0.06996   0.53865   0.00614   0.65241   1.35136   0.33295   0.36248   0.78094   0.70323   0.54310   1.67652   0.99999   0.47188   1.07916   3.41438  
106  0.0080  12221.244704  x:  0.49257   0.29980   0.23611   0.65247   0.23977   0.02641   0.24047   0.02440   0.21720   0.03016   0.00000   0.00628   1.78550   0.00000   1.15194   0.53938   0.97655   0.12037   0.00000   1.86375   0.02630   0.00000   0.11259   0.50886   0.70444   0.05354   0.46104   0.42239   0.73276   2.97297   0.38846   1.95424   0.00000   0.74503   0.06996   0.53865   0.00614   0.65241   1.35136   0.33295   0.36248   0.78094   0.70323   0.54310   1.67652   0.99999   0.47188   1.07915   3.41438  
107  0.0049  12221.244704  x:  0.49256   0.29981   0.23611   0.65247   0.23977   0.02641   0.24047   0.02440   0.21720   0.03016   0.00000   0.00628   1.78551   0.00000   1.15194   0.53938   0.97655   0.12037   0.00000   1.86375   0.02630   0.00000   0.11259   0.50886   0.70444   0.05354   0.46104   0.42239   0.73275   2.97297   0.38846   1.95424   0.00000   0.74503   0.06995   0.53865   0.00614   0.65241   1.35136   0.33295   0.36248   0.78094   0.70323   0.54309   1.67652   0.99999   0.47188   1.07914   3.41438  
108  0.0016  12221.244704  x:  0.49257   0.29980   0.23611   0.65247   0.23977   0.02641   0.24047   0.02440   0.21720   0.03016   0.00000   0.00628   1.78555   0.00000   1.15194   0.53938   0.97654   0.12037   0.00000   1.86373   0.02630   0.00000   0.11259   0.50886   0.70444   0.05354   0.46104   0.42239   0.73276   2.97297   0.38846   1.95424   0.00000   0.74503   0.06995   0.53865   0.00614   0.65241   1.35133   0.33295   0.36248   0.78095   0.70323   0.54309   1.67652   0.99999   0.47188   1.07913   3.41437  
109  0.0009  12221.244704  x:  0.49257   0.29980   0.23611   0.65247   0.23977   0.02641   0.24047   0.02439   0.21721   0.03016   0.00000   0.00628   1.78556   0.00000   1.15194   0.53940   0.97654   0.12037   0.00000   1.86372   0.02630   0.00000   0.11259   0.50886   0.70445   0.05354   0.46104   0.42240   0.73275   2.97298   0.38846   1.95424   0.00000   0.74503   0.06995   0.53867   0.00614   0.65242   1.35132   0.33295   0.36248   0.78094   0.70323   0.54310   1.67652   0.99999   0.47187   1.07913   3.41436  
110  0.0018  12221.244704  x:  0.49256   0.29981   0.23611   0.65248   0.23977   0.02641   0.24047   0.02439   0.21720   0.03015   0.00000   0.00628   1.78553   0.00000   1.15194   0.53940   0.97655   0.12037   0.00000   1.86373   0.02630   0.00000   0.11259   0.50887   0.70445   0.05354   0.46105   0.42240   0.73275   2.97301   0.38846   1.95424   0.00000   0.74504   0.06995   0.53864   0.00615   0.65242   1.35134   0.33296   0.36247   0.78093   0.70323   0.54309   1.67653   0.99999   0.47187   1.07915   3.41432  
111  0.0020  12221.244704  x:  0.49257   0.29980   0.23611   0.65247   0.23977   0.02641   0.24047   0.02439   0.21720   0.03014   0.00000   0.00628   1.78551   0.00000   1.15194   0.53938   0.97655   0.12038   0.00000   1.86374   0.02630   0.00000   0.11259   0.50887   0.70444   0.05355   0.46105   0.42240   0.73275   2.97301   0.38846   1.95424   0.00000   0.74504   0.06995   0.53865   0.00615   0.65241   1.35135   0.33295   0.36248   0.78094   0.70323   0.54309   1.67652   0.99999   0.47186   1.07916   3.41431  
112  0.0047  12221.244704  x:  0.49257   0.29980   0.23611   0.65247   0.23977   0.02641   0.24047   0.02439   0.21720   0.03014   0.00000   0.00628   1.78551   0.00000   1.15194   0.53938   0.97655   0.12038   0.00000   1.86374   0.02630   0.00000   0.11259   0.50887   0.70445   0.05355   0.46105   0.42240   0.73275   2.97301   0.38846   1.95424   0.00000   0.74504   0.06995   0.53865   0.00615   0.65241   1.35135   0.33295   0.36248   0.78094   0.70323   0.54309   1.67652   0.99999   0.47186   1.07915   3.41431  
113  0.0006  12221.244704  x:  0.49257   0.29980   0.23611   0.65247   0.23977   0.02641   0.24047   0.02439   0.21720   0.03014   0.00000   0.00628   1.78551   0.00000   1.15194   0.53938   0.97655   0.12038   0.00000   1.86374   0.02630   0.00000   0.11259   0.50887   0.70444   0.05355   0.46105   0.42240   0.73275   2.97301   0.38846   1.95424   0.00000   0.74504   0.06995   0.53865   0.00615   0.65241   1.35135   0.33295   0.36248   0.78094   0.70323   0.54309   1.67652   0.99999   0.47186   1.07915   3.41430  
114  0.0003  12221.244704  x:  0.49257   0.29980   0.23611   0.65247   0.23977   0.02641   0.24047   0.02439   0.21720   0.03014   0.00000   0.00628   1.78551   0.00000   1.15194   0.53938   0.97655   0.12038   0.00000   1.86374   0.02630   0.00000   0.11259   0.50887   0.70444   0.05355   0.46105   0.42240   0.73275   2.97301   0.38846   1.95424   0.00000   0.74504   0.06995   0.53865   0.00615   0.65241   1.35135   0.33295   0.36248   0.78094   0.70323   0.54309   1.67652   0.99999   0.47186   1.07915   3.41430  
115  0.0002  12221.244704  x:  0.49257   0.29980   0.23611   0.65247   0.23977   0.02642   0.24047   0.02439   0.21720   0.03014   0.00000   0.00628   1.78551   0.00000   1.15194   0.53938   0.97655   0.12038   0.00000   1.86374   0.02630   0.00000   0.11259   0.50887   0.70444   0.05354   0.46105   0.42240   0.73275   2.97301   0.38846   1.95424   0.00000   0.74504   0.06995   0.53865   0.00615   0.65241   1.35135   0.33295   0.36248   0.78094   0.70323   0.54309   1.67652   0.99999   0.47186   1.07915   3.41430  
116  0.0052  12221.244704  x:  0.49257   0.29980   0.23611   0.65247   0.23977   0.02642   0.24047   0.02439   0.21720   0.03014   0.00000   0.00628   1.78551   0.00000   1.15194   0.53938   0.97655   0.12038   0.00000   1.86374   0.02630   0.00000   0.11259   0.50887   0.70444   0.05354   0.46105   0.42240   0.73275   2.97301   0.38846   1.95424   0.00000   0.74504   0.06995   0.53865   0.00615   0.65241   1.35135   0.33295   0.36248   0.78094   0.70323   0.54309   1.67652   0.99999   0.47186   1.07915   3.41430  