

TREE # 1

  0  0.0000  14562.837148  x:  0.10754   0.08072   0.03637   0.04893   0.02821   0.01924   0.09112   0.04241   0.10737   0.07575   0.01111   0.08754   0.04644   0.07352   0.06328   0.02411   0.02784   0.01938   0.08776   0.07683   0.05604   0.07656   0.03334   0.03463   0.09185   0.03126   0.06676   0.01970   0.05965   0.08879   0.02286   0.01968   0.08231   0.01022   0.03784   0.03157   0.07335   0.07553   0.08283   0.04054   0.09120   0.03410   0.08995   0.03241   0.03507   0.07865   2.00000   0.90000   0.47979   1.02924  
  1 99.0000  11945.557619  x:  0.16858   0.13432   0.11496   0.21904   0.06027   0.17357   0.10592   0.14628   0.13561   0.12094   0.08886   0.09970   0.27267   0.07695   0.07252   0.22760   0.52713   0.04151   0.07438   0.11902   0.03511   0.05360   0.13431   0.25383   0.17746   0.05039   0.23201   0.20094   0.29660   0.22755   0.21384   0.50054   0.12492   0.26440   0.12963   0.13366   0.13502   0.09073   0.16195   0.07685   0.13534   0.20390   0.17625   0.32284   0.39827   0.13969   1.99690   0.99999   0.37849   1.07274  
  2 10944.2984  11881.572136  x:  0.20838   0.15763   0.12457   0.24358   0.05184   0.16953   0.11095   0.15212   0.13309   0.12006   0.07891   0.09291   0.30033   0.06331   0.06244   0.22159   0.52490   0.04271   0.05786   0.14246   0.02185   0.03495   0.14469   0.26631   0.21513   0.04376   0.26879   0.19318   0.33923   0.28084   0.21793   0.49637   0.13482   0.25525   0.13539   0.14615   0.16441   0.09887   0.19853   0.08574   0.15751   0.21743   0.21936   0.33136   0.40987   0.17949   1.99375   0.79822   0.33232   1.08139  
  3 1858.9051  11627.315896  x:  0.32327   0.22287   0.14380   0.30205   0.01959   0.13427   0.12986   0.15960   0.12244   0.10555   0.02409   0.06092   0.36572   0.00948   0.03092   0.17301   0.44256   0.05133   0.00000   0.21039   0.02712   0.00497   0.16209   0.27750   0.32054   0.02321   0.36747   0.14068   0.45297   0.43414   0.20286   0.40823   0.16023   0.18147   0.14006   0.16944   0.24474   0.11725   0.29894   0.10167   0.22065   0.23795   0.34521   0.31987   0.39827   0.29438   1.99031   0.84349   0.15725   1.13478  
  4 1110.4112  11627.315896  x:  0.32327   0.22287   0.14380   0.30205   0.01959   0.13427   0.12986   0.15960   0.12244   0.10555   0.02409   0.06092   0.36572   0.00948   0.03092   0.17301   0.44256   0.05133   0.00000   0.21039   0.02712   0.00497   0.16209   0.27750   0.32054   0.02321   0.36747   0.14068   0.45297   0.43414   0.20286   0.40823   0.16023   0.18147   0.14006   0.16944   0.24474   0.11725   0.29894   0.10167   0.22065   0.23795   0.34521   0.31987   0.39827   0.29438   1.99031   0.84349   0.15725   1.13478  
  5 2102.7906  11600.062746  x:  0.32865   0.22486   0.14409   0.30834   0.01623   0.13618   0.12930   0.16211   0.12198   0.10207   0.01767   0.05461   0.37610   0.00000   0.03233   0.17720   0.44974   0.05225   0.00206   0.21163   0.02961   0.08210   0.16316   0.28255   0.32473   0.02483   0.37531   0.14407   0.46698   0.44494   0.20531   0.41337   0.16081   0.17970   0.14083   0.16986   0.24561   0.11280   0.30175   0.09736   0.22048   0.24091   0.35275   0.32669   0.40772   0.29976   1.99013   0.88180   0.16117   1.13779  
  6 1126.5109  11545.496581  x:  0.34479   0.23033   0.14452   0.32658   0.00526   0.14068   0.12727   0.16912   0.12035   0.09124   0.00000   0.03632   0.40703   0.00000   0.03320   0.18746   0.47112   0.05334   0.00188   0.21311   0.00636   0.07511   0.16469   0.29671   0.33672   0.02675   0.39824   0.15223   0.50892   0.47750   0.21145   0.42865   0.16205   0.17354   0.14246   0.17051   0.24783   0.09892   0.30983   0.08411   0.21931   0.24904   0.37527   0.34659   0.43595   0.31590   1.98893   0.97825   0.19246   1.14470  
  7 724.2394  11545.496581  x:  0.34479   0.23033   0.14452   0.32658   0.00526   0.14068   0.12727   0.16912   0.12035   0.09124   0.00000   0.03632   0.40703   0.00000   0.03320   0.18746   0.47112   0.05334   0.00188   0.21311   0.00636   0.07511   0.16469   0.29671   0.33672   0.02675   0.39824   0.15223   0.50892   0.47750   0.21145   0.42865   0.16205   0.17354   0.14246   0.17051   0.24783   0.09892   0.30983   0.08411   0.21931   0.24904   0.37527   0.34659   0.43595   0.31590   1.98893   0.97825   0.19246   1.14470  
  8 833.8482  11529.221704  x:  0.35295   0.23272   0.14519   0.33518   0.00000   0.14193   0.12707   0.17260   0.12025   0.08958   0.00332   0.03324   0.42124   0.00000   0.03056   0.19030   0.48159   0.05321   0.00135   0.21494   0.05123   0.04934   0.16462   0.30293   0.34249   0.02552   0.40885   0.15418   0.52950   0.49409   0.21421   0.43652   0.16265   0.16963   0.14267   0.17056   0.24933   0.09277   0.31426   0.07871   0.21880   0.25274   0.38641   0.35606   0.45022   0.32406   1.98649   0.94036   0.22664   1.14351  
  9 562.1703  11529.221704  x:  0.35295   0.23272   0.14519   0.33518   0.00000   0.14193   0.12707   0.17260   0.12025   0.08958   0.00332   0.03324   0.42124   0.00000   0.03056   0.19030   0.48159   0.05321   0.00135   0.21494   0.05123   0.04934   0.16462   0.30293   0.34249   0.02552   0.40885   0.15418   0.52950   0.49409   0.21421   0.43652   0.16265   0.16963   0.14267   0.17056   0.24933   0.09277   0.31426   0.07871   0.21880   0.25274   0.38641   0.35606   0.45022   0.32406   1.98649   0.94036   0.22664   1.14351  
 10 559.9069  11506.842634  x:  0.36265   0.23609   0.14761   0.34595   0.00029   0.14503   0.12889   0.17774   0.12140   0.08927   0.00456   0.03179   0.43741   0.00000   0.03061   0.19537   0.49410   0.05455   0.00272   0.21670   0.02071   0.02295   0.16603   0.31092   0.34977   0.02613   0.42151   0.15783   0.55295   0.51309   0.21875   0.44607   0.16368   0.16581   0.14363   0.17152   0.25270   0.08831   0.32055   0.07511   0.22004   0.25804   0.39961   0.36755   0.46688   0.33376   1.98489   0.98312   0.22600   1.14953  
 11 437.7488  11504.429568  x:  0.36414   0.23659   0.14790   0.34753   0.00000   0.14542   0.12911   0.17847   0.12152   0.08916   0.00463   0.03149   0.43983   0.00000   0.03051   0.19606   0.49602   0.05460   0.00259   0.21693   0.01913   0.02190   0.16619   0.31210   0.35088   0.02610   0.42341   0.15829   0.55653   0.51598   0.21939   0.44754   0.16383   0.16517   0.14374   0.17164   0.25322   0.08763   0.32151   0.07459   0.22021   0.25883   0.40162   0.36929   0.46945   0.33525   1.98454   0.98185   0.22759   1.15005  
 12 522.0442  11456.234411  x:  0.40431   0.24965   0.15556   0.38939   0.00000   0.15525   0.13489   0.19778   0.12458   0.08652   0.00532   0.02316   0.50421   0.00000   0.02726   0.21386   0.54739   0.05601   0.00000   0.22360   0.03413   0.03794   0.17029   0.34341   0.38043   0.02482   0.47420   0.17014   0.65205   0.59322   0.23617   0.48718   0.16770   0.14759   0.14646   0.17481   0.26753   0.07089   0.34751   0.06209   0.22522   0.27967   0.45587   0.41595   0.53859   0.37542   1.97517   0.98765   0.26617   1.16556  
 13 2097.4104  11451.144521  x:  0.41676   0.25307   0.15513   0.39269   0.00000   0.15423   0.13809   0.20011   0.12662   0.09915   0.00725   0.03448   0.51192   0.00000   0.02798   0.21407   0.56239   0.06323   0.03362   0.23455   0.05146   0.02313   0.17469   0.34944   0.38846   0.02458   0.48377   0.17105   0.67139   0.60951   0.23922   0.50097   0.16847   0.14061   0.14655   0.17795   0.28213   0.09430   0.35938   0.08837   0.23681   0.28524   0.47097   0.42817   0.55903   0.38787   1.97337   0.98337   0.26409   1.17714  
 14 220.3854  11448.782733  x:  0.42192   0.25437   0.15350   0.38963   0.00000   0.15248   0.13948   0.19927   0.12671   0.10447   0.00000   0.03527   0.50922   0.00000   0.02814   0.21201   0.56792   0.06061   0.03039   0.23785   0.04695   0.02817   0.17552   0.34942   0.39117   0.02168   0.48485   0.16908   0.67408   0.61214   0.23872   0.50710   0.16875   0.13698   0.14615   0.17953   0.28965   0.10973   0.36411   0.10368   0.24351   0.28621   0.47623   0.43206   0.56702   0.39303   1.97299   0.98476   0.27157   1.18389  
 15 132.3498  11447.804750  x:  0.42720   0.25621   0.15265   0.38510   0.00000   0.15243   0.14127   0.19861   0.12700   0.11116   0.00000   0.03774   0.50346   0.00000   0.03007   0.21109   0.57317   0.06151   0.01494   0.23948   0.05377   0.01927   0.17614   0.34831   0.39365   0.02762   0.48478   0.17063   0.67319   0.61282   0.23799   0.51372   0.16945   0.13293   0.14573   0.18040   0.29337   0.11917   0.36587   0.11055   0.24763   0.28558   0.48062   0.43541   0.57491   0.39831   1.97288   0.98540   0.27819   1.19415  
 16 92.6724  11447.237844  x:  0.43287   0.25897   0.15344   0.38051   0.00000   0.15485   0.14341   0.19894   0.12786   0.11796   0.00000   0.04143   0.49570   0.00000   0.03225   0.21201   0.57839   0.06831   0.00937   0.24434   0.05089   0.02365   0.17879   0.34752   0.39607   0.03564   0.48348   0.17455   0.66906   0.61196   0.23762   0.52114   0.17081   0.12862   0.14573   0.18070   0.29271   0.12167   0.36451   0.10844   0.24881   0.28394   0.48439   0.43870   0.58322   0.40398   1.97329   0.98399   0.27387   1.21111  
 17 55.1445  11445.949575  x:  0.44832   0.26617   0.15481   0.36860   0.00000   0.15913   0.14444   0.19913   0.12742   0.12453   0.00000   0.03629   0.47273   0.00000   0.02570   0.21131   0.59112   0.06739   0.01408   0.25743   0.05152   0.02190   0.18633   0.34483   0.40091   0.02657   0.47596   0.17424   0.65190   0.60580   0.23383   0.54124   0.17413   0.11504   0.14514   0.17979   0.28479   0.11878   0.35688   0.09209   0.24722   0.27848   0.49336   0.44656   0.60608   0.41942   1.97493   0.98363   0.28468   1.26736  
 18 62.3809  11444.916360  x:  0.45563   0.26641   0.15288   0.37186   0.00000   0.15093   0.13772   0.19860   0.12243   0.11136   0.00000   0.03699   0.47039   0.00000   0.04186   0.21952   0.59597   0.05664   0.01554   0.24993   0.05188   0.02143   0.18374   0.34203   0.39981   0.02562   0.47257   0.17281   0.64006   0.60064   0.23244   0.54953   0.17267   0.10363   0.14383   0.17821   0.28094   0.11372   0.35686   0.09239   0.24556   0.28224   0.49661   0.44916   0.61945   0.42674   1.97705   0.98114   0.28589   1.33977  
 19 43.2897  11443.029484  x:  0.46063   0.26169   0.14923   0.38395   0.00000   0.14388   0.13556   0.19882   0.11562   0.09266   0.00000   0.04827   0.47882   0.00000   0.02345   0.21325   0.59353   0.06346   0.01730   0.23115   0.04909   0.02317   0.17331   0.33760   0.39368   0.03556   0.47018   0.17149   0.62658   0.59382   0.23670   0.55318   0.16770   0.08816   0.14133   0.17555   0.27799   0.10417   0.35969   0.09876   0.24042   0.28926   0.49696   0.44916   0.63344   0.43173   1.98014   0.97971   0.30638   1.48102  
 20 101.1097  11440.918301  x:  0.45490   0.25586   0.15260   0.39375   0.00000   0.16259   0.15082   0.20587   0.12274   0.10685   0.00000   0.04618   0.49867   0.00000   0.02822   0.21090   0.58206   0.06883   0.00948   0.22492   0.04889   0.02280   0.16816   0.34070   0.38709   0.01977   0.47233   0.16455   0.62904   0.59200   0.24686   0.54257   0.16640   0.08941   0.14386   0.17778   0.28290   0.09954   0.36249   0.09928   0.23474   0.28885   0.49117   0.44587   0.63353   0.42601   1.98064   0.97644   0.32407   1.64933  
 21 102.5885  11438.892763  x:  0.44388   0.25258   0.15322   0.39258   0.00000   0.16610   0.14721   0.20836   0.12787   0.12010   0.00000   0.02642   0.51328   0.00000   0.03726   0.21134   0.56888   0.06510   0.01554   0.23535   0.04631   0.02411   0.17657   0.34818   0.38654   0.03672   0.47883   0.17502   0.64411   0.59557   0.24732   0.52487   0.17026   0.10379   0.14855   0.18232   0.29065   0.10094   0.36325   0.09295   0.23370   0.28284   0.48347   0.44181   0.62326   0.41499   1.97767   0.97682   0.36185   1.81480  
 22 156.5549  11437.521207  x:  0.43534   0.25524   0.15400   0.38605   0.00000   0.15448   0.13432   0.20657   0.13014   0.12193   0.00000   0.03683   0.51537   0.00000   0.02900   0.21197   0.56443   0.05744   0.00745   0.24962   0.04571   0.02388   0.18534   0.35459   0.39288   0.03188   0.48583   0.17771   0.66641   0.60789   0.23815   0.51299   0.17762   0.12242   0.15216   0.18536   0.29347   0.10185   0.36288   0.08408   0.23965   0.28061   0.47976   0.44043   0.60876   0.40645   1.97171   0.97482   0.36901   1.91957  
 23 112.2538  11436.833632  x:  0.43200   0.25930   0.15344   0.38037   0.00000   0.15268   0.14050   0.20130   0.12841   0.10875   0.00000   0.03199   0.50619   0.00000   0.03144   0.21598   0.56989   0.07169   0.00618   0.25301   0.04565   0.02279   0.18363   0.35391   0.39874   0.02731   0.48932   0.17534   0.68228   0.61901   0.23004   0.51048   0.18172   0.13407   0.15008   0.18340   0.29091   0.10209   0.36296   0.08468   0.24591   0.28232   0.48053   0.43945   0.59437   0.40311   1.96429   0.97460   0.37472   1.96395  
 24 49.1423  11436.116052  x:  0.43121   0.26405   0.15667   0.37829   0.00000   0.16064   0.15022   0.19677   0.13134   0.10799   0.00000   0.03465   0.49127   0.00000   0.02953   0.21700   0.58261   0.06031   0.01173   0.24320   0.04410   0.02320   0.17801   0.34879   0.40535   0.03247   0.49138   0.17654   0.69862   0.63266   0.23373   0.51547   0.18269   0.14446   0.14416   0.17848   0.28428   0.09985   0.36290   0.08799   0.24802   0.28453   0.48518   0.43831   0.57483   0.40232   1.95155   0.97483   0.37795   1.99533  
 25 32.3718  11435.211958  x:  0.43421   0.26598   0.16125   0.38600   0.00000   0.15470   0.13196   0.19483   0.13496   0.11976   0.00000   0.02826   0.48641   0.00000   0.03044   0.21511   0.59828   0.06870   0.01401   0.23485   0.04205   0.02279   0.17280   0.34601   0.40723   0.02888   0.49049   0.17442   0.70758   0.64279   0.24757   0.52799   0.17733   0.15193   0.14012   0.17700   0.28151   0.10059   0.36349   0.09088   0.24117   0.28427   0.49494   0.43952   0.55745   0.40532   1.93221   0.97592   0.37904   2.01334  
 26 22.5552  11432.268111  x:  0.44981   0.26112   0.16541   0.41487   0.00000   0.15222   0.14815   0.19126   0.12263   0.11268   0.00000   0.02288   0.51955   0.00000   0.02330   0.21174   0.62258   0.06507   0.01517   0.24892   0.03736   0.01894   0.19273   0.35883   0.40241   0.02997   0.48797   0.18015   0.70711   0.65079   0.24074   0.55854   0.15460   0.16251   0.14515   0.18814   0.29650   0.11417   0.36651   0.08924   0.22639   0.28376   0.52431   0.45192   0.54694   0.42092   1.87481   0.97908   0.36779   2.02709  
 27 20.5183  11430.982471  x:  0.45587   0.26063   0.16690   0.41678   0.00000   0.15532   0.14903   0.19474   0.12178   0.11414   0.00666   0.04153   0.53314   0.00000   0.03129   0.21727   0.62474   0.06899   0.02076   0.25404   0.03285   0.01929   0.19409   0.36251   0.40027   0.02872   0.49105   0.17887   0.70812   0.65289   0.23679   0.56474   0.15147   0.16316   0.14467   0.18800   0.29869   0.11113   0.36726   0.08668   0.23108   0.28775   0.53152   0.45644   0.55537   0.42698   1.85671   0.98400   0.38058   2.02416  
 28 45.3912  11430.236453  x:  0.45743   0.26139   0.16732   0.41492   0.00000   0.15718   0.14759   0.19714   0.12290   0.11408   0.00000   0.04297   0.53611   0.00000   0.03157   0.21879   0.62337   0.06945   0.02182   0.25450   0.03190   0.01916   0.19280   0.36321   0.40052   0.02872   0.49352   0.17854   0.70921   0.65321   0.23697   0.56466   0.15295   0.16249   0.14423   0.18710   0.29890   0.10925   0.36814   0.08702   0.23532   0.28994   0.53217   0.45777   0.56136   0.42854   1.85431   0.98492   0.38133   2.02220  
 29 60.8980  11427.997693  x:  0.46117   0.26343   0.14821   0.40807   0.00000   0.13427   0.16239   0.19228   0.11167   0.13199   0.00000   0.02338   0.53330   0.00000   0.02411   0.21775   0.61471   0.06704   0.02406   0.24018   0.02928   0.01792   0.18351   0.36612   0.41245   0.02480   0.50935   0.18378   0.72888   0.67076   0.24067   0.54792   0.16466   0.14318   0.14316   0.18225   0.29887   0.10368   0.37784   0.08640   0.22932   0.28384   0.52836   0.46398   0.60117   0.43228   1.87989   0.98511   0.36386   2.01101  
 30 30.4706  11426.342023  x:  0.46039   0.26136   0.15110   0.42092   0.00000   0.15496   0.14779   0.19645   0.11776   0.11778   0.00000   0.01749   0.51847   0.00000   0.02375   0.20800   0.61774   0.06596   0.02107   0.23813   0.02854   0.01716   0.18964   0.36656   0.42177   0.02619   0.50968   0.18243   0.75050   0.69190   0.23376   0.53691   0.16450   0.11537   0.14706   0.18623   0.30250   0.11602   0.38107   0.08745   0.20872   0.27301   0.52618   0.46723   0.61609   0.43150   1.93090   0.98486   0.35612   2.00092  
 31 31.0882  11424.512593  x:  0.46115   0.25898   0.15827   0.43818   0.00000   0.13902   0.16012   0.20167   0.12939   0.11887   0.00000   0.02595   0.51438   0.00000   0.03064   0.21011   0.62948   0.06786   0.02068   0.24508   0.02541   0.01829   0.19640   0.36614   0.42226   0.02553   0.50198   0.18243   0.77073   0.71214   0.24120   0.53634   0.16052   0.08859   0.15337   0.19216   0.30108   0.11773   0.37633   0.07893   0.21123   0.28154   0.52890   0.47327   0.62144   0.43226   1.99911   0.98826   0.36831   1.98575  
 32 33.8454  11421.271101  x:  0.46730   0.26936   0.15640   0.45649   0.00000   0.14941   0.15692   0.18875   0.11499   0.12683   0.00000   0.00980   0.53560   0.00000   0.01738   0.22441   0.66164   0.06326   0.01088   0.25785   0.02710   0.01883   0.19995   0.36565   0.40734   0.02854   0.48585   0.18639   0.78025   0.72383   0.25032   0.56460   0.16285   0.09768   0.16352   0.20139   0.29692   0.10889   0.36748   0.08134   0.24222   0.30964   0.54392   0.48638   0.60100   0.43841   2.10525   0.98683   0.37032   1.97583  
 33 36.8305  11417.158909  x:  0.48783   0.29176   0.15578   0.44143   0.00000   0.15201   0.15962   0.19600   0.10778   0.12576   0.03515   0.01612   0.57682   0.00000   0.01862   0.22837   0.69569   0.06345   0.00797   0.24928   0.02647   0.02202   0.19156   0.37881   0.40839   0.02705   0.50804   0.19079   0.78675   0.72530   0.24371   0.61173   0.17940   0.14680   0.15658   0.19535   0.30524   0.09536   0.38310   0.08875   0.22269   0.29018   0.57038   0.50368   0.59989   0.45893   2.20214   0.98793   0.38823   1.96418  
 34 43.8062  11413.072971  x:  0.50070   0.29874   0.15980   0.42929   0.00000   0.14754   0.16431   0.20836   0.11367   0.11906   0.00000   0.01930   0.59595   0.00000   0.02124   0.22511   0.70969   0.06348   0.00654   0.24286   0.02676   0.02379   0.18751   0.38853   0.41692   0.02651   0.52885   0.19168   0.79053   0.72239   0.24321   0.63672   0.18244   0.17347   0.14634   0.18796   0.31357   0.09167   0.39561   0.08815   0.20924   0.27550   0.58608   0.50934   0.60359   0.47180   2.23553   0.98793   0.39788   1.96075  
 35 107.6524  11401.170775  x:  0.52931   0.26705   0.15369   0.44432   0.00000   0.15164   0.16630   0.22189   0.11603   0.11356   0.01254   0.01357   0.59912   0.00000   0.02582   0.21566   0.71679   0.06237   0.00000   0.24426   0.03069   0.02677   0.19549   0.41074   0.46541   0.02518   0.58141   0.18936   0.81531   0.73425   0.26224   0.65841   0.13758   0.17591   0.11276   0.17050   0.33354   0.10082   0.42012   0.05205   0.23561   0.29715   0.62364   0.50381   0.63467   0.50041   2.22813   0.98474   0.41633   1.96924  
 36 37.6924  11401.170775  x:  0.52931   0.26705   0.15369   0.44432   0.00000   0.15164   0.16630   0.22189   0.11603   0.11356   0.01254   0.01357   0.59912   0.00000   0.02582   0.21566   0.71679   0.06237   0.00000   0.24426   0.03069   0.02677   0.19549   0.41074   0.46541   0.02518   0.58141   0.18936   0.81531   0.73425   0.26224   0.65841   0.13758   0.17591   0.11276   0.17050   0.33354   0.10082   0.42012   0.05205   0.23561   0.29715   0.62364   0.50381   0.63467   0.50041   2.22813   0.98474   0.41633   1.96924  
 37 82.4874  11393.213602  x:  0.53084   0.26833   0.15478   0.44584   0.00000   0.15318   0.16457   0.22309   0.11643   0.11115   0.00986   0.01221   0.60161   0.00000   0.02561   0.21812   0.71759   0.06149   0.00046   0.24476   0.02669   0.02885   0.19430   0.41107   0.46569   0.02361   0.58278   0.18909   0.81989   0.73759   0.26242   0.65856   0.13952   0.17396   0.11440   0.17142   0.33285   0.09823   0.42060   0.05389   0.23689   0.29925   0.62520   0.50610   0.63940   0.50194   2.22434   0.93855   0.42799   1.96703  
 38 500.6781  11383.276487  x:  0.54047   0.27623   0.16300   0.45639   0.00000   0.16405   0.15633   0.23142   0.12091   0.10104   0.00000   0.01067   0.61765   0.00000   0.02522   0.23394   0.72330   0.06094   0.00499   0.24916   0.01994   0.03672   0.18849   0.41434   0.46805   0.01716   0.59226   0.19044   0.84858   0.75904   0.26532   0.66009   0.15079   0.16260   0.12458   0.17781   0.33020   0.08524   0.42435   0.06542   0.24602   0.31251   0.63572   0.52111   0.66865   0.51157   2.20386   0.94409   0.47163   1.96118  
 39 154.0624  11376.987080  x:  0.54808   0.28189   0.16842   0.46459   0.00000   0.17057   0.15272   0.23748   0.12470   0.10002   0.00740   0.01781   0.63026   0.00000   0.02376   0.24386   0.72834   0.06243   0.00000   0.25230   0.03234   0.03224   0.18524   0.41756   0.47068   0.01752   0.60025   0.19341   0.87109   0.77629   0.26882   0.66186   0.15873   0.15371   0.13171   0.18243   0.32933   0.07766   0.42759   0.07123   0.25228   0.32156   0.64414   0.53267   0.69127   0.51918   2.18761   0.94565   0.49893   1.95760  
 40 602.2672  11373.581920  x:  0.55639   0.28662   0.17064   0.47306   0.00000   0.17235   0.15686   0.24216   0.12747   0.10547   0.01695   0.01953   0.64342   0.00000   0.02091   0.24819   0.73551   0.06639   0.00624   0.25685   0.02227   0.01723   0.18773   0.42341   0.47589   0.02705   0.60990   0.20013   0.89435   0.79428   0.27469   0.66537   0.16465   0.14475   0.13690   0.18634   0.33234   0.07821   0.43216   0.06983   0.25656   0.32747   0.65364   0.54438   0.71421   0.52749   2.17017   0.94627   0.50993   1.95664  
 41 280.5551  11366.779538  x:  0.58234   0.29910   0.17151   0.49840   0.00000   0.17003   0.18002   0.25346   0.13328   0.12721   0.04016   0.01034   0.68324   0.00000   0.01205   0.25219   0.76062   0.07565   0.01554   0.27028   0.01385   0.04282   0.20233   0.44469   0.49539   0.05887   0.64086   0.22155   0.96457   0.84864   0.29449   0.67885   0.17869   0.11805   0.14861   0.19634   0.34756   0.09261   0.44808   0.05518   0.26580   0.33979   0.68380   0.57922   0.78273   0.55344   2.11631   0.94554   0.51743   1.95793  
 42 419.7439  11364.115205  x:  0.58854   0.30156   0.17015   0.50386   0.00000   0.16825   0.18578   0.25518   0.13352   0.12910   0.03558   0.00000   0.69215   0.00000   0.01275   0.25170   0.76743   0.07403   0.01536   0.27273   0.01874   0.04044   0.20638   0.45006   0.50051   0.06099   0.64801   0.22379   0.98043   0.86068   0.29801   0.68281   0.18090   0.11222   0.14995   0.19780   0.35220   0.09790   0.45233   0.05178   0.26702   0.34145   0.69110   0.58688   0.79801   0.55964   2.10389   0.94511   0.51607   1.95875  
 43 356.8278  11361.723300  x:  0.59642   0.30401   0.16738   0.50982   0.00000   0.16540   0.19133   0.25665   0.13439   0.13257   0.03349   0.00000   0.70253   0.00000   0.01580   0.24996   0.77675   0.06907   0.00000   0.27357   0.01506   0.03819   0.21021   0.45637   0.50698   0.05707   0.65665   0.22272   1.00021   0.87564   0.30061   0.68870   0.18235   0.10527   0.14968   0.19819   0.35823   0.10442   0.45795   0.04947   0.26743   0.34238   0.70043   0.59570   0.81619   0.56752   2.08865   0.94518   0.51302   1.95998  
 44 365.2931  11359.970681  x:  0.60770   0.30411   0.15850   0.51223   0.00000   0.16076   0.18758   0.25491   0.13753   0.14147   0.04489   0.00000   0.71132   0.00000   0.02183   0.24118   0.79278   0.06749   0.00982   0.27293   0.01525   0.03877   0.21265   0.46280   0.51521   0.02857   0.66593   0.20712   1.02601   0.89479   0.29420   0.70166   0.17731   0.09804   0.13848   0.19038   0.36525   0.10852   0.46615   0.05768   0.26170   0.33766   0.71417   0.60310   0.83548   0.57880   2.07029   0.94449   0.50595   1.96226  
 45 90.5039  11359.297434  x:  0.61596   0.30284   0.15179   0.50742   0.00000   0.16371   0.17849   0.25098   0.13766   0.13709   0.03978   0.00000   0.70944   0.00000   0.01646   0.23360   0.80519   0.08328   0.00756   0.26684   0.01519   0.03855   0.20999   0.46276   0.51946   0.03060   0.67030   0.20751   1.04075   0.90397   0.28185   0.71421   0.16875   0.09911   0.12490   0.18029   0.36585   0.10167   0.46908   0.05667   0.25326   0.33001   0.72479   0.60362   0.84226   0.58706   2.06109   0.94453   0.50489   1.96379  
 46 39.3644  11359.063635  x:  0.62105   0.30265   0.15364   0.50163   0.00000   0.16630   0.17753   0.25027   0.13931   0.13570   0.03803   0.00000   0.70405   0.00000   0.02408   0.23654   0.81284   0.07661   0.00959   0.26208   0.01502   0.03919   0.20794   0.46029   0.52048   0.03553   0.67047   0.21098   1.04723   0.90668   0.27616   0.72271   0.16287   0.10565   0.12037   0.17784   0.36525   0.09816   0.46899   0.05618   0.25159   0.32663   0.73209   0.60214   0.84238   0.59215   2.05786   0.94438   0.50361   1.96540  
 47 23.2175  11358.908783  x:  0.62548   0.30296   0.15708   0.49676   0.00000   0.16684   0.17915   0.25003   0.14036   0.13526   0.03591   0.00000   0.69825   0.00000   0.01720   0.23616   0.81852   0.07008   0.01060   0.26056   0.01487   0.03925   0.20629   0.45778   0.52060   0.03574   0.66954   0.21193   1.05179   0.90801   0.27467   0.72987   0.15830   0.11335   0.11968   0.17872   0.36506   0.09770   0.46842   0.05713   0.25298   0.32568   0.73879   0.60063   0.84105   0.59658   2.05583   0.94436   0.50350   1.96704  
 48 25.6169  11358.733442  x:  0.63221   0.30359   0.16199   0.49145   0.00000   0.16411   0.18258   0.24897   0.13969   0.13661   0.03223   0.00000   0.68950   0.00000   0.01812   0.23994   0.82639   0.07691   0.00995   0.26419   0.01464   0.03933   0.20469   0.45471   0.51958   0.03281   0.66709   0.21034   1.05740   0.90885   0.27815   0.73979   0.15197   0.12569   0.12212   0.18301   0.36523   0.10029   0.46699   0.05814   0.25776   0.32722   0.74938   0.59812   0.83699   0.60331   2.05375   0.94411   0.50454   1.97022  
 49 19.3206  11358.609791  x:  0.63784   0.30345   0.15975   0.49538   0.00000   0.16533   0.17953   0.24572   0.13437   0.13984   0.03325   0.00000   0.68699   0.00000   0.01860   0.23969   0.83075   0.07512   0.00956   0.26818   0.01472   0.03929   0.21012   0.45627   0.51944   0.03219   0.66555   0.21023   1.06086   0.90899   0.28459   0.74567   0.14788   0.13021   0.12154   0.18273   0.36463   0.09935   0.46613   0.05289   0.25758   0.33056   0.75793   0.59565   0.83094   0.60894   2.05316   0.94470   0.51230   1.97386  
 50  8.1565  11358.462291  x:  0.64416   0.30409   0.15968   0.50344   0.00000   0.16781   0.17880   0.24637   0.13266   0.14027   0.03506   0.00000   0.68846   0.00000   0.01885   0.23950   0.83391   0.07498   0.00847   0.26940   0.01519   0.03919   0.21540   0.45926   0.51961   0.03565   0.66519   0.21231   1.06407   0.90908   0.28795   0.75079   0.14632   0.13217   0.12032   0.18107   0.36582   0.10103   0.46775   0.06296   0.25696   0.33434   0.76729   0.59377   0.82322   0.61526   2.05341   0.94475   0.51685   1.98071  
 51 11.3845  11357.975277  x:  0.66072   0.30915   0.16890   0.52561   0.00000   0.16859   0.18524   0.25989   0.14209   0.13169   0.04245   0.00000   0.70254   0.00000   0.01761   0.24311   0.83794   0.07820   0.00821   0.26581   0.01606   0.03852   0.21700   0.46627   0.51992   0.03233   0.66773   0.21226   1.07115   0.90989   0.28355   0.76057   0.15225   0.13375   0.12358   0.17831   0.36773   0.09616   0.47177   0.05734   0.25248   0.33754   0.79088   0.59379   0.80348   0.63181   2.05676   0.94452   0.52487   2.00658  
 52 14.2039  11356.924781  x:  0.68116   0.31021   0.15119   0.53109   0.00000   0.15493   0.17505   0.25825   0.13495   0.11872   0.04556   0.00000   0.73035   0.00000   0.01721   0.24795   0.83708   0.07398   0.01004   0.26373   0.01613   0.03858   0.19680   0.46848   0.52263   0.03464   0.67911   0.21584   1.07997   0.91388   0.27357   0.76303   0.16559   0.12909   0.13837   0.18392   0.37504   0.10201   0.47884   0.05614   0.26734   0.33445   0.81887   0.60471   0.78969   0.65225   2.06616   0.94456   0.54156   2.06216  
 53 16.6968  11354.643641  x:  0.70816   0.30243   0.13750   0.50807   0.00000   0.19950   0.18930   0.26108   0.13612   0.13018   0.02814   0.00000   0.76961   0.00000   0.01957   0.24840   0.83058   0.07386   0.00910   0.27480   0.01691   0.03767   0.17500   0.47026   0.53336   0.02732   0.70195   0.21397   1.09739   0.92737   0.28785   0.75386   0.18374   0.10763   0.14655   0.18119   0.37652   0.09355   0.48565   0.05874   0.28107   0.32947   0.85163   0.62840   0.80008   0.67924   2.08175   0.94333   0.57277   2.18688  
 54 36.7642  11351.138625  x:  0.72875   0.29129   0.16202   0.47595   0.00000   0.17407   0.17075   0.27928   0.15350   0.14695   0.00000   0.00000   0.79247   0.00000   0.02085   0.25226   0.82442   0.07124   0.00496   0.28262   0.01891   0.03622   0.19749   0.47772   0.55040   0.02610   0.72376   0.21641   1.12388   0.95278   0.30714   0.73596   0.20044   0.08367   0.14311   0.17474   0.37054   0.07826   0.48776   0.06784   0.27422   0.33768   0.87080   0.65574   0.85356   0.69981   2.08999   0.94333   0.62654   2.35495  
 55 68.8866  11346.893017  x:  0.73160   0.28912   0.18251   0.48720   0.00000   0.18741   0.18568   0.26931   0.13208   0.11219   0.02344   0.00000   0.76891   0.00000   0.01934   0.27250   0.83760   0.07525   0.00184   0.27012   0.02314   0.03280   0.22404   0.47615   0.55822   0.01506   0.73146   0.22285   1.17462   1.00700   0.28623   0.72037   0.21076   0.08384   0.14307   0.19218   0.37068   0.10084   0.48368   0.06847   0.26324   0.36420   0.86038   0.68384   0.98645   0.70264   2.06098   0.94498   0.70189   2.55994  
 56 62.9701  11344.846260  x:  0.71536   0.30332   0.17724   0.54755   0.00000   0.18675   0.17587   0.27002   0.15032   0.11655   0.01739   0.00000   0.74671   0.00000   0.02097   0.26984   0.85698   0.07025   0.00086   0.27898   0.02545   0.03119   0.19086   0.46842   0.54328   0.02260   0.72092   0.21872   1.20357   1.02868   0.29866   0.73718   0.20721   0.07952   0.13879   0.19865   0.37268   0.08263   0.48539   0.06981   0.28489   0.37093   0.83244   0.68200   1.04805   0.68639   2.02358   0.94439   0.71496   2.64222  
 57 43.1700  11344.303854  x:  0.69987   0.32345   0.16954   0.55491   0.00000   0.18739   0.18294   0.27243   0.14788   0.11257   0.00821   0.00000   0.75033   0.00000   0.02025   0.27478   0.86473   0.07067   0.00154   0.27650   0.02453   0.03176   0.19833   0.47969   0.53716   0.01843   0.71027   0.22090   1.21065   1.02450   0.29905   0.75362   0.20320   0.07076   0.14681   0.20251   0.37682   0.08387   0.49008   0.07209   0.28204   0.35683   0.81420   0.67006   1.04523   0.67090   2.00210   0.94538   0.72515   2.64102  
 58 15.2188  11344.145191  x:  0.69295   0.33510   0.16977   0.54907   0.00000   0.18825   0.18236   0.27638   0.14619   0.11471   0.00931   0.00730   0.75653   0.00000   0.01968   0.27652   0.87019   0.07083   0.00112   0.27687   0.02497   0.03152   0.19821   0.48321   0.53746   0.01902   0.70897   0.22133   1.21739   1.02340   0.29868   0.76301   0.20047   0.06606   0.15130   0.20327   0.37803   0.08448   0.49276   0.07224   0.28317   0.35485   0.80731   0.66591   1.04293   0.66397   1.98858   0.94601   0.72824   2.63189  
 59 18.7482  11343.928260  x:  0.68893   0.34306   0.17257   0.54077   0.00000   0.18928   0.17958   0.28040   0.14382   0.11675   0.01273   0.00000   0.76317   0.00000   0.01946   0.27650   0.87422   0.07078   0.00060   0.27826   0.02558   0.03118   0.19601   0.48365   0.54005   0.02081   0.71107   0.22064   1.22311   1.02312   0.29832   0.76883   0.19818   0.06351   0.15391   0.20257   0.37779   0.08468   0.49421   0.07170   0.28516   0.35894   0.80438   0.66459   1.04039   0.65995   1.97881   0.94640   0.72746   2.61914  
 60 33.7703  11343.647408  x:  0.68147   0.34558   0.16623   0.54269   0.00000   0.18442   0.18951   0.27572   0.14576   0.10885   0.01163   0.00000   0.77211   0.00000   0.02049   0.27492   0.87361   0.07074   0.00124   0.27670   0.02539   0.03134   0.19729   0.47679   0.54724   0.01793   0.72169   0.22347   1.23699   1.02442   0.30219   0.76680   0.19051   0.06753   0.15409   0.19963   0.37106   0.07834   0.48857   0.07404   0.28378   0.37452   0.80326   0.66921   1.03113   0.65249   1.97266   0.94721   0.71904   2.55715  
 61  8.7337  11343.042241  x:  0.67272   0.34723   0.16996   0.55395   0.00000   0.19332   0.17747   0.27185   0.16007   0.11431   0.00639   0.00000   0.78357   0.00000   0.01965   0.28006   0.86866   0.07173   0.00135   0.27528   0.02624   0.03111   0.19913   0.46710   0.55613   0.01503   0.74272   0.22737   1.26951   1.03145   0.30475   0.75608   0.18286   0.08098   0.15695   0.20217   0.37115   0.09595   0.48061   0.07223   0.27874   0.37308   0.80915   0.68557   1.01762   0.64374   1.96918   0.94931   0.70149   2.38650  
 62 30.2948  11342.405148  x:  0.67478   0.34663   0.17555   0.55524   0.00000   0.19125   0.18183   0.27024   0.15602   0.11690   0.00858   0.00000   0.78501   0.00000   0.01893   0.28386   0.86798   0.07099   0.00000   0.28288   0.02717   0.03071   0.20104   0.47385   0.55503   0.01679   0.74851   0.22663   1.28922   1.04000   0.30319   0.74936   0.18503   0.08112   0.15571   0.20292   0.37449   0.08633   0.48564   0.07456   0.28671   0.36190   0.81732   0.69510   1.01744   0.64579   1.97229   0.95124   0.68706   2.24961  
 63 47.0291  11341.865433  x:  0.68737   0.34210   0.18010   0.55855   0.00000   0.19739   0.17522   0.27659   0.14800   0.10907   0.00393   0.00000   0.77895   0.00000   0.02047   0.28086   0.86974   0.07145   0.00134   0.27586   0.02652   0.03122   0.20027   0.48912   0.54610   0.01433   0.73652   0.22702   1.29194   1.04766   0.30909   0.74881   0.19826   0.06985   0.15347   0.20631   0.38158   0.08615   0.49882   0.07130   0.29198   0.37565   0.82717   0.69574   1.02874   0.65838   1.98950   0.95232   0.65902   2.08740  
 64 44.5445  11341.776612  x:  0.69097   0.34115   0.17843   0.55797   0.00000   0.19758   0.17530   0.27834   0.14867   0.10927   0.00362   0.00750   0.77882   0.00000   0.02044   0.28122   0.87112   0.07149   0.00144   0.27475   0.02661   0.03121   0.19899   0.49084   0.54526   0.01411   0.73356   0.22794   1.29110   1.04910   0.31018   0.75127   0.20124   0.06663   0.15400   0.20719   0.38209   0.08677   0.50065   0.07101   0.29087   0.37883   0.82925   0.69510   1.03297   0.66198   1.99294   0.95276   0.65480   2.05127  
 65 60.1549  11341.576700  x:  0.70043   0.33980   0.16860   0.55568   0.00000   0.19509   0.17953   0.28313   0.15453   0.11420   0.00410   0.00237   0.78283   0.00000   0.01923   0.28531   0.87670   0.07078   0.00092   0.27830   0.02715   0.03104   0.19449   0.48777   0.54847   0.01571   0.72811   0.22926   1.28187   1.05004   0.30924   0.76343   0.20733   0.06008   0.15798   0.20825   0.37913   0.08993   0.49914   0.07214   0.28137   0.38399   0.83239   0.69119   1.04682   0.67144   1.99824   0.95405   0.65202   1.98702  
 66 31.5498  11341.507920  x:  0.70551   0.34091   0.16686   0.55846   0.00000   0.19737   0.17670   0.28422   0.15533   0.11166   0.00455   0.00327   0.78746   0.00000   0.01874   0.28691   0.88021   0.07110   0.00056   0.28048   0.02699   0.03113   0.20114   0.48453   0.55420   0.01488   0.72967   0.22899   1.27121   1.04890   0.30901   0.77024   0.20947   0.06079   0.16268   0.20675   0.37655   0.08782   0.49385   0.07313   0.28624   0.38112   0.83249   0.68868   1.05614   0.67652   2.00076   0.95401   0.64637   1.96481  
 67  9.5661  11341.486589  x:  0.70748   0.34158   0.17016   0.56094   0.00000   0.19651   0.17816   0.28393   0.15254   0.11241   0.00418   0.00363   0.78997   0.00000   0.01922   0.28559   0.88190   0.07143   0.00097   0.27785   0.02691   0.03125   0.19982   0.48303   0.55516   0.01461   0.73352   0.22893   1.26464   1.04773   0.31053   0.77158   0.20694   0.06094   0.16299   0.20382   0.37755   0.08863   0.49327   0.07327   0.28753   0.37924   0.83239   0.68742   1.05996   0.67849   2.00104   0.95428   0.64811   1.95809  
 68  4.1978  11341.474384  x:  0.70836   0.34253   0.17139   0.56209   0.00000   0.19677   0.17775   0.28261   0.15247   0.11189   0.00392   0.00424   0.79101   0.00000   0.01888   0.28684   0.88254   0.07103   0.00095   0.28078   0.02677   0.03135   0.19893   0.48499   0.55385   0.01416   0.73732   0.22965   1.25927   1.04704   0.30987   0.77119   0.20347   0.06237   0.16345   0.20384   0.37890   0.08793   0.49605   0.07340   0.28550   0.37994   0.83284   0.68776   1.06223   0.67937   2.00044   0.95423   0.64765   1.95575  
 69  2.0538  11341.460500  x:  0.70883   0.34505   0.16964   0.56115   0.00000   0.19699   0.17776   0.28201   0.15550   0.11317   0.00428   0.00348   0.79142   0.00000   0.01868   0.28742   0.88301   0.07143   0.00111   0.27822   0.02694   0.03134   0.20005   0.48800   0.55276   0.01448   0.73990   0.22913   1.25541   1.04739   0.30976   0.77042   0.20064   0.06357   0.16298   0.20539   0.37910   0.08703   0.49806   0.07320   0.28762   0.38124   0.83436   0.68979   1.06365   0.67984   1.99817   0.95427   0.64872   1.95453  
 70  1.4735  11341.405143  x:  0.71013   0.35530   0.16875   0.56010   0.00000   0.19642   0.17800   0.28528   0.15791   0.10947   0.00622   0.00316   0.79038   0.00000   0.02027   0.28380   0.88362   0.07066   0.00161   0.28268   0.02696   0.03164   0.19967   0.48911   0.55289   0.01497   0.73794   0.23004   1.24980   1.05235   0.31179   0.76582   0.19926   0.06135   0.15641   0.20705   0.37743   0.08928   0.49590   0.07328   0.28925   0.37964   0.84057   0.69622   1.06518   0.68114   1.99215   0.95430   0.65189   1.95392  
 71  1.3651  11341.298723  x:  0.71146   0.36588   0.17049   0.56346   0.00000   0.19581   0.17670   0.28755   0.14965   0.11692   0.00483   0.00273   0.79169   0.00000   0.01830   0.29031   0.88367   0.07060   0.00281   0.28160   0.02729   0.03196   0.19964   0.48655   0.55612   0.01489   0.73291   0.22938   1.24951   1.06083   0.31030   0.76112   0.20051   0.05651   0.15563   0.20987   0.37628   0.08436   0.49352   0.07528   0.28617   0.38136   0.84880   0.70391   1.06811   0.68247   1.98530   0.95356   0.65007   1.95580  
 72  3.6854  11341.084260  x:  0.71051   0.35540   0.17651   0.56414   0.00000   0.19595   0.17667   0.28999   0.15123   0.11817   0.00745   0.00000   0.79854   0.00000   0.01845   0.29171   0.88424   0.06953   0.00463   0.28824   0.02809   0.03275   0.20422   0.48535   0.55901   0.01969   0.73206   0.22425   1.26716   1.06974   0.30626   0.76731   0.19884   0.04649   0.16538   0.20397   0.38372   0.08303   0.49946   0.07456   0.29248   0.38682   0.85110   0.70249   1.07583   0.68152   1.98485   0.95290   0.65800   1.95968  
 73  3.7304  11340.972014  x:  0.71037   0.35213   0.17902   0.56186   0.00000   0.19539   0.17495   0.29075   0.15086   0.11856   0.01116   0.00000   0.80507   0.00000   0.01981   0.28866   0.88638   0.06963   0.00574   0.28922   0.02872   0.03302   0.20314   0.49068   0.55849   0.01737   0.73696   0.23139   1.28190   1.07219   0.31233   0.77332   0.20892   0.05258   0.17098   0.20080   0.38273   0.08018   0.50431   0.07590   0.29193   0.38664   0.84828   0.69982   1.08325   0.68137   1.98573   0.95240   0.66138   1.96262  
 74  8.6396  11340.946997  x:  0.71132   0.35170   0.17903   0.56250   0.00000   0.19507   0.17546   0.29152   0.14958   0.11869   0.01097   0.00000   0.80598   0.00000   0.01894   0.29147   0.88784   0.06914   0.00606   0.29025   0.02875   0.03320   0.20237   0.49494   0.55763   0.01917   0.74166   0.22748   1.28616   1.06976   0.31239   0.77465   0.21355   0.05413   0.16659   0.20109   0.37903   0.08202   0.50334   0.07589   0.29255   0.38730   0.84546   0.69766   1.08483   0.68232   1.98753   0.95228   0.66224   1.96335  
 75  3.9754  11340.940586  x:  0.71235   0.35106   0.17939   0.56285   0.00000   0.19509   0.17542   0.29238   0.14917   0.11934   0.01108   0.00000   0.80582   0.00000   0.01885   0.29161   0.88940   0.06926   0.00606   0.29066   0.02878   0.03320   0.20233   0.49564   0.55803   0.01804   0.74386   0.22956   1.28801   1.06714   0.31146   0.77491   0.21336   0.05221   0.16435   0.20438   0.37888   0.08184   0.50208   0.07589   0.29349   0.38767   0.84363   0.69736   1.08490   0.68336   1.98821   0.95222   0.66251   1.96362  
 76  1.8365  11340.937808  x:  0.71338   0.35135   0.17935   0.56291   0.00000   0.19519   0.17535   0.29265   0.14908   0.11884   0.01131   0.00000   0.80565   0.00000   0.01909   0.29088   0.89030   0.06925   0.00611   0.29047   0.02878   0.03325   0.20261   0.49496   0.55859   0.01862   0.74444   0.22849   1.28898   1.06529   0.31209   0.77471   0.21347   0.05201   0.16414   0.20655   0.38007   0.08104   0.50230   0.07609   0.29260   0.38741   0.84218   0.69831   1.08505   0.68439   1.98855   0.95221   0.66281   1.96379  
 77  1.0690  11340.933199  x:  0.71549   0.35246   0.17904   0.56298   0.00000   0.19507   0.17548   0.29260   0.14940   0.11869   0.01148   0.00000   0.80584   0.00000   0.01863   0.29236   0.89086   0.06936   0.00604   0.29071   0.02881   0.03327   0.20316   0.49377   0.55899   0.01826   0.74323   0.22899   1.29046   1.06274   0.31266   0.77413   0.21333   0.05225   0.16303   0.20501   0.38128   0.08118   0.50400   0.07586   0.29321   0.38761   0.83931   0.70098   1.08539   0.68649   1.98871   0.95213   0.66322   1.96424  
 78  0.6636  11340.921183  x:  0.71899   0.35311   0.17998   0.56413   0.00000   0.19502   0.17587   0.29206   0.14917   0.11979   0.01069   0.00000   0.80667   0.00000   0.01945   0.28991   0.89050   0.06948   0.00579   0.29126   0.02886   0.03341   0.20342   0.49592   0.55790   0.01859   0.74092   0.22889   1.29264   1.06149   0.31073   0.77321   0.21162   0.05232   0.16568   0.20401   0.37781   0.08169   0.50412   0.07627   0.29345   0.38759   0.83643   0.70483   1.08677   0.68999   1.98877   0.95189   0.66409   1.96556  
 79  0.7058  11340.882507  x:  0.72426   0.35218   0.18086   0.56463   0.00000   0.19447   0.17540   0.29192   0.14949   0.11681   0.01140   0.00000   0.80838   0.00000   0.01844   0.29361   0.88785   0.06979   0.00523   0.29037   0.02915   0.03367   0.20255   0.50153   0.55620   0.01854   0.74105   0.22886   1.29705   1.06662   0.31649   0.77257   0.20773   0.04821   0.16817   0.20345   0.37770   0.08099   0.50045   0.07762   0.29277   0.38481   0.83622   0.70606   1.09134   0.69526   1.98806   0.95092   0.66508   1.97051  
 80  1.2449  11340.793806  x:  0.72880   0.35495   0.18094   0.56835   0.00000   0.19376   0.17782   0.29371   0.14938   0.11948   0.00797   0.00000   0.80992   0.00000   0.01959   0.29246   0.88359   0.07104   0.00352   0.29355   0.02961   0.03460   0.20684   0.50420   0.55719   0.01769   0.74578   0.23068   1.30159   1.08008   0.31537   0.77100   0.21620   0.04809   0.16598   0.20481   0.38756   0.07784   0.50262   0.07894   0.29554   0.38516   0.84303   0.70119   1.10152   0.69979   1.98955   0.94910   0.67401   1.98083  
 81  3.0386  11340.770842  x:  0.72651   0.35317   0.18192   0.57030   0.00000   0.19357   0.17812   0.29402   0.14889   0.11881   0.00778   0.00000   0.80996   0.00000   0.01930   0.29348   0.88810   0.07144   0.00312   0.29370   0.02972   0.03483   0.20848   0.50216   0.55880   0.01731   0.74715   0.23105   1.30189   1.08147   0.31734   0.77156   0.21848   0.04523   0.16525   0.20670   0.38282   0.07827   0.51043   0.07907   0.29635   0.38315   0.84871   0.70304   1.10437   0.69749   1.99143   0.94857   0.67609   1.98370  
 82  2.8602  11340.764312  x:  0.72377   0.35184   0.18252   0.57070   0.00000   0.19358   0.17827   0.29341   0.14891   0.11881   0.00772   0.00000   0.81047   0.00000   0.01909   0.29378   0.89277   0.07153   0.00300   0.29389   0.02972   0.03493   0.20843   0.50396   0.55824   0.01736   0.74652   0.23109   1.30159   1.07922   0.31746   0.77254   0.22030   0.04471   0.16536   0.20550   0.38438   0.07799   0.50862   0.07936   0.29626   0.38347   0.85240   0.70730   1.10591   0.69475   1.99289   0.94840   0.67689   1.98456  
 83  1.4159  11340.762187  x:  0.72325   0.35213   0.18281   0.57086   0.00000   0.19360   0.17825   0.29298   0.14883   0.11863   0.00792   0.00000   0.81064   0.00000   0.01926   0.29358   0.88962   0.07154   0.00298   0.29385   0.02973   0.03496   0.20823   0.50404   0.55870   0.01734   0.74606   0.23097   1.30249   1.07587   0.31743   0.77377   0.22010   0.04460   0.16481   0.20567   0.38436   0.07801   0.50873   0.07933   0.29624   0.38350   0.85494   0.70734   1.10780   0.69423   1.99208   0.94827   0.67673   1.98484  
 84  0.1625  11340.743443  x:  0.72321   0.35385   0.17982   0.57045   0.00000   0.19421   0.17775   0.29789   0.14852   0.11867   0.00869   0.00000   0.81013   0.00000   0.01920   0.29335   0.89199   0.07148   0.00268   0.29371   0.02990   0.03522   0.20944   0.50079   0.55432   0.01708   0.74913   0.23046   1.30616   1.07264   0.31662   0.76915   0.21881   0.04434   0.16803   0.20295   0.38411   0.07902   0.50804   0.07925   0.29574   0.38474   0.85844   0.70432   1.11060   0.69420   1.99120   0.94687   0.67572   1.98771  
 85  0.1450  11340.703919  x:  0.72300   0.35525   0.18269   0.57060   0.00000   0.19558   0.17721   0.29291   0.15164   0.11868   0.00999   0.00000   0.81192   0.00000   0.01915   0.29347   0.89647   0.07154   0.00222   0.29361   0.03033   0.03584   0.20655   0.50327   0.56459   0.01722   0.74886   0.22939   1.30815   1.07720   0.31557   0.76882   0.21881   0.04508   0.16786   0.20382   0.38465   0.08110   0.50856   0.07888   0.29559   0.38846   0.85627   0.70347   1.10957   0.69400   1.99206   0.94394   0.67607   1.99371  
 86  0.9300  11340.691808  x:  0.72258   0.35185   0.18306   0.57066   0.00000   0.19603   0.17718   0.29517   0.14996   0.11873   0.01020   0.00000   0.81436   0.00000   0.01929   0.29340   0.89450   0.07153   0.00203   0.29361   0.03041   0.03604   0.20737   0.50160   0.56217   0.01716   0.74958   0.22911   1.30674   1.08156   0.31533   0.77506   0.21890   0.04698   0.16487   0.20602   0.38488   0.08157   0.50858   0.07878   0.29548   0.38930   0.85342   0.70889   1.10803   0.69359   1.99153   0.94304   0.67624   1.99565  
 87  1.5402  11340.691218  x:  0.72283   0.35143   0.18316   0.57063   0.00000   0.19605   0.17718   0.29481   0.15004   0.11872   0.01020   0.00000   0.81299   0.00000   0.01933   0.29336   0.89421   0.07151   0.00205   0.29359   0.03041   0.03604   0.20741   0.50152   0.56217   0.01709   0.75052   0.22918   1.30632   1.08143   0.31531   0.77559   0.21992   0.04633   0.16539   0.20555   0.38484   0.08164   0.50853   0.07879   0.29538   0.38935   0.85323   0.70943   1.10739   0.69383   1.99043   0.94300   0.67621   1.99588  
 88  0.2542  11340.688754  x:  0.72322   0.34813   0.18284   0.57068   0.00000   0.19614   0.17723   0.29559   0.14988   0.11861   0.01003   0.00000   0.81328   0.00000   0.01923   0.29351   0.89474   0.07148   0.00218   0.29353   0.03040   0.03605   0.20705   0.50193   0.56292   0.01717   0.74950   0.22936   1.30519   1.08036   0.31533   0.77423   0.22089   0.04753   0.16516   0.20584   0.38485   0.08155   0.50859   0.07875   0.29546   0.38892   0.85312   0.70879   1.10686   0.69422   1.98714   0.94275   0.67634   1.99765  
 89  0.0996  11340.676500  x:  0.72366   0.34905   0.18378   0.56980   0.00000   0.19620   0.17766   0.29095   0.15139   0.11841   0.00945   0.00000   0.81527   0.00000   0.01893   0.29361   0.89591   0.07123   0.00261   0.29333   0.03053   0.03597   0.20773   0.49971   0.55908   0.01779   0.74879   0.23043   1.30482   1.07931   0.31561   0.77508   0.22211   0.04717   0.16444   0.20712   0.38446   0.08153   0.50800   0.07845   0.29550   0.38810   0.85287   0.70687   1.10686   0.69467   1.98771   0.94122   0.67626   2.00771  
 90  0.3146  11340.666564  x:  0.72280   0.35123   0.18146   0.57014   0.00000   0.19630   0.17810   0.29435   0.15047   0.11840   0.00897   0.00000   0.81232   0.00000   0.01879   0.29393   0.89514   0.07102   0.00304   0.29331   0.03059   0.03593   0.20672   0.50125   0.56183   0.01798   0.74993   0.23160   1.30503   1.07913   0.31591   0.77726   0.22003   0.04827   0.16586   0.20652   0.38461   0.08146   0.50833   0.07828   0.29563   0.38725   0.85216   0.70766   1.10746   0.69381   1.99246   0.93997   0.67708   2.01605  
 91  1.2823  11340.661875  x:  0.72348   0.35230   0.18145   0.57046   0.00000   0.19545   0.17823   0.29444   0.15010   0.11885   0.00889   0.00000   0.81261   0.00000   0.01914   0.29356   0.89518   0.07126   0.00297   0.29339   0.03047   0.03550   0.20723   0.50219   0.56156   0.01726   0.74930   0.23095   1.30364   1.07926   0.31645   0.77686   0.21922   0.04779   0.16538   0.20623   0.38481   0.08071   0.50865   0.07825   0.29569   0.38715   0.85317   0.70782   1.10547   0.69450   1.99208   0.93891   0.67844   2.02318  
 92  0.0061  11340.661300  x:  0.72365   0.35206   0.18174   0.57076   0.00000   0.19569   0.17805   0.29447   0.15012   0.11878   0.00904   0.00000   0.81270   0.00000   0.01912   0.29375   0.89518   0.07135   0.00297   0.29348   0.03036   0.03529   0.20732   0.50215   0.56168   0.01758   0.74957   0.23108   1.30403   1.07954   0.31642   0.77683   0.21932   0.04796   0.16544   0.20626   0.38490   0.08090   0.50873   0.07825   0.29579   0.38751   0.85364   0.70808   1.10545   0.69467   1.99239   0.93882   0.67882   2.02200  
 93  0.0012  11340.661218  x:  0.72361   0.35199   0.18170   0.57066   0.00000   0.19576   0.17803   0.29446   0.15021   0.11875   0.00903   0.00000   0.81265   0.00000   0.01911   0.29380   0.89522   0.07127   0.00297   0.29350   0.03027   0.03528   0.20719   0.50206   0.56165   0.01750   0.74955   0.23104   1.30424   1.07950   0.31638   0.77695   0.21944   0.04800   0.16554   0.20631   0.38483   0.08086   0.50869   0.07833   0.29583   0.38745   0.85346   0.70795   1.10569   0.69462   1.99241   0.93881   0.67902   2.02312  
 94  0.0009  11340.661204  x:  0.72357   0.35205   0.18169   0.57063   0.00000   0.19573   0.17807   0.29446   0.15019   0.11878   0.00902   0.00000   0.81266   0.00000   0.01910   0.29379   0.89521   0.07130   0.00297   0.29348   0.03022   0.03531   0.20720   0.50208   0.56166   0.01751   0.74955   0.23107   1.30428   1.07956   0.31639   0.77691   0.21942   0.04795   0.16552   0.20631   0.38484   0.08084   0.50869   0.07835   0.29582   0.38744   0.85343   0.70800   1.10574   0.69459   1.99238   0.93881   0.67892   2.02269  
 95  0.0003  11340.661203  x:  0.72360   0.35204   0.18170   0.57064   0.00000   0.19573   0.17806   0.29446   0.15020   0.11878   0.00903   0.00000   0.81267   0.00000   0.01910   0.29379   0.89522   0.07130   0.00297   0.29348   0.03022   0.03532   0.20721   0.50208   0.56166   0.01751   0.74956   0.23106   1.30427   1.07957   0.31639   0.77691   0.21942   0.04795   0.16552   0.20631   0.38485   0.08085   0.50870   0.07833   0.29582   0.38744   0.85347   0.70801   1.10576   0.69462   1.99238   0.93880   0.67894   2.02283  
 96  0.0001  11340.661203  x:  0.72360   0.35204   0.18170   0.57065   0.00000   0.19573   0.17806   0.29446   0.15020   0.11878   0.00903   0.00000   0.81267   0.00000   0.01910   0.29379   0.89522   0.07130   0.00297   0.29348   0.03022   0.03532   0.20721   0.50208   0.56166   0.01751   0.74956   0.23106   1.30428   1.07958   0.31639   0.77691   0.21942   0.04795   0.16551   0.20631   0.38485   0.08085   0.50870   0.07833   0.29582   0.38744   0.85347   0.70801   1.10577   0.69462   1.99239   0.93880   0.67893   2.02278  
 97  0.0001  11340.661203  x:  0.72360   0.35204   0.18170   0.57065   0.00000   0.19573   0.17806   0.29446   0.15020   0.11878   0.00903   0.00000   0.81267   0.00000   0.01910   0.29379   0.89522   0.07130   0.00297   0.29348   0.03022   0.03532   0.20721   0.50208   0.56166   0.01751   0.74956   0.23106   1.30428   1.07958   0.31639   0.77691   0.21942   0.04795   0.16551   0.20631   0.38485   0.08085   0.50870   0.07833   0.29582   0.38744   0.85347   0.70801   1.10577   0.69462   1.99239   0.93880   0.67893   2.02279  
 98  0.0000  11340.661203  x:  0.72360   0.35204   0.18170   0.57065   0.00000   0.19573   0.17806   0.29446   0.15020   0.11878   0.00903   0.00000   0.81267   0.00000   0.01910   0.29379   0.89522   0.07130   0.00297   0.29348   0.03022   0.03532   0.20721   0.50208   0.56166   0.01751   0.74956   0.23106   1.30428   1.07958   0.31639   0.77691   0.21942   0.04795   0.16551   0.20631   0.38485   0.08085   0.50870   0.07833   0.29582   0.38744   0.85347   0.70801   1.10577   0.69462   1.99239   0.93880   0.67893   2.02279  
 99  0.0000  11340.661203  x:  0.72360   0.35204   0.18170   0.57065   0.00000   0.19573   0.17806   0.29446   0.15020   0.11878   0.00903   0.00000   0.81267   0.00000   0.01910   0.29379   0.89522   0.07130   0.00297   0.29348   0.03022   0.03532   0.20721   0.50208   0.56166   0.01751   0.74956   0.23106   1.30428   1.07958   0.31639   0.77691   0.21942   0.04795   0.16551   0.20631   0.38485   0.08085   0.50870   0.07833   0.29582   0.38744   0.85347   0.70801   1.10577   0.69462   1.99239   0.93880   0.67893   2.02279  
100  0.0000  11340.661203  x:  0.72360   0.35204   0.18170   0.57065   0.00000   0.19573   0.17806   0.29446   0.15020   0.11878   0.00903   0.00000   0.81267   0.00000   0.01910   0.29379   0.89522   0.07130   0.00297   0.29348   0.03022   0.03532   0.20721   0.50208   0.56166   0.01751   0.74956   0.23106   1.30428   1.07958   0.31639   0.77691   0.21942   0.04795   0.16551   0.20631   0.38485   0.08085   0.50870   0.07833   0.29582   0.38744   0.85347   0.70801   1.10577   0.69462   1.99239   0.93880   0.67893   2.02279  