

TREE # 1

  0  0.0000  10172.570417  x:  0.10641   0.06246   0.04316   0.07284   0.04481   0.04415   0.07437   0.08177   0.07741   0.06928   0.06865   0.08226   0.08153   0.09703   0.07325   0.02981   0.01167   0.06343   0.01009   0.06168   0.03904   0.07891   0.10118   0.03918   0.02347   0.02739   0.06940   0.10006   0.02233   0.02774   0.10666   0.01925   0.01612   0.09359   0.07691   0.05174   0.10545   0.10244   0.09580   0.10561   0.10911   0.05991   0.10451   0.06906   0.06793   0.02025   0.02980   0.08955   0.03401   0.09882   0.09742   0.07871   0.10016   0.08774   0.04118   2.00000   0.90000   1.01313   1.89119  
  1 99.0000   9232.611674  x:  0.05902   0.04739   0.12243   0.17957   0.04379   0.16143   0.08967   0.04637   0.29595   0.16646   0.06788   0.25294   0.08029   0.09028   0.08874   0.16902   0.68588   0.10899   0.12918   0.13200   0.02200   0.07574   0.07911   0.05464   0.09246   0.48563   0.31309   0.08748   0.42199   0.05841   0.09997   0.18289   0.50870   0.20862   0.15588   0.16433   0.14189   0.10416   0.09400   0.05896   0.07821   0.04298   0.06932   0.04569   0.05457   0.17533   0.06763   0.07786   0.09799   0.07696   0.06340   0.05126   0.06546   0.06495   0.06750   2.01961   0.95367   0.97326   1.90863  
  2 6503.4621   9113.780525  x:  0.00481   0.02798   0.14251   0.22423   0.01871   0.16546   0.09976   0.00000   0.35246   0.17346   0.04421   0.30820   0.06296   0.09607   0.10601   0.15305   0.67107   0.10253   0.09741   0.15551   0.01310   0.08191   0.06631   0.05171   0.07427   0.48962   0.35580   0.04659   0.40964   0.01423   0.06315   0.15874   0.48647   0.25232   0.18647   0.18027   0.16708   0.11109   0.10617   0.00657   0.05553   0.05074   0.04445   0.04831   0.04303   0.16113   0.05660   0.07516   0.09399   0.07557   0.04109   0.03467   0.03939   0.05482   0.08013   2.04298   0.94544   0.93254   1.91759  
  3 739.0857   9092.855318  x:  0.00446   0.02687   0.14662   0.23470   0.01224   0.16542   0.10465   0.00000   0.36784   0.17296   0.03626   0.32134   0.05708   0.09622   0.10641   0.14851   0.66813   0.10249   0.08885   0.15978   0.01497   0.08241   0.06455   0.05198   0.07237   0.49244   0.36820   0.03408   0.40719   0.00000   0.05146   0.15179   0.48067   0.26272   0.19209   0.18281   0.17098   0.11209   0.10827   0.02068   0.05456   0.05015   0.04510   0.04750   0.04425   0.15805   0.05616   0.07494   0.09353   0.07748   0.04189   0.03622   0.04297   0.05577   0.08062   2.05114   0.94536   0.91782   1.92102  
  4 975.5401   9060.865173  x:  0.02429   0.03015   0.14941   0.25456   0.00571   0.15861   0.12597   0.00000   0.40415   0.15817   0.01172   0.34471   0.04095   0.09354   0.09378   0.13638   0.66210   0.10911   0.06910   0.16030   0.02149   0.07933   0.06664   0.05494   0.07910   0.50463   0.40136   0.00456   0.40444   0.00000   0.02063   0.13469   0.46553   0.28192   0.19525   0.18122   0.16860   0.11024   0.10802   0.00000   0.06327   0.04391   0.06517   0.04354   0.05526   0.15276   0.06271   0.07604   0.09454   0.08081   0.05926   0.05066   0.06145   0.06131   0.07398   2.07848   0.94802   0.86763   1.93233  
  5 855.2520   9044.189314  x:  0.01754   0.03119   0.14462   0.26148   0.01758   0.14912   0.14573   0.00000   0.42291   0.13612   0.00000   0.35063   0.03549   0.09482   0.08346   0.12914   0.65854   0.11653   0.06090   0.15320   0.01276   0.07582   0.06980   0.05449   0.08586   0.51522   0.42113   0.00083   0.40560   0.00000   0.01053   0.12833   0.45608   0.28756   0.19010   0.17495   0.15959   0.10718   0.10196   0.00236   0.07037   0.04259   0.06892   0.04518   0.05544   0.15092   0.06546   0.07631   0.09547   0.07745   0.06105   0.04799   0.05490   0.05809   0.06829   2.09972   0.94528   0.82893   1.93981  
  6 570.4340   9041.609136  x:  0.01721   0.03161   0.14400   0.26219   0.01817   0.14705   0.14885   0.00000   0.42586   0.13223   0.00275   0.35134   0.03513   0.09576   0.08259   0.12800   0.65795   0.11765   0.06005   0.15246   0.01395   0.07564   0.07010   0.05419   0.08610   0.51719   0.42390   0.00000   0.40581   0.00000   0.01049   0.12781   0.45447   0.28820   0.18915   0.17400   0.15828   0.10678   0.10133   0.00239   0.07071   0.04235   0.06844   0.04498   0.05512   0.15061   0.06538   0.07613   0.09539   0.07721   0.06075   0.04733   0.05480   0.05810   0.06819   2.10363   0.94468   0.82183   1.94109  
  7 797.6037   9036.927122  x:  0.01826   0.03271   0.14315   0.26213   0.01676   0.14175   0.15387   0.00000   0.43064   0.12476   0.00000   0.35121   0.03193   0.09783   0.08293   0.12595   0.65704   0.11926   0.05975   0.15161   0.01757   0.07603   0.06982   0.05343   0.08454   0.52195   0.42780   0.00000   0.40653   0.00000   0.01453   0.12831   0.45138   0.28825   0.18693   0.17233   0.15622   0.10626   0.10113   0.00208   0.06946   0.04227   0.06519   0.04406   0.05377   0.15020   0.06419   0.07541   0.09478   0.07743   0.05890   0.04583   0.05628   0.05893   0.06985   2.11251   0.94279   0.80581   1.94363  
  8 780.1621   9029.076768  x:  0.02416   0.03279   0.14338   0.25796   0.00629   0.13063   0.16134   0.00000   0.43826   0.11610   0.00317   0.34886   0.02367   0.10021   0.08488   0.12149   0.65582   0.11692   0.06048   0.15090   0.00000   0.07661   0.06446   0.05510   0.07744   0.53585   0.43012   0.00000   0.40797   0.00000   0.01848   0.12943   0.44340   0.28482   0.18388   0.17120   0.15655   0.10610   0.10411   0.00136   0.06319   0.04435   0.06117   0.04536   0.05384   0.14989   0.06203   0.07465   0.09301   0.08027   0.05741   0.04963   0.06182   0.05955   0.07194   2.13742   0.93668   0.76204   1.94901  
  9 481.9780   9022.486920  x:  0.02276   0.02926   0.14414   0.25228   0.00000   0.12573   0.16450   0.00000   0.44011   0.11746   0.00377   0.34547   0.01935   0.09816   0.08451   0.11849   0.65546   0.11226   0.06385   0.15293   0.00273   0.07681   0.06028   0.05798   0.07314   0.54773   0.42656   0.00000   0.40870   0.00000   0.01289   0.12909   0.43687   0.27947   0.18367   0.17216   0.16021   0.10642   0.10646   0.00154   0.05862   0.04706   0.06276   0.04944   0.05576   0.15019   0.06184   0.07532   0.09218   0.08146   0.05787   0.05525   0.05974   0.05588   0.06906   2.15857   0.93063   0.72600   1.95202  
 10 490.2931   9010.932257  x:  0.02282   0.02647   0.15274   0.24219   0.01282   0.13303   0.16298   0.00000   0.43888   0.13810   0.00096   0.34270   0.03815   0.09077   0.08736   0.10758   0.65127   0.09309   0.07143   0.16823   0.00162   0.07907   0.06169   0.04967   0.07136   0.58201   0.40822   0.00000   0.40451   0.00000   0.00418   0.12753   0.41361   0.26924   0.19397   0.18095   0.17844   0.10991   0.11039   0.00000   0.05575   0.03240   0.06644   0.02362   0.05630   0.14767   0.05604   0.07364   0.08934   0.07976   0.05678   0.05770   0.06342   0.06497   0.06947   2.22794   0.91680   0.61380   1.95628  
 11 430.9613   9010.932257  x:  0.02282   0.02647   0.15274   0.24219   0.01282   0.13303   0.16298   0.00000   0.43888   0.13810   0.00096   0.34270   0.03815   0.09077   0.08736   0.10758   0.65127   0.09309   0.07143   0.16823   0.00162   0.07907   0.06169   0.04967   0.07136   0.58201   0.40822   0.00000   0.40451   0.00000   0.00418   0.12753   0.41361   0.26924   0.19397   0.18095   0.17844   0.10991   0.11039   0.00000   0.05575   0.03240   0.06644   0.02362   0.05630   0.14767   0.05604   0.07364   0.08934   0.07976   0.05678   0.05770   0.06342   0.06497   0.06947   2.22794   0.91680   0.61380   1.95628  
 12 430.5397   8996.345518  x:  0.00438   0.02312   0.15413   0.25424   0.00565   0.13053   0.16509   0.00000   0.45102   0.13249   0.00185   0.35528   0.03078   0.09598   0.09061   0.10063   0.63796   0.09569   0.06242   0.17140   0.02606   0.08009   0.06052   0.04916   0.06700   0.57749   0.41826   0.00000   0.39549   0.00000   0.00358   0.12025   0.40072   0.28078   0.19876   0.18149   0.17974   0.11077   0.10955   0.06912   0.05570   0.04610   0.05385   0.05601   0.05052   0.14120   0.05259   0.07242   0.08772   0.07980   0.04645   0.04530   0.05328   0.05878   0.07191   2.23603   0.91107   0.60277   1.95738  
 13 734.7537   8991.547418  x:  0.00000   0.02177   0.15454   0.25759   0.00438   0.13005   0.16581   0.00000   0.45457   0.13087   0.00192   0.35886   0.02893   0.09714   0.09126   0.09871   0.63397   0.09609   0.05956   0.17170   0.02559   0.08013   0.05987   0.04921   0.06610   0.57618   0.42120   0.00000   0.39288   0.00000   0.00372   0.11827   0.39693   0.28399   0.20005   0.18159   0.18009   0.11089   0.10973   0.06779   0.05442   0.04736   0.05118   0.05658   0.04909   0.13946   0.05204   0.07222   0.08742   0.07922   0.04450   0.04275   0.05044   0.05720   0.07286   2.23846   0.90928   0.59959   1.95767  
 14 460.9877   8948.400788  x:  0.00000   0.05685   0.17023   0.34385   0.00013   0.12310   0.19730   0.00000   0.55958   0.07989   0.00970   0.45715   0.00000   0.10737   0.08738   0.04715   0.49645   0.12159   0.00284   0.17891   0.02875   0.08065   0.05687   0.04711   0.06513   0.53296   0.50686   0.00000   0.30964   0.00000   0.01866   0.06546   0.27285   0.36562   0.22741   0.17637   0.18348   0.13311   0.15402   0.05608   0.06417   0.04404   0.06751   0.05223   0.05058   0.09916   0.06288   0.07124   0.08327   0.07681   0.08165   0.04487   0.10006   0.06427   0.08297   2.32506   0.90203   0.47754   1.97278  
 15 627.0138   8947.196004  x:  0.00000   0.05707   0.17031   0.34506   0.00000   0.12301   0.19785   0.00000   0.56132   0.07940   0.00999   0.45868   0.00029   0.10745   0.08724   0.04667   0.49396   0.12216   0.00480   0.17898   0.02881   0.08062   0.05685   0.04710   0.06513   0.53221   0.50822   0.00000   0.30826   0.00000   0.01873   0.06493   0.27077   0.36681   0.22773   0.17621   0.18344   0.13326   0.15437   0.05587   0.06425   0.04392   0.06759   0.05219   0.05059   0.09874   0.06293   0.07120   0.08322   0.07670   0.08187   0.04487   0.10059   0.06420   0.08291   2.32667   0.90150   0.47560   1.97299  
 16 818.6116   8937.532815  x:  0.00000   0.04760   0.16082   0.35236   0.00000   0.12358   0.21036   0.00000   0.59361   0.09459   0.01134   0.47952   0.03188   0.09937   0.07599   0.06403   0.42789   0.12961   0.00000   0.17611   0.02787   0.07796   0.06077   0.04815   0.06942   0.51524   0.52978   0.00000   0.28184   0.00000   0.01129   0.08025   0.23038   0.37714   0.22359   0.16746   0.17525   0.12499   0.14221   0.05630   0.06654   0.03359   0.06919   0.05135   0.05646   0.10932   0.05970   0.07031   0.08495   0.07334   0.07369   0.05298   0.10998   0.05859   0.06560   2.37155   0.87021   0.44159   1.97512  
 17 348.9031   8932.448439  x:  0.00000   0.04462   0.15743   0.35221   0.00000   0.12395   0.21310   0.00000   0.60275   0.09992   0.00000   0.48397   0.02646   0.09631   0.07339   0.07265   0.40476   0.13055   0.00129   0.17479   0.02715   0.07744   0.06209   0.04827   0.07051   0.50935   0.53552   0.00000   0.27512   0.00000   0.01123   0.08625   0.22027   0.37838   0.22106   0.16461   0.17237   0.12193   0.13720   0.05630   0.06763   0.03388   0.07029   0.05114   0.05840   0.11394   0.05890   0.07042   0.08570   0.07333   0.07116   0.05568   0.11333   0.05817   0.06203   2.38797   0.86052   0.43125   1.97574  
 18 574.7728   8924.065351  x:  0.00000   0.04238   0.15046   0.33174   0.00000   0.12663   0.21791   0.00000   0.62843   0.09913   0.00000   0.48718   0.04007   0.11455   0.09579   0.11423   0.30056   0.12996   0.00196   0.17129   0.02559   0.08014   0.05902   0.04594   0.06555   0.48016   0.54614   0.00000   0.26938   0.00000   0.02421   0.09455   0.21674   0.36768   0.20601   0.15949   0.16617   0.11499   0.11995   0.05382   0.06529   0.04889   0.06946   0.05214   0.05367   0.12521   0.05616   0.07217   0.08587   0.08031   0.06483   0.05302   0.11916   0.06632   0.09005   2.47159   0.85297   0.38942   1.97971  
 19 249.8348   8917.502013  x:  0.00000   0.04830   0.15262   0.31114   0.00000   0.12679   0.21440   0.00000   0.63923   0.08721   0.00000   0.48151   0.03630   0.11812   0.09144   0.13499   0.22433   0.12429   0.00315   0.17107   0.02679   0.08112   0.05577   0.04888   0.06344   0.45435   0.54584   0.00000   0.27545   0.00000   0.00883   0.08068   0.23136   0.35383   0.19862   0.16263   0.16828   0.11711   0.11997   0.05589   0.05722   0.02693   0.06240   0.05162   0.04518   0.12131   0.05484   0.07016   0.08282   0.07803   0.06401   0.04337   0.11292   0.05895   0.08942   2.54444   0.84838   0.37314   1.98154  
 20 252.0247   8913.466767  x:  0.00000   0.05023   0.15585   0.29777   0.00000   0.12441   0.20812   0.00000   0.64171   0.07938   0.00000   0.47367   0.03460   0.11340   0.07637   0.14225   0.18164   0.11901   0.00311   0.17107   0.02621   0.07944   0.05575   0.04756   0.06385   0.43456   0.54118   0.00000   0.28309   0.00000   0.00972   0.06921   0.24654   0.34376   0.19725   0.16768   0.17181   0.11990   0.12561   0.05406   0.05831   0.04658   0.05794   0.05124   0.04759   0.11209   0.05836   0.06822   0.08094   0.07365   0.06402   0.04036   0.10080   0.05011   0.07575   2.60334   0.85259   0.36900   1.98271  
 21 269.4008   8908.921346  x:  0.00000   0.03884   0.15748   0.29297   0.00000   0.11849   0.19751   0.00000   0.63800   0.08177   0.00000   0.46213   0.01875   0.10971   0.07317   0.14008   0.17181   0.11191   0.00288   0.16979   0.02572   0.07565   0.05772   0.04167   0.06115   0.41107   0.53074   0.00000   0.28962   0.00000   0.03670   0.07072   0.25950   0.33759   0.20256   0.17347   0.17522   0.11899   0.13035   0.05591   0.05810   0.03480   0.05458   0.05334   0.04739   0.09782   0.05473   0.06817   0.08069   0.06961   0.05867   0.04499   0.07323   0.05953   0.07110   2.68824   0.87236   0.37250   1.98457  
 22 150.6054   8904.086970  x:  0.00000   0.02835   0.15628   0.29270   0.00000   0.11678   0.19132   0.00000   0.63090   0.08289   0.00000   0.45131   0.00215   0.10931   0.08390   0.13382   0.18514   0.10657   0.00246   0.16717   0.02326   0.07437   0.05478   0.04906   0.06040   0.39121   0.51807   0.00000   0.28849   0.00000   0.02103   0.06748   0.26044   0.33247   0.20657   0.17334   0.17500   0.11599   0.13082   0.05800   0.05820   0.03948   0.05797   0.05085   0.04863   0.09440   0.05383   0.06777   0.08004   0.07336   0.05660   0.04500   0.05550   0.06625   0.07791   2.77508   0.88516   0.38175   1.98588  
 23 221.5422   8902.928783  x:  0.00000   0.02653   0.15605   0.29322   0.00000   0.11638   0.19008   0.00000   0.62959   0.08310   0.00615   0.44934   0.00000   0.10895   0.08557   0.13232   0.18786   0.10533   0.00242   0.16660   0.02286   0.07427   0.05427   0.04934   0.06011   0.38683   0.51567   0.00000   0.28779   0.00000   0.01843   0.06719   0.25990   0.33188   0.20742   0.17309   0.17485   0.11546   0.13079   0.05833   0.05795   0.04028   0.05815   0.05052   0.04859   0.09401   0.05365   0.06769   0.07988   0.07395   0.05609   0.04451   0.05256   0.06708   0.07896   2.79500   0.88702   0.38362   1.98617  
 24 654.1303   8897.135247  x:  0.00000   0.02688   0.15536   0.30290   0.00000   0.11457   0.18595   0.00000   0.62068   0.07643   0.00405   0.44126   0.00069   0.10434   0.08558   0.12048   0.21024   0.10204   0.00228   0.16400   0.02459   0.07768   0.05234   0.02791   0.05623   0.36155   0.50293   0.00000   0.27862   0.00000   0.01670   0.07436   0.24836   0.33446   0.21001   0.16713   0.17208   0.11465   0.12568   0.05674   0.04942   0.04292   0.04587   0.05248   0.04139   0.10118   0.05259   0.06667   0.07801   0.07266   0.05031   0.03022   0.05538   0.05642   0.08237   2.93830   0.88438   0.39664   1.98782  
 25 268.1795   8893.104742  x:  0.00000   0.02670   0.15521   0.31181   0.00000   0.11329   0.18421   0.00000   0.61530   0.07419   0.00000   0.43857   0.00711   0.10366   0.08226   0.11213   0.22330   0.10183   0.00233   0.16343   0.02562   0.07917   0.05240   0.04458   0.05587   0.34549   0.49624   0.00000   0.27205   0.00000   0.02356   0.07790   0.23963   0.33946   0.21163   0.16339   0.17063   0.11440   0.12009   0.05547   0.04483   0.04356   0.03697   0.05591   0.03656   0.10457   0.05106   0.06626   0.07716   0.06991   0.04422   0.02739   0.05497   0.04671   0.08214   3.04700   0.88161   0.40209   1.98952  
 26 579.7347   8893.104742  x:  0.00000   0.02670   0.15521   0.31181   0.00000   0.11329   0.18421   0.00000   0.61530   0.07419   0.00000   0.43857   0.00711   0.10366   0.08226   0.11213   0.22330   0.10183   0.00233   0.16343   0.02562   0.07917   0.05240   0.04458   0.05587   0.34549   0.49624   0.00000   0.27205   0.00000   0.02356   0.07790   0.23963   0.33946   0.21163   0.16339   0.17063   0.11440   0.12009   0.05547   0.04483   0.04356   0.03697   0.05591   0.03656   0.10457   0.05106   0.06626   0.07716   0.06991   0.04422   0.02739   0.05497   0.04671   0.08214   3.04700   0.88161   0.40209   1.98952  
 27 256.0693   8883.252521  x:  0.00000   0.02215   0.15421   0.31262   0.00000   0.11376   0.18487   0.00000   0.61561   0.07747   0.00510   0.43988   0.00956   0.10412   0.08194   0.11286   0.22451   0.10527   0.05581   0.16335   0.02118   0.07819   0.05190   0.04517   0.05618   0.34713   0.49708   0.00000   0.27130   0.00000   0.01950   0.07689   0.23803   0.34054   0.21158   0.16327   0.17039   0.11281   0.11764   0.04243   0.04452   0.04413   0.03823   0.05093   0.03756   0.10463   0.05050   0.06623   0.07753   0.06932   0.04156   0.02954   0.04949   0.04602   0.08045   3.04758   0.87790   0.40212   1.98929  
 28 908.3842   8876.762998  x:  0.00000   0.01395   0.15239   0.31482   0.00000   0.11425   0.18620   0.00000   0.61647   0.08337   0.00119   0.44308   0.00345   0.10430   0.08104   0.11368   0.22572   0.10455   0.05499   0.16271   0.00794   0.07656   0.05107   0.04635   0.05690   0.35124   0.49942   0.00000   0.26974   0.00000   0.01198   0.07517   0.23459   0.34336   0.21163   0.16315   0.17013   0.10982   0.11253   0.01282   0.04445   0.04505   0.04020   0.04168   0.03981   0.10504   0.04940   0.06638   0.07848   0.06882   0.03705   0.03240   0.03888   0.04579   0.07702   3.04903   0.86922   0.40213   1.98879  
 29 281.4925   8876.318599  x:  0.00000   0.01372   0.15213   0.31546   0.00000   0.11428   0.18664   0.00000   0.61674   0.08454   0.00457   0.44406   0.00653   0.10456   0.08110   0.11392   0.22603   0.10449   0.05410   0.16283   0.00699   0.07635   0.05124   0.04640   0.05705   0.35241   0.50013   0.00000   0.26934   0.00000   0.01130   0.07505   0.23370   0.34423   0.21163   0.16312   0.17011   0.10942   0.11144   0.00958   0.04483   0.04495   0.04034   0.04073   0.04032   0.10519   0.04911   0.06641   0.07866   0.06912   0.03669   0.03248   0.03778   0.04626   0.07628   3.04950   0.86794   0.40157   1.98875  
 30 200.4447   8875.308487  x:  0.00000   0.01826   0.15051   0.32174   0.00000   0.11402   0.19000   0.00000   0.61923   0.09266   0.00520   0.45328   0.00585   0.10504   0.08087   0.11626   0.22911   0.10537   0.05367   0.16494   0.00869   0.07515   0.05422   0.04625   0.05822   0.36368   0.50716   0.00000   0.26584   0.00000   0.00973   0.07482   0.22576   0.35277   0.21174   0.16282   0.17017   0.10714   0.10253   0.01244   0.04974   0.04309   0.04064   0.03758   0.04460   0.10669   0.04666   0.06667   0.08005   0.07347   0.03610   0.03176   0.03475   0.05181   0.07012   3.05430   0.85855   0.39485   1.98868  
 31 81.8888   8874.541746  x:  0.00000   0.01852   0.14911   0.32941   0.00000   0.11361   0.19333   0.00000   0.62265   0.09556   0.00364   0.46481   0.00586   0.10522   0.08199   0.11844   0.23265   0.10658   0.05389   0.16734   0.00965   0.07507   0.05507   0.04627   0.05837   0.37765   0.51631   0.00000   0.26274   0.00000   0.01525   0.07619   0.21832   0.36345   0.21216   0.16274   0.17056   0.10512   0.09922   0.00887   0.04890   0.04286   0.04042   0.04478   0.04445   0.10791   0.04633   0.06724   0.08098   0.07539   0.03790   0.03188   0.03984   0.05198   0.06928   3.06097   0.85078   0.38552   1.98880  
 32 107.8724   8873.915333  x:  0.00000   0.01670   0.14835   0.33686   0.00000   0.11364   0.19624   0.00000   0.62668   0.09412   0.00382   0.47682   0.00685   0.10553   0.08339   0.11950   0.23588   0.10728   0.05369   0.16899   0.00494   0.07575   0.05324   0.04692   0.05806   0.39212   0.52596   0.00000   0.26059   0.00000   0.01406   0.07652   0.21303   0.37396   0.21292   0.16283   0.17130   0.10456   0.10183   0.01295   0.04645   0.04441   0.04054   0.04394   0.04211   0.10866   0.04798   0.06775   0.08123   0.07422   0.03744   0.03284   0.04121   0.04772   0.07246   3.06884   0.84321   0.37667   1.98877  
 33 121.6712   8873.571529  x:  0.00000   0.01724   0.14874   0.34134   0.00000   0.11352   0.19768   0.00000   0.62978   0.09111   0.00405   0.48471   0.00631   0.10588   0.08379   0.11942   0.23758   0.10799   0.05348   0.17036   0.01013   0.07696   0.05283   0.04699   0.05812   0.40165   0.53253   0.00000   0.26020   0.00000   0.01190   0.07649   0.21192   0.38051   0.21362   0.16297   0.17208   0.10575   0.10596   0.01196   0.04572   0.04543   0.04062   0.04124   0.04088   0.10890   0.04937   0.06788   0.08096   0.07245   0.03723   0.03260   0.04003   0.04617   0.07548   3.07506   0.83940   0.37124   1.98868  
 34 124.9317   8873.344515  x:  0.00000   0.01904   0.15052   0.34392   0.00000   0.11345   0.19750   0.00000   0.63328   0.08745   0.00512   0.49074   0.00488   0.10667   0.08266   0.11787   0.23810   0.10785   0.05377   0.17015   0.00812   0.07774   0.05301   0.04681   0.05849   0.40914   0.53818   0.00000   0.26220   0.00000   0.01224   0.07668   0.21615   0.38484   0.21450   0.16321   0.17304   0.10882   0.11013   0.01114   0.04824   0.04500   0.04093   0.04176   0.04227   0.10877   0.04956   0.06762   0.08038   0.07155   0.03832   0.03182   0.03851   0.05052   0.07670   3.08240   0.83794   0.36864   1.98831  
 35 53.1255   8873.151505  x:  0.00000   0.01451   0.15260   0.34500   0.00000   0.11346   0.19663   0.00000   0.63832   0.08694   0.00564   0.49615   0.00481   0.10790   0.08106   0.11534   0.23771   0.10748   0.05371   0.16953   0.00932   0.07772   0.05435   0.04702   0.05888   0.41631   0.54410   0.00000   0.26632   0.00000   0.01148   0.07655   0.22464   0.38768   0.21567   0.16350   0.17386   0.11095   0.11066   0.01210   0.04825   0.04353   0.04082   0.04293   0.04330   0.10834   0.04825   0.06773   0.08058   0.07294   0.03768   0.03332   0.03859   0.05049   0.07461   3.09332   0.83548   0.37010   1.98724  
 36 40.7529   8873.006725  x:  0.00000   0.01757   0.15480   0.34506   0.00000   0.11389   0.19600   0.00000   0.64347   0.08872   0.00451   0.49985   0.00578   0.10861   0.08157   0.11378   0.23726   0.10734   0.05386   0.16908   0.00905   0.07734   0.05431   0.04727   0.05874   0.42170   0.54890   0.00000   0.27017   0.00000   0.01120   0.07665   0.23164   0.38894   0.21674   0.16387   0.17459   0.11238   0.10930   0.01165   0.04692   0.04499   0.04107   0.04237   0.04296   0.10837   0.04862   0.06838   0.08143   0.07428   0.03790   0.03210   0.03983   0.04810   0.07377   3.10509   0.83385   0.37352   1.98593  
 37 48.7446   8872.885992  x:  0.00000   0.01712   0.15524   0.34426   0.00000   0.11512   0.19623   0.00000   0.64928   0.09105   0.00416   0.50166   0.00614   0.10836   0.08444   0.11451   0.23739   0.10802   0.05379   0.16974   0.00956   0.07779   0.05351   0.04736   0.05894   0.42535   0.55273   0.00000   0.27287   0.00000   0.01096   0.07704   0.23434   0.38853   0.21779   0.16457   0.17480   0.11064   0.10778   0.01192   0.04844   0.04657   0.04126   0.04220   0.04182   0.10955   0.05061   0.06869   0.08198   0.07295   0.03855   0.03337   0.04082   0.05053   0.07698   3.12044   0.83328   0.37907   1.98413  
 38 32.2618   8872.752518  x:  0.00000   0.01764   0.15479   0.34327   0.00000   0.11659   0.19707   0.00000   0.65625   0.09141   0.00517   0.50229   0.00516   0.10772   0.08556   0.11687   0.23824   0.10918   0.05367   0.17127   0.00941   0.07884   0.05418   0.04765   0.05943   0.42797   0.55627   0.00000   0.27446   0.00000   0.01185   0.07773   0.23326   0.38718   0.21894   0.16570   0.17505   0.10878   0.10867   0.01229   0.04809   0.04385   0.04112   0.04378   0.04209   0.11094   0.05033   0.06845   0.08170   0.07222   0.03831   0.03164   0.03829   0.04953   0.07855   3.14178   0.83317   0.38606   1.98166  
 39 43.6591   8872.577590  x:  0.00000   0.01839   0.15385   0.34240   0.00000   0.11755   0.19852   0.00000   0.66533   0.08923   0.00567   0.50196   0.00463   0.10755   0.08358   0.11996   0.23964   0.11036   0.05356   0.17332   0.00898   0.07935   0.05508   0.04756   0.05942   0.42966   0.55980   0.00000   0.27469   0.00000   0.01134   0.07805   0.22865   0.38502   0.22019   0.16719   0.17567   0.10862   0.11181   0.01184   0.04819   0.04474   0.04162   0.04256   0.04410   0.11159   0.04864   0.06862   0.08145   0.07431   0.03926   0.03377   0.04089   0.04916   0.07661   3.17430   0.83505   0.39339   1.97822  
 40 63.0287   8872.461850  x:  0.00000   0.01699   0.15359   0.34269   0.00000   0.11634   0.19934   0.00000   0.67015   0.08813   0.00465   0.50102   0.00559   0.10903   0.08195   0.12033   0.24013   0.11001   0.05358   0.17349   0.00921   0.07827   0.05388   0.04751   0.05914   0.42900   0.56068   0.00000   0.27341   0.00000   0.01200   0.07782   0.22559   0.38406   0.22038   0.16757   0.17628   0.11055   0.11170   0.01199   0.04829   0.04685   0.04117   0.04286   0.04274   0.11049   0.04926   0.06922   0.08216   0.07457   0.03695   0.03162   0.04010   0.05052   0.07468   3.19855   0.83684   0.39470   1.97596  
 41 51.7649   8872.316327  x:  0.00000   0.01702   0.15398   0.34381   0.00000   0.11355   0.20002   0.00000   0.67434   0.08824   0.00418   0.49917   0.00578   0.11111   0.08148   0.11876   0.24003   0.10846   0.05366   0.17221   0.00928   0.07700   0.05303   0.04746   0.05905   0.42634   0.55996   0.00000   0.27064   0.00000   0.01190   0.07694   0.22321   0.38343   0.21972   0.16707   0.17689   0.11358   0.10941   0.01199   0.04728   0.04484   0.04114   0.04302   0.04118   0.10858   0.05053   0.06895   0.08245   0.07376   0.03943   0.03372   0.03820   0.05036   0.07448   3.23213   0.83870   0.39226   1.97309  
 42 65.5421   8872.153046  x:  0.00000   0.01655   0.15431   0.34528   0.00000   0.11111   0.20026   0.00000   0.67638   0.08895   0.00522   0.49664   0.00446   0.11088   0.08250   0.11595   0.23932   0.10674   0.05376   0.16995   0.00902   0.07739   0.05444   0.04718   0.05904   0.42198   0.55732   0.00000   0.26735   0.00000   0.01147   0.07616   0.22303   0.38334   0.21817   0.16562   0.17664   0.11409   0.10745   0.01161   0.04819   0.04350   0.04136   0.04201   0.04331   0.10762   0.05018   0.06767   0.08122   0.07204   0.03780   0.03212   0.04108   0.04902   0.07652   3.27182   0.83846   0.38643   1.96972  
 43 79.0296   8872.010723  x:  0.00000   0.01674   0.15383   0.34615   0.00000   0.11160   0.19989   0.00000   0.67484   0.08873   0.00511   0.49437   0.00479   0.10747   0.08301   0.11415   0.23849   0.10663   0.05373   0.16852   0.00916   0.07834   0.05457   0.04711   0.05869   0.41748   0.55342   0.00000   0.26552   0.00000   0.01215   0.07651   0.22527   0.38386   0.21651   0.16411   0.17514   0.11089   0.10807   0.01181   0.04897   0.04640   0.04080   0.04267   0.04317   0.10836   0.04799   0.06796   0.08045   0.07341   0.03859   0.03256   0.03882   0.04829   0.07659   3.30783   0.83539   0.37949   1.96649  
 44 68.8980   8871.936325  x:  0.00000   0.01742   0.15324   0.34611   0.00000   0.11335   0.19930   0.00000   0.67189   0.08854   0.00455   0.49342   0.00542   0.10632   0.08261   0.11433   0.23821   0.10747   0.05367   0.16871   0.00918   0.07811   0.05354   0.04724   0.05871   0.41524   0.55073   0.00000   0.26564   0.00000   0.01156   0.07671   0.22692   0.38436   0.21598   0.16375   0.17410   0.10879   0.10927   0.01171   0.04702   0.04459   0.04114   0.04227   0.04230   0.10938   0.04867   0.06868   0.08115   0.07375   0.03798   0.03248   0.03952   0.05016   0.07545   3.32710   0.83301   0.37551   1.96460  
 45 58.7419   8871.896236  x:  0.00000   0.01760   0.15281   0.34543   0.00000   0.11501   0.19832   0.00000   0.66746   0.08885   0.00473   0.49340   0.00521   0.10813   0.08219   0.11599   0.23834   0.10843   0.05353   0.17002   0.00911   0.07742   0.05356   0.04716   0.05891   0.41454   0.54883   0.00000   0.26720   0.00000   0.01203   0.07677   0.22760   0.38487   0.21642   0.16439   0.17382   0.10876   0.10962   0.01172   0.04814   0.04471   0.04106   0.04243   0.04273   0.10979   0.05032   0.06825   0.08173   0.07295   0.03771   0.03301   0.03946   0.04911   0.07464   3.33805   0.83199   0.37338   1.96330  
 46 24.9501   8871.871493  x:  0.00000   0.01718   0.15270   0.34464   0.00000   0.11551   0.19748   0.00000   0.66294   0.08887   0.00454   0.49386   0.00536   0.10923   0.08234   0.11741   0.23845   0.10871   0.05350   0.17102   0.00894   0.07746   0.05401   0.04716   0.05881   0.41463   0.54759   0.00000   0.26869   0.00000   0.01136   0.07658   0.22741   0.38523   0.21713   0.16508   0.17410   0.10965   0.10914   0.01170   0.04808   0.04492   0.04102   0.04241   0.04208   0.10937   0.04913   0.06787   0.08133   0.07304   0.03860   0.03217   0.03971   0.04931   0.07527   3.34499   0.83132   0.37278   1.96221  
 47 21.1222   8871.856720  x:  0.00000   0.01725   0.15294   0.34406   0.00000   0.11490   0.19699   0.00000   0.65898   0.08874   0.00426   0.49455   0.00571   0.10869   0.08260   0.11800   0.23838   0.10839   0.05351   0.17121   0.00898   0.07785   0.05389   0.04721   0.05876   0.41517   0.54703   0.00000   0.26963   0.00000   0.01195   0.07670   0.22688   0.38544   0.21768   0.16538   0.17464   0.11049   0.10867   0.01175   0.04755   0.04491   0.04120   0.04223   0.04274   0.10901   0.04882   0.06838   0.08106   0.07327   0.03784   0.03280   0.03942   0.04952   0.07594   3.34926   0.83129   0.37312   1.96128  
 48 15.0221   8871.847062  x:  0.00000   0.01713   0.15323   0.34371   0.00000   0.11407   0.19696   0.00000   0.65551   0.08893   0.00448   0.49529   0.00554   0.10764   0.08265   0.11777   0.23818   0.10795   0.05355   0.17075   0.00903   0.07797   0.05357   0.04717   0.05886   0.41595   0.54694   0.00000   0.26986   0.00000   0.01134   0.07665   0.22629   0.38547   0.21794   0.16522   0.17506   0.11054   0.10886   0.01171   0.04783   0.04485   0.04091   0.04263   0.04284   0.10899   0.04944   0.06858   0.08129   0.07343   0.03809   0.03256   0.03951   0.04937   0.07560   3.35211   0.83172   0.37397   1.96038  
 49 10.7942   8871.842301  x:  0.00000   0.01705   0.15332   0.34363   0.00000   0.11380   0.19713   0.00000   0.65349   0.08911   0.00458   0.49574   0.00544   0.10742   0.08264   0.11736   0.23805   0.10783   0.05355   0.17033   0.00904   0.07782   0.05369   0.04718   0.05883   0.41654   0.54712   0.00000   0.26970   0.00000   0.01183   0.07674   0.22610   0.38544   0.21793   0.16494   0.17512   0.11020   0.10909   0.01170   0.04799   0.04474   0.04116   0.04219   0.04232   0.10908   0.04935   0.06825   0.08136   0.07327   0.03817   0.03249   0.03956   0.04933   0.07525   3.35353   0.83235   0.37456   1.95977  
 50  9.2294   8871.839015  x:  0.00000   0.01725   0.15320   0.34366   0.00000   0.11401   0.19744   0.00000   0.65189   0.08912   0.00441   0.49607   0.00557   0.10784   0.08264   0.11680   0.23796   0.10794   0.05354   0.17002   0.00904   0.07758   0.05389   0.04715   0.05871   0.41712   0.54746   0.00000   0.26920   0.00000   0.01160   0.07664   0.22609   0.38530   0.21772   0.16458   0.17487   0.10976   0.10913   0.01170   0.04774   0.04485   0.04103   0.04240   0.04242   0.10921   0.04912   0.06801   0.08124   0.07305   0.03794   0.03266   0.03945   0.04943   0.07523   3.35449   0.83317   0.37504   1.95912  
 51  5.8889   8871.837980  x:  0.00000   0.01715   0.15302   0.34371   0.00000   0.11421   0.19750   0.00000   0.65136   0.08898   0.00440   0.49609   0.00557   0.10802   0.08256   0.11660   0.23796   0.10801   0.05353   0.17003   0.00905   0.07760   0.05375   0.04713   0.05876   0.41737   0.54766   0.00000   0.26887   0.00000   0.01170   0.07658   0.22619   0.38519   0.21754   0.16448   0.17463   0.10966   0.10896   0.01170   0.04772   0.04482   0.04101   0.04226   0.04262   0.10919   0.04918   0.06825   0.08119   0.07318   0.03811   0.03251   0.03943   0.04939   0.07535   3.35477   0.83343   0.37520   1.95873  
 52  3.1837   8871.837405  x:  0.00000   0.01723   0.15288   0.34376   0.00000   0.11434   0.19745   0.00000   0.65110   0.08888   0.00446   0.49599   0.00552   0.10798   0.08248   0.11653   0.23798   0.10802   0.05352   0.17014   0.00904   0.07770   0.05366   0.04715   0.05877   0.41754   0.54784   0.00000   0.26858   0.00000   0.01167   0.07653   0.22630   0.38504   0.21737   0.16450   0.17445   0.10977   0.10884   0.01168   0.04788   0.04476   0.04111   0.04233   0.04245   0.10907   0.04915   0.06831   0.08118   0.07323   0.03800   0.03257   0.03947   0.04933   0.07539   3.35488   0.83343   0.37528   1.95828  
 53  1.9178   8871.836674  x:  0.00000   0.01722   0.15277   0.34383   0.00000   0.11440   0.19728   0.00000   0.65086   0.08892   0.00446   0.49573   0.00553   0.10779   0.08251   0.11654   0.23804   0.10797   0.05352   0.17035   0.00901   0.07777   0.05377   0.04715   0.05873   0.41779   0.54813   0.00000   0.26822   0.00000   0.01173   0.07655   0.22644   0.38480   0.21716   0.16466   0.17430   0.10998   0.10883   0.01168   0.04778   0.04480   0.04088   0.04228   0.04245   0.10896   0.04925   0.06812   0.08122   0.07316   0.03803   0.03258   0.03948   0.04938   0.07533   3.35495   0.83339   0.37523   1.95735  
 54  1.8553   8871.835751  x:  0.00000   0.01714   0.15278   0.34393   0.00000   0.11439   0.19706   0.00000   0.65067   0.08907   0.00441   0.49534   0.00560   0.10768   0.08263   0.11661   0.23811   0.10791   0.05351   0.17050   0.00903   0.07769   0.05381   0.04713   0.05874   0.41809   0.54849   0.00000   0.26796   0.00000   0.01167   0.07658   0.22654   0.38449   0.21698   0.16489   0.17430   0.11007   0.10894   0.01171   0.04770   0.04487   0.04122   0.04234   0.04258   0.10896   0.04927   0.06807   0.08125   0.07309   0.03810   0.03252   0.03943   0.04939   0.07527   3.35500   0.83345   0.37500   1.95593  
 55  3.2883   8871.833353  x:  0.00000   0.01714   0.15309   0.34411   0.00000   0.11425   0.19665   0.00000   0.65037   0.08934   0.00435   0.49440   0.00564   0.10780   0.08281   0.11674   0.23822   0.10785   0.05348   0.17050   0.00904   0.07739   0.05363   0.04713   0.05883   0.41871   0.54928   0.00000   0.26778   0.00000   0.01165   0.07664   0.22660   0.38385   0.21678   0.16536   0.17459   0.10994   0.10920   0.01168   0.04787   0.04472   0.04097   0.04229   0.04254   0.10917   0.04897   0.06842   0.08121   0.07315   0.03802   0.03256   0.03946   0.04933   0.07531   3.35505   0.83368   0.37421   1.95185  
 56  5.2515   8871.827360  x:  0.00000   0.01721   0.15357   0.34430   0.00000   0.11412   0.19639   0.00000   0.65001   0.08888   0.00456   0.49267   0.00548   0.10815   0.08231   0.11673   0.23824   0.10791   0.05338   0.16987   0.00908   0.07775   0.05379   0.04715   0.05850   0.41973   0.55061   0.00000   0.26835   0.00000   0.01166   0.07645   0.22627   0.38286   0.21683   0.16562   0.17512   0.10929   0.10869   0.01169   0.04766   0.04487   0.04106   0.04232   0.04238   0.10948   0.04935   0.06815   0.08106   0.07344   0.03797   0.03258   0.03942   0.04942   0.07543   3.35502   0.83370   0.37254   1.94091  
 57  8.2123   8871.816321  x:  0.00000   0.01725   0.15318   0.34424   0.00000   0.11440   0.19712   0.00000   0.64992   0.08840   0.00388   0.49100   0.00619   0.10789   0.08238   0.11639   0.23798   0.10812   0.05323   0.16923   0.00911   0.07802   0.05378   0.04716   0.05942   0.42075   0.55190   0.00000   0.26967   0.00000   0.01165   0.07641   0.22568   0.38229   0.21736   0.16499   0.17491   0.10939   0.10839   0.01168   0.04801   0.04469   0.04104   0.04227   0.04257   0.10908   0.04911   0.06795   0.08136   0.07276   0.03815   0.03253   0.03951   0.04927   0.07514   3.35486   0.83407   0.36997   1.92014  
 58 16.4102   8871.792483  x:  0.00000   0.01721   0.15189   0.34386   0.00000   0.11479   0.19874   0.00000   0.65018   0.08944   0.00460   0.48928   0.00541   0.10763   0.08288   0.11579   0.23748   0.10832   0.05283   0.16915   0.00920   0.07749   0.05365   0.04699   0.05820   0.42200   0.55329   0.00000   0.27158   0.00000   0.01174   0.07658   0.22506   0.38240   0.21847   0.16353   0.17390   0.11040   0.10887   0.01171   0.04774   0.04480   0.04104   0.04236   0.04270   0.10824   0.04888   0.06857   0.08159   0.07283   0.03812   0.03255   0.03948   0.04940   0.07513   3.35446   0.83575   0.36500   1.87500  
 59 45.7821   8871.747576  x:  0.00000   0.01714   0.15156   0.34323   0.00000   0.11397   0.19952   0.00000   0.65132   0.09027   0.00432   0.48978   0.00554   0.10771   0.08279   0.11569   0.23729   0.10805   0.05217   0.17098   0.00898   0.07718   0.05430   0.04828   0.05971   0.42267   0.55340   0.00000   0.27141   0.00000   0.01154   0.07683   0.22541   0.38469   0.21950   0.16278   0.17344   0.11058   0.10915   0.01157   0.04779   0.04473   0.04103   0.04235   0.04224   0.10914   0.04990   0.06783   0.08037   0.07498   0.03771   0.03256   0.03935   0.04952   0.07578   3.35362   0.84024   0.35707   1.78864  
 60 62.3046   8871.689749  x:  0.00000   0.01717   0.15237   0.34288   0.00000   0.11294   0.19927   0.00000   0.65291   0.08975   0.00384   0.49197   0.00596   0.10799   0.08249   0.11626   0.23755   0.10788   0.05133   0.17258   0.00889   0.07755   0.05393   0.04595   0.05892   0.42284   0.55258   0.00000   0.26974   0.00000   0.01143   0.07673   0.22624   0.38793   0.21993   0.16305   0.17396   0.10980   0.10841   0.01154   0.04813   0.04444   0.04108   0.04231   0.04233   0.11024   0.04953   0.06787   0.08061   0.07429   0.03785   0.03256   0.03936   0.04937   0.07541   3.35252   0.84478   0.34842   1.68045  
 61 182.2718   8871.668774  x:  0.00000   0.01722   0.15290   0.34317   0.00000   0.11323   0.19888   0.00000   0.65352   0.08951   0.00424   0.49336   0.00558   0.10806   0.08253   0.11682   0.23791   0.10816   0.05096   0.17217   0.00902   0.07793   0.05385   0.04771   0.05874   0.42270   0.55202   0.00000   0.26898   0.00000   0.01145   0.07655   0.22651   0.38891   0.21961   0.16363   0.17456   0.10950   0.10796   0.01161   0.04794   0.04475   0.04109   0.04236   0.04261   0.11000   0.04899   0.06844   0.08157   0.07328   0.03811   0.03255   0.03947   0.04948   0.07499   3.35211   0.84661   0.34528   1.64026  
 62 124.7152   8871.659244  x:  0.00000   0.01713   0.15305   0.34407   0.00000   0.11449   0.19851   0.00000   0.65386   0.08987   0.00443   0.49474   0.00536   0.10784   0.08283   0.11742   0.23837   0.10877   0.05075   0.17057   0.00909   0.07811   0.05407   0.04719   0.05930   0.42243   0.55160   0.00000   0.26894   0.00000   0.01145   0.07653   0.22642   0.38872   0.21886   0.16439   0.17511   0.10973   0.10800   0.01160   0.04776   0.04481   0.04107   0.04236   0.04251   0.10910   0.04914   0.06838   0.08184   0.07379   0.03795   0.03259   0.03942   0.04953   0.07510   3.35194   0.84780   0.34377   1.62232  
 63 30.7770   8871.657034  x:  0.00000   0.01709   0.15290   0.34458   0.00000   0.11477   0.19832   0.00000   0.65395   0.08995   0.00414   0.49536   0.00565   0.10773   0.08280   0.11745   0.23848   0.10881   0.05071   0.17018   0.00916   0.07799   0.05397   0.04740   0.05883   0.42227   0.55147   0.00000   0.26916   0.00000   0.01143   0.07662   0.22629   0.38829   0.21853   0.16461   0.17514   0.10986   0.10806   0.01158   0.04803   0.04461   0.04109   0.04235   0.04259   0.10909   0.04925   0.06822   0.08148   0.07390   0.03798   0.03255   0.03942   0.04947   0.07514   3.35190   0.84792   0.34347   1.61834  
 64 10.7175   8871.655260  x:  0.00000   0.01715   0.15254   0.34539   0.00000   0.11465   0.19801   0.00000   0.65402   0.08999   0.00425   0.49624   0.00556   0.10779   0.08267   0.11720   0.23850   0.10858   0.05069   0.17027   0.00918   0.07792   0.05399   0.04734   0.05905   0.42200   0.55136   0.00000   0.26969   0.00000   0.01145   0.07669   0.22607   0.38731   0.21818   0.16471   0.17495   0.10995   0.10803   0.01160   0.04791   0.04473   0.04109   0.04238   0.04253   0.10948   0.04921   0.06836   0.08131   0.07370   0.03801   0.03257   0.03945   0.04950   0.07511   3.35188   0.84787   0.34323   1.61553  
 65  3.9767   8871.654600  x:  0.00000   0.01714   0.15252   0.34571   0.00000   0.11455   0.19802   0.00000   0.65404   0.08991   0.00421   0.49663   0.00557   0.10781   0.08284   0.11712   0.23852   0.10856   0.05069   0.17053   0.00913   0.07805   0.05405   0.04735   0.05896   0.42188   0.55136   0.00000   0.26987   0.00000   0.01144   0.07664   0.22606   0.38679   0.21821   0.16472   0.17490   0.10986   0.10801   0.01158   0.04796   0.04467   0.04108   0.04236   0.04254   0.10948   0.04919   0.06830   0.08166   0.07386   0.03797   0.03256   0.03942   0.04949   0.07513   3.35188   0.84804   0.34302   1.61480  
 66  2.0506   8871.653769  x:  0.00000   0.01715   0.15278   0.34589   0.00000   0.11446   0.19833   0.00000   0.65402   0.08996   0.00426   0.49702   0.00552   0.10773   0.08276   0.11719   0.23857   0.10873   0.05065   0.17084   0.00912   0.07799   0.05383   0.04735   0.05901   0.42174   0.55142   0.00000   0.26981   0.00000   0.01148   0.07654   0.22620   0.38618   0.21854   0.16468   0.17494   0.10966   0.10799   0.01159   0.04792   0.04469   0.04108   0.04236   0.04260   0.10911   0.04917   0.06819   0.08148   0.07380   0.03798   0.03257   0.03943   0.04950   0.07509   3.35191   0.84800   0.34285   1.61454  
 67  0.8730   8871.652370  x:  0.00000   0.01713   0.15300   0.34584   0.00000   0.11440   0.19875   0.00000   0.65399   0.08994   0.00417   0.49741   0.00560   0.10776   0.08270   0.11736   0.23863   0.10885   0.05061   0.17080   0.00906   0.07797   0.05432   0.04734   0.05896   0.42154   0.55156   0.00000   0.26947   0.00000   0.01149   0.07666   0.22636   0.38557   0.21901   0.16464   0.17495   0.10973   0.10803   0.01158   0.04800   0.04468   0.04109   0.04236   0.04248   0.10908   0.04933   0.06859   0.08139   0.07373   0.03801   0.03257   0.03943   0.04950   0.07511   3.35197   0.84773   0.34276   1.61470  
 68  1.0430   8871.647558  x:  0.00000   0.01708   0.15308   0.34531   0.00000   0.11433   0.19953   0.00000   0.65392   0.08987   0.00423   0.49814   0.00551   0.10818   0.08290   0.11772   0.23874   0.10881   0.05047   0.17013   0.00918   0.07795   0.05393   0.04740   0.05907   0.42108   0.55203   0.00000   0.26861   0.00000   0.01158   0.07700   0.22663   0.38459   0.21990   0.16467   0.17488   0.11036   0.10819   0.01160   0.04797   0.04474   0.04112   0.04242   0.04261   0.10988   0.04918   0.06822   0.08176   0.07399   0.03801   0.03259   0.03948   0.04955   0.07527   3.35221   0.84683   0.34279   1.61605  
 69  1.9079   8871.598243  x:  0.00000   0.01703   0.15162   0.34113   0.00000   0.11529   0.19957   0.00000   0.65475   0.09130   0.00400   0.50155   0.00558   0.10765   0.08216   0.11764   0.23913   0.10808   0.04901   0.16963   0.00915   0.07996   0.05351   0.04730   0.05882   0.41912   0.55641   0.00000   0.26827   0.00000   0.01186   0.07473   0.22641   0.38430   0.22037   0.16648   0.17538   0.11057   0.10801   0.01151   0.04788   0.04474   0.04107   0.04230   0.04247   0.11128   0.04892   0.06848   0.08106   0.07329   0.03801   0.03254   0.03933   0.04955   0.07452   3.35500   0.84735   0.34252   1.63420  
 70  2.5937   8871.471751  x:  0.00000   0.01752   0.15021   0.33461   0.00000   0.11514   0.19712   0.00000   0.65666   0.08907   0.00443   0.50750   0.00497   0.10747   0.08327   0.11635   0.23933   0.10850   0.04519   0.16990   0.00926   0.07540   0.05427   0.04727   0.05895   0.41557   0.56467   0.00000   0.26835   0.00000   0.01161   0.07608   0.22475   0.38536   0.21811   0.16779   0.17640   0.10859   0.10717   0.01131   0.04815   0.04474   0.04117   0.04219   0.04291   0.10898   0.04906   0.06831   0.08142   0.07373   0.03786   0.03260   0.03913   0.04978   0.07471   3.36205   0.84403   0.34620   1.68017  
 71 32.2471   8871.331065  x:  0.00000   0.01726   0.15359   0.33722   0.00000   0.11395   0.19648   0.00000   0.65855   0.09214   0.00364   0.50923   0.00548   0.11043   0.08172   0.11705   0.23948   0.11133   0.04076   0.17094   0.00911   0.07894   0.05375   0.04743   0.05908   0.41549   0.56747   0.00000   0.26873   0.00000   0.01111   0.07978   0.22366   0.38784   0.21484   0.16441   0.17623   0.10895   0.10923   0.01122   0.04847   0.04484   0.04136   0.04232   0.04356   0.10777   0.04894   0.06859   0.08218   0.07376   0.03799   0.03273   0.03897   0.05032   0.07505   3.37003   0.84031   0.35390   1.73216  
 72 36.8238   8871.192330  x:  0.00000   0.01672   0.15663   0.34565   0.00000   0.11470   0.19893   0.00000   0.66060   0.09072   0.00398   0.50829   0.00498   0.10954   0.08407   0.11986   0.24033   0.11261   0.03643   0.17144   0.00910   0.07712   0.05409   0.04746   0.05914   0.41892   0.56551   0.00000   0.26930   0.00000   0.01156   0.07591   0.22459   0.39101   0.21527   0.16322   0.17539   0.11101   0.10841   0.01103   0.04853   0.04511   0.04150   0.04223   0.04354   0.11099   0.04898   0.06893   0.08129   0.07387   0.03791   0.03286   0.03886   0.05061   0.07380   3.37792   0.83863   0.36238   1.78369  
 73 50.7083   8871.155659  x:  0.00000   0.01705   0.15474   0.34833   0.00000   0.11456   0.19970   0.00000   0.66151   0.09111   0.00386   0.50765   0.00516   0.10912   0.08190   0.11975   0.24052   0.11144   0.03540   0.17087   0.00925   0.07623   0.05426   0.04741   0.05913   0.42165   0.56289   0.00000   0.26899   0.00000   0.01141   0.07663   0.22548   0.39165   0.21789   0.16567   0.17535   0.11011   0.10822   0.01101   0.04864   0.04511   0.04151   0.04222   0.04376   0.11059   0.04866   0.06873   0.08247   0.07368   0.03797   0.03280   0.03880   0.05055   0.07511   3.37999   0.83873   0.36441   1.79733  
 74 21.0783   8871.144873  x:  0.00000   0.01726   0.15339   0.34860   0.00000   0.11422   0.19957   0.00000   0.66201   0.09089   0.00388   0.50750   0.00505   0.10987   0.08297   0.11909   0.24050   0.11122   0.03510   0.17058   0.00928   0.07695   0.05411   0.04743   0.05913   0.42337   0.56114   0.00000   0.26858   0.00000   0.01138   0.07713   0.22569   0.39138   0.21898   0.16663   0.17575   0.10957   0.10840   0.01098   0.04863   0.04510   0.04151   0.04221   0.04373   0.10998   0.04887   0.06887   0.08177   0.07375   0.03793   0.03284   0.03880   0.05066   0.07426   3.38058   0.83849   0.36493   1.80132  
 75 10.0635   8871.139117  x:  0.00000   0.01725   0.15294   0.34736   0.00000   0.11429   0.19901   0.00000   0.66272   0.09105   0.00382   0.50773   0.00512   0.10981   0.08281   0.11819   0.24056   0.11202   0.03487   0.17066   0.00926   0.07677   0.05418   0.04743   0.05914   0.42575   0.55885   0.00000   0.26808   0.00000   0.01167   0.07644   0.22542   0.39025   0.21887   0.16604   0.17671   0.10976   0.10858   0.01098   0.04866   0.04509   0.04152   0.04223   0.04376   0.11011   0.04883   0.06884   0.08194   0.07378   0.03793   0.03284   0.03879   0.05067   0.07447   3.38087   0.83811   0.36483   1.80339  
 76  3.6706   8871.137565  x:  0.00000   0.01718   0.15328   0.34672   0.00000   0.11462   0.19909   0.00000   0.66300   0.09091   0.00388   0.50789   0.00504   0.10965   0.08276   0.11827   0.24067   0.11167   0.03484   0.17072   0.00926   0.07675   0.05410   0.04741   0.05910   0.42672   0.55803   0.00000   0.26807   0.00000   0.01158   0.07697   0.22533   0.38978   0.21856   0.16582   0.17659   0.10981   0.10829   0.01097   0.04862   0.04509   0.04150   0.04219   0.04373   0.11023   0.04879   0.06882   0.08185   0.07369   0.03792   0.03282   0.03877   0.05063   0.07436   3.38094   0.83840   0.36450   1.80396  
 77  2.4826   8871.137149  x:  0.00000   0.01720   0.15350   0.34645   0.00000   0.11453   0.19915   0.00000   0.66307   0.09092   0.00386   0.50795   0.00506   0.10975   0.08275   0.11841   0.24065   0.11141   0.03484   0.17061   0.00928   0.07673   0.05412   0.04741   0.05911   0.42701   0.55777   0.00000   0.26811   0.00000   0.01163   0.07678   0.22525   0.38965   0.21836   0.16591   0.17614   0.10970   0.10840   0.01097   0.04863   0.04508   0.04150   0.04220   0.04374   0.11009   0.04880   0.06882   0.08186   0.07371   0.03791   0.03283   0.03877   0.05064   0.07438   3.38094   0.83832   0.36446   1.80404  
 78  1.0029   8871.136820  x:  0.00000   0.01718   0.15359   0.34634   0.00000   0.11430   0.19922   0.00000   0.66308   0.09089   0.00387   0.50796   0.00504   0.10969   0.08274   0.11840   0.24045   0.11178   0.03481   0.17054   0.00926   0.07674   0.05411   0.04740   0.05910   0.42710   0.55767   0.00000   0.26816   0.00000   0.01161   0.07684   0.22522   0.38963   0.21825   0.16621   0.17582   0.10975   0.10834   0.01097   0.04862   0.04508   0.04150   0.04219   0.04373   0.11016   0.04879   0.06881   0.08184   0.07369   0.03791   0.03282   0.03876   0.05063   0.07436   3.38089   0.83840   0.36437   1.80399  
 79  0.3312   8871.129989  x:  0.00000   0.01719   0.15367   0.34623   0.00000   0.11478   0.20049   0.00000   0.66239   0.09075   0.00388   0.50730   0.00506   0.10972   0.08272   0.11841   0.23732   0.11147   0.03470   0.17099   0.00933   0.07683   0.05414   0.04739   0.05910   0.42675   0.55702   0.00000   0.26810   0.00000   0.01176   0.07681   0.22508   0.38936   0.21711   0.16710   0.17668   0.10987   0.10846   0.01106   0.04860   0.04505   0.04147   0.04227   0.04367   0.11011   0.04883   0.06880   0.08183   0.07374   0.03795   0.03279   0.03886   0.05060   0.07445   3.37960   0.83831   0.36386   1.80149  
 80  0.2388   8871.089257  x:  0.00000   0.01760   0.15127   0.34575   0.00000   0.11314   0.19799   0.00000   0.65859   0.08976   0.00394   0.50319   0.00537   0.10881   0.08244   0.12189   0.23450   0.11163   0.03364   0.16953   0.00990   0.07703   0.05401   0.04719   0.05884   0.42434   0.55438   0.00000   0.26787   0.00000   0.01164   0.07656   0.22617   0.38776   0.21708   0.16387   0.17605   0.10935   0.10812   0.01148   0.04831   0.04476   0.04115   0.04248   0.04312   0.10948   0.04888   0.06845   0.08146   0.07356   0.03806   0.03248   0.03931   0.05013   0.07459   3.37184   0.84117   0.36009   1.78650  
 81  2.7698   8871.059094  x:  0.00000   0.01757   0.15332   0.34516   0.00000   0.11481   0.19676   0.00000   0.65536   0.08956   0.00397   0.49940   0.00565   0.10813   0.08269   0.11792   0.23745   0.11155   0.03284   0.16983   0.01041   0.07737   0.05400   0.04711   0.05877   0.42151   0.55192   0.00000   0.26816   0.00000   0.01195   0.07667   0.22490   0.38723   0.21854   0.16449   0.17449   0.10978   0.10825   0.01186   0.04819   0.04459   0.04099   0.04275   0.04280   0.10938   0.04900   0.06832   0.08133   0.07362   0.03821   0.03230   0.03971   0.04992   0.07484   3.36603   0.84188   0.35814   1.77513  
 82  8.0087   8871.057034  x:  0.00000   0.01762   0.15293   0.34494   0.00000   0.11429   0.19784   0.00000   0.65502   0.08948   0.00397   0.49901   0.00565   0.10816   0.08267   0.11777   0.23880   0.11162   0.03277   0.16991   0.01041   0.07741   0.05400   0.04711   0.05878   0.42127   0.55165   0.00000   0.26853   0.00000   0.01196   0.07669   0.22532   0.38720   0.21765   0.16475   0.17493   0.10979   0.10827   0.01188   0.04818   0.04459   0.04098   0.04278   0.04278   0.10939   0.04902   0.06833   0.08134   0.07363   0.03823   0.03229   0.03975   0.04990   0.07489   3.36562   0.84184   0.35803   1.77434  
 83  1.9469   8871.050540  x:  0.00000   0.01735   0.15272   0.34468   0.00000   0.11430   0.19769   0.00000   0.65331   0.08939   0.00380   0.49681   0.00553   0.10787   0.08261   0.11762   0.23840   0.11137   0.03315   0.16976   0.01026   0.07747   0.05391   0.04714   0.05876   0.42020   0.55001   0.00000   0.26864   0.00000   0.01169   0.07652   0.22550   0.38629   0.21771   0.16450   0.17465   0.10971   0.10829   0.01157   0.04799   0.04463   0.04097   0.04244   0.04261   0.10921   0.04907   0.06823   0.08126   0.07352   0.03807   0.03234   0.03948   0.04964   0.07498   3.35971   0.84197   0.35751   1.77224  
 84  0.0091   8871.050436  x:  0.00000   0.01734   0.15277   0.34459   0.00000   0.11431   0.19763   0.00000   0.65346   0.08937   0.00378   0.49703   0.00549   0.10791   0.08260   0.11763   0.23844   0.11135   0.03312   0.16973   0.01025   0.07746   0.05390   0.04713   0.05875   0.41992   0.54996   0.00000   0.26860   0.00000   0.01170   0.07651   0.22557   0.38615   0.21763   0.16456   0.17467   0.10969   0.10831   0.01158   0.04799   0.04464   0.04097   0.04246   0.04263   0.10919   0.04905   0.06823   0.08129   0.07348   0.03807   0.03236   0.03947   0.04965   0.07497   3.35878   0.84215   0.35768   1.77169  
 85  0.0011   8871.050435  x:  0.00000   0.01734   0.15277   0.34459   0.00000   0.11431   0.19763   0.00000   0.65347   0.08937   0.00378   0.49701   0.00549   0.10792   0.08260   0.11763   0.23843   0.11135   0.03312   0.16973   0.01025   0.07745   0.05390   0.04714   0.05876   0.41993   0.54996   0.00000   0.26861   0.00000   0.01170   0.07652   0.22557   0.38615   0.21764   0.16456   0.17467   0.10970   0.10832   0.01159   0.04799   0.04464   0.04098   0.04246   0.04263   0.10920   0.04905   0.06823   0.08128   0.07348   0.03807   0.03236   0.03948   0.04965   0.07497   3.35879   0.84215   0.35766   1.77159  
 86  0.0001   8871.050435  x:  0.00000   0.01734   0.15277   0.34459   0.00000   0.11431   0.19763   0.00000   0.65347   0.08937   0.00378   0.49701   0.00549   0.10792   0.08260   0.11763   0.23843   0.11135   0.03312   0.16973   0.01025   0.07745   0.05390   0.04714   0.05876   0.41994   0.54997   0.00000   0.26861   0.00000   0.01170   0.07652   0.22557   0.38615   0.21764   0.16455   0.17467   0.10970   0.10832   0.01159   0.04799   0.04464   0.04098   0.04246   0.04263   0.10920   0.04905   0.06823   0.08128   0.07348   0.03807   0.03236   0.03948   0.04965   0.07497   3.35880   0.84215   0.35766   1.77157  