Supplemental results for CODEML (seqf: sufu.fasta  treef: sufu_tree.txt)


MLEs of dN/dS (w) for site classes (K=6)

p:   0.19839  0.19839  0.19839  0.19839  0.19839  0.00805
w:   0.00000  0.00000  0.00030  0.00495  0.05009  1.00000

Naive Empirical Bayes (NEB) probabilities for 6 classes & postmean_w
(amino acids refer to 1st sequence: Camarhynchus_parvulus)

   1 M   0.20912 0.20912 0.20885 0.20466 0.16813 0.00012 ( 1)  0.010
   2 E   0.20801 0.20801 0.20778 0.20412 0.17186 0.00021 ( 1)  0.010
   3 G   0.20649 0.20648 0.20630 0.20336 0.17696 0.00042 ( 1)  0.010
   4 V   0.00000 0.00000 0.00000 0.00005 0.04409 0.95586 ( 6)  0.958
   5 R   0.20593 0.20592 0.20575 0.20307 0.17879 0.00055 ( 1)  0.011
   6 P   0.00000 0.00008 0.00546 0.09000 0.82283 0.08163 ( 5)  0.123
   7 G   0.00000 0.00000 0.00002 0.00511 0.46063 0.53424 ( 6)  0.557
   8 G   0.20748 0.20748 0.20726 0.20386 0.17365 0.00027 ( 1)  0.010
   9 P   0.00000 0.00008 0.00547 0.09021 0.82406 0.08018 ( 5)  0.122
  10 A   0.20651 0.20650 0.20632 0.20337 0.17689 0.00041 ( 1)  0.010
  11 G   0.00000 0.00000 0.00002 0.00535 0.47919 0.51544 ( 6)  0.539
  12 F   0.20537 0.20537 0.20521 0.20278 0.18061 0.00067 ( 1)  0.011
  13 P   0.20576 0.20576 0.20559 0.20298 0.17934 0.00057 ( 1)  0.011
  14 S   0.20507 0.20507 0.20492 0.20261 0.18156 0.00077 ( 1)  0.011
  15 L   0.20450 0.20450 0.20437 0.20231 0.18335 0.00098 ( 1)  0.011
  16 F   0.20542 0.20541 0.20526 0.20280 0.18046 0.00065 ( 1)  0.011
  17 P   0.20577 0.20576 0.20560 0.20299 0.17931 0.00057 ( 1)  0.011
  18 P   0.20577 0.20576 0.20560 0.20298 0.17932 0.00057 ( 1)  0.011
  19 G   0.20735 0.20735 0.20713 0.20379 0.17409 0.00029 ( 1)  0.010
  20 L   0.20401 0.20401 0.20389 0.20203 0.18487 0.00120 ( 1)  0.012
  21 H   0.20679 0.20678 0.20659 0.20351 0.17597 0.00036 ( 1)  0.010
  22 G   0.20614 0.20614 0.20596 0.20318 0.17809 0.00050 ( 1)  0.010
  23 I   0.20603 0.20603 0.20586 0.20313 0.17845 0.00050 ( 1)  0.011
  24 Y   0.20548 0.20548 0.20532 0.20284 0.18024 0.00064 ( 1)  0.011
  25 G   0.20655 0.20655 0.20636 0.20339 0.17674 0.00041 ( 1)  0.010
  26 E   0.20803 0.20803 0.20780 0.20413 0.17179 0.00021 ( 1)  0.010
  27 C   0.20619 0.20619 0.20601 0.20321 0.17794 0.00047 ( 1)  0.010
  28 R   0.20566 0.20566 0.20550 0.20293 0.17965 0.00060 ( 1)  0.011
  29 R   0.20578 0.20578 0.20562 0.20299 0.17925 0.00057 ( 1)  0.011
  30 L   0.20467 0.20467 0.20453 0.20240 0.18282 0.00091 ( 1)  0.011
  31 Y   0.20557 0.20557 0.20541 0.20288 0.17996 0.00062 ( 1)  0.011
  32 P   0.20504 0.20504 0.20489 0.20260 0.18165 0.00078 ( 1)  0.011
  33 D   0.00000 0.00009 0.00622 0.10184 0.86965 0.02220 ( 5)  0.066
  34 Q   0.20554 0.20554 0.20538 0.20287 0.18004 0.00063 ( 1)  0.011
  35 P   0.20504 0.20504 0.20489 0.20260 0.18165 0.00078 ( 1)  0.011
  36 N   0.20783 0.20783 0.20760 0.20403 0.17248 0.00022 ( 1)  0.010
  37 P   0.20588 0.20588 0.20571 0.20304 0.17895 0.00054 ( 1)  0.011
  38 L   0.20450 0.20450 0.20437 0.20230 0.18336 0.00097 ( 1)  0.011
  39 Q   0.20554 0.20554 0.20538 0.20287 0.18004 0.00063 ( 1)  0.011
  40 V   0.20568 0.20567 0.20551 0.20294 0.17961 0.00059 ( 1)  0.011
  41 T   0.20577 0.20577 0.20560 0.20299 0.17931 0.00057 ( 1)  0.011
  42 A   0.20578 0.20578 0.20562 0.20300 0.17925 0.00057 ( 1)  0.011
  43 I   0.20615 0.20615 0.20597 0.20319 0.17806 0.00048 ( 1)  0.010
  44 L   0.20493 0.20492 0.20478 0.20254 0.18202 0.00081 ( 1)  0.011
  45 K   0.20814 0.20814 0.20790 0.20418 0.17144 0.00020 ( 1)  0.010
  46 Y   0.20565 0.20564 0.20548 0.20292 0.17971 0.00060 ( 1)  0.011
  47 W   0.20532 0.20532 0.20516 0.20275 0.18077 0.00069 ( 1)  0.011
  48 L   0.20443 0.20443 0.20430 0.20227 0.18355 0.00101 ( 1)  0.011
  49 G   0.20834 0.20833 0.20809 0.20428 0.17078 0.00018 ( 1)  0.010
  50 G   0.20793 0.20793 0.20770 0.20408 0.17214 0.00022 ( 1)  0.010
  51 P   0.20508 0.20508 0.20494 0.20262 0.18152 0.00076 ( 1)  0.011
  52 D   0.20832 0.20831 0.20807 0.20427 0.17084 0.00018 ( 1)  0.010
  53 P   0.20492 0.20491 0.20477 0.20253 0.18205 0.00081 ( 1)  0.011
  54 L   0.20471 0.20471 0.20458 0.20242 0.18269 0.00089 ( 1)  0.011
  55 D   0.20891 0.20890 0.20864 0.20456 0.16885 0.00013 ( 1)  0.010
  56 Y   0.20614 0.20614 0.20597 0.20318 0.17809 0.00048 ( 1)  0.010
  57 V   0.20571 0.20571 0.20554 0.20296 0.17950 0.00058 ( 1)  0.011
  58 S   0.20890 0.20890 0.20864 0.20455 0.16887 0.00014 ( 1)  0.010
  59 M   0.21342 0.21342 0.21301 0.20659 0.15355 0.00001 ( 1)  0.009
  60 Y   0.20837 0.20836 0.20812 0.20430 0.17069 0.00017 ( 1)  0.010
  61 R   0.21118 0.21117 0.21084 0.20560 0.16116 0.00005 ( 1)  0.009
  62 N   0.21135 0.21135 0.21101 0.20568 0.16057 0.00004 ( 1)  0.009
  63 L   0.00000 0.00000 0.00000 0.00000 0.00108 0.99892 ( 6)  0.999
  64 G   0.21031 0.21031 0.21000 0.20521 0.16410 0.00007 ( 1)  0.009
  65 N   0.21140 0.21139 0.21105 0.20571 0.16041 0.00004 ( 1)  0.009
  66 P   0.00000 0.00009 0.00629 0.10299 0.87261 0.01802 ( 5)  0.062
  67 A   0.00000 0.00010 0.00656 0.10695 0.87694 0.00945 ( 5)  0.054
  68 L   0.20625 0.20625 0.20607 0.20324 0.17774 0.00045 ( 1)  0.010
  69 N   0.21046 0.21046 0.21015 0.20528 0.16358 0.00006 ( 1)  0.009
  70 V   0.20731 0.20731 0.20709 0.20378 0.17424 0.00028 ( 1)  0.010
  71 P   0.20648 0.20648 0.20630 0.20336 0.17697 0.00040 ( 1)  0.010
  72 E   0.21189 0.21189 0.21153 0.20592 0.15874 0.00003 ( 1)  0.009
  73 H   0.21009 0.21009 0.20979 0.20511 0.16484 0.00007 ( 1)  0.009
  74 W   0.20792 0.20792 0.20769 0.20408 0.17219 0.00021 ( 1)  0.010
  75 H   0.21010 0.21009 0.20979 0.20512 0.16483 0.00007 ( 1)  0.009
  76 Y   0.20784 0.20784 0.20761 0.20404 0.17246 0.00022 ( 1)  0.010
  77 V   0.00000 0.00009 0.00632 0.10338 0.87331 0.01690 ( 5)  0.061
  78 S   0.21132 0.21132 0.21098 0.20567 0.16067 0.00004 ( 1)  0.009
  79 F   0.20735 0.20735 0.20714 0.20380 0.17409 0.00027 ( 1)  0.010
  80 G   0.21105 0.21104 0.21071 0.20555 0.16160 0.00005 ( 1)  0.009
  81 L   0.20502 0.20501 0.20487 0.20259 0.18172 0.00079 ( 1)  0.011
  82 S   0.21031 0.21031 0.21000 0.20521 0.16410 0.00007 ( 1)  0.009
  83 D   0.21146 0.21146 0.21111 0.20573 0.16020 0.00004 ( 1)  0.009
  84 L   0.20554 0.20554 0.20538 0.20287 0.18005 0.00062 ( 1)  0.011
  85 Y   0.20757 0.20757 0.20735 0.20391 0.17335 0.00025 ( 1)  0.010
  86 G   0.21031 0.21030 0.21000 0.20521 0.16411 0.00007 ( 1)  0.009
  87 D   0.21146 0.21146 0.21112 0.20574 0.16019 0.00004 ( 1)  0.009
  88 N   0.21142 0.21142 0.21107 0.20572 0.16033 0.00004 ( 1)  0.009
  89 R   0.21059 0.21058 0.21027 0.20529 0.16315 0.00012 ( 1)  0.009
  90 V   0.20945 0.20945 0.20917 0.20481 0.16702 0.00010 ( 1)  0.010
  91 H   0.20917 0.20917 0.20890 0.20468 0.16797 0.00012 ( 1)  0.010
  92 E   0.21189 0.21189 0.21153 0.20592 0.15874 0.00003 ( 1)  0.009
  93 F   0.20722 0.20722 0.20701 0.20373 0.17454 0.00028 ( 1)  0.010
  94 T   0.20968 0.20968 0.20940 0.20492 0.16622 0.00009 ( 1)  0.009
  95 G   0.21027 0.21026 0.20996 0.20519 0.16425 0.00007 ( 1)  0.009
  96 T   0.20937 0.20936 0.20909 0.20477 0.16729 0.00011 ( 1)  0.010
  97 D   0.00000 0.00010 0.00666 0.10845 0.87769 0.00710 ( 5)  0.052
  98 G   0.21027 0.21026 0.20996 0.20519 0.16425 0.00007 ( 1)  0.009
  99 P   0.20856 0.20856 0.20831 0.20439 0.17002 0.00016 ( 1)  0.010
 100 S   0.21035 0.21034 0.21004 0.20523 0.16397 0.00007 ( 1)  0.009
 101 G   0.20852 0.20851 0.20827 0.20437 0.17017 0.00016 ( 1)  0.010
 102 F   0.20770 0.20769 0.20747 0.20397 0.17294 0.00023 ( 1)  0.010
 103 G   0.21044 0.21044 0.21013 0.20527 0.16366 0.00007 ( 1)  0.009
 104 F   0.20722 0.20722 0.20701 0.20373 0.17454 0.00028 ( 1)  0.010
 105 E   0.21185 0.21184 0.21149 0.20590 0.15888 0.00003 ( 1)  0.009
 106 L   0.20598 0.20598 0.20581 0.20310 0.17862 0.00051 ( 1)  0.011
 107 T   0.20972 0.20971 0.20943 0.20494 0.16611 0.00009 ( 1)  0.009
 108 F   0.20741 0.20740 0.20719 0.20383 0.17392 0.00026 ( 1)  0.010
 109 R   0.20621 0.20620 0.20603 0.20322 0.17788 0.00047 ( 1)  0.010
 110 L   0.20620 0.20620 0.20602 0.20322 0.17790 0.00046 ( 1)  0.010
 111 K   0.21183 0.21183 0.21147 0.20590 0.15894 0.00003 ( 1)  0.009
 112 R   0.21095 0.21095 0.21062 0.20550 0.16192 0.00005 ( 1)  0.009
 113 E   0.21174 0.21173 0.21138 0.20586 0.15926 0.00003 ( 1)  0.009
 114 T   0.20980 0.20979 0.20951 0.20498 0.16584 0.00009 ( 1)  0.009
 115 G   0.21104 0.21103 0.21070 0.20554 0.16164 0.00005 ( 1)  0.009
 116 E   0.21189 0.21189 0.21153 0.20592 0.15874 0.00003 ( 1)  0.009
 117 S   0.20779 0.20779 0.20757 0.20402 0.17261 0.00022 ( 1)  0.010
 118 A   0.20942 0.20942 0.20914 0.20480 0.16711 0.00010 ( 1)  0.010
 119 P   0.20854 0.20854 0.20829 0.20438 0.17010 0.00016 ( 1)  0.010
 120 P   0.20681 0.20681 0.20662 0.20353 0.17588 0.00035 ( 1)  0.010
 121 T   0.20856 0.20855 0.20831 0.20439 0.17004 0.00016 ( 1)  0.010
 122 W   0.20792 0.20792 0.20769 0.20408 0.17219 0.00021 ( 1)  0.010
 123 P   0.20854 0.20854 0.20829 0.20438 0.17010 0.00016 ( 1)  0.010
 124 A   0.20959 0.20958 0.20930 0.20488 0.16655 0.00010 ( 1)  0.010
 125 E   0.21189 0.21188 0.21152 0.20592 0.15876 0.00003 ( 1)  0.009
 126 L   0.20516 0.20516 0.20501 0.20259 0.18089 0.00120 ( 1)  0.011
 127 M   0.21342 0.21342 0.21301 0.20659 0.15355 0.00001 ( 1)  0.009
 128 Q   0.20811 0.20810 0.20787 0.20417 0.17155 0.00019 ( 1)  0.010
 129 G   0.20971 0.20970 0.20942 0.20493 0.16614 0.00009 ( 1)  0.009
 130 L   0.20513 0.20513 0.20498 0.20265 0.18136 0.00074 ( 1)  0.011
 131 A   0.20869 0.20869 0.20844 0.20445 0.16958 0.00015 ( 1)  0.010
 132 R   0.21089 0.21089 0.21056 0.20548 0.16213 0.00005 ( 1)  0.009
 133 Y   0.20826 0.20825 0.20801 0.20424 0.17105 0.00018 ( 1)  0.010
 134 V   0.20842 0.20841 0.20817 0.20432 0.17052 0.00017 ( 1)  0.010
 135 F   0.20820 0.20820 0.20796 0.20422 0.17124 0.00018 ( 1)  0.010
 136 Q   0.20823 0.20823 0.20799 0.20423 0.17113 0.00018 ( 1)  0.010
 137 S   0.20695 0.20695 0.20675 0.20360 0.17541 0.00033 ( 1)  0.010
 138 E   0.21171 0.21170 0.21135 0.20584 0.15937 0.00003 ( 1)  0.009
 139 N   0.21142 0.21142 0.21107 0.20572 0.16033 0.00004 ( 1)  0.009
 140 T   0.20854 0.20854 0.20829 0.20438 0.17009 0.00016 ( 1)  0.010
 141 F   0.20801 0.20801 0.20778 0.20413 0.17187 0.00020 ( 1)  0.010
 142 C   0.20888 0.20887 0.20862 0.20454 0.16896 0.00013 ( 1)  0.010
 143 S   0.21137 0.21136 0.21102 0.20569 0.16052 0.00004 ( 1)  0.009
 144 G   0.20840 0.20839 0.20815 0.20431 0.17058 0.00017 ( 1)  0.010
 145 D   0.21148 0.21148 0.21113 0.20574 0.16013 0.00004 ( 1)  0.009
 146 H   0.20902 0.20902 0.20876 0.20461 0.16846 0.00012 ( 1)  0.010
 147 V   0.20961 0.20960 0.20932 0.20489 0.16648 0.00009 ( 1)  0.010
 148 S   0.20779 0.20779 0.20756 0.20402 0.17262 0.00022 ( 1)  0.010
 149 W   0.20792 0.20792 0.20769 0.20408 0.17219 0.00021 ( 1)  0.010
 150 H   0.21013 0.21013 0.20983 0.20513 0.16471 0.00007 ( 1)  0.009
 151 S   0.00000 0.00010 0.00685 0.11129 0.87757 0.00419 ( 5)  0.049
 152 P   0.20653 0.20653 0.20634 0.20338 0.17683 0.00040 ( 1)  0.010
 153 L   0.20573 0.20573 0.20557 0.20297 0.17944 0.00056 ( 1)  0.011
 154 D   0.21148 0.21148 0.21113 0.20574 0.16013 0.00004 ( 1)  0.009
 155 N   0.21142 0.21142 0.21107 0.20572 0.16033 0.00004 ( 1)  0.009
 156 S   0.21027 0.21027 0.20997 0.20520 0.16422 0.00007 ( 1)  0.009
 157 E   0.21175 0.21174 0.21139 0.20586 0.15922 0.00003 ( 1)  0.009
 158 S   0.20668 0.20668 0.20649 0.20346 0.17632 0.00037 ( 1)  0.010
 159 R   0.21003 0.21003 0.20973 0.20508 0.16505 0.00008 ( 1)  0.009
 160 I   0.20906 0.20906 0.20879 0.20463 0.16833 0.00012 ( 1)  0.010
 161 Q   0.20823 0.20823 0.20799 0.20423 0.17114 0.00018 ( 1)  0.010
 162 H   0.20941 0.20941 0.20913 0.20479 0.16715 0.00010 ( 1)  0.010
 163 M   0.21342 0.21342 0.21301 0.20659 0.15355 0.00001 ( 1)  0.009
 164 L   0.20532 0.20532 0.20516 0.20275 0.18076 0.00069 ( 1)  0.011
 165 L   0.20617 0.20617 0.20599 0.20320 0.17799 0.00047 ( 1)  0.010
 166 T   0.20964 0.20963 0.20935 0.20490 0.16639 0.00009 ( 1)  0.010
 167 E   0.21170 0.21170 0.21135 0.20584 0.15937 0.00003 ( 1)  0.009
 168 D   0.21148 0.21148 0.21113 0.20574 0.16013 0.00004 ( 1)  0.009
 169 P   0.20701 0.20700 0.20680 0.20363 0.17524 0.00032 ( 1)  0.010
 170 Q   0.20823 0.20823 0.20799 0.20423 0.17113 0.00018 ( 1)  0.010
 171 M   0.21342 0.21342 0.21301 0.20659 0.15355 0.00001 ( 1)  0.009
 172 Q   0.20823 0.20823 0.20799 0.20423 0.17113 0.00018 ( 1)  0.010
 173 P   0.20847 0.20846 0.20822 0.20435 0.17034 0.00016 ( 1)  0.010
 174 V   0.20964 0.20964 0.20935 0.20490 0.16637 0.00009 ( 1)  0.010
 175 Q   0.20821 0.20821 0.20797 0.20422 0.17121 0.00019 ( 1)  0.010
 176 T   0.20737 0.20737 0.20715 0.20381 0.17404 0.00027 ( 1)  0.010
 177 P   0.20648 0.20648 0.20630 0.20336 0.17697 0.00040 ( 1)  0.010
 178 F   0.20722 0.20722 0.20701 0.20373 0.17454 0.00028 ( 1)  0.010
 179 G   0.21107 0.21106 0.21073 0.20556 0.16154 0.00005 ( 1)  0.009
 180 V   0.20763 0.20762 0.20740 0.20394 0.17317 0.00024 ( 1)  0.010
 181 V   0.20731 0.20731 0.20710 0.20378 0.17422 0.00028 ( 1)  0.010
 182 T   0.20743 0.20743 0.20722 0.20384 0.17382 0.00026 ( 1)  0.010
 183 F   0.20820 0.20820 0.20796 0.20422 0.17124 0.00018 ( 1)  0.010
 184 L   0.20613 0.20613 0.20595 0.20318 0.17814 0.00048 ( 1)  0.010
 185 Q   0.20823 0.20823 0.20799 0.20423 0.17113 0.00018 ( 1)  0.010
 186 I   0.20796 0.20795 0.20772 0.20410 0.17207 0.00020 ( 1)  0.010
 187 V   0.20725 0.20725 0.20704 0.20375 0.17442 0.00028 ( 1)  0.010
 188 G   0.21110 0.21110 0.21077 0.20557 0.16141 0.00005 ( 1)  0.009
 189 V   0.20725 0.20725 0.20704 0.20375 0.17442 0.00028 ( 1)  0.010
 190 C   0.20909 0.20908 0.20882 0.20464 0.16824 0.00012 ( 1)  0.010
 191 T   0.20741 0.20741 0.20719 0.20383 0.17389 0.00027 ( 1)  0.010
 192 E   0.21189 0.21189 0.21153 0.20592 0.15874 0.00003 ( 1)  0.009
 193 E   0.21170 0.21170 0.21135 0.20584 0.15938 0.00003 ( 1)  0.009
 194 L   0.20626 0.20625 0.20607 0.20324 0.17772 0.00045 ( 1)  0.010
 195 H   0.20907 0.20907 0.20881 0.20464 0.16829 0.00012 ( 1)  0.010
 196 A   0.20939 0.20939 0.20911 0.20479 0.16721 0.00011 ( 1)  0.010
 197 A   0.20742 0.20742 0.20720 0.20383 0.17386 0.00026 ( 1)  0.010
 198 Q   0.20822 0.20822 0.20798 0.20423 0.17118 0.00018 ( 1)  0.010
 199 Q   0.20820 0.20819 0.20796 0.20422 0.17125 0.00019 ( 1)  0.010
 200 W   0.20792 0.20792 0.20769 0.20408 0.17219 0.00021 ( 1)  0.010
 201 N   0.21054 0.21054 0.21023 0.20532 0.16331 0.00006 ( 1)  0.009
 202 G   0.21038 0.21037 0.21006 0.20524 0.16388 0.00007 ( 1)  0.009
 203 Q   0.20810 0.20810 0.20786 0.20417 0.17157 0.00019 ( 1)  0.010
 204 G   0.21114 0.21113 0.21080 0.20559 0.16130 0.00005 ( 1)  0.009
 205 I   0.20904 0.20903 0.20877 0.20462 0.16842 0.00012 ( 1)  0.010
 206 L   0.20578 0.20578 0.20562 0.20300 0.17926 0.00056 ( 1)  0.011
 207 E   0.21176 0.21175 0.21140 0.20586 0.15919 0.00003 ( 1)  0.009
 208 L   0.20627 0.20627 0.20609 0.20325 0.17768 0.00045 ( 1)  0.010
 209 L   0.20635 0.20635 0.20617 0.20329 0.17742 0.00043 ( 1)  0.010
 210 R   0.20892 0.20892 0.20866 0.20456 0.16880 0.00014 ( 1)  0.010
 211 T   0.20742 0.20742 0.20721 0.20383 0.17385 0.00026 ( 1)  0.010
 212 I   0.00000 0.00009 0.00639 0.10451 0.87482 0.01419 ( 5)  0.059
 213 P   0.20812 0.20812 0.20788 0.20418 0.17152 0.00019 ( 1)  0.010
 214 V   0.20950 0.20950 0.20922 0.20484 0.16684 0.00010 ( 1)  0.010
 215 A   0.20739 0.20739 0.20717 0.20382 0.17397 0.00027 ( 1)  0.010
 216 G   0.21015 0.21014 0.20984 0.20514 0.16465 0.00008 ( 1)  0.009
 217 G   0.20974 0.20974 0.20945 0.20495 0.16603 0.00009 ( 1)  0.009
 218 P   0.20753 0.20752 0.20731 0.20389 0.17350 0.00025 ( 1)  0.010
 219 W   0.20792 0.20792 0.20769 0.20408 0.17219 0.00021 ( 1)  0.010
 220 L   0.20581 0.20581 0.20564 0.20301 0.17917 0.00056 ( 1)  0.011
 221 I   0.21226 0.21225 0.21188 0.20609 0.15749 0.00003 ( 1)  0.009
 222 T   0.20964 0.20964 0.20936 0.20490 0.16636 0.00009 ( 1)  0.010
 223 D   0.21055 0.21054 0.21023 0.20532 0.16331 0.00006 ( 1)  0.009
 224 M   0.21342 0.21342 0.21301 0.20659 0.15355 0.00001 ( 1)  0.009
 225 R   0.20586 0.20586 0.20569 0.20303 0.17898 0.00057 ( 1)  0.011
 226 R   0.21091 0.21091 0.21058 0.20549 0.16205 0.00005 ( 1)  0.009
 227 G   0.21028 0.21028 0.20998 0.20520 0.16419 0.00007 ( 1)  0.009
 228 E   0.21184 0.21183 0.21148 0.20590 0.15893 0.00003 ( 1)  0.009
 229 T   0.20947 0.20947 0.20919 0.20482 0.16695 0.00010 ( 1)  0.010
 230 I   0.21222 0.21221 0.21184 0.20607 0.15763 0.00003 ( 1)  0.009
 231 F   0.20743 0.20743 0.20721 0.20384 0.17384 0.00026 ( 1)  0.010
 232 E   0.21184 0.21184 0.21148 0.20590 0.15890 0.00003 ( 1)  0.009
 233 I   0.20803 0.20803 0.20780 0.20413 0.17181 0.00020 ( 1)  0.010
 234 D   0.21144 0.21144 0.21109 0.20573 0.16027 0.00004 ( 1)  0.009
 235 P   0.20855 0.20855 0.20830 0.20439 0.17006 0.00016 ( 1)  0.010
 236 H   0.20899 0.20899 0.20872 0.20460 0.16858 0.00012 ( 1)  0.010
 237 L   0.20625 0.20625 0.20607 0.20324 0.17773 0.00045 ( 1)  0.010
 238 Q   0.20819 0.20819 0.20795 0.20421 0.17126 0.00019 ( 1)  0.010
 239 E   0.21189 0.21189 0.21153 0.20592 0.15874 0.00003 ( 1)  0.009
 240 R   0.21072 0.21071 0.21039 0.20539 0.16273 0.00006 ( 1)  0.009
 241 V   0.20843 0.20843 0.20819 0.20433 0.17045 0.00016 ( 1)  0.010
 242 D   0.21140 0.21140 0.21106 0.20571 0.16039 0.00004 ( 1)  0.009
 243 K   0.21164 0.21164 0.21129 0.20582 0.15957 0.00004 ( 1)  0.009
 244 G   0.21100 0.21099 0.21066 0.20552 0.16177 0.00005 ( 1)  0.009
 245 I   0.20798 0.20798 0.20775 0.20411 0.17199 0.00020 ( 1)  0.010
 246 E   0.21189 0.21188 0.21153 0.20592 0.15875 0.00003 ( 1)  0.009
 247 T   0.20958 0.20958 0.20930 0.20488 0.16657 0.00010 ( 1)  0.010
 248 D   0.21023 0.21022 0.20992 0.20518 0.16438 0.00007 ( 1)  0.009
 249 G   0.20971 0.20970 0.20942 0.20493 0.16614 0.00009 ( 1)  0.009
 250 S   0.20697 0.20697 0.20677 0.20361 0.17535 0.00033 ( 1)  0.010
 251 N   0.21142 0.21142 0.21107 0.20572 0.16033 0.00004 ( 1)  0.009
 252 L   0.20624 0.20624 0.20606 0.20324 0.17776 0.00045 ( 1)  0.010
 253 S   0.21063 0.21062 0.21031 0.20536 0.16302 0.00006 ( 1)  0.009
 254 G   0.21016 0.21015 0.20985 0.20514 0.16463 0.00008 ( 1)  0.009
 255 V   0.20968 0.20968 0.20939 0.20492 0.16623 0.00009 ( 1)  0.009
 256 S   0.21021 0.21021 0.20991 0.20517 0.16444 0.00007 ( 1)  0.009
 257 A   0.20857 0.20856 0.20831 0.20439 0.17000 0.00016 ( 1)  0.010
 258 K   0.21169 0.21168 0.21133 0.20583 0.15943 0.00004 ( 1)  0.009
 259 C   0.20798 0.20798 0.20775 0.20411 0.17198 0.00020 ( 1)  0.010
 260 A   0.20857 0.20856 0.20831 0.20439 0.17000 0.00016 ( 1)  0.010
 261 W   0.20792 0.20792 0.20769 0.20408 0.17219 0.00021 ( 1)  0.010
 262 D   0.21052 0.21051 0.21020 0.20531 0.16339 0.00006 ( 1)  0.009
 263 D   0.21054 0.21054 0.21023 0.20532 0.16331 0.00006 ( 1)  0.009
 264 L   0.20714 0.20714 0.20693 0.20369 0.17479 0.00030 ( 1)  0.010
 265 S   0.21146 0.21146 0.21111 0.20573 0.16020 0.00004 ( 1)  0.009
 266 R   0.20892 0.20892 0.20866 0.20456 0.16880 0.00014 ( 1)  0.010
 267 P   0.20781 0.20780 0.20758 0.20402 0.17257 0.00022 ( 1)  0.010
 268 P   0.20821 0.20820 0.20796 0.20422 0.17123 0.00018 ( 1)  0.010
 269 E   0.21189 0.21189 0.21153 0.20592 0.15874 0.00003 ( 1)  0.009
 270 D   0.21026 0.21026 0.20996 0.20519 0.16426 0.00007 ( 1)  0.009
 271 D   0.21078 0.21078 0.21046 0.20543 0.16250 0.00005 ( 1)  0.009
 272 E   0.21171 0.21171 0.21136 0.20584 0.15934 0.00004 ( 1)  0.009
 273 D   0.21148 0.21148 0.21113 0.20574 0.16013 0.00004 ( 1)  0.009
 274 S   0.21148 0.21148 0.21113 0.20574 0.16013 0.00004 ( 1)  0.009
 275 R   0.21174 0.21173 0.21138 0.20586 0.15926 0.00003 ( 1)  0.009
 276 S   0.21147 0.21146 0.21112 0.20574 0.16018 0.00004 ( 1)  0.009
 277 I   0.20801 0.20801 0.20778 0.20413 0.17188 0.00020 ( 1)  0.010
 278 C   0.20912 0.20912 0.20885 0.20466 0.16812 0.00012 ( 1)  0.010
 279 I   0.20805 0.20805 0.20782 0.20415 0.17174 0.00019 ( 1)  0.010
 280 G   0.21080 0.21080 0.21048 0.20544 0.16243 0.00006 ( 1)  0.009
 281 T   0.00000 0.00000 0.00003 0.00832 0.71194 0.27971 ( 5)  0.315
 282 Q   0.20823 0.20823 0.20799 0.20423 0.17113 0.00018 ( 1)  0.010
 283 P   0.20819 0.20819 0.20795 0.20421 0.17128 0.00019 ( 1)  0.010
 284 R   0.20892 0.20892 0.20866 0.20456 0.16880 0.00014 ( 1)  0.010
 285 R   0.00000 0.00009 0.00640 0.10463 0.87468 0.01420 ( 5)  0.059
 286 L   0.20726 0.20726 0.20705 0.20376 0.17438 0.00028 ( 1)  0.010
 287 S   0.20691 0.20691 0.20671 0.20358 0.17556 0.00033 ( 1)  0.010
 288 G   0.21112 0.21111 0.21078 0.20558 0.16137 0.00005 ( 1)  0.009
 289 K   0.21165 0.21164 0.21129 0.20582 0.15956 0.00004 ( 1)  0.009
 290 D   0.21021 0.21021 0.20991 0.20517 0.16444 0.00007 ( 1)  0.009
 291 T   0.20973 0.20973 0.20944 0.20495 0.16606 0.00009 ( 1)  0.009
 292 E   0.21187 0.21187 0.21151 0.20591 0.15880 0.00003 ( 1)  0.009
 293 Q   0.20810 0.20810 0.20786 0.20417 0.17157 0.00019 ( 1)  0.010
 294 I   0.20907 0.20907 0.20880 0.20464 0.16830 0.00012 ( 1)  0.010
 295 R   0.21177 0.21176 0.21141 0.20587 0.15916 0.00003 ( 1)  0.009
 296 E   0.21189 0.21189 0.21153 0.20592 0.15874 0.00003 ( 1)  0.009
 297 T   0.20739 0.20738 0.20717 0.20382 0.17398 0.00027 ( 1)  0.010
 298 L   0.20576 0.20575 0.20559 0.20298 0.17936 0.00056 ( 1)  0.011
 299 R   0.20851 0.20851 0.20826 0.20436 0.17018 0.00017 ( 1)  0.010
 300 R   0.21091 0.21091 0.21058 0.20549 0.16205 0.00005 ( 1)  0.009
 301 G   0.21114 0.21114 0.21081 0.20559 0.16127 0.00005 ( 1)  0.009
 302 L   0.20634 0.20634 0.20616 0.20329 0.17745 0.00043 ( 1)  0.010
 303 E   0.21189 0.21188 0.21152 0.20592 0.15875 0.00003 ( 1)  0.009
 304 I   0.20797 0.20797 0.20774 0.20411 0.17201 0.00020 ( 1)  0.010
 305 N   0.21142 0.21142 0.21107 0.20572 0.16033 0.00004 ( 1)  0.009
 306 N   0.00000 0.00010 0.00685 0.11126 0.87755 0.00425 ( 5)  0.049
 307 K   0.21165 0.21165 0.21130 0.20582 0.15955 0.00004 ( 1)  0.009
 308 P   0.20648 0.20648 0.20630 0.20336 0.17697 0.00040 ( 1)  0.010
 309 V   0.20753 0.20753 0.20731 0.20389 0.17348 0.00025 ( 1)  0.010
 310 L   0.00000 0.00008 0.00585 0.09618 0.85313 0.04476 ( 5)  0.088
 311 P   0.20648 0.20648 0.20630 0.20336 0.17697 0.00040 ( 1)  0.010
 312 P   0.20855 0.20855 0.20830 0.20439 0.17006 0.00016 ( 1)  0.010
 313 I   0.21151 0.21150 0.21116 0.20575 0.16004 0.00004 ( 1)  0.009
 314 N   0.21015 0.21015 0.20985 0.20514 0.16463 0.00007 ( 1)  0.009
 315 A   0.00000 0.00009 0.00651 0.10624 0.87645 0.01071 ( 5)  0.055
 316 Q   0.20810 0.20810 0.20786 0.20417 0.17158 0.00019 ( 1)  0.010
 317 R   0.21091 0.21091 0.21058 0.20549 0.16205 0.00005 ( 1)  0.009
 318 Q   0.20823 0.20823 0.20799 0.20423 0.17114 0.00018 ( 1)  0.010
 319 N   0.21038 0.21037 0.21006 0.20524 0.16388 0.00006 ( 1)  0.009
 320 G   0.21114 0.21114 0.21081 0.20559 0.16127 0.00005 ( 1)  0.009
 321 L   0.20573 0.20573 0.20556 0.20297 0.17945 0.00056 ( 1)  0.011
 322 N   0.00000 0.00010 0.00682 0.11088 0.87766 0.00454 ( 5)  0.049
 323 L   0.00000 0.00009 0.00641 0.10477 0.87520 0.01353 ( 5)  0.058
 324 D   0.21148 0.21148 0.21113 0.20574 0.16013 0.00004 ( 1)  0.009
 325 R   0.20585 0.20585 0.20568 0.20303 0.17903 0.00055 ( 1)  0.011
 326 A   0.20967 0.20967 0.20938 0.20492 0.16627 0.00009 ( 1)  0.009
 327 P   0.20854 0.20854 0.20829 0.20438 0.17010 0.00016 ( 1)  0.010
 328 S   0.21049 0.21049 0.21018 0.20530 0.16348 0.00006 ( 1)  0.009
 329 R   0.20698 0.20697 0.20677 0.20361 0.17534 0.00033 ( 1)  0.010
 330 K   0.21083 0.21083 0.21050 0.20545 0.16233 0.00005 ( 1)  0.009
 331 D   0.21051 0.21050 0.21019 0.20530 0.16343 0.00006 ( 1)  0.009
 332 S   0.20933 0.20933 0.20906 0.20476 0.16742 0.00011 ( 1)  0.010
 333 L   0.20455 0.20455 0.20441 0.20233 0.18321 0.00095 ( 1)  0.011
 334 E   0.21072 0.21071 0.21040 0.20540 0.16271 0.00006 ( 1)  0.009
 335 S   0.21030 0.21029 0.20999 0.20521 0.16414 0.00007 ( 1)  0.009
 336 E   0.21089 0.21088 0.21056 0.20547 0.16215 0.00005 ( 1)  0.009
 337 S   0.21049 0.21049 0.21018 0.20530 0.16348 0.00006 ( 1)  0.009
 338 S   0.20632 0.20632 0.20614 0.20328 0.17750 0.00044 ( 1)  0.010
 339 A   0.20881 0.20881 0.20855 0.20451 0.16918 0.00014 ( 1)  0.010
 340 A   0.20712 0.20712 0.20691 0.20368 0.17486 0.00030 ( 1)  0.010
 341 I   0.20827 0.20826 0.20802 0.20425 0.17102 0.00018 ( 1)  0.010
 342 I   0.20727 0.20726 0.20705 0.20376 0.17438 0.00028 ( 1)  0.010
 343 P   0.20592 0.20592 0.20575 0.20307 0.17882 0.00052 ( 1)  0.011
 344 H   0.20840 0.20840 0.20816 0.20431 0.17055 0.00017 ( 1)  0.010
 345 E   0.21089 0.21088 0.21056 0.20547 0.16215 0.00005 ( 1)  0.009
 346 L   0.20564 0.20564 0.20548 0.20292 0.17974 0.00059 ( 1)  0.011
 347 I   0.00000 0.00009 0.00629 0.10294 0.87270 0.01797 ( 5)  0.062
 348 R   0.20781 0.20781 0.20758 0.20403 0.17254 0.00022 ( 1)  0.010
 349 T   0.20893 0.20892 0.20866 0.20457 0.16879 0.00013 ( 1)  0.010
 350 R   0.21007 0.21006 0.20977 0.20510 0.16492 0.00008 ( 1)  0.009
 351 Q   0.20751 0.20750 0.20729 0.20388 0.17358 0.00025 ( 1)  0.010
 352 L   0.20567 0.20567 0.20551 0.20294 0.17963 0.00058 ( 1)  0.011
 353 E   0.21086 0.21086 0.21053 0.20546 0.16224 0.00005 ( 1)  0.009
 354 S   0.21034 0.21033 0.21003 0.20523 0.16401 0.00007 ( 1)  0.009
 355 V   0.00000 0.00009 0.00637 0.10420 0.87451 0.01482 ( 5)  0.059
 356 H   0.20926 0.20925 0.20898 0.20472 0.16767 0.00011 ( 1)  0.010
 357 L   0.20568 0.20568 0.20551 0.20294 0.17961 0.00058 ( 1)  0.011
 358 K   0.21069 0.21068 0.21037 0.20538 0.16282 0.00006 ( 1)  0.009
 359 F   0.20686 0.20686 0.20666 0.20355 0.17572 0.00034 ( 1)  0.010
 360 N   0.21045 0.21045 0.21014 0.20528 0.16363 0.00006 ( 1)  0.009
 361 Q   0.20751 0.20750 0.20729 0.20388 0.17358 0.00025 ( 1)  0.010
 362 E   0.21089 0.21088 0.21056 0.20547 0.16215 0.00005 ( 1)  0.009
 363 S   0.20659 0.20658 0.20640 0.20341 0.17664 0.00038 ( 1)  0.010
 364 G   0.20939 0.20938 0.20911 0.20478 0.16724 0.00011 ( 1)  0.010
 365 A   0.20887 0.20887 0.20861 0.20454 0.16897 0.00014 ( 1)  0.010
 366 L   0.20624 0.20624 0.20606 0.20323 0.17779 0.00045 ( 1)  0.010
 367 I   0.20745 0.20745 0.20724 0.20385 0.17375 0.00026 ( 1)  0.010
 368 P   0.20694 0.20694 0.20674 0.20359 0.17546 0.00033 ( 1)  0.010
 369 L   0.20673 0.20672 0.20653 0.20348 0.17617 0.00036 ( 1)  0.010
 370 C   0.20737 0.20737 0.20716 0.20381 0.17403 0.00027 ( 1)  0.010
 371 L   0.20556 0.20556 0.20540 0.20288 0.17999 0.00061 ( 1)  0.011
 372 R   0.21077 0.21077 0.21045 0.20542 0.16254 0.00005 ( 1)  0.009
 373 G   0.20939 0.20938 0.20911 0.20478 0.16724 0.00011 ( 1)  0.010
 374 R   0.21075 0.21075 0.21043 0.20541 0.16261 0.00006 ( 1)  0.009
 375 L   0.20648 0.20648 0.20629 0.20336 0.17699 0.00040 ( 1)  0.010
 376 L   0.20439 0.20439 0.20426 0.20225 0.18370 0.00101 ( 1)  0.011
 377 H   0.20824 0.20823 0.20800 0.20424 0.17112 0.00018 ( 1)  0.010
 378 G   0.20939 0.20938 0.20911 0.20478 0.16724 0.00011 ( 1)  0.010
 379 R   0.20815 0.20814 0.20791 0.20419 0.17143 0.00019 ( 1)  0.010
 380 H   0.20926 0.20925 0.20898 0.20472 0.16767 0.00011 ( 1)  0.010
 381 F   0.20657 0.20656 0.20638 0.20340 0.17671 0.00038 ( 1)  0.010
 382 T   0.20877 0.20877 0.20851 0.20449 0.16931 0.00014 ( 1)  0.010
 383 Y   0.20662 0.20661 0.20642 0.20343 0.17654 0.00038 ( 1)  0.010
 384 K   0.21066 0.21065 0.21034 0.20537 0.16292 0.00006 ( 1)  0.009
 385 S   0.20961 0.20961 0.20933 0.20489 0.16646 0.00009 ( 1)  0.010
 386 I   0.20723 0.20722 0.20702 0.20374 0.17451 0.00029 ( 1)  0.010
 387 T   0.20881 0.20881 0.20855 0.20451 0.16919 0.00014 ( 1)  0.010
 388 G   0.20996 0.20996 0.20967 0.20505 0.16528 0.00008 ( 1)  0.009
 389 D   0.20958 0.20958 0.20929 0.20487 0.16658 0.00010 ( 1)  0.010
 390 T   0.20881 0.20881 0.20855 0.20451 0.16919 0.00014 ( 1)  0.010
 391 A   0.20881 0.20881 0.20855 0.20451 0.16918 0.00014 ( 1)  0.010
 392 I   0.20828 0.20828 0.20804 0.20426 0.17098 0.00017 ( 1)  0.010
 393 T   0.20895 0.20894 0.20868 0.20457 0.16873 0.00013 ( 1)  0.010
 394 F   0.20657 0.20656 0.20638 0.20340 0.17671 0.00038 ( 1)  0.010
 395 V   0.20868 0.20868 0.20842 0.20445 0.16962 0.00015 ( 1)  0.010
 396 S   0.20632 0.20632 0.20614 0.20328 0.17750 0.00044 ( 1)  0.010
 397 T   0.20890 0.20890 0.20864 0.20455 0.16887 0.00013 ( 1)  0.010
 398 G   0.20939 0.20938 0.20911 0.20478 0.16724 0.00011 ( 1)  0.010
 399 V   0.20866 0.20865 0.20840 0.20444 0.16971 0.00015 ( 1)  0.010
 400 E   0.21071 0.21071 0.21039 0.20540 0.16274 0.00006 ( 1)  0.009
 401 G   0.20938 0.20937 0.20910 0.20478 0.16726 0.00011 ( 1)  0.010
 402 A   0.20800 0.20799 0.20776 0.20412 0.17193 0.00020 ( 1)  0.010
 403 F   0.20657 0.20656 0.20638 0.20340 0.17671 0.00038 ( 1)  0.010
 404 A   0.20691 0.20690 0.20670 0.20357 0.17558 0.00034 ( 1)  0.010
 405 T   0.20881 0.20881 0.20855 0.20451 0.16919 0.00014 ( 1)  0.010
 406 E   0.21078 0.21077 0.21045 0.20543 0.16251 0.00005 ( 1)  0.009
 407 E   0.21089 0.21088 0.21056 0.20547 0.16215 0.00005 ( 1)  0.009
 408 H   0.20926 0.20925 0.20898 0.20472 0.16767 0.00011 ( 1)  0.010
 409 P   0.20687 0.20686 0.20667 0.20355 0.17571 0.00034 ( 1)  0.010
 410 Y   0.20657 0.20656 0.20638 0.20340 0.17670 0.00039 ( 1)  0.010
 411 A   0.20883 0.20883 0.20857 0.20452 0.16910 0.00014 ( 1)  0.010
 412 A   0.20867 0.20867 0.20841 0.20444 0.16966 0.00015 ( 1)  0.010
 413 H   0.20831 0.20831 0.20807 0.20427 0.17086 0.00017 ( 1)  0.010
 414 G   0.20939 0.20938 0.20911 0.20478 0.16724 0.00011 ( 1)  0.010
 415 P   0.20597 0.20597 0.20580 0.20309 0.17866 0.00051 ( 1)  0.011
 416 W   0.20722 0.20721 0.20701 0.20373 0.17455 0.00029 ( 1)  0.010
 417 L   0.20439 0.20439 0.20426 0.20225 0.18369 0.00101 ( 1)  0.011
 418 Q   0.20738 0.20738 0.20717 0.20381 0.17398 0.00027 ( 1)  0.010
 419 I   0.20827 0.20826 0.20803 0.20425 0.17102 0.00018 ( 1)  0.010
 420 L   0.20562 0.20562 0.20545 0.20291 0.17981 0.00060 ( 1)  0.011
 421 L   0.20519 0.20518 0.20503 0.20268 0.18120 0.00072 ( 1)  0.011
 422 T   0.20767 0.20767 0.20745 0.20396 0.17302 0.00024 ( 1)  0.010
 423 E   0.21071 0.21071 0.21039 0.20540 0.16274 0.00006 ( 1)  0.009
 424 E   0.21088 0.21088 0.21055 0.20547 0.16216 0.00005 ( 1)  0.009
 425 F   0.20722 0.20722 0.20701 0.20374 0.17452 0.00029 ( 1)  0.010
 426 V   0.20868 0.20867 0.20842 0.20445 0.16963 0.00015 ( 1)  0.010
 427 E   0.21089 0.21088 0.21056 0.20547 0.16215 0.00005 ( 1)  0.009
 428 R   0.20998 0.20998 0.20968 0.20506 0.16521 0.00008 ( 1)  0.009
 429 M   0.21230 0.21230 0.21192 0.20611 0.15735 0.00002 ( 1)  0.009
 430 L   0.20568 0.20568 0.20551 0.20294 0.17961 0.00058 ( 1)  0.011
 431 E   0.21071 0.21071 0.21039 0.20540 0.16274 0.00006 ( 1)  0.009
 432 D   0.20940 0.20940 0.20912 0.20479 0.16719 0.00010 ( 1)  0.010
 433 L   0.20445 0.20444 0.20432 0.20228 0.18352 0.00099 ( 1)  0.011
 434 E   0.21071 0.21071 0.21039 0.20540 0.16274 0.00006 ( 1)  0.009
 435 D   0.20940 0.20940 0.20912 0.20479 0.16719 0.00010 ( 1)  0.010
 436 L   0.20568 0.20568 0.20551 0.20294 0.17961 0.00058 ( 1)  0.011
 437 N   0.20942 0.20942 0.20914 0.20480 0.16711 0.00010 ( 1)  0.010
 438 S   0.20576 0.20576 0.20560 0.20299 0.17934 0.00055 ( 1)  0.011
 439 P   0.20773 0.20773 0.20750 0.20399 0.17282 0.00023 ( 1)  0.010
 440 E   0.21089 0.21088 0.21056 0.20547 0.16215 0.00005 ( 1)  0.009
 441 E   0.21072 0.21071 0.21040 0.20540 0.16272 0.00006 ( 1)  0.009
 442 F   0.20661 0.20660 0.20642 0.20342 0.17657 0.00038 ( 1)  0.010
 443 K   0.21066 0.21065 0.21034 0.20537 0.16292 0.00006 ( 1)  0.009
 444 L   0.20576 0.20576 0.20560 0.20299 0.17934 0.00055 ( 1)  0.011
 445 P   0.20774 0.20774 0.20751 0.20399 0.17279 0.00023 ( 1)  0.010
 446 K   0.21083 0.21083 0.21050 0.20545 0.16233 0.00005 ( 1)  0.009
 447 E   0.21089 0.21088 0.21056 0.20547 0.16215 0.00005 ( 1)  0.009
 448 Y   0.20764 0.20763 0.20741 0.20394 0.17314 0.00024 ( 1)  0.010
 449 S   0.21050 0.21050 0.21019 0.20530 0.16345 0.00006 ( 1)  0.009
 450 W   0.20722 0.20721 0.20701 0.20373 0.17455 0.00029 ( 1)  0.010
 451 P   0.20594 0.20593 0.20576 0.20308 0.17878 0.00052 ( 1)  0.011
 452 E   0.21071 0.21071 0.21039 0.20540 0.16274 0.00006 ( 1)  0.009
 453 K   0.21083 0.21083 0.21050 0.20545 0.16233 0.00005 ( 1)  0.009
 454 K   0.21066 0.21065 0.21034 0.20537 0.16292 0.00006 ( 1)  0.009
 455 L   0.20568 0.20568 0.20551 0.20294 0.17961 0.00058 ( 1)  0.011
 456 K   0.21066 0.21065 0.21034 0.20537 0.16292 0.00006 ( 1)  0.009
 457 V   0.20710 0.20710 0.20690 0.20368 0.17492 0.00030 ( 1)  0.010
 458 S   0.20673 0.20672 0.20653 0.20348 0.17617 0.00036 ( 1)  0.010
 459 I   0.20828 0.20828 0.20804 0.20426 0.17098 0.00017 ( 1)  0.010
 460 L   0.20519 0.20518 0.20503 0.20268 0.18120 0.00072 ( 1)  0.011
 461 P   0.20778 0.20778 0.20755 0.20401 0.17265 0.00022 ( 1)  0.010
 462 D   0.20939 0.20938 0.20911 0.20478 0.16724 0.00010 ( 1)  0.010
 463 A   0.20727 0.20727 0.20706 0.20376 0.17436 0.00028 ( 1)  0.010
 464 V   0.20884 0.20884 0.20858 0.20453 0.16907 0.00014 ( 1)  0.010
 465 F   0.20748 0.20747 0.20726 0.20386 0.17368 0.00025 ( 1)  0.010
 466 D   0.21051 0.21050 0.21019 0.20530 0.16343 0.00006 ( 1)  0.009
 467 N   0.00000 0.00010 0.00666 0.10856 0.87773 0.00695 ( 5)  0.051
 468 P   0.20789 0.20789 0.20766 0.20407 0.17228 0.00021 ( 1)  0.010
 469 L   0.20568 0.20568 0.20551 0.20294 0.17961 0.00058 ( 1)  0.011

Positively selected sites

	Prob(w>1)  mean w



lnL = -5527.769645

