

TREE # 1

  0  0.0000   6222.191500  x:  0.09883   0.09057   0.03006   0.04457   0.08560   0.09543   0.07288   0.06146   0.07797   0.04856   0.06905   0.10440   0.06537   0.06939   0.05844   0.06853   0.06342   0.06183   0.08869   0.02766   0.05794   0.03768   0.07077   0.08764   0.06403   0.01818   0.10525   0.08881   0.02997   0.09947   0.09636   0.08094   0.09070   0.04297   0.04595   0.06924   0.05042   0.02659   0.09469   0.10482   0.04913   0.06772   0.05265   0.06794   0.04271   0.10394   0.03630   0.06762   0.10130   0.09240   0.10437   0.05600   0.10561   0.06371   0.05959   2.00000   0.90000   0.40896   1.85831  
  1 99.0000   5899.727247  x:  0.05520   0.05366   0.09324   0.06235   0.05821   0.08468   0.05920   0.02744   0.13024   0.08108   0.05173   0.13711   0.04938   0.06839   0.06039   0.06250   0.09045   0.04732   0.06255   0.08151   0.02395   0.03170   0.03285   0.06331   0.04334   0.27508   0.10403   0.05801   0.13506   0.07120   0.06624   0.07133   0.08670   0.04389   0.05996   0.05234   0.08582   0.04247   0.06999   0.06042   0.01631   0.03939   0.01889   0.03788   0.01101   0.06746   0.00000   0.04201   0.06436   0.06692   0.06065   0.02693   0.06790   0.03658   0.05545   2.00773   0.90620   0.34968   1.86478  
  2 2310.8506   5819.591469  x:  0.02733   0.03062   0.10798   0.06815   0.04023   0.07723   0.05230   0.00809   0.15059   0.09057   0.04068   0.15220   0.04015   0.06713   0.06126   0.05574   0.09673   0.03873   0.04561   0.09473   0.00000   0.03045   0.01144   0.04976   0.03446   0.34619   0.10363   0.03594   0.16515   0.05012   0.04676   0.06591   0.08456   0.04423   0.06444   0.04325   0.09557   0.04457   0.05664   0.03180   0.00464   0.02637   0.00561   0.02315   0.00596   0.04632   0.08828   0.03335   0.04380   0.05350   0.03292   0.01239   0.04477   0.02360   0.05379   2.01275   0.91456   0.31134   1.86887  
  3 3444.0377   5771.971878  x:  0.01103   0.01805   0.10702   0.06901   0.02946   0.07275   0.04993   0.00000   0.15680   0.09117   0.03468   0.15801   0.03576   0.06589   0.06149   0.05073   0.09638   0.03558   0.03676   0.09424   0.00000   0.03265   0.00507   0.04321   0.03376   0.35768   0.10360   0.02170   0.16956   0.03619   0.03514   0.06317   0.08350   0.04435   0.06487   0.03935   0.09587   0.04306   0.05114   0.01511   0.02501   0.02437   0.02280   0.02065   0.01180   0.03630   0.09666   0.03045   0.03257   0.04821   0.01726   0.01196   0.03257   0.02135   0.05328   2.01584   0.92344   0.28778   1.87128  
  4 1952.6067   5771.971878  x:  0.01103   0.01805   0.10702   0.06901   0.02946   0.07275   0.04993   0.00000   0.15680   0.09117   0.03468   0.15801   0.03576   0.06589   0.06149   0.05073   0.09638   0.03558   0.03676   0.09424   0.00000   0.03265   0.00507   0.04321   0.03376   0.35768   0.10360   0.02170   0.16956   0.03619   0.03514   0.06317   0.08350   0.04435   0.06487   0.03935   0.09587   0.04306   0.05114   0.01511   0.02501   0.02437   0.02280   0.02065   0.01180   0.03630   0.09666   0.03045   0.03257   0.04821   0.01726   0.01196   0.03257   0.02135   0.05328   2.01584   0.92344   0.28778   1.87128  
  5 2667.8949   5734.152851  x:  0.00000   0.01109   0.10223   0.06855   0.02176   0.06953   0.04968   0.00059   0.15883   0.08951   0.03099   0.16052   0.03347   0.06462   0.06137   0.04683   0.09455   0.03516   0.03224   0.09024   0.00000   0.03484   0.01222   0.03997   0.03533   0.35433   0.10367   0.01084   0.16741   0.02520   0.02682   0.06142   0.08274   0.04437   0.06406   0.03759   0.09370   0.04188   0.04906   0.00327   0.01869   0.02571   0.01730   0.02249   0.01087   0.03074   0.08338   0.03002   0.02644   0.04566   0.00714   0.01703   0.02617   0.02351   0.05275   2.01824   0.93280   0.26956   1.87303  
  6 963.4351   5705.444038  x:  0.00000   0.00702   0.09657   0.06807   0.01371   0.06589   0.04978   0.00011   0.16070   0.08706   0.02664   0.16280   0.03111   0.06302   0.06090   0.04259   0.09239   0.03448   0.02739   0.08607   0.00000   0.03419   0.00480   0.03672   0.03538   0.35028   0.10374   0.00000   0.16491   0.01280   0.01802   0.05933   0.08176   0.04423   0.06292   0.03587   0.09111   0.04214   0.04735   0.00319   0.01543   0.02606   0.01481   0.02209   0.01074   0.02603   0.06762   0.02984   0.02131   0.04367   0.00032   0.01665   0.02186   0.02445   0.05133   2.02105   0.94546   0.24804   1.87501  
  7 3055.5371   5705.444038  x:  0.00000   0.00702   0.09657   0.06807   0.01371   0.06589   0.04978   0.00011   0.16070   0.08706   0.02664   0.16280   0.03111   0.06302   0.06090   0.04259   0.09239   0.03448   0.02739   0.08607   0.00000   0.03419   0.00480   0.03672   0.03538   0.35028   0.10374   0.00000   0.16491   0.01280   0.01802   0.05933   0.08176   0.04423   0.06292   0.03587   0.09111   0.04214   0.04735   0.00319   0.01543   0.02606   0.01481   0.02209   0.01074   0.02603   0.06762   0.02984   0.02131   0.04367   0.00032   0.01665   0.02186   0.02445   0.05133   2.02105   0.94546   0.24804   1.87501  
  8 8347.9208   5700.584680  x:  0.00000   0.00646   0.09456   0.06795   0.01147   0.06463   0.04992   0.00033   0.16132   0.08603   0.02504   0.16350   0.03029   0.06242   0.06061   0.04108   0.09156   0.03434   0.02627   0.08443   0.00000   0.03450   0.00807   0.03576   0.03543   0.34873   0.10370   0.00614   0.16400   0.00944   0.01537   0.05859   0.08134   0.04417   0.06241   0.03533   0.09016   0.04194   0.04652   0.00206   0.01475   0.02579   0.01426   0.02207   0.01115   0.02476   0.06169   0.02966   0.02005   0.04309   0.02776   0.01798   0.02100   0.02453   0.05082   2.02211   0.95048   0.23992   1.87573  
  9 1626.8359   5678.866045  x:  0.00000   0.00561   0.08935   0.06735   0.00575   0.06164   0.05035   0.00073   0.16279   0.08335   0.02100   0.16513   0.02830   0.06090   0.05982   0.03739   0.08950   0.03389   0.02341   0.08049   0.00000   0.03463   0.00985   0.03341   0.03531   0.34480   0.10350   0.00242   0.16156   0.00000   0.00946   0.05673   0.08027   0.04395   0.06108   0.03406   0.08775   0.04200   0.04517   0.00478   0.01355   0.02605   0.01325   0.02191   0.00951   0.02195   0.04681   0.02911   0.01758   0.04139   0.02883   0.01710   0.01791   0.02441   0.04959   2.02473   0.96216   0.21980   1.87744  
 10 857.8269   5653.125596  x:  0.00000   0.00504   0.08196   0.06646   0.00000   0.05779   0.05118   0.00133   0.16466   0.07923   0.01520   0.16711   0.02559   0.05874   0.05848   0.03233   0.08651   0.03315   0.01985   0.07505   0.00000   0.03426   0.01020   0.03037   0.03482   0.33912   0.10306   0.00456   0.15802   0.00000   0.00535   0.05423   0.07875   0.04362   0.05874   0.03295   0.08431   0.04190   0.04330   0.00042   0.01235   0.02606   0.01234   0.02142   0.00831   0.01901   0.02572   0.02828   0.01511   0.03900   0.02779   0.01574   0.01467   0.02401   0.04776   2.02845   0.97869   0.19118   1.87978  
 11 8269.7116   5653.125596  x:  0.00000   0.00504   0.08196   0.06646   0.00000   0.05779   0.05118   0.00133   0.16466   0.07923   0.01520   0.16711   0.02559   0.05874   0.05848   0.03233   0.08651   0.03315   0.01985   0.07505   0.00000   0.03426   0.01020   0.03037   0.03482   0.33912   0.10306   0.00456   0.15802   0.00000   0.00535   0.05423   0.07875   0.04362   0.05874   0.03295   0.08431   0.04190   0.04330   0.00042   0.01235   0.02606   0.01234   0.02142   0.00831   0.01901   0.02572   0.02828   0.01511   0.03900   0.02779   0.01574   0.01467   0.02401   0.04776   2.02845   0.97869   0.19118   1.87978  
 12 14714.8938   5649.057834  x:  0.00000   0.00536   0.07963   0.06595   0.00595   0.05713   0.05166   0.00141   0.16500   0.07744   0.01322   0.16733   0.02487   0.05801   0.05776   0.03094   0.08547   0.03279   0.01951   0.07345   0.00000   0.03360   0.00857   0.02978   0.03429   0.33711   0.10280   0.00255   0.15669   0.00000   0.00790   0.05355   0.07814   0.04328   0.05780   0.03265   0.08310   0.04159   0.04275   0.02801   0.01318   0.02577   0.01248   0.02098   0.00863   0.01926   0.01950   0.02789   0.01563   0.03849   0.02050   0.01507   0.01508   0.02358   0.04707   2.02967   0.98366   0.18183   1.88042  
 13 1413.5927   5628.248030  x:  0.00000   0.00510   0.07286   0.06432   0.00631   0.05404   0.05290   0.00083   0.16588   0.07190   0.00738   0.16782   0.02285   0.05578   0.05565   0.02697   0.08256   0.03184   0.01859   0.06878   0.00000   0.03196   0.00582   0.02819   0.03279   0.33112   0.10132   0.00281   0.15261   0.00000   0.01048   0.05128   0.07609   0.04214   0.05497   0.03184   0.07958   0.04040   0.04112   0.02685   0.01210   0.02432   0.01239   0.01982   0.01028   0.01936   0.00282   0.02669   0.01631   0.03635   0.00000   0.01378   0.01566   0.02255   0.04498   2.03322   0.99649   0.15495   1.88219  
 14 824.8954   5626.758646  x:  0.00000   0.00507   0.07195   0.06410   0.00635   0.05362   0.05307   0.00076   0.16599   0.07115   0.00660   0.16788   0.02258   0.05547   0.05536   0.02644   0.08217   0.03171   0.01847   0.06815   0.00000   0.03174   0.00552   0.02797   0.03258   0.33031   0.10111   0.00280   0.15205   0.00000   0.01078   0.05097   0.07581   0.04198   0.05459   0.03172   0.07910   0.04023   0.04088   0.02674   0.01197   0.02410   0.01237   0.01967   0.01051   0.01936   0.00112   0.02653   0.01639   0.03608   0.00036   0.01373   0.01576   0.02241   0.04469   2.03370   0.99821   0.15131   1.88243  
 15 1912.9381   5624.251318  x:  0.00000   0.00504   0.07100   0.06386   0.00641   0.05317   0.05325   0.00071   0.16611   0.07033   0.00578   0.16793   0.02229   0.05515   0.05505   0.02588   0.08175   0.03157   0.01835   0.06748   0.00000   0.03152   0.00529   0.02775   0.03237   0.32943   0.10088   0.00276   0.15145   0.00000   0.01105   0.05063   0.07550   0.04180   0.05419   0.03160   0.07859   0.04002   0.04061   0.02666   0.01185   0.02386   0.01233   0.01951   0.01076   0.01935   0.00122   0.02637   0.01648   0.03579   0.00038   0.01371   0.01586   0.02226   0.04439   2.03421   0.99999   0.14744   1.88268  
 16 3893.3631   5606.406126  x:  0.00000   0.00516   0.06260   0.06093   0.00621   0.04833   0.05528   0.00329   0.16674   0.06078   0.00000   0.16740   0.02038   0.05184   0.05143   0.02104   0.07793   0.03029   0.01779   0.06112   0.00000   0.03049   0.01491   0.02630   0.03055   0.31989   0.09733   0.00136   0.14439   0.00000   0.00731   0.04678   0.07143   0.03942   0.05017   0.02979   0.07337   0.03691   0.03723   0.02665   0.01229   0.02115   0.01079   0.01864   0.00711   0.01677   0.00114   0.02450   0.01424   0.03325   0.00022   0.01540   0.01446   0.02096   0.04145   2.03944   0.99999   0.11089   1.88460  
 17 3501.6092   5598.037093  x:  0.00000   0.00610   0.05726   0.05831   0.00723   0.04437   0.05790   0.00848   0.16653   0.04978   0.00000   0.16539   0.02036   0.04938   0.04776   0.01892   0.07519   0.02924   0.01677   0.05723   0.00000   0.02946   0.02042   0.02607   0.02962   0.30951   0.09232   0.01610   0.13653   0.00000   0.00000   0.04349   0.06683   0.03767   0.04744   0.02817   0.06895   0.03378   0.03458   0.02776   0.01334   0.02081   0.01079   0.01914   0.00712   0.01474   0.00130   0.02368   0.01100   0.03250   0.00022   0.01497   0.01184   0.02075   0.03963   2.04476   0.99999   0.07800   1.88552  
 18 2167.3716   5598.037093  x:  0.00000   0.00610   0.05726   0.05831   0.00723   0.04437   0.05790   0.00848   0.16653   0.04978   0.00000   0.16539   0.02036   0.04938   0.04776   0.01892   0.07519   0.02924   0.01677   0.05723   0.00000   0.02946   0.02042   0.02607   0.02962   0.30951   0.09232   0.01610   0.13653   0.00000   0.00000   0.04349   0.06683   0.03767   0.04744   0.02817   0.06895   0.03378   0.03458   0.02776   0.01334   0.02081   0.01079   0.01914   0.00712   0.01474   0.00130   0.02368   0.01100   0.03250   0.00022   0.01497   0.01184   0.02075   0.03963   2.04476   0.99999   0.07800   1.88552  
 19 4208.3328   5591.576555  x:  0.00000   0.00596   0.05712   0.05825   0.00685   0.04431   0.05797   0.00810   0.16652   0.04946   0.00000   0.16534   0.02019   0.04937   0.04767   0.01889   0.07510   0.02921   0.01672   0.05718   0.00000   0.02931   0.01937   0.02600   0.02959   0.30913   0.09218   0.01493   0.13634   0.00000   0.00178   0.04354   0.06681   0.03775   0.04750   0.02808   0.06885   0.03378   0.03459   0.02611   0.01304   0.02078   0.01086   0.01905   0.00794   0.01510   0.00791   0.02377   0.01169   0.03252   0.00859   0.01516   0.01239   0.02075   0.03961   2.04497   0.99508   0.07687   1.88555  
 20 2839.1607   5574.334900  x:  0.00000   0.00465   0.05511   0.05766   0.00241   0.04361   0.05894   0.00364   0.16649   0.04564   0.00000   0.16480   0.01835   0.04934   0.04676   0.01904   0.07396   0.02901   0.01611   0.05656   0.00000   0.02772   0.00666   0.02530   0.02928   0.30425   0.09059   0.00000   0.13390   0.00000   0.01422   0.04389   0.06637   0.03855   0.04791   0.02770   0.06772   0.03462   0.03557   0.00550   0.00968   0.02170   0.01177   0.01814   0.01130   0.01877   0.01011   0.02434   0.01772   0.03202   0.00344   0.01350   0.01613   0.02081   0.03948   2.04765   0.99015   0.05868   1.88607  
 21 777.6848   5572.730944  x:  0.00000   0.00447   0.05478   0.05758   0.00187   0.04349   0.05910   0.00295   0.16649   0.04500   0.00000   0.16471   0.01805   0.04934   0.04661   0.01907   0.07377   0.02899   0.01602   0.05645   0.00000   0.02747   0.00464   0.02520   0.02923   0.30341   0.09033   0.00062   0.13347   0.00035   0.01614   0.04394   0.06629   0.03867   0.04797   0.02765   0.06753   0.03475   0.03573   0.00205   0.00920   0.02184   0.01190   0.01799   0.01180   0.01932   0.01042   0.02442   0.01864   0.03194   0.00266   0.01326   0.01671   0.02081   0.03946   2.04811   0.98938   0.05563   1.88615  
 22 2853.5765   5572.362692  x:  0.00000   0.00458   0.05468   0.05756   0.00210   0.04347   0.05918   0.00295   0.16651   0.04479   0.00000   0.16468   0.01800   0.04936   0.04656   0.01910   0.07370   0.02902   0.01607   0.05638   0.00000   0.02752   0.00471   0.02520   0.02923   0.30304   0.09027   0.00061   0.13328   0.00000   0.01613   0.04391   0.06624   0.03867   0.04795   0.02768   0.06747   0.03478   0.03573   0.00171   0.00939   0.02184   0.01186   0.01798   0.01171   0.01928   0.01021   0.02440   0.01859   0.03194   0.00284   0.01335   0.01671   0.02080   0.03945   2.04832   0.98935   0.05466   1.88618  
 23 417.2490   5571.158893  x:  0.00000   0.00497   0.05375   0.05740   0.00263   0.04314   0.05987   0.00282   0.16669   0.04284   0.00000   0.16446   0.01746   0.04947   0.04610   0.01939   0.07311   0.02923   0.01633   0.05581   0.00000   0.02773   0.00422   0.02516   0.02921   0.29970   0.08958   0.00077   0.13153   0.00000   0.01695   0.04373   0.06580   0.03869   0.04777   0.02799   0.06691   0.03498   0.03584   0.00374   0.01022   0.02191   0.01167   0.01787   0.01116   0.01913   0.00937   0.02432   0.01851   0.03194   0.00312   0.01376   0.01686   0.02067   0.03939   2.05017   0.98824   0.04698   1.88636  
 24 821.9331   5570.363407  x:  0.00000   0.00424   0.05228   0.05720   0.00140   0.04239   0.06113   0.00409   0.16719   0.03977   0.00000   0.16412   0.01674   0.04979   0.04537   0.01994   0.07206   0.02952   0.01667   0.05481   0.00000   0.02835   0.00682   0.02526   0.02922   0.29326   0.08841   0.00075   0.12832   0.00000   0.01649   0.04335   0.06506   0.03851   0.04724   0.02859   0.06605   0.03502   0.03586   0.00347   0.00944   0.02185   0.01148   0.01789   0.01019   0.01840   0.00918   0.02414   0.01735   0.03191   0.00180   0.01385   0.01617   0.02049   0.03926   2.05375   0.98498   0.04546   1.88647  
 25 210.1798   5568.606693  x:  0.00000   0.00425   0.04901   0.05685   0.00251   0.04094   0.06464   0.00631   0.16870   0.03202   0.00000   0.16334   0.01501   0.05088   0.04363   0.02176   0.06939   0.03000   0.01665   0.05275   0.00000   0.02908   0.00462   0.02543   0.02923   0.27540   0.08569   0.00038   0.11990   0.00000   0.01504   0.04259   0.06337   0.03824   0.04602   0.02998   0.06409   0.03524   0.03593   0.00387   0.00839   0.02179   0.01158   0.01810   0.00957   0.01751   0.00544   0.02407   0.01528   0.03202   0.00328   0.01397   0.01519   0.02038   0.03908   2.06379   0.98212   0.04714   1.88668  
 26 468.4869   5566.747507  x:  0.00000   0.00618   0.04618   0.05678   0.00418   0.03954   0.06916   0.00744   0.17092   0.02389   0.00000   0.16260   0.01298   0.05261   0.04176   0.02443   0.06627   0.03045   0.01677   0.05097   0.00000   0.02981   0.00404   0.02569   0.02950   0.25172   0.08280   0.00010   0.10985   0.00000   0.01331   0.04214   0.06179   0.03818   0.04505   0.03103   0.06240   0.03576   0.03626   0.00406   0.01134   0.02219   0.01192   0.01839   0.01020   0.01792   0.00937   0.02450   0.01523   0.03229   0.00191   0.01368   0.01506   0.02067   0.03916   2.07739   0.98482   0.04887   1.88697  
 27 704.9600   5565.143959  x:  0.00000   0.00466   0.04478   0.05690   0.00194   0.03824   0.07312   0.00737   0.17314   0.01934   0.00000   0.16205   0.01098   0.05422   0.04027   0.02683   0.06357   0.03044   0.01679   0.05009   0.00000   0.02992   0.00591   0.02567   0.02972   0.22881   0.08047   0.00033   0.10152   0.00000   0.01408   0.04217   0.06087   0.03829   0.04471   0.03104   0.06150   0.03572   0.03649   0.00411   0.01005   0.02243   0.01203   0.01827   0.01129   0.01917   0.01002   0.02486   0.01723   0.03239   0.00395   0.01330   0.01617   0.02093   0.03928   2.09089   0.99016   0.04930   1.88727  
 28 843.4286   5563.365943  x:  0.00000   0.00368   0.04600   0.05701   0.00465   0.03756   0.07680   0.00761   0.17596   0.02352   0.00000   0.16159   0.00983   0.05564   0.03916   0.02924   0.06092   0.02938   0.01618   0.05067   0.00000   0.02873   0.00448   0.02475   0.02934   0.19905   0.07917   0.00056   0.09452   0.00000   0.01537   0.04241   0.06067   0.03813   0.04508   0.02909   0.06182   0.03502   0.03611   0.00371   0.00716   0.02187   0.01072   0.01747   0.00912   0.01855   0.01165   0.02408   0.01797   0.03186   0.00295   0.01316   0.01587   0.02033   0.03907   2.10952   0.99052   0.04906   1.88768  
 29 487.1589   5562.131715  x:  0.00000   0.00548   0.04787   0.05705   0.00204   0.03710   0.07835   0.00642   0.17789   0.02812   0.00000   0.16136   0.01051   0.05602   0.03921   0.03040   0.05960   0.02848   0.01607   0.05167   0.00000   0.02781   0.00411   0.02415   0.02900   0.17693   0.07890   0.00076   0.09180   0.00000   0.01674   0.04259   0.06105   0.03795   0.04563   0.02760   0.06267   0.03462   0.03569   0.00351   0.01058   0.02154   0.01113   0.01728   0.00942   0.01805   0.01029   0.02357   0.01751   0.03141   0.00305   0.01313   0.01551   0.01996   0.03882   2.12440   0.98903   0.04956   1.88799  
 30 717.4119   5561.244115  x:  0.00000   0.00470   0.04960   0.05706   0.00394   0.03787   0.07750   0.00367   0.17899   0.03056   0.00000   0.16141   0.01349   0.05518   0.04078   0.03067   0.06000   0.02830   0.01705   0.05283   0.00000   0.02805   0.00627   0.02452   0.02911   0.16057   0.08021   0.00050   0.09375   0.00000   0.01701   0.04258   0.06199   0.03793   0.04633   0.02763   0.06384   0.03446   0.03554   0.00411   0.01023   0.02185   0.01262   0.01817   0.01193   0.01827   0.00976   0.02394   0.01626   0.03147   0.00308   0.01340   0.01557   0.02041   0.03876   2.13780   0.98865   0.04971   1.88826  
 31 371.1602   5560.533511  x:  0.00000   0.00476   0.05050   0.05708   0.00209   0.03861   0.07508   0.00478   0.17947   0.03097   0.00000   0.16161   0.01555   0.05355   0.04275   0.03046   0.06165   0.02857   0.01769   0.05349   0.00000   0.02895   0.00537   0.02524   0.02947   0.14893   0.08200   0.00031   0.09789   0.00000   0.01464   0.04229   0.06291   0.03783   0.04678   0.02867   0.06470   0.03462   0.03548   0.00407   0.00897   0.02183   0.01139   0.01856   0.01058   0.01787   0.01059   0.02430   0.01553   0.03191   0.00349   0.01430   0.01563   0.02086   0.03893   2.15040   0.99002   0.04909   1.88851  
 32 311.0507   5559.940537  x:  0.00000   0.00351   0.04970   0.05677   0.00252   0.03947   0.07118   0.00451   0.17908   0.02831   0.00000   0.16169   0.01424   0.05135   0.04385   0.02992   0.06396   0.02855   0.01745   0.05299   0.00000   0.02950   0.00496   0.02534   0.02965   0.14015   0.08387   0.00043   0.10313   0.00000   0.01401   0.04202   0.06349   0.03788   0.04671   0.02947   0.06462   0.03494   0.03568   0.00393   0.01018   0.02180   0.01100   0.01756   0.00920   0.01874   0.01011   0.02448   0.01776   0.03217   0.00330   0.01306   0.01623   0.02058   0.03908   2.16532   0.98881   0.04941   1.88878  
 33 226.5386   5559.645462  x:  0.00000   0.00552   0.04902   0.05660   0.00264   0.03981   0.06926   0.00488   0.17866   0.02715   0.00175   0.16176   0.01296   0.05052   0.04389   0.02964   0.06512   0.02841   0.01724   0.05246   0.00000   0.02943   0.00519   0.02510   0.02962   0.13679   0.08461   0.00052   0.10560   0.00000   0.01439   0.04202   0.06357   0.03794   0.04649   0.02948   0.06431   0.03531   0.03585   0.00392   0.00918   0.02187   0.01148   0.01734   0.00972   0.01894   0.00997   0.02441   0.01814   0.03215   0.00318   0.01276   0.01606   0.02033   0.03911   2.17425   0.98848   0.04944   1.88895  
 34 318.2882   5559.099996  x:  0.00000   0.00454   0.04729   0.05632   0.00227   0.04007   0.06672   0.00464   0.17736   0.02663   0.00226   0.16193   0.00941   0.05031   0.04261   0.02932   0.06706   0.02809   0.01700   0.05123   0.00000   0.02858   0.00457   0.02432   0.02931   0.13402   0.08531   0.00058   0.10872   0.00000   0.01520   0.04227   0.06312   0.03778   0.04568   0.02866   0.06322   0.03521   0.03607   0.00375   0.00927   0.02197   0.01209   0.01827   0.01128   0.01759   0.01066   0.02380   0.01541   0.03177   0.00305   0.01432   0.01437   0.02005   0.03904   2.19392   0.98944   0.04935   1.88931  
 35 229.7700   5557.447018  x:  0.00000   0.00510   0.04399   0.05578   0.00296   0.04012   0.06456   0.00354   0.17266   0.02857   0.00382   0.16277   0.00925   0.05350   0.03779   0.02837   0.07069   0.02769   0.01750   0.04855   0.00000   0.02671   0.00648   0.02345   0.02848   0.13462   0.08508   0.00034   0.11239   0.00000   0.01847   0.04316   0.06038   0.03685   0.04349   0.02644   0.05991   0.03410   0.03565   0.00430   0.01020   0.02121   0.00895   0.01859   0.00767   0.01603   0.01089   0.02264   0.01415   0.03058   0.00389   0.01343   0.01678   0.02089   0.03850   2.26246   0.99163   0.05091   1.89053  
 36 314.5339   5552.732775  x:  0.00000   0.00440   0.04002   0.05523   0.00216   0.03898   0.06358   0.00666   0.15880   0.03347   0.00090   0.16498   0.01736   0.06232   0.02985   0.02568   0.07797   0.02825   0.01750   0.04504   0.00000   0.02765   0.00513   0.02478   0.02803   0.14050   0.08244   0.00042   0.11595   0.00000   0.01431   0.04355   0.05259   0.03413   0.04017   0.02664   0.05338   0.03166   0.03406   0.00404   0.00969   0.02099   0.01768   0.01618   0.00784   0.01885   0.01135   0.02381   0.01739   0.03009   0.00408   0.01136   0.01474   0.02067   0.03731   2.48766   0.99184   0.05030   1.89458  
 37 1183.7859   5550.948702  x:  0.00000   0.00490   0.04059   0.05529   0.00208   0.03878   0.06381   0.00585   0.15655   0.03326   0.00000   0.16515   0.01770   0.06311   0.03048   0.02536   0.07842   0.02835   0.01728   0.04537   0.00000   0.02803   0.00499   0.02489   0.02822   0.14219   0.08184   0.00048   0.11567   0.00000   0.01379   0.04351   0.05210   0.03433   0.04039   0.02731   0.05335   0.03192   0.03418   0.00398   0.00938   0.02126   0.01604   0.01644   0.00890   0.01908   0.01116   0.02404   0.01763   0.03034   0.00383   0.01197   0.01473   0.02049   0.03736   2.53205   0.99118   0.05042   1.89537  
 38 2317.9099   5546.443568  x:  0.00000   0.00068   0.04620   0.05637   0.00247   0.03825   0.06686   0.00812   0.14982   0.03190   0.00884   0.16539   0.01784   0.06278   0.03753   0.02492   0.07633   0.02852   0.01644   0.04945   0.00000   0.02850   0.00426   0.02454   0.02897   0.15405   0.07908   0.00049   0.11095   0.00000   0.01455   0.04332   0.05429   0.03701   0.04342   0.02899   0.05723   0.03316   0.03505   0.00381   0.01173   0.02160   0.01462   0.01780   0.00970   0.01820   0.01094   0.02392   0.01608   0.03139   0.00353   0.01201   0.01426   0.01992   0.03821   2.72628   0.99039   0.05077   1.89889  
 39 3475.5583   5543.379971  x:  0.00000   0.00208   0.05012   0.05708   0.00248   0.03871   0.06779   0.00667   0.14834   0.03028   0.00683   0.16478   0.01288   0.05822   0.04245   0.02526   0.07329   0.02886   0.01691   0.05271   0.00000   0.02846   0.00507   0.02465   0.02922   0.16159   0.07902   0.00036   0.10797   0.00000   0.01596   0.04279   0.05900   0.03833   0.04586   0.02896   0.06184   0.03323   0.03540   0.00401   0.01101   0.02078   0.01971   0.01736   0.00400   0.01699   0.01108   0.02341   0.01475   0.03176   0.00406   0.01085   0.01342   0.02043   0.03898   2.85590   0.99106   0.05153   1.90123  
 40 2837.4661   5541.854099  x:  0.00000   0.00229   0.05008   0.05717   0.00296   0.03960   0.06771   0.01029   0.15192   0.03117   0.00423   0.16397   0.00962   0.05157   0.04275   0.02607   0.06970   0.02895   0.01781   0.05331   0.00000   0.02763   0.00591   0.02487   0.02843   0.16622   0.08090   0.00019   0.10624   0.00000   0.01445   0.04185   0.06365   0.03728   0.04614   0.02646   0.06487   0.03257   0.03473   0.00436   0.01108   0.01922   0.01939   0.01428   0.00677   0.01616   0.01087   0.02263   0.01509   0.03091   0.00425   0.00833   0.01526   0.02142   0.03895   2.92715   0.99117   0.05137   1.90253  
 41 1282.5224   5540.881262  x:  0.00000   0.00232   0.04813   0.05703   0.00320   0.04054   0.06767   0.01167   0.15806   0.03121   0.00372   0.16318   0.01036   0.04528   0.04111   0.02702   0.06554   0.02843   0.01804   0.05259   0.00000   0.02658   0.00629   0.02482   0.02761   0.16990   0.08325   0.00018   0.10502   0.00000   0.01422   0.04111   0.06749   0.03598   0.04556   0.02418   0.06659   0.03220   0.03411   0.00454   0.01140   0.01964   0.01956   0.01534   0.00672   0.01782   0.01058   0.02261   0.01714   0.02992   0.00395   0.01282   0.01619   0.02156   0.03850   2.97483   0.99062   0.05185   1.90341  
 42 927.1948   5540.177595  x:  0.00000   0.00243   0.04563   0.05691   0.00253   0.04125   0.06746   0.01006   0.16638   0.03064   0.00368   0.16239   0.01336   0.04152   0.03905   0.02822   0.06142   0.02777   0.01764   0.05123   0.00000   0.02637   0.00561   0.02456   0.02759   0.17263   0.08580   0.00030   0.10467   0.00000   0.01432   0.04071   0.07006   0.03545   0.04484   0.02457   0.06704   0.03217   0.03382   0.00426   0.01111   0.02064   0.01874   0.01796   0.00640   0.01784   0.01080   0.02314   0.01585   0.02980   0.00407   0.01008   0.01491   0.02080   0.03804   3.00717   0.99072   0.05155   1.90404  
 43 481.5266   5539.818277  x:  0.00000   0.00235   0.04459   0.05679   0.00222   0.04141   0.06691   0.00851   0.17426   0.03093   0.00442   0.16167   0.01398   0.04277   0.03849   0.02943   0.05908   0.02783   0.01744   0.05050   0.00000   0.02723   0.00544   0.02443   0.02821   0.17452   0.08757   0.00030   0.10525   0.00000   0.01458   0.04079   0.07053   0.03607   0.04468   0.02623   0.06642   0.03272   0.03444   0.00420   0.01106   0.02046   0.01855   0.01469   0.00631   0.01724   0.01087   0.02332   0.01522   0.03049   0.00405   0.01082   0.01418   0.02054   0.03804   3.02323   0.99077   0.05168   1.90438  
 44 212.5306   5539.512161  x:  0.00000   0.00233   0.04506   0.05659   0.00224   0.04112   0.06601   0.00892   0.18438   0.03164   0.00450   0.16073   0.01199   0.04671   0.03908   0.03086   0.05794   0.02854   0.01774   0.05042   0.00000   0.02811   0.00543   0.02464   0.02861   0.17631   0.08912   0.00027   0.10661   0.00000   0.01382   0.04107   0.06951   0.03673   0.04479   0.02682   0.06519   0.03307   0.03504   0.00425   0.01114   0.02004   0.01902   0.01664   0.00637   0.01740   0.01050   0.02305   0.01614   0.03103   0.00397   0.01065   0.01509   0.02102   0.03838   3.03777   0.98999   0.05156   1.90472  
 45 167.1244   5539.411211  x:  0.00000   0.00237   0.04652   0.05662   0.00234   0.04084   0.06638   0.00936   0.18891   0.03021   0.00412   0.16054   0.01206   0.04774   0.03962   0.03081   0.05899   0.02833   0.01768   0.05117   0.00000   0.02710   0.00552   0.02474   0.02802   0.17685   0.08886   0.00027   0.10759   0.00000   0.01398   0.04144   0.06805   0.03648   0.04496   0.02546   0.06492   0.03258   0.03445   0.00427   0.01112   0.02084   0.01881   0.01618   0.00628   0.01795   0.01044   0.02324   0.01576   0.03034   0.00396   0.01052   0.01461   0.02085   0.03845   3.04261   0.98985   0.05148   1.90487  
 46 66.9642   5539.377770  x:  0.00000   0.00240   0.04700   0.05670   0.00245   0.04062   0.06722   0.00951   0.19086   0.02967   0.00390   0.16069   0.01224   0.04726   0.03928   0.03016   0.06008   0.02816   0.01739   0.05160   0.00000   0.02705   0.00552   0.02460   0.02805   0.17698   0.08806   0.00028   0.10814   0.00000   0.01434   0.04151   0.06719   0.03637   0.04514   0.02572   0.06507   0.03262   0.03433   0.00426   0.01113   0.02006   0.01902   0.01630   0.00641   0.01723   0.01046   0.02320   0.01579   0.03034   0.00387   0.01070   0.01502   0.02083   0.03834   3.04426   0.98985   0.05150   1.90495  
 47 33.7659   5539.362962  x:  0.00000   0.00239   0.04699   0.05677   0.00252   0.04044   0.06796   0.00947   0.19187   0.02996   0.00399   0.16094   0.01186   0.04676   0.03896   0.02949   0.06087   0.02831   0.01746   0.05169   0.00000   0.02727   0.00557   0.02453   0.02821   0.17708   0.08728   0.00027   0.10843   0.00000   0.01431   0.04145   0.06688   0.03644   0.04517   0.02598   0.06530   0.03273   0.03444   0.00428   0.01116   0.02033   0.01889   0.01629   0.00636   0.01762   0.01043   0.02298   0.01582   0.03053   0.00392   0.01063   0.01476   0.02085   0.03830   3.04492   0.98986   0.05153   1.90502  
 48 21.4559   5539.358046  x:  0.00000   0.00238   0.04673   0.05678   0.00249   0.04041   0.06827   0.00925   0.19219   0.03006   0.00411   0.16119   0.01175   0.04677   0.03911   0.02919   0.06117   0.02841   0.01753   0.05153   0.00000   0.02726   0.00551   0.02468   0.02815   0.17711   0.08689   0.00027   0.10848   0.00000   0.01408   0.04139   0.06703   0.03649   0.04509   0.02578   0.06544   0.03275   0.03455   0.00427   0.01113   0.02047   0.01895   0.01625   0.00633   0.01749   0.01043   0.02325   0.01579   0.03050   0.00390   0.01062   0.01493   0.02090   0.03837   3.04512   0.98981   0.05152   1.90508  
 49  9.3413   5539.353335  x:  0.00000   0.00241   0.04645   0.05678   0.00250   0.04047   0.06842   0.00921   0.19240   0.03006   0.00409   0.16160   0.01179   0.04698   0.03942   0.02900   0.06143   0.02837   0.01745   0.05132   0.00000   0.02721   0.00553   0.02471   0.02808   0.17712   0.08661   0.00027   0.10850   0.00000   0.01407   0.04137   0.06745   0.03647   0.04506   0.02571   0.06554   0.03268   0.03452   0.00427   0.01113   0.02015   0.01890   0.01629   0.00635   0.01757   0.01043   0.02315   0.01587   0.03043   0.00391   0.01061   0.01471   0.02085   0.03842   3.04534   0.98982   0.05151   1.90519  
 50  6.4330   5539.343197  x:  0.00000   0.00245   0.04630   0.05679   0.00256   0.04060   0.06839   0.00950   0.19262   0.02997   0.00387   0.16255   0.01187   0.04733   0.03956   0.02888   0.06176   0.02827   0.01742   0.05118   0.00000   0.02723   0.00554   0.02451   0.02817   0.17707   0.08635   0.00028   0.10844   0.00000   0.01428   0.04140   0.06820   0.03634   0.04514   0.02598   0.06556   0.03258   0.03435   0.00426   0.01117   0.02054   0.01897   0.01627   0.00638   0.01757   0.01042   0.02289   0.01571   0.03045   0.00389   0.01065   0.01500   0.02083   0.03837   3.04588   0.98979   0.05153   1.90550  
 51  7.2196   5539.302795  x:  0.00000   0.00243   0.04708   0.05696   0.00263   0.04061   0.06784   0.00965   0.19292   0.02971   0.00385   0.16570   0.01169   0.04770   0.03856   0.02898   0.06206   0.02833   0.01771   0.05162   0.00000   0.02730   0.00559   0.02433   0.02837   0.17714   0.08619   0.00028   0.10810   0.00000   0.01421   0.04151   0.06940   0.03625   0.04528   0.02591   0.06524   0.03281   0.03434   0.00429   0.01122   0.02054   0.01874   0.01636   0.00640   0.01727   0.01031   0.02379   0.01603   0.03070   0.00389   0.01066   0.01449   0.02088   0.03809   3.04771   0.98965   0.05155   1.90687  
 52 11.5246   5539.233525  x:  0.00000   0.00238   0.04788   0.05713   0.00251   0.04033   0.06732   0.00910   0.19307   0.02945   0.00409   0.16959   0.01159   0.04753   0.03780   0.02924   0.06183   0.02845   0.01722   0.05212   0.00000   0.02737   0.00549   0.02491   0.02811   0.17727   0.08642   0.00029   0.10768   0.00000   0.01329   0.04147   0.06943   0.03646   0.04521   0.02562   0.06476   0.03308   0.03472   0.00426   0.01111   0.01996   0.01876   0.01628   0.00636   0.01803   0.01036   0.02302   0.01528   0.03059   0.00383   0.01069   0.01512   0.02086   0.03819   3.05078   0.98946   0.05150   1.90926  
 53 31.9747   5539.014070  x:  0.00000   0.00258   0.04751   0.05698   0.00263   0.03977   0.06724   0.00908   0.19295   0.03003   0.00385   0.17673   0.01141   0.04602   0.03969   0.02979   0.06019   0.02894   0.01686   0.05204   0.00000   0.02717   0.00575   0.02542   0.02759   0.17754   0.08787   0.00030   0.10741   0.00000   0.01272   0.04137   0.06591   0.03708   0.04480   0.02617   0.06420   0.03252   0.03482   0.00433   0.01123   0.02107   0.01856   0.01634   0.00656   0.01637   0.01041   0.02180   0.01644   0.02988   0.00398   0.01075   0.01441   0.02064   0.03917   3.06076   0.98971   0.05175   1.91693  
 54 45.9110   5538.719334  x:  0.00000   0.00285   0.04620   0.05665   0.00290   0.03980   0.06781   0.01015   0.19244   0.03074   0.00317   0.18156   0.01099   0.04505   0.04229   0.03033   0.05861   0.02865   0.01797   0.05145   0.00000   0.02729   0.00585   0.02421   0.02839   0.17770   0.08930   0.00038   0.10761   0.00000   0.01289   0.04153   0.06197   0.03694   0.04465   0.02646   0.06469   0.03249   0.03431   0.00433   0.01154   0.01993   0.01809   0.01632   0.00644   0.01801   0.01043   0.02419   0.01488   0.03061   0.00396   0.01088   0.01475   0.02096   0.03912   3.07446   0.98981   0.05209   1.92734  
 55 113.2166   5537.484023  x:  0.00000   0.00317   0.04611   0.05650   0.00284   0.04211   0.07071   0.01000   0.18932   0.03018   0.00313   0.17919   0.01061   0.04807   0.04184   0.03196   0.05781   0.02454   0.01731   0.05050   0.00000   0.02931   0.00614   0.02360   0.02972   0.17905   0.09038   0.00051   0.10983   0.00000   0.00679   0.04260   0.05961   0.03469   0.04562   0.02404   0.07035   0.03503   0.03382   0.00447   0.01170   0.02088   0.01661   0.01650   0.00674   0.01672   0.01066   0.02262   0.01496   0.03317   0.00424   0.01115   0.01405   0.02021   0.03466   3.12786   0.98994   0.05288   1.96871  
 56 118.7900   5536.575065  x:  0.00000   0.00373   0.04681   0.05661   0.00328   0.04321   0.07285   0.01126   0.18626   0.02971   0.00247   0.17418   0.01118   0.05069   0.03999   0.03269   0.05770   0.02574   0.01815   0.05026   0.00000   0.03007   0.00630   0.02540   0.02912   0.17999   0.09054   0.00074   0.11192   0.00689   0.00311   0.04302   0.05985   0.03478   0.04603   0.02430   0.07385   0.03585   0.03448   0.00451   0.01228   0.02109   0.01468   0.01681   0.00725   0.01616   0.01082   0.02201   0.01408   0.03295   0.00434   0.01174   0.01311   0.02022   0.03432   3.18286   0.99004   0.05395   2.01106  
 57 825.5806   5535.314267  x:  0.00000   0.00440   0.04774   0.05671   0.00395   0.04195   0.07343   0.01275   0.18381   0.02976   0.00158   0.16748   0.01244   0.05193   0.03766   0.03184   0.05810   0.02984   0.01879   0.05079   0.00000   0.02892   0.00659   0.02545   0.02809   0.18061   0.08951   0.00097   0.11325   0.00439   0.00000   0.04302   0.06251   0.03769   0.04772   0.02617   0.07304   0.03442   0.03540   0.00455   0.01287   0.02070   0.01294   0.01712   0.00780   0.01634   0.01101   0.02258   0.01292   0.03068   0.00437   0.01242   0.01250   0.02026   0.03846   3.23021   0.99017   0.05495   2.04736  
 58 817.7535   5534.888839  x:  0.00000   0.00469   0.04788   0.05711   0.00475   0.03895   0.07193   0.01431   0.18313   0.03046   0.00020   0.16399   0.01375   0.05091   0.03886   0.02995   0.05821   0.02884   0.01693   0.05132   0.00000   0.03128   0.00703   0.02660   0.02915   0.18074   0.08787   0.00104   0.11321   0.00469   0.00003   0.04203   0.06435   0.04013   0.04818   0.02345   0.06800   0.03504   0.03636   0.00466   0.01330   0.02111   0.01224   0.01723   0.00795   0.01608   0.01115   0.02289   0.01225   0.03236   0.00452   0.01257   0.01204   0.02020   0.03941   3.25018   0.99081   0.05552   2.06229  
 59 229.9244   5534.884416  x:  0.00000   0.00469   0.04788   0.05712   0.00475   0.03892   0.07191   0.01430   0.18313   0.03047   0.00020   0.16396   0.01375   0.05089   0.03889   0.02994   0.05822   0.02882   0.01696   0.05133   0.00000   0.03126   0.00703   0.02658   0.02915   0.18074   0.08785   0.00104   0.11319   0.00470   0.00000   0.04202   0.06436   0.04014   0.04818   0.02345   0.06795   0.03505   0.03636   0.00466   0.01330   0.02111   0.01224   0.01723   0.00795   0.01607   0.01115   0.02289   0.01225   0.03236   0.00452   0.01257   0.01204   0.02020   0.03939   3.25030   0.99082   0.05552   2.06238  
 60 101.7743   5534.884416  x:  0.00000   0.00469   0.04788   0.05712   0.00475   0.03892   0.07191   0.01430   0.18313   0.03047   0.00020   0.16396   0.01375   0.05089   0.03889   0.02994   0.05822   0.02882   0.01696   0.05133   0.00000   0.03126   0.00703   0.02658   0.02915   0.18074   0.08785   0.00104   0.11319   0.00470   0.00000   0.04202   0.06436   0.04014   0.04818   0.02345   0.06795   0.03505   0.03636   0.00466   0.01330   0.02111   0.01224   0.01723   0.00795   0.01607   0.01115   0.02289   0.01225   0.03236   0.00452   0.01257   0.01204   0.02020   0.03939   3.25030   0.99082   0.05552   2.06238  
 61 15.2673   5534.654066  x:  0.00000   0.00474   0.04790   0.05712   0.00472   0.03892   0.07189   0.01415   0.18311   0.03045   0.00000   0.16396   0.01372   0.05090   0.03891   0.02994   0.05824   0.02881   0.01697   0.05134   0.00000   0.03123   0.00699   0.02654   0.02914   0.18074   0.08784   0.00126   0.11320   0.00469   0.00005   0.04203   0.06435   0.04012   0.04820   0.02347   0.06793   0.03504   0.03634   0.00443   0.01323   0.02112   0.01220   0.01724   0.00797   0.01610   0.01097   0.02290   0.01233   0.03235   0.00443   0.01260   0.01211   0.02019   0.03938   3.25031   0.99087   0.05546   2.06238  
 62 483.3923   5533.604128  x:  0.00000   0.00532   0.04811   0.05707   0.00424   0.03889   0.07165   0.01214   0.18285   0.03024   0.00000   0.16389   0.01333   0.05096   0.03924   0.02986   0.05855   0.02863   0.01710   0.05150   0.00000   0.03077   0.00645   0.02611   0.02910   0.18067   0.08769   0.00035   0.11325   0.00400   0.00053   0.04211   0.06424   0.03992   0.04840   0.02371   0.06765   0.03493   0.03612   0.00176   0.01234   0.02123   0.01164   0.01744   0.00820   0.01640   0.00859   0.02310   0.01318   0.03218   0.00344   0.01304   0.01297   0.02018   0.03926   3.25045   0.99159   0.05479   2.06239  
 63 862.4229   5533.145224  x:  0.00000   0.00534   0.04844   0.05701   0.00383   0.03889   0.07129   0.00928   0.18240   0.02996   0.00000   0.16379   0.01295   0.05104   0.03975   0.02973   0.05904   0.02839   0.01726   0.05170   0.00000   0.03016   0.00617   0.02552   0.02903   0.18056   0.08744   0.00028   0.11332   0.00320   0.00106   0.04220   0.06404   0.03958   0.04862   0.02412   0.06720   0.03462   0.03571   0.00334   0.01163   0.02129   0.01116   0.01762   0.00853   0.01662   0.00619   0.02330   0.01378   0.03200   0.00362   0.01365   0.01370   0.02012   0.03906   3.25070   0.99225   0.05411   2.06240  
 64 281.1918   5532.912345  x:  0.00000   0.00450   0.04889   0.05690   0.00387   0.03900   0.07074   0.00611   0.18168   0.02985   0.00000   0.16364   0.01285   0.05111   0.04047   0.02947   0.05977   0.02812   0.01735   0.05191   0.00000   0.02949   0.00668   0.02487   0.02894   0.18034   0.08701   0.00033   0.11336   0.00273   0.00189   0.04226   0.06370   0.03904   0.04871   0.02478   0.06648   0.03404   0.03510   0.00304   0.01159   0.02116   0.01122   0.01767   0.00882   0.01653   0.00712   0.02340   0.01356   0.03176   0.00448   0.01403   0.01363   0.01998   0.03876   3.25113   0.99212   0.05393   2.06240  
 65 140.2730   5532.827790  x:  0.00000   0.00499   0.04929   0.05680   0.00417   0.03916   0.07025   0.00523   0.18100   0.03023   0.00000   0.16352   0.01310   0.05112   0.04107   0.02922   0.06047   0.02800   0.01724   0.05208   0.00000   0.02909   0.00680   0.02458   0.02887   0.18011   0.08660   0.00030   0.11334   0.00236   0.00270   0.04226   0.06340   0.03858   0.04858   0.02536   0.06584   0.03378   0.03472   0.00327   0.01188   0.02108   0.01142   0.01762   0.00854   0.01638   0.00746   0.02337   0.01325   0.03162   0.00351   0.01386   0.01329   0.01991   0.03857   3.25158   0.99196   0.05404   2.06240  
 66 90.2625   5532.687551  x:  0.00000   0.00538   0.05032   0.05655   0.00480   0.03957   0.06881   0.00560   0.17895   0.03192   0.00000   0.16322   0.01427   0.05100   0.04263   0.02844   0.06251   0.02792   0.01678   0.05249   0.00000   0.02837   0.00677   0.02423   0.02876   0.17938   0.08535   0.00046   0.11316   0.00054   0.00440   0.04219   0.06255   0.03736   0.04782   0.02693   0.06413   0.03313   0.03392   0.00307   0.01238   0.02084   0.01169   0.01747   0.00839   0.01620   0.00695   0.02325   0.01276   0.03140   0.00422   0.01360   0.01294   0.01990   0.03817   3.25302   0.99201   0.05436   2.06239  
 67 96.6481   5532.613216  x:  0.00000   0.00468   0.05073   0.05648   0.00465   0.03979   0.06782   0.00601   0.17751   0.03292   0.00000   0.16302   0.01486   0.05080   0.04331   0.02791   0.06373   0.02806   0.01660   0.05267   0.00000   0.02833   0.00686   0.02437   0.02874   0.17885   0.08454   0.00045   0.11294   0.00012   0.00604   0.04211   0.06213   0.03685   0.04691   0.02797   0.06327   0.03296   0.03384   0.00316   0.01211   0.02088   0.01148   0.01748   0.00854   0.01634   0.00713   0.02324   0.01313   0.03141   0.00401   0.01357   0.01320   0.01996   0.03810   3.25410   0.99228   0.05437   2.06239  
 68 120.7557   5532.604423  x:  0.00000   0.00467   0.05075   0.05648   0.00462   0.03980   0.06774   0.00601   0.17740   0.03298   0.00000   0.16300   0.01489   0.05077   0.04333   0.02787   0.06381   0.02809   0.01660   0.05268   0.00000   0.02836   0.00687   0.02439   0.02875   0.17881   0.08449   0.00046   0.11291   0.00000   0.00609   0.04210   0.06211   0.03684   0.04681   0.02803   0.06323   0.03297   0.03386   0.00317   0.01209   0.02089   0.01146   0.01748   0.00855   0.01635   0.00717   0.02324   0.01316   0.03142   0.00399   0.01358   0.01322   0.01996   0.03810   3.25419   0.99227   0.05437   2.06239  
 69 116.4368   5532.604423  x:  0.00000   0.00467   0.05075   0.05648   0.00462   0.03980   0.06774   0.00601   0.17740   0.03298   0.00000   0.16300   0.01489   0.05077   0.04333   0.02787   0.06381   0.02809   0.01660   0.05268   0.00000   0.02836   0.00687   0.02439   0.02875   0.17881   0.08449   0.00046   0.11291   0.00000   0.00609   0.04210   0.06211   0.03684   0.04681   0.02803   0.06323   0.03297   0.03386   0.00317   0.01209   0.02089   0.01146   0.01748   0.00855   0.01635   0.00717   0.02324   0.01316   0.03142   0.00399   0.01358   0.01322   0.01996   0.03810   3.25419   0.99227   0.05437   2.06239  
 70 108.3835   5531.946798  x:  0.00000   0.00481   0.05074   0.05649   0.00468   0.03980   0.06772   0.00593   0.17737   0.03297   0.00000   0.16300   0.01483   0.05076   0.04332   0.02787   0.06382   0.02809   0.01661   0.05268   0.00000   0.02836   0.00681   0.02440   0.02875   0.17880   0.08449   0.00278   0.11291   0.00017   0.00616   0.04210   0.06211   0.03685   0.04679   0.02803   0.06324   0.03301   0.03389   0.00285   0.01200   0.02091   0.01142   0.01750   0.00856   0.01638   0.00706   0.02326   0.01325   0.03142   0.00380   0.01360   0.01330   0.01997   0.03811   3.25421   0.99232   0.05432   2.06239  
 71 985.8549   5531.828564  x:  0.00000   0.00508   0.05072   0.05650   0.00459   0.03979   0.06768   0.00576   0.17732   0.03294   0.00000   0.16298   0.01471   0.05075   0.04328   0.02786   0.06384   0.02810   0.01664   0.05268   0.00000   0.02838   0.00670   0.02440   0.02875   0.17878   0.08449   0.00278   0.11290   0.00000   0.00625   0.04210   0.06213   0.03688   0.04676   0.02802   0.06327   0.03308   0.03394   0.00231   0.01185   0.02094   0.01133   0.01754   0.00859   0.01644   0.00686   0.02329   0.01344   0.03142   0.00346   0.01365   0.01347   0.01998   0.03813   3.25426   0.99238   0.05423   2.06239  
 72 174.7482   5531.753449  x:  0.00000   0.00562   0.05065   0.05652   0.00429   0.03976   0.06750   0.00514   0.17706   0.03286   0.00000   0.16293   0.01426   0.05068   0.04313   0.02782   0.06392   0.02814   0.01677   0.05267   0.00000   0.02846   0.00639   0.02443   0.02877   0.17869   0.08446   0.00279   0.11287   0.00000   0.00681   0.04211   0.06219   0.03699   0.04656   0.02803   0.06338   0.03328   0.03411   0.00290   0.01143   0.02105   0.01105   0.01767   0.00876   0.01664   0.00641   0.02340   0.01404   0.03145   0.00310   0.01395   0.01407   0.02001   0.03821   3.25450   0.99258   0.05390   2.06239  
 73 102.8219   5531.732473  x:  0.00000   0.00548   0.05058   0.05655   0.00417   0.03975   0.06734   0.00485   0.17680   0.03283   0.00000   0.16289   0.01394   0.05061   0.04300   0.02778   0.06400   0.02817   0.01686   0.05265   0.00000   0.02854   0.00636   0.02446   0.02879   0.17859   0.08445   0.00279   0.11283   0.00000   0.00711   0.04210   0.06223   0.03707   0.04636   0.02806   0.06348   0.03334   0.03422   0.00275   0.01129   0.02105   0.01098   0.01773   0.00894   0.01671   0.00654   0.02346   0.01427   0.03146   0.00354   0.01418   0.01436   0.02001   0.03827   3.25475   0.99254   0.05376   2.06240  
 74 54.9185   5531.718205  x:  0.00000   0.00511   0.05046   0.05658   0.00418   0.03976   0.06706   0.00475   0.17634   0.03282   0.00000   0.16283   0.01359   0.05051   0.04281   0.02770   0.06416   0.02822   0.01694   0.05260   0.00000   0.02867   0.00646   0.02449   0.02880   0.17840   0.08444   0.00277   0.11273   0.00000   0.00730   0.04206   0.06229   0.03716   0.04603   0.02813   0.06365   0.03340   0.03436   0.00275   0.01135   0.02105   0.01103   0.01778   0.00897   0.01670   0.00678   0.02350   0.01430   0.03147   0.00325   0.01430   0.01443   0.01999   0.03835   3.25524   0.99236   0.05368   2.06240  
 75 35.0622   5531.690578  x:  0.00000   0.00534   0.05019   0.05669   0.00440   0.03984   0.06627   0.00509   0.17479   0.03289   0.00000   0.16265   0.01310   0.05024   0.04237   0.02748   0.06470   0.02831   0.01701   0.05246   0.00000   0.02892   0.00648   0.02455   0.02884   0.17775   0.08444   0.00271   0.11241   0.00000   0.00726   0.04192   0.06246   0.03734   0.04511   0.02832   0.06416   0.03363   0.03461   0.00273   0.01163   0.02095   0.01121   0.01778   0.00889   0.01657   0.00642   0.02351   0.01401   0.03151   0.00337   0.01440   0.01425   0.01994   0.03854   3.25698   0.99228   0.05358   2.06240  
 76 38.1258   5531.666034  x:  0.00000   0.00548   0.05000   0.05677   0.00435   0.03993   0.06560   0.00529   0.17307   0.03289   0.00000   0.16249   0.01336   0.05007   0.04217   0.02725   0.06521   0.02830   0.01691   0.05236   0.00000   0.02892   0.00620   0.02453   0.02884   0.17700   0.08442   0.00265   0.11207   0.00000   0.00698   0.04184   0.06257   0.03740   0.04455   0.02846   0.06458   0.03369   0.03465   0.00276   0.01135   0.02097   0.01099   0.01772   0.00882   0.01663   0.00689   0.02349   0.01407   0.03153   0.00339   0.01414   0.01414   0.01996   0.03861   3.25914   0.99269   0.05364   2.06240  
 77 51.2983   5531.635367  x:  0.00000   0.00509   0.04984   0.05681   0.00412   0.04003   0.06496   0.00512   0.17075   0.03285   0.00000   0.16228   0.01416   0.04999   0.04221   0.02698   0.06576   0.02822   0.01680   0.05229   0.00000   0.02875   0.00644   0.02446   0.02880   0.17597   0.08437   0.00258   0.11167   0.00000   0.00692   0.04186   0.06263   0.03732   0.04441   0.02849   0.06488   0.03354   0.03448   0.00276   0.01111   0.02109   0.01087   0.01766   0.00882   0.01677   0.00642   0.02343   0.01427   0.03149   0.00343   0.01384   0.01418   0.02002   0.03853   3.26243   0.99271   0.05400   2.06240  
 78 70.5614   5531.600802  x:  0.00000   0.00554   0.04987   0.05676   0.00417   0.04018   0.06452   0.00478   0.16812   0.03304   0.00000   0.16203   0.01494   0.04998   0.04255   0.02679   0.06617   0.02811   0.01680   0.05232   0.00000   0.02846   0.00662   0.02439   0.02875   0.17475   0.08433   0.00246   0.11129   0.00000   0.00742   0.04199   0.06260   0.03712   0.04493   0.02834   0.06488   0.03340   0.03422   0.00274   0.01158   0.02120   0.01123   0.01772   0.00893   0.01673   0.00670   0.02342   0.01425   0.03142   0.00338   0.01406   0.01432   0.02002   0.03831   3.26685   0.99257   0.05412   2.06240  
 79 80.6563   5531.569318  x:  0.00000   0.00520   0.05007   0.05664   0.00445   0.04028   0.06448   0.00488   0.16614   0.03365   0.00000   0.16182   0.01493   0.04997   0.04303   0.02682   0.06628   0.02811   0.01691   0.05248   0.00000   0.02837   0.00619   0.02442   0.02874   0.17372   0.08434   0.00237   0.11109   0.00000   0.00758   0.04209   0.06248   0.03692   0.04577   0.02814   0.06452   0.03326   0.03414   0.00272   0.01153   0.02103   0.01107   0.01779   0.00887   0.01653   0.00655   0.02347   0.01402   0.03141   0.00332   0.01449   0.01430   0.01995   0.03818   3.27145   0.99279   0.05367   2.06240  
 80 74.1891   5531.536872  x:  0.00000   0.00542   0.05040   0.05649   0.00432   0.04024   0.06468   0.00493   0.16461   0.03440   0.00000   0.16163   0.01437   0.04988   0.04348   0.02697   0.06609   0.02816   0.01708   0.05263   0.00000   0.02862   0.00666   0.02453   0.02878   0.17277   0.08434   0.00231   0.11104   0.00000   0.00709   0.04206   0.06228   0.03683   0.04648   0.02800   0.06392   0.03328   0.03424   0.00280   0.01113   0.02080   0.01084   0.01774   0.00892   0.01656   0.00666   0.02350   0.01407   0.03145   0.00334   0.01440   0.01424   0.01990   0.03820   3.27696   0.99246   0.05355   2.06241  
 81 86.0714   5531.491822  x:  0.00000   0.00525   0.05077   0.05639   0.00395   0.04013   0.06522   0.00478   0.16360   0.03495   0.00000   0.16147   0.01378   0.04966   0.04382   0.02731   0.06545   0.02808   0.01701   0.05275   0.00000   0.02893   0.00622   0.02457   0.02883   0.17177   0.08436   0.00227   0.11128   0.00000   0.00679   0.04193   0.06211   0.03708   0.04662   0.02806   0.06316   0.03345   0.03451   0.00280   0.01164   0.02091   0.01140   0.01764   0.00901   0.01687   0.00660   0.02347   0.01442   0.03153   0.00341   0.01374   0.01430   0.02001   0.03844   3.28555   0.99271   0.05394   2.06241  
 82 86.5535   5531.340513  x:  0.00000   0.00525   0.05140   0.05643   0.00456   0.04004   0.06707   0.00475   0.16262   0.03510   0.00000   0.16120   0.01401   0.04896   0.04408   0.02845   0.06295   0.02769   0.01698   0.05268   0.00000   0.02936   0.00677   0.02437   0.02892   0.16921   0.08453   0.00210   0.11251   0.00000   0.00789   0.04159   0.06189   0.03821   0.04531   0.02849   0.06155   0.03406   0.03508   0.00269   0.01154   0.02166   0.01069   0.01763   0.00830   0.01677   0.00662   0.02326   0.01413   0.03159   0.00350   0.01367   0.01420   0.02019   0.03912   3.31626   0.99341   0.05502   2.06240  
 83 163.2542   5531.132872  x:  0.00000   0.00533   0.05150   0.05657   0.00433   0.03971   0.06866   0.00470   0.16256   0.03429   0.00000   0.16096   0.01496   0.04836   0.04382   0.02970   0.06027   0.02746   0.01704   0.05242   0.00000   0.02884   0.00573   0.02408   0.02884   0.16636   0.08466   0.00201   0.11395   0.00000   0.00735   0.04123   0.06174   0.03869   0.04356   0.02872   0.06067   0.03432   0.03511   0.00275   0.01079   0.02169   0.01093   0.01781   0.00925   0.01647   0.00662   0.02338   0.01367   0.03148   0.00335   0.01446   0.01387   0.01996   0.03925   3.35941   0.99192   0.05472   2.06243  
 84 458.5128   5530.824293  x:  0.00000   0.00519   0.05112   0.05682   0.00363   0.03927   0.06974   0.00508   0.16359   0.03287   0.00000   0.16077   0.01564   0.04816   0.04304   0.03118   0.05782   0.02765   0.01763   0.05203   0.00000   0.02814   0.00693   0.02415   0.02878   0.16306   0.08482   0.00196   0.11564   0.00000   0.00615   0.04117   0.06179   0.03832   0.04228   0.02866   0.06093   0.03396   0.03450   0.00278   0.01146   0.02078   0.01157   0.01795   0.00938   0.01640   0.00656   0.02367   0.01431   0.03133   0.00321   0.01505   0.01433   0.01970   0.03877   3.42336   0.99292   0.05239   2.06249  
 85 840.5099   5530.201259  x:  0.00000   0.00553   0.04974   0.05710   0.00409   0.03890   0.06921   0.00598   0.16725   0.03076   0.00000   0.16052   0.01366   0.04912   0.04107   0.03302   0.05652   0.02798   0.01760   0.05162   0.00000   0.02752   0.00602   0.02467   0.02859   0.15847   0.08504   0.00189   0.11773   0.00000   0.00691   0.04200   0.06229   0.03631   0.04338   0.02787   0.06371   0.03226   0.03284   0.00272   0.01227   0.01912   0.01026   0.01733   0.00764   0.01686   0.00665   0.02349   0.01511   0.03116   0.00342   0.01351   0.01518   0.01978   0.03717   3.55309   0.99164   0.05315   2.06255  
 86 1007.2174   5529.630645  x:  0.00000   0.00564   0.04863   0.05717   0.00460   0.03887   0.06781   0.00592   0.17122   0.02966   0.00000   0.16053   0.01172   0.05066   0.03994   0.03362   0.05752   0.02810   0.01706   0.05161   0.00000   0.02824   0.00651   0.02489   0.02863   0.15578   0.08511   0.00191   0.11862   0.00000   0.00741   0.04274   0.06276   0.03512   0.04575   0.02753   0.06645   0.03152   0.03259   0.00273   0.01091   0.02046   0.01109   0.01739   0.01019   0.01700   0.00652   0.02332   0.01368   0.03125   0.00316   0.01323   0.01416   0.02004   0.03658   3.67563   0.99319   0.05485   2.06258  
 87 1822.8885   5529.074444  x:  0.00000   0.00550   0.04844   0.05686   0.00347   0.03898   0.06606   0.00482   0.17519   0.03021   0.00000   0.16098   0.01222   0.05220   0.04064   0.03197   0.06108   0.02785   0.01641   0.05212   0.00000   0.02953   0.00627   0.02417   0.02880   0.15603   0.08471   0.00214   0.11751   0.00000   0.00574   0.04259   0.06282   0.03605   0.04788   0.02800   0.06779   0.03270   0.03436   0.00279   0.01105   0.02240   0.01141   0.01804   0.00799   0.01601   0.00662   0.02309   0.01404   0.03144   0.00342   0.01557   0.01376   0.02002   0.03790   3.79270   0.99287   0.05569   2.06263  
 88 1218.0092   5528.591020  x:  0.00000   0.00529   0.04908   0.05642   0.00421   0.03964   0.06486   0.00543   0.17835   0.03234   0.00000   0.16174   0.01424   0.05270   0.04234   0.02886   0.06540   0.02772   0.01701   0.05267   0.00000   0.02968   0.00631   0.02363   0.02892   0.15891   0.08416   0.00231   0.11500   0.00000   0.00657   0.04200   0.06258   0.03796   0.04819   0.02828   0.06717   0.03443   0.03593   0.00272   0.01202   0.02179   0.01022   0.01772   0.00950   0.01676   0.00655   0.02345   0.01451   0.03155   0.00337   0.01406   0.01435   0.01979   0.03947   3.89689   0.99178   0.05426   2.06271  
 89 1178.0328   5528.352091  x:  0.00000   0.00535   0.04983   0.05626   0.00444   0.04001   0.06465   0.00422   0.17912   0.03355   0.00000   0.16225   0.01436   0.05183   0.04315   0.02693   0.06750   0.02781   0.01726   0.05271   0.00000   0.02879   0.00636   0.02413   0.02881   0.16221   0.08388   0.00243   0.11301   0.00000   0.00743   0.04164   0.06232   0.03824   0.04692   0.02801   0.06564   0.03434   0.03529   0.00268   0.01061   0.02044   0.01182   0.01745   0.00850   0.01674   0.00656   0.02343   0.01390   0.03144   0.00347   0.01316   0.01417   0.01983   0.03933   3.94752   0.99196   0.05390   2.06274  
 90 725.1842   5528.159851  x:  0.00000   0.00546   0.05045   0.05622   0.00401   0.04014   0.06480   0.00338   0.17883   0.03449   0.00000   0.16276   0.01368   0.05020   0.04348   0.02556   0.06881   0.02798   0.01685   0.05250   0.00000   0.02791   0.00642   0.02476   0.02858   0.16656   0.08369   0.00258   0.11091   0.00000   0.00711   0.04140   0.06200   0.03742   0.04516   0.02769   0.06371   0.03339   0.03391   0.00267   0.01145   0.02042   0.01072   0.01754   0.00899   0.01665   0.00652   0.02340   0.01369   0.03125   0.00328   0.01395   0.01374   0.01995   0.03834   3.98735   0.99246   0.05470   2.06275  
 91 527.6988   5528.090096  x:  0.00000   0.00549   0.05049   0.05631   0.00427   0.04014   0.06504   0.00456   0.17802   0.03459   0.00000   0.16301   0.01359   0.04939   0.04329   0.02554   0.06884   0.02808   0.01657   0.05235   0.00000   0.02815   0.00645   0.02455   0.02852   0.16934   0.08368   0.00263   0.11003   0.00000   0.00714   0.04151   0.06189   0.03676   0.04483   0.02784   0.06304   0.03287   0.03365   0.00266   0.01115   0.02115   0.01116   0.01772   0.00906   0.01659   0.00653   0.02335   0.01437   0.03124   0.00322   0.01432   0.01448   0.01991   0.03789   4.00255   0.99237   0.05495   2.06276  
 92 241.7770   5527.996259  x:  0.00000   0.00556   0.05011   0.05665   0.00436   0.03987   0.06553   0.00422   0.17547   0.03316   0.00000   0.16337   0.01371   0.04877   0.04250   0.02653   0.06767   0.02824   0.01664   0.05220   0.00000   0.02923   0.00631   0.02374   0.02865   0.17513   0.08374   0.00272   0.10911   0.00000   0.00707   0.04199   0.06186   0.03612   0.04555   0.02856   0.06292   0.03263   0.03432   0.00265   0.01126   0.02130   0.01098   0.01757   0.00893   0.01646   0.00653   0.02319   0.01395   0.03142   0.00331   0.01370   0.01436   0.01970   0.03785   4.02266   0.99226   0.05437   2.06278  
 93 142.9372   5527.954305  x:  0.00000   0.00551   0.04983   0.05673   0.00395   0.03959   0.06570   0.00478   0.17391   0.03270   0.00000   0.16350   0.01369   0.04929   0.04229   0.02698   0.06665   0.02818   0.01677   0.05219   0.00000   0.02887   0.00632   0.02424   0.02871   0.17836   0.08378   0.00278   0.10912   0.00000   0.00727   0.04207   0.06194   0.03656   0.04598   0.02826   0.06344   0.03313   0.03451   0.00264   0.01122   0.02074   0.01105   0.01761   0.00894   0.01679   0.00652   0.02338   0.01417   0.03137   0.00329   0.01409   0.01383   0.01994   0.03822   4.03167   0.99233   0.05476   2.06278  
 94 106.2340   5527.939173  x:  0.00000   0.00547   0.04977   0.05669   0.00428   0.03956   0.06569   0.00469   0.17323   0.03269   0.00000   0.16350   0.01354   0.04984   0.04233   0.02705   0.06612   0.02813   0.01669   0.05224   0.00000   0.02850   0.00636   0.02448   0.02866   0.17971   0.08383   0.00278   0.10941   0.00000   0.00692   0.04192   0.06200   0.03693   0.04599   0.02795   0.06387   0.03335   0.03437   0.00267   0.01123   0.02087   0.01104   0.01764   0.00898   0.01662   0.00653   0.02341   0.01404   0.03132   0.00329   0.01402   0.01430   0.01995   0.03837   4.03494   0.99234   0.05485   2.06278  
 95 60.5333   5527.934425  x:  0.00000   0.00548   0.04982   0.05661   0.00413   0.03959   0.06563   0.00472   0.17299   0.03291   0.00000   0.16343   0.01345   0.05019   0.04247   0.02692   0.06589   0.02815   0.01661   0.05232   0.00000   0.02848   0.00637   0.02432   0.02860   0.18024   0.08384   0.00278   0.10984   0.00000   0.00703   0.04179   0.06206   0.03704   0.04585   0.02790   0.06412   0.03324   0.03419   0.00266   0.01123   0.02110   0.01102   0.01761   0.00895   0.01655   0.00653   0.02332   0.01408   0.03131   0.00331   0.01392   0.01415   0.01980   0.03829   4.03596   0.99229   0.05468   2.06279  
 96 18.1046   5527.932731  x:  0.00000   0.00549   0.04987   0.05655   0.00421   0.03970   0.06555   0.00466   0.17291   0.03305   0.00000   0.16333   0.01352   0.05030   0.04256   0.02683   0.06584   0.02820   0.01664   0.05236   0.00000   0.02861   0.00636   0.02424   0.02861   0.18050   0.08385   0.00277   0.11024   0.00000   0.00699   0.04173   0.06208   0.03696   0.04576   0.02802   0.06421   0.03314   0.03421   0.00266   0.01123   0.02099   0.01103   0.01763   0.00896   0.01667   0.00653   0.02332   0.01409   0.03133   0.00329   0.01400   0.01416   0.01990   0.03821   4.03634   0.99229   0.05473   2.06279  
 97  8.1231   5527.932125  x:  0.00000   0.00549   0.04988   0.05652   0.00413   0.03974   0.06548   0.00468   0.17289   0.03311   0.00000   0.16325   0.01356   0.05025   0.04257   0.02681   0.06589   0.02819   0.01665   0.05236   0.00000   0.02863   0.00636   0.02430   0.02863   0.18062   0.08385   0.00276   0.11051   0.00000   0.00701   0.04176   0.06208   0.03689   0.04575   0.02805   0.06420   0.03314   0.03426   0.00266   0.01123   0.02095   0.01103   0.01762   0.00897   0.01658   0.00653   0.02336   0.01405   0.03134   0.00329   0.01398   0.01422   0.01989   0.03821   4.03648   0.99229   0.05476   2.06279  
 98  4.9486   5527.931728  x:  0.00000   0.00549   0.04989   0.05652   0.00417   0.03979   0.06541   0.00465   0.17290   0.03311   0.00000   0.16316   0.01357   0.05015   0.04255   0.02682   0.06597   0.02817   0.01665   0.05234   0.00000   0.02858   0.00636   0.02435   0.02863   0.18073   0.08386   0.00275   0.11075   0.00000   0.00699   0.04180   0.06207   0.03687   0.04577   0.02803   0.06416   0.03318   0.03427   0.00266   0.01123   0.02099   0.01103   0.01762   0.00897   0.01659   0.00653   0.02335   0.01410   0.03133   0.00330   0.01398   0.01417   0.01985   0.03824   4.03658   0.99228   0.05474   2.06279  
 99  4.0509   5527.931618  x:  0.00000   0.00549   0.04988   0.05653   0.00416   0.03978   0.06538   0.00467   0.17290   0.03310   0.00000   0.16312   0.01357   0.05011   0.04253   0.02682   0.06600   0.02817   0.01665   0.05233   0.00000   0.02857   0.00636   0.02432   0.02862   0.18077   0.08385   0.00274   0.11081   0.00000   0.00699   0.04181   0.06207   0.03690   0.04579   0.02801   0.06413   0.03319   0.03426   0.00266   0.01123   0.02100   0.01103   0.01762   0.00896   0.01663   0.00653   0.02333   0.01406   0.03133   0.00330   0.01398   0.01419   0.01987   0.03824   4.03661   0.99228   0.05473   2.06279  
100  1.9992   5527.931546  x:  0.00000   0.00549   0.04987   0.05656   0.00417   0.03975   0.06538   0.00467   0.17292   0.03308   0.00000   0.16307   0.01356   0.05011   0.04253   0.02681   0.06602   0.02818   0.01665   0.05233   0.00000   0.02858   0.00636   0.02428   0.02861   0.18079   0.08385   0.00273   0.11083   0.00000   0.00698   0.04181   0.06206   0.03694   0.04581   0.02800   0.06411   0.03318   0.03423   0.00266   0.01123   0.02098   0.01103   0.01762   0.00897   0.01660   0.00653   0.02334   0.01408   0.03133   0.00329   0.01398   0.01418   0.01988   0.03824   4.03664   0.99229   0.05474   2.06279  
101  0.9346   5527.931424  x:  0.00000   0.00549   0.04986   0.05660   0.00417   0.03970   0.06541   0.00468   0.17297   0.03305   0.00000   0.16297   0.01357   0.05014   0.04253   0.02678   0.06604   0.02818   0.01664   0.05234   0.00000   0.02860   0.00636   0.02433   0.02863   0.18085   0.08383   0.00271   0.11081   0.00000   0.00699   0.04179   0.06205   0.03696   0.04581   0.02801   0.06409   0.03315   0.03424   0.00266   0.01123   0.02099   0.01103   0.01762   0.00896   0.01662   0.00653   0.02334   0.01407   0.03133   0.00329   0.01399   0.01419   0.01984   0.03822   4.03670   0.99229   0.05474   2.06280  
102  0.8503   5527.931285  x:  0.00000   0.00549   0.04987   0.05660   0.00417   0.03970   0.06546   0.00468   0.17303   0.03305   0.00000   0.16288   0.01355   0.05019   0.04252   0.02677   0.06605   0.02818   0.01664   0.05234   0.00000   0.02858   0.00636   0.02433   0.02863   0.18090   0.08382   0.00269   0.11075   0.00000   0.00699   0.04178   0.06206   0.03691   0.04579   0.02802   0.06411   0.03317   0.03427   0.00266   0.01123   0.02100   0.01103   0.01763   0.00896   0.01661   0.00653   0.02334   0.01408   0.03133   0.00330   0.01397   0.01418   0.01990   0.03823   4.03679   0.99228   0.05472   2.06281  
103  1.1907   5527.931148  x:  0.00000   0.00548   0.04988   0.05656   0.00417   0.03974   0.06548   0.00467   0.17307   0.03306   0.00000   0.16285   0.01355   0.05019   0.04251   0.02679   0.06604   0.02818   0.01664   0.05234   0.00000   0.02856   0.00637   0.02428   0.02861   0.18094   0.08382   0.00268   0.11069   0.00000   0.00699   0.04180   0.06207   0.03687   0.04578   0.02801   0.06414   0.03320   0.03426   0.00266   0.01123   0.02098   0.01103   0.01761   0.00896   0.01661   0.00653   0.02334   0.01407   0.03133   0.00329   0.01398   0.01419   0.01985   0.03825   4.03689   0.99229   0.05475   2.06282  
104  1.1177   5527.930802  x:  0.00000   0.00549   0.04989   0.05644   0.00415   0.03985   0.06546   0.00466   0.17314   0.03310   0.00000   0.16290   0.01357   0.05011   0.04251   0.02683   0.06598   0.02819   0.01664   0.05233   0.00000   0.02862   0.00636   0.02433   0.02863   0.18098   0.08385   0.00265   0.11061   0.00000   0.00698   0.04184   0.06209   0.03695   0.04579   0.02801   0.06421   0.03319   0.03420   0.00266   0.01123   0.02099   0.01103   0.01765   0.00896   0.01661   0.00653   0.02335   0.01407   0.03133   0.00329   0.01397   0.01418   0.01988   0.03824   4.03716   0.99228   0.05473   2.06285  
105  1.1645   5527.930038  x:  0.00000   0.00550   0.04988   0.05640   0.00415   0.03984   0.06531   0.00465   0.17321   0.03313   0.00000   0.16310   0.01357   0.05002   0.04255   0.02683   0.06586   0.02816   0.01668   0.05232   0.00000   0.02857   0.00636   0.02433   0.02864   0.18101   0.08393   0.00263   0.11056   0.00000   0.00698   0.04182   0.06210   0.03700   0.04582   0.02802   0.06423   0.03312   0.03428   0.00266   0.01123   0.02101   0.01103   0.01748   0.00897   0.01660   0.00653   0.02331   0.01408   0.03133   0.00329   0.01401   0.01419   0.01990   0.03820   4.03780   0.99228   0.05473   2.06292  
106  2.3154   5527.927984  x:  0.00000   0.00551   0.04985   0.05648   0.00416   0.03970   0.06499   0.00463   0.17330   0.03319   0.00000   0.16361   0.01356   0.04992   0.04264   0.02683   0.06567   0.02810   0.01667   0.05233   0.00000   0.02847   0.00637   0.02427   0.02862   0.18103   0.08409   0.00258   0.11054   0.00000   0.00699   0.04173   0.06208   0.03697   0.04584   0.02801   0.06418   0.03307   0.03442   0.00265   0.01123   0.02097   0.01102   0.01772   0.00896   0.01661   0.00652   0.02330   0.01408   0.03133   0.00329   0.01396   0.01418   0.01984   0.03818   4.03953   0.99230   0.05476   2.06312  
107  9.6577   5527.922633  x:  0.00000   0.00549   0.04982   0.05683   0.00416   0.03956   0.06476   0.00458   0.17332   0.03325   0.00000   0.16456   0.01361   0.05007   0.04271   0.02702   0.06565   0.02824   0.01653   0.05237   0.00000   0.02870   0.00635   0.02434   0.02857   0.18098   0.08420   0.00251   0.11066   0.00000   0.00705   0.04167   0.06200   0.03671   0.04576   0.02797   0.06399   0.03337   0.03413   0.00261   0.01123   0.02102   0.01102   0.01758   0.00893   0.01665   0.00651   0.02349   0.01407   0.03132   0.00328   0.01399   0.01419   0.01990   0.03833   4.04407   0.99226   0.05471   2.06364  
108 14.9544   5527.908299  x:  0.00000   0.00555   0.04988   0.05713   0.00410   0.03982   0.06534   0.00459   0.17305   0.03314   0.00000   0.16585   0.01348   0.05050   0.04243   0.02727   0.06612   0.02842   0.01700   0.05240   0.00000   0.02857   0.00628   0.02438   0.02879   0.18067   0.08391   0.00244   0.11107   0.00000   0.00695   0.04194   0.06193   0.03689   0.04561   0.02811   0.06379   0.03329   0.03405   0.00253   0.01122   0.02100   0.01100   0.01767   0.00899   0.01655   0.00649   0.02292   0.01418   0.03136   0.00322   0.01402   0.01425   0.01982   0.03832   4.05625   0.99225   0.05481   2.06502  
109 30.2685   5527.884916  x:  0.00000   0.00566   0.05000   0.05696   0.00406   0.04006   0.06639   0.00464   0.17254   0.03274   0.00000   0.16683   0.01315   0.05064   0.04212   0.02705   0.06652   0.02791   0.01637   0.05226   0.00000   0.02843   0.00635   0.02426   0.02867   0.18005   0.08339   0.00238   0.11162   0.00000   0.00687   0.04218   0.06193   0.03723   0.04556   0.02806   0.06377   0.03289   0.03442   0.00239   0.01120   0.02091   0.01096   0.01763   0.00893   0.01666   0.00644   0.02348   0.01417   0.03134   0.00314   0.01406   0.01430   0.01991   0.03812   4.07608   0.99222   0.05467   2.06727  
110 103.7422   5527.849033  x:  0.00000   0.00573   0.04999   0.05612   0.00414   0.03947   0.06714   0.00470   0.17190   0.03207   0.00000   0.16627   0.01308   0.04990   0.04237   0.02611   0.06600   0.02829   0.01708   0.05222   0.00000   0.02863   0.00619   0.02431   0.02833   0.17898   0.08311   0.00239   0.11195   0.00000   0.00680   0.04175   0.06208   0.03687   0.04568   0.02763   0.06405   0.03323   0.03441   0.00218   0.01118   0.02120   0.01091   0.01767   0.00880   0.01671   0.00638   0.02370   0.01422   0.03123   0.00307   0.01403   0.01431   0.01985   0.03817   4.10651   0.99234   0.05483   2.07072  
111 114.2680   5527.822572  x:  0.00000   0.00578   0.04986   0.05598   0.00414   0.03915   0.06695   0.00457   0.17158   0.03233   0.00000   0.16484   0.01319   0.04951   0.04260   0.02651   0.06542   0.02816   0.01639   0.05221   0.00000   0.02860   0.00623   0.02438   0.02875   0.17821   0.08337   0.00243   0.11180   0.00000   0.00687   0.04145   0.06213   0.03677   0.04572   0.02787   0.06410   0.03350   0.03418   0.00201   0.01116   0.02083   0.01088   0.01767   0.00893   0.01657   0.00633   0.02291   0.01438   0.03131   0.00294   0.01416   0.01443   0.01988   0.03833   4.12884   0.99237   0.05474   2.07325  
112 142.8925   5527.802260  x:  0.00000   0.00589   0.04985   0.05643   0.00402   0.03930   0.06629   0.00441   0.17142   0.03304   0.00000   0.16322   0.01342   0.04961   0.04258   0.02765   0.06494   0.02811   0.01678   0.05229   0.00000   0.02835   0.00620   0.02426   0.02877   0.17765   0.08385   0.00248   0.11141   0.00000   0.00682   0.04157   0.06205   0.03695   0.04554   0.02799   0.06388   0.03320   0.03419   0.00188   0.01114   0.02103   0.01085   0.01768   0.00883   0.01668   0.00628   0.02347   0.01435   0.03133   0.00289   0.01414   0.01443   0.01987   0.03829   4.14618   0.99238   0.05482   2.07522  
113 121.6560   5527.800378  x:  0.00000   0.00589   0.04992   0.05656   0.00398   0.03948   0.06612   0.00441   0.17141   0.03304   0.00000   0.16303   0.01348   0.04973   0.04251   0.02763   0.06479   0.02805   0.01678   0.05227   0.00000   0.02852   0.00619   0.02433   0.02855   0.17759   0.08391   0.00249   0.11134   0.00000   0.00680   0.04171   0.06199   0.03697   0.04548   0.02776   0.06374   0.03320   0.03430   0.00187   0.01114   0.02099   0.01085   0.01768   0.00884   0.01666   0.00628   0.02335   0.01437   0.03127   0.00288   0.01415   0.01444   0.01987   0.03821   4.14779   0.99239   0.05481   2.07540  
114 18.6210   5527.800095  x:  0.00000   0.00589   0.04997   0.05659   0.00397   0.03959   0.06604   0.00443   0.17141   0.03298   0.00000   0.16299   0.01346   0.04979   0.04247   0.02752   0.06469   0.02807   0.01678   0.05224   0.00000   0.02850   0.00619   0.02431   0.02862   0.17757   0.08390   0.00249   0.11132   0.00000   0.00679   0.04176   0.06197   0.03696   0.04550   0.02779   0.06366   0.03323   0.03428   0.00187   0.01114   0.02100   0.01085   0.01768   0.00884   0.01666   0.00628   0.02337   0.01437   0.03128   0.00288   0.01415   0.01444   0.01987   0.03821   4.14803   0.99239   0.05481   2.07543  
115  3.1025   5527.800084  x:  0.00000   0.00589   0.04997   0.05658   0.00397   0.03960   0.06603   0.00443   0.17141   0.03297   0.00000   0.16299   0.01345   0.04980   0.04247   0.02753   0.06469   0.02807   0.01678   0.05225   0.00000   0.02849   0.00619   0.02431   0.02860   0.17757   0.08389   0.00249   0.11132   0.00000   0.00679   0.04174   0.06197   0.03696   0.04550   0.02781   0.06365   0.03322   0.03428   0.00187   0.01114   0.02100   0.01085   0.01768   0.00884   0.01666   0.00628   0.02337   0.01437   0.03128   0.00288   0.01415   0.01444   0.01987   0.03822   4.14804   0.99239   0.05481   2.07543  
116  0.4327   5527.800078  x:  0.00000   0.00589   0.04997   0.05657   0.00397   0.03961   0.06602   0.00444   0.17141   0.03296   0.00000   0.16299   0.01345   0.04980   0.04247   0.02754   0.06469   0.02807   0.01678   0.05225   0.00000   0.02850   0.00619   0.02431   0.02861   0.17757   0.08387   0.00249   0.11132   0.00000   0.00680   0.04172   0.06196   0.03696   0.04550   0.02780   0.06364   0.03322   0.03428   0.00187   0.01114   0.02100   0.01085   0.01768   0.00884   0.01666   0.00628   0.02337   0.01437   0.03128   0.00288   0.01415   0.01444   0.01987   0.03823   4.14805   0.99239   0.05481   2.07543  
117  0.1608   5527.800040  x:  0.00000   0.00589   0.04997   0.05656   0.00398   0.03958   0.06599   0.00443   0.17142   0.03297   0.00000   0.16299   0.01346   0.04980   0.04247   0.02756   0.06467   0.02806   0.01678   0.05225   0.00000   0.02849   0.00619   0.02431   0.02861   0.17757   0.08378   0.00249   0.11132   0.00000   0.00679   0.04174   0.06196   0.03696   0.04550   0.02781   0.06363   0.03324   0.03428   0.00187   0.01114   0.02100   0.01085   0.01768   0.00884   0.01666   0.00628   0.02337   0.01437   0.03128   0.00288   0.01415   0.01444   0.01987   0.03819   4.14814   0.99240   0.05481   2.07546  
118  0.1365   5527.799884  x:  0.00000   0.00589   0.04998   0.05660   0.00399   0.03956   0.06596   0.00442   0.17142   0.03301   0.00000   0.16298   0.01347   0.04978   0.04248   0.02755   0.06462   0.02809   0.01677   0.05223   0.00000   0.02849   0.00619   0.02431   0.02861   0.17755   0.08365   0.00249   0.11132   0.00000   0.00679   0.04180   0.06197   0.03696   0.04550   0.02780   0.06366   0.03318   0.03428   0.00188   0.01114   0.02099   0.01085   0.01768   0.00884   0.01666   0.00628   0.02336   0.01437   0.03128   0.00288   0.01415   0.01444   0.01987   0.03828   4.14853   0.99240   0.05481   2.07557  
119  0.6889   5527.796661  x:  0.00000   0.00590   0.04989   0.05706   0.00395   0.03988   0.06605   0.00444   0.17140   0.03302   0.00000   0.16280   0.01343   0.04955   0.04266   0.02760   0.06444   0.02790   0.01685   0.05220   0.00000   0.02852   0.00619   0.02430   0.02860   0.17725   0.08351   0.00249   0.11135   0.00000   0.00677   0.04153   0.06197   0.03696   0.04560   0.02778   0.06386   0.03323   0.03421   0.00196   0.01115   0.02098   0.01085   0.01768   0.00884   0.01665   0.00629   0.02337   0.01437   0.03133   0.00289   0.01415   0.01443   0.01986   0.03822   4.15665   0.99240   0.05487   2.07784  
120  2.8286   5527.791514  x:  0.00000   0.00592   0.04985   0.05674   0.00396   0.03974   0.06600   0.00447   0.17131   0.03298   0.00000   0.16253   0.01348   0.04969   0.04251   0.02778   0.06434   0.02831   0.01667   0.05226   0.00000   0.02842   0.00621   0.02432   0.02853   0.17675   0.08384   0.00250   0.11145   0.00000   0.00676   0.04161   0.06199   0.03703   0.04558   0.02785   0.06366   0.03321   0.03432   0.00209   0.01115   0.02096   0.01085   0.01767   0.00884   0.01664   0.00629   0.02337   0.01436   0.03119   0.00292   0.01413   0.01441   0.01985   0.03814   4.16967   0.99241   0.05493   2.08149  
121 37.2486   5527.790370  x:  0.00000   0.00592   0.04990   0.05656   0.00398   0.03958   0.06595   0.00448   0.17129   0.03294   0.00000   0.16247   0.01349   0.04979   0.04243   0.02780   0.06433   0.02807   0.01677   0.05227   0.00000   0.02847   0.00620   0.02430   0.02855   0.17664   0.08395   0.00250   0.11147   0.00000   0.00674   0.04170   0.06197   0.03700   0.04553   0.02787   0.06358   0.03317   0.03421   0.00211   0.01115   0.02094   0.01086   0.01767   0.00885   0.01663   0.00629   0.02337   0.01436   0.03130   0.00291   0.01413   0.01442   0.01985   0.03822   4.17253   0.99242   0.05495   2.08230  
122 28.0679   5527.790355  x:  0.00000   0.00592   0.04993   0.05656   0.00398   0.03958   0.06595   0.00449   0.17129   0.03293   0.00000   0.16247   0.01348   0.04980   0.04244   0.02781   0.06433   0.02806   0.01677   0.05224   0.00000   0.02847   0.00620   0.02429   0.02855   0.17664   0.08395   0.00250   0.11147   0.00000   0.00675   0.04169   0.06195   0.03700   0.04553   0.02788   0.06359   0.03318   0.03421   0.00211   0.01115   0.02094   0.01086   0.01767   0.00885   0.01663   0.00629   0.02337   0.01436   0.03128   0.00291   0.01414   0.01442   0.01985   0.03822   4.17257   0.99242   0.05495   2.08231  
123  0.6119   5527.790354  x:  0.00000   0.00592   0.04994   0.05656   0.00398   0.03958   0.06594   0.00449   0.17128   0.03293   0.00000   0.16247   0.01348   0.04980   0.04244   0.02782   0.06433   0.02806   0.01677   0.05224   0.00000   0.02847   0.00620   0.02430   0.02855   0.17664   0.08395   0.00250   0.11147   0.00000   0.00675   0.04169   0.06194   0.03700   0.04553   0.02787   0.06360   0.03318   0.03421   0.00211   0.01115   0.02094   0.01086   0.01767   0.00885   0.01663   0.00629   0.02337   0.01436   0.03129   0.00291   0.01414   0.01442   0.01985   0.03822   4.17257   0.99242   0.05495   2.08231  
124  0.1757   5527.790353  x:  0.00000   0.00592   0.04994   0.05655   0.00398   0.03958   0.06595   0.00449   0.17128   0.03293   0.00000   0.16247   0.01348   0.04980   0.04244   0.02781   0.06433   0.02806   0.01677   0.05224   0.00000   0.02847   0.00620   0.02430   0.02855   0.17664   0.08395   0.00250   0.11147   0.00000   0.00675   0.04169   0.06193   0.03700   0.04553   0.02787   0.06360   0.03318   0.03421   0.00211   0.01115   0.02094   0.01086   0.01767   0.00885   0.01663   0.00629   0.02337   0.01436   0.03129   0.00291   0.01414   0.01442   0.01985   0.03822   4.17258   0.99242   0.05495   2.08231  
125  0.0286   5527.790333  x:  0.00000   0.00592   0.04989   0.05654   0.00398   0.03958   0.06595   0.00449   0.17129   0.03293   0.00000   0.16247   0.01347   0.04980   0.04247   0.02782   0.06433   0.02806   0.01677   0.05221   0.00000   0.02848   0.00620   0.02429   0.02855   0.17663   0.08395   0.00250   0.11147   0.00000   0.00675   0.04171   0.06190   0.03700   0.04552   0.02787   0.06359   0.03318   0.03421   0.00211   0.01115   0.02094   0.01086   0.01767   0.00885   0.01663   0.00629   0.02337   0.01436   0.03129   0.00292   0.01413   0.01442   0.01985   0.03822   4.17281   0.99242   0.05495   2.08251  
126  0.0370   5527.789700  x:  0.00000   0.00590   0.04990   0.05659   0.00400   0.03954   0.06603   0.00451   0.17134   0.03292   0.00000   0.16263   0.01347   0.04981   0.04239   0.02781   0.06433   0.02805   0.01677   0.05218   0.00000   0.02850   0.00621   0.02428   0.02860   0.17640   0.08393   0.00249   0.11158   0.00000   0.00675   0.04171   0.06195   0.03699   0.04553   0.02783   0.06369   0.03318   0.03421   0.00209   0.01116   0.02094   0.01087   0.01766   0.00885   0.01663   0.00632   0.02336   0.01434   0.03128   0.00296   0.01412   0.01439   0.01985   0.03819   4.18023   0.99241   0.05506   2.08866  
127  2.1342   5527.789681  x:  0.00000   0.00589   0.04991   0.05659   0.00400   0.03955   0.06602   0.00452   0.17134   0.03289   0.00000   0.16264   0.01346   0.04980   0.04242   0.02782   0.06433   0.02806   0.01677   0.05222   0.00000   0.02850   0.00621   0.02428   0.02860   0.17639   0.08393   0.00249   0.11158   0.00000   0.00675   0.04173   0.06196   0.03699   0.04552   0.02783   0.06370   0.03318   0.03421   0.00209   0.01116   0.02094   0.01087   0.01766   0.00885   0.01663   0.00632   0.02336   0.01434   0.03128   0.00296   0.01412   0.01439   0.01985   0.03819   4.18045   0.99241   0.05506   2.08884  
128  2.2147   5527.789600  x:  0.00000   0.00587   0.04991   0.05659   0.00399   0.03955   0.06602   0.00451   0.17138   0.03289   0.00000   0.16268   0.01346   0.04982   0.04241   0.02780   0.06436   0.02806   0.01677   0.05222   0.00000   0.02849   0.00621   0.02429   0.02861   0.17647   0.08392   0.00249   0.11158   0.00000   0.00676   0.04174   0.06196   0.03697   0.04552   0.02783   0.06371   0.03318   0.03421   0.00209   0.01116   0.02094   0.01087   0.01766   0.00885   0.01663   0.00632   0.02336   0.01433   0.03128   0.00293   0.01412   0.01440   0.01985   0.03818   4.18193   0.99241   0.05533   2.10640  
129  0.0062   5527.788771  x:  0.00000   0.00585   0.04994   0.05656   0.00399   0.03956   0.06597   0.00451   0.17144   0.03288   0.00000   0.16265   0.01345   0.04985   0.04243   0.02780   0.06440   0.02806   0.01677   0.05221   0.00000   0.02849   0.00621   0.02430   0.02858   0.17665   0.08393   0.00250   0.11153   0.00000   0.00677   0.04172   0.06194   0.03697   0.04554   0.02786   0.06370   0.03317   0.03421   0.00208   0.01116   0.02095   0.01087   0.01767   0.00886   0.01664   0.00631   0.02336   0.01434   0.03127   0.00295   0.01412   0.01441   0.01986   0.03821   4.18302   0.99240   0.05768   2.26030  
130  0.0192   5527.786700  x:  0.00000   0.00580   0.04999   0.05651   0.00398   0.03959   0.06588   0.00449   0.17156   0.03287   0.00000   0.16258   0.01346   0.04988   0.04245   0.02778   0.06447   0.02806   0.01677   0.05220   0.00000   0.02848   0.00621   0.02433   0.02852   0.17697   0.08394   0.00252   0.11143   0.00000   0.00679   0.04169   0.06191   0.03696   0.04558   0.02793   0.06366   0.03316   0.03421   0.00208   0.01115   0.02097   0.01087   0.01767   0.00887   0.01666   0.00630   0.02336   0.01435   0.03125   0.00298   0.01412   0.01442   0.01987   0.03826   4.18533   0.99236   0.06703   2.87591  
131  1.0587   5527.782937  x:  0.00000   0.00589   0.04995   0.05657   0.00399   0.03956   0.06596   0.00451   0.17138   0.03290   0.00000   0.16254   0.01348   0.04981   0.04245   0.02782   0.06435   0.02806   0.01676   0.05222   0.00000   0.02849   0.00620   0.02429   0.02857   0.17654   0.08395   0.00250   0.11152   0.00000   0.00675   0.04171   0.06194   0.03700   0.04556   0.02787   0.06366   0.03317   0.03420   0.00209   0.01116   0.02095   0.01086   0.01766   0.00885   0.01663   0.00631   0.02336   0.01435   0.03127   0.00300   0.01412   0.01440   0.01985   0.03822   4.18069   0.99235   0.08041   3.80297  
132  0.2468   5527.779836  x:  0.00000   0.00598   0.04985   0.05666   0.00401   0.03952   0.06612   0.00454   0.17117   0.03293   0.00000   0.16264   0.01349   0.04974   0.04242   0.02786   0.06421   0.02805   0.01675   0.05225   0.00000   0.02851   0.00620   0.02425   0.02867   0.17595   0.08393   0.00247   0.11170   0.00000   0.00673   0.04176   0.06200   0.03702   0.04549   0.02776   0.06372   0.03319   0.03421   0.00210   0.01117   0.02092   0.01087   0.01765   0.00884   0.01660   0.00633   0.02336   0.01433   0.03131   0.00295   0.01411   0.01437   0.01983   0.03813   4.17647   0.99234   0.07992   3.82100  
133  0.0152   5527.776392  x:  0.00000   0.00591   0.04984   0.05664   0.00400   0.03953   0.06612   0.00453   0.17135   0.03292   0.00000   0.16279   0.01346   0.04982   0.04240   0.02782   0.06430   0.02805   0.01677   0.05224   0.00000   0.02851   0.00622   0.02428   0.02868   0.17618   0.08394   0.00248   0.11175   0.00000   0.00676   0.04179   0.06202   0.03697   0.04547   0.02776   0.06378   0.03319   0.03422   0.00210   0.01117   0.02093   0.01087   0.01766   0.00885   0.01663   0.00633   0.02336   0.01432   0.03130   0.00288   0.01412   0.01438   0.01985   0.03813   4.18045   0.99217   0.09466   4.90258  
134  0.4621   5527.771962  x:  0.00000   0.00581   0.04996   0.05653   0.00398   0.03958   0.06591   0.00449   0.17161   0.03289   0.00000   0.16260   0.01346   0.04989   0.04245   0.02778   0.06444   0.02806   0.01677   0.05221   0.00000   0.02847   0.00621   0.02433   0.02854   0.17692   0.08398   0.00250   0.11152   0.00000   0.00678   0.04172   0.06195   0.03695   0.04556   0.02789   0.06368   0.03316   0.03421   0.00207   0.01115   0.02096   0.01086   0.01767   0.00887   0.01665   0.00630   0.02336   0.01434   0.03126   0.00296   0.01413   0.01442   0.01986   0.03824   4.18481   0.99207   0.10282   5.62558  
135  0.2341   5527.770471  x:  0.00000   0.00588   0.04993   0.05657   0.00399   0.03956   0.06599   0.00451   0.17146   0.03291   0.00000   0.16261   0.01348   0.04984   0.04246   0.02783   0.06433   0.02806   0.01677   0.05222   0.00000   0.02849   0.00621   0.02430   0.02858   0.17651   0.08398   0.00249   0.11160   0.00000   0.00676   0.04174   0.06198   0.03699   0.04553   0.02785   0.06368   0.03317   0.03420   0.00209   0.01116   0.02094   0.01087   0.01766   0.00886   0.01663   0.00631   0.02336   0.01434   0.03127   0.00297   0.01413   0.01440   0.01985   0.03820   4.18110   0.99203   0.11374   6.46834  
136  0.6276   5527.769887  x:  0.00000   0.00591   0.04990   0.05661   0.00400   0.03954   0.06605   0.00453   0.17139   0.03293   0.00000   0.16266   0.01348   0.04982   0.04244   0.02784   0.06429   0.02806   0.01677   0.05223   0.00000   0.02850   0.00621   0.02429   0.02862   0.17630   0.08398   0.00249   0.11168   0.00000   0.00675   0.04176   0.06200   0.03700   0.04551   0.02781   0.06371   0.03318   0.03421   0.00210   0.01116   0.02093   0.01087   0.01766   0.00885   0.01662   0.00632   0.02336   0.01433   0.03129   0.00294   0.01412   0.01439   0.01984   0.03817   4.17986   0.99202   0.11482   6.60546  
137  0.0890   5527.769664  x:  0.00000   0.00588   0.04990   0.05659   0.00399   0.03955   0.06602   0.00452   0.17147   0.03293   0.00000   0.16265   0.01348   0.04984   0.04245   0.02782   0.06433   0.02806   0.01677   0.05223   0.00000   0.02849   0.00621   0.02430   0.02861   0.17647   0.08399   0.00249   0.11165   0.00000   0.00676   0.04176   0.06200   0.03698   0.04552   0.02783   0.06371   0.03318   0.03421   0.00209   0.01116   0.02094   0.01087   0.01766   0.00885   0.01663   0.00632   0.02336   0.01433   0.03128   0.00295   0.01413   0.01440   0.01985   0.03818   4.18112   0.99195   0.11994   7.02561  
138  0.2681   5527.769645  x:  0.00000   0.00589   0.04991   0.05659   0.00399   0.03955   0.06601   0.00452   0.17146   0.03292   0.00000   0.16264   0.01348   0.04984   0.04245   0.02783   0.06432   0.02806   0.01677   0.05223   0.00000   0.02849   0.00621   0.02430   0.02860   0.17646   0.08399   0.00249   0.11165   0.00000   0.00676   0.04176   0.06200   0.03698   0.04552   0.02783   0.06370   0.03317   0.03421   0.00209   0.01116   0.02094   0.01087   0.01766   0.00885   0.01663   0.00632   0.02336   0.01434   0.03128   0.00295   0.01413   0.01440   0.01985   0.03819   4.18092   0.99195   0.12042   7.07366  
139  0.0371   5527.769645  x:  0.00000   0.00589   0.04991   0.05659   0.00399   0.03955   0.06601   0.00452   0.17146   0.03292   0.00000   0.16264   0.01348   0.04984   0.04245   0.02783   0.06432   0.02806   0.01677   0.05223   0.00000   0.02850   0.00621   0.02430   0.02860   0.17645   0.08399   0.00249   0.11165   0.00000   0.00676   0.04176   0.06200   0.03698   0.04552   0.02783   0.06370   0.03318   0.03421   0.00209   0.01116   0.02094   0.01087   0.01766   0.00885   0.01663   0.00632   0.02336   0.01434   0.03128   0.00295   0.01413   0.01440   0.01985   0.03819   4.18090   0.99195   0.12066   7.09385  
140  0.0187   5527.769645  x:  0.00000   0.00589   0.04991   0.05659   0.00399   0.03955   0.06601   0.00452   0.17146   0.03292   0.00000   0.16264   0.01348   0.04984   0.04245   0.02783   0.06432   0.02806   0.01677   0.05223   0.00000   0.02850   0.00621   0.02430   0.02860   0.17645   0.08399   0.00249   0.11165   0.00000   0.00676   0.04176   0.06200   0.03698   0.04552   0.02783   0.06370   0.03318   0.03421   0.00209   0.01116   0.02094   0.01087   0.01766   0.00885   0.01663   0.00632   0.02336   0.01434   0.03128   0.00295   0.01413   0.01440   0.01985   0.03819   4.18091   0.99195   0.12066   7.09407  