

TREE # 1

  0  0.0000  32991.618466  x:  0.08143   0.04531   0.04699   0.10856   0.10107   0.03626   0.06626   0.10035   0.10140   0.03688   0.07326   0.01847   0.07407   0.10386   0.04421   0.05857   0.10299   0.04385   0.04659   0.07782   0.10801   0.07446   0.10985   0.10872   0.04365   0.03113   0.10015   0.10878   0.01994   0.09350   2.00000   0.90000   0.64164   1.46899   2.77665  
  1 99.0000  29945.371392  x:  0.10957   0.07855   0.11985   0.12177   0.11505   0.07384   0.14737   0.10133   0.14563   0.05421   0.08053   0.18172   0.06036   0.08611   0.20500   0.12923   0.12087   0.14999   0.08355   0.09927   0.12475   0.08982   0.09897   0.11834   0.04255   0.10613   0.10230   0.13840   0.25724   0.12164   2.00047   0.99999   0.62609   1.47554   2.77512  
  2 23404.0843  28037.317931  x:  0.21897   0.20751   0.40246   0.17309   0.16935   0.21967   0.46217   0.10523   0.31753   0.12151   0.10875   0.81410   0.00709   0.01719   0.82807   0.40344   0.19043   0.56157   0.22681   0.18253   0.18991   0.14969   0.05682   0.15586   0.03837   0.39694   0.11077   0.25362   1.17644   0.23104   2.00228   0.97739   0.56562   1.50097   2.76920  
  3 330748.2526  27928.742258  x:  0.24145   0.21018   0.41238   0.17870   0.17699   0.22453   0.48402   0.10445   0.35053   0.11952   0.09886   0.81442   0.15083   0.09345   0.83832   0.41879   0.21027   0.57695   0.22360   0.18141   0.21432   0.17998   0.05942   0.18879   0.05711   0.39959   0.13100   0.28721   1.18781   0.25352   2.00080   0.97711   0.56180   1.50288   2.76666  
  4 3808.0278  27490.148349  x:  0.41712   0.20807   0.44935   0.22148   0.23547   0.23860   0.62247   0.09610   0.60699   0.08849   0.00366   0.68220   0.14107   0.00000   0.80605   0.50951   0.36949   0.63760   0.16472   0.15540   0.40027   0.39303   0.06491   0.42208   0.14137   0.36678   0.26468   0.54471   1.09961   0.42919   1.98138   0.97848   0.57193   1.50735   2.74706  
  5 1657.6528  27454.873460  x:  0.43192   0.20680   0.45417   0.22469   0.23911   0.23850   0.63708   0.09341   0.62961   0.08583   0.00000   0.66915   0.11951   0.03066   0.80525   0.52068   0.38111   0.64534   0.15782   0.15211   0.41257   0.40429   0.05688   0.43531   0.13764   0.36443   0.26846   0.56459   1.09064   0.44399   1.97834   0.97858   0.57919   1.50668   2.74538  
  6 1882.6537  27391.980095  x:  0.45832   0.19845   0.47151   0.22740   0.23751   0.23015   0.67823   0.07712   0.67564   0.08109   0.02126   0.62832   0.12585   0.02799   0.81421   0.55911   0.39151   0.67271   0.13513   0.14048   0.41838   0.39398   0.00000   0.43111   0.08361   0.36294   0.24079   0.59267   1.06465   0.47039   1.96533   0.97877   0.62444   1.50081   2.74206  
  7 787.1130  27362.108235  x:  0.48404   0.18655   0.49937   0.22567   0.22753   0.21691   0.73414   0.05565   0.72534   0.07416   0.03888   0.56978   0.13230   0.02645   0.83431   0.61188   0.39287   0.71520   0.10795   0.13012   0.41549   0.37171   0.06692   0.40728   0.02290   0.37197   0.20137   0.61532   1.03194   0.49611   1.94497   0.97896   0.67593   1.49736   2.73701  
  8 731.8840  27345.539329  x:  0.49626   0.17740   0.53081   0.21885   0.21098   0.20714   0.78776   0.04964   0.75765   0.07175   0.04677   0.50454   0.13204   0.02687   0.86205   0.66198   0.38141   0.76202   0.09227   0.13132   0.39254   0.32824   0.08094   0.36934   0.08995   0.39747   0.19038   0.61703   0.99593   0.50833   1.92085   0.97914   0.70591   1.50416   2.73059  
  9 373.6056  27339.658316  x:  0.49505   0.18653   0.54922   0.21645   0.20731   0.21642   0.81328   0.07185   0.76371   0.07653   0.02932   0.46413   0.13323   0.02711   0.88098   0.68010   0.37901   0.79051   0.10946   0.15639   0.38054   0.31598   0.07745   0.35139   0.07695   0.41213   0.21161   0.61016   0.96729   0.50712   1.90320   0.97927   0.68096   1.52722   2.72335  
 10 160.3674  27337.977461  x:  0.48899   0.18473   0.55362   0.21255   0.20608   0.21596   0.82115   0.05343   0.75905   0.07424   0.04384   0.45727   0.13214   0.02750   0.89945   0.68233   0.37713   0.80787   0.11141   0.16568   0.37557   0.32925   0.07619   0.35967   0.07497   0.41372   0.21599   0.60189   0.94694   0.50106   1.88664   0.97932   0.66626   1.54951   2.71572  
 11 74.2874  27336.935665  x:  0.48234   0.17834   0.55223   0.20910   0.20568   0.22132   0.82524   0.05826   0.75166   0.07433   0.03100   0.46127   0.13210   0.02738   0.92013   0.67772   0.37878   0.82373   0.10555   0.16545   0.37327   0.33987   0.07463   0.37149   0.07546   0.40909   0.20587   0.59379   0.92943   0.49441   1.86409   0.97932   0.67651   1.57648   2.70378  
 12 53.6406  27336.176782  x:  0.48381   0.18212   0.54821   0.21269   0.20595   0.22014   0.82235   0.06339   0.74856   0.08261   0.03629   0.47306   0.13198   0.02733   0.93344   0.67048   0.38046   0.82935   0.11005   0.16555   0.37998   0.33485   0.07653   0.37152   0.07594   0.40433   0.21459   0.59605   0.91369   0.49588   1.84094   0.97932   0.69748   1.61436   2.68490  
 13 43.8496  27335.640963  x:  0.48661   0.18563   0.54619   0.21540   0.20576   0.21583   0.81849   0.05655   0.74741   0.07519   0.02903   0.47856   0.13218   0.02720   0.93874   0.66594   0.38003   0.82922   0.11418   0.16519   0.38421   0.32953   0.07602   0.36753   0.07570   0.40480   0.21645   0.59982   0.90882   0.49868   1.82779   0.97931   0.70823   1.64877   2.66801  
 14 69.5500  27334.269002  x:  0.49466   0.18269   0.54140   0.21467   0.20281   0.21589   0.80870   0.06202   0.75473   0.07375   0.03217   0.48398   0.13199   0.02709   0.93707   0.66592   0.38115   0.81484   0.10951   0.15501   0.38656   0.32652   0.07564   0.35683   0.07738   0.41363   0.20000   0.61152   0.90985   0.50673   1.80753   0.97930   0.71754   1.77331   2.60582  
 15 67.5937  27332.367015  x:  0.49055   0.17404   0.54458   0.20818   0.20159   0.21663   0.80521   0.05612   0.76067   0.08055   0.02948   0.46922   0.13085   0.02754   0.92146   0.67737   0.37449   0.79632   0.10246   0.14980   0.37033   0.33470   0.07500   0.36290   0.07314   0.41438   0.21691   0.60641   0.93796   0.50262   1.80462   0.97924   0.77321   1.94871   2.50255  
 16 94.7800  27331.495526  x:  0.48672   0.18063   0.54932   0.21322   0.20869   0.21803   0.80968   0.05923   0.75936   0.07413   0.03652   0.45918   0.13039   0.02782   0.91026   0.67931   0.37716   0.79524   0.11124   0.16118   0.37094   0.33591   0.07622   0.37011   0.07659   0.40367   0.20739   0.60196   0.94956   0.49879   1.81451   0.97924   0.80081   2.02499   2.44697  
 17 104.5423  27330.710577  x:  0.48294   0.17800   0.54625   0.21205   0.20482   0.21262   0.82522   0.05715   0.75203   0.07559   0.03543   0.46259   0.13014   0.02771   0.90059   0.67038   0.38421   0.81523   0.09989   0.16109   0.38659   0.32593   0.07569   0.36759   0.07610   0.39641   0.20971   0.59796   0.94934   0.49501   1.84819   0.97923   0.81132   2.07958   2.37181  
 18 37.9005  27329.740992  x:  0.49020   0.18760   0.53966   0.20976   0.19381   0.20917   0.83141   0.05933   0.74935   0.07604   0.03402   0.46970   0.12943   0.02772   0.89723   0.66187   0.37205   0.83102   0.11039   0.15144   0.38034   0.34127   0.07424   0.36340   0.07586   0.40592   0.20636   0.59692   0.93733   0.50227   1.88286   0.97923   0.82834   2.11345   2.24658  
 19 41.2877  27324.793671  x:  0.50004   0.17530   0.52445   0.22542   0.22979   0.24352   0.81078   0.04837   0.75357   0.06312   0.03155   0.48539   0.12687   0.02767   0.91649   0.65848   0.37459   0.84959   0.11166   0.13342   0.33370   0.32265   0.07403   0.37055   0.07168   0.41971   0.20942   0.60618   0.90586   0.51211   1.96544   0.97919   0.86647   2.20858   1.55325  
 20 98.2105  27320.359050  x:  0.50137   0.16726   0.51851   0.22110   0.23006   0.24592   0.79789   0.04366   0.75797   0.06354   0.02681   0.48889   0.12467   0.02787   0.93008   0.65981   0.36929   0.85188   0.11244   0.13704   0.32501   0.31692   0.07177   0.37248   0.06993   0.41692   0.20564   0.61407   0.89753   0.51344   2.00332   0.97915   0.88922   2.26571   1.07152  
 21 950.8040  27320.074289  x:  0.50037   0.17169   0.52041   0.22432   0.23122   0.24396   0.80229   0.04780   0.75617   0.05649   0.02981   0.48767   0.12444   0.02792   0.92722   0.65849   0.37097   0.85228   0.10916   0.12759   0.32627   0.31977   0.07149   0.37003   0.06931   0.41710   0.20894   0.60872   0.90030   0.51244   1.99898   0.97914   0.88962   2.26844   1.03367  
 22 47.8516  27319.920761  x:  0.50095   0.17604   0.52077   0.22736   0.23404   0.24403   0.80702   0.04396   0.75449   0.06250   0.02794   0.48657   0.12443   0.02793   0.92091   0.65678   0.37314   0.85344   0.10985   0.12274   0.32682   0.32012   0.07121   0.36983   0.06950   0.41893   0.20692   0.60463   0.90241   0.51302   1.99338   0.97915   0.88872   2.26879   1.01835  
 23 22.0280  27319.551086  x:  0.50548   0.17115   0.51315   0.22165   0.23329   0.25011   0.81959   0.04314   0.75135   0.05972   0.03034   0.49030   0.12408   0.02798   0.90106   0.65236   0.37218   0.85941   0.11224   0.12754   0.32564   0.31646   0.07102   0.37538   0.06850   0.42744   0.20696   0.60243   0.90685   0.51755   1.97850   0.97916   0.88941   2.26621   1.00265  
 24 11.3113  27318.686600  x:  0.50571   0.16764   0.51530   0.22491   0.23502   0.24967   0.82005   0.04321   0.75219   0.05991   0.02969   0.49410   0.12351   0.02807   0.89178   0.65527   0.36847   0.86664   0.11069   0.13005   0.32297   0.32074   0.07019   0.37038   0.06861   0.42166   0.20763   0.60795   0.90738   0.51778   1.97221   0.97916   0.88779   2.26327   1.00000  
 25  7.2755  27306.974822  x:  0.50291   0.19608   0.55961   0.19818   0.18664   0.22840   0.78471   0.04799   0.78994   0.05622   0.03282   0.48330   0.10632   0.03289   0.84224   0.70168   0.39649   0.92989   0.12080   0.09161   0.32707   0.30247   0.05597   0.42479   0.05764   0.39869   0.20808   0.66137   0.90626   0.51499   1.91133   0.97933   0.86292   2.19628   1.00000  
 26 23.5254  27285.612490  x:  0.52882   0.19452   0.55023   0.19806   0.20059   0.20989   0.79118   0.04767   0.85527   0.06100   0.04543   0.40212   0.07525   0.04310   0.86665   0.71790   0.44009   0.92623   0.08185   0.12524   0.43197   0.36391   0.02349   0.41075   0.04296   0.45414   0.21062   0.67819   0.90839   0.54091   1.83593   0.97965   0.86681   2.06087   1.00000  
 27 78.8612  27277.873342  x:  0.56181   0.18081   0.54449   0.20219   0.19521   0.20471   0.88449   0.04367   0.89022   0.06189   0.04009   0.40070   0.06450   0.04584   0.90527   0.71456   0.41963   0.85682   0.09094   0.11561   0.43447   0.35936   0.01448   0.42293   0.03870   0.39246   0.21477   0.66788   0.89764   0.57391   1.81988   0.97975   0.83989   2.02011   1.00000  
 28 86.5828  27277.527938  x:  0.55567   0.18348   0.55674   0.20110   0.19236   0.20450   0.89797   0.04233   0.88864   0.06128   0.03850   0.41188   0.06418   0.04580   0.90274   0.71764   0.42825   0.84170   0.08869   0.12055   0.43168   0.36219   0.01395   0.42149   0.03853   0.39886   0.21463   0.67461   0.88772   0.56777   1.82055   0.97976   0.84268   2.01758   1.00000  
 29 21.0895  27277.506074  x:  0.55382   0.18313   0.55630   0.20035   0.19545   0.20276   0.89997   0.04299   0.88645   0.06157   0.03850   0.41150   0.06407   0.04584   0.90311   0.71858   0.42565   0.84086   0.08965   0.11903   0.43270   0.36174   0.01386   0.42261   0.03839   0.40039   0.21444   0.67830   0.88744   0.56591   1.82068   0.97976   0.84261   2.01752   1.00000  
 30  4.0962  27277.473437  x:  0.55258   0.18363   0.55397   0.20001   0.19393   0.20694   0.90139   0.04184   0.88242   0.06152   0.03890   0.40959   0.06392   0.04589   0.90409   0.71935   0.42625   0.84035   0.09086   0.11725   0.43331   0.36254   0.01379   0.42067   0.03875   0.39911   0.21457   0.68297   0.88852   0.56468   1.82060   0.97976   0.84308   2.01732   1.00000  
 31  1.8959  27277.126141  x:  0.55572   0.18487   0.54723   0.21472   0.18682   0.19992   0.90134   0.04450   0.86755   0.06329   0.03914   0.40753   0.06243   0.04618   0.90621   0.71924   0.42822   0.83927   0.08383   0.12291   0.42416   0.36259   0.01332   0.42411   0.03986   0.39890   0.21422   0.69255   0.89341   0.56780   1.82108   0.97975   0.84197   2.01735   1.00000  
 32  1.8748  27274.751562  x:  0.56619   0.17815   0.55113   0.19569   0.21103   0.19112   0.88340   0.04894   0.85135   0.06680   0.03679   0.42827   0.05364   0.04720   0.89842   0.71536   0.43070   0.83797   0.08448   0.13060   0.41677   0.37186   0.00954   0.40218   0.05330   0.37618   0.21327   0.69642   0.90097   0.57820   1.82762   0.97972   0.84128   2.01751   1.00000  
 33  6.3133  27273.852051  x:  0.55642   0.17027   0.55614   0.21540   0.20511   0.20596   0.87657   0.04755   0.86628   0.06688   0.03578   0.43809   0.05014   0.04761   0.89161   0.71010   0.40938   0.83644   0.08668   0.13025   0.43006   0.37032   0.00776   0.40208   0.05757   0.37660   0.21209   0.69440   0.90040   0.56840   1.83005   0.97972   0.84087   2.01765   1.00000  
 34 25.8044  27273.798526  x:  0.55201   0.16959   0.54974   0.21690   0.20468   0.20332   0.87788   0.04767   0.87345   0.06672   0.03563   0.43891   0.04997   0.04762   0.89146   0.70862   0.41239   0.83725   0.08950   0.13002   0.42753   0.37086   0.00778   0.40045   0.05796   0.37646   0.21195   0.69518   0.90124   0.56399   1.82985   0.97971   0.84070   2.01760   1.00000  
 35  8.0282  27273.794830  x:  0.55161   0.17152   0.54908   0.21628   0.20501   0.20371   0.87804   0.04757   0.87442   0.06671   0.03564   0.43895   0.04996   0.04762   0.89153   0.70785   0.41166   0.83733   0.08810   0.13058   0.42695   0.37068   0.00781   0.40044   0.05798   0.37624   0.21193   0.69568   0.90139   0.56359   1.82976   0.97971   0.84063   2.01761   1.00000  
 36  1.7064  27273.714237  x:  0.55055   0.16860   0.55533   0.21557   0.20493   0.20361   0.87759   0.04763   0.87368   0.06732   0.03672   0.43603   0.04985   0.04750   0.89300   0.69564   0.41124   0.83787   0.08913   0.13040   0.42262   0.36983   0.00840   0.39852   0.05773   0.37751   0.21164   0.69820   0.90443   0.56253   1.83029   0.97970   0.84077   2.01745   1.00000  
 37  0.1628  27272.910155  x:  0.54177   0.17138   0.54818   0.21632   0.20579   0.20633   0.86919   0.04665   0.85236   0.06526   0.03502   0.44402   0.04950   0.04547   0.89478   0.70427   0.40159   0.83420   0.09109   0.13476   0.40879   0.36136   0.01437   0.38435   0.05656   0.38672   0.21099   0.67665   0.90894   0.55366   1.84079   0.97964   0.83863   2.01823   1.00000  
 38  2.5546  27272.691920  x:  0.53889   0.17233   0.54891   0.21295   0.20344   0.20590   0.86808   0.04625   0.84805   0.06489   0.03476   0.44109   0.04651   0.04506   0.89661   0.70447   0.40229   0.83611   0.09100   0.13428   0.40595   0.35969   0.01043   0.38438   0.05378   0.38806   0.21031   0.67026   0.91081   0.55080   1.83736   0.97963   0.83716   2.01949   1.00000  
 39  0.0166  27272.637952  x:  0.53733   0.17262   0.54910   0.21265   0.20221   0.20514   0.87236   0.04686   0.84816   0.06535   0.03564   0.43962   0.04657   0.04421   0.89885   0.70407   0.40262   0.83418   0.09099   0.13247   0.40914   0.35766   0.01145   0.38700   0.05368   0.38453   0.20906   0.66559   0.91091   0.54925   1.83176   0.97963   0.83885   2.02782   1.00000  
 40  0.0123  27272.621194  x:  0.53668   0.17233   0.54824   0.21242   0.20222   0.20458   0.87065   0.04658   0.84701   0.06561   0.03518   0.43924   0.04719   0.04308   0.89799   0.70256   0.40268   0.83372   0.09037   0.13282   0.41058   0.35825   0.01080   0.38581   0.05370   0.38432   0.20911   0.66606   0.91097   0.54859   1.83125   0.97963   0.84050   2.03636   1.00000  
 41  0.0050  27272.615978  x:  0.53716   0.17253   0.54823   0.21251   0.20227   0.20442   0.87009   0.04673   0.84725   0.06556   0.03537   0.43883   0.04675   0.04277   0.89657   0.70277   0.40267   0.83308   0.09049   0.13312   0.41020   0.35877   0.01112   0.38601   0.05390   0.38468   0.20937   0.66681   0.91008   0.54907   1.83102   0.97963   0.84020   2.03611   1.00000  
 42  0.0020  27272.614384  x:  0.53727   0.17238   0.54823   0.21259   0.20227   0.20477   0.87009   0.04680   0.84761   0.06543   0.03547   0.43860   0.04693   0.04262   0.89623   0.70294   0.40250   0.83280   0.09071   0.13302   0.40941   0.35851   0.01111   0.38623   0.05379   0.38456   0.20927   0.66675   0.90868   0.54918   1.83167   0.97963   0.83918   2.03333   1.00000  
 43  0.0022  27272.613588  x:  0.53703   0.17230   0.54794   0.21257   0.20246   0.20468   0.86982   0.04662   0.84733   0.06539   0.03554   0.43823   0.04682   0.04269   0.89590   0.70262   0.40257   0.83260   0.09059   0.13280   0.40978   0.35827   0.01108   0.38613   0.05382   0.38433   0.20931   0.66664   0.90765   0.54894   1.83185   0.97963   0.83908   2.03232   1.00000  
 44  0.0006  27272.613114  x:  0.53686   0.17240   0.54775   0.21252   0.20233   0.20459   0.86941   0.04681   0.84687   0.06550   0.03554   0.43813   0.04686   0.04275   0.89520   0.70226   0.40247   0.83216   0.09065   0.13300   0.40961   0.35831   0.01110   0.38605   0.05381   0.38428   0.20925   0.66630   0.90728   0.54877   1.83151   0.97963   0.83938   2.03381   1.00000  
 45  0.0011  27272.613062  x:  0.53682   0.17233   0.54778   0.21251   0.20227   0.20455   0.86937   0.04675   0.84691   0.06546   0.03556   0.43809   0.04686   0.04276   0.89518   0.70233   0.40239   0.83201   0.09062   0.13302   0.40955   0.35833   0.01110   0.38603   0.05381   0.38425   0.20922   0.66630   0.90722   0.54874   1.83142   0.97963   0.83934   2.03438   1.00000  
 46  0.0005  27272.613059  x:  0.53682   0.17233   0.54778   0.21251   0.20228   0.20456   0.86938   0.04677   0.84690   0.06546   0.03556   0.43808   0.04686   0.04277   0.89518   0.70233   0.40240   0.83203   0.09062   0.13300   0.40957   0.35832   0.01110   0.38600   0.05381   0.38425   0.20923   0.66631   0.90720   0.54874   1.83135   0.97963   0.83930   2.03441   1.00000  
 47  0.0001  27272.613053  x:  0.53683   0.17235   0.54776   0.21249   0.20227   0.20455   0.86934   0.04677   0.84690   0.06546   0.03554   0.43807   0.04686   0.04277   0.89523   0.70231   0.40240   0.83205   0.09064   0.13300   0.40960   0.35829   0.01110   0.38601   0.05381   0.38425   0.20921   0.66633   0.90718   0.54874   1.83142   0.97963   0.83929   2.03454   1.00000  
 48  0.0000  27272.612975  x:  0.53685   0.17236   0.54775   0.21250   0.20229   0.20454   0.86938   0.04676   0.84688   0.06546   0.03556   0.43808   0.04686   0.04276   0.89518   0.70226   0.40241   0.83203   0.09063   0.13298   0.40958   0.35829   0.01110   0.38600   0.05383   0.38428   0.20921   0.66627   0.90721   0.54873   1.83140   0.97962   0.83925   2.03452   1.00000  
 49  0.0000  27272.611982  x:  0.53721   0.17245   0.54764   0.21265   0.20246   0.20439   0.86998   0.04656   0.84657   0.06544   0.03571   0.43833   0.04693   0.04273   0.89468   0.70176   0.40262   0.83175   0.09041   0.13286   0.40937   0.35835   0.01112   0.38594   0.05400   0.38456   0.20924   0.66569   0.90756   0.54845   1.83126   0.97935   0.83904   2.03569   1.00000  
 50  0.0008  27272.604844  x:  0.53856   0.17243   0.54775   0.21261   0.20238   0.20445   0.86982   0.04662   0.84666   0.06542   0.03564   0.43817   0.04691   0.04274   0.89487   0.70197   0.40255   0.83198   0.09051   0.13297   0.40953   0.35836   0.01110   0.38598   0.05397   0.38441   0.20917   0.66589   0.90741   0.54711   1.83157   0.97821   0.84114   2.04700   1.00000  
 51  0.0015  27272.599963  x:  0.54093   0.17224   0.54780   0.21254   0.20223   0.20453   0.86947   0.04678   0.84692   0.06546   0.03559   0.43802   0.04685   0.04275   0.89525   0.70227   0.40238   0.83206   0.09055   0.13304   0.40965   0.35833   0.01110   0.38592   0.05385   0.38418   0.20915   0.66633   0.90725   0.54478   1.83223   0.97623   0.84508   2.06742   1.00000  
 52  0.0211  27272.599956  x:  0.54096   0.17228   0.54784   0.21257   0.20224   0.20453   0.86947   0.04676   0.84694   0.06545   0.03559   0.43803   0.04685   0.04275   0.89522   0.70230   0.40240   0.83209   0.09058   0.13300   0.40965   0.35832   0.01110   0.38593   0.05385   0.38419   0.20914   0.66636   0.90726   0.54480   1.83219   0.97622   0.84515   2.06762   1.00000  
 53  0.0002  27272.599955  x:  0.54096   0.17228   0.54783   0.21257   0.20224   0.20453   0.86947   0.04676   0.84695   0.06545   0.03559   0.43804   0.04685   0.04275   0.89523   0.70230   0.40240   0.83208   0.09057   0.13299   0.40965   0.35832   0.01110   0.38593   0.05385   0.38420   0.20914   0.66636   0.90726   0.54481   1.83219   0.97622   0.84518   2.06769   1.00000  
 54  0.0001  27272.599955  x:  0.54096   0.17228   0.54783   0.21257   0.20224   0.20453   0.86947   0.04676   0.84694   0.06545   0.03559   0.43804   0.04685   0.04275   0.89522   0.70230   0.40240   0.83208   0.09057   0.13299   0.40965   0.35831   0.01110   0.38593   0.05385   0.38419   0.20915   0.66636   0.90726   0.54480   1.83219   0.97622   0.84518   2.06770   1.00000  
 55  0.0000  27272.599955  x:  0.54096   0.17228   0.54783   0.21257   0.20224   0.20453   0.86947   0.04676   0.84694   0.06545   0.03559   0.43804   0.04685   0.04275   0.89522   0.70230   0.40240   0.83208   0.09057   0.13299   0.40965   0.35831   0.01110   0.38593   0.05385   0.38419   0.20915   0.66636   0.90726   0.54480   1.83219   0.97622   0.84518   2.06770   1.00000  
 56  0.0000  27272.599955  x:  0.54096   0.17228   0.54783   0.21257   0.20224   0.20453   0.86947   0.04676   0.84694   0.06545   0.03559   0.43804   0.04685   0.04275   0.89522   0.70230   0.40240   0.83208   0.09057   0.13299   0.40965   0.35831   0.01110   0.38593   0.05385   0.38419   0.20915   0.66636   0.90726   0.54480   1.83219   0.97622   0.84518   2.06770   1.00000  
 57  0.0000  27272.599955  x:  0.54096   0.17228   0.54783   0.21257   0.20224   0.20453   0.86947   0.04676   0.84694   0.06545   0.03559   0.43804   0.04685   0.04275   0.89522   0.70230   0.40240   0.83208   0.09057   0.13299   0.40965   0.35831   0.01110   0.38593   0.05385   0.38419   0.20915   0.66636   0.90726   0.54480   1.83219   0.97622   0.84518   2.06770   1.00000  