

Model 7: beta

TREE # 1

  0  0.0000  13293.024488  x:  0.02156   0.05146   0.08937   0.03624   0.04214   0.10254   0.01616   0.01443   0.08979   0.04554   0.10671   0.09667   0.06155   0.01084   0.09397   0.09185   0.01184   0.08229   0.06900   0.05299   0.07743   0.04189   0.10582   0.04934   0.02524   0.09409   0.07721   0.05178   0.07789   0.08055   0.10362   0.07976   0.04654   0.07138   0.05235   0.03333   0.07570   0.09382   0.07918   0.10866   2.00000   0.89791   1.24243  
  1 99.0000  10906.834170  x:  0.33463   0.23262   0.20678   0.45186   0.13246   0.05256   0.00000   0.60351   0.16768   0.22937   0.15152   0.34288   0.19369   2.14220   0.18210   0.10646   0.73237   0.03880   0.03228   0.25303   0.35951   0.64783   0.09405   0.73225   0.38421   0.36029   0.24033   0.55464   0.17792   0.20947   0.20388   0.23509   0.10655   0.26146   0.16109   0.27870   0.21014   0.29730   0.26880   0.42172   1.98629   0.79181   1.28587  
  2 11682.3328  10892.180046  x:  0.35659   0.23929   0.20582   0.45120   0.12212   0.04680   0.22538   0.60069   0.16359   0.23787   0.14694   0.37408   0.18236   2.15224   0.16794   0.08711   0.72206   0.03470   0.02668   0.24875   0.37537   0.65523   0.07705   0.74303   0.37244   0.39461   0.25188   0.56673   0.18755   0.22880   0.22281   0.25608   0.10511   0.27611   0.15844   0.27993   0.23146   0.32932   0.30022   0.44369   1.98221   0.79108   1.28891  
  3 1466.8055  10803.014125  x:  0.40003   0.24901   0.19855   0.44128   0.09208   0.00000   0.21968   0.58041   0.15306   0.25198   0.13347   0.43894   0.15281   2.12752   0.13282   0.04092   0.68057   0.03969   0.02994   0.23522   0.40692   0.65961   0.03907   0.75435   0.33692   0.46514   0.27497   0.58434   0.20546   0.26763   0.26003   0.29735   0.09866   0.30460   0.14979   0.27786   0.27513   0.39308   0.36538   0.48712   1.97185   0.79749   1.29334  
  4 572.9018  10746.650982  x:  0.43843   0.25675   0.19227   0.43494   0.07300   0.04764   0.20955   0.56231   0.14307   0.26293   0.11957   0.49465   0.12685   2.10652   0.10203   0.00000   0.64252   0.03858   0.02653   0.22459   0.43578   0.66460   0.00995   0.76648   0.30623   0.52498   0.29448   0.60145   0.21888   0.29858   0.28841   0.33023   0.09038   0.32831   0.14171   0.27642   0.31137   0.44484   0.42076   0.52553   1.96211   0.80378   1.29778  
  5 1957.1688  10724.064576  x:  0.48468   0.25333   0.18402   0.44603   0.08943   0.05194   0.20613   0.53235   0.11810   0.25820   0.08182   0.54551   0.11141   2.07942   0.08710   0.00000   0.57852   0.02136   0.00540   0.23875   0.48408   0.68474   0.12771   0.80950   0.29601   0.56982   0.30479   0.64312   0.20542   0.29576   0.26928   0.32693   0.04613   0.33751   0.12655   0.27960   0.32694   0.45363   0.46531   0.57177   1.94297   0.82697   1.30711  
  6 251.9422  10707.286804  x:  0.53382   0.24909   0.17556   0.45891   0.10818   0.06069   0.20471   0.50053   0.09108   0.25281   0.04150   0.59821   0.09575   2.05170   0.07247   0.00000   0.51003   0.02754   0.03939   0.25410   0.53536   0.70722   0.25206   0.85688   0.28493   0.61601   0.31533   0.68898   0.18971   0.29102   0.24711   0.32263   0.00000   0.34681   0.11100   0.28368   0.34211   0.46067   0.51164   0.62091   1.92213   0.85244   1.31752  
  7 2609.4494  10701.071272  x:  0.55810   0.24228   0.17622   0.46996   0.11421   0.06432   0.20470   0.48259   0.07754   0.25641   0.04508   0.61086   0.10023   2.03167   0.08537   0.00000   0.46804   0.06960   0.02838   0.25470   0.55458   0.72489   0.29512   0.89369   0.26562   0.62879   0.31971   0.72654   0.17229   0.28021   0.23749   0.33774   0.06053   0.35412   0.12253   0.29537   0.34006   0.45254   0.53050   0.64519   1.90559   0.87576   1.32946  
  8 166.6078  10695.610213  x:  0.57740   0.23543   0.18683   0.48159   0.11166   0.06318   0.20438   0.46978   0.07148   0.26482   0.06360   0.60922   0.10879   2.01088   0.10736   0.00000   0.43463   0.02866   0.04699   0.24750   0.56235   0.74540   0.30092   0.93503   0.23696   0.63057   0.32422   0.76911   0.15612   0.26950   0.23306   0.34395   0.09740   0.35602   0.13313   0.30666   0.33163   0.44328   0.54295   0.66450   1.88670   0.90759   1.34501  
  9 132.4812  10688.991358  x:  0.60634   0.22815   0.22625   0.50510   0.09543   0.05889   0.20609   0.45783   0.07282   0.27548   0.08509   0.58179   0.11019   1.97017   0.14130   0.00000   0.39731   0.04787   0.03533   0.22303   0.55918   0.79225   0.26241   1.02762   0.18219   0.61365   0.33135   0.85789   0.13948   0.25951   0.23681   0.31649   0.05884   0.34298   0.12975   0.31601   0.30977   0.43672   0.55764   0.69344   1.84723   0.98277   1.38879  
 10 96.2117  10682.996697  x:  0.61747   0.22851   0.24827   0.52307   0.09559   0.05357   0.20660   0.44852   0.05583   0.24812   0.03169   0.55057   0.07533   1.90034   0.14022   0.00000   0.41034   0.04325   0.03509   0.21918   0.55130   0.83949   0.23064   1.12756   0.22069   0.58083   0.32095   0.93006   0.15203   0.27658   0.26455   0.33298   0.06485   0.35101   0.12787   0.31272   0.31324   0.44764   0.56107   0.70457   1.81417   1.04378   1.48154  
 11 62.2221  10673.560348  x:  0.61890   0.22133   0.23779   0.53132   0.10860   0.04734   0.20586   0.44745   0.03869   0.26409   0.11479   0.58135   0.07365   1.73031   0.16795   0.00000   0.48822   0.05008   0.03281   0.24702   0.55448   0.90979   0.19392   1.28982   0.33535   0.59565   0.33277   1.02317   0.17975   0.30419   0.27491   0.36548   0.03777   0.37704   0.11800   0.29655   0.35848   0.47001   0.56252   0.70600   1.77428   1.12874   1.73014  
 12 90.5238  10660.127140  x:  0.61252   0.21509   0.18103   0.51698   0.10098   0.02898   0.20795   0.54251   0.07619   0.28246   0.05460   0.68056   0.05638   1.59826   0.12396   0.00000   0.56431   0.04794   0.02829   0.26894   0.58046   0.94826   0.11733   1.40077   0.31267   0.68225   0.38476   1.04205   0.17502   0.27617   0.20551   0.34060   0.04006   0.37465   0.16705   0.34674   0.36748   0.45643   0.56480   0.69962   1.77636   1.26082   2.08149  
 13 72.6324  10639.700848  x:  0.62858   0.27828   0.16588   0.50120   0.12640   0.00516   0.20700   0.67471   0.00000   0.28505   0.00311   0.76840   0.16355   1.52804   0.10810   0.00000   0.57600   0.04408   0.02938   0.25487   0.61920   0.93832   0.10165   1.45482   0.18955   0.78701   0.35614   0.95343   0.20759   0.29913   0.30319   0.33835   0.05838   0.33977   0.09974   0.32154   0.31717   0.52487   0.60552   0.71568   1.81777   1.50054   2.65583  
 14 106.4875  10629.610716  x:  0.64477   0.28908   0.17196   0.49555   0.09681   0.00000   0.20707   0.70304   0.00991   0.28452   0.02861   0.75540   0.14668   1.53904   0.07322   0.00000   0.53806   0.04416   0.03015   0.22912   0.62161   0.91834   0.11685   1.43613   0.18704   0.79300   0.34749   0.92298   0.20420   0.30495   0.31925   0.35486   0.04959   0.35861   0.11251   0.32928   0.33035   0.54176   0.63261   0.73186   1.82781   1.58306   2.82346  
 15 129.9770  10629.610716  x:  0.64477   0.28908   0.17196   0.49555   0.09681   0.00000   0.20707   0.70304   0.00991   0.28452   0.02861   0.75540   0.14668   1.53904   0.07322   0.00000   0.53806   0.04416   0.03015   0.22912   0.62161   0.91834   0.11685   1.43613   0.18704   0.79300   0.34749   0.92298   0.20420   0.30495   0.31925   0.35486   0.04959   0.35861   0.11251   0.32928   0.33035   0.54176   0.63261   0.73186   1.82781   1.58306   2.82346  
 16 92.1903  10613.938426  x:  0.66611   0.28688   0.16761   0.48629   0.08193   0.23248   0.08032   0.67415   0.01524   0.29706   0.03960   0.77416   0.11667   1.51282   0.05753   0.00000   0.49944   0.03513   0.02190   0.21188   0.62882   0.90419   0.07409   1.41178   0.18606   0.81885   0.36241   0.92252   0.21038   0.32933   0.33522   0.39127   0.04991   0.38454   0.11336   0.32369   0.37024   0.57592   0.67083   0.75320   1.82107   1.58308   2.82250  
 17 385.6454  10596.860019  x:  0.67847   0.28526   0.16544   0.48019   0.06914   0.23328   0.00000   0.65630   0.01633   0.30326   0.04410   0.78528   0.10284   1.49697   0.05509   0.00000   0.47854   0.04913   0.04140   0.20366   0.63354   0.89620   0.05615   1.39689   0.19124   0.83359   0.36974   0.92228   0.21333   0.34186   0.34241   0.40841   0.04577   0.39682   0.11240   0.32028   0.39032   0.59400   0.69281   0.76556   1.81708   1.58385   2.82154  
 18 349.2760  10575.966949  x:  0.72280   0.27962   0.16205   0.46119   0.04248   0.21677   0.01126   0.59194   0.01827   0.32422   0.05864   0.82505   0.05670   1.43912   0.05189   0.00000   0.40527   0.05197   0.04363   0.17575   0.65058   0.86761   0.00000   1.34251   0.21366   0.88586   0.39444   0.92130   0.22261   0.38474   0.36587   0.46649   0.02770   0.43811   0.10797   0.30812   0.45950   0.65697   0.77137   0.80989   1.80319   1.58622   2.81819  
 19 214.1909  10566.633677  x:  0.74722   0.27503   0.16276   0.45453   0.04799   0.20375   0.00340   0.55661   0.02090   0.33441   0.06562   0.84730   0.04084   1.40543   0.06166   0.00000   0.37093   0.03147   0.01499   0.16456   0.66058   0.85247   0.00750   1.31153   0.23499   0.91398   0.40600   0.92068   0.22548   0.40566   0.37534   0.49391   0.01426   0.45684   0.10508   0.30238   0.49378   0.68896   0.81467   0.83431   1.79590   1.58699   2.81648  
 20 547.7696  10559.416652  x:  0.76851   0.26912   0.16564   0.45229   0.06873   0.20379   0.00615   0.52627   0.02486   0.34158   0.06992   0.86683   0.03512   1.37399   0.07753   0.00000   0.34874   0.03044   0.02866   0.15898   0.66970   0.84004   0.03565   1.28322   0.25529   0.93771   0.41397   0.92000   0.22547   0.42116   0.38025   0.51367   0.00000   0.46926   0.10259   0.29873   0.52007   0.71411   0.85265   0.85560   1.78998   1.58703   2.81515  
 21 440.3896  10557.009391  x:  0.78331   0.26006   0.16967   0.45500   0.08361   0.20436   0.00699   0.50681   0.02959   0.34099   0.06441   0.87956   0.03848   1.34747   0.08773   0.00000   0.35361   0.05837   0.01550   0.16313   0.67620   0.83385   0.04042   1.25998   0.25124   0.95200   0.41474   0.91937   0.21977   0.42569   0.37692   0.51897   0.00000   0.46937   0.10251   0.30052   0.52992   0.72515   0.87985   0.87040   1.78651   1.58721   2.81383  
 22 149.6217  10548.218919  x:  0.84429   0.21088   0.18971   0.47192   0.11870   0.19964   0.00383   0.43151   0.05247   0.32539   0.02003   0.92854   0.05901   1.22628   0.11464   0.00000   0.41834   0.04211   0.02047   0.19710   0.70239   0.81467   0.01991   1.15524   0.19324   1.00501   0.40700   0.91647   0.18359   0.42984   0.34792   0.52005   0.00000   0.45060   0.10497   0.31702   0.54989   0.75494   0.99444   0.93138   1.77318   1.58981   2.80667  
 23 179.6715  10544.611073  x:  0.87388   0.18101   0.19983   0.47217   0.06791   0.20276   0.00674   0.40427   0.06361   0.31715   0.01340   0.94371   0.05704   1.15462   0.09109   0.00000   0.45098   0.04499   0.01999   0.21087   0.70854   0.80900   0.04989   1.09736   0.19471   1.02521   0.39866   0.91425   0.16291   0.42535   0.32800   0.50608   0.00000   0.43447   0.10233   0.32289   0.54288   0.75680   1.05582   0.96098   1.76813   1.59256   2.80130  
 24 108.3086  10543.250235  x:  0.88826   0.16827   0.21743   0.47631   0.06958   0.20256   0.00613   0.40747   0.06877   0.32288   0.05203   0.93995   0.06695   1.10602   0.07668   0.00000   0.45196   0.04404   0.02020   0.20388   0.70054   0.80776   0.04283   1.06170   0.20413   1.02764   0.39272   0.91023   0.15773   0.42187   0.31671   0.48679   0.00000   0.42554   0.09803   0.32042   0.52104   0.74494   1.09388   0.97535   1.76769   1.59265   2.79749  
 25 53.7327  10542.279319  x:  0.89729   0.16330   0.22770   0.47928   0.08030   0.20243   0.00509   0.41846   0.06057   0.31551   0.03680   0.92559   0.05507   1.06313   0.06782   0.00000   0.43581   0.04436   0.02036   0.19085   0.68654   0.80873   0.03804   1.03318   0.21491   1.01754   0.38718   0.90331   0.16253   0.42124   0.31481   0.47209   0.00000   0.42538   0.10103   0.31703   0.49347   0.72751   1.12837   0.98438   1.76988   1.59077   2.79374  
 26 41.2874  10541.695748  x:  0.90159   0.15953   0.22510   0.47625   0.07055   0.20385   0.00521   0.42679   0.05256   0.31461   0.03020   0.91131   0.06231   1.03265   0.09094   0.00000   0.42135   0.04430   0.02045   0.18340   0.67510   0.81015   0.03611   1.01411   0.21460   1.00560   0.38640   0.89706   0.16831   0.42034   0.31825   0.46738   0.00000   0.42836   0.10595   0.31359   0.47346   0.71263   1.15515   0.98868   1.77255   1.58668   2.79118  
 27 44.2348  10541.375046  x:  0.89975   0.15415   0.20982   0.47091   0.07400   0.20176   0.00539   0.43076   0.05298   0.31917   0.03449   0.89482   0.05995   1.01437   0.08613   0.00000   0.41494   0.04421   0.02035   0.19321   0.67058   0.81206   0.04308   1.00675   0.19820   0.98921   0.39155   0.89181   0.17320   0.41661   0.32719   0.47868   0.00000   0.43099   0.10780   0.30847   0.46927   0.70241   1.17726   0.98685   1.77519   1.57711   2.78980  
 28 14.9621  10541.126834  x:  0.89312   0.14996   0.20304   0.46446   0.07687   0.20043   0.00521   0.42902   0.05460   0.31791   0.03309   0.88179   0.06341   1.00729   0.08621   0.00000   0.42507   0.04376   0.02036   0.19946   0.66915   0.80898   0.03690   1.00732   0.21387   0.97030   0.39137   0.88681   0.17932   0.41051   0.33328   0.48640   0.00000   0.42604   0.10243   0.30608   0.48064   0.69691   1.20168   0.98022   1.77610   1.56096   2.78781  
 29  8.9224  10540.678288  x:  0.87844   0.14876   0.22021   0.46069   0.07453   0.19588   0.00515   0.42179   0.05680   0.31091   0.03662   0.87203   0.06317   1.01097   0.08593   0.00000   0.42583   0.04342   0.02029   0.18499   0.66668   0.79505   0.04249   1.01714   0.20391   0.94558   0.38412   0.88059   0.19294   0.40010   0.33398   0.47950   0.00000   0.42281   0.10588   0.31749   0.50511   0.69612   1.24754   0.96553   1.77164   1.53093   2.77872  
 30  9.7576  10540.061490  x:  0.86287   0.13964   0.22028   0.47174   0.07287   0.19052   0.00481   0.40927   0.05287   0.30874   0.03538   0.87743   0.06068   1.02751   0.08883   0.00000   0.40836   0.04307   0.02025   0.18946   0.67182   0.78755   0.04327   1.02898   0.19916   0.93833   0.38677   0.87712   0.19426   0.38089   0.32130   0.46307   0.00000   0.42623   0.08471   0.30458   0.50489   0.69966   1.29341   0.94997   1.76291   1.50556   2.75691  
 31 11.5108  10539.247214  x:  0.84665   0.13457   0.21555   0.48095   0.07335   0.18147   0.00455   0.40099   0.05583   0.31173   0.03536   0.88986   0.05991   1.04943   0.08848   0.00000   0.39541   0.04224   0.02038   0.20036   0.67694   0.78427   0.04140   1.03954   0.20690   0.94231   0.39357   0.87587   0.19616   0.36266   0.31044   0.45696   0.02949   0.43490   0.10063   0.30698   0.48918   0.70719   1.34488   0.93374   1.75332   1.47849   2.72053  
 32 26.4000  10537.060386  x:  0.83373   0.15183   0.21200   0.47075   0.07655   0.16411   0.00435   0.40341   0.06825   0.32342   0.03275   0.90875   0.05826   1.07835   0.08745   0.00000   0.40051   0.04088   0.02051   0.20788   0.67695   0.78887   0.04277   1.04812   0.21509   0.96546   0.40509   0.87931   0.21266   0.35838   0.31111   0.45899   0.00000   0.43868   0.12143   0.30736   0.45766   0.72376   1.40916   0.92083   1.74568   1.45231   2.64671  
 33 28.1326  10533.380412  x:  0.82890   0.18703   0.21158   0.45628   0.08229   0.12187   0.00357   0.42299   0.04067   0.32323   0.03441   0.93498   0.05939   1.12150   0.08542   0.00000   0.42954   0.03784   0.02062   0.17843   0.66519   0.80584   0.05902   1.05728   0.20531   1.02150   0.38454   0.88903   0.23237   0.36701   0.33630   0.50704   0.02183   0.42712   0.09271   0.28155   0.42888   0.74453   1.50727   0.91600   1.75181   1.42006   2.46301  
 34 47.2085  10527.854850  x:  0.85461   0.16784   0.18752   0.47829   0.09023   0.06357   0.00241   0.46472   0.02989   0.31698   0.03997   0.93003   0.04744   1.13574   0.09879   0.00000   0.40343   0.03346   0.02107   0.16221   0.66848   0.83816   0.06760   1.06041   0.21642   1.06526   0.37084   0.91217   0.18717   0.35873   0.34564   0.52897   0.00000   0.43175   0.09055   0.32136   0.49576   0.73019   1.55195   0.94171   1.80005   1.39354   2.21626  
 35 47.3044  10526.175551  x:  0.87108   0.17922   0.21259   0.47515   0.08630   0.04659   0.00220   0.46381   0.05510   0.32520   0.02938   0.92250   0.05283   1.12106   0.10078   0.00000   0.39423   0.03247   0.02093   0.18113   0.68330   0.83849   0.07052   1.05969   0.21496   1.05487   0.39793   0.91845   0.19598   0.38856   0.34907   0.50569   0.00000   0.44216   0.08071   0.30671   0.51598   0.72732   1.53476   0.95818   1.81340   1.36904   2.15744  
 36 31.6513  10525.480593  x:  0.88069   0.17673   0.20242   0.46905   0.08950   0.03932   0.00193   0.43246   0.03349   0.32956   0.03378   0.92091   0.05403   1.10665   0.09686   0.00000   0.39707   0.03186   0.02097   0.17809   0.68943   0.82779   0.07140   1.06063   0.21595   1.03941   0.40072   0.91256   0.20101   0.40645   0.34525   0.48944   0.00000   0.44487   0.09123   0.30115   0.51322   0.73328   1.50828   0.96779   1.80992   1.34865   2.14056  
 37 19.5141  10525.087321  x:  0.88466   0.16343   0.19389   0.46145   0.09138   0.03503   0.00207   0.41819   0.05378   0.32873   0.03474   0.92447   0.04411   1.09424   0.10258   0.00000   0.39480   0.03156   0.02099   0.16269   0.68614   0.81323   0.07128   1.06014   0.21586   1.02577   0.39414   0.90717   0.19895   0.41009   0.33740   0.49594   0.00000   0.43881   0.08972   0.29770   0.49941   0.74300   1.48165   0.97177   1.79702   1.33089   2.14125  
 38 14.4279  10524.864190  x:  0.88382   0.15687   0.20501   0.45821   0.08988   0.03266   0.00215   0.41976   0.05041   0.32281   0.03515   0.92956   0.04765   1.08564   0.10186   0.00000   0.38345   0.03135   0.02102   0.17547   0.68242   0.80753   0.07077   1.05359   0.21703   1.02357   0.38565   0.89582   0.20157   0.40854   0.33523   0.51009   0.00000   0.43567   0.08667   0.30500   0.49477   0.75174   1.46384   0.97092   1.78288   1.32057   2.14884  
 39  7.8425  10524.424610  x:  0.87477   0.15296   0.19983   0.46869   0.08823   0.02988   0.00305   0.43273   0.04547   0.32727   0.03335   0.93513   0.04566   1.07255   0.10192   0.00000   0.39140   0.03130   0.02103   0.17270   0.66270   0.79827   0.07231   1.02767   0.21696   1.03744   0.40371   0.87505   0.21759   0.39349   0.33696   0.50485   0.00000   0.44346   0.08331   0.30642   0.50956   0.76119   1.43962   0.96188   1.75934   1.32204   2.18413  
 40  5.2758  10523.731767  x:  0.86712   0.16265   0.19205   0.44306   0.09063   0.02936   0.00430   0.41874   0.05003   0.33007   0.03618   0.93153   0.03215   1.06262   0.10949   0.00000   0.37906   0.03166   0.02132   0.18305   0.67182   0.79723   0.07014   1.00363   0.21645   1.05661   0.38330   0.87867   0.24162   0.37136   0.33555   0.48622   0.00000   0.43039   0.09016   0.29568   0.52563   0.75545   1.42192   0.95423   1.76214   1.35309   2.24708  
 41  8.2957  10523.019021  x:  0.87072   0.16461   0.19691   0.44185   0.08857   0.02707   0.00569   0.38966   0.05580   0.33085   0.02648   0.92539   0.05976   1.05701   0.09382   0.00000   0.36566   0.03168   0.02173   0.16671   0.68982   0.79610   0.06874   1.00208   0.21927   1.05988   0.38725   0.89836   0.24597   0.35804   0.33523   0.49952   0.00000   0.43708   0.09154   0.29547   0.52203   0.74437   1.41590   0.95783   1.78862   1.38711   2.31360  
 42 14.0470  10522.388111  x:  0.88560   0.16036   0.21630   0.45668   0.08365   0.02587   0.00678   0.37344   0.04865   0.33090   0.03690   0.91825   0.03679   1.05601   0.10603   0.00000   0.37491   0.03218   0.02231   0.16852   0.70505   0.79955   0.06717   1.02002   0.22366   1.04716   0.39847   0.91292   0.23596   0.36838   0.34082   0.51288   0.00000   0.44740   0.08893   0.30407   0.50703   0.74217   1.42160   0.97270   1.81075   1.41485   2.37325  
 43 16.6201  10521.588803  x:  0.92793   0.14585   0.20572   0.44852   0.08195   0.02617   0.00843   0.39574   0.04490   0.32447   0.03859   0.93132   0.04423   1.06429   0.10208   0.00000   0.36841   0.03302   0.02309   0.17252   0.70251   0.80648   0.06509   1.06724   0.22586   1.01112   0.40211   0.91477   0.19861   0.42529   0.34823   0.49656   0.00000   0.43965   0.09147   0.30636   0.50592   0.76571   1.44844   1.01503   1.80201   1.45409   2.44883  
 44 12.6439  10521.322152  x:  0.93762   0.15345   0.20515   0.45235   0.07919   0.02662   0.00868   0.39875   0.04591   0.33630   0.03635   0.92883   0.04403   1.07064   0.10121   0.00000   0.36969   0.03358   0.02356   0.17407   0.69643   0.80695   0.06430   1.06711   0.22721   1.00702   0.38967   0.90924   0.18293   0.45149   0.32162   0.50602   0.00000   0.45217   0.09764   0.29610   0.51537   0.75371   1.45143   1.02473   1.79090   1.45541   2.46911  
 45  6.3582  10520.851558  x:  0.93423   0.16491   0.20329   0.45055   0.07549   0.03054   0.00843   0.38284   0.04811   0.33637   0.03637   0.91574   0.04111   1.07690   0.10073   0.00000   0.35766   0.03523   0.02486   0.17091   0.69355   0.79905   0.06096   1.03891   0.22871   1.02072   0.40536   0.89874   0.14879   0.48970   0.32138   0.50949   0.00000   0.43472   0.09214   0.30758   0.51889   0.74248   1.43926   1.02134   1.77734   1.44437   2.50020  
 46  4.8949  10520.532691  x:  0.92629   0.15945   0.20633   0.44824   0.07282   0.03271   0.00822   0.38127   0.05284   0.32706   0.03895   0.91722   0.04192   1.06589   0.09933   0.00000   0.35822   0.03637   0.02577   0.16974   0.69818   0.79153   0.05847   1.02322   0.23091   1.02673   0.39624   0.89659   0.12959   0.49897   0.34095   0.50480   0.00000   0.45767   0.09595   0.29783   0.52168   0.75377   1.42426   1.01339   1.77806   1.43884   2.51614  
 47  7.7379  10520.234732  x:  0.92274   0.15383   0.20741   0.45336   0.06870   0.03605   0.00791   0.38689   0.04859   0.33935   0.03692   0.93836   0.03928   1.02921   0.09976   0.00000   0.35549   0.03783   0.02675   0.16820   0.70318   0.78685   0.05583   1.02999   0.23244   1.01719   0.40046   0.90158   0.15503   0.48404   0.33013   0.51126   0.00000   0.45368   0.09713   0.29683   0.52904   0.77744   1.40441   1.00984   1.78492   1.45222   2.52308  
 48  5.0776  10520.164798  x:  0.93199   0.14824   0.20661   0.44818   0.06899   0.03701   0.00786   0.38217   0.05072   0.32852   0.04003   0.93742   0.03942   1.02821   0.09979   0.00000   0.35650   0.03820   0.02700   0.16945   0.69829   0.79055   0.05494   1.03306   0.23290   1.01835   0.40488   0.90090   0.17310   0.47365   0.32542   0.51185   0.00000   0.46129   0.09386   0.30047   0.52954   0.77723   1.39904   1.01909   1.77979   1.45673   2.52516  
 49  3.8697  10520.107309  x:  0.94649   0.13458   0.21073   0.45295   0.06763   0.03747   0.00781   0.37955   0.05206   0.33266   0.03859   0.93248   0.04017   1.03644   0.09919   0.00000   0.35626   0.03850   0.02720   0.16981   0.69642   0.79202   0.05438   1.03290   0.23340   1.02174   0.40353   0.89881   0.19061   0.46079   0.33282   0.51218   0.00000   0.45771   0.09784   0.29555   0.53022   0.77551   1.39386   1.03360   1.77482   1.45537   2.52946  
 50  3.7526  10520.085590  x:  0.95101   0.13011   0.20970   0.44948   0.06801   0.03764   0.00782   0.38414   0.05056   0.33687   0.03744   0.93354   0.04000   1.04016   0.09878   0.00000   0.35748   0.03861   0.02724   0.16908   0.70099   0.78862   0.05421   1.03009   0.23317   1.02317   0.40264   0.89851   0.19587   0.45828   0.33260   0.51096   0.00000   0.45969   0.09480   0.29947   0.52865   0.77368   1.39205   1.03812   1.77748   1.45125   2.53463  
 51  1.7885  10520.039608  x:  0.95338   0.13057   0.20481   0.45577   0.06699   0.03734   0.00794   0.38999   0.05110   0.32810   0.03991   0.93745   0.04029   1.04136   0.09868   0.00000   0.35806   0.03870   0.02735   0.16987   0.70383   0.78608   0.05360   1.02478   0.23318   1.02378   0.40223   0.90053   0.20205   0.46048   0.33054   0.51098   0.00000   0.45628   0.09687   0.29780   0.52869   0.77099   1.38811   1.04049   1.78346   1.44686   2.54592  
 52  1.1121  10519.727476  x:  0.94738   0.12015   0.21335   0.44351   0.06820   0.03650   0.00842   0.39512   0.04668   0.32345   0.03879   0.94234   0.04065   1.03301   0.09973   0.00000   0.36696   0.03998   0.02787   0.17321   0.68514   0.79525   0.04851   1.00778   0.23272   1.01841   0.41351   0.90804   0.18980   0.45579   0.32193   0.50736   0.00000   0.44707   0.10479   0.28917   0.53037   0.75956   1.35813   1.03449   1.78851   1.46366   2.61133  
 53  2.3743  10519.367545  x:  0.93942   0.12994   0.20777   0.45693   0.06627   0.03584   0.00926   0.39023   0.05699   0.33217   0.03455   0.93190   0.04623   1.01409   0.09843   0.00000   0.37634   0.04152   0.02851   0.18197   0.67400   0.79971   0.04218   0.99669   0.23414   1.01130   0.39981   0.90403   0.18519   0.45704   0.32822   0.49447   0.00000   0.44645   0.09586   0.30664   0.52496   0.75051   1.32526   1.02653   1.77541   1.49997   2.68024  
 54 11.9051  10519.295115  x:  0.93927   0.13496   0.20845   0.45659   0.06597   0.03569   0.00943   0.39494   0.05777   0.32858   0.03463   0.92104   0.04732   1.00784   0.09884   0.00000   0.37916   0.04186   0.02866   0.18065   0.68709   0.79078   0.04093   1.00010   0.23433   1.01405   0.40278   0.89052   0.17989   0.45220   0.32596   0.49477   0.00000   0.44446   0.09868   0.30399   0.52339   0.74883   1.31909   1.02638   1.76853   1.51242   2.68932  
 55  4.9815  10519.289611  x:  0.93987   0.13639   0.20840   0.45642   0.06584   0.03568   0.00947   0.39399   0.05866   0.32895   0.03438   0.92059   0.04736   1.00710   0.09874   0.00000   0.37895   0.04186   0.02868   0.18126   0.68442   0.79044   0.04073   1.00264   0.23424   1.01626   0.40227   0.88520   0.17900   0.45129   0.32552   0.49423   0.00000   0.44424   0.09857   0.30393   0.52314   0.74979   1.31862   1.02698   1.77348   1.50971   2.68597  
 56  0.6665  10519.197908  x:  0.94034   0.14056   0.20849   0.45599   0.06519   0.03535   0.01068   0.39498   0.05642   0.32872   0.03435   0.92159   0.04679   1.00667   0.09822   0.00000   0.37812   0.04217   0.02914   0.18075   0.68560   0.79112   0.03729   1.00829   0.23403   1.01610   0.40177   0.89188   0.17714   0.45002   0.32903   0.49473   0.00000   0.44472   0.09876   0.30374   0.52285   0.74275   1.30882   1.02745   1.77552   1.45050   2.53856  
 57  0.6260  10519.187702  x:  0.93878   0.13716   0.20873   0.45633   0.06510   0.03530   0.01084   0.39486   0.05682   0.32841   0.03446   0.91797   0.04718   1.01080   0.09807   0.00000   0.37811   0.04222   0.02919   0.18031   0.68653   0.79280   0.03707   1.00351   0.23390   1.01319   0.40149   0.88958   0.17927   0.45289   0.32630   0.49499   0.00000   0.44486   0.09874   0.30382   0.52234   0.74781   1.30843   1.02589   1.77864   1.44939   2.52435  
 58  1.7489  10519.146631  x:  0.93358   0.13610   0.20807   0.45541   0.06492   0.03445   0.01128   0.39553   0.05688   0.32845   0.03503   0.92579   0.04536   1.01816   0.09763   0.00000   0.37630   0.04235   0.02960   0.18066   0.68327   0.78619   0.03544   1.00333   0.23365   1.01404   0.40149   0.88516   0.18283   0.45229   0.33116   0.49699   0.00000   0.44589   0.09854   0.30364   0.52358   0.73994   1.31663   1.02070   1.77953   1.47201   2.55561  
 59  0.1864  10519.104795  x:  0.93074   0.14226   0.20600   0.45507   0.06444   0.03357   0.01171   0.40000   0.05474   0.32918   0.03461   0.91875   0.04444   1.02060   0.09738   0.00000   0.37452   0.04246   0.03000   0.17719   0.68421   0.79499   0.03396   1.00589   0.23287   1.02151   0.40061   0.89008   0.18312   0.44645   0.33026   0.49784   0.00000   0.44659   0.09751   0.30379   0.52477   0.74802   1.32488   1.01786   1.77674   1.48198   2.59645  
 60  2.9157  10519.085190  x:  0.93114   0.14519   0.20587   0.45524   0.06536   0.03395   0.01213   0.39942   0.05353   0.32879   0.03440   0.91522   0.04476   1.02207   0.09748   0.00000   0.37402   0.04180   0.02980   0.17966   0.67936   0.78498   0.03444   1.00478   0.23202   1.01867   0.40025   0.89468   0.18266   0.44251   0.32890   0.49753   0.00000   0.44682   0.09736   0.30293   0.52319   0.75186   1.32081   1.01826   1.77666   1.48677   2.61006  
 61  0.0754  10519.047300  x:  0.92744   0.14247   0.20645   0.45557   0.06737   0.03455   0.01304   0.39644   0.05387   0.32814   0.03411   0.91942   0.04459   1.02037   0.09788   0.00000   0.37344   0.04048   0.02937   0.17593   0.68465   0.79176   0.03546   1.00656   0.23046   1.01528   0.39935   0.88784   0.18630   0.44190   0.32923   0.49707   0.00000   0.44700   0.09699   0.30183   0.52152   0.74911   1.31234   1.01456   1.77350   1.49176   2.63751  
 62  1.4378  10519.046470  x:  0.92676   0.14069   0.20646   0.45558   0.06739   0.03454   0.01307   0.39656   0.05384   0.32813   0.03398   0.91848   0.04473   1.01966   0.09786   0.00000   0.37347   0.04046   0.02936   0.17612   0.68439   0.79113   0.03549   1.00779   0.23043   1.01700   0.39923   0.88846   0.18710   0.44336   0.32891   0.49701   0.00000   0.44694   0.09701   0.30183   0.52151   0.74883   1.31239   1.01388   1.77345   1.49177   2.63779  
 63  0.2439  10519.011923  x:  0.92848   0.14134   0.20566   0.45518   0.06463   0.03356   0.01450   0.39554   0.05577   0.32997   0.03447   0.92116   0.04489   1.01795   0.09746   0.00000   0.37478   0.04102   0.02909   0.17755   0.68484   0.79084   0.03837   1.00489   0.23039   1.01957   0.40161   0.88799   0.18506   0.44380   0.32920   0.49819   0.00000   0.44669   0.09704   0.30221   0.52524   0.75133   1.31809   1.01559   1.77252   1.48986   2.63108  
 64  0.0165  10519.007480  x:  0.92985   0.14072   0.20597   0.45543   0.06586   0.03372   0.01490   0.39631   0.05588   0.32957   0.03437   0.92100   0.04462   1.01701   0.09802   0.00000   0.37431   0.04149   0.02915   0.17776   0.68426   0.79127   0.03756   1.00357   0.23153   1.02053   0.40168   0.88812   0.18565   0.44329   0.32934   0.49792   0.00000   0.44688   0.09728   0.30263   0.52554   0.75063   1.31904   1.01697   1.77282   1.48966   2.62905  
 65  0.0042  10519.007265  x:  0.92978   0.14078   0.20611   0.45542   0.06564   0.03378   0.01499   0.39617   0.05573   0.32945   0.03440   0.92091   0.04467   1.01717   0.09796   0.00000   0.37441   0.04145   0.02922   0.17757   0.68426   0.79116   0.03750   1.00371   0.23170   1.02020   0.40142   0.88812   0.18550   0.44348   0.32916   0.49770   0.00000   0.44678   0.09722   0.30254   0.52513   0.75059   1.31982   1.01690   1.77274   1.48992   2.63002  
 66  0.0015  10519.007254  x:  0.92976   0.14083   0.20605   0.45539   0.06567   0.03377   0.01500   0.39621   0.05572   0.32948   0.03441   0.92089   0.04466   1.01720   0.09796   0.00000   0.37436   0.04143   0.02926   0.17757   0.68427   0.79118   0.03756   1.00378   0.23169   1.02017   0.40144   0.88813   0.18545   0.44355   0.32921   0.49775   0.00000   0.44678   0.09724   0.30254   0.52514   0.75060   1.31965   1.01689   1.77278   1.48997   2.62998  
 67  0.0002  10519.007253  x:  0.92976   0.14082   0.20606   0.45540   0.06567   0.03377   0.01500   0.39619   0.05573   0.32948   0.03441   0.92090   0.04467   1.01720   0.09796   0.00000   0.37437   0.04143   0.02927   0.17758   0.68427   0.79118   0.03756   1.00376   0.23169   1.02019   0.40145   0.88813   0.18547   0.44352   0.32920   0.49774   0.00000   0.44678   0.09723   0.30254   0.52514   0.75060   1.31964   1.01688   1.77278   1.48995   2.62997  
 68  0.0001  10519.007253  x:  0.92976   0.14082   0.20606   0.45540   0.06567   0.03377   0.01500   0.39620   0.05573   0.32948   0.03441   0.92090   0.04467   1.01720   0.09796   0.00000   0.37437   0.04143   0.02927   0.17757   0.68427   0.79118   0.03756   1.00376   0.23169   1.02019   0.40144   0.88813   0.18546   0.44352   0.32920   0.49774   0.00000   0.44678   0.09723   0.30254   0.52514   0.75060   1.31964   1.01688   1.77278   1.48995   2.62997  
 69  0.0000  10519.007253  x:  0.92976   0.14082   0.20606   0.45540   0.06567   0.03377   0.01500   0.39620   0.05573   0.32948   0.03441   0.92090   0.04467   1.01720   0.09796   0.00000   0.37437   0.04143   0.02927   0.17757   0.68427   0.79118   0.03756   1.00376   0.23169   1.02019   0.40144   0.88813   0.18546   0.44352   0.32920   0.49774   0.00000   0.44678   0.09723   0.30254   0.52514   0.75060   1.31964   1.01688   1.77278   1.48995   2.62997  

Model 8: beta&w>1

TREE # 1

  0  0.0000  12780.515027  x:  0.07978   0.07049   0.02608   0.02439   0.09284   0.02997   0.09366   0.09789   0.07235   0.05128   0.01323   0.07790   0.02101   0.08552   0.06731   0.03182   0.05219   0.10528   0.10559   0.10405   0.02233   0.08829   0.10510   0.01274   0.05130   0.07371   0.07988   0.07138   0.02263   0.08936   0.01992   0.07128   0.03093   0.02336   0.01386   0.03582   0.01869   0.08871   0.08539   0.03239   1.77278   0.90000   0.29611   1.94131   2.37843  
  1 99.0000  11593.625900  x:  0.13817   0.08872   0.06482   0.12113   0.07970   0.00785   0.06324   0.10800   0.07411   0.07353   0.04533   0.13327   0.04208   0.13684   0.06117   0.02451   0.06883   0.07655   0.07601   0.10570   0.16560   0.13631   0.09294   0.42090   0.09734   0.13449   0.09332   0.11971   0.05115   0.10865   0.08824   0.09576   0.04241   0.14244   0.07866   0.08662   0.13424   0.12771   0.11371   0.09078   1.77358   0.99557   0.27523   1.94423   2.37709  
  2 10983.2060  11526.359144  x:  0.16584   0.09936   0.07824   0.14385   0.07253   0.00356   0.04478   0.11673   0.07822   0.08698   0.05429   0.16288   0.04923   0.16816   0.06133   0.02318   0.08464   0.05817   0.05706   0.10682   0.19782   0.15945   0.08348   0.48916   0.10280   0.16647   0.10656   0.14875   0.06522   0.12150   0.10976   0.11149   0.04530   0.16620   0.08900   0.09910   0.15854   0.15005   0.13336   0.11845   1.77274   0.84502   0.27498   1.94217   2.37582  
  3 5901.5064  11322.587752  x:  0.21067   0.11489   0.09042   0.14978   0.05405   0.06335   0.00000   0.13273   0.08460   0.10823   0.05424   0.21462   0.05153   0.22669   0.06118   0.01872   0.11733   0.01062   0.00746   0.10644   0.20525   0.19888   0.05639   0.45054   0.08620   0.22016   0.13380   0.20237   0.08382   0.14402   0.12693   0.13931   0.04255   0.16214   0.07515   0.10037   0.16154   0.19115   0.17633   0.16328   1.77737   0.85658   0.28536   1.93804   2.35610  
  4 1789.8664  11268.821125  x:  0.23967   0.12455   0.09853   0.15500   0.04417   0.07835   0.03965   0.14288   0.08738   0.12095   0.05283   0.24789   0.05164   0.26413   0.06050   0.01604   0.13675   0.00249   0.00139   0.10635   0.21133   0.22485   0.03920   0.42475   0.07773   0.25482   0.15045   0.23653   0.09499   0.15834   0.13769   0.15714   0.04048   0.16082   0.06687   0.10270   0.16445   0.21769   0.20447   0.19228   1.78081   0.86558   0.29510   1.93452   2.34109  
  5 3388.2613  11156.238997  x:  0.30706   0.14695   0.11719   0.16734   0.02082   0.11567   0.10079   0.16646   0.09397   0.15056   0.04970   0.32519   0.05207   0.35114   0.05910   0.01014   0.18191   0.01797   0.03172   0.10629   0.22572   0.28519   0.00000   0.36564   0.05876   0.33535   0.18919   0.31586   0.12101   0.19165   0.16281   0.19861   0.03580   0.15809   0.04803   0.10836   0.17142   0.27935   0.26980   0.25967   1.78878   0.88630   0.31799   1.92629   2.30624  
  6 22798.8223  10948.121235  x:  0.49250   0.20184   0.15988   0.22169   0.01821   0.05557   0.19000   0.23285   0.10106   0.22208   0.02371   0.53805   0.04584   0.59284   0.07080   0.07491   0.29412   0.07692   0.04681   0.12598   0.27420   0.45716   0.31991   0.14792   0.15921   0.55963   0.28942   0.53079   0.18330   0.28437   0.22261   0.31464   0.02527   0.17131   0.02947   0.15989   0.19481   0.45108   0.45918   0.44511   1.81532   0.96012   0.45909   1.88227   2.17154  
  7 2452.5547  10914.531775  x:  0.50519   0.20380   0.15553   0.22277   0.06809   0.00000   0.17791   0.24497   0.10053   0.22794   0.01756   0.55338   0.03791   0.61401   0.06615   0.06268   0.29713   0.06859   0.04852   0.13342   0.25877   0.47111   0.30258   0.13409   0.16245   0.57786   0.30019   0.54736   0.18227   0.29418   0.21441   0.32782   0.02950   0.17519   0.05266   0.17654   0.18444   0.46619   0.48439   0.45779   1.81198   0.97048   0.51356   1.86669   2.15574  
  8 540.4623  10897.397522  x:  0.51332   0.20052   0.13841   0.22029   0.15196   0.03241   0.18780   0.26336   0.09519   0.23093   0.00719   0.56463   0.02282   0.63489   0.06030   0.04517   0.28906   0.06424   0.05649   0.15125   0.22754   0.48464   0.30071   0.14387   0.18761   0.59474   0.31108   0.55985   0.17099   0.30565   0.18883   0.34326   0.03642   0.18381   0.08980   0.20549   0.16383   0.48115   0.52129   0.46592   1.80269   0.97146   0.62523   1.83465   2.12944  
  9 613.6441  10878.699476  x:  0.50983   0.19246   0.10407   0.18486   0.12953   0.02651   0.18846   0.28737   0.08517   0.23727   0.04281   0.56872   0.04580   0.65104   0.08533   0.04069   0.27487   0.06219   0.05744   0.18551   0.20361   0.49388   0.29082   0.18223   0.21209   0.60665   0.32248   0.56363   0.14552   0.31984   0.14346   0.35445   0.03420   0.17035   0.05072   0.19822   0.14639   0.49365   0.57131   0.46244   1.78640   0.97330   0.77397   1.78939   2.09272  
 10 293.7550  10866.813439  x:  0.49442   0.18950   0.09420   0.19936   0.06520   0.02538   0.18446   0.31211   0.07687   0.22795   0.02542   0.55640   0.03252   0.64745   0.09608   0.03127   0.25387   0.06459   0.05158   0.21911   0.23175   0.49571   0.27172   0.16507   0.21400   0.59891   0.32328   0.55237   0.11806   0.33745   0.12474   0.35770   0.04836   0.20305   0.05706   0.20049   0.18670   0.50220   0.61554   0.44703   1.76964   0.97289   0.90036   1.75038   2.05659  
 11 222.3726  10863.749832  x:  0.48339   0.19886   0.12319   0.23566   0.06319   0.02617   0.18313   0.32423   0.08261   0.22799   0.01945   0.54743   0.03869   0.63667   0.10747   0.03952   0.25566   0.06981   0.04658   0.22182   0.23948   0.49183   0.26623   0.16615   0.20290   0.58729   0.31983   0.54235   0.10626   0.35364   0.14377   0.35101   0.04381   0.18933   0.04595   0.19270   0.18569   0.50910   0.63856   0.43600   1.76524   0.97255   0.94464   1.74015   2.02746  
 12 98.5583  10862.589190  x:  0.47749   0.20728   0.13067   0.22954   0.05334   0.02695   0.18330   0.32379   0.08933   0.23299   0.02768   0.54376   0.04398   0.62675   0.10945   0.04259   0.26411   0.06950   0.04670   0.21231   0.23721   0.48918   0.26678   0.16775   0.19427   0.57870   0.31696   0.53591   0.09583   0.36654   0.16014   0.34600   0.04098   0.18931   0.06376   0.19665   0.18083   0.51349   0.65608   0.43010   1.76718   0.97179   0.95799   1.74322   1.99398  
 13 57.6079  10860.087330  x:  0.46757   0.22789   0.12462   0.20905   0.05684   0.02596   0.18061   0.31024   0.10094   0.23827   0.01807   0.53771   0.03095   0.60131   0.09476   0.03445   0.28148   0.06384   0.04967   0.18354   0.24773   0.48662   0.26682   0.17785   0.18362   0.55766   0.30888   0.52112   0.06267   0.39766   0.17915   0.33845   0.03436   0.19953   0.04870   0.19060   0.18539   0.51773   0.70369   0.42017   1.77905   0.96658   0.97101   1.76653   1.87961  
 14 73.5226  10855.631623  x:  0.45342   0.25399   0.10128   0.22099   0.07325   0.02896   0.17544   0.28077   0.10482   0.24226   0.04075   0.53018   0.05261   0.56376   0.09004   0.02711   0.29140   0.06034   0.04907   0.15045   0.27428   0.47934   0.25156   0.17570   0.17882   0.53147   0.29415   0.49538   0.00000   0.44023   0.17168   0.33208   0.03204   0.21061   0.04276   0.19069   0.20790   0.50795   0.78102   0.40603   1.80615   0.95657   0.97206   1.82511   1.63577  
 15 165.8207  10855.631623  x:  0.45342   0.25399   0.10128   0.22099   0.07325   0.02896   0.17544   0.28077   0.10482   0.24226   0.04075   0.53018   0.05261   0.56376   0.09004   0.02711   0.29140   0.06034   0.04907   0.15045   0.27428   0.47934   0.25156   0.17570   0.17882   0.53147   0.29415   0.49538   0.00000   0.44023   0.17168   0.33208   0.03204   0.21061   0.04276   0.19069   0.20790   0.50795   0.78102   0.40603   1.80615   0.95657   0.97206   1.82511   1.63577  
 16 415.4886  10799.097403  x:  0.45914   0.25485   0.10664   0.23092   0.07335   0.02236   0.15749   0.28255   0.10429   0.24302   0.04135   0.53477   0.05234   0.56902   0.08883   0.02416   0.29086   0.04948   0.03817   0.15250   0.28615   0.48338   0.24142   0.22270   0.18173   0.53736   0.29542   0.50008   0.00433   0.44099   0.17676   0.33456   0.03398   0.22172   0.05384   0.19681   0.21771   0.51057   0.78255   0.41174   1.80636   0.99999   0.96891   1.82655   1.63320  
 17 975.9805  10713.405690  x:  0.47861   0.25775   0.12468   0.26432   0.07425   0.00239   0.09717   0.28882   0.10261   0.24590   0.04378   0.55055   0.05197   0.58694   0.08525   0.01447   0.28955   0.01515   0.00395   0.15967   0.32616   0.49719   0.20722   0.37372   0.19083   0.55742   0.29994   0.51609   0.01885   0.44359   0.19396   0.34316   0.04038   0.25870   0.08965   0.21718   0.25050   0.51955   0.78785   0.43122   1.80627   0.98896   0.95752   1.83142   1.62632  
 18 2019.1159  10637.703998  x:  0.50913   0.26170   0.15080   0.31381   0.07666   0.04127   0.00475   0.29840   0.09995   0.25052   0.04737   0.57560   0.05190   0.61524   0.08068   0.00000   0.28853   0.01720   0.06688   0.17049   0.38637   0.51880   0.15247   0.57981   0.20039   0.58902   0.30726   0.54126   0.04027   0.44720   0.21963   0.35623   0.04781   0.31179   0.13644   0.24528   0.29906   0.53354   0.79627   0.46173   1.80559   0.97766   0.93965   1.83920   1.61762  
 19 3001.6804  10624.425348  x:  0.53822   0.26283   0.16506   0.34051   0.07263   0.04721   0.07742   0.30566   0.09610   0.25631   0.05070   0.60132   0.05588   0.64388   0.08459   0.00450   0.29518   0.07594   0.06078   0.17694   0.42784   0.53935   0.10171   0.64933   0.19141   0.62031   0.31592   0.56684   0.05412   0.44820   0.23652   0.36635   0.04025   0.33572   0.13697   0.25067   0.32929   0.54698   0.80546   0.49083   1.80387   0.97487   0.92942   1.84492   1.61286  
 20 468.8352  10596.728246  x:  0.60611   0.25966   0.17482   0.36839   0.05126   0.03780   0.04558   0.32048   0.08964   0.27176   0.05183   0.66484   0.06556   0.71403   0.10091   0.02678   0.31864   0.09869   0.04791   0.18646   0.49451   0.58814   0.00000   0.61900   0.15759   0.69435   0.33955   0.62886   0.07437   0.44703   0.26383   0.38883   0.00558   0.34936   0.07496   0.23411   0.37245   0.57961   0.83062   0.55872   1.79660   0.97726   0.92629   1.85300   1.60627  
 21 277.7357  10589.110300  x:  0.62679   0.25796   0.17705   0.37647   0.04909   0.03912   0.04034   0.32473   0.08724   0.27553   0.05056   0.68387   0.06692   0.73520   0.10435   0.03254   0.32448   0.10330   0.04400   0.18846   0.51333   0.60265   0.01440   0.61114   0.15959   0.71662   0.34574   0.64758   0.07990   0.44632   0.27187   0.39685   0.00000   0.35416   0.06217   0.23296   0.38521   0.58964   0.83893   0.57940   1.79440   0.97787   0.92606   1.85560   1.60432  
 22 376.9923  10575.785762  x:  0.69073   0.24516   0.17444   0.38993   0.07786   0.05918   0.04894   0.33700   0.07578   0.28105   0.03052   0.73919   0.04712   0.79883   0.08751   0.00000   0.32663   0.08110   0.03789   0.17838   0.54907   0.64369   0.01062   0.55734   0.20045   0.78234   0.35793   0.70350   0.08958   0.44102   0.29225   0.43288   0.03130   0.36723   0.08372   0.26542   0.41527   0.62251   0.87245   0.64334   1.78587   0.97993   0.94311   1.86196   1.60030  
 23 251.9559  10575.785762  x:  0.69073   0.24516   0.17444   0.38993   0.07786   0.05918   0.04894   0.33700   0.07578   0.28105   0.03052   0.73919   0.04712   0.79883   0.08751   0.00000   0.32663   0.08110   0.03789   0.17838   0.54907   0.64369   0.01062   0.55734   0.20045   0.78234   0.35793   0.70350   0.08958   0.44102   0.29225   0.43288   0.03130   0.36723   0.08372   0.26542   0.41527   0.62251   0.87245   0.64334   1.78587   0.97993   0.94311   1.86196   1.60030  
 24 94.4146  10566.037140  x:  0.69233   0.24471   0.17461   0.39035   0.07593   0.05105   0.03746   0.33729   0.07575   0.28153   0.03137   0.74050   0.04803   0.80033   0.08860   0.00180   0.32724   0.07176   0.03106   0.17865   0.55027   0.64472   0.02019   0.56426   0.20224   0.78395   0.35813   0.70479   0.08999   0.44086   0.29240   0.43280   0.02970   0.36827   0.08437   0.26590   0.41627   0.62320   0.87361   0.64493   1.78585   0.99999   0.94438   1.86207   1.59974  
 25 423.3141  10558.147947  x:  0.69652   0.24325   0.17500   0.39153   0.07149   0.03233   0.01017   0.33809   0.07524   0.28269   0.03341   0.74385   0.04970   0.80414   0.09109   0.00395   0.32859   0.04961   0.01848   0.17927   0.55326   0.64731   0.03537   0.58195   0.20550   0.78808   0.35839   0.70805   0.09105   0.44027   0.29276   0.43263   0.02521   0.37096   0.08611   0.26715   0.41895   0.62492   0.87678   0.64912   1.78496   0.99196   0.94771   1.86209   1.59957  
 26 432.5660  10554.257459  x:  0.70570   0.23989   0.17626   0.39416   0.06447   0.02163   0.01888   0.33981   0.07329   0.28455   0.03579   0.75080   0.05033   0.81221   0.09288   0.00203   0.33021   0.02508   0.03520   0.17909   0.55922   0.65260   0.04015   0.61808   0.20729   0.79681   0.35873   0.71495   0.09324   0.43880   0.29327   0.43242   0.01593   0.37635   0.08904   0.26922   0.42456   0.62861   0.88376   0.65830   1.78317   0.99073   0.95473   1.86249   1.59969  
 27 173.0878  10549.459101  x:  0.71725   0.23575   0.17779   0.39788   0.05827   0.02911   0.01481   0.34209   0.07110   0.28670   0.03785   0.75940   0.05007   0.82230   0.09400   0.00000   0.33201   0.02777   0.04038   0.17849   0.56654   0.65920   0.03979   0.66094   0.20835   0.80770   0.35932   0.72355   0.09608   0.43714   0.29416   0.43283   0.00619   0.38287   0.09237   0.27157   0.43149   0.63337   0.89268   0.66986   1.78102   0.99071   0.96365   1.86307   1.59990  
 28 245.4320  10549.459101  x:  0.71725   0.23575   0.17779   0.39788   0.05827   0.02911   0.01481   0.34209   0.07110   0.28670   0.03785   0.75940   0.05007   0.82230   0.09400   0.00000   0.33201   0.02777   0.04038   0.17849   0.56654   0.65920   0.03979   0.66094   0.20835   0.80770   0.35932   0.72355   0.09608   0.43714   0.29416   0.43283   0.00619   0.38287   0.09237   0.27157   0.43149   0.63337   0.89268   0.66986   1.78102   0.99071   0.96365   1.86307   1.59990  
 29 410.6682  10548.019446  x:  0.71825   0.23548   0.17801   0.39828   0.05862   0.02948   0.01447   0.34234   0.07105   0.28687   0.03780   0.76012   0.04994   0.82316   0.09392   0.00037   0.33220   0.03075   0.03707   0.17842   0.56715   0.65979   0.04001   0.66382   0.20844   0.80862   0.35947   0.72430   0.09638   0.43709   0.29435   0.43313   0.00618   0.38334   0.09253   0.27169   0.43203   0.63384   0.89348   0.67085   1.78099   0.99999   0.96448   1.86318   1.59975  
 30 211.8324  10545.949775  x:  0.72495   0.23356   0.17952   0.40110   0.06128   0.03179   0.01341   0.34419   0.07054   0.28806   0.03772   0.76501   0.04917   0.82893   0.09396   0.00196   0.33365   0.04530   0.01790   0.17834   0.57130   0.66371   0.04144   0.68299   0.20914   0.81481   0.36030   0.72930   0.09850   0.43670   0.29571   0.43527   0.00583   0.38666   0.09392   0.27270   0.43580   0.63699   0.89903   0.67755   1.78009   0.99772   0.96994   1.86360   1.59947  
 31 136.7879  10538.245368  x:  0.81571   0.20714   0.19854   0.43656   0.08505   0.03297   0.02717   0.36892   0.06298   0.30423   0.03646   0.83133   0.04006   0.90676   0.09428   0.00522   0.35287   0.09644   0.05948   0.17721   0.62703   0.71663   0.04797   0.93403   0.21491   0.89833   0.37185   0.79669   0.12711   0.43139   0.31377   0.46385   0.00000   0.42965   0.10998   0.28518   0.48599   0.67952   0.97492   0.76832   1.76777   0.99501   1.04638   1.86939   1.59694  
 32 162.6537  10538.245368  x:  0.81571   0.20714   0.19854   0.43656   0.08505   0.03297   0.02717   0.36892   0.06298   0.30423   0.03646   0.83133   0.04006   0.90676   0.09428   0.00522   0.35287   0.09644   0.05948   0.17721   0.62703   0.71663   0.04797   0.93403   0.21491   0.89833   0.37185   0.79669   0.12711   0.43139   0.31377   0.46385   0.00000   0.42965   0.10998   0.28518   0.48599   0.67952   0.97492   0.76832   1.76777   0.99501   1.04638   1.86939   1.59694  
 33 460.4545  10535.280192  x:  0.81641   0.20704   0.19830   0.43637   0.08320   0.03191   0.02183   0.36905   0.06308   0.30451   0.03673   0.83185   0.04057   0.90735   0.09449   0.00478   0.35293   0.08802   0.05165   0.17719   0.62735   0.71704   0.04720   0.93427   0.21497   0.89896   0.37224   0.79719   0.12744   0.43153   0.31397   0.46409   0.00002   0.42959   0.10957   0.28513   0.48618   0.67991   0.97571   0.76901   1.76782   0.99999   1.04756   1.86939   1.59688  
 34 233.5886  10535.229738  x:  0.81644   0.20702   0.19829   0.43636   0.08315   0.03202   0.02199   0.36905   0.06308   0.30452   0.03673   0.83187   0.04058   0.90737   0.09450   0.00475   0.35293   0.08774   0.05149   0.17720   0.62736   0.71706   0.04718   0.93427   0.21498   0.89899   0.37225   0.79721   0.12745   0.43153   0.31397   0.46409   0.00000   0.42959   0.10956   0.28513   0.48619   0.67993   0.97575   0.76905   1.76781   0.99999   1.04761   1.86939   1.59689  
 35 190.3627  10534.249942  x:  0.82336   0.20281   0.19649   0.43535   0.07891   0.01888   0.02839   0.36982   0.05997   0.30536   0.03554   0.83570   0.03965   0.91180   0.09667   0.00000   0.35550   0.06273   0.06616   0.17915   0.62972   0.72037   0.04487   0.93486   0.21687   0.90494   0.37194   0.80112   0.12989   0.43102   0.31544   0.46597   0.00000   0.42840   0.10743   0.28546   0.48866   0.68277   0.98585   0.77597   1.76402   0.99999   1.05703   1.86834   1.60202  
 36 65.4438  10534.249942  x:  0.82336   0.20281   0.19649   0.43535   0.07891   0.01888   0.02839   0.36982   0.05997   0.30536   0.03554   0.83570   0.03965   0.91180   0.09667   0.00000   0.35550   0.06273   0.06616   0.17915   0.62972   0.72037   0.04487   0.93486   0.21687   0.90494   0.37194   0.80112   0.12989   0.43102   0.31544   0.46597   0.00000   0.42840   0.10743   0.28546   0.48866   0.68277   0.98585   0.77597   1.76402   0.99999   1.05703   1.86834   1.60202  
 37 104.0486  10528.666191  x:  0.82583   0.20241   0.19581   0.43505   0.07392   0.04220   0.01031   0.37042   0.06083   0.30643   0.03674   0.83749   0.04155   0.91382   0.09742   0.00023   0.35584   0.04008   0.03583   0.17906   0.63082   0.72180   0.04311   0.93569   0.21726   0.90717   0.37338   0.80289   0.13103   0.43148   0.31605   0.46675   0.00000   0.42830   0.10630   0.28544   0.48932   0.68411   0.98878   0.77844   1.76427   0.99999   1.06081   1.86852   1.60202  
 38 211.4231  10528.147433  x:  0.82747   0.20212   0.19567   0.43485   0.07143   0.03917   0.01569   0.37081   0.06106   0.30698   0.03717   0.83864   0.04238   0.91512   0.09763   0.00019   0.35604   0.03643   0.02701   0.17897   0.63151   0.72271   0.04210   0.93622   0.21752   0.90859   0.37419   0.80404   0.13176   0.43171   0.31638   0.46722   0.00000   0.42821   0.10555   0.28541   0.48974   0.68497   0.99075   0.78008   1.76452   0.99999   1.06310   1.86875   1.60202  
 39 94.7800  10527.832307  x:  0.83031   0.20157   0.19541   0.43459   0.06762   0.03343   0.01227   0.37146   0.06148   0.30786   0.03772   0.84060   0.04360   0.91737   0.09789   0.00000   0.35641   0.03688   0.02317   0.17883   0.63271   0.72430   0.04055   0.93714   0.21798   0.91105   0.37552   0.80601   0.13300   0.43211   0.31693   0.46803   0.00000   0.42807   0.10435   0.28540   0.49047   0.68645   0.99418   0.78292   1.76497   0.99999   1.06699   1.86921   1.60202  
 40 65.1122  10526.375882  x:  0.85500   0.19668   0.19362   0.43346   0.04086   0.03638   0.01422   0.37713   0.06496   0.31497   0.04126   0.85748   0.05266   0.93680   0.09957   0.00000   0.35971   0.04044   0.02645   0.17795   0.64311   0.73802   0.02918   0.94514   0.22239   0.93220   0.38660   0.82293   0.14361   0.43552   0.32150   0.47494   0.00000   0.42706   0.09471   0.28581   0.49680   0.69929   1.02406   0.80761   1.76907   0.99999   1.10022   1.87362   1.60202  
 41 76.4916  10522.826321  x:  0.93778   0.17967   0.20032   0.44659   0.07014   0.03281   0.01431   0.39736   0.07242   0.33221   0.03741   0.91190   0.06249   1.00092   0.09595   0.00000   0.37098   0.03070   0.03487   0.17748   0.67795   0.78361   0.02962   0.97391   0.24402   1.00117   0.41639   0.87750   0.17739   0.44635   0.33469   0.49771   0.00000   0.42804   0.07687   0.29519   0.51861   0.74243   1.12559   0.89039   1.78421   0.99999   1.20685   1.89245   1.60200  
 42 124.3996  10522.097794  x:  0.95622   0.17476   0.20138   0.45028   0.07577   0.03743   0.01500   0.40072   0.07099   0.33421   0.03382   0.92335   0.05963   1.01491   0.09372   0.00000   0.37362   0.04472   0.02778   0.17753   0.68553   0.79349   0.03310   0.98119   0.24704   1.01611   0.42045   0.88900   0.18393   0.44820   0.33717   0.50266   0.00000   0.43065   0.07920   0.30013   0.52378   0.75172   1.14917   0.90883   1.78805   0.99999   1.22933   1.89835   1.60200  
 43 180.8573  10521.359680  x:  0.97582   0.16557   0.20056   0.45524   0.06914   0.03629   0.01487   0.40046   0.05960   0.33162   0.02516   0.93335   0.04375   1.02865   0.09024   0.00000   0.37704   0.04119   0.02969   0.17806   0.69282   0.80281   0.03976   0.99180   0.24152   1.03063   0.41625   0.89894   0.18750   0.44815   0.33813   0.50704   0.00000   0.44118   0.09954   0.31260   0.53013   0.76017   1.17787   0.92842   1.79349   0.99999   1.24864   1.91093   1.60200  
 44 61.1340  10521.041061  x:  0.98612   0.15727   0.20271   0.46007   0.07096   0.03633   0.01489   0.39947   0.05195   0.33320   0.03770   0.93648   0.04512   1.03396   0.10228   0.00000   0.37924   0.04151   0.02981   0.17732   0.69484   0.80538   0.03992   1.00030   0.23077   1.03710   0.40766   0.90182   0.18613   0.44613   0.33518   0.50586   0.00000   0.45048   0.10768   0.31348   0.53295   0.76211   1.19822   0.93873   1.79774   0.99999   1.25184   1.92721   1.60199  
 45 27.7285  10520.981198  x:  0.98795   0.15559   0.20379   0.46069   0.07064   0.03636   0.01486   0.39967   0.05195   0.33281   0.03772   0.93631   0.04348   1.03418   0.10216   0.00000   0.37918   0.04150   0.02975   0.17713   0.69474   0.80527   0.04002   1.00230   0.22985   1.03746   0.40593   0.90189   0.18569   0.44570   0.33413   0.50486   0.00000   0.45173   0.10597   0.31109   0.53311   0.76188   1.20326   0.94056   1.79858   0.99631   1.25123   1.93251   1.60199  
 46 21.2664  10520.695691  x:  0.99879   0.14593   0.21024   0.46425   0.06865   0.03650   0.01469   0.40087   0.05233   0.33061   0.03775   0.93530   0.03455   1.03541   0.10132   0.00000   0.37874   0.04142   0.02945   0.17582   0.69413   0.80452   0.04106   1.01427   0.22498   1.03937   0.39616   0.90224   0.18323   0.44335   0.32800   0.49902   0.00000   0.45904   0.09641   0.29746   0.53396   0.76048   1.23325   0.95139   1.80394   0.99855   1.24730   1.96486   1.60168  
 47 69.5751  10520.428911  x:  1.00822   0.13879   0.21250   0.46177   0.06585   0.03630   0.01465   0.40038   0.05790   0.32996   0.03386   0.93063   0.04601   1.03127   0.09820   0.00000   0.37564   0.04090   0.02958   0.17441   0.69028   0.79967   0.04629   1.02435   0.23636   1.03550   0.39560   0.89830   0.18341   0.44347   0.32410   0.49497   0.00000   0.45857   0.10126   0.29786   0.53257   0.75687   1.27107   0.96082   1.80702   0.99762   1.24110   2.01313   1.60097  
 48 20.0420  10520.259228  x:  1.01306   0.13624   0.21205   0.45958   0.06894   0.03645   0.01460   0.39838   0.05912   0.32964   0.03041   0.92626   0.04940   1.02714   0.09385   0.00000   0.37349   0.04119   0.02925   0.17391   0.68737   0.79590   0.03441   1.02818   0.23607   1.03136   0.39802   0.89431   0.18516   0.44501   0.32369   0.49419   0.00000   0.45492   0.10459   0.30091   0.53077   0.75456   1.29587   0.96566   1.80672   0.99735   1.24119   2.04695   1.60022  
 49 35.1372  10519.996535  x:  1.01544   0.13697   0.20268   0.45335   0.06998   0.03638   0.01458   0.38878   0.05124   0.33072   0.03480   0.91571   0.04300   1.01653   0.09707   0.00000   0.37468   0.04104   0.02919   0.17976   0.68324   0.78915   0.03957   1.02436   0.23086   1.02022   0.40608   0.88402   0.19140   0.45050   0.32947   0.49811   0.00000   0.44002   0.09795   0.30464   0.52450   0.75048   1.33639   0.96804   1.79765   0.99716   1.26103   2.11241   1.59774  
 50 19.0724  10519.764345  x:  1.00772   0.13447   0.20743   0.45327   0.06899   0.03622   0.01469   0.39545   0.06634   0.32835   0.03588   0.91023   0.03850   1.00632   0.10295   0.00000   0.37547   0.04110   0.02928   0.17780   0.67945   0.78394   0.04167   1.00684   0.22625   1.00805   0.40527   0.87903   0.18808   0.44846   0.33279   0.50144   0.00000   0.44393   0.10012   0.30716   0.52008   0.74578   1.36384   0.96033   1.78323   0.99682   1.30460   2.18485   1.59337  
 51 15.1490  10519.553339  x:  0.99606   0.13331   0.20907   0.45785   0.06901   0.03624   0.01464   0.39436   0.05507   0.32370   0.03373   0.91082   0.04708   1.00099   0.09778   0.00000   0.37440   0.04114   0.02932   0.17785   0.67931   0.78313   0.03921   0.98940   0.23247   1.00065   0.39760   0.87544   0.18179   0.44436   0.33269   0.50004   0.00000   0.45196   0.09822   0.30222   0.51938   0.74287   1.37934   0.94867   1.77273   0.99661   1.35098   2.26003   1.58789  
 52 24.4598  10519.247609  x:  0.97161   0.14987   0.21075   0.45610   0.06853   0.03606   0.01463   0.39141   0.05582   0.33499   0.04070   0.92114   0.04196   1.00980   0.08993   0.00000   0.37140   0.04101   0.02938   0.18265   0.68658   0.79256   0.03921   0.98292   0.23299   1.00697   0.40341   0.88607   0.17588   0.44224   0.32462   0.48724   0.00000   0.44682   0.10444   0.29873   0.52930   0.74639   1.36527   0.92422   1.78338   0.99413   1.40569   2.40509   1.57448  
 53 13.3790  10519.064373  x:  0.96014   0.16036   0.20712   0.45482   0.06898   0.03595   0.01462   0.39025   0.05506   0.33248   0.02855   0.92689   0.04361   1.01736   0.10117   0.00000   0.37383   0.04103   0.02929   0.17600   0.68770   0.79576   0.03893   0.98666   0.23020   1.01279   0.40455   0.89167   0.17246   0.44246   0.32346   0.48898   0.00000   0.44383   0.10158   0.29876   0.53200   0.75016   1.34820   0.91274   1.79051   0.99254   1.43669   2.49563   1.56415  
 54 32.7463  10518.904197  x:  0.95854   0.16560   0.20187   0.45448   0.06905   0.03578   0.01465   0.39398   0.05638   0.32578   0.03550   0.92648   0.04388   1.02219   0.09367   0.00000   0.37481   0.04088   0.02941   0.16767   0.68516   0.79460   0.03952   0.99977   0.23046   1.02038   0.40083   0.89250   0.16788   0.44398   0.32891   0.50349   0.00000   0.44605   0.09554   0.30538   0.52669   0.75395   1.32028   0.91114   1.79152   0.99092   1.46516   2.58004   1.54987  
 55 19.3861  10518.788835  x:  0.96776   0.16446   0.20429   0.45527   0.06847   0.03569   0.01467   0.39934   0.05612   0.32463   0.03396   0.92134   0.04406   1.02240   0.09649   0.00000   0.37380   0.04101   0.02938   0.18290   0.68645   0.79395   0.03708   1.01164   0.23323   1.02346   0.40110   0.88821   0.16548   0.44677   0.33217   0.50380   0.00000   0.44833   0.09478   0.30703   0.51926   0.75350   1.28983   0.92036   1.78492   0.98995   1.48927   2.64276   1.53247  
 56 13.8867  10518.709650  x:  0.98059   0.16051   0.20483   0.45693   0.06807   0.03561   0.01468   0.39830   0.05476   0.33048   0.03213   0.91800   0.04514   1.02010   0.09499   0.00000   0.37405   0.04096   0.02945   0.17572   0.68366   0.78997   0.03873   1.01549   0.23070   1.02266   0.40449   0.88500   0.16796   0.45028   0.33078   0.49520   0.00000   0.44689   0.09807   0.30292   0.51793   0.75091   1.26492   0.93319   1.77748   0.98925   1.50882   2.68487   1.51349  
 57 11.3851  10518.671357  x:  0.98881   0.15405   0.20266   0.45460   0.06862   0.03555   0.01469   0.39311   0.05736   0.32873   0.03343   0.91944   0.04298   1.01724   0.09655   0.00000   0.37465   0.04096   0.02937   0.17531   0.68462   0.79051   0.03708   1.00776   0.23417   1.01898   0.40043   0.88597   0.17354   0.45081   0.32674   0.49791   0.00000   0.44491   0.09856   0.30201   0.52371   0.74883   1.25284   0.94141   1.77883   0.98884   1.51478   2.70636   1.49344  
 58  4.8066  10518.647606  x:  0.99250   0.15085   0.20560   0.45417   0.06814   0.03553   0.01466   0.39282   0.05724   0.32667   0.03270   0.92112   0.04590   1.01581   0.09452   0.00000   0.37312   0.04094   0.02935   0.17663   0.68544   0.79176   0.03910   1.00160   0.22924   1.01638   0.40103   0.88672   0.17956   0.45051   0.32713   0.49972   0.00000   0.44558   0.09693   0.30316   0.52607   0.74895   1.24726   0.94511   1.78146   0.98837   1.51643   2.71979   1.47417  
 59  5.5919  10518.602422  x:  0.99409   0.14344   0.20666   0.45795   0.06742   0.03545   0.01462   0.39721   0.05343   0.32702   0.03392   0.92219   0.04291   1.01621   0.09635   0.00000   0.37383   0.04093   0.02929   0.17424   0.68482   0.79313   0.03806   0.99458   0.23235   1.01413   0.40720   0.88772   0.18825   0.44381   0.33220   0.49780   0.00000   0.44846   0.09441   0.30648   0.52344   0.75184   1.24255   0.94670   1.78580   0.98739   1.51889   2.74364   1.42268  
 60  5.4206  10518.500666  x:  0.99250   0.13792   0.19883   0.45386   0.06844   0.03516   0.01467   0.40145   0.05511   0.32789   0.03270   0.92254   0.04502   1.02050   0.09419   0.00000   0.37503   0.04096   0.02926   0.17557   0.68507   0.79490   0.03848   0.99643   0.22977   1.01615   0.40223   0.89027   0.20194   0.42759   0.33349   0.49564   0.00000   0.44433   0.09695   0.30264   0.51612   0.75465   1.24080   0.94510   1.78377   0.98561   1.53406   2.78829   1.29686  
 61 10.4046  10518.457278  x:  0.99147   0.14347   0.20554   0.45336   0.06765   0.03509   0.01464   0.39872   0.05417   0.32792   0.03334   0.92135   0.04373   1.02134   0.09567   0.00000   0.37261   0.04099   0.02929   0.17416   0.68471   0.79352   0.03773   1.00038   0.23222   1.01852   0.40124   0.88982   0.20728   0.42710   0.33143   0.49823   0.00000   0.44507   0.09733   0.30273   0.51791   0.75315   1.24174   0.94408   1.78132   0.98469   1.54237   2.80752   1.23749  
 62 14.2081  10518.435170  x:  0.99091   0.14344   0.20477   0.45704   0.06733   0.03496   0.01469   0.39462   0.05607   0.32807   0.03280   0.92097   0.04443   1.02037   0.09503   0.00000   0.37415   0.04101   0.02931   0.17536   0.68516   0.79265   0.03789   1.00291   0.23149   1.02011   0.40538   0.88902   0.20082   0.42930   0.32947   0.49959   0.00000   0.44703   0.09523   0.30478   0.52296   0.75123   1.24303   0.94351   1.78074   0.98418   1.54690   2.81706   1.20651  
 63  6.7817  10518.422485  x:  0.99159   0.14431   0.20476   0.45470   0.06750   0.03490   0.01470   0.39631   0.05576   0.32753   0.03303   0.92225   0.04438   1.01907   0.09511   0.00000   0.37429   0.04103   0.02931   0.17491   0.68547   0.79304   0.03783   1.00195   0.23161   1.02052   0.40401   0.88860   0.19183   0.43777   0.33357   0.49740   0.00000   0.44591   0.09504   0.30501   0.52568   0.75249   1.24484   0.94419   1.78222   0.98390   1.54905   2.82273   1.18944  
 64  2.6841  10518.417229  x:  0.99255   0.14657   0.20311   0.45624   0.06731   0.03485   0.01471   0.39835   0.05527   0.32853   0.03290   0.92304   0.04424   1.01926   0.09521   0.00000   0.37333   0.04103   0.02930   0.17482   0.68552   0.79407   0.03791   0.99987   0.23153   1.01984   0.40401   0.88942   0.18819   0.44277   0.33125   0.49885   0.00000   0.44603   0.09575   0.30397   0.52273   0.75234   1.24628   0.94516   1.78306   0.98375   1.54927   2.82544   1.18414  
 65  1.3288  10518.414328  x:  0.99305   0.14708   0.20418   0.45507   0.06729   0.03483   0.01471   0.39818   0.05488   0.32818   0.03306   0.92303   0.04434   1.02017   0.09489   0.00000   0.37567   0.04104   0.02929   0.17472   0.68552   0.79445   0.03788   0.99907   0.23149   1.01944   0.40424   0.89032   0.18667   0.44359   0.32945   0.49857   0.00000   0.44599   0.09542   0.30476   0.52099   0.75261   1.24750   0.94565   1.78251   0.98371   1.54946   2.82710   1.18359  
 66  0.5576  10518.398647  x:  0.99469   0.14685   0.20493   0.45396   0.06720   0.03462   0.01474   0.39379   0.05583   0.32618   0.03363   0.92191   0.04419   1.02477   0.09558   0.00000   0.37125   0.04109   0.02929   0.17426   0.68585   0.79459   0.03797   0.99809   0.23135   1.01816   0.40497   0.89396   0.18281   0.44362   0.32864   0.49686   0.00000   0.44638   0.09449   0.30607   0.51859   0.75589   1.25518   0.94729   1.77843   0.98369   1.55171   2.83626   1.18678  
 67  0.7409  10518.349293  x:  0.99784   0.14914   0.20606   0.45932   0.06574   0.03385   0.01489   0.39095   0.05814   0.32818   0.03372   0.91922   0.04536   1.03007   0.09505   0.00000   0.37646   0.04131   0.02928   0.17616   0.68623   0.79337   0.03738   0.99939   0.23187   1.01618   0.40337   0.89613   0.18247   0.44584   0.33369   0.49895   0.00000   0.44703   0.09720   0.30100   0.52263   0.76022   1.28052   0.95044   1.77290   0.98350   1.55969   2.86574   1.20072  
 68  2.8746  10518.284339  x:  1.00082   0.14530   0.20582   0.45512   0.06516   0.03294   0.01502   0.39915   0.05520   0.33264   0.03328   0.92078   0.04515   1.02708   0.09610   0.00000   0.37399   0.04156   0.02928   0.17584   0.68658   0.79255   0.03726   1.00582   0.23180   1.01936   0.40323   0.89045   0.18173   0.44459   0.32839   0.50085   0.00000   0.44594   0.09521   0.30341   0.52906   0.75407   1.31396   0.95343   1.77511   0.98340   1.57762   2.90220   1.22025  
 69  5.9680  10518.272515  x:  1.00109   0.14547   0.20494   0.45572   0.06510   0.03275   0.01507   0.39685   0.05699   0.32911   0.03418   0.92261   0.04531   1.02268   0.09627   0.00000   0.37436   0.04160   0.02929   0.17589   0.68648   0.79341   0.03705   1.00774   0.23194   1.02210   0.40339   0.88932   0.18411   0.44647   0.32848   0.49752   0.00000   0.44735   0.09532   0.30362   0.52590   0.75174   1.32012   0.95370   1.77890   0.98330   1.58271   2.90850   1.22375  
 70  2.7076  10518.270971  x:  1.00098   0.14431   0.20616   0.45564   0.06503   0.03275   0.01506   0.39547   0.05706   0.32972   0.03396   0.92292   0.04534   1.02120   0.09630   0.00000   0.37427   0.04160   0.02928   0.17578   0.68646   0.79370   0.03704   1.00809   0.23195   1.02285   0.40363   0.88953   0.18351   0.44618   0.32904   0.49851   0.00000   0.44665   0.09591   0.30279   0.52442   0.75170   1.32081   0.95359   1.78014   0.98327   1.58368   2.90954   1.22411  
 71  0.8904  10518.270634  x:  1.00102   0.14447   0.20605   0.45564   0.06502   0.03276   0.01506   0.39528   0.05710   0.33059   0.03368   0.92245   0.04540   1.02043   0.09628   0.00000   0.37426   0.04160   0.02927   0.17579   0.68657   0.79368   0.03704   1.00804   0.23196   1.02310   0.40306   0.89017   0.18361   0.44614   0.32909   0.49840   0.00000   0.44699   0.09552   0.30331   0.52429   0.75207   1.32091   0.95362   1.78024   0.98324   1.58410   2.91076   1.22384  
 72  0.1391  10518.268378  x:  1.00131   0.14509   0.20585   0.45574   0.06495   0.03296   0.01506   0.39644   0.05645   0.32927   0.03392   0.92055   0.04557   1.01799   0.09639   0.00000   0.37425   0.04155   0.02919   0.17572   0.68682   0.79356   0.03703   1.00777   0.23196   1.02457   0.40376   0.89236   0.18356   0.44509   0.32835   0.49837   0.00000   0.44650   0.09596   0.30271   0.52502   0.75366   1.32136   0.95392   1.77990   0.98302   1.58756   2.92128   1.22115  
 73  0.3144  10518.256100  x:  1.00138   0.14450   0.20545   0.45453   0.06487   0.03404   0.01506   0.39585   0.05695   0.33029   0.03385   0.92405   0.04562   1.02122   0.09608   0.00000   0.37424   0.04130   0.02870   0.17598   0.68572   0.79443   0.03693   1.00790   0.23212   1.02417   0.40399   0.89045   0.18502   0.44389   0.32940   0.49840   0.00000   0.44796   0.09603   0.30228   0.52415   0.75323   1.32344   0.95399   1.77875   0.98161   1.60741   2.98145   1.20540  
 74  1.4068  10518.255191  x:  1.00128   0.14410   0.20586   0.45570   0.06463   0.03411   0.01506   0.39599   0.05705   0.33010   0.03390   0.92389   0.04573   1.02186   0.09602   0.00000   0.37422   0.04127   0.02867   0.17584   0.68628   0.79431   0.03692   1.00805   0.23212   1.02384   0.40327   0.89041   0.18513   0.44396   0.32935   0.49806   0.00000   0.44661   0.09584   0.30297   0.52395   0.75287   1.32357   0.95389   1.77900   0.98151   1.60913   2.98584   1.20424  
 75  1.4441  10518.254993  x:  1.00113   0.14376   0.20582   0.45550   0.06467   0.03412   0.01506   0.39601   0.05702   0.33005   0.03392   0.92304   0.04581   1.02233   0.09599   0.00000   0.37423   0.04127   0.02867   0.17569   0.68703   0.79411   0.03691   1.00824   0.23213   1.02339   0.40338   0.89063   0.18529   0.44432   0.32940   0.49809   0.00000   0.44679   0.09590   0.30283   0.52388   0.75256   1.32355   0.95374   1.77953   0.98147   1.60977   2.98683   1.20399  
 76  0.2470  10518.254699  x:  1.00094   0.14352   0.20584   0.45552   0.06468   0.03410   0.01506   0.39603   0.05695   0.32999   0.03395   0.92246   0.04588   1.02253   0.09597   0.00000   0.37419   0.04129   0.02870   0.17586   0.68579   0.79480   0.03691   1.00860   0.23215   1.02275   0.40335   0.89107   0.18537   0.44462   0.32929   0.49806   0.00000   0.44675   0.09589   0.30285   0.52409   0.75255   1.32332   0.95355   1.77993   0.98141   1.61084   2.98893   1.20374  
 77  0.0685  10518.251109  x:  0.99993   0.14460   0.20574   0.45555   0.06487   0.03370   0.01497   0.39602   0.05684   0.32984   0.03401   0.92399   0.04575   1.02160   0.09588   0.00000   0.37415   0.04155   0.02911   0.17582   0.68670   0.79348   0.03693   1.00897   0.23220   1.02141   0.40346   0.89116   0.18449   0.44468   0.32892   0.49801   0.00000   0.44675   0.09588   0.30298   0.52408   0.75367   1.32013   0.95254   1.77962   0.98065   1.61963   3.01769   1.20105  
 78  0.3084  10518.250575  x:  0.99987   0.14477   0.20573   0.45551   0.06491   0.03364   0.01496   0.39587   0.05696   0.32991   0.03385   0.92298   0.04579   1.02211   0.09584   0.00000   0.37411   0.04159   0.02917   0.17562   0.68668   0.79425   0.03697   1.00787   0.23216   1.02314   0.40334   0.89066   0.18426   0.44464   0.32931   0.49798   0.00000   0.44669   0.09587   0.30299   0.52405   0.75262   1.31969   0.95247   1.77933   0.98055   1.62049   3.02213   1.20070  
 79  0.5467  10518.250566  x:  0.99983   0.14467   0.20573   0.45550   0.06491   0.03364   0.01496   0.39588   0.05695   0.32992   0.03384   0.92300   0.04579   1.02218   0.09584   0.00000   0.37410   0.04159   0.02917   0.17570   0.68656   0.79400   0.03697   1.00781   0.23216   1.02329   0.40334   0.89074   0.18429   0.44475   0.32929   0.49799   0.00000   0.44669   0.09587   0.30299   0.52404   0.75260   1.31968   0.95243   1.77934   0.98055   1.62050   3.02217   1.20072  
 80  0.0219  10518.250311  x:  0.99943   0.14462   0.20581   0.45554   0.06502   0.03366   0.01500   0.39575   0.05701   0.32992   0.03381   0.92295   0.04570   1.02179   0.09590   0.00000   0.37412   0.04153   0.02909   0.17560   0.68673   0.79429   0.03700   1.00812   0.23216   1.02344   0.40340   0.89044   0.18384   0.44580   0.32894   0.49810   0.00000   0.44672   0.09589   0.30309   0.52436   0.75276   1.31933   0.95204   1.77911   0.98041   1.62019   3.02245   1.20191  
 81  0.0051  10518.250230  x:  0.99959   0.14522   0.20580   0.45554   0.06507   0.03367   0.01501   0.39568   0.05700   0.32991   0.03381   0.92291   0.04567   1.02178   0.09592   0.00000   0.37411   0.04151   0.02906   0.17568   0.68659   0.79404   0.03701   1.00809   0.23215   1.02327   0.40340   0.89054   0.18337   0.44553   0.32912   0.49810   0.00000   0.44671   0.09591   0.30312   0.52445   0.75237   1.31923   0.95219   1.77952   0.98036   1.62024   3.02248   1.20226  
 82  0.1011  10518.250204  x:  0.99964   0.14521   0.20580   0.45553   0.06508   0.03366   0.01501   0.39565   0.05705   0.32992   0.03380   0.92278   0.04568   1.02185   0.09591   0.00000   0.37411   0.04150   0.02906   0.17570   0.68654   0.79396   0.03701   1.00803   0.23215   1.02332   0.40336   0.89025   0.18347   0.44540   0.32903   0.49808   0.00000   0.44670   0.09592   0.30310   0.52443   0.75266   1.31935   0.95225   1.77970   0.98030   1.62012   3.02219   1.20119  
 83  0.0028  10518.250159  x:  0.99966   0.14506   0.20578   0.45551   0.06513   0.03365   0.01501   0.39571   0.05701   0.32993   0.03380   0.92290   0.04566   1.02179   0.09592   0.00000   0.37412   0.04149   0.02907   0.17570   0.68658   0.79404   0.03701   1.00813   0.23215   1.02331   0.40335   0.89054   0.18369   0.44528   0.32916   0.49808   0.00000   0.44669   0.09594   0.30309   0.52441   0.75238   1.31957   0.95227   1.77952   0.98020   1.61969   3.02175   1.19929  
 84  0.0941  10518.250151  x:  0.99974   0.14503   0.20579   0.45553   0.06511   0.03366   0.01500   0.39573   0.05700   0.32994   0.03381   0.92293   0.04568   1.02188   0.09592   0.00000   0.37413   0.04150   0.02908   0.17570   0.68660   0.79407   0.03701   1.00816   0.23216   1.02333   0.40336   0.89059   0.18368   0.44529   0.32918   0.49807   0.00000   0.44671   0.09594   0.30308   0.52439   0.75243   1.31972   0.95235   1.77952   0.98018   1.61947   3.02101   1.19984  
 85  0.0008  10518.250151  x:  0.99974   0.14505   0.20579   0.45554   0.06510   0.03366   0.01501   0.39572   0.05700   0.32994   0.03381   0.92293   0.04568   1.02188   0.09592   0.00000   0.37413   0.04150   0.02908   0.17570   0.68661   0.79407   0.03701   1.00816   0.23216   1.02335   0.40337   0.89059   0.18367   0.44531   0.32918   0.49808   0.00000   0.44671   0.09593   0.30309   0.52441   0.75244   1.31969   0.95235   1.77953   0.98018   1.61949   3.02098   1.19977  
 86  0.0001  10518.250151  x:  0.99974   0.14504   0.20579   0.45553   0.06510   0.03366   0.01501   0.39573   0.05700   0.32994   0.03381   0.92293   0.04568   1.02188   0.09592   0.00000   0.37413   0.04150   0.02908   0.17570   0.68661   0.79407   0.03701   1.00816   0.23216   1.02335   0.40336   0.89059   0.18368   0.44531   0.32918   0.49808   0.00000   0.44671   0.09593   0.30309   0.52441   0.75243   1.31969   0.95235   1.77953   0.98018   1.61950   3.02099   1.19978  
 87  0.0000  10518.250151  x:  0.99974   0.14505   0.20579   0.45553   0.06510   0.03366   0.01501   0.39573   0.05700   0.32994   0.03381   0.92293   0.04568   1.02188   0.09592   0.00000   0.37413   0.04150   0.02908   0.17570   0.68661   0.79407   0.03701   1.00816   0.23216   1.02335   0.40336   0.89059   0.18368   0.44531   0.32918   0.49808   0.00000   0.44671   0.09593   0.30309   0.52441   0.75243   1.31969   0.95235   1.77953   0.98018   1.61950   3.02099   1.19977  
 88  0.0000  10518.250151  x:  0.99974   0.14505   0.20579   0.45553   0.06510   0.03366   0.01501   0.39573   0.05700   0.32994   0.03381   0.92293   0.04568   1.02188   0.09592   0.00000   0.37413   0.04150   0.02908   0.17570   0.68661   0.79407   0.03701   1.00816   0.23216   1.02335   0.40336   0.89059   0.18368   0.44531   0.32918   0.49808   0.00000   0.44671   0.09593   0.30309   0.52441   0.75243   1.31969   0.95235   1.77953   0.98018   1.61950   3.02099   1.19977  