Supplemental results for CODEML (seqf: shoc1b.fasta  treef: shoc1_tree.txt)


MLEs of dN/dS (w) for site classes (K=6)

p:   0.16685  0.16685  0.16685  0.16685  0.16685  0.16573
w:   0.06430  0.15542  0.24923  0.36314  0.54298  1.00000

Naive Empirical Bayes (NEB) probabilities for 6 classes & postmean_w
(amino acids refer to 1st sequence: Cynoglossus_semilaevis)

   1 F   0.55460 0.28009 0.11365 0.04108 0.01011 0.00048 ( 1)  0.128
   2 S   0.00000 0.00053 0.00702 0.04098 0.18826 0.76320 ( 6)  0.882
   3 A   0.04253 0.17908 0.25468 0.26244 0.20335 0.05792 ( 4)  0.358
   4 A   0.00070 0.02132 0.08930 0.21151 0.37250 0.30467 ( 5)  0.609
   5 R   0.01142 0.10271 0.20672 0.27057 0.26978 0.13879 ( 4)  0.452
   6 Y   0.00123 0.03005 0.10369 0.20658 0.32178 0.33667 ( 6)  0.617
   7 K   0.04771 0.20055 0.27761 0.26584 0.17487 0.03341 ( 3)  0.328
   8 A   0.14853 0.26209 0.24666 0.19448 0.12118 0.02705 ( 2)  0.275
   9 F   0.01325 0.12076 0.23792 0.29446 0.25601 0.07762 ( 4)  0.402
  10 D   0.04329 0.18150 0.26008 0.26912 0.20125 0.04476 ( 4)  0.348
  11 Y   0.47883 0.30526 0.14314 0.05639 0.01531 0.00106 ( 1)  0.144
  12 V   0.00226 0.05405 0.17554 0.30494 0.34050 0.12271 ( 5)  0.471
  13 F   0.01531 0.13759 0.26210 0.30421 0.23140 0.04940 ( 4)  0.373
  14 E   0.56690 0.27745 0.10878 0.03768 0.00881 0.00038 ( 1)  0.126
  15 R   0.00000 0.00022 0.00340 0.02258 0.12842 0.84538 ( 6)  0.924
  16 S   0.00841 0.08959 0.20403 0.29234 0.29757 0.10807 ( 5)  0.441
  17 T   0.50187 0.30140 0.13434 0.05000 0.01189 0.00050 ( 1)  0.138
  18 Q   0.02221 0.20553 0.30955 0.28175 0.16353 0.01743 ( 3)  0.319
  19 N   0.00353 0.09624 0.25935 0.34240 0.25804 0.04044 ( 4)  0.385
  20 M   0.00363 0.07413 0.21069 0.32167 0.30627 0.08360 ( 4)  0.431
  21 L   0.21685 0.33060 0.24919 0.14325 0.05507 0.00505 ( 2)  0.214
  22 S   0.02650 0.19468 0.30565 0.28709 0.16467 0.02141 ( 3)  0.323
  23 L   0.75117 0.18248 0.05075 0.01326 0.00227 0.00007 ( 1)  0.095
  24 P   0.80692 0.15170 0.03349 0.00698 0.00090 0.00002 ( 1)  0.087
  25 T   0.00000 0.00002 0.00062 0.00822 0.08450 0.90664 ( 6)  0.956
  26 P   0.80684 0.15203 0.03338 0.00687 0.00087 0.00001 ( 1)  0.087
  27 Y   0.19853 0.34121 0.26736 0.14607 0.04496 0.00187 ( 2)  0.212
  28 I   0.00002 0.00143 0.00993 0.03871 0.14823 0.80168 ( 6)  0.899
  29 T   0.00002 0.00191 0.01588 0.06570 0.22765 0.68884 ( 6)  0.841
  30 -   0.02529 0.15174 0.26527 0.29878 0.21768 0.04123 ( 4)  0.359
  31 S   0.00055 0.03167 0.14743 0.31202 0.38562 0.12271 ( 5)  0.487
  32 D   0.00089 0.03898 0.15856 0.31365 0.37806 0.10986 ( 5)  0.475
  33 D   0.16642 0.35520 0.27492 0.15104 0.05013 0.00229 ( 2)  0.219
  34 V   0.01424 0.13327 0.25759 0.30048 0.23349 0.06093 ( 4)  0.383
  35 Y   0.30939 0.36806 0.21191 0.08798 0.02170 0.00096 ( 2)  0.175
  36 P   0.80645 0.15227 0.03349 0.00690 0.00087 0.00001 ( 1)  0.087
  37 H   0.00894 0.11859 0.24961 0.31144 0.25810 0.05333 ( 4)  0.388
  38 C   0.00000 0.00010 0.00265 0.02477 0.16895 0.80353 ( 6)  0.905
  39 G   0.07444 0.25212 0.28920 0.23423 0.13008 0.01993 ( 3)  0.292
  40 K   0.00113 0.04891 0.18895 0.33886 0.34401 0.07815 ( 5)  0.443
  41 V   0.00099 0.02471 0.09073 0.19820 0.34267 0.34270 ( 6)  0.627
  42 P   0.00035 0.01929 0.09593 0.23645 0.39488 0.25308 ( 5)  0.580
  43 W   0.02448 0.16606 0.26228 0.27482 0.21257 0.05978 ( 4)  0.368
  44 T   0.00000 0.00055 0.00811 0.04965 0.22632 0.71538 ( 6)  0.858
  45 A   0.01019 0.10920 0.23952 0.31258 0.26515 0.06337 ( 4)  0.398
  46 Y   0.30767 0.36818 0.21287 0.08863 0.02177 0.00088 ( 2)  0.175
  47 R   0.59552 0.26916 0.09900 0.03080 0.00543 0.00009 ( 1)  0.119
  48 T   0.00036 0.02039 0.10278 0.25059 0.39574 0.23015 ( 5)  0.565
  49 P   0.08821 0.27496 0.29453 0.22217 0.10912 0.01101 ( 3)  0.273
  50 W   0.66792 0.24974 0.06700 0.01378 0.00154 0.00002 ( 1)  0.104
  51 I   0.00046 0.02851 0.14200 0.31414 0.39208 0.12282 ( 5)  0.490
  52 Q   0.00641 0.08456 0.21226 0.31269 0.30222 0.08185 ( 4)  0.426
  53 L   0.39217 0.30138 0.17556 0.09073 0.03564 0.00452 ( 1)  0.173
  54 Y   0.00010 0.00926 0.06409 0.20209 0.40786 0.31659 ( 5)  0.629
  55 I   0.00118 0.03418 0.13127 0.26963 0.36995 0.19380 ( 5)  0.531
  56 F   0.00041 0.01319 0.06103 0.16335 0.34076 0.42126 ( 6)  0.683
  57 G   0.40731 0.29504 0.16801 0.08796 0.03643 0.00525 ( 1)  0.171
  58 S   0.70284 0.20316 0.06710 0.02155 0.00505 0.00030 ( 1)  0.104
  59 I   0.44874 0.29588 0.15331 0.07256 0.02651 0.00300 ( 1)  0.157
  60 Y   0.00630 0.07087 0.17040 0.26279 0.31011 0.17953 ( 5)  0.497
  61 H   0.29340 0.33696 0.21107 0.11072 0.04316 0.00469 ( 2)  0.192
  62 V   0.01944 0.16791 0.29588 0.30304 0.18664 0.02708 ( 4)  0.340
  63 F   0.36438 0.29750 0.18388 0.10188 0.04469 0.00767 ( 1)  0.184
  64 P   0.72335 0.19184 0.06061 0.01933 0.00460 0.00027 ( 1)  0.101
  65 I   0.58854 0.26671 0.10010 0.03511 0.00903 0.00052 ( 1)  0.122
  66 S   0.69698 0.20545 0.06910 0.02264 0.00548 0.00035 ( 1)  0.106
  67 T   0.55949 0.27840 0.11083 0.03997 0.01061 0.00071 ( 1)  0.128
  68 S   0.18201 0.29233 0.24399 0.16911 0.09300 0.01955 ( 2)  0.249
  69 H   0.00026 0.01605 0.08749 0.22900 0.39456 0.27264 ( 5)  0.594
  70 S   0.37042 0.29816 0.18079 0.09869 0.04364 0.00831 ( 1)  0.183
  71 D   0.03750 0.23074 0.31354 0.26384 0.13888 0.01550 ( 3)  0.303
  72 I   0.02204 0.17236 0.28851 0.29324 0.19119 0.03266 ( 4)  0.343
  73 R   0.00000 0.00077 0.00932 0.04769 0.19099 0.75123 ( 6)  0.875
  74 L   0.48766 0.29913 0.13967 0.05638 0.01594 0.00121 ( 1)  0.143
  75 S   0.00201 0.04091 0.12541 0.23193 0.33592 0.26382 ( 5)  0.568
  76 E   0.68024 0.23782 0.06517 0.01480 0.00193 0.00003 ( 1)  0.103
  77 E   0.03207 0.19970 0.28863 0.27131 0.17650 0.03179 ( 3)  0.331
  78 L   0.48369 0.29422 0.14057 0.06060 0.01933 0.00158 ( 1)  0.146
  79 L   0.00002 0.00235 0.02148 0.09245 0.29997 0.58373 ( 6)  0.786
  80 A   0.00000 0.00004 0.00085 0.00828 0.07266 0.91818 ( 6)  0.961
  81 S   0.00003 0.00388 0.03401 0.13147 0.34890 0.48170 ( 6)  0.728
  82 D   0.82606 0.13863 0.02872 0.00583 0.00075 0.00001 ( 1)  0.084
  83 Y   0.26741 0.30561 0.23142 0.13871 0.05315 0.00370 ( 2)  0.205
  84 L   0.49166 0.26812 0.14529 0.07018 0.02308 0.00167 ( 1)  0.149
  85 P   0.00223 0.05547 0.18204 0.31350 0.33788 0.10888 ( 5)  0.460
  86 Q   0.08881 0.29076 0.30420 0.21305 0.09450 0.00870 ( 3)  0.264
  87 F   0.56919 0.28748 0.10638 0.03153 0.00533 0.00010 ( 1)  0.122
  88 R   0.01107 0.11205 0.23687 0.30544 0.26469 0.06988 ( 4)  0.402
  89 S   0.01547 0.14076 0.26626 0.30344 0.22591 0.04816 ( 4)  0.370
  90 Q   0.11687 0.30411 0.28214 0.19288 0.09276 0.01124 ( 2)  0.257
  91 L   0.66344 0.21598 0.08125 0.03018 0.00848 0.00067 ( 1)  0.113
  92 P   0.80876 0.15078 0.03288 0.00673 0.00084 0.00001 ( 1)  0.087
  93 T   0.00142 0.03677 0.13124 0.26145 0.36783 0.20129 ( 5)  0.534
  94 L   0.14499 0.27360 0.26302 0.19700 0.10478 0.01662 ( 2)  0.262
  95 K   0.00001 0.00132 0.01315 0.06491 0.25691 0.66369 ( 6)  0.830
  96 A   0.00003 0.00513 0.04898 0.18604 0.42581 0.33401 ( 5)  0.646
  97 K   0.00144 0.04501 0.17108 0.32624 0.36618 0.09005 ( 5)  0.457
  98 L   0.45011 0.30670 0.15591 0.06693 0.01918 0.00118 ( 1)  0.151
  99 S   0.01975 0.17936 0.31892 0.31073 0.15978 0.01145 ( 3)  0.320
 100 R   0.79697 0.15664 0.03703 0.00823 0.00111 0.00002 ( 1)  0.088
 101 L   0.16225 0.29399 0.26394 0.18249 0.08696 0.01037 ( 2)  0.246
 102 S   0.00650 0.10467 0.24664 0.32100 0.26333 0.05786 ( 4)  0.396
 103 N   0.00031 0.01530 0.07279 0.18319 0.34862 0.37979 ( 6)  0.656
 104 L   0.26099 0.36802 0.23869 0.10629 0.02525 0.00076 ( 2)  0.187
 105 P   0.58368 0.27708 0.10123 0.03152 0.00628 0.00022 ( 1)  0.121
 106 V   0.27670 0.34909 0.22508 0.11159 0.03549 0.00205 ( 2)  0.190
 107 L   0.00002 0.00234 0.02002 0.08398 0.27382 0.61982 ( 6)  0.804
 108 D   0.40760 0.35187 0.16582 0.06112 0.01327 0.00032 ( 1)  0.152
 109 P   0.26942 0.36432 0.23342 0.10553 0.02644 0.00087 ( 2)  0.186
 110 L   0.45430 0.29872 0.15189 0.06887 0.02356 0.00266 ( 1)  0.154
 111 L   0.76238 0.17692 0.04708 0.01170 0.00187 0.00005 ( 1)  0.094
 112 R   0.00000 0.00047 0.01040 0.07343 0.31261 0.60309 ( 6)  0.802
 113 L   0.00002 0.00212 0.02070 0.09533 0.31659 0.56524 ( 6)  0.777
 114 L   0.00004 0.00421 0.03045 0.10720 0.29718 0.56093 ( 6)  0.769
 115 T   0.00156 0.03558 0.12050 0.24048 0.35941 0.24246 ( 5)  0.561
 116 N   0.00000 0.00003 0.00131 0.01719 0.14557 0.83590 ( 6)  0.922
 117 T   0.00000 0.00055 0.00973 0.06286 0.26860 0.65827 ( 6)  0.829
 118 T   0.03904 0.19945 0.28450 0.26728 0.17262 0.03712 ( 3)  0.332
 119 S   0.00219 0.04692 0.14493 0.25723 0.33664 0.21209 ( 5)  0.532
 120 E   0.00129 0.04667 0.16509 0.29609 0.34916 0.14171 ( 5)  0.487
 121 L   0.33658 0.35045 0.19475 0.08844 0.02795 0.00182 ( 2)  0.174
 122 S   0.00048 0.02657 0.13018 0.29791 0.40427 0.14059 ( 5)  0.505
 123 G   0.00004 0.00367 0.02734 0.10321 0.30102 0.56472 ( 6)  0.773
 124 C   0.24766 0.33160 0.23052 0.12966 0.05386 0.00671 ( 2)  0.208
 125 A   0.00838 0.09047 0.20438 0.28780 0.29175 0.11722 ( 5)  0.446
 126 A   0.04383 0.19207 0.27474 0.27092 0.18275 0.03569 ( 3)  0.334
 127 Y   0.05385 0.23724 0.31131 0.25871 0.12719 0.01170 ( 3)  0.293
 128 E   0.48162 0.31442 0.14264 0.05075 0.01033 0.00025 ( 1)  0.140
 129 I   0.00000 0.00013 0.00301 0.02603 0.16342 0.80742 ( 6)  0.906
 130 T   0.00001 0.00158 0.01901 0.09188 0.30434 0.58318 ( 6)  0.787
 131 P   0.00103 0.02865 0.10910 0.23157 0.35782 0.27184 ( 5)  0.582
 132 D   0.09241 0.29638 0.30764 0.21125 0.08641 0.00590 ( 3)  0.258
 133 E   0.80828 0.15027 0.03338 0.00709 0.00096 0.00002 ( 1)  0.087
 134 E   0.00428 0.07212 0.18601 0.28452 0.31773 0.13533 ( 5)  0.469
 135 F   0.81759 0.14450 0.03068 0.00636 0.00085 0.00001 ( 1)  0.085
 136 V   0.00086 0.02206 0.08403 0.19194 0.34827 0.35284 ( 6)  0.636
 137 K   0.28046 0.34888 0.22060 0.10914 0.03765 0.00327 ( 2)  0.191
 138 E   0.60031 0.26828 0.09550 0.02967 0.00603 0.00020 ( 1)  0.118
 139 P   0.00007 0.00634 0.04535 0.15517 0.36811 0.42496 ( 6)  0.693
 140 L   0.15809 0.30791 0.27259 0.17713 0.07618 0.00810 ( 2)  0.240
 141 L   0.00000 0.00001 0.00028 0.00361 0.04479 0.95131 ( 6)  0.977
 142 K   0.00005 0.00658 0.05260 0.18226 0.40591 0.35260 ( 5)  0.653
 143 E   0.01778 0.15391 0.28013 0.30560 0.20937 0.03320 ( 4)  0.353
 144 E   0.33126 0.35381 0.19921 0.08843 0.02588 0.00141 ( 2)  0.174
 145 S   0.00001 0.00188 0.01977 0.09189 0.30417 0.58228 ( 6)  0.786
 146 L   0.68381 0.20959 0.07409 0.02562 0.00649 0.00040 ( 1)  0.108
 147 L   0.57471 0.26024 0.10578 0.04371 0.01436 0.00119 ( 1)  0.129
 148 L   0.65758 0.21984 0.08307 0.03049 0.00836 0.00067 ( 1)  0.113
 149 P   0.21353 0.31512 0.24132 0.15069 0.06993 0.00942 ( 2)  0.225
 150 V   0.00001 0.00158 0.01519 0.06905 0.24787 0.66630 ( 6)  0.830
 151 V   0.00012 0.01030 0.06992 0.21563 0.41860 0.28543 ( 5)  0.610
 152 V   0.20046 0.31945 0.25407 0.15586 0.06445 0.00571 ( 2)  0.223
 153 D   0.37514 0.36696 0.17993 0.06454 0.01310 0.00032 ( 1)  0.157
 154 T   0.05190 0.19843 0.25775 0.24761 0.18716 0.05714 ( 3)  0.347
 155 F   0.00004 0.00510 0.04216 0.15353 0.37518 0.42400 ( 6)  0.695
 156 K   0.00040 0.01871 0.08699 0.21269 0.37465 0.30657 ( 5)  0.612
 157 M   0.00076 0.02390 0.09794 0.21998 0.36086 0.29657 ( 5)  0.601
 158 T   0.00000 0.00018 0.00344 0.02654 0.15831 0.81154 ( 6)  0.908
 159 I   0.00011 0.00570 0.03519 0.11819 0.31056 0.53026 ( 6)  0.751
 160 E   0.00000 0.00045 0.00923 0.06530 0.29613 0.62889 ( 6)  0.816
 161 S   0.00004 0.00584 0.05082 0.19008 0.43969 0.31354 ( 5)  0.635
 162 L   0.00000 0.00008 0.00265 0.02673 0.17251 0.79803 ( 6)  0.902
 163 T   0.00599 0.08972 0.23452 0.33357 0.27998 0.05623 ( 4)  0.402
 164 S   0.00000 0.00005 0.00133 0.01273 0.09885 0.88705 ( 6)  0.946
 165 Y   0.00812 0.12742 0.28307 0.33210 0.22183 0.02746 ( 4)  0.359
 166 S   0.01888 0.12443 0.23844 0.29829 0.25315 0.06682 ( 4)  0.393
 167 S   0.00235 0.06446 0.21119 0.34390 0.31998 0.05812 ( 4)  0.420
 168 F   0.00147 0.04561 0.16510 0.30657 0.35990 0.12135 ( 5)  0.476
 169 C   0.00000 0.00000 0.00026 0.00469 0.06347 0.93157 ( 6)  0.968
 170 C   0.00001 0.00247 0.02504 0.11030 0.33370 0.52849 ( 6)  0.756
 171 H   0.00001 0.00166 0.02018 0.09939 0.32531 0.55345 ( 6)  0.771
 172 F   0.00000 0.00016 0.00326 0.02551 0.15543 0.81563 ( 6)  0.910
 173 D   0.00049 0.02053 0.08880 0.20967 0.37527 0.30525 ( 5)  0.611
 174 V   0.00907 0.09968 0.22555 0.30780 0.28082 0.07708 ( 4)  0.414
 175 A   0.00002 0.00211 0.01826 0.07639 0.25234 0.65088 ( 6)  0.821
 176 S   0.00677 0.07969 0.19794 0.30244 0.31563 0.09753 ( 5)  0.441
 177 V   0.09887 0.29069 0.29465 0.20967 0.09706 0.00906 ( 3)  0.263
 178 P   0.00000 0.00049 0.00840 0.05237 0.22517 0.71357 ( 6)  0.857
 179 M   0.00041 0.02134 0.10151 0.23921 0.38295 0.25459 ( 5)  0.578
 180 E   0.00176 0.05756 0.18950 0.31718 0.33636 0.09765 ( 5)  0.452
 181 E   0.06063 0.29312 0.32380 0.22117 0.09269 0.00860 ( 3)  0.269
 182 Q   0.00025 0.02022 0.10424 0.23995 0.36427 0.27108 ( 5)  0.585
 183 P   0.00000 0.00001 0.00036 0.00552 0.06461 0.92951 ( 6)  0.967
 184 P   0.00057 0.02655 0.11562 0.25031 0.36782 0.23913 ( 5)  0.563
 185 V   0.10199 0.28527 0.28012 0.20346 0.10964 0.01951 ( 2)  0.274
 186 M   0.00255 0.05652 0.18108 0.31072 0.33798 0.11116 ( 5)  0.462
 187 D   0.72064 0.21559 0.05201 0.01055 0.00119 0.00001 ( 1)  0.097
 188 V   0.00180 0.04422 0.15130 0.28604 0.36514 0.15151 ( 5)  0.498
 189 L   0.71364 0.19895 0.06367 0.01950 0.00408 0.00016 ( 1)  0.102
 190 L   0.31771 0.31572 0.21135 0.11297 0.03925 0.00300 ( 1)  0.188
 191 P   0.03138 0.17548 0.28535 0.29450 0.18740 0.02590 ( 4)  0.335
 192 S   0.00060 0.02162 0.09911 0.24084 0.39615 0.24168 ( 5)  0.572
 193 E   0.10465 0.26913 0.29529 0.22336 0.10037 0.00720 ( 3)  0.265
 194 M   0.07593 0.29719 0.33418 0.22066 0.07015 0.00188 ( 3)  0.254
 195 E   0.42809 0.32895 0.16726 0.06312 0.01236 0.00022 ( 1)  0.150
 196 L   0.01263 0.10275 0.22292 0.30455 0.27796 0.07919 ( 4)  0.413
 197 D   0.20443 0.35202 0.26787 0.13730 0.03719 0.00119 ( 2)  0.206
 198 E   0.00028 0.01126 0.05882 0.16786 0.35617 0.40561 ( 6)  0.676
 199 T   0.00000 0.00007 0.00156 0.01494 0.11450 0.86892 ( 6)  0.937
 200 L   0.08478 0.23263 0.27942 0.24164 0.13959 0.02193 ( 3)  0.297
 201 A   0.00000 0.00090 0.01189 0.06745 0.27258 0.64718 ( 6)  0.823
 202 L   0.00000 0.00003 0.00080 0.00822 0.07365 0.91730 ( 6)  0.960
 203 T   0.02506 0.14936 0.26117 0.29660 0.22179 0.04602 ( 4)  0.364
 204 P   0.02141 0.13475 0.24836 0.29870 0.24058 0.05621 ( 4)  0.380
 205 K   0.00027 0.01766 0.09958 0.26107 0.41907 0.20235 ( 5)  0.552
 206 I   0.00000 0.00001 0.00051 0.00687 0.07635 0.91626 ( 6)  0.960
 207 S   0.00164 0.04783 0.17669 0.33074 0.36163 0.08146 ( 5)  0.450
 208 R   0.00018 0.00821 0.04694 0.14524 0.33756 0.46187 ( 6)  0.711
 209 S   0.00036 0.01493 0.07701 0.21113 0.40192 0.29465 ( 5)  0.611
 210 Q   0.00000 0.00034 0.00663 0.04933 0.25139 0.69231 ( 6)  0.848
 211 L   0.00007 0.00572 0.04178 0.14741 0.36388 0.44115 ( 6)  0.704
 212 S   0.00001 0.00156 0.01837 0.09336 0.32843 0.55826 ( 6)  0.775
 213 P   0.00384 0.05796 0.16899 0.29049 0.33944 0.13928 ( 5)  0.480
 214 I   0.00052 0.01930 0.09163 0.23116 0.39863 0.25877 ( 5)  0.585
 215 I   0.00000 0.00036 0.00644 0.04566 0.23005 0.71749 ( 6)  0.861
 216 S   0.00045 0.01721 0.08457 0.22147 0.40061 0.27569 ( 5)  0.597
 217 D   0.00159 0.04448 0.16164 0.30559 0.36072 0.12598 ( 5)  0.480
 218 L   0.53997 0.26401 0.12771 0.05365 0.01410 0.00057 ( 1)  0.135
 219 R   0.00095 0.01912 0.07446 0.17937 0.34285 0.38325 ( 6)  0.656
 220 K   0.00000 0.00080 0.01037 0.05922 0.25103 0.67857 ( 6)  0.839
 221 E   0.58494 0.25529 0.11025 0.04055 0.00874 0.00023 ( 1)  0.124
 222 E   0.02074 0.13464 0.25251 0.30508 0.24012 0.04691 ( 4)  0.373
 223 L   0.00135 0.02615 0.09687 0.21706 0.36531 0.29326 ( 5)  0.599
 224 S   0.52394 0.26617 0.13378 0.05879 0.01654 0.00078 ( 1)  0.140
 225 P   0.24610 0.29854 0.23780 0.15025 0.06207 0.00524 ( 2)  0.215
 226 L   0.00001 0.00080 0.00815 0.04231 0.18488 0.76385 ( 6)  0.882
 227 C   0.00000 0.00011 0.00243 0.02100 0.14163 0.83483 ( 6)  0.920
 228 S   0.00190 0.03419 0.11801 0.24453 0.36847 0.23290 ( 5)  0.557
 229 G   0.00000 0.00012 0.00192 0.01450 0.09703 0.88644 ( 6)  0.945
 230 Y   0.00161 0.02998 0.10691 0.23011 0.36699 0.26440 ( 5)  0.579
 231 L   0.23348 0.29213 0.24034 0.15795 0.06938 0.00673 ( 2)  0.222
 232 L   0.00099 0.03204 0.13238 0.28487 0.39068 0.15903 ( 5)  0.513
 233 T   0.27976 0.30946 0.22670 0.13140 0.04896 0.00372 ( 2)  0.201
 234 A   0.00008 0.00706 0.05072 0.17247 0.39352 0.37615 ( 5)  0.666
 235 S   0.00028 0.01107 0.05982 0.17878 0.38843 0.36163 ( 5)  0.654
 236 A   0.00145 0.04272 0.16097 0.31240 0.37025 0.11221 ( 5)  0.474
 237 Q   0.03757 0.19697 0.30005 0.28652 0.16194 0.01696 ( 3)  0.317
 238 E   0.00001 0.00137 0.01646 0.08566 0.31190 0.58460 ( 6)  0.789
 239 D   0.04489 0.21983 0.31267 0.27520 0.13702 0.01039 ( 3)  0.300
 240 M   0.51639 0.31555 0.12710 0.03630 0.00463 0.00003 ( 1)  0.130
 241 E   0.00548 0.07733 0.20843 0.32207 0.31187 0.07482 ( 4)  0.425
 242 R   0.00000 0.00000 0.00005 0.00144 0.03216 0.96636 ( 6)  0.984
 243 T   0.00382 0.05962 0.17604 0.30112 0.33953 0.11987 ( 5)  0.467
 244 L   0.02945 0.16852 0.28029 0.29682 0.19595 0.02898 ( 4)  0.341
 245 W   0.16649 0.33018 0.28501 0.16551 0.05114 0.00166 ( 2)  0.223
 246 N   0.00580 0.07307 0.18754 0.29451 0.32347 0.11560 ( 5)  0.457
 247 S   0.12796 0.29080 0.28988 0.20155 0.08375 0.00607 ( 2)  0.250
 248 E   0.70739 0.21184 0.06345 0.01544 0.00186 0.00002 ( 1)  0.101
 249 K   0.15938 0.32402 0.28701 0.17193 0.05567 0.00199 ( 2)  0.227
 250 H   0.17730 0.33850 0.28140 0.15636 0.04519 0.00125 ( 2)  0.217
 251 P   0.00036 0.01439 0.07255 0.19703 0.38179 0.33388 ( 5)  0.633
 252 T   0.00000 0.00013 0.00269 0.02263 0.14724 0.82731 ( 6)  0.916
 253 F   0.08851 0.24674 0.29193 0.24005 0.12146 0.01131 ( 3)  0.281
 254 V   0.00128 0.03895 0.15145 0.30468 0.37948 0.12415 ( 5)  0.485
 255 V   0.00515 0.07308 0.19923 0.31428 0.31849 0.08977 ( 5)  0.438
 256 G   0.00005 0.00447 0.03507 0.13331 0.35985 0.46725 ( 6)  0.720
 257 L   0.04807 0.22874 0.31616 0.26939 0.12842 0.00923 ( 3)  0.294
 258 L   0.31199 0.31827 0.21555 0.11433 0.03761 0.00225 ( 2)  0.187
 259 L   0.08730 0.23757 0.28274 0.24089 0.13408 0.01742 ( 3)  0.291
 260 A   0.02300 0.14266 0.25734 0.30003 0.22918 0.04777 ( 4)  0.369
 261 E   0.37150 0.33188 0.19293 0.08366 0.01956 0.00047 ( 1)  0.165
 262 P   0.63361 0.24049 0.09121 0.02925 0.00533 0.00012 ( 1)  0.114
 263 K   0.02913 0.16790 0.28096 0.29890 0.19666 0.02644 ( 4)  0.340
 264 P   0.00361 0.05762 0.17418 0.30463 0.34850 0.11146 ( 5)  0.464
 265 W   0.02215 0.13886 0.25320 0.29910 0.23375 0.05294 ( 4)  0.375
 266 S   0.00000 0.00001 0.00045 0.00655 0.07495 0.91804 ( 6)  0.961
 267 E   0.16940 0.33092 0.28300 0.16377 0.05111 0.00181 ( 2)  0.222
 268 Q   0.12005 0.27883 0.28694 0.20955 0.09560 0.00902 ( 3)  0.260
 269 V   0.00002 0.00235 0.02358 0.10649 0.33466 0.53290 ( 6)  0.760
 270 P   0.00000 0.00000 0.00002 0.00077 0.02198 0.97723 ( 6)  0.989
 271 L   0.00002 0.00168 0.01528 0.06903 0.24558 0.66841 ( 6)  0.831
 272 D   0.00000 0.00001 0.00040 0.00563 0.06573 0.92822 ( 6)  0.966
 273 N   0.00000 0.00005 0.00163 0.01809 0.14533 0.83490 ( 6)  0.921
 274 T   0.00000 0.00007 0.00163 0.01488 0.11030 0.87311 ( 6)  0.939
 275 H   0.00000 0.00000 0.00007 0.00149 0.02890 0.96953 ( 6)  0.986
 276 D   0.00032 0.02119 0.11785 0.29783 0.43172 0.13109 ( 5)  0.506
 277 F   0.32560 0.32526 0.21240 0.10565 0.03007 0.00102 ( 1)  0.180
 278 T   0.24487 0.29820 0.23830 0.15099 0.06246 0.00519 ( 2)  0.215
 279 E   0.60189 0.25121 0.10360 0.03604 0.00711 0.00015 ( 1)  0.121
 280 E   0.58556 0.25497 0.10999 0.04048 0.00877 0.00023 ( 1)  0.124
 281 E   0.00394 0.06102 0.17994 0.30765 0.34276 0.10469 ( 5)  0.457
 282 F   0.32121 0.32408 0.21400 0.10801 0.03154 0.00116 ( 2)  0.182
 283 E   0.00000 0.00019 0.00254 0.01738 0.10867 0.87121 ( 6)  0.937
 284 N   0.00302 0.04940 0.15485 0.28580 0.35982 0.14711 ( 5)  0.493
 285 L   0.05117 0.17030 0.24753 0.26598 0.20840 0.05662 ( 4)  0.358
 286 Q   0.12693 0.28827 0.28829 0.20245 0.08673 0.00734 ( 3)  0.253
 287 E   0.00182 0.05058 0.18019 0.32728 0.35183 0.08830 ( 5)  0.451
 288 Q   0.00000 0.00124 0.01697 0.09285 0.33409 0.55484 ( 6)  0.774
 289 D   0.00279 0.06834 0.21542 0.34243 0.30985 0.06115 ( 4)  0.418
 290 L   0.31570 0.31787 0.21346 0.11288 0.03757 0.00253 ( 2)  0.187
 291 D   0.72923 0.20137 0.05569 0.01238 0.00132 0.00001 ( 1)  0.097
 292 P   0.35031 0.32578 0.20086 0.09535 0.02658 0.00112 ( 1)  0.173
 293 L   0.57411 0.25589 0.11426 0.04446 0.01083 0.00045 ( 1)  0.128
 294 S   0.36153 0.32707 0.19628 0.09028 0.02397 0.00089 ( 1)  0.170
 295 S   0.00513 0.07284 0.19878 0.31401 0.31894 0.09030 ( 5)  0.439
 296 F   0.71194 0.20992 0.06174 0.01468 0.00171 0.00001 ( 1)  0.100
 297 I   0.00760 0.10936 0.27010 0.34989 0.23988 0.02317 ( 4)  0.365
 298 V   0.02095 0.18958 0.32926 0.30705 0.14452 0.00863 ( 3)  0.311
 299 L   0.57257 0.25641 0.11492 0.04481 0.01086 0.00042 ( 1)  0.128
 300 R   0.66290 0.22950 0.08013 0.02356 0.00383 0.00007 ( 1)  0.109
 301 S   0.00416 0.06174 0.17694 0.29736 0.33464 0.12518 ( 5)  0.469
 302 Q   0.03290 0.18264 0.29314 0.29531 0.17721 0.01880 ( 4)  0.326
 303 Q   0.65210 0.23467 0.08406 0.02506 0.00404 0.00006 ( 1)  0.111
 304 T   0.00003 0.00282 0.02274 0.09142 0.28163 0.60136 ( 6)  0.794
 305 T   0.00005 0.00484 0.03643 0.13360 0.35044 0.47464 ( 6)  0.723
 306 S   0.00023 0.00973 0.05237 0.15446 0.34372 0.43949 ( 6)  0.697
 307 G   0.00437 0.06397 0.18040 0.29754 0.32791 0.12583 ( 5)  0.467
 308 S   0.00000 0.00000 0.00019 0.00336 0.04934 0.94711 ( 6)  0.975
 309 P   0.00001 0.00110 0.01329 0.07082 0.27479 0.63999 ( 6)  0.818
 310 S   0.00000 0.00015 0.00272 0.02158 0.13906 0.83649 ( 6)  0.921
 311 P   0.10912 0.26834 0.28871 0.21924 0.10412 0.01047 ( 3)  0.267
 312 Q   0.11652 0.28011 0.29197 0.21167 0.09236 0.00736 ( 3)  0.258
 313 A   0.36421 0.32698 0.19498 0.08923 0.02368 0.00091 ( 1)  0.169
 314 T   0.03243 0.17812 0.28553 0.29147 0.18506 0.02738 ( 4)  0.335
 315 E   0.06498 0.26970 0.32687 0.24047 0.09345 0.00452 ( 3)  0.270
 316 T   0.11217 0.27437 0.29217 0.21706 0.09700 0.00722 ( 3)  0.261
 317 Q   0.56426 0.26017 0.11838 0.04613 0.01075 0.00032 ( 1)  0.129
 318 Q   0.00010 0.00570 0.03760 0.13180 0.34588 0.47892 ( 6)  0.725
 319 R   0.00006 0.00304 0.01924 0.07017 0.22213 0.68537 ( 6)  0.837
 320 A   0.65443 0.23319 0.08323 0.02494 0.00414 0.00008 ( 1)  0.110
 321 Y   0.36267 0.32843 0.19629 0.08914 0.02277 0.00070 ( 1)  0.169
 322 S   0.00000 0.00004 0.00101 0.01030 0.08961 0.89904 ( 6)  0.952
 323 E   0.70324 0.21348 0.06502 0.01620 0.00205 0.00002 ( 1)  0.102
 324 L   0.29285 0.31249 0.22182 0.12462 0.04487 0.00335 ( 2)  0.196
 325 F   0.00465 0.06650 0.18454 0.30048 0.32636 0.11748 ( 5)  0.460
 326 A   0.34775 0.32547 0.20179 0.09647 0.02730 0.00122 ( 1)  0.174
 327 V   0.15348 0.31903 0.28843 0.17693 0.05965 0.00249 ( 2)  0.230
 328 A   0.35978 0.32632 0.19674 0.09132 0.02482 0.00102 ( 1)  0.171
 329 Q   0.00638 0.08526 0.21958 0.32463 0.29854 0.06561 ( 4)  0.414
 330 P   0.63864 0.23879 0.08926 0.02817 0.00503 0.00011 ( 1)  0.113
 331 C   0.00114 0.03579 0.14304 0.29625 0.38440 0.13937 ( 5)  0.497
 332 L   0.59033 0.25178 0.10794 0.04026 0.00932 0.00037 ( 1)  0.124
 333 N   0.00000 0.00001 0.00051 0.00844 0.09776 0.89328 ( 6)  0.950
 334 C   0.00042 0.01531 0.07220 0.18661 0.35532 0.37014 ( 6)  0.651
 335 A   0.14456 0.30830 0.28831 0.18593 0.06901 0.00389 ( 2)  0.238
 336 R   0.12315 0.27328 0.27740 0.20739 0.10456 0.01422 ( 3)  0.266
 337 E   0.01235 0.13342 0.27957 0.32792 0.21913 0.02761 ( 4)  0.357
 338 I   0.26217 0.30345 0.23190 0.14095 0.05641 0.00513 ( 2)  0.209
 339 G   0.36216 0.32940 0.19657 0.08874 0.02244 0.00070 ( 1)  0.169
 340 L   0.48782 0.30420 0.14075 0.05388 0.01285 0.00048 ( 1)  0.141
 341 K   0.00016 0.01596 0.09803 0.26159 0.42096 0.20330 ( 5)  0.554
 342 L   0.00000 0.00000 0.00013 0.00275 0.04811 0.94900 ( 6)  0.976
 343 P   0.09280 0.30200 0.30957 0.20656 0.08254 0.00652 ( 3)  0.256
 344 V   0.00001 0.00253 0.02445 0.10508 0.32411 0.54382 ( 6)  0.764
 345 G   0.00904 0.13178 0.27067 0.30285 0.22548 0.06018 ( 4)  0.381
 346 G   0.06142 0.24024 0.30053 0.25015 0.13187 0.01579 ( 3)  0.294
 347 D   0.40733 0.37888 0.16302 0.04529 0.00543 0.00004 ( 1)  0.145
 348 F   0.71517 0.22002 0.05301 0.01060 0.00119 0.00001 ( 1)  0.098
 349 H   0.01644 0.18970 0.32444 0.29993 0.15600 0.01349 ( 3)  0.319
 350 K   0.00000 0.00097 0.01383 0.07737 0.29108 0.61674 ( 6)  0.806
 351 L   0.29752 0.31403 0.22037 0.12207 0.04297 0.00303 ( 2)  0.194
 352 A   0.00009 0.00784 0.05472 0.18127 0.40084 0.35523 ( 5)  0.654
 353 P   0.64975 0.23502 0.08499 0.02581 0.00435 0.00008 ( 1)  0.111
 354 D   0.47335 0.32426 0.14663 0.04809 0.00760 0.00008 ( 1)  0.139
 355 Q   0.13317 0.29758 0.29076 0.19654 0.07735 0.00460 ( 2)  0.245
 356 T   0.63927 0.23863 0.08901 0.02801 0.00497 0.00010 ( 1)  0.113
 357 H   0.37675 0.32783 0.18993 0.08396 0.02091 0.00063 ( 1)  0.165
 358 F   0.44950 0.32691 0.15739 0.05589 0.01014 0.00017 ( 1)  0.145
 359 L   0.12409 0.28822 0.29213 0.20536 0.08486 0.00534 ( 3)  0.252
 360 L   0.61586 0.24581 0.09812 0.03341 0.00663 0.00017 ( 1)  0.118
 361 K   0.67410 0.22618 0.07573 0.02092 0.00302 0.00004 ( 1)  0.107
 362 Q   0.66264 0.23066 0.08006 0.02305 0.00354 0.00005 ( 1)  0.109
 363 Q   0.66740 0.22916 0.07820 0.02197 0.00322 0.00004 ( 1)  0.108
 364 E   0.70468 0.21291 0.06447 0.01594 0.00198 0.00002 ( 1)  0.101
 365 K   0.00878 0.10459 0.24301 0.32371 0.26457 0.05534 ( 4)  0.394
 366 A   0.00646 0.08677 0.22334 0.32799 0.29540 0.06004 ( 4)  0.409
 367 V   0.13355 0.29609 0.28880 0.19644 0.07953 0.00559 ( 2)  0.247
 368 A   0.16092 0.32467 0.28569 0.17058 0.05585 0.00229 ( 2)  0.227
 369 G   0.00484 0.06931 0.19136 0.30777 0.32420 0.10252 ( 5)  0.449
 370 Q   0.20344 0.35385 0.26973 0.13676 0.03534 0.00088 ( 2)  0.205
 371 E   0.00000 0.00000 0.00002 0.00083 0.02309 0.97606 ( 6)  0.989
 372 L   0.34538 0.32580 0.20320 0.09734 0.02720 0.00108 ( 1)  0.175
 373 L   0.00176 0.05058 0.18412 0.33759 0.35516 0.07079 ( 5)  0.440
 374 R   0.00189 0.05387 0.19218 0.34204 0.34407 0.06594 ( 5)  0.433
 375 Q   0.00016 0.01217 0.07814 0.23335 0.43495 0.24123 ( 5)  0.584
 376 T   0.00000 0.00043 0.00752 0.05183 0.24940 0.69082 ( 6)  0.847
 377 A   0.38468 0.33031 0.18680 0.07939 0.01836 0.00046 ( 1)  0.162
 378 L   0.11034 0.26937 0.28860 0.21848 0.10315 0.01006 ( 3)  0.266
 379 I   0.04177 0.21237 0.31124 0.28107 0.14288 0.01067 ( 3)  0.304
 380 H   0.73090 0.20122 0.05489 0.01182 0.00116 0.00001 ( 1)  0.097
 381 I   0.00632 0.08651 0.22525 0.33212 0.29558 0.05422 ( 4)  0.405
 382 L   0.59963 0.25072 0.10444 0.03719 0.00781 0.00022 ( 1)  0.122
 383 V   0.68340 0.22273 0.07218 0.01910 0.00256 0.00003 ( 1)  0.105
 384 T   0.12546 0.28929 0.29122 0.20371 0.08451 0.00581 ( 3)  0.251
 385 S   0.05317 0.24224 0.32074 0.26020 0.11596 0.00768 ( 3)  0.286
 386 K   0.43204 0.32823 0.16547 0.06200 0.01205 0.00021 ( 1)  0.149
 387 E   0.22356 0.36654 0.26142 0.12129 0.02677 0.00041 ( 2)  0.195
 388 L   0.04834 0.17305 0.26125 0.27958 0.20115 0.03664 ( 4)  0.342
 389 L   0.32424 0.32095 0.21104 0.10819 0.03380 0.00177 ( 1)  0.183
 390 L   0.32996 0.32425 0.20976 0.10430 0.03046 0.00128 ( 1)  0.180
 391 K   0.19827 0.35197 0.27272 0.14002 0.03622 0.00081 ( 2)  0.207
 392 C   0.44295 0.32886 0.16057 0.05732 0.01016 0.00014 ( 1)  0.146
 393 S   0.01131 0.12215 0.26440 0.32860 0.23995 0.03360 ( 4)  0.369
 394 I   0.37913 0.33019 0.18931 0.08165 0.01922 0.00049 ( 1)  0.163
 395 S   0.07209 0.28763 0.33214 0.22798 0.07767 0.00248 ( 3)  0.260
 396 T   0.14534 0.31055 0.28960 0.18485 0.06645 0.00321 ( 2)  0.236
 397 A   0.15072 0.31475 0.28762 0.18007 0.06364 0.00321 ( 2)  0.233
 398 V   0.00063 0.02240 0.10210 0.24583 0.39680 0.23223 ( 5)  0.566
 399 A   0.00772 0.09957 0.24406 0.33558 0.27072 0.04235 ( 4)  0.388
 400 Y   0.66281 0.23140 0.07990 0.02259 0.00327 0.00003 ( 1)  0.109
 401 L   0.29811 0.31829 0.22227 0.12007 0.03924 0.00202 ( 2)  0.191
 402 I   0.00087 0.02849 0.12016 0.26699 0.39017 0.19332 ( 5)  0.537
 403 R   0.01246 0.13641 0.28684 0.33283 0.21138 0.02008 ( 4)  0.349
 404 A   0.35097 0.32692 0.20105 0.09454 0.02558 0.00094 ( 1)  0.173
 405 V   0.00020 0.01175 0.07132 0.21388 0.42177 0.28107 ( 5)  0.607
 406 E   0.00165 0.04859 0.18034 0.33657 0.36057 0.07228 ( 5)  0.443
 407 T   0.00002 0.00301 0.03074 0.13399 0.38178 0.45046 ( 6)  0.715
 408 S   0.40957 0.33086 0.17576 0.06927 0.01426 0.00027 ( 1)  0.155
 409 S   0.00460 0.06706 0.18828 0.30777 0.32902 0.10328 ( 5)  0.451
 410 E   0.00151 0.04457 0.16746 0.32149 0.36881 0.09615 ( 5)  0.462
 411 Q   0.00079 0.02738 0.12037 0.27538 0.40435 0.17173 ( 5)  0.526
 412 C   0.00285 0.07061 0.22334 0.35211 0.30496 0.04613 ( 4)  0.406
 413 L   0.59693 0.25169 0.10551 0.03773 0.00792 0.00021 ( 1)  0.122
 414 G   0.00000 0.00033 0.00624 0.04617 0.23953 0.70773 ( 6)  0.856
 415 S   0.00002 0.00381 0.03780 0.15824 0.41847 0.38166 ( 5)  0.676
 416 L   0.59243 0.25260 0.10725 0.03902 0.00846 0.00025 ( 1)  0.123
 417 M   0.00647 0.08666 0.22269 0.32684 0.29520 0.06215 ( 4)  0.411
 418 K   0.01029 0.12026 0.26948 0.33611 0.23656 0.02730 ( 4)  0.364
 419 R   0.05497 0.24703 0.32292 0.25782 0.11114 0.00612 ( 3)  0.282
 420 L   0.60746 0.24886 0.10138 0.03509 0.00703 0.00017 ( 1)  0.120
 421 Q   0.00081 0.03053 0.13678 0.30429 0.40397 0.12364 ( 5)  0.492
 422 I   0.16254 0.32858 0.28727 0.16810 0.05189 0.00162 ( 2)  0.224
 423 L   0.00417 0.06501 0.19041 0.31819 0.33540 0.08683 ( 5)  0.442
 424 L   0.34696 0.32865 0.20357 0.09527 0.02484 0.00071 ( 1)  0.173
 425 F   0.00934 0.11164 0.25703 0.33299 0.25176 0.03726 ( 4)  0.377
 426 L   0.13549 0.29979 0.29030 0.19437 0.07559 0.00446 ( 2)  0.244
 427 S   0.01565 0.15669 0.30349 0.32334 0.18531 0.01552 ( 4)  0.335
 428 I   0.00000 0.00031 0.00600 0.04601 0.24952 0.69816 ( 6)  0.852
 429 K   0.12003 0.29537 0.30057 0.20395 0.07644 0.00364 ( 3)  0.248
 430 H   0.01705 0.16790 0.31661 0.32216 0.16670 0.00959 ( 4)  0.323
 431 Q   0.04619 0.22464 0.31603 0.27316 0.13108 0.00890 ( 3)  0.296
 432 E   0.72723 0.20303 0.05619 0.01231 0.00123 0.00001 ( 1)  0.097
 433 D   0.00215 0.05699 0.19482 0.33846 0.33989 0.06770 ( 5)  0.433
 434 L   0.00001 0.00207 0.02239 0.10499 0.33666 0.53389 ( 6)  0.761
 435 K   0.41667 0.33103 0.17270 0.06640 0.01300 0.00020 ( 1)  0.153
 436 L   0.03410 0.18568 0.29345 0.29205 0.17464 0.02007 ( 3)  0.325
 437 Q   0.08982 0.23958 0.28119 0.23754 0.13278 0.01909 ( 3)  0.291
 438 K   0.01332 0.14336 0.29524 0.33260 0.19977 0.01571 ( 4)  0.342
 439 L   0.11887 0.28110 0.29087 0.21042 0.09177 0.00698 ( 3)  0.257
 440 Q   0.40457 0.33042 0.17798 0.07152 0.01520 0.00030 ( 1)  0.156
 441 Q   0.01368 0.14418 0.29297 0.32868 0.20147 0.01902 ( 4)  0.344
 442 L   0.00442 0.06529 0.18488 0.30447 0.32942 0.11152 ( 5)  0.457
 443 L   0.00237 0.04124 0.13672 0.26806 0.36750 0.18410 ( 5)  0.522
 444 T   0.00002 0.00341 0.03403 0.14415 0.39434 0.42404 ( 6)  0.700
 445 S   0.00080 0.02683 0.11558 0.26175 0.39035 0.20469 ( 5)  0.545
 446 W   0.00021 0.01515 0.09187 0.25784 0.43979 0.19516 ( 5)  0.553
 447 L   0.08302 0.23124 0.28099 0.24469 0.14034 0.01971 ( 3)  0.296
 448 Y   0.00231 0.06169 0.20881 0.35155 0.32583 0.04982 ( 4)  0.416
 449 S   0.22794 0.36852 0.25924 0.11839 0.02553 0.00038 ( 2)  0.194
 450 R   0.06205 0.26612 0.32977 0.24514 0.09330 0.00361 ( 3)  0.271
 451 K   0.00020 0.01437 0.08743 0.24738 0.43191 0.21871 ( 5)  0.567
 452 E   0.00000 0.00001 0.00038 0.00591 0.07231 0.92140 ( 6)  0.963
 453 K   0.00000 0.00056 0.00956 0.06334 0.28436 0.64217 ( 6)  0.822
 454 D   0.00002 0.00232 0.02030 0.08788 0.28945 0.60003 ( 6)  0.795
 455 R   0.00000 0.00003 0.00070 0.00741 0.06951 0.92235 ( 6)  0.963
 456 A   0.00063 0.01443 0.06216 0.16352 0.34166 0.41760 ( 6)  0.680
 457 D   0.00001 0.00121 0.01477 0.07875 0.29886 0.60639 ( 6)  0.801
 458 K   0.08896 0.24228 0.28679 0.24057 0.12803 0.01338 ( 3)  0.285
 459 I   0.07879 0.22551 0.28069 0.24998 0.14592 0.01911 ( 3)  0.299
 460 L   0.02320 0.14388 0.25922 0.30136 0.22813 0.04422 ( 4)  0.366
 461 V   0.66919 0.22863 0.07749 0.02155 0.00310 0.00004 ( 1)  0.107
 462 L   0.03397 0.18836 0.29866 0.29384 0.16863 0.01654 ( 3)  0.321
 463 L   0.00001 0.00179 0.02148 0.10905 0.36724 0.50043 ( 6)  0.745
 464 S   0.02734 0.16166 0.27660 0.30091 0.20380 0.02968 ( 4)  0.345
 465 V   0.00043 0.01581 0.07647 0.20293 0.38715 0.31721 ( 5)  0.623
 466 D   0.20911 0.35902 0.26829 0.13151 0.03150 0.00058 ( 2)  0.202
 467 S   0.00001 0.00118 0.01428 0.07584 0.28846 0.62024 ( 6)  0.808
 468 D   0.23560 0.37171 0.25530 0.11348 0.02358 0.00033 ( 2)  0.191
 469 D   0.00000 0.00009 0.00235 0.02295 0.16050 0.81411 ( 6)  0.910
 470 G   0.00167 0.04727 0.17180 0.31981 0.35804 0.10141 ( 5)  0.462
 471 R   0.67389 0.22594 0.07587 0.02113 0.00312 0.00004 ( 1)  0.107
 472 T   0.00003 0.00253 0.02110 0.08753 0.27867 0.61015 ( 6)  0.799
 473 K   0.00000 0.00004 0.00130 0.01635 0.14469 0.83763 ( 6)  0.922
 474 I   0.03967 0.20310 0.30277 0.28277 0.15568 0.01602 ( 3)  0.313
 475 I   0.00968 0.11561 0.26413 0.33647 0.24389 0.03021 ( 4)  0.369
 476 N   0.00030 0.01982 0.11177 0.28794 0.43237 0.14782 ( 5)  0.518
 477 S   0.01119 0.12591 0.27346 0.33206 0.22931 0.02807 ( 4)  0.362
 478 M   0.34265 0.32519 0.20423 0.09873 0.02802 0.00117 ( 1)  0.176
 479 N   0.07066 0.28183 0.32859 0.23115 0.08413 0.00363 ( 3)  0.263
 480 Q   0.12639 0.29303 0.29381 0.20222 0.08004 0.00452 ( 3)  0.248
 481 V   0.63072 0.26577 0.08174 0.01941 0.00234 0.00002 ( 1)  0.111
 482 -   0.18275 0.31479 0.26494 0.16608 0.06630 0.00514 ( 2)  0.228
 483 -   0.09584 0.30677 0.31057 0.20394 0.07785 0.00504 ( 3)  0.253
 484 A   0.00001 0.00145 0.01487 0.07588 0.29405 0.61375 ( 6)  0.805
 485 A   0.00000 0.00083 0.01469 0.09066 0.34538 0.54844 ( 6)  0.773
 486 V   0.10755 0.31702 0.30292 0.19254 0.07442 0.00555 ( 2)  0.248
 487 T   0.02416 0.17004 0.27238 0.28220 0.20538 0.04584 ( 4)  0.356
 488 S   0.00381 0.07741 0.21592 0.32277 0.30209 0.07801 ( 4)  0.425
 489 L   0.11130 0.34365 0.31815 0.17690 0.04859 0.00141 ( 2)  0.232
 490 S   0.00000 0.00014 0.00421 0.03998 0.23760 0.71808 ( 6)  0.863
 491 P   0.60496 0.27111 0.09284 0.02649 0.00450 0.00010 ( 1)  0.116
 492 K   0.00259 0.06593 0.21430 0.34859 0.31587 0.05272 ( 4)  0.415
 493 E   0.01397 0.14547 0.29328 0.32740 0.20062 0.01927 ( 4)  0.344
 494 N   0.00000 0.00007 0.00217 0.02352 0.17562 0.79862 ( 6)  0.903
 495 K   0.00605 0.07860 0.20167 0.30576 0.30810 0.09982 ( 5)  0.441
 496 K   0.00000 0.00080 0.01131 0.06709 0.27837 0.64243 ( 6)  0.821
 497 T   0.04865 0.23098 0.31807 0.26891 0.12540 0.00798 ( 3)  0.292
 498 V   0.11459 0.27621 0.29087 0.21446 0.09607 0.00781 ( 3)  0.261
 499 N   0.01190 0.13230 0.28260 0.33406 0.21778 0.02136 ( 4)  0.353
 500 G   0.16000 0.32352 0.28586 0.17165 0.05662 0.00235 ( 2)  0.227
 501 A   0.03641 0.19377 0.29910 0.28911 0.16489 0.01672 ( 3)  0.318
 502 S   0.00003 0.00433 0.04136 0.16693 0.42324 0.36411 ( 5)  0.666
 503 V   0.04431 0.21767 0.31077 0.27539 0.13984 0.01202 ( 3)  0.302
 504 V   0.03762 0.19743 0.30086 0.28699 0.16109 0.01601 ( 3)  0.316
 505 S   0.01469 0.15141 0.30055 0.32728 0.19068 0.01540 ( 4)  0.337
 506 S   0.49011 0.32143 0.13895 0.04317 0.00628 0.00006 ( 1)  0.135
 507 V   0.03905 0.20206 0.30345 0.28457 0.15594 0.01494 ( 3)  0.312
 508 C   0.00000 0.00000 0.00017 0.00358 0.05753 0.93871 ( 6)  0.971
 509 D   0.00003 0.00581 0.05409 0.20652 0.46360 0.26994 ( 5)  0.611
 510 S   0.01612 0.16115 0.30948 0.32344 0.17693 0.01288 ( 4)  0.330
 511 V   0.00010 0.00793 0.05489 0.18069 0.39857 0.35782 ( 5)  0.655
 512 C   0.42528 0.33000 0.16864 0.06361 0.01227 0.00020 ( 1)  0.151
 513 A   0.01006 0.11771 0.26475 0.33325 0.24123 0.03300 ( 4)  0.370
 514 V   0.14579 0.31464 0.29228 0.18287 0.06205 0.00238 ( 2)  0.234
 515 V   0.68340 0.22273 0.07218 0.01910 0.00256 0.00003 ( 1)  0.105
 516 Y   0.00929 0.11077 0.25487 0.33114 0.25375 0.04018 ( 4)  0.380
 517 E   0.00135 0.05794 0.21287 0.35198 0.31568 0.06018 ( 4)  0.422
 518 Q   0.58856 0.28434 0.09826 0.02559 0.00322 0.00003 ( 1)  0.118
 519 H   0.15401 0.38297 0.29470 0.13732 0.03045 0.00054 ( 2)  0.210
 520 I   0.08636 0.29286 0.31334 0.21401 0.08705 0.00639 ( 3)  0.261
 521 G   0.08573 0.30622 0.32518 0.20979 0.07018 0.00291 ( 3)  0.251
 522 P   0.02291 0.18030 0.29878 0.29445 0.17805 0.02550 ( 3)  0.333
 523 D   0.74572 0.19341 0.04986 0.01009 0.00091 0.00000 ( 1)  0.095
 524 F   0.73184 0.21153 0.04733 0.00851 0.00078 0.00000 ( 1)  0.095
 525 P   0.82063 0.14419 0.02923 0.00539 0.00056 0.00001 ( 1)  0.085
 526 W   0.41015 0.37723 0.16174 0.04530 0.00555 0.00004 ( 1)  0.145
 527 N   0.00000 0.00006 0.00215 0.02359 0.17491 0.79930 ( 6)  0.903
 528 S   0.00000 0.00180 0.02714 0.14400 0.43786 0.38919 ( 5)  0.686
 529 F   0.73933 0.21129 0.04294 0.00611 0.00033 0.00000 ( 1)  0.093
 530 S   0.00636 0.10830 0.26613 0.34470 0.24738 0.02713 ( 4)  0.370
 531 L   0.11588 0.33289 0.30536 0.18123 0.06130 0.00333 ( 2)  0.238
 532 V   0.15669 0.37842 0.28991 0.13943 0.03464 0.00091 ( 2)  0.211
 533 V   0.60520 0.27207 0.09304 0.02571 0.00392 0.00006 ( 1)  0.116
 534 E   0.30455 0.39474 0.21707 0.07342 0.01016 0.00006 ( 2)  0.167
 535 Y   0.00020 0.02040 0.12163 0.30164 0.41730 0.13883 ( 5)  0.508
 536 N   0.01164 0.17253 0.34117 0.32461 0.14336 0.00669 ( 3)  0.315
 537 H   0.00216 0.06558 0.21936 0.35468 0.31290 0.04533 ( 4)  0.409
 538 P   0.00136 0.04558 0.16915 0.31434 0.35950 0.11008 ( 5)  0.469
 539 G   0.00012 0.01515 0.10595 0.29716 0.44646 0.13517 ( 5)  0.514
 540 Q   0.00003 0.00836 0.07756 0.26361 0.47286 0.17757 ( 5)  0.551
 541 S   0.00655 0.11050 0.26057 0.32765 0.24878 0.04596 ( 4)  0.383
 542 P   0.39328 0.36321 0.17149 0.06004 0.01174 0.00024 ( 1)  0.153
 543 W   0.02142 0.22235 0.36321 0.28993 0.10070 0.00239 ( 3)  0.289
 544 S   0.00003 0.00618 0.05884 0.21613 0.45828 0.26054 ( 5)  0.603
 545 T   0.00000 0.00006 0.00219 0.02526 0.18855 0.78395 ( 6)  0.896
 546 V   0.00112 0.04463 0.16802 0.31066 0.35845 0.11712 ( 5)  0.473
 547 C   0.67536 0.24482 0.06532 0.01323 0.00126 0.00001 ( 1)  0.103
 548 I   0.67383 0.24041 0.06812 0.01574 0.00189 0.00002 ( 1)  0.104
 549 G   0.00000 0.00016 0.00577 0.05561 0.30133 0.63713 ( 6)  0.822
 550 H   0.04223 0.28625 0.36891 0.23885 0.06291 0.00085 ( 3)  0.261
 551 I   0.00167 0.06619 0.22908 0.35884 0.29981 0.04441 ( 4)  0.405
 552 S   0.00170 0.06507 0.22387 0.35420 0.30485 0.05032 ( 4)  0.410
 553 F   0.51375 0.35177 0.11134 0.02161 0.00152 0.00000 ( 1)  0.124
 554 C   0.00490 0.10071 0.27036 0.35759 0.24316 0.02329 ( 4)  0.369
 555 L   0.07173 0.24459 0.29381 0.24514 0.13012 0.01461 ( 3)  0.290
 556 E   0.12974 0.34561 0.30228 0.17001 0.05078 0.00157 ( 2)  0.228
 557 D   0.01382 0.21036 0.36528 0.29561 0.11075 0.00418 ( 3)  0.296
 558 K   0.00516 0.12860 0.30939 0.34614 0.19541 0.01531 ( 4)  0.345
 559 V   0.03380 0.22584 0.32272 0.27284 0.13368 0.01112 ( 3)  0.300
 560 P   0.37668 0.37683 0.17955 0.05797 0.00888 0.00010 ( 2)  0.154
 561 Y   0.12319 0.38141 0.31909 0.14744 0.02853 0.00034 ( 2)  0.216
 562 V   0.01459 0.15833 0.30483 0.32043 0.18568 0.01613 ( 4)  0.335
 563 L   0.28234 0.35521 0.22322 0.10556 0.03168 0.00199 ( 2)  0.187
 564 V   0.25433 0.42942 0.23159 0.07434 0.01025 0.00008 ( 2)  0.173
 565 V   0.18523 0.39615 0.27392 0.11856 0.02560 0.00054 ( 2)  0.199
 566 T   0.13785 0.37600 0.30655 0.14671 0.03229 0.00059 ( 2)  0.215
 567 E   0.43718 0.37675 0.14733 0.03550 0.00322 0.00001 ( 1)  0.138
 568 E   0.06137 0.31911 0.34735 0.20904 0.06122 0.00191 ( 3)  0.251
 569 L   0.07470 0.27359 0.31272 0.23123 0.10064 0.00711 ( 3)  0.271
 570 L   0.02160 0.17452 0.29758 0.30007 0.18225 0.02398 ( 4)  0.335
 571 N   0.00065 0.05182 0.23409 0.40110 0.29432 0.01802 ( 4)  0.390
 572 S   0.00465 0.09017 0.24674 0.35048 0.27380 0.03415 ( 4)  0.386
 573 P   0.14604 0.36312 0.29305 0.15267 0.04356 0.00157 ( 2)  0.220
 574 L   0.00000 0.00066 0.01125 0.07266 0.30840 0.60702 ( 6)  0.804
 575 L   0.78324 0.16718 0.03998 0.00854 0.00104 0.00001 ( 1)  0.090
 576 L   0.79120 0.16227 0.03772 0.00787 0.00093 0.00001 ( 1)  0.089
 577 Q   0.14678 0.39171 0.30429 0.13308 0.02392 0.00021 ( 2)  0.208
 578 T   0.00017 0.01857 0.11591 0.29661 0.42163 0.14711 ( 5)  0.516
 579 L   0.79801 0.15840 0.03563 0.00715 0.00080 0.00001 ( 1)  0.088
 580 E   0.74450 0.20655 0.04227 0.00630 0.00038 0.00000 ( 1)  0.093
 581 T   0.25974 0.36394 0.23809 0.10935 0.02793 0.00094 ( 2)  0.188
 582 E   0.00000 0.00076 0.01667 0.10958 0.39577 0.47721 ( 6)  0.736
 583 F   0.00929 0.15334 0.32973 0.33878 0.16163 0.00724 ( 4)  0.325
 584 N   0.55645 0.33194 0.09397 0.01657 0.00107 0.00000 ( 1)  0.117
 585 I   0.00023 0.02411 0.14647 0.34842 0.40870 0.07206 ( 5)  0.461
 586 T   0.04615 0.28594 0.35636 0.23700 0.07261 0.00195 ( 3)  0.264
 587 V   0.05883 0.29185 0.35173 0.22951 0.06667 0.00140 ( 3)  0.258
 588 L   0.02895 0.20684 0.31306 0.28248 0.15238 0.01630 ( 3)  0.314
 589 E   0.77085 0.18956 0.03472 0.00462 0.00025 0.00000 ( 1)  0.089
 590 R   0.86870 0.11172 0.01716 0.00228 0.00014 0.00000 ( 1)  0.078
 591 S   0.00520 0.14604 0.35524 0.35354 0.13693 0.00304 ( 3)  0.317
 592 H   0.00118 0.07318 0.27263 0.39384 0.24523 0.01394 ( 4)  0.370
 593 S   0.00002 0.00475 0.04485 0.16974 0.40836 0.37227 ( 5)  0.668
 594 P   0.04209 0.25946 0.33779 0.25284 0.10213 0.00570 ( 3)  0.280
 595 S   0.37107 0.37279 0.18207 0.06256 0.01130 0.00021 ( 2)  0.156
 596 L   0.53520 0.29464 0.12074 0.04069 0.00843 0.00029 ( 1)  0.130
 597 Q   0.23770 0.42368 0.24150 0.08358 0.01339 0.00015 ( 2)  0.179
 598 I   0.01050 0.20921 0.38491 0.30061 0.09309 0.00167 ( 3)  0.291
 599 L   0.03787 0.25876 0.35207 0.25751 0.09048 0.00332 ( 3)  0.276
 600 G   0.31958 0.37517 0.20855 0.08032 0.01606 0.00033 ( 2)  0.169
 601 G   0.01042 0.16047 0.32787 0.32785 0.16227 0.01112 ( 3)  0.326
 602 T   0.04658 0.26016 0.32425 0.24692 0.11287 0.00922 ( 3)  0.284
 603 Q   0.03126 0.26713 0.35174 0.25114 0.09431 0.00442 ( 3)  0.278
 604 Y   0.00000 0.00185 0.02614 0.13221 0.39847 0.44131 ( 6)  0.712
 605 Y   0.13367 0.37429 0.31040 0.14933 0.03187 0.00043 ( 2)  0.216
 606 C   0.00000 0.00059 0.01055 0.06661 0.27728 0.64496 ( 6)  0.822
 607 V   0.68578 0.23674 0.06277 0.01326 0.00144 0.00001 ( 1)  0.102
 608 I   0.01764 0.21887 0.36724 0.29271 0.10092 0.00263 ( 3)  0.290
 609 T   0.66138 0.25255 0.07002 0.01461 0.00143 0.00001 ( 1)  0.105
 610 V   0.40355 0.38155 0.16469 0.04509 0.00509 0.00003 ( 1)  0.145
 611 D   0.78347 0.18133 0.03117 0.00384 0.00018 0.00000 ( 1)  0.088
 612 E   0.72535 0.21792 0.04828 0.00789 0.00055 0.00000 ( 1)  0.096
 613 S   0.07487 0.36615 0.35472 0.17225 0.03177 0.00024 ( 2)  0.230
 614 T   0.65808 0.25092 0.07228 0.01665 0.00205 0.00002 ( 1)  0.107
 615 A   0.14770 0.37177 0.29640 0.14681 0.03643 0.00089 ( 2)  0.215
 616 I   0.04327 0.26614 0.34274 0.24935 0.09412 0.00437 ( 3)  0.276
 617 I   0.00045 0.03185 0.16309 0.35105 0.38646 0.06710 ( 5)  0.450
 618 I   0.63373 0.25903 0.08238 0.02161 0.00320 0.00005 ( 1)  0.111
 619 Q   0.35144 0.39404 0.19111 0.05677 0.00660 0.00003 ( 2)  0.156
 620 D   0.02532 0.25793 0.37099 0.26194 0.08200 0.00181 ( 3)  0.276
 621 E   0.00002 0.00369 0.03696 0.15059 0.40073 0.40802 ( 6)  0.690
 622 I   0.00027 0.03426 0.18087 0.36012 0.36193 0.06254 ( 5)  0.440
 623 E   0.76426 0.19383 0.03658 0.00504 0.00029 0.00000 ( 1)  0.090
 624 L   0.77965 0.16976 0.04090 0.00866 0.00102 0.00001 ( 1)  0.090
 625 H   0.00000 0.00016 0.00530 0.05208 0.30259 0.63987 ( 6)  0.824
 626 Q   0.00026 0.02188 0.12370 0.30175 0.41829 0.13411 ( 5)  0.505
 627 E   0.00891 0.18274 0.35832 0.31620 0.12859 0.00523 ( 3)  0.308
 628 R   0.02386 0.19391 0.31912 0.29653 0.15249 0.01409 ( 3)  0.316
 629 A   0.40562 0.36202 0.16577 0.05595 0.01043 0.00021 ( 1)  0.150
 630 S   0.00206 0.07770 0.25840 0.37670 0.26322 0.02192 ( 4)  0.378
 631 E   0.01507 0.21032 0.37328 0.30119 0.09826 0.00188 ( 3)  0.291
 632 R   0.00000 0.00000 0.00014 0.00325 0.05257 0.94404 ( 6)  0.974
 633 L   0.04129 0.23722 0.30950 0.25441 0.13703 0.02055 ( 3)  0.304
 634 V   0.40112 0.37579 0.16687 0.04943 0.00673 0.00006 ( 1)  0.147
 635 T   0.01014 0.20521 0.38289 0.30342 0.09639 0.00195 ( 3)  0.292
 636 R   0.70750 0.22536 0.05536 0.01072 0.00105 0.00001 ( 1)  0.099
 637 L   0.29808 0.37978 0.22046 0.08529 0.01611 0.00027 ( 2)  0.173
 638 I   0.00851 0.12290 0.26264 0.31554 0.24329 0.04712 ( 4)  0.379
 639 A   0.64105 0.26207 0.07772 0.01733 0.00182 0.00001 ( 1)  0.109
 640 V   0.03052 0.23457 0.34994 0.27695 0.10412 0.00390 ( 3)  0.287
 641 S   0.61361 0.27566 0.08765 0.02075 0.00231 0.00002 ( 1)  0.113
 642 L   0.56374 0.29066 0.10854 0.03186 0.00512 0.00009 ( 1)  0.123
 643 Q   0.64052 0.26659 0.07611 0.01546 0.00133 0.00000 ( 1)  0.108
 644 Y   0.13752 0.38021 0.30954 0.14399 0.02844 0.00030 ( 2)  0.213
 645 S   0.58190 0.31053 0.08787 0.01795 0.00174 0.00001 ( 1)  0.115
 646 C   0.00458 0.12371 0.31195 0.35444 0.19307 0.01226 ( 4)  0.343
 647 C   0.31273 0.41807 0.20548 0.05776 0.00594 0.00002 ( 2)  0.161
 648 W   0.36412 0.39393 0.18417 0.05218 0.00558 0.00002 ( 2)  0.153
 649 L   0.16043 0.38280 0.28971 0.13547 0.03099 0.00059 ( 2)  0.209
 650 I   0.22546 0.41982 0.24997 0.08996 0.01464 0.00016 ( 2)  0.183
 651 L   0.61701 0.27156 0.08696 0.02162 0.00282 0.00003 ( 1)  0.113
 652 L   0.00078 0.05280 0.22184 0.37891 0.31114 0.03453 ( 4)  0.405
 653 C   0.06345 0.33373 0.35604 0.19883 0.04724 0.00070 ( 3)  0.243
 654 P   0.00129 0.05102 0.18589 0.32305 0.33633 0.10243 ( 5)  0.457
 655 D   0.00955 0.14341 0.30457 0.33351 0.19436 0.01460 ( 4)  0.340
 656 L   0.00000 0.00001 0.00073 0.01118 0.11559 0.87248 ( 6)  0.939
 657 Q   0.00006 0.01046 0.08122 0.25109 0.44805 0.20911 ( 5)  0.565
 658 D   0.00224 0.06424 0.21908 0.35858 0.31182 0.04403 ( 4)  0.408
 659 G   0.00846 0.09616 0.22866 0.32224 0.28552 0.05897 ( 4)  0.403
 660 Q   0.00013 0.01351 0.08639 0.24001 0.41373 0.24624 ( 5)  0.582
 661 G   0.00191 0.07520 0.25628 0.37914 0.26607 0.02141 ( 4)  0.379
 662 G   0.00616 0.14399 0.32335 0.33669 0.17708 0.01273 ( 4)  0.335
 663 A   0.00006 0.01017 0.08462 0.26842 0.45766 0.17908 ( 5)  0.548
 664 F   0.54845 0.30745 0.11265 0.02848 0.00296 0.00001 ( 1)  0.123
 665 N   0.09865 0.33670 0.33059 0.18641 0.04688 0.00077 ( 2)  0.235
 666 N   0.57310 0.29917 0.10195 0.02363 0.00215 0.00001 ( 1)  0.119
 667 L   0.37765 0.32899 0.18966 0.08290 0.02021 0.00060 ( 1)  0.164
 668 V   0.00298 0.09914 0.29174 0.37226 0.21932 0.01455 ( 4)  0.357
 669 L   0.55142 0.29621 0.11334 0.03359 0.00535 0.00009 ( 1)  0.125
 670 L   0.05822 0.30759 0.34468 0.21768 0.06941 0.00242 ( 3)  0.257
 671 Y   0.69121 0.23801 0.05907 0.01082 0.00089 0.00000 ( 1)  0.101
 672 S   0.58584 0.28587 0.09879 0.02597 0.00350 0.00004 ( 1)  0.118
 673 S   0.33666 0.36761 0.19914 0.07852 0.01758 0.00050 ( 2)  0.167
 674 L   0.03454 0.24574 0.34807 0.26684 0.10053 0.00427 ( 3)  0.283
 675 G   0.05323 0.30787 0.35836 0.21969 0.05958 0.00128 ( 3)  0.254
 676 L   0.07756 0.30394 0.33373 0.21458 0.06794 0.00225 ( 3)  0.252
 677 F   0.21670 0.43209 0.25689 0.08410 0.01019 0.00004 ( 2)  0.181
 678 E   0.00177 0.06932 0.23847 0.36529 0.28573 0.03941 ( 4)  0.398
 679 K   0.00392 0.11085 0.29632 0.36102 0.21317 0.01473 ( 4)  0.353
 680 K   0.24894 0.42299 0.23508 0.08022 0.01263 0.00014 ( 2)  0.176
 681 R   0.01821 0.24392 0.38943 0.27296 0.07427 0.00121 ( 3)  0.277
 682 D   0.57239 0.31453 0.09196 0.01925 0.00186 0.00001 ( 1)  0.117
 683 L   0.30013 0.37144 0.21801 0.08986 0.02002 0.00052 ( 2)  0.175
 684 Q   0.00002 0.00747 0.08546 0.30622 0.49449 0.10634 ( 5)  0.509
 685 V   0.37423 0.37613 0.18088 0.05928 0.00937 0.00011 ( 2)  0.154
 686 K   0.88624 0.09966 0.01270 0.00134 0.00006 0.00000 ( 1)  0.076
 687 V   0.12642 0.37055 0.31586 0.15399 0.03272 0.00046 ( 2)  0.219
 688 L   0.10773 0.33692 0.31781 0.18235 0.05336 0.00183 ( 2)  0.236
 689 I   0.01071 0.15520 0.31907 0.33273 0.17255 0.00974 ( 4)  0.329
 690 V   0.05121 0.29153 0.34717 0.23076 0.07652 0.00281 ( 3)  0.263
 691 S   0.00071 0.02448 0.10798 0.25181 0.39273 0.22230 ( 5)  0.558
 692 E   0.00364 0.08722 0.25943 0.36891 0.25976 0.02105 ( 4)  0.375
 693 I   0.18211 0.34292 0.27990 0.15172 0.04222 0.00113 ( 2)  0.214
 694 L   0.00000 0.00031 0.00561 0.04010 0.20841 0.74557 ( 6)  0.875
 695 E   0.29089 0.38769 0.22541 0.08278 0.01311 0.00011 ( 2)  0.172
 696 I   0.00253 0.08868 0.27127 0.36776 0.24720 0.02257 ( 4)  0.372
 697 A   0.39748 0.38233 0.16778 0.04689 0.00548 0.00003 ( 1)  0.147
 698 K   0.00791 0.15190 0.33776 0.34142 0.15452 0.00649 ( 4)  0.323
 699 W   0.00219 0.07719 0.24901 0.36760 0.27720 0.02680 ( 4)  0.385
 700 I   0.43215 0.36861 0.15173 0.04213 0.00534 0.00004 ( 1)  0.141
 701 S   0.00043 0.03624 0.18263 0.36907 0.36291 0.04872 ( 4)  0.431
 702 H   0.02091 0.23816 0.37070 0.27714 0.09087 0.00221 ( 3)  0.283
 703 I   0.47613 0.36433 0.12873 0.02839 0.00241 0.00001 ( 1)  0.131
 704 C   0.05550 0.27785 0.32490 0.23613 0.09951 0.00611 ( 3)  0.274
 705 F   0.06145 0.32657 0.35656 0.20481 0.04990 0.00072 ( 3)  0.246
 706 S   0.00153 0.08358 0.28056 0.37737 0.23727 0.01969 ( 4)  0.369
 707 S   0.01049 0.15531 0.31554 0.32545 0.17724 0.01597 ( 4)  0.334
 708 L   0.02545 0.20971 0.33748 0.29330 0.12748 0.00657 ( 3)  0.301
 709 M   0.05157 0.33108 0.36681 0.20251 0.04727 0.00076 ( 3)  0.246
 710 C   0.00014 0.01339 0.08024 0.21844 0.39724 0.29055 ( 5)  0.608
 711 S   0.00089 0.04717 0.20083 0.36637 0.33611 0.04863 ( 4)  0.422
 712 D   0.00293 0.09087 0.26562 0.36154 0.25441 0.02463 ( 4)  0.375
 713 R   0.00160 0.06106 0.21556 0.35513 0.31736 0.04929 ( 4)  0.414
 714 D   0.56777 0.31580 0.09404 0.02030 0.00208 0.00001 ( 1)  0.118
 715 V   0.00030 0.02629 0.13940 0.31162 0.39495 0.12744 ( 5)  0.494
 716 V   0.00052 0.02517 0.11823 0.27834 0.41558 0.16216 ( 5)  0.522
 717 S   0.00003 0.00889 0.08255 0.26502 0.45354 0.18998 ( 5)  0.554
 718 Y   0.00363 0.11159 0.30631 0.36588 0.20094 0.01164 ( 4)  0.348
 719 L   0.31592 0.38187 0.21112 0.07737 0.01353 0.00020 ( 2)  0.168
 720 D   0.08675 0.35906 0.32874 0.17609 0.04804 0.00131 ( 2)  0.235
 721 R   0.58834 0.28519 0.09799 0.02528 0.00318 0.00003 ( 1)  0.118
 722 D   0.27999 0.43056 0.21678 0.06474 0.00789 0.00004 ( 2)  0.167
 723 W   0.37756 0.39006 0.17764 0.04948 0.00523 0.00002 ( 2)  0.150
 724 L   0.28384 0.36738 0.22701 0.09832 0.02284 0.00061 ( 2)  0.181
 725 S   0.00001 0.00236 0.02621 0.11922 0.36372 0.48848 ( 6)  0.736
 726 V   0.65895 0.25477 0.07057 0.01440 0.00131 0.00001 ( 1)  0.106
 727 M   0.01475 0.17996 0.33096 0.31549 0.15133 0.00751 ( 3)  0.316
 728 M   0.00115 0.04705 0.17711 0.31948 0.34655 0.10866 ( 5)  0.464
 729 S   0.07249 0.27939 0.32360 0.23145 0.08875 0.00432 ( 3)  0.265
 730 Q   0.02771 0.26332 0.36263 0.25462 0.08811 0.00361 ( 3)  0.277
 731 E   0.03380 0.30337 0.37952 0.22606 0.05627 0.00099 ( 3)  0.258
 732 E   0.71383 0.22442 0.05207 0.00900 0.00069 0.00000 ( 1)  0.097
 733 M   0.00000 0.00017 0.00548 0.05007 0.27145 0.67283 ( 6)  0.840
 734 C   0.19956 0.41881 0.26771 0.09859 0.01520 0.00014 ( 2)  0.189
 735 L   0.77645 0.17047 0.04226 0.00951 0.00129 0.00003 ( 1)  0.091
 736 L   0.00933 0.11152 0.24389 0.31015 0.25842 0.06668 ( 4)  0.398
 737 K   0.00007 0.00654 0.04417 0.14526 0.35266 0.45130 ( 6)  0.708
 738 F   0.44366 0.37165 0.14538 0.03585 0.00345 0.00001 ( 1)  0.137
 739 P   0.12707 0.36266 0.31252 0.15933 0.03768 0.00074 ( 2)  0.221
 740 C   0.44573 0.37141 0.14383 0.03546 0.00355 0.00002 ( 1)  0.137
 741 I   0.00894 0.14382 0.31112 0.33522 0.18554 0.01536 ( 4)  0.338
 742 N   0.05389 0.32333 0.36741 0.20812 0.04670 0.00054 ( 3)  0.247
 743 P   0.32217 0.38426 0.20825 0.07347 0.01173 0.00012 ( 2)  0.166
 744 L   0.05313 0.25746 0.33258 0.25196 0.09959 0.00528 ( 3)  0.277
 745 V   0.39983 0.37960 0.16687 0.04767 0.00598 0.00005 ( 1)  0.147
 746 G   0.00026 0.02391 0.13294 0.30654 0.39249 0.14387 ( 5)  0.505
 747 Q   0.43676 0.37323 0.14816 0.03781 0.00403 0.00002 ( 1)  0.139
 748 L   0.26283 0.36214 0.23588 0.10933 0.02876 0.00105 ( 2)  0.188
 749 M   0.62864 0.29616 0.06604 0.00879 0.00037 0.00000 ( 1)  0.106
 750 L   0.46856 0.32592 0.14744 0.04930 0.00862 0.00016 ( 1)  0.140
 751 K   0.00013 0.02053 0.13397 0.32427 0.40453 0.11657 ( 5)  0.491
 752 R   0.33099 0.37873 0.20329 0.07378 0.01303 0.00019 ( 2)  0.165
 753 A   0.00027 0.02496 0.13834 0.31627 0.39443 0.12573 ( 5)  0.493
 754 P   0.17577 0.40175 0.28251 0.11750 0.02213 0.00034 ( 2)  0.199
 755 S   0.10243 0.33330 0.32291 0.18696 0.05291 0.00148 ( 2)  0.237
 756 F   0.05540 0.25558 0.31760 0.24670 0.11443 0.01029 ( 3)  0.284
 757 Q   0.00008 0.01079 0.07885 0.23978 0.43626 0.23423 ( 5)  0.580
 758 W   0.20811 0.42135 0.26231 0.09419 0.01394 0.00010 ( 2)  0.186
 759 L   0.34035 0.38513 0.19803 0.06632 0.01007 0.00010 ( 2)  0.161
 760 F   0.09893 0.32322 0.31998 0.19417 0.06126 0.00243 ( 2)  0.243
 761 G   0.00639 0.11970 0.29252 0.35043 0.21259 0.01836 ( 4)  0.353
 762 A   0.83957 0.13206 0.02410 0.00393 0.00034 0.00000 ( 1)  0.082
 763 S   0.31258 0.37552 0.21213 0.08270 0.01672 0.00035 ( 2)  0.171
 764 L   0.09576 0.33088 0.32873 0.19084 0.05249 0.00130 ( 2)  0.239
 765 P   0.00674 0.11666 0.27560 0.33693 0.23291 0.03116 ( 4)  0.367
 766 E   0.06242 0.31046 0.33760 0.21349 0.07259 0.00343 ( 3)  0.257
 767 L   0.78536 0.16568 0.03950 0.00843 0.00102 0.00001 ( 1)  0.090
 768 K   0.00051 0.03829 0.17573 0.34004 0.36219 0.08322 ( 5)  0.453
 769 E   0.07879 0.35167 0.33890 0.18269 0.04691 0.00104 ( 2)  0.237
 770 L   0.00082 0.03877 0.16373 0.32215 0.36780 0.10674 ( 5)  0.470
 771 L   0.07943 0.32732 0.33948 0.19802 0.05435 0.00139 ( 3)  0.243
 772 P   0.60163 0.27987 0.09254 0.02310 0.00283 0.00003 ( 1)  0.115
 773 E   0.53298 0.34117 0.10414 0.02019 0.00152 0.00000 ( 1)  0.121
 774 V   0.39975 0.37127 0.16800 0.05269 0.00818 0.00011 ( 1)  0.149
 775 S   0.33231 0.37690 0.20198 0.07452 0.01402 0.00026 ( 2)  0.165
 776 H   0.01552 0.20874 0.36889 0.30202 0.10256 0.00227 ( 3)  0.293
 777 K   0.69516 0.23435 0.05864 0.01094 0.00091 0.00000 ( 1)  0.100
 778 V   0.40657 0.37866 0.16341 0.04574 0.00557 0.00004 ( 1)  0.145
 779 I   0.00074 0.03616 0.16030 0.33075 0.38308 0.08897 ( 5)  0.463
 780 K   0.32589 0.39829 0.20484 0.06340 0.00755 0.00003 ( 2)  0.161
 781 L   0.69814 0.21587 0.06688 0.01694 0.00216 0.00002 ( 1)  0.102
 782 F   0.27644 0.38486 0.23347 0.08991 0.01518 0.00014 ( 2)  0.177
 783 T   0.00241 0.08689 0.27374 0.37457 0.24233 0.02006 ( 4)  0.370
 784 D   0.29223 0.42982 0.20836 0.06147 0.00805 0.00007 ( 2)  0.164
 785 I   0.00908 0.13175 0.27871 0.32181 0.22435 0.03430 ( 4)  0.364
 786 T   0.58435 0.28760 0.09935 0.02553 0.00314 0.00003 ( 1)  0.118
 787 C   0.03107 0.20838 0.30731 0.27732 0.15637 0.01955 ( 3)  0.316
 788 L   0.28584 0.36615 0.22455 0.09830 0.02431 0.00085 ( 2)  0.181
 789 Y   0.16640 0.38831 0.28516 0.12974 0.02973 0.00066 ( 2)  0.206
 790 P   0.00665 0.10365 0.24115 0.31848 0.27186 0.05821 ( 4)  0.398
 791 D   0.00001 0.00388 0.05441 0.22933 0.48403 0.22833 ( 5)  0.589
 792 P   0.00000 0.00008 0.00228 0.02170 0.14928 0.82666 ( 6)  0.916
 793 I   0.00013 0.01199 0.07672 0.22458 0.42251 0.26406 ( 5)  0.596
 794 S   0.00000 0.00006 0.00179 0.01787 0.13726 0.84301 ( 6)  0.924
 795 D   0.00000 0.00000 0.00002 0.00091 0.02582 0.97324 ( 6)  0.988
 796 P   0.00000 0.00000 0.00002 0.00099 0.02971 0.96927 ( 6)  0.986
 797 C   0.00000 0.00000 0.00000 0.00015 0.00897 0.99088 ( 6)  0.996
 798 T   0.00000 0.00005 0.00161 0.01798 0.14465 0.83570 ( 6)  0.921
 799 T   0.00000 0.00055 0.00943 0.05929 0.25318 0.67755 ( 6)  0.839
 800 S   0.00000 0.00022 0.00590 0.04941 0.25658 0.68789 ( 6)  0.847
 801 F   0.00030 0.01670 0.08943 0.23857 0.41633 0.23866 ( 5)  0.576
 802 L   0.00289 0.06955 0.21458 0.33692 0.30953 0.06652 ( 4)  0.421
 803 F   0.00030 0.02775 0.15059 0.33475 0.39645 0.09016 ( 5)  0.469
 804 G   0.00000 0.00005 0.00168 0.01870 0.14492 0.83466 ( 6)  0.921
 805 T   0.11161 0.33083 0.30981 0.18482 0.06031 0.00262 ( 2)  0.238
 806 E   0.00000 0.00107 0.01734 0.10451 0.38501 0.49207 ( 6)  0.744
 807 S   0.00270 0.07194 0.22591 0.35010 0.30257 0.04678 ( 4)  0.406
 808 T   0.00000 0.00002 0.00059 0.00673 0.06900 0.92366 ( 6)  0.964
 809 E   0.00000 0.00146 0.02118 0.11575 0.39025 0.47135 ( 6)  0.731
 810 S   0.00000 0.00001 0.00035 0.00578 0.07374 0.92012 ( 6)  0.962
 811 D   0.00000 0.00000 0.00033 0.00649 0.08951 0.90367 ( 6)  0.955
 812 F   0.00143 0.04228 0.16207 0.32004 0.37882 0.09537 ( 5)  0.464
 813 S   0.00011 0.01242 0.08593 0.25374 0.43996 0.20784 ( 5)  0.562
 814 F   0.05005 0.28110 0.33856 0.23643 0.08939 0.00446 ( 3)  0.270
 815 G   0.00220 0.08197 0.26352 0.36997 0.25492 0.02742 ( 4)  0.379
 816 S   0.00026 0.02245 0.12347 0.29910 0.42113 0.13358 ( 5)  0.505
 817 S   0.00000 0.00018 0.00413 0.03347 0.19418 0.76804 ( 6)  0.887
 818 D   0.00000 0.00283 0.04583 0.21533 0.48831 0.24769 ( 5)  0.603
 819 V   0.00015 0.01523 0.09315 0.24651 0.40320 0.24176 ( 5)  0.576
 820 F   0.00000 0.00000 0.00000 0.00017 0.00891 0.99091 ( 6)  0.996
 821 L   0.00180 0.06466 0.21692 0.34583 0.31216 0.05863 ( 4)  0.418
 822 R   0.00457 0.10308 0.26718 0.34173 0.24797 0.03548 ( 4)  0.377
 823 -   0.00000 0.00002 0.00083 0.01198 0.11759 0.86957 ( 6)  0.938
 824 -   0.00000 0.00093 0.01937 0.12437 0.43105 0.42427 ( 5)  0.708
 825 -   0.00106 0.03950 0.15097 0.30030 0.38297 0.12520 ( 5)  0.486
 826 S   0.00000 0.00158 0.02244 0.11798 0.38029 0.47772 ( 6)  0.733
 827 G   0.00000 0.00001 0.00047 0.00810 0.09856 0.89287 ( 6)  0.949
 828 T   0.00000 0.00059 0.00743 0.04266 0.19887 0.75045 ( 6)  0.876
 829 E   0.00292 0.09213 0.26877 0.36041 0.25007 0.02571 ( 4)  0.374
 830 A   0.12723 0.33052 0.29097 0.17747 0.06849 0.00532 ( 2)  0.239
 831 G   0.00001 0.00456 0.05779 0.24181 0.50390 0.19193 ( 5)  0.568
 832 E   0.00000 0.00005 0.00231 0.02829 0.21036 0.75898 ( 6)  0.884
 833 E   0.00001 0.00174 0.02080 0.10457 0.35763 0.51527 ( 6)  0.753
 834 E   0.00027 0.02628 0.15911 0.37041 0.39640 0.04753 ( 5)  0.441
 835 S   0.00124 0.04729 0.17073 0.30501 0.34662 0.12912 ( 5)  0.478
 836 G   0.00016 0.01723 0.10790 0.28056 0.41507 0.17908 ( 5)  0.536
 837 A   0.00000 0.00087 0.01471 0.08757 0.32877 0.56808 ( 6)  0.782
 838 V   0.00000 0.00067 0.01156 0.07197 0.29464 0.62116 ( 6)  0.810
 839 G   0.03663 0.23169 0.32059 0.26602 0.13170 0.01338 ( 3)  0.300
 840 R   0.00001 0.00219 0.02687 0.12822 0.38455 0.45816 ( 6)  0.721
 841 V   0.00002 0.00586 0.05753 0.21234 0.44697 0.27726 ( 5)  0.612
 842 V   0.03851 0.23902 0.32199 0.26038 0.12704 0.01306 ( 3)  0.296
 843 S   0.00000 0.00003 0.00140 0.01867 0.15691 0.82299 ( 6)  0.915
 844 R   0.00609 0.11257 0.27957 0.34885 0.22965 0.02328 ( 4)  0.362
 845 L   0.04046 0.20752 0.30774 0.28287 0.14884 0.01256 ( 3)  0.308
 846 D   0.00007 0.00932 0.07187 0.23058 0.43642 0.25173 ( 5)  0.592
 847 T   0.00024 0.02419 0.14232 0.33718 0.41065 0.08542 ( 5)  0.470
 848 T   0.00001 0.00290 0.03020 0.12789 0.36202 0.47698 ( 6)  0.728
 849 F   0.00059 0.03937 0.18101 0.35013 0.36094 0.06796 ( 5)  0.442
 850 R   0.00031 0.02830 0.15323 0.33881 0.39160 0.08776 ( 5)  0.466
 851 S   0.00004 0.00997 0.08841 0.28150 0.45958 0.16050 ( 5)  0.536
 852 P   0.00005 0.00618 0.04980 0.17888 0.41380 0.35129 ( 5)  0.654
 853 V   0.00000 0.00000 0.00018 0.00427 0.06709 0.92846 ( 6)  0.966
 854 L   0.00001 0.00251 0.02807 0.12260 0.34648 0.50033 ( 6)  0.740
 855 Q   0.00000 0.00033 0.00564 0.04034 0.21796 0.73573 ( 6)  0.870
 856 Q   0.00002 0.00515 0.04876 0.18289 0.42638 0.33679 ( 5)  0.648
 857 H   0.13863 0.34797 0.29130 0.16430 0.05490 0.00291 ( 2)  0.228
 858 L   0.09933 0.29933 0.30069 0.20560 0.08790 0.00715 ( 3)  0.257
 859 S   0.00000 0.00004 0.00145 0.01822 0.15451 0.82578 ( 6)  0.917
 860 P   0.00001 0.00252 0.03070 0.14352 0.40829 0.41497 ( 6)  0.697
 861 M   0.00095 0.04094 0.16142 0.30617 0.35936 0.13116 ( 5)  0.484
 862 T   0.00013 0.01378 0.08891 0.24437 0.40717 0.24563 ( 5)  0.580
 863 D   0.00063 0.02413 0.10569 0.23872 0.36940 0.26142 ( 5)  0.579
 864 I   0.00000 0.00007 0.00165 0.01481 0.10993 0.87354 ( 6)  0.939
 865 S   0.00006 0.00250 0.01402 0.04918 0.16826 0.76598 ( 6)  0.879
 866 L   0.00000 0.00001 0.00038 0.00592 0.07097 0.92272 ( 6)  0.964
 867 W   0.05180 0.30977 0.36434 0.21928 0.05414 0.00067 ( 3)  0.252
 868 S   0.00001 0.00304 0.03436 0.14838 0.39298 0.42123 ( 6)  0.698
 869 S   0.00132 0.05732 0.21686 0.36534 0.31499 0.04416 ( 4)  0.411
 870 Q   0.00000 0.00000 0.00008 0.00199 0.03986 0.95807 ( 6)  0.980
 871 Y   0.00229 0.08423 0.27106 0.37845 0.24676 0.01721 ( 4)  0.369
 872 G   0.24756 0.36991 0.24704 0.11015 0.02478 0.00056 ( 2)  0.189
 873 E   0.51534 0.34478 0.11311 0.02455 0.00221 0.00001 ( 1)  0.125
 874 R   0.10155 0.32098 0.31814 0.19575 0.06156 0.00202 ( 2)  0.242
 875 K   0.20525 0.42195 0.26549 0.09433 0.01292 0.00006 ( 2)  0.186
 876 R   0.87007 0.11066 0.01691 0.00223 0.00013 0.00000 ( 1)  0.078
 877 S   0.05928 0.30411 0.34149 0.21964 0.07257 0.00290 ( 3)  0.258
 878 G   0.00004 0.00816 0.07242 0.24022 0.43845 0.24071 ( 5)  0.585
 879 E   0.00418 0.11872 0.30949 0.35899 0.19679 0.01183 ( 4)  0.345
 880 A   0.00009 0.00832 0.05366 0.17044 0.39045 0.37704 ( 5)  0.666
 881 A   0.00018 0.01821 0.11209 0.28818 0.41987 0.16148 ( 5)  0.525
 882 G   0.00034 0.01312 0.06620 0.18284 0.36987 0.36763 ( 5)  0.653
 883 H   0.00139 0.03750 0.13639 0.26893 0.35875 0.19704 ( 5)  0.529
 884 V   0.00000 0.00005 0.00184 0.02043 0.15490 0.82278 ( 6)  0.915
 885 G   0.01090 0.14970 0.29846 0.31903 0.19670 0.02522 ( 4)  0.346
 886 A   0.01362 0.17714 0.32690 0.31229 0.15812 0.01194 ( 3)  0.321
 887 L   0.01882 0.19146 0.34016 0.30951 0.13412 0.00593 ( 3)  0.307
 888 M   0.00955 0.12680 0.25945 0.30948 0.24394 0.05077 ( 4)  0.381
 889 P   0.42874 0.36443 0.15298 0.04599 0.00769 0.00017 ( 1)  0.143
 890 L   0.00002 0.00309 0.02946 0.12185 0.34942 0.49616 ( 6)  0.738
 891 K   0.72898 0.21596 0.04716 0.00743 0.00047 0.00000 ( 1)  0.095
 892 M   0.00071 0.05263 0.22969 0.39066 0.30057 0.02574 ( 4)  0.396
 893 G   0.00229 0.08044 0.25438 0.36228 0.26530 0.03531 ( 4)  0.387
 894 R   0.08649 0.37506 0.33928 0.16391 0.03471 0.00054 ( 2)  0.227
 895 L   0.79553 0.16002 0.03629 0.00732 0.00083 0.00001 ( 1)  0.088
 896 S   0.02579 0.19325 0.30861 0.29505 0.16383 0.01347 ( 3)  0.318
 897 Y   0.19356 0.35053 0.27556 0.14279 0.03681 0.00075 ( 2)  0.208
 898 E   0.89549 0.09225 0.01110 0.00112 0.00005 0.00000 ( 1)  0.075
 899 R   0.00737 0.11463 0.25729 0.31513 0.24246 0.06311 ( 4)  0.392
 900 V   0.41654 0.37020 0.15945 0.04705 0.00669 0.00007 ( 1)  0.145
 901 P   0.34712 0.38534 0.19500 0.06351 0.00896 0.00007 ( 2)  0.159
 902 G   0.33351 0.38897 0.20171 0.06638 0.00935 0.00007 ( 2)  0.161
 903 R   0.30371 0.39202 0.21579 0.07596 0.01235 0.00016 ( 2)  0.169
 904 S   0.00067 0.05098 0.22796 0.39420 0.30228 0.02392 ( 4)  0.396
 905 D   0.90593 0.08380 0.00933 0.00090 0.00004 0.00000 ( 1)  0.074
 906 G   0.81536 0.14739 0.03083 0.00582 0.00061 0.00001 ( 1)  0.085
 907 Q   0.66572 0.25208 0.06782 0.01326 0.00112 0.00000 ( 1)  0.104
 908 T   0.85020 0.12536 0.02111 0.00310 0.00023 0.00000 ( 1)  0.081
 909 R   0.62427 0.26653 0.08598 0.02086 0.00234 0.00002 ( 1)  0.112

Positively selected sites

	Prob(w>1)  mean w



lnL = -27174.354099

