

TREE # 1

  0  0.0000  34347.394671  x:  0.01782   0.10398   0.07489   0.05425   0.08619   0.09883   0.04658   0.03592   0.08909   0.07553   0.04814   0.01616   0.07120   0.03996   0.03183   0.08359   0.04506   0.04705   0.10179   0.04060   0.04167   0.08552   0.04197   0.07115   0.03242   0.07201   2.00000   0.90000   0.30863   1.28917  
  1 99.0000  28718.753810  x:  0.25726   0.18680   0.14415   0.06794   0.34198   0.07843   0.07227   0.22612   0.32579   0.19702   0.08113   0.24157   0.24319   0.65057   0.71972   0.19565   0.22186   0.30163   0.15686   0.28004   0.31967   0.50807   0.39665   0.20833   0.39346   0.24279   1.98863   0.96271   0.16747   1.31943  
  2 24037.1024  28194.191707  x:  0.28365   0.20566   0.16690   0.02348   0.43083   0.01574   0.02653   0.20364   0.39538   0.23802   0.00000   0.17799   0.22308   0.67359   0.73127   0.23619   0.24282   0.33190   0.14967   0.30643   0.36082   0.62870   0.45119   0.23503   0.42389   0.29799   1.97525   0.68846   0.51283   1.29077  
  3 3888.8397  28194.191707  x:  0.28365   0.20566   0.16690   0.02348   0.43083   0.01574   0.02653   0.20364   0.39538   0.23802   0.00000   0.17799   0.22308   0.67359   0.73127   0.23619   0.24282   0.33190   0.14967   0.30643   0.36082   0.62870   0.45119   0.23503   0.42389   0.29799   1.97525   0.68846   0.51283   1.29077  
  4 1481.5478  27933.066895  x:  0.32350   0.28875   0.30359   0.21677   0.66576   0.19123   0.13596   0.22535   0.58295   0.41198   0.01789   0.04717   0.26903   0.68088   0.69835   0.37604   0.31208   0.43100   0.20336   0.34628   0.43461   0.90399   0.55539   0.31450   0.47548   0.44302   1.95610   0.99999   0.46424   1.33288  
  5 1582.4173  27846.375853  x:  0.33175   0.29847   0.31284   0.21147   0.70159   0.17924   0.12251   0.21844   0.61273   0.42556   0.00000   0.02260   0.27814   0.68437   0.69180   0.38932   0.32027   0.44608   0.20391   0.35453   0.45024   0.96550   0.57849   0.32960   0.48553   0.47366   1.94851   0.99315   0.50696   1.32784  
  6 1272.3376  27826.447863  x:  0.33361   0.30004   0.31436   0.20641   0.70974   0.17124   0.11585   0.21659   0.61933   0.42746   0.00000   0.02814   0.28254   0.68643   0.69111   0.39140   0.32160   0.44934   0.20294   0.35639   0.45409   0.98226   0.58455   0.33321   0.48795   0.48174   1.94645   0.99999   0.51506   1.32709  
  7 2205.8954  27753.109924  x:  0.33907   0.30911   0.34063   0.14196   0.79294   0.05122   0.08307   0.28910   0.66736   0.48411   0.00000   0.08761   0.28964   0.73604   0.72511   0.40265   0.33002   0.48098   0.20140   0.36185   0.47978   1.17497   0.64287   0.35929   0.50293   0.57040   1.91586   0.92595   0.38491   1.30513  
  8 667.8150  27736.706464  x:  0.32596   0.29774   0.33683   0.11379   0.79807   0.01044   0.07921   0.31352   0.64682   0.49776   0.00000   0.05453   0.24806   0.75326   0.75098   0.38361   0.31971   0.47257   0.19173   0.34874   0.46994   1.22761   0.64763   0.35016   0.49321   0.58898   1.90976   0.95264   0.37196   1.29122  
  9 282.8190  27730.045835  x:  0.30836   0.28444   0.33273   0.09891   0.79878   0.01555   0.07692   0.33446   0.61855   0.50893   0.03062   0.05324   0.22627   0.77026   0.77869   0.36115   0.30773   0.46056   0.18167   0.33114   0.45453   1.28178   0.64906   0.33691   0.47953   0.60701   1.90279   0.95949   0.37618   1.26968  
 10 392.1544  27710.584708  x:  0.27086   0.26257   0.32454   0.08436   0.79209   0.05771   0.07540   0.36448   0.56033   0.52324   0.00000   0.07423   0.21691   0.79862   0.82850   0.32089   0.28844   0.43747   0.17028   0.29364   0.41810   1.37802   0.64583   0.30904   0.45103   0.63791   1.88950   0.95546   0.39634   1.22048  
 11 648.3803  27688.592442  x:  0.20958   0.27471   0.32152   0.08658   0.73567   0.03311   0.05515   0.33905   0.49516   0.48709   0.00675   0.05503   0.27753   0.80979   0.87622   0.31603   0.30412   0.42550   0.21879   0.23236   0.33658   1.47575   0.61552   0.27913   0.41997   0.66792   1.87537   0.96298   0.38292   1.11978  
 12 213.7620  27659.276542  x:  0.16812   0.27332   0.29151   0.08035   0.63876   0.02638   0.05880   0.27499   0.53898   0.38997   0.00602   0.08303   0.22512   0.78160   0.88178   0.33325   0.30630   0.39556   0.18451   0.19090   0.22976   1.55410   0.57273   0.29808   0.43643   0.70295   1.85866   0.96260   0.35251   0.92290  
 13 206.9461  27639.470053  x:  0.20529   0.24794   0.23428   0.03169   0.61305   0.03009   0.05027   0.28092   0.52599   0.37109   0.01123   0.07835   0.25108   0.74198   0.83595   0.29734   0.28816   0.40783   0.17386   0.22807   0.20156   1.54682   0.56311   0.30268   0.45768   0.71222   1.85501   0.97957   0.32553   0.74358  
 14 189.8949  27633.804188  x:  0.21977   0.23966   0.23187   0.05391   0.61516   0.01429   0.03152   0.28679   0.51052   0.37135   0.01159   0.08670   0.24602   0.73434   0.81753   0.29115   0.28139   0.40771   0.16796   0.24255   0.20060   1.53606   0.56369   0.29647   0.45877   0.71002   1.85470   0.98138   0.32486   0.67568  
 15 277.3943  27631.775774  x:  0.22277   0.24520   0.24804   0.04084   0.62264   0.01819   0.02321   0.28469   0.50167   0.36686   0.01137   0.09036   0.23651   0.74124   0.80847   0.30142   0.28605   0.40443   0.17119   0.24555   0.20910   1.52707   0.56889   0.28698   0.45204   0.70366   1.85561   0.98312   0.32359   0.64295  
 16 108.2515  27631.081022  x:  0.22107   0.24705   0.25060   0.03892   0.62659   0.01406   0.03464   0.28298   0.50246   0.36325   0.01187   0.09233   0.23762   0.74980   0.80566   0.30048   0.28736   0.40161   0.17096   0.24385   0.21725   1.52405   0.57450   0.28264   0.44728   0.69902   1.85640   0.98376   0.32557   0.62835  
 17 72.9180  27629.888312  x:  0.21406   0.24852   0.24319   0.04186   0.63086   0.01728   0.03193   0.27252   0.51015   0.35298   0.01191   0.08772   0.24038   0.77330   0.80431   0.29045   0.28801   0.39830   0.16905   0.23684   0.23908   1.52162   0.59078   0.27982   0.44000   0.68863   1.85834   0.98661   0.31849   0.60267  
 18 75.5290  27628.693995  x:  0.19833   0.24516   0.23884   0.04006   0.61715   0.01724   0.02916   0.27712   0.51670   0.36780   0.01218   0.08697   0.24374   0.78354   0.80777   0.30087   0.28312   0.40534   0.16974   0.22111   0.25782   1.51877   0.60544   0.29336   0.44087   0.67471   1.86409   0.98965   0.32196   0.58151  
 19 32.2588  27624.929796  x:  0.18954   0.26551   0.23745   0.04427   0.61491   0.02017   0.03345   0.29521   0.49766   0.34260   0.01167   0.08750   0.24065   0.75341   0.83047   0.29876   0.29744   0.41778   0.16690   0.21232   0.29147   1.53487   0.63267   0.32507   0.45158   0.66705   1.88192   0.99332   0.32690   0.56772  
 20 18.3581  27607.469621  x:  0.18024   0.26868   0.26151   0.03658   0.65487   0.01498   0.03134   0.24143   0.51694   0.36615   0.01153   0.07920   0.26689   0.64692   0.89650   0.29460   0.28714   0.40046   0.13261   0.20301   0.34535   1.58503   0.66909   0.33585   0.43016   0.66286   1.94877   0.99196   0.32744   0.57452  
 21 50.3310  27571.044379  x:  0.20718   0.25706   0.23886   0.04119   0.69079   0.01549   0.03001   0.22120   0.61495   0.36792   0.01022   0.09570   0.23446   0.58516   0.93096   0.29392   0.27148   0.44524   0.25947   0.22995   0.39373   1.71508   0.69710   0.31635   0.38623   0.70412   2.05158   0.99504   0.38105   0.62429  
 22 132.7525  27538.149829  x:  0.22501   0.26090   0.24020   0.04427   0.69472   0.01662   0.02550   0.23418   0.63700   0.35993   0.01043   0.08498   0.25194   0.60838   0.91799   0.31542   0.27406   0.44389   0.25186   0.24778   0.39717   1.77068   0.69845   0.32180   0.38945   0.72998   2.07887   0.99999   0.40260   0.65596  
 23 262.3841  27487.147666  x:  0.23514   0.32529   0.24049   0.04384   0.73178   0.01415   0.04370   0.13921   0.61043   0.44663   0.01075   0.08680   0.24015   0.68808   0.80097   0.27748   0.35409   0.50301   0.23386   0.25790   0.37294   1.92156   0.69341   0.39345   0.46951   0.79442   2.05592   0.99999   0.44872   0.73362  
 24 335.8913  27462.712530  x:  0.16925   0.32420   0.27506   0.03872   0.80377   0.01533   0.02488   0.17786   0.65877   0.44285   0.01254   0.07180   0.26036   0.65062   0.68784   0.23146   0.38184   0.53255   0.22102   0.19201   0.33232   1.98747   0.68845   0.39368   0.50327   0.80486   1.91008   0.99999   0.47210   0.73636  
 25 195.1816  27452.846590  x:  0.16336   0.28679   0.25627   0.04370   0.82515   0.01932   0.03769   0.15651   0.63783   0.42576   0.01256   0.06323   0.26475   0.62786   0.66893   0.27866   0.36113   0.55074   0.21970   0.18612   0.33354   2.02461   0.71651   0.37596   0.52537   0.82105   1.77343   0.99999   0.47007   0.72615  
 26 153.5395  27450.648541  x:  0.17492   0.30687   0.25275   0.04469   0.80842   0.01982   0.03535   0.16201   0.65236   0.44044   0.01271   0.06245   0.26676   0.62391   0.69468   0.27642   0.37600   0.53380   0.22290   0.19769   0.33468   2.01816   0.73627   0.36283   0.53278   0.82838   1.71628   0.99999   0.47790   0.72563  
 27 58.6336  27449.724586  x:  0.17524   0.30000   0.27288   0.04343   0.80931   0.01876   0.03506   0.16007   0.65643   0.43480   0.01267   0.06180   0.26882   0.63322   0.71168   0.26704   0.36548   0.53905   0.22893   0.19800   0.32743   1.99905   0.76403   0.36838   0.54778   0.83376   1.70072   0.99999   0.48355   0.74596  
 28 20.2698  27447.767980  x:  0.16004   0.31150   0.25032   0.04152   0.83411   0.01534   0.03094   0.16525   0.65694   0.43419   0.01318   0.06658   0.26579   0.63844   0.71762   0.28077   0.36564   0.54184   0.22648   0.18280   0.29963   1.96210   0.83551   0.35881   0.55454   0.84924   1.69590   0.99999   0.49280   0.79385  
 29 28.3040  27442.773155  x:  0.15758   0.30694   0.26580   0.04471   0.78663   0.01693   0.03345   0.16547   0.65324   0.43784   0.01304   0.06468   0.26460   0.62363   0.66638   0.27447   0.37120   0.54474   0.21571   0.18037   0.23354   1.96543   1.00962   0.33066   0.52980   0.91492   1.71894   0.99999   0.49236   0.82215  
 30 31.6656  27430.654228  x:  0.18591   0.27521   0.26297   0.04575   0.83867   0.02227   0.03733   0.17351   0.66107   0.44594   0.01333   0.05635   0.27570   0.65055   0.69918   0.28963   0.39647   0.50860   0.23400   0.20874   0.03192   2.00035   1.18402   0.39347   0.51992   0.97355   1.77532   0.99999   0.50728   0.74355  
 31 39.5475  27407.083353  x:  0.22144   0.29691   0.26910   0.04720   0.85016   0.02347   0.03741   0.18402   0.68096   0.44424   0.01372   0.05299   0.28066   0.67943   0.72645   0.30220   0.39152   0.58785   0.19010   0.24432   0.00000   2.10319   1.20232   0.39635   0.48060   0.92915   1.78502   0.99999   0.53329   0.77399  
 32 28.1601  27338.913629  x:  0.31758   0.30399   0.27359   0.04984   0.89471   0.02246   0.03566   0.23524   0.70289   0.45865   0.01658   0.04742   0.29619   0.75505   0.64178   0.36172   0.32430   0.39054   0.26135   0.34072   0.15623   2.64721   1.20471   0.53278   0.52892   0.79563   1.83111   0.99999   0.63954   1.05572  
 33 145.9152  27307.408644  x:  0.24206   0.16244   0.27588   0.05082   0.91947   0.02717   0.03592   0.26478   0.72814   0.46749   0.01777   0.03908   0.31080   0.80926   0.72649   0.39448   0.48841   0.44677   0.21613   0.26534   0.43463   2.68961   1.00155   0.42837   0.69587   1.28496   1.93074   0.99999   0.69975   1.05850  
 34 72.4463  27301.869807  x:  0.21991   0.27175   0.27656   0.05023   0.92912   0.02887   0.03719   0.26667   0.72551   0.46730   0.01823   0.03556   0.31483   0.81967   0.72929   0.39326   0.35874   0.45531   0.21680   0.24321   0.47903   2.67625   0.94678   0.44400   0.69307   1.44301   1.93747   0.99999   0.70514   1.02809  
 35 50.7278  27300.538942  x:  0.22172   0.25962   0.27562   0.04913   0.93142   0.02738   0.03586   0.26659   0.72250   0.46531   0.01843   0.03610   0.31457   0.82204   0.72479   0.39309   0.37072   0.45392   0.21498   0.24503   0.49815   2.66075   0.93315   0.52196   0.59178   1.48984   1.90808   0.99999   0.70861   1.04700  
 36  9.8667  27240.123113  x:  0.28326   0.32826   0.28780   0.05396   0.93629   0.01463   0.00000   0.25821   0.82798   0.41357   0.01013   0.01520   0.38960   0.86796   0.75043   0.42525   0.40307   0.58153   0.13366   0.30718   0.35633   3.57982   1.18065   0.48487   0.55944   1.38505   1.87725   0.99999   0.88170   1.32547  
 37  1.4327  27240.123113  x:  0.28326   0.32826   0.28780   0.05396   0.93629   0.01463   0.00000   0.25821   0.82798   0.41357   0.01013   0.01520   0.38960   0.86796   0.75043   0.42525   0.40307   0.58153   0.13366   0.30718   0.35633   3.57982   1.18065   0.48487   0.55944   1.38505   1.87725   0.99999   0.88170   1.32547  
 38 96.1280  27236.458691  x:  0.28205   0.32694   0.28635   0.05698   0.93569   0.02624   0.01307   0.25983   0.82541   0.41630   0.01993   0.02928   0.38845   0.86770   0.75198   0.42180   0.40133   0.58062   0.13888   0.30598   0.35524   3.58254   1.18004   0.48352   0.55825   1.38536   1.87707   0.99395   0.88563   1.32563  
 39 300.5891  27233.109083  x:  0.27816   0.32279   0.28070   0.04597   0.93333   0.01925   0.02380   0.25710   0.81571   0.42304   0.00992   0.04680   0.37954   0.86558   0.75684   0.41069   0.39560   0.57743   0.15520   0.30209   0.35169   3.59220   1.17813   0.47924   0.55457   1.38659   1.87633   0.97770   0.89978   1.32656  
 40 183.5991  27230.734022  x:  0.27127   0.31648   0.27671   0.04829   0.93007   0.02287   0.01163   0.24656   0.79866   0.43150   0.01622   0.04651   0.36215   0.86088   0.76566   0.39665   0.38593   0.56984   0.17325   0.29520   0.34514   3.61038   1.17471   0.47242   0.54885   1.38904   1.87578   0.97048   0.91834   1.33378  
 41 141.6153  27229.138934  x:  0.26354   0.31129   0.27765   0.05433   0.92696   0.02589   0.02044   0.24707   0.78294   0.43734   0.01068   0.03786   0.34919   0.85544   0.77359   0.38791   0.37622   0.55956   0.18095   0.28747   0.33741   3.63219   1.17074   0.46571   0.54343   1.39210   1.87580   0.97932   0.93114   1.34775  
 42 146.8459  27227.853134  x:  0.25556   0.30788   0.28136   0.05384   0.92356   0.01645   0.02425   0.24848   0.76871   0.43884   0.01740   0.04051   0.34534   0.85050   0.78006   0.38376   0.36760   0.54854   0.18167   0.27949   0.32900   3.65660   1.16656   0.45941   0.53860   1.39561   1.87579   0.99091   0.94076   1.36507  
 43 183.2170  27226.135339  x:  0.24263   0.30714   0.28902   0.04902   0.91784   0.02369   0.01725   0.24883   0.74937   0.43366   0.01023   0.05178   0.35138   0.84284   0.78596   0.38393   0.35714   0.53204   0.17467   0.26655   0.31421   3.70214   1.15965   0.45026   0.53229   1.40239   1.87471   0.99752   0.95365   1.39694  
 44 163.0305  27223.274221  x:  0.22063   0.31773   0.29881   0.04606   0.90708   0.02350   0.02128   0.25245   0.72852   0.41712   0.01463   0.03912   0.36315   0.82866   0.78617   0.39127   0.34857   0.51471   0.16475   0.24456   0.28539   3.80071   1.14766   0.43705   0.52580   1.41754   1.86982   0.96598   0.97407   1.46271  
 45 163.5878  27217.688303  x:  0.18803   0.35308   0.28477   0.06798   0.89046   0.01582   0.02080   0.24225   0.72569   0.40485   0.00894   0.04389   0.37705   0.81362   0.76740   0.39589   0.34969   0.52803   0.19096   0.21196   0.22881   4.03515   1.12995   0.42399   0.53063   1.45466   1.86036   0.94301   0.99020   1.63656  
 46 204.8632  27212.344040  x:  0.17376   0.37034   0.26175   0.03584   0.88191   0.02780   0.02282   0.23893   0.73852   0.41193   0.01671   0.03703   0.36703   0.80901   0.74922   0.39176   0.34358   0.54180   0.19077   0.19769   0.18687   4.25822   1.12366   0.42040   0.54516   1.49053   1.85236   0.92888   1.01007   1.80119  
 47 442.9631  27205.418024  x:  0.18334   0.36580   0.24912   0.04994   0.88242   0.02197   0.01581   0.24417   0.76434   0.43337   0.01268   0.05000   0.33739   0.81775   0.73276   0.38432   0.32287   0.54731   0.14983   0.20727   0.15024   4.57458   1.13488   0.42416   0.57549   1.54115   1.84225   0.88623   1.06006   2.02482  
 48 437.9653  27195.528037  x:  0.25217   0.34721   0.31941   0.03979   0.90805   0.02597   0.01355   0.25180   0.78777   0.42403   0.01282   0.04837   0.34055   0.84518   0.75185   0.39988   0.32565   0.55686   0.18625   0.27610   0.13856   5.09051   1.19576   0.43368   0.62380   1.61795   1.84015   0.84322   1.18199   2.36835  
 49 326.1351  27192.235788  x:  0.27745   0.34629   0.28901   0.04247   0.92778   0.02558   0.01691   0.24723   0.78618   0.42492   0.01364   0.03805   0.38148   0.85728   0.77949   0.38488   0.34878   0.55087   0.18290   0.30138   0.14734   5.26550   1.22866   0.43287   0.62374   1.63634   1.85276   0.83447   1.23512   2.46807  
 50 193.7848  27191.062368  x:  0.27592   0.35158   0.27736   0.04221   0.93957   0.02565   0.01455   0.25519   0.78171   0.43062   0.01353   0.04143   0.36913   0.86456   0.79041   0.41068   0.37802   0.55621   0.17784   0.29985   0.15862   5.34248   1.25216   0.43034   0.59909   1.63066   1.87557   0.83250   1.25298   2.49033  
 51 56.3227  27190.071251  x:  0.25989   0.32679   0.28157   0.04210   0.94582   0.02544   0.01936   0.23925   0.79006   0.42568   0.01321   0.04071   0.37026   0.86782   0.78623   0.41238   0.38444   0.57010   0.17224   0.28382   0.17608   5.42554   1.28647   0.44404   0.56617   1.60888   1.90507   0.83128   1.25211   2.49164  
 52 40.8081  27189.392991  x:  0.24736   0.31429   0.28485   0.04237   0.94437   0.02564   0.01331   0.25733   0.79405   0.42666   0.01350   0.03998   0.37384   0.86700   0.77987   0.40103   0.39042   0.57252   0.17596   0.27129   0.19004   5.49096   1.31568   0.46200   0.54729   1.58821   1.91976   0.82962   1.24409   2.48454  
 53 71.7636  27188.621490  x:  0.23829   0.32346   0.29149   0.04189   0.93443   0.02551   0.01523   0.24962   0.79316   0.43411   0.01325   0.04143   0.36968   0.86288   0.77706   0.39401   0.40240   0.55263   0.17611   0.26222   0.20618   5.57861   1.35658   0.49156   0.53979   1.55830   1.91495   0.83125   1.22370   2.45997  
 54 47.6823  27187.752358  x:  0.23768   0.32492   0.27579   0.04293   0.92882   0.02544   0.01590   0.25126   0.78571   0.42036   0.01346   0.04260   0.36466   0.86126   0.78528   0.40688   0.38283   0.55307   0.17966   0.26161   0.21340   5.69264   1.40223   0.50650   0.53547   1.52266   1.88599   0.83812   1.19550   2.40874  
 55 45.7555  27186.949397  x:  0.24254   0.33695   0.28301   0.04307   0.93454   0.02495   0.01544   0.25142   0.78434   0.44188   0.01343   0.04061   0.37410   0.86271   0.78673   0.40936   0.36568   0.56647   0.17735   0.26647   0.20127   5.81215   1.43599   0.49243   0.52552   1.49174   1.86220   0.84575   1.16951   2.34062  
 56 57.5020  27186.107399  x:  0.25282   0.35513   0.29041   0.04352   0.94666   0.02480   0.01568   0.25232   0.79326   0.42776   0.01342   0.04296   0.36520   0.86938   0.78318   0.39034   0.36232   0.56975   0.17178   0.27676   0.17126   5.94156   1.46037   0.47035   0.52502   1.46625   1.85978   0.85905   1.14613   2.25684  
 57 68.4003  27184.890392  x:  0.27271   0.34499   0.28511   0.04576   0.94744   0.02405   0.01549   0.25306   0.80122   0.43290   0.01338   0.04227   0.36882   0.87081   0.77831   0.40139   0.35878   0.55408   0.17885   0.29665   0.09970   6.13911   1.47884   0.46029   0.56156   1.44211   1.90379   0.87485   1.10382   2.11948  
 58 59.1059  27184.681803  x:  0.27795   0.33605   0.28789   0.04582   0.93947   0.02399   0.01604   0.25269   0.79082   0.43280   0.01314   0.04292   0.36715   0.86788   0.78643   0.39722   0.37118   0.56531   0.17354   0.30189   0.08473   6.17384   1.47981   0.46422   0.56690   1.44680   1.90643   0.87651   1.09064   2.09621  
 59 21.8552  27184.547206  x:  0.28099   0.31925   0.28660   0.04618   0.93810   0.02387   0.01609   0.25247   0.79300   0.43275   0.01323   0.04293   0.36695   0.86756   0.78151   0.39844   0.38636   0.56033   0.17471   0.30493   0.07459   6.19764   1.47873   0.46670   0.55626   1.46580   1.89342   0.87940   1.08425   2.08034  
 60  8.9003  27184.425756  x:  0.27569   0.32405   0.28811   0.04646   0.94819   0.02369   0.01596   0.25332   0.79595   0.43359   0.01316   0.04306   0.36743   0.86848   0.78715   0.39902   0.38246   0.56204   0.17467   0.29963   0.07252   6.22014   1.48010   0.48458   0.54991   1.50303   1.89185   0.88184   1.08477   2.06756  
 61  4.5951  27184.300750  x:  0.27536   0.33105   0.28746   0.04669   0.93819   0.02368   0.01628   0.25310   0.79243   0.43337   0.01327   0.04266   0.36748   0.87360   0.78301   0.39842   0.37417   0.56143   0.17509   0.29931   0.08171   6.24290   1.48896   0.48407   0.54336   1.54256   1.89904   0.88279   1.07943   2.06183  
 62  8.0518  27184.169580  x:  0.26928   0.32919   0.28759   0.04668   0.94153   0.02358   0.01588   0.25327   0.79615   0.43368   0.01316   0.04366   0.36592   0.85994   0.78746   0.39779   0.37454   0.55949   0.17551   0.29322   0.09416   6.26606   1.49898   0.47008   0.55232   1.56756   1.90165   0.88154   1.07242   2.06603  
 63  5.6037  27183.902205  x:  0.24922   0.32218   0.28853   0.04722   0.94607   0.02334   0.01652   0.25340   0.79054   0.43414   0.01337   0.04295   0.36694   0.86975   0.78108   0.39839   0.38337   0.56248   0.17406   0.27317   0.11099   6.31331   1.51203   0.45124   0.58372   1.59544   1.89652   0.88323   1.08152   2.07838  
 64 10.3816  27183.530152  x:  0.24051   0.32012   0.29079   0.04752   0.93248   0.02338   0.01575   0.25481   0.80681   0.43521   0.01307   0.04196   0.36740   0.88521   0.80132   0.39866   0.38509   0.55966   0.17479   0.26447   0.10886   6.37668   1.51124   0.44253   0.58877   1.60026   1.89392   0.88070   1.08928   2.11379  
 65  7.9527  27176.385131  x:  0.27665   0.34353   0.28281   0.05370   0.92864   0.01955   0.02210   0.25418   0.77859   0.43097   0.01638   0.03934   0.35895   0.84467   0.77969   0.39753   0.36053   0.55544   0.16604   0.30074   0.00000   7.70139   1.46184   0.45159   0.56039   1.56804   1.90162   0.84190   1.28680   2.93640  
 66 32.4697  27176.385131  x:  0.27665   0.34353   0.28281   0.05370   0.92864   0.01955   0.02210   0.25418   0.77859   0.43097   0.01638   0.03934   0.35895   0.84467   0.77969   0.39753   0.36053   0.55544   0.16604   0.30074   0.00000   7.70139   1.46184   0.45159   0.56039   1.56804   1.90162   0.84190   1.28680   2.93640  
 67 15.4304  27175.847046  x:  0.27627   0.34314   0.28334   0.04982   0.92923   0.02060   0.01587   0.25249   0.77894   0.43104   0.01058   0.04222   0.36061   0.84667   0.78012   0.39757   0.36064   0.55574   0.16782   0.30035   0.00048   7.70135   1.46251   0.45246   0.56109   1.56786   1.90178   0.85038   1.28337   2.93804  
 68 73.0089  27175.648836  x:  0.27587   0.34264   0.28397   0.04924   0.92973   0.02314   0.01447   0.25222   0.77935   0.43121   0.01340   0.04450   0.36184   0.84841   0.78048   0.39750   0.36060   0.55576   0.16895   0.29995   0.00093   7.70131   1.46315   0.45318   0.56166   1.56766   1.90186   0.85634   1.28022   2.93953  
 69 76.2652  27175.542550  x:  0.27515   0.34155   0.28460   0.04817   0.93033   0.02104   0.01752   0.25335   0.78013   0.43127   0.01366   0.04309   0.36211   0.85091   0.78074   0.39696   0.36034   0.55532   0.16981   0.29924   0.00180   7.70123   1.46438   0.45426   0.56249   1.56729   1.90167   0.86028   1.27533   2.94183  
 70 32.9576  27175.423195  x:  0.27347   0.33893   0.28549   0.05025   0.93143   0.02307   0.01745   0.25320   0.78113   0.43067   0.01262   0.03932   0.36184   0.85607   0.78093   0.39537   0.35962   0.55371   0.17029   0.29755   0.00399   7.70103   1.46751   0.45641   0.56406   1.56639   1.90071   0.85951   1.26518   2.94669  
 71 28.8599  27175.318061  x:  0.27168   0.33641   0.28614   0.05023   0.93235   0.02096   0.01510   0.25225   0.78188   0.42984   0.01408   0.03864   0.36212   0.86115   0.78105   0.39383   0.35913   0.55204   0.17050   0.29577   0.00644   7.70084   1.47100   0.45847   0.56552   1.56542   1.89959   0.85649   1.25511   2.95175  
 72 68.4177  27175.267554  x:  0.27055   0.33552   0.28621   0.04912   0.93266   0.02165   0.01644   0.25265   0.78212   0.42968   0.01330   0.04168   0.36284   0.86338   0.78093   0.39336   0.35950   0.55126   0.17048   0.29464   0.00823   7.70074   1.47357   0.45934   0.56604   1.56479   1.89882   0.85372   1.24986   2.95498  
 73 30.9687  27175.228560  x:  0.26866   0.33771   0.28588   0.04754   0.93222   0.02227   0.01616   0.25321   0.78124   0.43098   0.01374   0.04116   0.36137   0.86148   0.78056   0.39588   0.36386   0.55230   0.17107   0.29274   0.01279   7.70075   1.48022   0.45897   0.56522   1.56370   1.89749   0.85251   1.24688   2.96134  
 74  8.2686  27175.203662  x:  0.26716   0.33828   0.28528   0.04987   0.93198   0.02132   0.01606   0.25328   0.78075   0.43149   0.01327   0.04208   0.36127   0.85984   0.78045   0.39700   0.36599   0.55296   0.17028   0.29124   0.01639   7.70080   1.48567   0.45858   0.56446   1.56288   1.89662   0.85275   1.24601   2.96648  
 75 19.8472  27175.156074  x:  0.26358   0.33539   0.28270   0.04900   0.93169   0.02170   0.01631   0.25230   0.78048   0.43038   0.01349   0.04148   0.36233   0.85647   0.78069   0.39609   0.36620   0.55384   0.16636   0.28766   0.02429   7.70103   1.49865   0.45771   0.56261   1.56113   1.89526   0.85334   1.24850   2.97867  
 76 16.0927  27175.114376  x:  0.25957   0.33227   0.28457   0.04917   0.93137   0.02167   0.01640   0.25251   0.78057   0.42883   0.01346   0.04164   0.36243   0.85568   0.78054   0.39456   0.36502   0.55484   0.17093   0.28365   0.03025   7.70132   1.51117   0.45725   0.56082   1.55958   1.89503   0.85266   1.25450   2.99216  
 77 15.4211  27175.080760  x:  0.25604   0.33244   0.28832   0.04889   0.93150   0.02171   0.01596   0.25352   0.78121   0.43109   0.01339   0.04189   0.36124   0.85875   0.78043   0.39495   0.36451   0.55144   0.16986   0.28012   0.03175   7.70159   1.52084   0.45811   0.56003   1.55884   1.89637   0.85233   1.26189   3.00668  
 78 11.6897  27175.035358  x:  0.25221   0.33713   0.28462   0.04915   0.93254   0.02167   0.01657   0.25178   0.78257   0.43174   0.01345   0.04135   0.36263   0.86400   0.78110   0.39371   0.36572   0.54989   0.17097   0.27629   0.02797   7.70192   1.53226   0.46065   0.56011   1.55909   1.89953   0.85125   1.27195   3.03204  
 79 12.7286  27174.947940  x:  0.24865   0.34109   0.28326   0.04924   0.93476   0.02170   0.01526   0.25645   0.78339   0.42760   0.01345   0.04081   0.36460   0.86668   0.78288   0.39909   0.36226   0.55509   0.16913   0.27273   0.01250   7.70241   1.55162   0.46453   0.56054   1.56194   1.90481   0.84816   1.28698   3.08952  
 80 19.3805  27174.850366  x:  0.24841   0.34192   0.28415   0.04915   0.93564   0.02166   0.01600   0.25379   0.78362   0.42951   0.01340   0.04118   0.36346   0.86525   0.78356   0.39970   0.35963   0.55786   0.16870   0.27249   0.00000   7.70272   1.56457   0.46561   0.56040   1.56477   1.90676   0.84624   1.29602   3.13184  
 81 46.3135  27174.720249  x:  0.25208   0.34376   0.28454   0.04910   0.93529   0.02161   0.01455   0.25714   0.78254   0.43138   0.01341   0.04162   0.36227   0.85938   0.78283   0.39261   0.35829   0.55543   0.16907   0.27617   0.00000   7.70350   1.59744   0.46463   0.55905   1.57317   1.90701   0.84238   1.31937   3.24432  
 82 71.7483  27174.674976  x:  0.25312   0.34253   0.28610   0.04900   0.93378   0.02165   0.01558   0.25421   0.78240   0.42748   0.01337   0.04114   0.36390   0.85880   0.78172   0.39483   0.36066   0.55164   0.16934   0.27720   0.00000   7.70378   1.60583   0.46216   0.55740   1.57598   1.90431   0.84140   1.32820   3.28417  
 83 32.7722  27174.631258  x:  0.25150   0.33516   0.28221   0.04913   0.93129   0.02161   0.01526   0.25473   0.78208   0.42956   0.01341   0.04119   0.36288   0.86112   0.78062   0.39809   0.36416   0.55084   0.17030   0.27558   0.00000   7.70403   1.60680   0.45845   0.55511   1.57776   1.89865   0.84046   1.33807   3.32357  
 84 16.4968  27174.587203  x:  0.24727   0.32999   0.28481   0.04904   0.93095   0.02162   0.01522   0.25478   0.78146   0.42862   0.01335   0.04121   0.36272   0.86048   0.78118   0.39417   0.37292   0.55371   0.16829   0.27135   0.00000   7.70407   1.59911   0.45844   0.55636   1.57790   1.89350   0.83938   1.34859   3.36358  
 85 12.5665  27174.551046  x:  0.24711   0.32750   0.28366   0.04906   0.93288   0.02158   0.01495   0.25528   0.78124   0.42918   0.01337   0.04108   0.36403   0.85517   0.78060   0.39547   0.37393   0.54890   0.17004   0.27119   0.00000   7.70350   1.58544   0.46088   0.56089   1.57605   1.89478   0.83810   1.35550   3.39430  
 86  6.9976  27174.500784  x:  0.25262   0.32943   0.28228   0.04913   0.93195   0.02162   0.01494   0.25553   0.78088   0.42566   0.01337   0.04237   0.35862   0.85644   0.77891   0.39467   0.37225   0.54741   0.16984   0.27670   0.00000   7.70211   1.56340   0.45832   0.56274   1.57254   1.89787   0.83739   1.36423   3.43459  
 87 11.5850  27174.456804  x:  0.25916   0.33248   0.28353   0.04907   0.92956   0.02163   0.01465   0.25635   0.78001   0.42728   0.01339   0.04111   0.36301   0.85939   0.77810   0.39391   0.37001   0.54867   0.16962   0.28324   0.00000   7.70059   1.54355   0.45452   0.56266   1.56907   1.89944   0.83554   1.37177   3.46943  
 88 25.1121  27174.450350  x:  0.26170   0.33308   0.28360   0.04908   0.93053   0.02164   0.01463   0.25657   0.78104   0.42748   0.01338   0.04117   0.36304   0.86032   0.78066   0.39441   0.36970   0.54897   0.16980   0.28578   0.00000   7.69981   1.54128   0.45644   0.56332   1.56800   1.89594   0.83522   1.37389   3.47411  
 89  2.7072  27174.449347  x:  0.26214   0.33312   0.28361   0.04908   0.93134   0.02163   0.01463   0.25655   0.78117   0.42753   0.01340   0.04116   0.36310   0.86048   0.77937   0.39445   0.36967   0.54924   0.16974   0.28623   0.00000   7.69914   1.54104   0.45741   0.56274   1.56735   1.89527   0.83524   1.37433   3.47505  
 90  0.8270  27174.446274  x:  0.26260   0.33303   0.28360   0.04906   0.93131   0.02163   0.01466   0.25644   0.78059   0.42747   0.01338   0.04117   0.36296   0.86006   0.77992   0.39429   0.36954   0.54889   0.16980   0.28668   0.00000   7.69474   1.54030   0.46043   0.55795   1.56354   1.89555   0.83526   1.37502   3.47931  
 91  0.7030  27174.442672  x:  0.26322   0.33259   0.28362   0.04908   0.92869   0.02165   0.01466   0.25625   0.78167   0.42755   0.01337   0.04120   0.36287   0.85977   0.77933   0.39436   0.36979   0.54928   0.16967   0.28731   0.00000   7.68797   1.54057   0.46198   0.55820   1.55905   1.89611   0.83526   1.37638   3.48446  
 92  1.1249  27174.426569  x:  0.26461   0.33175   0.28384   0.04899   0.93101   0.02164   0.01498   0.25535   0.77974   0.42805   0.01332   0.04123   0.36259   0.85997   0.77993   0.39462   0.36996   0.55015   0.16948   0.28870   0.00000   7.65568   1.54219   0.45828   0.56169   1.54145   1.89759   0.83512   1.38261   3.50771  
 93  3.4761  27174.419931  x:  0.26341   0.33345   0.28400   0.04894   0.93177   0.02165   0.01481   0.25530   0.78297   0.42824   0.01330   0.04131   0.36248   0.85894   0.77995   0.39441   0.36823   0.55013   0.16953   0.28751   0.00000   7.64159   1.54192   0.45625   0.56132   1.53951   1.89646   0.83505   1.38449   3.51717  
 94  3.3190  27174.398954  x:  0.25990   0.33766   0.28412   0.04885   0.92942   0.02167   0.01523   0.25419   0.77930   0.42844   0.01327   0.04139   0.36189   0.85816   0.77912   0.39414   0.36241   0.55016   0.16966   0.28402   0.00000   7.59609   1.54137   0.45691   0.56243   1.54475   1.89207   0.83561   1.39110   3.54511  
 95  5.3664  27174.360613  x:  0.26039   0.33360   0.28495   0.04875   0.93177   0.02169   0.01557   0.25296   0.78123   0.42983   0.01317   0.04149   0.36170   0.85924   0.78045   0.39492   0.36579   0.55229   0.16962   0.28453   0.00000   7.51199   1.54253   0.45970   0.56110   1.56530   1.89801   0.83495   1.40381   3.59348  
 96  8.2243  27174.354558  x:  0.26034   0.33399   0.28517   0.04874   0.93224   0.02169   0.01568   0.25269   0.78154   0.43020   0.01318   0.04147   0.36169   0.85942   0.78082   0.39508   0.36528   0.55281   0.16959   0.28449   0.00000   7.57675   1.54498   0.46020   0.56120   1.56756   1.89899   0.83451   1.40751   3.61599  
 97  0.0991  27174.354100  x:  0.26033   0.33382   0.28507   0.04878   0.93213   0.02167   0.01563   0.25295   0.78148   0.43006   0.01322   0.04145   0.36174   0.85942   0.78074   0.39499   0.36566   0.55254   0.16959   0.28449   0.00000   7.57020   1.54569   0.46013   0.56121   1.56731   1.89871   0.83426   1.41035   3.62882  
 98  0.0132  27174.354099  x:  0.26033   0.33383   0.28506   0.04878   0.93214   0.02168   0.01562   0.25295   0.78148   0.43005   0.01322   0.04145   0.36174   0.85943   0.78074   0.39500   0.36565   0.55255   0.16959   0.28448   0.00000   7.57000   1.54562   0.46013   0.56121   1.56727   1.89872   0.83427   1.41039   3.62895  
 99  0.0003  27174.354099  x:  0.26032   0.33383   0.28506   0.04878   0.93214   0.02168   0.01562   0.25295   0.78148   0.43005   0.01322   0.04145   0.36174   0.85943   0.78074   0.39500   0.36565   0.55255   0.16959   0.28448   0.00000   7.56999   1.54562   0.46013   0.56121   1.56727   1.89872   0.83427   1.41039   3.62896  
100  0.0000  27174.354099  x:  0.26032   0.33383   0.28506   0.04878   0.93214   0.02168   0.01562   0.25295   0.78148   0.43005   0.01322   0.04145   0.36174   0.85943   0.78074   0.39500   0.36565   0.55255   0.16959   0.28448   0.00000   7.56999   1.54562   0.46013   0.56121   1.56727   1.89872   0.83427   1.41039   3.62896  