

TREE # 1

  0  0.0000  29306.376558  x:  0.04748   0.04333   0.01434   0.06868   0.03092   0.06818   0.08693   0.04720   0.05186   0.02389   0.09831   0.05660   0.09551   0.09764   0.05463   0.06678   0.10379   0.07182   0.07286   0.05917   0.09377   0.09746   0.04142   0.07604   0.07100   0.08151   0.01856   0.09234   0.04234   0.04916   0.06076   0.10860   0.10791   0.01687   0.04828   0.03820   0.08705   0.08729   0.05011   0.03757   0.10775   0.05179   2.00000   0.90000   0.55360   1.92631   2.54409  
  1 99.0000  27136.519146  x:  0.07216   0.05888   0.04793   0.08147   0.04973   0.07478   0.08946   0.05764   0.05148   0.02816   0.11593   0.05317   0.09293   0.10342   0.08408   0.06330   0.10000   0.08596   0.07592   0.08317   0.11008   0.09319   0.09930   0.08503   0.10934   0.10699   0.07057   0.10925   0.05527   0.06466   0.07475   0.11508   0.11886   0.03164   0.07938   0.04653   0.10011   0.09671   0.09878   0.10122   0.12667   0.07647   2.00180   0.99999   0.54183   1.92960   2.53962  
  2 16337.0482  24603.977740  x:  0.34575   0.23116   0.41888   0.22358   0.25806   0.14799   0.11754   0.17313   0.04728   0.07546   0.31188   0.01516   0.06426   0.16781   0.41073   0.02477   0.05789   0.24308   0.11005   0.34942   0.29133   0.04583   0.73923   0.18480   0.53439   0.38991   0.64460   0.29719   0.19866   0.23635   0.22972   0.18713   0.24065   0.19522   0.42394   0.13903   0.24542   0.20150   0.63749   0.80482   0.33704   0.35005   2.02171   0.98470   0.41023   1.96620   2.49047  
  3 44148.4510  24425.823162  x:  0.34695   0.20797   0.37535   0.21975   0.21465   0.12487   0.09439   0.13125   0.00000   0.02471   0.37827   0.00207   0.07112   0.21371   0.43431   0.09019   0.03983   0.28061   0.10829   0.37642   0.33869   0.02880   0.73011   0.18826   0.56370   0.42797   0.59708   0.34234   0.18251   0.21782   0.20860   0.17702   0.26581   0.16101   0.41816   0.11750   0.29363   0.22788   0.65292   0.80296   0.40251   0.35125   2.02373   0.98504   0.33804   1.98086   2.48925  
  4 1058.3331  24411.080880  x:  0.34731   0.20511   0.36983   0.21986   0.20950   0.12269   0.09288   0.12765   0.00688   0.02134   0.38344   0.00000   0.06841   0.21547   0.43690   0.08629   0.03685   0.28323   0.10692   0.37921   0.34276   0.02635   0.72939   0.18824   0.56766   0.43279   0.59089   0.34694   0.18019   0.21518   0.20581   0.17539   0.26822   0.15652   0.41764   0.11471   0.29765   0.22943   0.65530   0.80340   0.40982   0.35162   2.02376   0.98507   0.33624   1.98177   2.48913  
  5 1353.8948  24375.471966  x:  0.34904   0.19649   0.35280   0.22158   0.19459   0.11757   0.08995   0.11753   0.00000   0.01531   0.39491   0.00000   0.05667   0.21592   0.44461   0.06146   0.02900   0.28853   0.10127   0.38707   0.35256   0.02144   0.72836   0.18890   0.58045   0.44636   0.57156   0.35927   0.17260   0.20661   0.19708   0.16986   0.27468   0.14259   0.41673   0.10638   0.30691   0.23162   0.66386   0.80640   0.43108   0.35334   2.02357   0.98516   0.34107   1.98338   2.48872  
  6 2448.1626  24375.471966  x:  0.34904   0.19649   0.35280   0.22158   0.19459   0.11757   0.08995   0.11753   0.00000   0.01531   0.39491   0.00000   0.05667   0.21592   0.44461   0.06146   0.02900   0.28853   0.10127   0.38707   0.35256   0.02144   0.72836   0.18890   0.58045   0.44636   0.57156   0.35927   0.17260   0.20661   0.19708   0.16986   0.27468   0.14259   0.41673   0.10638   0.30691   0.23162   0.66386   0.80640   0.43108   0.35334   2.02357   0.98516   0.34107   1.98338   2.48872  
  7 874.4707  24364.501913  x:  0.34881   0.19430   0.34841   0.22158   0.19100   0.11638   0.08930   0.11553   0.00662   0.01449   0.39783   0.00000   0.05599   0.21733   0.44577   0.06161   0.02841   0.29004   0.10043   0.38839   0.35481   0.02130   0.72677   0.18924   0.58227   0.44892   0.56626   0.36180   0.17075   0.20449   0.19493   0.16864   0.27607   0.13939   0.41583   0.10456   0.30914   0.23241   0.66453   0.80550   0.43545   0.35312   2.02358   0.99999   0.33933   1.98405   2.48868  
  8 954.4902  24301.171874  x:  0.34511   0.17288   0.30771   0.21836   0.15693   0.10281   0.08000   0.09325   0.02690   0.00000   0.41994   0.00000   0.04577   0.22590   0.45376   0.05783   0.01903   0.29970   0.08998   0.39744   0.37159   0.01570   0.71097   0.18846   0.59555   0.46745   0.51753   0.38060   0.15240   0.18399   0.17424   0.15531   0.28481   0.10872   0.40548   0.08598   0.32604   0.23606   0.66851   0.79612   0.47183   0.34941   2.02348   0.99828   0.33946   1.98758   2.48858  
  9 1068.3085  24227.093700  x:  0.33595   0.12249   0.20942   0.21366   0.08118   0.07659   0.06252   0.04529   0.03832   0.05921   0.46762   0.00000   0.02416   0.24394   0.47165   0.05223   0.00607   0.31999   0.06563   0.41745   0.40880   0.01039   0.67168   0.18794   0.62604   0.50640   0.39782   0.42225   0.10826   0.13446   0.12509   0.12389   0.30527   0.03789   0.38085   0.04547   0.36322   0.24326   0.67732   0.77257   0.55714   0.34025   2.02307   0.99895   0.33954   1.99636   2.48845  
 10 4445.8638  24223.218756  x:  0.33556   0.12107   0.20603   0.21406   0.08089   0.07728   0.06320   0.04498   0.03472   0.05839   0.46871   0.00000   0.02379   0.24428   0.47216   0.05221   0.00766   0.32035   0.06491   0.41803   0.40987   0.01093   0.66989   0.18781   0.62677   0.50729   0.39281   0.42339   0.10692   0.13285   0.12370   0.12320   0.30610   0.03696   0.38000   0.04540   0.36428   0.24349   0.67758   0.77148   0.56035   0.33987   2.02304   0.99999   0.33944   1.99677   2.48845  
 11 911.0299  24212.457261  x:  0.33357   0.11569   0.19142   0.21571   0.08350   0.08266   0.06835   0.04922   0.02156   0.05600   0.47216   0.00000   0.02275   0.24498   0.47413   0.05128   0.00000   0.31998   0.06006   0.41991   0.41366   0.00949   0.66072   0.18602   0.62943   0.51042   0.36891   0.42735   0.10169   0.12629   0.11864   0.12109   0.30947   0.03646   0.37604   0.04665   0.36816   0.24403   0.67841   0.76586   0.57508   0.33788   2.02279   0.99999   0.34025   1.99855   2.48866  
 12 1655.3434  24196.595599  x:  0.32867   0.11128   0.16656   0.21423   0.09650   0.09668   0.07941   0.07934   0.03453   0.05995   0.47361   0.00000   0.02505   0.24363   0.47685   0.05219   0.00850   0.31530   0.05290   0.42171   0.41876   0.00000   0.63761   0.18021   0.63293   0.51434   0.31634   0.42939   0.09715   0.11865   0.11614   0.12268   0.31322   0.04873   0.36755   0.05021   0.37191   0.24212   0.67854   0.75158   0.60612   0.33297   2.02195   0.99999   0.34366   2.00254   2.49005  
 13 711.1500  24190.303083  x:  0.32503   0.11113   0.15041   0.21151   0.10570   0.10579   0.08349   0.09924   0.04884   0.06238   0.47260   0.00000   0.02744   0.24159   0.47828   0.05372   0.00839   0.31009   0.04852   0.42244   0.42142   0.02200   0.61948   0.17826   0.63475   0.51584   0.27707   0.42834   0.09650   0.11551   0.11746   0.12590   0.31447   0.05898   0.36144   0.05216   0.37302   0.23961   0.67814   0.73997   0.62935   0.32934   2.02113   0.99999   0.34571   2.00589   2.49141  
 14 1238.0958  24183.591059  x:  0.32181   0.12799   0.14150   0.20486   0.10562   0.10901   0.06172   0.08549   0.04595   0.06167   0.46225   0.00000   0.03062   0.23418   0.47792   0.05098   0.00854   0.29973   0.05521   0.42273   0.42155   0.01971   0.58712   0.17284   0.63381   0.50931   0.22844   0.41533   0.10872   0.12309   0.13333   0.13829   0.30909   0.06368   0.35568   0.05028   0.36711   0.23266   0.67615   0.71843   0.66450   0.32612   2.01920   0.99999   0.33807   2.01473   2.49477  
 15 233.1458  24180.978801  x:  0.31840   0.13388   0.15039   0.20402   0.09936   0.11497   0.07779   0.07858   0.04877   0.06081   0.45095   0.00000   0.03139   0.22941   0.47527   0.05900   0.00779   0.29584   0.05629   0.42033   0.41690   0.01917   0.55773   0.17578   0.63048   0.50196   0.22781   0.40487   0.10783   0.12050   0.13718   0.13712   0.30041   0.05175   0.35296   0.04879   0.35929   0.22970   0.67161   0.69401   0.69422   0.32270   2.01724   0.99999   0.32663   2.02661   2.49919  
 16 118.8274  24179.095472  x:  0.31400   0.13055   0.15167   0.20622   0.09816   0.10585   0.07711   0.07723   0.04727   0.05983   0.44144   0.00000   0.02860   0.22648   0.47140   0.04922   0.01075   0.29458   0.05379   0.41668   0.41121   0.02031   0.52979   0.17569   0.62607   0.49524   0.23518   0.39572   0.09947   0.11261   0.13560   0.13202   0.29656   0.05061   0.35139   0.05416   0.35274   0.23047   0.66592   0.66654   0.72452   0.31830   2.01456   0.99999   0.33296   2.03929   2.50472  
 17 145.9930  24178.536736  x:  0.31301   0.12866   0.15210   0.20750   0.09983   0.10077   0.07198   0.07822   0.04675   0.05980   0.44070   0.00000   0.03344   0.22964   0.46996   0.05480   0.00991   0.29615   0.05433   0.41529   0.40959   0.02001   0.52321   0.17529   0.62405   0.49367   0.24182   0.39476   0.09685   0.11119   0.13537   0.13115   0.29838   0.05493   0.35186   0.05398   0.35139   0.23152   0.66346   0.65567   0.73569   0.31732   2.01332   0.99999   0.33001   2.04721   2.50778  
 18 96.0585  24178.153218  x:  0.31353   0.12869   0.15380   0.20626   0.10070   0.10319   0.07023   0.08041   0.04573   0.06031   0.44376   0.00000   0.02844   0.23109   0.46748   0.05276   0.00953   0.29900   0.05676   0.41380   0.40913   0.02037   0.52460   0.17367   0.62153   0.49358   0.24777   0.39891   0.09783   0.11447   0.13699   0.13274   0.30260   0.05811   0.35255   0.04767   0.35198   0.23161   0.66051   0.64492   0.74642   0.31783   2.01119   0.99999   0.32934   2.06001   2.51299  
 19 45.7383  24177.788890  x:  0.31474   0.12911   0.15512   0.20354   0.09923   0.10621   0.07024   0.07999   0.04506   0.06053   0.44729   0.00000   0.03074   0.23358   0.46509   0.05471   0.00962   0.29984   0.05760   0.41138   0.40791   0.02033   0.53175   0.17306   0.61810   0.49335   0.24957   0.40381   0.09940   0.11961   0.13896   0.13450   0.30424   0.05596   0.35334   0.05059   0.35357   0.23251   0.65653   0.63358   0.75686   0.31904   2.00779   0.99999   0.33922   2.07920   2.52161  
 20 51.1849  24177.425809  x:  0.31638   0.12885   0.15654   0.20645   0.10379   0.10320   0.07048   0.07903   0.04712   0.06117   0.44843   0.00000   0.03134   0.23154   0.46383   0.05201   0.00935   0.29802   0.05737   0.40949   0.40644   0.01989   0.54343   0.17597   0.61536   0.49338   0.24895   0.40549   0.09857   0.12320   0.13975   0.13511   0.30216   0.05247   0.35494   0.05569   0.35464   0.23260   0.65292   0.62607   0.76291   0.32069   2.00390   0.99999   0.33833   2.10807   2.53443  
 21 51.0765  24176.802559  x:  0.31732   0.12647   0.15479   0.20798   0.10015   0.09800   0.07270   0.08032   0.04463   0.05969   0.44529   0.00000   0.03119   0.22478   0.46341   0.05508   0.01009   0.29330   0.05626   0.40775   0.40430   0.01933   0.55853   0.17736   0.61219   0.49256   0.24282   0.40171   0.09207   0.12305   0.13818   0.13368   0.29759   0.05559   0.35560   0.04937   0.35310   0.22772   0.64845   0.61982   0.76749   0.32163   1.99693   0.99999   0.34503   2.16551   2.56142  
 22 76.5877  24175.998885  x:  0.31628   0.12725   0.15462   0.20503   0.09289   0.10349   0.07399   0.07885   0.04518   0.05951   0.44096   0.00000   0.03588   0.22741   0.46516   0.04904   0.00974   0.29404   0.05823   0.40924   0.40519   0.01990   0.56383   0.17206   0.61268   0.49245   0.24209   0.39515   0.08688   0.12040   0.13573   0.13231   0.29735   0.06159   0.35453   0.05169   0.35170   0.23006   0.64692   0.62287   0.76598   0.32059   1.98893   0.99999   0.34920   2.24873   2.60188  
 23 100.6231  24174.265313  x:  0.31210   0.13210   0.15249   0.20410   0.10444   0.11217   0.06854   0.07455   0.04701   0.05940   0.43544   0.00000   0.02756   0.23222   0.46878   0.05531   0.00938   0.30074   0.05780   0.41350   0.40854   0.02014   0.55673   0.16613   0.61743   0.49341   0.24308   0.38459   0.08415   0.11574   0.13206   0.13038   0.29855   0.05652   0.34840   0.05089   0.34919   0.23560   0.64779   0.63812   0.75815   0.31642   1.97305   0.99999   0.37428   2.43537   2.69600  
 24 251.0940  24172.975579  x:  0.31035   0.13564   0.14651   0.20447   0.10061   0.10380   0.07159   0.08270   0.04294   0.05823   0.43771   0.00000   0.02850   0.23532   0.47092   0.05311   0.00934   0.30084   0.05338   0.41516   0.40972   0.01940   0.53813   0.17768   0.62174   0.49444   0.24618   0.38988   0.09451   0.11892   0.13689   0.13588   0.30197   0.05302   0.34691   0.05037   0.34931   0.23394   0.65242   0.65247   0.74961   0.31467   1.96535   0.99999   0.39056   2.57265   2.76919  
 25 227.8066  24172.504478  x:  0.31214   0.13006   0.15390   0.20669   0.10070   0.10230   0.07304   0.07873   0.04371   0.05860   0.44401   0.00000   0.02878   0.22988   0.46975   0.05406   0.00931   0.29566   0.05618   0.41378   0.40945   0.01967   0.52651   0.17529   0.62287   0.49393   0.24426   0.40129   0.09744   0.11677   0.13695   0.13478   0.30232   0.05776   0.35158   0.05277   0.35170   0.22959   0.65627   0.65571   0.74351   0.31646   1.96839   0.99999   0.39692   2.61876   2.80028  
 26 78.8286  24172.372411  x:  0.31359   0.12809   0.15480   0.20599   0.10177   0.10361   0.07114   0.08063   0.04288   0.05819   0.44542   0.00000   0.03209   0.22960   0.46856   0.05236   0.00965   0.29496   0.05582   0.41215   0.40820   0.02003   0.52396   0.17313   0.62232   0.49330   0.24311   0.40348   0.09848   0.11533   0.13667   0.13292   0.30037   0.05462   0.35277   0.05019   0.35227   0.22867   0.65798   0.65464   0.74104   0.31791   1.97267   0.99999   0.39753   2.62850   2.81196  
 27 35.7217  24172.134800  x:  0.31657   0.12576   0.15131   0.20298   0.09932   0.10569   0.06838   0.08325   0.04189   0.05756   0.44638   0.00000   0.02902   0.22782   0.46499   0.05433   0.00972   0.29650   0.05477   0.40853   0.40543   0.02004   0.52206   0.17249   0.62053   0.49212   0.24170   0.40382   0.10122   0.11305   0.13721   0.13028   0.29807   0.05337   0.35452   0.05256   0.35357   0.23151   0.66187   0.65010   0.73612   0.32089   1.98525   0.99999   0.39626   2.64039   2.83816  
 28 38.5451  24171.683042  x:  0.31918   0.12436   0.14369   0.20525   0.10205   0.10653   0.07342   0.07738   0.04295   0.05743   0.44577   0.00000   0.03007   0.23162   0.46046   0.05301   0.00949   0.29962   0.05823   0.40520   0.40395   0.01958   0.52211   0.17629   0.61838   0.49137   0.24013   0.40120   0.10553   0.11009   0.13897   0.12834   0.29908   0.05617   0.35379   0.04968   0.35471   0.23390   0.66888   0.64057   0.72917   0.32350   2.01138   0.99999   0.39970   2.65493   2.89429  
 29 61.3679  24170.641545  x:  0.31259   0.12774   0.15314   0.21354   0.09791   0.10385   0.07244   0.08290   0.03824   0.05628   0.44398   0.00000   0.02776   0.23425   0.46633   0.05402   0.00995   0.29702   0.05621   0.41305   0.41269   0.02002   0.52865   0.17187   0.62209   0.50013   0.23853   0.39712   0.10451   0.10854   0.13986   0.13324   0.31116   0.05103   0.34463   0.05381   0.35583   0.22656   0.67889   0.62875   0.73012   0.31692   2.05916   0.99999   0.40303   2.67079   3.03904  
 30 60.9213  24169.146444  x:  0.30704   0.13447   0.15701   0.19566   0.10485   0.10379   0.07286   0.07969   0.03118   0.05534   0.44610   0.00000   0.03040   0.22865   0.48052   0.05292   0.01175   0.29525   0.04380   0.42492   0.41966   0.01920   0.53314   0.17921   0.63149   0.50615   0.24133   0.40365   0.09736   0.11404   0.13447   0.13112   0.30710   0.05644   0.34768   0.05223   0.35532   0.23037   0.67895   0.63172   0.74601   0.31138   2.09542   0.99999   0.40456   2.67856   3.25315  
 31 116.9084  24166.168623  x:  0.30881   0.13962   0.14327   0.20694   0.10325   0.10695   0.07282   0.08901   0.02005   0.05203   0.44909   0.00000   0.03054   0.22381   0.49708   0.05470   0.01101   0.29714   0.06505   0.44141   0.42785   0.01994   0.53588   0.17593   0.64447   0.50427   0.24800   0.41510   0.08553   0.12868   0.12965   0.12991   0.28837   0.05455   0.36235   0.05314   0.35272   0.23980   0.66850   0.65427   0.78107   0.31317   2.12932   0.99999   0.40944   2.68120   3.70182  
 32 283.8988  24161.617953  x:  0.32191   0.13353   0.13895   0.23300   0.09756   0.11971   0.07245   0.08464   0.00878   0.04731   0.45267   0.00000   0.02719   0.23689   0.49991   0.05531   0.01590   0.30530   0.03953   0.43597   0.41487   0.02035   0.53769   0.17183   0.65221   0.49565   0.24385   0.42016   0.07477   0.13688   0.12924   0.13816   0.29643   0.05630   0.37391   0.05237   0.35380   0.23752   0.65536   0.68881   0.82189   0.32629   2.13850   0.99999   0.40795   2.67627   4.35645  
 33 523.0890  24158.806394  x:  0.32673   0.12539   0.14075   0.22245   0.10046   0.11899   0.07336   0.08723   0.00000   0.04400   0.45389   0.00000   0.02638   0.24022   0.49358   0.05522   0.01676   0.30530   0.05042   0.43005   0.41430   0.01956   0.53867   0.18045   0.65018   0.49566   0.23739   0.41871   0.07290   0.12841   0.12452   0.13787   0.31393   0.05036   0.36925   0.05520   0.35875   0.23262   0.65471   0.69940   0.83570   0.33112   2.12559   0.99999   0.40493   2.67057   4.70986  
 34 588.9143  24158.806394  x:  0.32673   0.12539   0.14075   0.22245   0.10046   0.11899   0.07336   0.08723   0.00000   0.04400   0.45389   0.00000   0.02638   0.24022   0.49358   0.05522   0.01676   0.30530   0.05042   0.43005   0.41430   0.01956   0.53867   0.18045   0.65018   0.49566   0.23739   0.41871   0.07290   0.12841   0.12452   0.13787   0.31393   0.05036   0.36925   0.05520   0.35875   0.23262   0.65471   0.69940   0.83570   0.33112   2.12559   0.99999   0.40493   2.67057   4.70986  
 35 152.0869  24153.423209  x:  0.32620   0.12450   0.13907   0.22524   0.10809   0.12402   0.08100   0.08793   0.03143   0.01284   0.45643   0.00000   0.02763   0.24094   0.49327   0.05552   0.02240   0.30686   0.05233   0.43094   0.41752   0.02008   0.53898   0.17987   0.64991   0.49955   0.23468   0.42129   0.07375   0.12505   0.12283   0.13678   0.31704   0.05163   0.36761   0.06103   0.36223   0.23578   0.65730   0.69656   0.83699   0.33060   2.12125   0.99999   0.39693   2.67129   4.70986  
 36 323.8261  24151.841471  x:  0.32602   0.12419   0.13798   0.22594   0.10979   0.12528   0.08252   0.08685   0.02908   0.00212   0.45748   0.00000   0.02796   0.24111   0.49314   0.05519   0.02200   0.30717   0.05253   0.43119   0.41864   0.02020   0.53907   0.17976   0.64990   0.50071   0.23358   0.42218   0.07416   0.12379   0.12225   0.13632   0.31810   0.05173   0.36691   0.06239   0.36349   0.23666   0.65836   0.69542   0.83753   0.33042   2.11939   0.99999   0.39504   2.67145   4.70986  
 37 305.7215  24150.296296  x:  0.32472   0.12217   0.13011   0.22992   0.11916   0.13370   0.09222   0.08656   0.02478   0.00460   0.46505   0.00000   0.03158   0.24241   0.49235   0.05533   0.01914   0.30909   0.05357   0.43272   0.42623   0.02226   0.53942   0.18020   0.65099   0.50912   0.22680   0.42804   0.07734   0.11514   0.11842   0.13311   0.32504   0.05161   0.36181   0.06988   0.37201   0.24187   0.66585   0.68731   0.84140   0.32912   2.10585   0.99999   0.38311   2.67238   4.70986  
 38 99.3475  24149.265416  x:  0.32332   0.12070   0.12027   0.22927   0.11627   0.13662   0.09107   0.08863   0.02474   0.00484   0.47321   0.00000   0.02768   0.24017   0.49078   0.05289   0.02212   0.31106   0.05159   0.43418   0.43429   0.01642   0.53928   0.17833   0.65218   0.51913   0.22142   0.43302   0.08378   0.10667   0.11686   0.13025   0.33091   0.04813   0.35504   0.06746   0.38066   0.24262   0.67617   0.67637   0.84707   0.32772   2.08521   0.99999   0.38891   2.67135   4.70986  
 39 87.7764  24148.779232  x:  0.32279   0.12106   0.11845   0.22830   0.11392   0.13726   0.08791   0.08999   0.02537   0.00424   0.47727   0.00000   0.02862   0.24001   0.49009   0.05575   0.02133   0.31143   0.04955   0.43510   0.43842   0.02347   0.53951   0.18006   0.65294   0.52455   0.22065   0.43522   0.08904   0.10351   0.11817   0.12991   0.33352   0.04819   0.35198   0.06469   0.38504   0.24201   0.68299   0.66948   0.85108   0.32718   2.07060   0.99999   0.39248   2.67068   4.70986  
 40 117.6278  24148.374137  x:  0.32289   0.12278   0.12431   0.22795   0.11453   0.13747   0.08455   0.09045   0.02600   0.00407   0.47937   0.00000   0.03230   0.24120   0.48984   0.05538   0.01777   0.31091   0.04779   0.43635   0.44118   0.02056   0.53965   0.17980   0.65381   0.52818   0.22392   0.43628   0.09490   0.10313   0.12221   0.13131   0.33437   0.05188   0.35156   0.06321   0.38783   0.24110   0.69035   0.66262   0.85598   0.32728   2.05284   0.99999   0.39253   2.67026   4.70986  
 41 74.3410  24148.170443  x:  0.32319   0.12268   0.12881   0.22814   0.11550   0.13671   0.08397   0.08931   0.02495   0.00440   0.47921   0.00000   0.03164   0.24109   0.48976   0.05516   0.02287   0.31109   0.04867   0.43751   0.44210   0.02059   0.53994   0.18036   0.65438   0.52886   0.22680   0.43625   0.09636   0.10286   0.12419   0.13145   0.33324   0.05275   0.35274   0.06346   0.38829   0.24076   0.69463   0.65874   0.85942   0.32758   2.04044   0.99999   0.39119   2.67008   4.70986  
 42 69.2232  24147.948572  x:  0.32376   0.11989   0.13159   0.22858   0.11546   0.13391   0.08602   0.08747   0.02554   0.00455   0.47681   0.00000   0.02780   0.24021   0.48987   0.05401   0.02043   0.31030   0.04909   0.43871   0.44114   0.02140   0.54046   0.18121   0.65502   0.52737   0.22973   0.43527   0.09382   0.10169   0.12455   0.12962   0.32963   0.05031   0.35574   0.06490   0.38684   0.24075   0.69911   0.65481   0.86430   0.32815   2.02298   0.99999   0.39041   2.66969   4.70986  
 43 51.7359  24147.840229  x:  0.32413   0.11833   0.12988   0.22854   0.11428   0.13182   0.08736   0.08737   0.02558   0.00441   0.47476   0.00000   0.03081   0.24152   0.49042   0.05617   0.02081   0.31018   0.04934   0.43904   0.43958   0.02034   0.54067   0.18081   0.65515   0.52520   0.22933   0.43421   0.09139   0.10198   0.12422   0.12839   0.32773   0.04969   0.35752   0.06532   0.38494   0.24085   0.70074   0.65354   0.86738   0.32852   2.01229   0.99999   0.39020   2.66942   4.70986  
 44 42.5946  24147.771623  x:  0.32445   0.11942   0.12706   0.22854   0.11468   0.13206   0.08797   0.08841   0.02555   0.00442   0.47297   0.00000   0.03059   0.24140   0.49073   0.05437   0.02110   0.31032   0.04905   0.43854   0.43753   0.02112   0.54064   0.18029   0.65482   0.52249   0.22650   0.43309   0.09052   0.10482   0.12437   0.12852   0.32780   0.05205   0.35814   0.06478   0.38268   0.24105   0.70054   0.65413   0.87001   0.32884   2.00366   0.99999   0.38963   2.66925   4.70986  
 45 23.8357  24147.750402  x:  0.32439   0.12039   0.12707   0.22854   0.11538   0.13361   0.08754   0.08865   0.02551   0.00438   0.47280   0.00000   0.02985   0.24093   0.49076   0.05581   0.02090   0.31047   0.04931   0.43796   0.43678   0.02070   0.54042   0.18026   0.65444   0.52146   0.22571   0.43273   0.09001   0.10609   0.12389   0.12855   0.32832   0.05128   0.35741   0.06400   0.38184   0.24105   0.69951   0.65513   0.87109   0.32878   2.00030   0.99999   0.38921   2.66921   4.70986  
 46 13.8853  24147.737628  x:  0.32404   0.12066   0.12740   0.22828   0.11505   0.13471   0.08648   0.08842   0.02560   0.00438   0.47319   0.00000   0.03053   0.24102   0.49074   0.05494   0.02092   0.31049   0.04987   0.43723   0.43648   0.02090   0.54011   0.18045   0.65392   0.52101   0.22617   0.43266   0.08893   0.10650   0.12300   0.12868   0.32917   0.05050   0.35629   0.06434   0.38161   0.24130   0.69779   0.65648   0.87193   0.32843   1.99781   0.99999   0.38913   2.66918   4.70986  
 47  9.0168  24147.732119  x:  0.32372   0.12048   0.12732   0.22823   0.11479   0.13446   0.08647   0.08833   0.02558   0.00440   0.47366   0.00000   0.03023   0.24086   0.49059   0.05534   0.02092   0.31045   0.04974   0.43670   0.43645   0.02080   0.53988   0.18050   0.65356   0.52116   0.22685   0.43288   0.08837   0.10655   0.12274   0.12916   0.32967   0.05125   0.35582   0.06488   0.38181   0.24139   0.69639   0.65747   0.87240   0.32811   1.99657   0.99999   0.38917   2.66918   4.70986  
 48  5.9728  24147.728054  x:  0.32349   0.12042   0.12737   0.22845   0.11517   0.13370   0.08715   0.08834   0.02553   0.00440   0.47409   0.00000   0.03035   0.24098   0.49041   0.05518   0.02099   0.31037   0.04960   0.43634   0.43664   0.02086   0.53971   0.18043   0.65325   0.52165   0.22708   0.43324   0.08835   0.10657   0.12281   0.12962   0.32955   0.05104   0.35566   0.06430   0.38219   0.24099   0.69480   0.65844   0.87283   0.32789   1.99563   0.99999   0.38921   2.66920   4.70986  
 49  4.1905  24147.725074  x:  0.32356   0.12058   0.12761   0.22836   0.11486   0.13337   0.08701   0.08811   0.02554   0.00442   0.47413   0.00000   0.03030   0.24100   0.49028   0.05523   0.02091   0.31035   0.04987   0.43646   0.43698   0.02084   0.53970   0.18040   0.65314   0.52215   0.22630   0.43334   0.08881   0.10640   0.12295   0.12970   0.32904   0.05094   0.35616   0.06457   0.38263   0.24108   0.69346   0.65904   0.87318   0.32795   1.99512   0.99999   0.38908   2.66928   4.70986  
 50  2.3198  24147.720887  x:  0.32378   0.12042   0.12787   0.22833   0.11493   0.13401   0.08691   0.08897   0.02537   0.00437   0.47378   0.00000   0.03036   0.24095   0.49022   0.05519   0.02099   0.31042   0.04943   0.43686   0.43715   0.02085   0.53983   0.18045   0.65318   0.52252   0.22624   0.43322   0.08907   0.10551   0.12284   0.12939   0.32856   0.05117   0.35690   0.06453   0.38291   0.24121   0.69203   0.65935   0.87360   0.32818   1.99479   0.99999   0.38932   2.66941   4.70986  
 51  2.0767  24147.709074  x:  0.32427   0.12000   0.12661   0.22857   0.11534   0.13492   0.08620   0.08768   0.02538   0.00444   0.47292   0.00000   0.03042   0.24085   0.49029   0.05523   0.02092   0.31061   0.04910   0.43809   0.43733   0.02079   0.54029   0.18052   0.65364   0.52261   0.22724   0.43263   0.09000   0.10416   0.12326   0.12959   0.32865   0.05141   0.35753   0.06377   0.38281   0.24129   0.69001   0.65935   0.87455   0.32866   1.99464   0.99999   0.38916   2.66994   4.70986  
 52  2.3622  24147.669091  x:  0.32473   0.11970   0.12593   0.22789   0.11418   0.13527   0.08782   0.08895   0.02460   0.00432   0.47183   0.00000   0.03027   0.24091   0.49062   0.05529   0.02068   0.31058   0.05006   0.44041   0.43751   0.02079   0.54107   0.18037   0.65486   0.52146   0.22864   0.43199   0.09260   0.10351   0.12479   0.13122   0.33016   0.05005   0.35641   0.06482   0.38170   0.24153   0.68748   0.65845   0.87697   0.32912   1.99505   0.99999   0.38941   2.67175   4.70986  
 53  3.3715  24147.516792  x:  0.32460   0.11751   0.12919   0.22812   0.11698   0.13140   0.08692   0.08915   0.02240   0.00442   0.47146   0.00000   0.03021   0.24158   0.49175   0.05548   0.02074   0.31015   0.04826   0.44362   0.43684   0.02083   0.54244   0.18012   0.65795   0.51799   0.22515   0.43122   0.09423   0.10082   0.12429   0.13199   0.33405   0.04966   0.35208   0.06678   0.37839   0.24107   0.68335   0.65478   0.88434   0.32898   1.99735   0.99999   0.39215   2.67839   4.70986  
 54  9.1183  24147.236693  x:  0.32345   0.11838   0.13140   0.22787   0.11112   0.13031   0.08742   0.08998   0.01846   0.00416   0.47404   0.00000   0.02938   0.24144   0.49286   0.05504   0.02031   0.31019   0.04732   0.44289   0.43667   0.02036   0.54241   0.18106   0.65986   0.51650   0.22403   0.43249   0.09219   0.10047   0.12142   0.12973   0.33352   0.05203   0.35070   0.06204   0.37654   0.23908   0.68211   0.65072   0.89458   0.32783   2.00162   0.99999   0.38748   2.69121   4.70987  
 55 15.6700  24146.809447  x:  0.32170   0.12304   0.12778   0.22927   0.11350   0.13298   0.08654   0.09059   0.01214   0.00422   0.47665   0.00000   0.03032   0.24030   0.49276   0.05537   0.01962   0.30963   0.04986   0.43703   0.43688   0.02069   0.53977   0.18043   0.65786   0.51854   0.22727   0.43389   0.08862   0.10628   0.12160   0.12872   0.32629   0.05190   0.35463   0.06420   0.37862   0.24056   0.68532   0.64864   0.90533   0.32607   2.00656   0.99999   0.39387   2.70872   4.70987  
 56 26.9174  24146.716651  x:  0.32296   0.11996   0.12759   0.22752   0.11384   0.13308   0.08491   0.09194   0.01060   0.00419   0.47412   0.00000   0.02997   0.24101   0.49173   0.05530   0.01973   0.31030   0.04815   0.43610   0.43604   0.02053   0.53958   0.18085   0.65521   0.52135   0.22623   0.43285   0.08665   0.10670   0.12404   0.13176   0.32870   0.04981   0.35625   0.06390   0.38069   0.24107   0.68874   0.65243   0.90228   0.32732   2.00593   0.99999   0.39250   2.71226   4.70987  
 57 12.5192  24146.673828  x:  0.32415   0.11928   0.12879   0.22739   0.11341   0.13356   0.08665   0.09103   0.00994   0.00431   0.47221   0.00000   0.03011   0.24133   0.49101   0.05542   0.01943   0.31024   0.04988   0.43699   0.43598   0.02059   0.53986   0.18073   0.65355   0.52251   0.22574   0.43208   0.08697   0.10608   0.12337   0.13086   0.33090   0.05096   0.35612   0.06294   0.38129   0.24049   0.69060   0.65582   0.89730   0.32851   2.00440   0.99999   0.39414   2.71315   4.70987  
 58 11.8380  24146.643769  x:  0.32485   0.12034   0.12834   0.22862   0.11335   0.13196   0.08605   0.09170   0.00947   0.00428   0.47196   0.00000   0.03009   0.24106   0.49081   0.05543   0.01946   0.31014   0.04921   0.43820   0.43579   0.02054   0.54048   0.18070   0.65300   0.52240   0.22676   0.43166   0.08924   0.10568   0.12208   0.12877   0.33113   0.05069   0.35516   0.06364   0.38101   0.24034   0.69152   0.65878   0.89075   0.32921   2.00237   0.99999   0.39337   2.71335   4.70987  
 59 10.5651  24146.624840  x:  0.32393   0.11997   0.12834   0.22803   0.11314   0.13297   0.08641   0.09116   0.00927   0.00429   0.47350   0.00000   0.03026   0.24077   0.49119   0.05536   0.01958   0.30996   0.04811   0.43889   0.43596   0.02049   0.54080   0.18085   0.65395   0.52090   0.22632   0.43221   0.09003   0.10462   0.12277   0.12953   0.32922   0.05082   0.35448   0.06386   0.37980   0.24034   0.69126   0.65962   0.88383   0.32829   2.00033   0.99999   0.39334   2.71260   4.70988  
 60  6.9928  24146.620358  x:  0.32361   0.11971   0.12815   0.22795   0.11346   0.13277   0.08593   0.09169   0.00919   0.00425   0.47380   0.00000   0.03014   0.24079   0.49133   0.05538   0.01940   0.30997   0.04907   0.43895   0.43628   0.02050   0.54071   0.18079   0.65438   0.52053   0.22630   0.43231   0.08985   0.10433   0.12286   0.12985   0.32908   0.05104   0.35465   0.06352   0.37956   0.24037   0.69080   0.65915   0.88174   0.32797   1.99976   0.99999   0.39312   2.71211   4.70988  
 61  5.7504  24146.615808  x:  0.32350   0.12016   0.12825   0.22802   0.11332   0.13264   0.08608   0.09155   0.00913   0.00425   0.47340   0.00000   0.03003   0.24112   0.49147   0.05540   0.01943   0.31011   0.04888   0.43811   0.43626   0.02056   0.54019   0.18056   0.65498   0.52059   0.22635   0.43228   0.08962   0.10481   0.12260   0.12997   0.32996   0.05075   0.35544   0.06343   0.37978   0.24066   0.68937   0.65706   0.87902   0.32786   1.99911   0.99999   0.39300   2.71067   4.70988  
 62  3.0818  24146.614445  x:  0.32369   0.11997   0.12816   0.22800   0.11335   0.13269   0.08609   0.09157   0.00911   0.00425   0.47312   0.00000   0.03016   0.24079   0.49138   0.05537   0.01944   0.30993   0.04894   0.43801   0.43604   0.02043   0.54011   0.18109   0.65476   0.52091   0.22628   0.43210   0.08949   0.10518   0.12263   0.12993   0.32972   0.05083   0.35496   0.06357   0.37999   0.24024   0.68885   0.65622   0.87838   0.32805   1.99903   0.99999   0.39280   2.70943   4.70988  
 63  1.5777  24146.613116  x:  0.32383   0.11980   0.12819   0.22792   0.11332   0.13275   0.08602   0.09156   0.00909   0.00427   0.47306   0.00000   0.03017   0.24072   0.49114   0.05540   0.01943   0.30989   0.04896   0.43809   0.43582   0.02060   0.54019   0.18031   0.65426   0.52110   0.22630   0.43195   0.08937   0.10532   0.12268   0.12989   0.32938   0.05089   0.35448   0.06357   0.38008   0.24019   0.68859   0.65570   0.87812   0.32819   1.99906   0.99999   0.39245   2.70738   4.70988  
 64  1.7019  24146.606304  x:  0.32364   0.12018   0.12822   0.22788   0.11331   0.13253   0.08608   0.09157   0.00906   0.00435   0.47354   0.00000   0.02997   0.24153   0.48997   0.05539   0.01939   0.31017   0.04895   0.43865   0.43541   0.02044   0.54048   0.18098   0.65208   0.52083   0.22635   0.43176   0.08945   0.10505   0.12278   0.13000   0.32918   0.05092   0.35444   0.06317   0.37973   0.24137   0.68848   0.65503   0.87811   0.32799   1.99958   0.99999   0.39128   2.69425   4.70987  
 65  2.8400  24146.594769  x:  0.32320   0.12022   0.12822   0.22818   0.11317   0.13268   0.08591   0.09165   0.00902   0.00444   0.47361   0.00000   0.03047   0.24018   0.49013   0.05540   0.01936   0.30997   0.04882   0.43853   0.43604   0.02051   0.54042   0.18070   0.65179   0.52034   0.22631   0.43209   0.08971   0.10473   0.12266   0.13022   0.32999   0.05062   0.35584   0.06363   0.37944   0.23984   0.68907   0.65572   0.87865   0.32756   2.00043   0.99999   0.38908   2.67131   4.70987  
 66  9.6770  24146.588291  x:  0.32361   0.11992   0.12820   0.22762   0.11334   0.13270   0.08586   0.09167   0.00900   0.00446   0.47315   0.00000   0.03013   0.24099   0.49120   0.05544   0.01936   0.30995   0.04884   0.43801   0.43643   0.02050   0.54010   0.18079   0.65419   0.52079   0.22652   0.43220   0.08971   0.10525   0.12263   0.12981   0.32958   0.05079   0.35520   0.06343   0.37996   0.24040   0.68949   0.65693   0.87906   0.32797   2.00086   0.99999   0.38799   2.65857   4.70987  
 67  8.2657  24146.587657  x:  0.32373   0.12001   0.12826   0.22821   0.11316   0.13273   0.08586   0.09172   0.00899   0.00445   0.47327   0.00000   0.03015   0.24095   0.49133   0.05543   0.01934   0.31011   0.04890   0.43812   0.43620   0.02050   0.54018   0.18081   0.65456   0.52097   0.22646   0.43213   0.08946   0.10524   0.12274   0.13003   0.32953   0.05079   0.35512   0.06340   0.38005   0.24053   0.68955   0.65704   0.87905   0.32809   2.00087   0.99999   0.38799   2.65763   4.70987  
 68  1.4661  24146.586747  x:  0.32386   0.12041   0.12823   0.22781   0.11329   0.13262   0.08592   0.09171   0.00900   0.00446   0.47372   0.00000   0.03022   0.24077   0.49139   0.05542   0.01932   0.31023   0.04896   0.43853   0.43565   0.02050   0.54056   0.18082   0.65492   0.52134   0.22651   0.43204   0.08911   0.10530   0.12263   0.13014   0.32962   0.05076   0.35531   0.06341   0.38015   0.24046   0.68958   0.65711   0.87897   0.32822   2.00085   0.99999   0.38803   2.65736   4.70987  
 69  0.4646  24146.579041  x:  0.32333   0.11946   0.12813   0.22819   0.11310   0.13312   0.08556   0.09178   0.00910   0.00460   0.47434   0.00000   0.02991   0.24161   0.49098   0.05546   0.01938   0.30918   0.04889   0.43943   0.43530   0.02044   0.54202   0.18083   0.65525   0.52200   0.22661   0.43221   0.08892   0.10714   0.12244   0.12967   0.32989   0.05066   0.35614   0.06339   0.38027   0.24012   0.68967   0.65744   0.87813   0.32768   2.00067   0.99999   0.38845   2.65874   4.70986  
 70  0.4002  24146.537080  x:  0.32345   0.12021   0.12823   0.22764   0.11266   0.13252   0.08485   0.09179   0.00975   0.00539   0.47221   0.00000   0.03061   0.23976   0.49046   0.05545   0.01886   0.31149   0.04843   0.43838   0.43787   0.02041   0.54269   0.18101   0.65416   0.52173   0.22717   0.43285   0.08743   0.10866   0.12262   0.12982   0.32867   0.05066   0.35610   0.06259   0.38046   0.24098   0.69109   0.65887   0.87350   0.32781   1.99973   0.99999   0.39034   2.66825   4.70984  
 71  2.1696  24146.522316  x:  0.32410   0.12122   0.12787   0.22758   0.11248   0.13265   0.08453   0.09188   0.00998   0.00564   0.47248   0.00000   0.03008   0.24097   0.49062   0.05550   0.01897   0.30952   0.04877   0.43702   0.43669   0.02047   0.54019   0.18087   0.65362   0.52152   0.22720   0.43189   0.08763   0.10691   0.12295   0.13032   0.32823   0.05060   0.35623   0.06275   0.38055   0.23994   0.69186   0.65935   0.87199   0.32845   1.99940   0.99999   0.39068   2.67167   4.70983  
 72  4.9403  24146.520292  x:  0.32389   0.12056   0.12795   0.22753   0.11246   0.13262   0.08454   0.09185   0.01001   0.00567   0.47282   0.00000   0.03020   0.24062   0.49088   0.05547   0.01893   0.30990   0.04905   0.43659   0.43558   0.02050   0.53931   0.18087   0.65354   0.52165   0.22722   0.43158   0.08843   0.10679   0.12309   0.12997   0.32825   0.05059   0.35643   0.06263   0.38055   0.24019   0.69194   0.65946   0.87182   0.32825   1.99938   0.99999   0.39072   2.67215   4.70983  
 73  2.1140  24146.520264  x:  0.32386   0.12058   0.12794   0.22753   0.11246   0.13263   0.08453   0.09185   0.01001   0.00567   0.47274   0.00000   0.03019   0.24066   0.49088   0.05547   0.01892   0.30994   0.04909   0.43649   0.43547   0.02050   0.53941   0.18087   0.65354   0.52168   0.22722   0.43167   0.08848   0.10673   0.12309   0.12998   0.32823   0.05060   0.35641   0.06264   0.38053   0.24015   0.69194   0.65946   0.87182   0.32821   1.99937   0.99999   0.39072   2.67215   4.70983  
 74  0.2083  24146.520260  x:  0.32386   0.12058   0.12794   0.22753   0.11246   0.13263   0.08453   0.09185   0.01001   0.00567   0.47274   0.00000   0.03020   0.24063   0.49088   0.05547   0.01893   0.30990   0.04909   0.43646   0.43546   0.02050   0.53945   0.18087   0.65354   0.52169   0.22722   0.43167   0.08848   0.10671   0.12309   0.12998   0.32824   0.05060   0.35641   0.06263   0.38053   0.24018   0.69194   0.65946   0.87182   0.32822   1.99937   0.99999   0.39072   2.67215   4.70983  
 75  0.0536  24146.520234  x:  0.32390   0.12056   0.12794   0.22753   0.11246   0.13264   0.08454   0.09185   0.01002   0.00567   0.47283   0.00000   0.03019   0.24065   0.49085   0.05547   0.01892   0.30995   0.04911   0.43633   0.43550   0.02050   0.53955   0.18087   0.65354   0.52166   0.22723   0.43157   0.08850   0.10672   0.12310   0.12997   0.32823   0.05060   0.35643   0.06264   0.38054   0.24015   0.69196   0.65946   0.87182   0.32826   1.99937   0.99999   0.39073   2.67210   4.70983  
 76  0.0237  24146.519332  x:  0.32382   0.12070   0.12783   0.22753   0.11245   0.13282   0.08446   0.09179   0.01011   0.00557   0.47290   0.00000   0.03029   0.24064   0.49050   0.05549   0.01886   0.30990   0.04910   0.43622   0.43545   0.02056   0.53943   0.18082   0.65317   0.52191   0.22731   0.43184   0.08825   0.10715   0.12313   0.12983   0.32806   0.05060   0.35668   0.06260   0.38095   0.24021   0.69270   0.65956   0.87161   0.32818   1.99934   0.99999   0.39077   2.67041   4.70976  
 77  0.0531  24146.519299  x:  0.32378   0.12072   0.12782   0.22754   0.11245   0.13283   0.08446   0.09179   0.01011   0.00556   0.47290   0.00000   0.03028   0.24066   0.49065   0.05549   0.01886   0.30990   0.04909   0.43622   0.43550   0.02056   0.53944   0.18082   0.65310   0.52205   0.22731   0.43176   0.08825   0.10717   0.12309   0.12986   0.32804   0.05061   0.35668   0.06261   0.38083   0.24022   0.69273   0.65955   0.87160   0.32815   1.99933   0.99999   0.39077   2.67035   4.70976  
 78  0.2236  24146.519298  x:  0.32379   0.12072   0.12782   0.22754   0.11245   0.13283   0.08446   0.09179   0.01011   0.00556   0.47291   0.00000   0.03028   0.24066   0.49068   0.05549   0.01886   0.30990   0.04909   0.43622   0.43550   0.02056   0.53945   0.18082   0.65308   0.52205   0.22731   0.43178   0.08825   0.10717   0.12310   0.12985   0.32804   0.05061   0.35669   0.06261   0.38083   0.24022   0.69272   0.65955   0.87160   0.32815   1.99933   0.99999   0.39077   2.67035   4.70976  
 79  0.0324  24146.519298  x:  0.32379   0.12072   0.12782   0.22754   0.11245   0.13283   0.08446   0.09179   0.01011   0.00556   0.47291   0.00000   0.03028   0.24066   0.49069   0.05549   0.01886   0.30990   0.04909   0.43622   0.43550   0.02056   0.53945   0.18082   0.65308   0.52204   0.22731   0.43177   0.08825   0.10717   0.12309   0.12986   0.32804   0.05061   0.35669   0.06260   0.38085   0.24022   0.69273   0.65955   0.87160   0.32815   1.99933   0.99999   0.39077   2.67035   4.70976  
 80  0.0042  24146.519283  x:  0.32374   0.12076   0.12782   0.22753   0.11244   0.13283   0.08446   0.09181   0.01008   0.00557   0.47290   0.00000   0.03028   0.24067   0.49070   0.05549   0.01886   0.30989   0.04909   0.43621   0.43549   0.02056   0.53945   0.18082   0.65308   0.52205   0.22731   0.43173   0.08822   0.10719   0.12314   0.12982   0.32803   0.05061   0.35669   0.06260   0.38089   0.24021   0.69275   0.65953   0.87171   0.32810   1.99937   0.99999   0.39079   2.67047   4.70973  
 81  0.0029  24146.519273  x:  0.32378   0.12075   0.12782   0.22753   0.11243   0.13284   0.08445   0.09182   0.01007   0.00558   0.47294   0.00000   0.03028   0.24067   0.49068   0.05550   0.01886   0.30989   0.04909   0.43618   0.43549   0.02057   0.53944   0.18082   0.65308   0.52207   0.22732   0.43179   0.08823   0.10722   0.12310   0.12985   0.32801   0.05061   0.35671   0.06259   0.38085   0.24022   0.69277   0.65951   0.87179   0.32814   1.99939   0.99999   0.39082   2.67055   4.70970  
 82  0.0974  24146.519272  x:  0.32378   0.12075   0.12783   0.22753   0.11243   0.13283   0.08445   0.09182   0.01007   0.00558   0.47294   0.00000   0.03029   0.24067   0.49068   0.05550   0.01886   0.30989   0.04909   0.43619   0.43549   0.02057   0.53944   0.18082   0.65309   0.52207   0.22732   0.43179   0.08823   0.10722   0.12310   0.12985   0.32801   0.05062   0.35671   0.06259   0.38085   0.24021   0.69278   0.65951   0.87179   0.32814   1.99939   0.99999   0.39082   2.67056   4.70962  
 83  0.0001  24146.519272  x:  0.32378   0.12075   0.12783   0.22753   0.11243   0.13283   0.08445   0.09182   0.01007   0.00558   0.47294   0.00000   0.03029   0.24067   0.49069   0.05550   0.01886   0.30989   0.04909   0.43619   0.43549   0.02057   0.53944   0.18082   0.65309   0.52207   0.22732   0.43179   0.08823   0.10722   0.12310   0.12985   0.32801   0.05062   0.35671   0.06259   0.38085   0.24021   0.69277   0.65951   0.87179   0.32814   1.99939   0.99999   0.39082   2.67056   4.70923  
 84  0.0001  24146.519272  x:  0.32378   0.12075   0.12783   0.22753   0.11243   0.13283   0.08445   0.09182   0.01007   0.00557   0.47294   0.00000   0.03029   0.24067   0.49068   0.05550   0.01886   0.30989   0.04909   0.43619   0.43549   0.02057   0.53944   0.18082   0.65309   0.52207   0.22732   0.43179   0.08823   0.10722   0.12310   0.12985   0.32801   0.05062   0.35671   0.06259   0.38085   0.24021   0.69277   0.65951   0.87179   0.32814   1.99939   0.99999   0.39082   2.67056   4.70656  
 85  0.0003  24146.519268  x:  0.32373   0.12075   0.12782   0.22753   0.11243   0.13284   0.08445   0.09183   0.01007   0.00557   0.47293   0.00000   0.03028   0.24067   0.49068   0.05549   0.01889   0.30989   0.04909   0.43618   0.43549   0.02056   0.53944   0.18082   0.65308   0.52207   0.22732   0.43179   0.08823   0.10721   0.12310   0.12985   0.32801   0.05062   0.35670   0.06259   0.38085   0.24021   0.69278   0.65951   0.87178   0.32819   1.99940   0.99999   0.39082   2.67053   4.60468  
 86  0.0388  24146.519198  x:  0.32346   0.12075   0.12782   0.22752   0.11243   0.13284   0.08444   0.09183   0.01007   0.00557   0.47293   0.00000   0.03028   0.24066   0.49067   0.05549   0.01891   0.30989   0.04909   0.43617   0.43548   0.02056   0.53943   0.18081   0.65307   0.52207   0.22732   0.43179   0.08824   0.10721   0.12310   0.12985   0.32801   0.05062   0.35670   0.06258   0.38085   0.24020   0.69277   0.65951   0.87176   0.32845   1.99942   0.99999   0.39083   2.67052   4.07870  
 87  0.0657  24146.519198  x:  0.32346   0.12075   0.12782   0.22752   0.11243   0.13284   0.08444   0.09183   0.01007   0.00557   0.47293   0.00000   0.03028   0.24066   0.49067   0.05549   0.01891   0.30989   0.04909   0.43617   0.43548   0.02056   0.53943   0.18081   0.65307   0.52207   0.22732   0.43179   0.08824   0.10721   0.12310   0.12985   0.32801   0.05062   0.35670   0.06258   0.38085   0.24020   0.69277   0.65951   0.87176   0.32845   1.99942   0.99999   0.39083   2.67052   4.07870  
 88  0.8625  24146.519184  x:  0.32435   0.12075   0.12782   0.22753   0.11243   0.13284   0.08444   0.09182   0.01007   0.00557   0.47293   0.00000   0.03028   0.24067   0.49068   0.05550   0.01886   0.30988   0.04909   0.43618   0.43548   0.02057   0.53943   0.18082   0.65308   0.52206   0.22732   0.43178   0.08823   0.10721   0.12310   0.12984   0.32801   0.05061   0.35670   0.06259   0.38084   0.24021   0.69277   0.65950   0.87177   0.32757   1.99941   0.99999   0.39083   2.67074   4.08478  
 89  0.0053  24146.519184  x:  0.32435   0.12075   0.12782   0.22753   0.11243   0.13284   0.08444   0.09182   0.01007   0.00557   0.47293   0.00000   0.03028   0.24067   0.49068   0.05550   0.01886   0.30988   0.04909   0.43618   0.43548   0.02057   0.53943   0.18082   0.65308   0.52206   0.22732   0.43178   0.08823   0.10721   0.12310   0.12984   0.32801   0.05061   0.35670   0.06259   0.38084   0.24021   0.69277   0.65950   0.87177   0.32757   1.99941   0.99999   0.39083   2.67074   4.08478  
 90  0.0087  24146.519183  x:  0.32394   0.12075   0.12783   0.22753   0.11243   0.13283   0.08445   0.09182   0.01007   0.00558   0.47293   0.00000   0.03028   0.24067   0.49068   0.05550   0.01886   0.30988   0.04909   0.43618   0.43549   0.02057   0.53943   0.18082   0.65308   0.52206   0.22732   0.43178   0.08823   0.10722   0.12310   0.12984   0.32801   0.05061   0.35670   0.06259   0.38084   0.24021   0.69277   0.65950   0.87178   0.32797   1.99938   0.99999   0.39080   2.67045   4.08167  
 91  0.0026  24146.519181  x:  0.32648   0.12074   0.12783   0.22753   0.11243   0.13283   0.08445   0.09182   0.01007   0.00558   0.47293   0.00000   0.03029   0.24067   0.49068   0.05550   0.01886   0.30988   0.04909   0.43618   0.43549   0.02057   0.53943   0.18082   0.65308   0.52206   0.22732   0.43178   0.08823   0.10722   0.12310   0.12985   0.32801   0.05061   0.35670   0.06259   0.38084   0.24021   0.69277   0.65951   0.87178   0.32543   1.99938   0.99999   0.39080   2.67045   4.07560  
 92  0.0009  24146.518898  x:  0.65188   0.12071   0.12782   0.22753   0.11246   0.13289   0.08448   0.09173   0.01007   0.00563   0.47295   0.00000   0.03036   0.24065   0.49061   0.05552   0.01893   0.30990   0.04910   0.43614   0.43554   0.02060   0.53949   0.18082   0.65297   0.52226   0.22736   0.43181   0.08825   0.10731   0.12305   0.12989   0.32802   0.05065   0.35674   0.06259   0.38086   0.24029   0.69274   0.65966   0.87166   0.00000   1.99938   0.99999   0.39083   2.67009   3.29964  
 93  0.5121  24146.518898  x:  0.65188   0.12071   0.12782   0.22753   0.11246   0.13289   0.08448   0.09173   0.01007   0.00563   0.47295   0.00000   0.03036   0.24065   0.49061   0.05552   0.01893   0.30990   0.04910   0.43614   0.43554   0.02060   0.53949   0.18082   0.65297   0.52226   0.22736   0.43181   0.08825   0.10731   0.12305   0.12989   0.32802   0.05065   0.35674   0.06259   0.38086   0.24029   0.69274   0.65966   0.87166   0.00000   1.99938   0.99999   0.39083   2.67009   3.29964  
 94  0.9290  24146.518898  x:  0.65188   0.12071   0.12782   0.22753   0.11246   0.13289   0.08448   0.09173   0.01007   0.00563   0.47295   0.00000   0.03036   0.24065   0.49061   0.05552   0.01893   0.30990   0.04910   0.43614   0.43554   0.02060   0.53949   0.18082   0.65297   0.52226   0.22736   0.43181   0.08825   0.10731   0.12305   0.12989   0.32802   0.05065   0.35674   0.06259   0.38086   0.24029   0.69274   0.65966   0.87166   0.00000   1.99938   0.99999   0.39083   2.67009   3.29964  
 95  0.1118  24146.518821  x:  0.65188   0.12071   0.12782   0.22753   0.11246   0.13288   0.08448   0.09174   0.01006   0.00556   0.47295   0.00000   0.03035   0.24064   0.49061   0.05551   0.01889   0.30990   0.04909   0.43614   0.43554   0.02058   0.53949   0.18081   0.65298   0.52225   0.22736   0.43181   0.08825   0.10730   0.12305   0.12988   0.32802   0.05064   0.35674   0.06259   0.38086   0.24029   0.69274   0.65966   0.87166   0.00000   1.99938   0.99999   0.39083   2.67009   3.29964  
 96  1.8296  24146.518783  x:  0.65188   0.12071   0.12782   0.22753   0.11245   0.13287   0.08446   0.09178   0.01008   0.00558   0.47295   0.00000   0.03031   0.24064   0.49062   0.05549   0.01884   0.30989   0.04908   0.43615   0.43553   0.02056   0.53948   0.18081   0.65299   0.52223   0.22735   0.43181   0.08824   0.10729   0.12305   0.12988   0.32802   0.05062   0.35673   0.06258   0.38086   0.24027   0.69274   0.65965   0.87166   0.00001   1.99938   0.99999   0.39082   2.67009   3.29964  
 97  0.9457  24146.518756  x:  0.65189   0.12072   0.12781   0.22753   0.11243   0.13284   0.08443   0.09183   0.01005   0.00558   0.47295   0.00000   0.03027   0.24064   0.49063   0.05549   0.01886   0.30989   0.04909   0.43616   0.43552   0.02057   0.53947   0.18082   0.65301   0.52218   0.22733   0.43180   0.08822   0.10725   0.12305   0.12986   0.32801   0.05060   0.35672   0.06257   0.38085   0.24023   0.69274   0.65963   0.87167   0.00001   1.99938   0.99999   0.39078   2.67010   3.29964  
 98  0.5378  24146.518747  x:  0.65189   0.12073   0.12782   0.22753   0.11242   0.13283   0.08443   0.09184   0.01007   0.00557   0.47294   0.00000   0.03029   0.24066   0.49064   0.05550   0.01887   0.30988   0.04909   0.43617   0.43550   0.02056   0.53945   0.18082   0.65302   0.52214   0.22732   0.43179   0.08822   0.10723   0.12307   0.12985   0.32801   0.05060   0.35671   0.06258   0.38085   0.24021   0.69275   0.65960   0.87168   0.00001   1.99939   0.99999   0.39076   2.67011   3.29964  
 99  0.3435  24146.518739  x:  0.65189   0.12075   0.12783   0.22753   0.11243   0.13283   0.08444   0.09183   0.01006   0.00558   0.47293   0.00000   0.03030   0.24067   0.49065   0.05550   0.01886   0.30988   0.04908   0.43618   0.43549   0.02056   0.53944   0.18081   0.65304   0.52209   0.22730   0.43178   0.08821   0.10722   0.12308   0.12985   0.32801   0.05062   0.35670   0.06260   0.38084   0.24020   0.69275   0.65958   0.87169   0.00001   1.99939   0.99999   0.39076   2.67011   3.29963  
100  0.4474  24146.518736  x:  0.65189   0.12075   0.12783   0.22753   0.11243   0.13283   0.08444   0.09182   0.01007   0.00558   0.47293   0.00000   0.03028   0.24067   0.49066   0.05549   0.01886   0.30987   0.04908   0.43618   0.43548   0.02057   0.53943   0.18081   0.65305   0.52206   0.22730   0.43178   0.08822   0.10721   0.12309   0.12984   0.32800   0.05062   0.35670   0.06260   0.38084   0.24019   0.69275   0.65956   0.87170   0.00000   1.99939   0.99999   0.39077   2.67011   3.29963  
101  0.2431  24146.518735  x:  0.65189   0.12075   0.12783   0.22753   0.11243   0.13283   0.08445   0.09182   0.01007   0.00558   0.47292   0.00000   0.03028   0.24066   0.49066   0.05550   0.01886   0.30988   0.04909   0.43618   0.43548   0.02056   0.53943   0.18081   0.65306   0.52205   0.22731   0.43177   0.08822   0.10721   0.12309   0.12984   0.32800   0.05061   0.35669   0.06260   0.38084   0.24020   0.69275   0.65954   0.87170   0.00000   1.99939   0.99999   0.39077   2.67012   3.29963  
102  0.1130  24146.518734  x:  0.65189   0.12075   0.12782   0.22753   0.11243   0.13283   0.08445   0.09182   0.01007   0.00558   0.47292   0.00000   0.03029   0.24066   0.49067   0.05550   0.01886   0.30988   0.04909   0.43618   0.43548   0.02057   0.53942   0.18081   0.65306   0.52204   0.22732   0.43177   0.08823   0.10721   0.12310   0.12984   0.32800   0.05061   0.35669   0.06259   0.38084   0.24020   0.69275   0.65952   0.87171   0.00000   1.99940   0.99999   0.39077   2.67012   3.29963  
103  0.1049  24146.518733  x:  0.65189   0.12074   0.12782   0.22753   0.11243   0.13283   0.08444   0.09182   0.01007   0.00558   0.47292   0.00000   0.03029   0.24066   0.49067   0.05549   0.01886   0.30988   0.04909   0.43618   0.43548   0.02057   0.53942   0.18081   0.65307   0.52204   0.22732   0.43177   0.08823   0.10721   0.12310   0.12984   0.32800   0.05061   0.35670   0.06259   0.38084   0.24021   0.69275   0.65951   0.87172   0.00000   1.99940   0.99999   0.39077   2.67013   3.29963  
104  0.0612  24146.518733  x:  0.65189   0.12074   0.12783   0.22753   0.11243   0.13283   0.08444   0.09182   0.01007   0.00558   0.47292   0.00000   0.03028   0.24066   0.49067   0.05550   0.01886   0.30988   0.04909   0.43617   0.43548   0.02057   0.53942   0.18081   0.65307   0.52205   0.22731   0.43177   0.08823   0.10721   0.12309   0.12984   0.32800   0.05062   0.35670   0.06259   0.38084   0.24021   0.69275   0.65949   0.87173   0.00000   1.99940   0.99999   0.39077   2.67014   3.29963  
105  0.0422  24146.518733  x:  0.65189   0.12074   0.12783   0.22753   0.11243   0.13283   0.08444   0.09182   0.01007   0.00558   0.47292   0.00000   0.03029   0.24066   0.49067   0.05550   0.01886   0.30988   0.04909   0.43617   0.43548   0.02057   0.53942   0.18081   0.65307   0.52205   0.22731   0.43178   0.08823   0.10721   0.12309   0.12984   0.32800   0.05061   0.35670   0.06259   0.38084   0.24021   0.69275   0.65948   0.87174   0.00000   1.99940   0.99999   0.39077   2.67015   3.29963  
106  0.0417  24146.518733  x:  0.65189   0.12074   0.12782   0.22753   0.11243   0.13283   0.08445   0.09182   0.01007   0.00558   0.47292   0.00000   0.03028   0.24066   0.49067   0.05550   0.01886   0.30988   0.04909   0.43617   0.43548   0.02057   0.53942   0.18081   0.65307   0.52206   0.22731   0.43178   0.08823   0.10722   0.12309   0.12984   0.32800   0.05061   0.35670   0.06259   0.38084   0.24020   0.69276   0.65948   0.87175   0.00000   1.99941   0.99999   0.39077   2.67016   3.29963  
107  0.0327  24146.518733  x:  0.65189   0.12074   0.12782   0.22753   0.11243   0.13283   0.08444   0.09182   0.01007   0.00558   0.47292   0.00000   0.03029   0.24066   0.49067   0.05550   0.01886   0.30988   0.04909   0.43617   0.43548   0.02057   0.53942   0.18081   0.65306   0.52206   0.22732   0.43178   0.08823   0.10721   0.12310   0.12984   0.32800   0.05061   0.35670   0.06259   0.38084   0.24020   0.69276   0.65948   0.87177   0.00000   1.99941   0.99999   0.39078   2.67019   3.29962  
108  0.0314  24146.518732  x:  0.65189   0.12075   0.12783   0.22753   0.11243   0.13283   0.08444   0.09182   0.01007   0.00558   0.47292   0.00000   0.03029   0.24066   0.49067   0.05550   0.01886   0.30988   0.04909   0.43618   0.43548   0.02057   0.53943   0.18081   0.65306   0.52206   0.22732   0.43178   0.08822   0.10721   0.12310   0.12984   0.32800   0.05061   0.35669   0.06259   0.38084   0.24021   0.69276   0.65949   0.87179   0.00000   1.99941   0.99999   0.39078   2.67023   3.29962  
109  0.0498  24146.518732  x:  0.65189   0.12074   0.12782   0.22753   0.11243   0.13283   0.08444   0.09182   0.01007   0.00558   0.47292   0.00000   0.03029   0.24066   0.49067   0.05550   0.01886   0.30988   0.04909   0.43618   0.43548   0.02057   0.53942   0.18081   0.65306   0.52205   0.22731   0.43177   0.08822   0.10722   0.12310   0.12984   0.32800   0.05061   0.35670   0.06259   0.38084   0.24021   0.69276   0.65950   0.87180   0.00000   1.99941   0.99999   0.39079   2.67027   3.29961  
110  0.0591  24146.518732  x:  0.65189   0.12074   0.12782   0.22753   0.11243   0.13283   0.08445   0.09182   0.01007   0.00558   0.47292   0.00000   0.03029   0.24066   0.49067   0.05550   0.01886   0.30988   0.04909   0.43618   0.43548   0.02057   0.53942   0.18081   0.65306   0.52205   0.22731   0.43178   0.08823   0.10722   0.12310   0.12984   0.32800   0.05061   0.35670   0.06259   0.38084   0.24021   0.69276   0.65950   0.87181   0.00000   1.99941   0.99999   0.39079   2.67031   3.29961  
111  0.0545  24146.518732  x:  0.65189   0.12074   0.12782   0.22753   0.11243   0.13283   0.08445   0.09182   0.01007   0.00558   0.47292   0.00000   0.03028   0.24066   0.49067   0.05550   0.01886   0.30988   0.04908   0.43617   0.43548   0.02057   0.53942   0.18081   0.65307   0.52205   0.22731   0.43178   0.08823   0.10721   0.12309   0.12984   0.32800   0.05062   0.35670   0.06259   0.38084   0.24020   0.69276   0.65951   0.87181   0.00000   1.99941   0.99999   0.39080   2.67037   3.29960  
112  0.0662  24146.518731  x:  0.65190   0.12074   0.12783   0.22753   0.11243   0.13283   0.08444   0.09182   0.01007   0.00558   0.47292   0.00000   0.03028   0.24066   0.49067   0.05550   0.01886   0.30988   0.04909   0.43617   0.43548   0.02057   0.53942   0.18081   0.65307   0.52205   0.22732   0.43178   0.08823   0.10721   0.12309   0.12985   0.32800   0.05061   0.35670   0.06259   0.38083   0.24020   0.69276   0.65951   0.87180   0.00000   1.99940   0.99999   0.39080   2.67045   3.29958  
113  0.0778  24146.518731  x:  0.65190   0.12074   0.12783   0.22753   0.11243   0.13283   0.08444   0.09182   0.01007   0.00558   0.47292   0.00000   0.03029   0.24066   0.49067   0.05550   0.01886   0.30988   0.04909   0.43617   0.43548   0.02057   0.53942   0.18081   0.65307   0.52206   0.22731   0.43178   0.08823   0.10721   0.12310   0.12985   0.32800   0.05061   0.35670   0.06259   0.38084   0.24021   0.69276   0.65950   0.87178   0.00000   1.99940   0.99999   0.39082   2.67055   3.29957  
114  0.1020  24146.518731  x:  0.65190   0.12074   0.12782   0.22753   0.11243   0.13283   0.08444   0.09182   0.01007   0.00558   0.47292   0.00000   0.03029   0.24066   0.49067   0.05550   0.01886   0.30988   0.04909   0.43617   0.43548   0.02057   0.53942   0.18081   0.65307   0.52206   0.22731   0.43178   0.08823   0.10721   0.12310   0.12984   0.32800   0.05061   0.35670   0.06259   0.38084   0.24021   0.69276   0.65950   0.87177   0.00000   1.99939   0.99999   0.39081   2.67058   3.29956  
115  0.0557  24146.518731  x:  0.65189   0.12074   0.12782   0.22753   0.11243   0.13283   0.08444   0.09182   0.01007   0.00558   0.47292   0.00000   0.03029   0.24066   0.49067   0.05550   0.01886   0.30988   0.04909   0.43617   0.43548   0.02057   0.53942   0.18081   0.65307   0.52205   0.22731   0.43177   0.08823   0.10721   0.12310   0.12984   0.32800   0.05061   0.35670   0.06259   0.38084   0.24021   0.69275   0.65949   0.87176   0.00000   1.99939   0.99999   0.39082   2.67060   3.29956  
116  0.0284  24146.518731  x:  0.65189   0.12074   0.12782   0.22753   0.11243   0.13283   0.08444   0.09182   0.01007   0.00558   0.47292   0.00000   0.03029   0.24066   0.49067   0.05550   0.01886   0.30988   0.04909   0.43617   0.43548   0.02057   0.53942   0.18081   0.65307   0.52205   0.22731   0.43177   0.08823   0.10721   0.12310   0.12984   0.32800   0.05061   0.35670   0.06259   0.38084   0.24021   0.69275   0.65949   0.87176   0.00000   1.99939   0.99999   0.39082   2.67060   3.29955  
117  0.0057  24146.518731  x:  0.65189   0.12074   0.12782   0.22753   0.11243   0.13283   0.08444   0.09182   0.01007   0.00558   0.47292   0.00000   0.03029   0.24066   0.49067   0.05550   0.01886   0.30988   0.04909   0.43617   0.43548   0.02057   0.53942   0.18081   0.65306   0.52205   0.22731   0.43177   0.08823   0.10721   0.12309   0.12984   0.32800   0.05061   0.35670   0.06259   0.38084   0.24021   0.69275   0.65949   0.87176   0.00000   1.99939   0.99999   0.39082   2.67060   3.29955  
118  0.0040  24146.518731  x:  0.65189   0.12074   0.12782   0.22753   0.11243   0.13283   0.08444   0.09182   0.01007   0.00558   0.47292   0.00000   0.03029   0.24066   0.49067   0.05550   0.01886   0.30988   0.04909   0.43617   0.43548   0.02057   0.53942   0.18081   0.65306   0.52205   0.22731   0.43178   0.08823   0.10721   0.12309   0.12984   0.32800   0.05061   0.35670   0.06259   0.38084   0.24021   0.69275   0.65949   0.87176   0.00000   1.99939   0.99999   0.39082   2.67060   3.29955  
119  0.0024  24146.518731  x:  0.65189   0.12074   0.12782   0.22753   0.11243   0.13283   0.08444   0.09182   0.01007   0.00558   0.47292   0.00000   0.03029   0.24066   0.49067   0.05550   0.01886   0.30988   0.04909   0.43617   0.43548   0.02057   0.53942   0.18081   0.65306   0.52205   0.22731   0.43177   0.08823   0.10721   0.12310   0.12984   0.32800   0.05061   0.35670   0.06259   0.38084   0.24021   0.69275   0.65949   0.87176   0.00000   1.99940   0.99999   0.39082   2.67060   3.29953  
120  0.0049  24146.518731  x:  0.65189   0.12074   0.12782   0.22753   0.11243   0.13283   0.08444   0.09182   0.01007   0.00558   0.47292   0.00000   0.03029   0.24066   0.49067   0.05550   0.01886   0.30988   0.04909   0.43617   0.43548   0.02057   0.53942   0.18081   0.65306   0.52205   0.22731   0.43177   0.08823   0.10721   0.12310   0.12984   0.32800   0.05061   0.35670   0.06259   0.38084   0.24021   0.69275   0.65949   0.87176   0.00001   1.99941   0.99999   0.39082   2.67060   3.29945  
121  0.0165  24146.518731  x:  0.65188   0.12074   0.12782   0.22753   0.11243   0.13283   0.08444   0.09182   0.01007   0.00558   0.47292   0.00000   0.03029   0.24066   0.49067   0.05550   0.01886   0.30988   0.04909   0.43617   0.43548   0.02057   0.53942   0.18081   0.65307   0.52205   0.22731   0.43177   0.08823   0.10721   0.12310   0.12984   0.32801   0.05061   0.35670   0.06259   0.38084   0.24020   0.69275   0.65949   0.87176   0.00001   1.99942   0.99999   0.39082   2.67060   3.29935  
122  0.0517  24146.518731  x:  0.65188   0.12074   0.12782   0.22753   0.11243   0.13283   0.08444   0.09182   0.01007   0.00558   0.47292   0.00000   0.03028   0.24066   0.49067   0.05550   0.01886   0.30988   0.04909   0.43618   0.43548   0.02057   0.53943   0.18081   0.65307   0.52205   0.22731   0.43177   0.08823   0.10721   0.12309   0.12984   0.32800   0.05061   0.35670   0.06259   0.38084   0.24021   0.69275   0.65949   0.87176   0.00001   1.99943   0.99999   0.39082   2.67060   3.29916  
123  0.1536  24146.518730  x:  0.65188   0.12074   0.12782   0.22753   0.11243   0.13283   0.08444   0.09182   0.01007   0.00558   0.47292   0.00000   0.03028   0.24066   0.49067   0.05550   0.01886   0.30988   0.04909   0.43618   0.43548   0.02057   0.53943   0.18081   0.65307   0.52205   0.22731   0.43178   0.08823   0.10721   0.12309   0.12984   0.32800   0.05061   0.35670   0.06259   0.38084   0.24021   0.69275   0.65949   0.87176   0.00000   1.99943   0.99999   0.39082   2.67060   3.29897  
124  0.2555  24146.518728  x:  0.65194   0.12074   0.12782   0.22753   0.11243   0.13283   0.08445   0.09181   0.01007   0.00557   0.47292   0.00000   0.03029   0.24065   0.49067   0.05549   0.01886   0.30987   0.04908   0.43618   0.43549   0.02057   0.53942   0.18083   0.65308   0.52205   0.22731   0.43178   0.08823   0.10722   0.12309   0.12984   0.32800   0.05061   0.35669   0.06260   0.38083   0.24020   0.69278   0.65949   0.87175   0.00000   1.99947   0.99999   0.39083   2.67060   3.29532  
125  1.6789  24146.518725  x:  0.65198   0.12075   0.12783   0.22751   0.11243   0.13283   0.08445   0.09181   0.01007   0.00557   0.47292   0.00000   0.03027   0.24067   0.49067   0.05549   0.01886   0.30988   0.04908   0.43618   0.43548   0.02058   0.53942   0.18081   0.65308   0.52204   0.22731   0.43177   0.08823   0.10722   0.12309   0.12983   0.32801   0.05061   0.35671   0.06259   0.38084   0.24021   0.69279   0.65949   0.87174   0.00000   1.99949   0.99999   0.39083   2.67061   3.29043  
126  2.3801  24146.518718  x:  0.65196   0.12074   0.12783   0.22755   0.11243   0.13284   0.08446   0.09179   0.01008   0.00557   0.47292   0.00000   0.03026   0.24067   0.49067   0.05549   0.01886   0.30988   0.04909   0.43617   0.43544   0.02058   0.53941   0.18083   0.65306   0.52202   0.22732   0.43176   0.08824   0.10719   0.12312   0.12985   0.32800   0.05061   0.35671   0.06260   0.38084   0.24021   0.69278   0.65947   0.87176   0.00000   1.99946   0.99999   0.39085   2.67061   3.27926  
127  3.5515  24146.518713  x:  0.65191   0.12075   0.12783   0.22753   0.11244   0.13284   0.08447   0.09178   0.01008   0.00556   0.47291   0.00000   0.03027   0.24064   0.49068   0.05549   0.01887   0.30987   0.04909   0.43617   0.43544   0.02059   0.53941   0.18082   0.65306   0.52201   0.22731   0.43176   0.08826   0.10719   0.12311   0.12984   0.32799   0.05062   0.35669   0.06260   0.38084   0.24020   0.69276   0.65946   0.87178   0.00000   1.99941   0.99999   0.39085   2.67061   3.27007  
128  7.5463  24146.518712  x:  0.65189   0.12075   0.12783   0.22752   0.11244   0.13284   0.08447   0.09178   0.01008   0.00556   0.47291   0.00000   0.03026   0.24065   0.49068   0.05549   0.01887   0.30987   0.04909   0.43617   0.43546   0.02059   0.53940   0.18083   0.65308   0.52200   0.22731   0.43177   0.08824   0.10720   0.12311   0.12984   0.32801   0.05062   0.35668   0.06260   0.38083   0.24021   0.69275   0.65945   0.87178   0.00000   1.99939   0.99999   0.39085   2.67061   3.26820  
129  1.2900  24146.518711  x:  0.65189   0.12075   0.12783   0.22752   0.11244   0.13284   0.08447   0.09178   0.01008   0.00556   0.47291   0.00000   0.03026   0.24065   0.49068   0.05549   0.01887   0.30987   0.04909   0.43618   0.43546   0.02059   0.53940   0.18083   0.65308   0.52201   0.22731   0.43176   0.08824   0.10721   0.12312   0.12984   0.32800   0.05062   0.35669   0.06260   0.38083   0.24020   0.69275   0.65945   0.87178   0.00000   1.99939   0.99999   0.39085   2.67061   3.26791  
130  0.1834  24146.518711  x:  0.65188   0.12075   0.12783   0.22752   0.11244   0.13283   0.08447   0.09178   0.01008   0.00556   0.47292   0.00000   0.03026   0.24065   0.49068   0.05549   0.01887   0.30986   0.04909   0.43619   0.43545   0.02059   0.53939   0.18083   0.65309   0.52201   0.22731   0.43177   0.08823   0.10722   0.12312   0.12984   0.32799   0.05062   0.35669   0.06260   0.38084   0.24021   0.69276   0.65945   0.87178   0.00000   1.99939   0.99999   0.39085   2.67061   3.26670  
131  0.1534  24146.518705  x:  0.65186   0.12077   0.12782   0.22752   0.11244   0.13285   0.08447   0.09178   0.01009   0.00557   0.47292   0.00000   0.03025   0.24065   0.49071   0.05548   0.01886   0.30988   0.04909   0.43619   0.43543   0.02060   0.53936   0.18083   0.65309   0.52199   0.22731   0.43177   0.08823   0.10721   0.12312   0.12983   0.32802   0.05062   0.35667   0.06260   0.38085   0.24019   0.69283   0.65944   0.87178   0.00000   1.99939   0.99999   0.39085   2.67061   3.25816  
132  1.1818  24146.518698  x:  0.65186   0.12077   0.12783   0.22752   0.11244   0.13283   0.08447   0.09178   0.01009   0.00557   0.47289   0.00000   0.03024   0.24064   0.49070   0.05548   0.01885   0.30987   0.04909   0.43617   0.43545   0.02060   0.53939   0.18083   0.65309   0.52195   0.22730   0.43175   0.08824   0.10718   0.12314   0.12981   0.32797   0.05062   0.35668   0.06261   0.38082   0.24018   0.69284   0.65942   0.87179   0.00000   1.99939   0.99999   0.39084   2.67060   3.24496  
133  4.6718  24146.518695  x:  0.65189   0.12077   0.12782   0.22753   0.11243   0.13284   0.08446   0.09179   0.01010   0.00558   0.47291   0.00000   0.03023   0.24064   0.49069   0.05547   0.01885   0.30986   0.04908   0.43619   0.43544   0.02060   0.53938   0.18083   0.65311   0.52193   0.22729   0.43175   0.08824   0.10718   0.12313   0.12983   0.32797   0.05062   0.35667   0.06261   0.38082   0.24017   0.69277   0.65941   0.87180   0.00000   1.99940   0.99999   0.39084   2.67060   3.24020  
134  2.3043  24146.518694  x:  0.65189   0.12077   0.12783   0.22753   0.11243   0.13283   0.08447   0.09178   0.01010   0.00558   0.47291   0.00000   0.03024   0.24064   0.49069   0.05547   0.01885   0.30987   0.04908   0.43620   0.43543   0.02060   0.53938   0.18083   0.65311   0.52193   0.22729   0.43175   0.08824   0.10718   0.12313   0.12983   0.32797   0.05062   0.35667   0.06261   0.38082   0.24017   0.69276   0.65941   0.87180   0.00000   1.99940   0.99999   0.39084   2.67060   3.23947  
135  0.6772  24146.518694  x:  0.65189   0.12077   0.12783   0.22753   0.11243   0.13284   0.08447   0.09179   0.01010   0.00558   0.47290   0.00000   0.03024   0.24064   0.49071   0.05547   0.01885   0.30987   0.04908   0.43619   0.43544   0.02060   0.53937   0.18083   0.65311   0.52193   0.22729   0.43175   0.08823   0.10718   0.12313   0.12983   0.32797   0.05062   0.35668   0.06261   0.38083   0.24017   0.69275   0.65941   0.87180   0.00000   1.99940   0.99999   0.39084   2.67060   3.23891  
136  0.2002  24146.518687  x:  0.65191   0.12077   0.12783   0.22753   0.11243   0.13284   0.08447   0.09178   0.01010   0.00558   0.47293   0.00000   0.03022   0.24065   0.49081   0.05547   0.01885   0.30987   0.04909   0.43616   0.43543   0.02060   0.53941   0.18083   0.65309   0.52193   0.22729   0.43173   0.08821   0.10721   0.12311   0.12984   0.32795   0.05063   0.35664   0.06261   0.38081   0.24017   0.69273   0.65940   0.87180   0.00000   1.99940   0.99999   0.39084   2.67059   3.22666  
137  0.3375  24146.488709  x:  0.65176   0.12105   0.12711   0.22761   0.11250   0.13412   0.08395   0.09172   0.01023   0.00554   0.47452   0.00000   0.03000   0.24040   0.49173   0.05537   0.01877   0.30983   0.04922   0.43652   0.43484   0.02083   0.53983   0.18048   0.65283   0.52116   0.22721   0.43332   0.08816   0.10696   0.12394   0.12923   0.32696   0.05086   0.35734   0.06269   0.37948   0.23976   0.69322   0.65895   0.87180   0.00000   1.99939   0.99999   0.39093   2.66981   1.00000  
138  9.1089  24146.488709  x:  0.65176   0.12105   0.12711   0.22761   0.11250   0.13412   0.08395   0.09172   0.01023   0.00554   0.47452   0.00000   0.03000   0.24040   0.49173   0.05537   0.01877   0.30983   0.04922   0.43652   0.43484   0.02083   0.53983   0.18048   0.65283   0.52116   0.22721   0.43332   0.08816   0.10696   0.12394   0.12923   0.32696   0.05086   0.35734   0.06269   0.37948   0.23976   0.69322   0.65895   0.87180   0.00000   1.99939   0.99999   0.39093   2.66981   1.00000  
139 49755385.9439  24141.727949  x:  0.65176   0.12105   0.12711   0.22761   0.11250   0.13411   0.08395   0.09172   0.01022   0.00554   0.47452   0.00000   0.03000   0.24040   0.49173   0.05537   0.01877   0.30983   0.04922   0.43651   0.43484   0.02083   0.53983   0.18048   0.65283   0.52116   0.22721   0.43331   0.08816   0.10696   0.12394   0.12924   0.32696   0.05086   0.35734   0.06269   0.37949   0.23976   0.69322   0.65895   0.87180   0.00000   1.99939   0.99191   0.39093   2.66981   1.00000  
140 3138.0140  24141.304746  x:  0.65173   0.12118   0.12773   0.22771   0.11261   0.13375   0.08378   0.09220   0.01054   0.00654   0.47423   0.00000   0.03138   0.24074   0.49158   0.05643   0.01761   0.31024   0.04975   0.43710   0.43491   0.02149   0.53976   0.18069   0.65283   0.52136   0.22737   0.43290   0.08849   0.10723   0.12356   0.12934   0.32746   0.05015   0.35735   0.06303   0.38005   0.24014   0.69310   0.65889   0.87164   0.00000   2.00056   0.99165   0.37689   2.67297   1.00000  
141 56.3424  24141.265172  x:  0.65167   0.12110   0.12770   0.22761   0.11245   0.13355   0.08359   0.09196   0.00990   0.00518   0.47406   0.00000   0.03113   0.24056   0.49145   0.05610   0.01756   0.31025   0.04972   0.43717   0.43484   0.02114   0.53967   0.18049   0.65275   0.52131   0.22725   0.43273   0.08845   0.10719   0.12339   0.12926   0.32747   0.04993   0.35727   0.06295   0.38012   0.24009   0.69303   0.65883   0.87158   0.00000   2.00082   0.99163   0.37550   2.67361   1.00000  
142 47.4238  24141.229885  x:  0.65138   0.12067   0.12740   0.22708   0.11173   0.13288   0.08298   0.09154   0.00978   0.00581   0.47338   0.00000   0.02987   0.23972   0.49093   0.05483   0.01784   0.31010   0.04941   0.43728   0.43445   0.02000   0.53922   0.17973   0.65242   0.52107   0.22673   0.43204   0.08817   0.10692   0.12276   0.12884   0.32734   0.04921   0.35683   0.06244   0.38020   0.23969   0.69271   0.65853   0.87132   0.00000   2.00165   0.99161   0.37442   2.67552   1.00000  
143 22.4477  24141.192448  x:  0.65070   0.11999   0.12711   0.22615   0.11094   0.13198   0.08246   0.09130   0.01094   0.00537   0.47189   0.00000   0.02942   0.23876   0.48985   0.05511   0.01837   0.30961   0.04889   0.43740   0.43359   0.02144   0.53827   0.17926   0.65158   0.52048   0.22582   0.43062   0.08777   0.10652   0.12174   0.12821   0.32704   0.04862   0.35594   0.06187   0.38025   0.23894   0.69194   0.65784   0.87071   0.00000   2.00343   0.99159   0.37410   2.67965   1.00000  
144 21.5594  24141.132339  x:  0.64928   0.11936   0.12724   0.22498   0.11083   0.13123   0.08260   0.09096   0.00931   0.00595   0.46913   0.00000   0.03085   0.23793   0.48779   0.05606   0.01743   0.30846   0.04822   0.43749   0.43194   0.02205   0.53628   0.17832   0.64985   0.51906   0.22457   0.42806   0.08763   0.10637   0.12055   0.12769   0.32659   0.04900   0.35441   0.06190   0.38027   0.23792   0.69036   0.65640   0.86939   0.00000   2.00704   0.99155   0.37452   2.68846   1.00000  
145 35.8942  24141.066284  x:  0.64756   0.11936   0.12786   0.22442   0.11170   0.13130   0.08372   0.09170   0.01053   0.00546   0.46627   0.00000   0.03232   0.23730   0.48539   0.05606   0.01771   0.30745   0.04844   0.43754   0.43030   0.02042   0.53395   0.17731   0.64776   0.51749   0.22398   0.42550   0.08808   0.10677   0.12008   0.12786   0.32616   0.05018   0.35295   0.06269   0.38019   0.23722   0.68845   0.65469   0.86769   0.00000   2.01141   0.99152   0.37517   2.69997   1.00000  
146 59.8932  24141.004497  x:  0.64596   0.12011   0.12815   0.22500   0.11247   0.13189   0.08451   0.09188   0.00965   0.00577   0.46475   0.00000   0.03124   0.23668   0.48326   0.05495   0.01937   0.30724   0.04981   0.43738   0.42941   0.02144   0.53223   0.17824   0.64596   0.51622   0.22455   0.42411   0.08895   0.10754   0.12075   0.12882   0.32574   0.05061   0.35226   0.06342   0.37989   0.23724   0.68663   0.65308   0.86582   0.00000   2.01560   0.99148   0.37604   2.71313   1.00000  
147 45.8933  24140.922510  x:  0.64409   0.12102   0.12750   0.22627   0.11196   0.13232   0.08407   0.09165   0.01032   0.00558   0.46460   0.00000   0.02986   0.23690   0.48134   0.05431   0.01655   0.30738   0.05068   0.43663   0.42881   0.02169   0.53089   0.17984   0.64420   0.51532   0.22599   0.42380   0.08949   0.10798   0.12194   0.13006   0.32519   0.04951   0.35225   0.06331   0.37926   0.23771   0.68449   0.65119   0.86323   0.00000   2.02061   0.99142   0.37797   2.73236   1.00000  
148 58.5853  24140.784531  x:  0.64141   0.12170   0.12569   0.22788   0.10988   0.13236   0.08193   0.09048   0.01019   0.00565   0.46644   0.00000   0.03078   0.23896   0.47967   0.05657   0.01794   0.30889   0.05141   0.43502   0.42866   0.01985   0.52997   0.18108   0.64223   0.51473   0.22785   0.42504   0.08892   0.10729   0.12315   0.13117   0.32459   0.04719   0.35326   0.06214   0.37811   0.23870   0.68133   0.64842   0.85876   0.00000   2.02825   0.99134   0.38152   2.76782   1.00000  
149 92.9227  24140.539698  x:  0.63890   0.12134   0.12620   0.22718   0.11076   0.13319   0.08156   0.09051   0.01028   0.00564   0.47184   0.00000   0.03107   0.24072   0.48072   0.05350   0.01819   0.31051   0.04790   0.43194   0.42955   0.02160   0.53198   0.17839   0.64191   0.51611   0.22660   0.43032   0.08581   0.10392   0.12225   0.13015   0.32565   0.05049   0.35671   0.06204   0.37683   0.24017   0.67787   0.64556   0.85166   0.00000   2.03785   0.99117   0.38768   2.83561   1.00000  
150 80.3038  24140.340481  x:  0.63964   0.12250   0.12821   0.22424   0.11234   0.13319   0.08351   0.09184   0.00977   0.00561   0.47431   0.00000   0.02787   0.23777   0.48410   0.05726   0.01761   0.30937   0.04937   0.43171   0.43155   0.02085   0.53501   0.17627   0.64411   0.51818   0.22353   0.43322   0.08728   0.10478   0.12175   0.12885   0.32589   0.04953   0.35742   0.06145   0.37684   0.23866   0.67777   0.64619   0.84773   0.00000   2.04075   0.99104   0.39346   2.89377   1.00000  
151 89.0876  24140.109413  x:  0.64270   0.12297   0.12761   0.22193   0.11117   0.13050   0.08277   0.09211   0.00995   0.00547   0.47382   0.00000   0.03184   0.23634   0.48942   0.05385   0.01774   0.30642   0.05204   0.43350   0.43350   0.02149   0.53854   0.17697   0.64818   0.52037   0.22165   0.43332   0.09061   0.10764   0.12182   0.12829   0.32578   0.04763   0.35608   0.06247   0.37796   0.23626   0.68039   0.64943   0.84538   0.00000   2.03912   0.99090   0.40074   2.96346   1.00000  
152 117.4416  24139.847144  x:  0.64789   0.11949   0.12575   0.22568   0.11085   0.12981   0.08215   0.09076   0.01012   0.00545   0.46941   0.00000   0.03002   0.23521   0.49352   0.05540   0.01842   0.30511   0.04770   0.43628   0.43250   0.02008   0.54031   0.18039   0.65292   0.52125   0.22527   0.42919   0.09036   0.10786   0.12109   0.12844   0.32611   0.05069   0.35322   0.06522   0.38014   0.23584   0.68641   0.65505   0.84616   0.00000   2.03048   0.99073   0.40820   3.04448   1.00000  
153 100.2973  24139.722826  x:  0.65042   0.11831   0.12719   0.22720   0.11149   0.13285   0.08402   0.09104   0.00991   0.00541   0.46699   0.00000   0.03010   0.23763   0.49303   0.05456   0.01832   0.30658   0.04802   0.43779   0.43163   0.02058   0.53916   0.17936   0.65380   0.52016   0.22684   0.42682   0.08857   0.10629   0.12039   0.12782   0.32540   0.04859   0.35210   0.06169   0.38050   0.23611   0.68978   0.65768   0.84871   0.00000   2.02292   0.99066   0.41180   3.08331   1.00000  
154 78.5666  24139.628895  x:  0.65176   0.11961   0.12706   0.22534   0.11021   0.13323   0.08222   0.09053   0.01019   0.00545   0.46633   0.00000   0.02909   0.23973   0.48976   0.05504   0.01777   0.30889   0.05038   0.43826   0.43080   0.02122   0.53621   0.17674   0.65233   0.51808   0.22521   0.42551   0.08805   0.10582   0.12148   0.12831   0.32532   0.05044   0.35321   0.06173   0.38014   0.23845   0.69215   0.65908   0.85320   0.00000   2.01371   0.99060   0.41432   3.11325   1.00000  
155 49.0222  24139.575346  x:  0.65118   0.12084   0.12616   0.22445   0.11201   0.13159   0.08237   0.09167   0.01005   0.00542   0.46757   0.00000   0.02970   0.23882   0.48652   0.05485   0.01814   0.30877   0.04850   0.43679   0.42978   0.02100   0.53374   0.17800   0.64969   0.51676   0.22413   0.42659   0.08820   0.10588   0.12188   0.12766   0.32485   0.04888   0.35448   0.06224   0.37918   0.23857   0.69231   0.65856   0.85792   0.00000   2.00611   0.99056   0.41543   3.13056   1.00000  
156 27.0636  24139.553179  x:  0.64984   0.12026   0.12636   0.22476   0.11075   0.13163   0.08349   0.09071   0.01019   0.00544   0.46847   0.00000   0.03034   0.23723   0.48525   0.05479   0.01814   0.30750   0.04934   0.43582   0.42995   0.02081   0.53317   0.17868   0.64805   0.51669   0.22464   0.42771   0.08782   0.10569   0.12161   0.12719   0.32502   0.04970   0.35464   0.06208   0.37857   0.23734   0.69134   0.65730   0.86095   0.00000   2.00214   0.99055   0.41568   3.13786   1.00000  
157 15.9443  24139.546507  x:  0.64878   0.11983   0.12689   0.22541   0.11127   0.13168   0.08243   0.09062   0.01021   0.00546   0.46852   0.00000   0.03040   0.23697   0.48534   0.05485   0.01815   0.30709   0.04956   0.43540   0.43012   0.02098   0.53368   0.17788   0.64756   0.51706   0.22504   0.42777   0.08790   0.10599   0.12160   0.12740   0.32504   0.04962   0.35407   0.06217   0.37849   0.23699   0.69027   0.65626   0.86249   0.00000   2.00067   0.99054   0.41583   3.14009   1.00000  
158  6.7059  24139.543241  x:  0.64791   0.11977   0.12683   0.22513   0.11077   0.13193   0.08265   0.09105   0.01010   0.00545   0.46822   0.00000   0.03021   0.23735   0.48580   0.05484   0.01818   0.30725   0.04922   0.43523   0.43013   0.02100   0.53434   0.17773   0.64752   0.51741   0.22505   0.42760   0.08802   0.10626   0.12160   0.12773   0.32502   0.04947   0.35354   0.06237   0.37862   0.23722   0.68920   0.65535   0.86370   0.00000   1.99991   0.99054   0.41590   3.14122   1.00000  
159  4.3814  24139.541964  x:  0.64751   0.11989   0.12663   0.22501   0.11108   0.13184   0.08277   0.09075   0.01017   0.00545   0.46800   0.00000   0.03012   0.23760   0.48617   0.05483   0.01814   0.30744   0.04934   0.43532   0.43014   0.02091   0.53464   0.17807   0.64767   0.51753   0.22476   0.42740   0.08791   0.10622   0.12148   0.12781   0.32502   0.04957   0.35345   0.06218   0.37871   0.23735   0.68857   0.65488   0.86439   0.00000   1.99967   0.99054   0.41594   3.14168   1.00000  
160  3.0355  24139.541608  x:  0.64747   0.12013   0.12667   0.22506   0.11104   0.13170   0.08273   0.09094   0.01013   0.00544   0.46795   0.00000   0.03014   0.23749   0.48639   0.05483   0.01813   0.30745   0.04941   0.43552   0.43009   0.02091   0.53459   0.17809   0.64791   0.51742   0.22488   0.42729   0.08775   0.10609   0.12144   0.12781   0.32500   0.04961   0.35373   0.06213   0.37875   0.23734   0.68828   0.65477   0.86484   0.00000   1.99977   0.99054   0.41597   3.14184   1.00000  
161  0.9223  24139.541426  x:  0.64750   0.12022   0.12676   0.22510   0.11101   0.13174   0.08277   0.09077   0.01017   0.00545   0.46797   0.00000   0.03016   0.23745   0.48648   0.05483   0.01815   0.30742   0.04930   0.43562   0.43005   0.02093   0.53451   0.17801   0.64808   0.51733   0.22486   0.42728   0.08773   0.10611   0.12152   0.12787   0.32499   0.04953   0.35386   0.06219   0.37877   0.23732   0.68814   0.65478   0.86518   0.00000   1.99991   0.99054   0.41599   3.14195   1.00000  
162  0.8791  24139.541109  x:  0.64765   0.11991   0.12664   0.22508   0.11106   0.13179   0.08277   0.09085   0.01016   0.00544   0.46811   0.00000   0.03012   0.23754   0.48646   0.05484   0.01814   0.30735   0.04934   0.43572   0.43011   0.02093   0.53431   0.17801   0.64831   0.51723   0.22479   0.42740   0.08769   0.10618   0.12162   0.12792   0.32503   0.04953   0.35382   0.06220   0.37875   0.23728   0.68803   0.65495   0.86599   0.00000   2.00038   0.99053   0.41602   3.14218   1.00000  
163  0.6119  24139.540771  x:  0.64784   0.12004   0.12678   0.22503   0.11102   0.13183   0.08267   0.09084   0.01016   0.00544   0.46814   0.00000   0.03013   0.23756   0.48634   0.05483   0.01814   0.30746   0.04929   0.43563   0.43019   0.02091   0.53432   0.17811   0.64829   0.51733   0.22489   0.42749   0.08782   0.10623   0.12145   0.12775   0.32507   0.04962   0.35363   0.06213   0.37873   0.23734   0.68810   0.65513   0.86675   0.00000   2.00089   0.99053   0.41607   3.14248   1.00000  
164  0.7089  24139.540368  x:  0.64794   0.12013   0.12668   0.22516   0.11104   0.13172   0.08281   0.09081   0.01015   0.00545   0.46805   0.00000   0.03017   0.23747   0.48625   0.05484   0.01812   0.30754   0.04940   0.43548   0.43025   0.02094   0.53455   0.17799   0.64807   0.51754   0.22490   0.42748   0.08773   0.10605   0.12139   0.12779   0.32505   0.04950   0.35362   0.06231   0.37875   0.23744   0.68836   0.65524   0.86735   0.00000   2.00134   0.99053   0.41613   3.14286   1.00000  
165  0.7517  24139.539773  x:  0.64791   0.12020   0.12669   0.22518   0.11102   0.13168   0.08280   0.09087   0.01014   0.00546   0.46795   0.00000   0.03019   0.23744   0.48624   0.05484   0.01814   0.30747   0.04933   0.43534   0.43018   0.02093   0.53487   0.17800   0.64775   0.51771   0.22479   0.42738   0.08769   0.10598   0.12165   0.12808   0.32504   0.04960   0.35380   0.06205   0.37878   0.23729   0.68878   0.65527   0.86779   0.00000   2.00173   0.99052   0.41615   3.14346   1.00000  
166  0.9726  24139.537794  x:  0.64748   0.11995   0.12705   0.22484   0.11103   0.13206   0.08252   0.09090   0.01014   0.00546   0.46800   0.00000   0.03010   0.23769   0.48644   0.05485   0.01815   0.30715   0.04948   0.43542   0.42991   0.02082   0.53522   0.17840   0.64728   0.51764   0.22477   0.42715   0.08756   0.10589   0.12176   0.12776   0.32494   0.04942   0.35435   0.06238   0.37890   0.23726   0.68955   0.65497   0.86812   0.00000   2.00228   0.99050   0.41625   3.14549   1.00000  
167  1.0122  24139.529629  x:  0.64599   0.11998   0.12618   0.22506   0.11120   0.13194   0.08290   0.09071   0.01019   0.00549   0.46855   0.00000   0.02994   0.23812   0.48719   0.05492   0.01810   0.30719   0.04952   0.43593   0.42925   0.02102   0.53524   0.17774   0.64673   0.51686   0.22537   0.42710   0.08834   0.10675   0.12186   0.12646   0.32499   0.04963   0.35479   0.06210   0.37900   0.23726   0.69118   0.65370   0.86806   0.00000   2.00352   0.99042   0.41652   3.15390   1.00000  
168  3.3661  24139.506466  x:  0.64398   0.12046   0.12730   0.22605   0.11075   0.13159   0.08275   0.09113   0.01019   0.00552   0.46904   0.00000   0.03050   0.23712   0.48765   0.05497   0.01784   0.30857   0.04952   0.43620   0.42970   0.02102   0.53353   0.17835   0.64730   0.51594   0.22414   0.42814   0.08781   0.10654   0.12202   0.12744   0.32536   0.04951   0.35287   0.06225   0.37862   0.23788   0.69229   0.65129   0.86599   0.00000   2.00568   0.99017   0.41742   3.17780   1.00000  
169  8.5325  24139.483238  x:  0.64438   0.12148   0.12672   0.22433   0.11144   0.13180   0.08266   0.09073   0.01022   0.00557   0.46845   0.00000   0.03045   0.23790   0.48591   0.05518   0.01783   0.30723   0.04953   0.43520   0.43081   0.02114   0.53280   0.17810   0.64809   0.51696   0.22588   0.42837   0.08731   0.10584   0.12177   0.12889   0.32496   0.04943   0.35301   0.06243   0.37816   0.23743   0.68961   0.65097   0.86317   0.00000   2.00717   0.98993   0.41808   3.20171   1.00000  
170 14.5022  24139.472870  x:  0.64539   0.12108   0.12663   0.22564   0.11106   0.13218   0.08262   0.09110   0.01016   0.00558   0.46819   0.00000   0.03054   0.23810   0.48476   0.05522   0.01778   0.30724   0.04971   0.43464   0.43050   0.02113   0.53348   0.17821   0.64768   0.51755   0.22484   0.42784   0.08792   0.10621   0.12165   0.12826   0.32473   0.04949   0.35436   0.06238   0.37820   0.23750   0.68664   0.65201   0.86173   0.00000   2.00766   0.98982   0.41844   3.21239   1.00000  
171 10.7648  24139.471227  x:  0.64568   0.12065   0.12681   0.22528   0.11117   0.13198   0.08272   0.09098   0.01018   0.00560   0.46846   0.00000   0.03070   0.23771   0.48489   0.05521   0.01772   0.30778   0.04982   0.43475   0.42995   0.02113   0.53389   0.17824   0.64710   0.51728   0.22517   0.42774   0.08796   0.10621   0.12195   0.12835   0.32490   0.04944   0.35433   0.06232   0.37833   0.23767   0.68581   0.65260   0.86147   0.00000   2.00772   0.98980   0.41853   3.21407   1.00000  
172  2.7334  24139.470978  x:  0.64575   0.12083   0.12677   0.22534   0.11115   0.13201   0.08270   0.09099   0.01019   0.00560   0.46861   0.00000   0.03063   0.23785   0.48510   0.05521   0.01773   0.30761   0.04984   0.43484   0.42979   0.02113   0.53396   0.17823   0.64677   0.51705   0.22511   0.42781   0.08793   0.10605   0.12190   0.12841   0.32496   0.04944   0.35411   0.06236   0.37837   0.23760   0.68562   0.65285   0.86143   0.00000   2.00772   0.98980   0.41852   3.21431   1.00000  
173  0.7403  24139.470799  x:  0.64566   0.12078   0.12676   0.22532   0.11116   0.13203   0.08269   0.09099   0.01019   0.00560   0.46851   0.00000   0.03063   0.23783   0.48527   0.05521   0.01773   0.30764   0.04981   0.43482   0.42995   0.02113   0.53383   0.17823   0.64664   0.51705   0.22512   0.42785   0.08797   0.10607   0.12184   0.12844   0.32484   0.04946   0.35419   0.06234   0.37833   0.23764   0.68560   0.65299   0.86143   0.00078   2.00772   0.98980   0.41852   3.21433   1.00000  
174  0.3157  24139.470453  x:  0.64453   0.12086   0.12686   0.22534   0.11115   0.13191   0.08274   0.09099   0.01018   0.00560   0.46850   0.00000   0.03063   0.23789   0.48504   0.05521   0.01773   0.30767   0.04979   0.43488   0.43003   0.02113   0.53377   0.17823   0.64691   0.51727   0.22514   0.42776   0.08800   0.10598   0.12186   0.12841   0.32510   0.04941   0.35425   0.06235   0.37837   0.23761   0.68562   0.65393   0.86144   0.00200   2.00771   0.98980   0.41855   3.21437   1.00000  
175  0.4195  24139.470341  x:  0.64422   0.12091   0.12675   0.22531   0.11116   0.13206   0.08268   0.09100   0.01018   0.00559   0.46852   0.00000   0.03068   0.23775   0.48494   0.05521   0.01773   0.30768   0.04980   0.43490   0.42997   0.02113   0.53386   0.17823   0.64705   0.51724   0.22512   0.42780   0.08800   0.10595   0.12182   0.12843   0.32490   0.04945   0.35422   0.06233   0.37840   0.23766   0.68564   0.65418   0.86144   0.00226   2.00771   0.98979   0.41854   3.21440   1.00000  
176  0.4589  24139.470075  x:  0.64413   0.12085   0.12693   0.22534   0.11113   0.13182   0.08274   0.09098   0.01019   0.00559   0.46849   0.00000   0.03063   0.23789   0.48477   0.05521   0.01774   0.30766   0.04984   0.43481   0.42983   0.02112   0.53411   0.17823   0.64727   0.51701   0.22515   0.42796   0.08803   0.10600   0.12169   0.12853   0.32463   0.04949   0.35422   0.06234   0.37840   0.23764   0.68570   0.65422   0.86146   0.00244   2.00769   0.98979   0.41854   3.21447   1.00000  
177  0.1271  24139.465997  x:  0.64443   0.12087   0.12659   0.22529   0.11121   0.13227   0.08257   0.09100   0.01022   0.00557   0.46811   0.00000   0.03073   0.23760   0.48437   0.05519   0.01778   0.30768   0.05002   0.43406   0.42946   0.02108   0.53511   0.17825   0.64826   0.51598   0.22512   0.42813   0.08804   0.10614   0.12139   0.12863   0.32611   0.04924   0.35440   0.06236   0.37828   0.23756   0.68615   0.65366   0.86168   0.00338   2.00747   0.98970   0.41868   3.21584   1.00000  
178  0.2110  24139.419243  x:  0.64422   0.12094   0.12695   0.22537   0.11119   0.13169   0.08296   0.09097   0.01016   0.00537   0.46979   0.00000   0.03019   0.23776   0.48678   0.05475   0.01831   0.30736   0.04994   0.43405   0.42994   0.02100   0.53568   0.17813   0.64986   0.51793   0.22498   0.42706   0.08700   0.10598   0.12404   0.12641   0.32506   0.04980   0.35320   0.06238   0.37917   0.23780   0.68845   0.65375   0.86394   0.00501   2.00497   0.98859   0.41997   3.23324   1.00000  
179  1.4538  24139.406608  x:  0.64326   0.12041   0.12686   0.22536   0.11126   0.13199   0.08278   0.09094   0.01014   0.00534   0.46932   0.00000   0.03004   0.23784   0.48774   0.05465   0.01839   0.30796   0.04960   0.43599   0.43051   0.02099   0.53542   0.17813   0.64887   0.51844   0.22504   0.42828   0.08807   0.10617   0.12162   0.12808   0.32539   0.04970   0.35436   0.06243   0.37944   0.23745   0.68901   0.65477   0.86453   0.00403   2.00429   0.98830   0.42053   3.23808   1.00000  
180  5.2601  24139.406416  x:  0.64324   0.12040   0.12689   0.22537   0.11125   0.13195   0.08278   0.09094   0.01015   0.00534   0.46920   0.00000   0.03006   0.23779   0.48765   0.05466   0.01841   0.30776   0.04952   0.43624   0.43073   0.02099   0.53556   0.17813   0.64878   0.51834   0.22505   0.42838   0.08802   0.10622   0.12169   0.12803   0.32545   0.04969   0.35436   0.06233   0.37939   0.23775   0.68899   0.65480   0.86453   0.00400   2.00429   0.98829   0.42055   3.23814   1.00000  
181  0.6376  24139.406371  x:  0.64324   0.12042   0.12688   0.22537   0.11126   0.13196   0.08277   0.09094   0.01015   0.00534   0.46918   0.00000   0.03006   0.23780   0.48757   0.05466   0.01840   0.30783   0.04947   0.43639   0.43087   0.02098   0.53565   0.17813   0.64875   0.51828   0.22505   0.42839   0.08796   0.10624   0.12174   0.12799   0.32543   0.04970   0.35435   0.06238   0.37936   0.23764   0.68898   0.65478   0.86453   0.00401   2.00429   0.98829   0.42055   3.23812   1.00000  
182  0.2403  24139.406167  x:  0.64335   0.12043   0.12689   0.22538   0.11126   0.13196   0.08281   0.09095   0.01014   0.00535   0.46953   0.00000   0.03009   0.23778   0.48733   0.05466   0.01840   0.30780   0.04944   0.43664   0.43087   0.02098   0.53571   0.17814   0.64877   0.51842   0.22505   0.42816   0.08793   0.10634   0.12157   0.12814   0.32545   0.04969   0.35434   0.06235   0.37945   0.23770   0.68901   0.65459   0.86452   0.00419   2.00432   0.98829   0.42054   3.23769   1.00000  
183  0.0495  24139.398634  x:  0.64315   0.12087   0.12691   0.22556   0.11132   0.13216   0.08272   0.09107   0.01016   0.00551   0.46889   0.00000   0.03043   0.23802   0.48640   0.05502   0.01811   0.30798   0.04973   0.43679   0.43001   0.02109   0.53517   0.17834   0.64856   0.51898   0.22530   0.42940   0.08758   0.10664   0.12203   0.12816   0.32563   0.04965   0.35451   0.06236   0.38033   0.23779   0.68825   0.65445   0.86432   0.00496   2.00540   0.98812   0.41950   3.22179   1.00000  
184  0.3594  24139.395778  x:  0.64275   0.12084   0.12694   0.22561   0.11133   0.13217   0.08285   0.09111   0.01020   0.00557   0.46929   0.00000   0.03054   0.23807   0.48656   0.05514   0.01799   0.30804   0.04969   0.43606   0.43083   0.02113   0.53519   0.17841   0.64845   0.51810   0.22536   0.42845   0.08799   0.10632   0.12187   0.12844   0.32551   0.04964   0.35465   0.06241   0.37933   0.23791   0.68793   0.65493   0.86428   0.00475   2.00582   0.98805   0.41904   3.21585   1.00000  
185  4.0463  24139.395768  x:  0.64276   0.12083   0.12694   0.22561   0.11133   0.13217   0.08284   0.09111   0.01020   0.00557   0.46928   0.00000   0.03054   0.23807   0.48655   0.05514   0.01799   0.30804   0.04970   0.43611   0.43080   0.02113   0.53520   0.17841   0.64846   0.51813   0.22536   0.42846   0.08806   0.10624   0.12189   0.12843   0.32551   0.04964   0.35464   0.06242   0.37924   0.23792   0.68793   0.65491   0.86428   0.00477   2.00582   0.98805   0.41903   3.21582   1.00000  
186  0.1251  24139.395767  x:  0.64276   0.12083   0.12694   0.22561   0.11133   0.13217   0.08284   0.09111   0.01020   0.00557   0.46929   0.00000   0.03054   0.23807   0.48655   0.05514   0.01799   0.30804   0.04969   0.43611   0.43080   0.02113   0.53520   0.17841   0.64846   0.51813   0.22536   0.42846   0.08807   0.10622   0.12190   0.12843   0.32551   0.04964   0.35464   0.06241   0.37926   0.23792   0.68793   0.65490   0.86428   0.00477   2.00582   0.98805   0.41903   3.21582   1.00000  
187  0.0159  24139.395698  x:  0.64271   0.12084   0.12694   0.22561   0.11133   0.13217   0.08284   0.09110   0.01019   0.00553   0.46928   0.00000   0.03052   0.23806   0.48650   0.05510   0.01801   0.30804   0.04969   0.43609   0.43079   0.02112   0.53518   0.17840   0.64845   0.51812   0.22536   0.42844   0.08805   0.10622   0.12192   0.12842   0.32551   0.04964   0.35464   0.06241   0.37926   0.23793   0.68789   0.65490   0.86425   0.00484   2.00593   0.98803   0.41890   3.21498   1.00000  
188  0.0013  24139.395698  x:  0.64271   0.12083   0.12694   0.22561   0.11133   0.13217   0.08284   0.09110   0.01019   0.00553   0.46929   0.00000   0.03052   0.23806   0.48650   0.05510   0.01801   0.30804   0.04969   0.43610   0.43079   0.02112   0.53519   0.17840   0.64845   0.51813   0.22536   0.42844   0.08805   0.10621   0.12192   0.12842   0.32551   0.04964   0.35464   0.06241   0.37926   0.23793   0.68790   0.65490   0.86426   0.00484   2.00592   0.98802   0.41889   3.21498   1.00000  
189  0.0000  24139.395698  x:  0.64271   0.12083   0.12694   0.22561   0.11133   0.13217   0.08284   0.09110   0.01019   0.00553   0.46929   0.00000   0.03052   0.23806   0.48650   0.05510   0.01801   0.30804   0.04969   0.43610   0.43079   0.02112   0.53519   0.17840   0.64845   0.51813   0.22536   0.42844   0.08805   0.10621   0.12192   0.12842   0.32551   0.04964   0.35464   0.06241   0.37926   0.23793   0.68790   0.65490   0.86426   0.00484   2.00592   0.98802   0.41889   3.21497   1.00000  
190  0.0000  24139.395698  x:  0.64271   0.12083   0.12694   0.22561   0.11133   0.13217   0.08284   0.09110   0.01019   0.00553   0.46929   0.00000   0.03052   0.23806   0.48650   0.05510   0.01801   0.30804   0.04969   0.43610   0.43079   0.02112   0.53519   0.17840   0.64845   0.51813   0.22536   0.42844   0.08805   0.10622   0.12192   0.12842   0.32551   0.04964   0.35464   0.06241   0.37926   0.23793   0.68790   0.65490   0.86426   0.00484   2.00592   0.98802   0.41889   3.21497   1.00000  
191  0.0000  24139.395698  x:  0.64271   0.12083   0.12694   0.22561   0.11133   0.13217   0.08284   0.09110   0.01019   0.00553   0.46929   0.00000   0.03052   0.23806   0.48650   0.05510   0.01801   0.30804   0.04969   0.43610   0.43079   0.02112   0.53519   0.17840   0.64845   0.51813   0.22536   0.42844   0.08805   0.10621   0.12192   0.12842   0.32551   0.04964   0.35464   0.06241   0.37926   0.23793   0.68790   0.65490   0.86426   0.00484   2.00592   0.98802   0.41889   3.21497   1.00000  