Supplemental results for CODEML (seqf: mcmdc2.fasta  treef: mcmdc2_tree.txt)


MLEs of dN/dS (w) for site classes (K=6)

p:   0.19165  0.19165  0.19165  0.19165  0.19165  0.04177
w:   0.01029  0.05332  0.12224  0.22933  0.43282  1.00000

Naive Empirical Bayes (NEB) probabilities for 6 classes & postmean_w
(amino acids refer to 1st sequence: Gadus_morhua)

   1 M   0.07823 0.54344 0.33397 0.04400 0.00036 0.00000 ( 2)  0.081
   2 D   0.00000 0.00000 0.00177 0.09933 0.87929 0.01961 ( 5)  0.423
   3 E   0.00000 0.00000 0.00002 0.01103 0.81016 0.17879 ( 5)  0.532
   4 V   0.00000 0.00000 0.00006 0.01335 0.66312 0.32348 ( 5)  0.614
   5 L   0.00000 0.00015 0.01519 0.21053 0.75205 0.02207 ( 5)  0.398
   6 S   0.00010 0.03378 0.26986 0.50189 0.19420 0.00017 ( 4)  0.234
   7 L   0.00166 0.10697 0.38456 0.40726 0.09947 0.00007 ( 4)  0.189
   8 K   0.24224 0.47781 0.23648 0.04243 0.00104 0.00000 ( 2)  0.067
   9 E   0.26598 0.48650 0.21439 0.03252 0.00061 0.00000 ( 2)  0.063
  10 S   0.02453 0.29446 0.43427 0.22256 0.02417 0.00001 ( 3)  0.131
  11 V   0.00000 0.00010 0.01796 0.28422 0.69499 0.00273 ( 5)  0.371
  12 L   0.00000 0.00075 0.03622 0.30109 0.65390 0.00804 ( 5)  0.365
  13 F   0.00000 0.00000 0.00227 0.09618 0.85224 0.04931 ( 5)  0.441
  14 Y   0.22881 0.47067 0.24928 0.04975 0.00150 0.00000 ( 2)  0.070
  15 L   0.16379 0.41190 0.30625 0.10759 0.01047 0.00000 ( 2)  0.090
  16 D   0.31320 0.49519 0.17305 0.01838 0.00018 0.00000 ( 2)  0.055
  17 R   0.21295 0.46009 0.26432 0.06025 0.00239 0.00000 ( 2)  0.074
  18 S   0.29589 0.49355 0.18764 0.02264 0.00028 0.00000 ( 2)  0.058
  19 G   0.66101 0.26770 0.06396 0.00720 0.00013 0.00000 ( 1)  0.031
  20 G   0.23824 0.47509 0.24032 0.04510 0.00126 0.00000 ( 2)  0.068
  21 L   0.21479 0.45962 0.26244 0.06054 0.00261 0.00000 ( 2)  0.074
  22 Q   0.00000 0.00000 0.00000 0.00035 0.13088 0.86877 ( 6)  0.925
  23 K   0.00259 0.14907 0.44645 0.35398 0.04790 0.00000 ( 3)  0.164
  24 L   0.23283 0.47169 0.24548 0.04849 0.00152 0.00000 ( 2)  0.069
  25 V   0.00000 0.00000 0.00000 0.00187 0.33037 0.66775 ( 6)  0.811
  26 E   0.00000 0.00049 0.04057 0.38286 0.57500 0.00109 ( 5)  0.343
  27 D   0.00003 0.03302 0.34927 0.53123 0.08645 0.00000 ( 4)  0.204
  28 C   0.28003 0.49045 0.20163 0.02747 0.00042 0.00000 ( 2)  0.060
  29 E   0.00000 0.00000 0.00219 0.11408 0.87187 0.01186 ( 5)  0.416
  30 P   0.00000 0.00000 0.00001 0.00405 0.44152 0.55442 ( 6)  0.746
  31 F   0.00000 0.00614 0.16882 0.57979 0.24519 0.00006 ( 4)  0.260
  32 N   0.00002 0.02289 0.28710 0.55651 0.13346 0.00001 ( 4)  0.222
  33 G   0.00000 0.00037 0.04741 0.46909 0.48291 0.00021 ( 5)  0.323
  34 P   0.00000 0.00001 0.00298 0.11383 0.85145 0.03173 ( 5)  0.427
  35 Q   0.00000 0.00240 0.08885 0.47392 0.43425 0.00058 ( 4)  0.308
  36 Q   0.00001 0.01592 0.22957 0.55343 0.20101 0.00006 ( 4)  0.243
  37 S   0.00000 0.00000 0.00000 0.00049 0.13550 0.86401 ( 6)  0.923
  38 E   0.04192 0.40548 0.42242 0.12546 0.00472 0.00000 ( 3)  0.105
  39 A   0.66262 0.26696 0.06326 0.00704 0.00013 0.00000 ( 1)  0.030
  40 V   0.23194 0.47302 0.24618 0.04752 0.00134 0.00000 ( 2)  0.069
  41 Y   0.03509 0.36749 0.43384 0.15544 0.00814 0.00000 ( 3)  0.112
  42 R   0.23365 0.47004 0.24472 0.04979 0.00180 0.00000 ( 2)  0.070
  43 F   0.73426 0.22792 0.03569 0.00211 0.00001 0.00000 ( 1)  0.025
  44 C   0.00000 0.00004 0.01102 0.23836 0.74720 0.00338 ( 5)  0.383
  45 V   0.00000 0.00013 0.02153 0.31677 0.66000 0.00157 ( 5)  0.363
  46 S   0.00000 0.00000 0.00001 0.00461 0.49129 0.50410 ( 6)  0.718
  47 V   0.68091 0.25816 0.05553 0.00532 0.00007 0.00000 ( 1)  0.029
  48 N   0.00508 0.23777 0.50797 0.23726 0.01191 0.00000 ( 3)  0.134
  49 P   0.69162 0.25254 0.05127 0.00452 0.00005 0.00000 ( 1)  0.028
  50 S   0.00000 0.00000 0.00089 0.06252 0.86316 0.07343 ( 5)  0.461
  51 D   0.29706 0.49378 0.18662 0.02228 0.00026 0.00000 ( 2)  0.057
  52 V   0.00000 0.00264 0.09414 0.48094 0.42161 0.00067 ( 4)  0.305
  53 M   0.00000 0.00000 0.00023 0.03199 0.84883 0.11895 ( 5)  0.494
  54 E   0.00447 0.21837 0.49994 0.26086 0.01635 0.00000 ( 3)  0.140
  55 L   0.00000 0.00025 0.02344 0.27829 0.69115 0.00687 ( 5)  0.373
  56 D   0.29734 0.49377 0.18639 0.02224 0.00026 0.00000 ( 2)  0.057
  57 P   0.23673 0.47429 0.24174 0.04593 0.00131 0.00000 ( 2)  0.068
  58 L   0.00000 0.00000 0.00000 0.00011 0.03594 0.96395 ( 6)  0.980
  59 L   0.61051 0.28749 0.08729 0.01420 0.00051 0.00000 ( 1)  0.036
  60 G   0.66195 0.26726 0.06355 0.00711 0.00013 0.00000 ( 1)  0.031
  61 D   0.74042 0.22404 0.03367 0.00186 0.00001 0.00000 ( 1)  0.024
  62 R   0.00000 0.00014 0.02311 0.32641 0.64879 0.00154 ( 5)  0.360
  63 V   0.00021 0.05903 0.36987 0.47634 0.09454 0.00002 ( 4)  0.199
  64 L   0.61842 0.28467 0.08353 0.01295 0.00043 0.00000 ( 1)  0.035
  65 H   0.30708 0.49447 0.17826 0.01998 0.00022 0.00000 ( 2)  0.056
  66 D   0.00047 0.10823 0.48625 0.37598 0.02906 0.00000 ( 3)  0.164
  67 P   0.25122 0.48095 0.22810 0.03882 0.00091 0.00000 ( 2)  0.065
  68 L   0.00001 0.01007 0.15749 0.49913 0.33267 0.00063 ( 4)  0.279
  69 T   0.00000 0.00032 0.02902 0.31843 0.64944 0.00279 ( 5)  0.360
  70 A   0.67940 0.25888 0.05617 0.00547 0.00008 0.00000 ( 1)  0.029
  71 T   0.00001 0.01300 0.20115 0.54173 0.24398 0.00014 ( 4)  0.255
  72 S   0.00000 0.00000 0.00012 0.01998 0.73249 0.24741 ( 5)  0.569
  73 L   0.02441 0.29411 0.43528 0.22275 0.02346 0.00000 ( 3)  0.130
  74 F   0.72835 0.23165 0.03765 0.00234 0.00001 0.00000 ( 1)  0.025
  75 R   0.00273 0.15564 0.45523 0.34418 0.04222 0.00000 ( 3)  0.161
  76 S   0.00000 0.00221 0.08305 0.45709 0.45673 0.00092 ( 4)  0.314
  77 V   0.67625 0.26053 0.05744 0.00570 0.00008 0.00000 ( 1)  0.029
  78 C   0.04799 0.43509 0.40947 0.10444 0.00300 0.00000 ( 2)  0.099
  79 F   0.05589 0.46936 0.39070 0.08239 0.00166 0.00000 ( 2)  0.093
  80 I   0.00158 0.10465 0.38583 0.41285 0.09504 0.00004 ( 4)  0.189
  81 S   0.00245 0.14372 0.44031 0.36063 0.05289 0.00001 ( 3)  0.167
  82 I   0.72348 0.23455 0.03937 0.00258 0.00002 0.00000 ( 1)  0.025
  83 K   0.27040 0.48833 0.21024 0.03052 0.00051 0.00000 ( 2)  0.062
  84 T   0.03130 0.34367 0.43745 0.17607 0.01151 0.00000 ( 3)  0.117
  85 L   0.20385 0.45435 0.27297 0.06599 0.00284 0.00000 ( 2)  0.076
  86 S   0.02218 0.27696 0.43301 0.23946 0.02839 0.00001 ( 3)  0.135
  87 L   0.66596 0.26438 0.06234 0.00717 0.00015 0.00000 ( 1)  0.030
  88 I   0.00000 0.00041 0.03502 0.35394 0.60906 0.00157 ( 5)  0.351
  89 E   0.00001 0.02045 0.27068 0.56096 0.14788 0.00002 ( 4)  0.227
  90 Q   0.00354 0.18625 0.48118 0.30234 0.02670 0.00000 ( 3)  0.150
  91 I   0.28604 0.49191 0.19624 0.02546 0.00035 0.00000 ( 2)  0.059
  92 H   0.00000 0.00000 0.00183 0.12097 0.87112 0.00608 ( 5)  0.411
  93 T   0.02946 0.33213 0.43925 0.18605 0.01310 0.00000 ( 3)  0.120
  94 E   0.00028 0.07380 0.41333 0.44805 0.06454 0.00000 ( 4)  0.185
  95 N   0.00000 0.00034 0.04453 0.45410 0.50074 0.00028 ( 5)  0.327
  96 Q   0.68621 0.25565 0.05327 0.00482 0.00006 0.00000 ( 1)  0.028
  97 V   0.23214 0.47325 0.24598 0.04731 0.00131 0.00000 ( 2)  0.069
  98 N   0.00515 0.23973 0.50869 0.23492 0.01151 0.00000 ( 3)  0.134
  99 I   0.00001 0.01570 0.22696 0.55137 0.20588 0.00007 ( 4)  0.244
 100 I   0.00308 0.16992 0.46947 0.32407 0.03345 0.00000 ( 3)  0.155
 101 L   0.61734 0.28513 0.08402 0.01307 0.00043 0.00000 ( 1)  0.035
 102 K   0.00000 0.00002 0.00794 0.21258 0.77636 0.00309 ( 5)  0.389
 103 L   0.00000 0.00030 0.02618 0.28784 0.67723 0.00845 ( 5)  0.371
 104 T   0.03320 0.35599 0.43598 0.16521 0.00962 0.00000 ( 3)  0.115
 105 H   0.00653 0.27816 0.51412 0.19433 0.00686 0.00000 ( 3)  0.125
 106 L   0.02730 0.31571 0.43746 0.20204 0.01748 0.00000 ( 3)  0.124
 107 P   0.68040 0.25839 0.05576 0.00538 0.00007 0.00000 ( 1)  0.029
 108 P   0.67601 0.26060 0.05756 0.00575 0.00008 0.00000 ( 1)  0.029
 109 F   0.31216 0.49529 0.17383 0.01853 0.00018 0.00000 ( 2)  0.055
 110 P   0.25060 0.48080 0.22867 0.03903 0.00091 0.00000 ( 2)  0.066
 111 E   0.00000 0.00149 0.08195 0.50964 0.40670 0.00021 ( 4)  0.303
 112 Y   0.68521 0.25606 0.05374 0.00494 0.00006 0.00000 ( 1)  0.028
 113 T   0.00000 0.00000 0.00001 0.00590 0.53759 0.45649 ( 5)  0.691
 114 L   0.02567 0.30402 0.43723 0.21303 0.02004 0.00000 ( 3)  0.127
 115 D   0.31711 0.49532 0.16986 0.01755 0.00016 0.00000 ( 2)  0.055
 116 L   0.65927 0.26749 0.06518 0.00788 0.00019 0.00000 ( 1)  0.031
 117 S   0.00000 0.00002 0.00682 0.19137 0.79626 0.00553 ( 5)  0.395
 118 A   0.00000 0.00000 0.00184 0.10211 0.87995 0.01610 ( 5)  0.421
 119 A   0.00046 0.10628 0.48368 0.37979 0.02979 0.00000 ( 3)  0.165
 120 P   0.00024 0.06499 0.38789 0.46501 0.08186 0.00001 ( 4)  0.193
 121 R   0.00001 0.00950 0.15897 0.50360 0.32744 0.00048 ( 4)  0.278
 122 S   0.00000 0.00043 0.03585 0.35340 0.60816 0.00217 ( 5)  0.351
 123 Y   0.00020 0.05747 0.36658 0.48052 0.09522 0.00001 ( 4)  0.199
 124 G   0.00000 0.00064 0.04853 0.41052 0.53929 0.00102 ( 5)  0.335
 125 P   0.00000 0.00011 0.01916 0.29361 0.68447 0.00265 ( 5)  0.369
 126 T   0.00000 0.01475 0.29208 0.59897 0.09419 0.00000 ( 4)  0.215
 127 R   0.04183 0.40143 0.41995 0.13072 0.00607 0.00000 ( 3)  0.106
 128 P   0.24627 0.47910 0.23271 0.04092 0.00100 0.00000 ( 2)  0.066
 129 F   0.00000 0.00326 0.10942 0.50953 0.37743 0.00036 ( 4)  0.294
 130 A   0.00000 0.00002 0.00627 0.18101 0.80566 0.00703 ( 5)  0.398
 131 M   0.00005 0.05621 0.45697 0.45496 0.03181 0.00000 ( 3)  0.177
 132 E   0.00485 0.23027 0.50456 0.24656 0.01376 0.00000 ( 3)  0.137
 133 G   0.68708 0.25499 0.05304 0.00483 0.00006 0.00000 ( 1)  0.028
 134 L   0.00223 0.13432 0.42892 0.37360 0.06091 0.00001 ( 3)  0.172
 135 V   0.24341 0.47784 0.23540 0.04228 0.00107 0.00000 ( 2)  0.067
 136 I   0.00321 0.17576 0.47662 0.31537 0.02904 0.00000 ( 3)  0.153
 137 A   0.04039 0.39691 0.42491 0.13226 0.00553 0.00000 ( 3)  0.106
 138 M   0.00046 0.10732 0.49044 0.37582 0.02596 0.00000 ( 3)  0.163
 139 T   0.67159 0.26283 0.05937 0.00611 0.00009 0.00000 ( 1)  0.030
 140 R   0.04054 0.39679 0.42385 0.13295 0.00586 0.00000 ( 3)  0.106
 141 T   0.00028 0.07321 0.41220 0.44938 0.06493 0.00000 ( 4)  0.185
 142 T   0.03583 0.37151 0.43236 0.15238 0.00791 0.00000 ( 3)  0.111
 143 Q   0.25557 0.48316 0.22398 0.03653 0.00076 0.00000 ( 2)  0.064
 144 Y   0.68643 0.25542 0.05325 0.00484 0.00006 0.00000 ( 1)  0.028
 145 T   0.24326 0.47790 0.23553 0.04224 0.00106 0.00000 ( 2)  0.067
 146 Q   0.00328 0.17707 0.47496 0.31453 0.03016 0.00000 ( 3)  0.153
 147 G   0.67780 0.25960 0.05688 0.00564 0.00008 0.00000 ( 1)  0.029
 148 A   0.69564 0.25040 0.04968 0.00423 0.00005 0.00000 ( 1)  0.028
 149 R   0.69301 0.25054 0.05144 0.00493 0.00008 0.00000 ( 1)  0.028
 150 F   0.74653 0.22009 0.03173 0.00165 0.00001 0.00000 ( 1)  0.024
 151 L   0.25145 0.48118 0.22787 0.03861 0.00088 0.00000 ( 2)  0.065
 152 C   0.71694 0.23842 0.04169 0.00292 0.00002 0.00000 ( 1)  0.026
 153 S   0.00000 0.00000 0.00000 0.00001 0.02048 0.97951 ( 6)  0.988
 154 D   0.00000 0.00026 0.03601 0.41059 0.55264 0.00050 ( 5)  0.338
 155 E   0.00002 0.02277 0.28683 0.55721 0.13315 0.00001 ( 4)  0.222
 156 D   0.00000 0.00166 0.09676 0.55245 0.34903 0.00010 ( 4)  0.290
 157 C   0.72036 0.23643 0.04046 0.00274 0.00002 0.00000 ( 1)  0.026
 158 P   0.25136 0.48116 0.22795 0.03865 0.00089 0.00000 ( 2)  0.065
 159 C   0.00002 0.02755 0.31701 0.54569 0.10972 0.00001 ( 4)  0.213
 160 S   0.03497 0.36626 0.43339 0.15681 0.00856 0.00000 ( 3)  0.113
 161 T   0.00000 0.00001 0.00313 0.11891 0.85624 0.02171 ( 5)  0.420
 162 G   0.68075 0.25822 0.05561 0.00535 0.00007 0.00000 ( 1)  0.029
 163 Y   0.00597 0.26332 0.51325 0.20915 0.00831 0.00000 ( 3)  0.128
 164 T   0.00000 0.00208 0.11317 0.58130 0.30339 0.00005 ( 4)  0.279
 165 H   0.05801 0.47753 0.38541 0.07761 0.00144 0.00000 ( 2)  0.092
 166 I   0.27787 0.48973 0.20364 0.02831 0.00045 0.00000 ( 2)  0.061
 167 R   0.60587 0.28845 0.08969 0.01536 0.00064 0.00000 ( 1)  0.036
 168 V   0.24244 0.47749 0.23631 0.04267 0.00109 0.00000 ( 2)  0.067
 169 H   0.73706 0.22613 0.03479 0.00200 0.00001 0.00000 ( 1)  0.024
 170 R   0.00001 0.01504 0.22063 0.54885 0.21538 0.00009 ( 4)  0.247
 171 P   0.68703 0.25498 0.05308 0.00485 0.00006 0.00000 ( 1)  0.028
 172 G   0.64297 0.27551 0.07200 0.00930 0.00022 0.00000 ( 1)  0.032
 173 A   0.69422 0.25118 0.05024 0.00432 0.00005 0.00000 ( 1)  0.028
 174 T   0.66912 0.26402 0.06042 0.00634 0.00010 0.00000 ( 1)  0.030
 175 E   0.71556 0.23929 0.04215 0.00297 0.00002 0.00000 ( 1)  0.026
 176 A   0.02554 0.30320 0.43731 0.21376 0.02018 0.00000 ( 3)  0.128
 177 A   0.25500 0.48256 0.22456 0.03707 0.00081 0.00000 ( 2)  0.065
 178 T   0.67435 0.26149 0.05821 0.00586 0.00009 0.00000 ( 1)  0.029
 179 V   0.24954 0.48055 0.22964 0.03935 0.00091 0.00000 ( 2)  0.066
 180 R   0.24138 0.47603 0.23741 0.04396 0.00122 0.00000 ( 2)  0.067
 181 R   0.00000 0.00176 0.10066 0.55954 0.33795 0.00009 ( 4)  0.287
 182 D   0.00057 0.12440 0.51070 0.34378 0.02054 0.00000 ( 3)  0.157
 183 F   0.32244 0.49569 0.16542 0.01632 0.00014 0.00000 ( 2)  0.054
 184 S   0.00000 0.00067 0.05161 0.43303 0.51411 0.00058 ( 5)  0.329
 185 C   0.72546 0.23337 0.03866 0.00248 0.00002 0.00000 ( 1)  0.025
 186 L   0.00000 0.00017 0.02605 0.35173 0.62114 0.00091 ( 5)  0.354
 187 V   0.00000 0.00000 0.00296 0.13643 0.85322 0.00739 ( 5)  0.408
 188 C   0.72483 0.23375 0.03889 0.00252 0.00002 0.00000 ( 1)  0.025
 189 G   0.00000 0.00000 0.00037 0.04569 0.90213 0.05181 ( 5)  0.453
 190 A   0.03155 0.34489 0.43674 0.17525 0.01157 0.00000 ( 3)  0.117
 191 P   0.00001 0.01296 0.19945 0.53721 0.25017 0.00020 ( 4)  0.257
 192 L   0.65545 0.27016 0.06641 0.00782 0.00015 0.00000 ( 1)  0.031
 193 K   0.00024 0.06496 0.38996 0.46646 0.07838 0.00001 ( 4)  0.192
 194 E   0.71555 0.23931 0.04215 0.00297 0.00002 0.00000 ( 1)  0.026
 195 D   0.73371 0.22828 0.03587 0.00213 0.00001 0.00000 ( 1)  0.025
 196 L   0.00001 0.01911 0.25615 0.55531 0.16938 0.00004 ( 4)  0.233
 197 K   0.70413 0.24589 0.04634 0.00361 0.00003 0.00000 ( 1)  0.027
 198 F   0.29210 0.49282 0.19099 0.02379 0.00031 0.00000 ( 2)  0.058
 199 R   0.66642 0.26483 0.06180 0.00682 0.00013 0.00000 ( 1)  0.030
 200 V   0.68140 0.25792 0.05533 0.00528 0.00007 0.00000 ( 1)  0.029
 201 L   0.61923 0.28440 0.08314 0.01281 0.00042 0.00000 ( 1)  0.035
 202 G   0.65764 0.26919 0.06545 0.00758 0.00015 0.00000 ( 1)  0.031
 203 D   0.05887 0.48081 0.38323 0.07574 0.00136 0.00000 ( 2)  0.091
 204 K   0.69606 0.25035 0.04942 0.00413 0.00004 0.00000 ( 1)  0.028
 205 Q   0.68435 0.25654 0.05407 0.00499 0.00006 0.00000 ( 1)  0.028
 206 L   0.61822 0.28494 0.08356 0.01287 0.00041 0.00000 ( 1)  0.035
 207 V   0.24451 0.47836 0.23437 0.04172 0.00104 0.00000 ( 2)  0.067
 208 E   0.28009 0.49058 0.20155 0.02737 0.00041 0.00000 ( 2)  0.060
 209 L   0.19631 0.44768 0.27993 0.07247 0.00362 0.00000 ( 2)  0.078
 210 I   0.00394 0.20017 0.48938 0.28434 0.02215 0.00000 ( 3)  0.145
 211 H   0.00577 0.25759 0.51183 0.21559 0.00921 0.00000 ( 3)  0.130
 212 V   0.00000 0.00000 0.00165 0.09517 0.88120 0.02197 ( 5)  0.425
 213 G   0.00000 0.00000 0.00003 0.01077 0.75090 0.23831 ( 5)  0.566
 214 V   0.03419 0.36172 0.43450 0.16054 0.00906 0.00000 ( 3)  0.113
 215 L   0.02297 0.28335 0.43433 0.23314 0.02622 0.00000 ( 3)  0.133
 216 D   0.00047 0.10775 0.48594 0.37685 0.02899 0.00000 ( 3)  0.164
 217 V   0.00000 0.00302 0.10438 0.50357 0.38865 0.00038 ( 4)  0.297
 218 L   0.62431 0.28252 0.08075 0.01205 0.00038 0.00000 ( 1)  0.034
 219 N   0.00000 0.00000 0.00002 0.00618 0.46386 0.52994 ( 6)  0.732
 220 V   0.00000 0.00006 0.01181 0.22396 0.75663 0.00753 ( 5)  0.388
 221 H   0.00000 0.00028 0.03825 0.42414 0.53694 0.00039 ( 5)  0.335
 222 R   0.00000 0.00022 0.03133 0.38039 0.58719 0.00087 ( 5)  0.346
 223 S   0.00242 0.14248 0.43926 0.36239 0.05344 0.00001 ( 3)  0.168
 224 L   0.00000 0.00256 0.09104 0.47351 0.43219 0.00071 ( 4)  0.308
 225 R   0.22520 0.46630 0.25269 0.05381 0.00200 0.00000 ( 2)  0.071
 226 Y   0.03657 0.37628 0.43181 0.14817 0.00716 0.00000 ( 3)  0.110
 227 Q   0.67978 0.25887 0.05592 0.00535 0.00007 0.00000 ( 1)  0.029
 228 S   0.67594 0.26066 0.05757 0.00574 0.00008 0.00000 ( 1)  0.029
 229 V   0.25302 0.48197 0.22638 0.03779 0.00084 0.00000 ( 2)  0.065
 230 T   0.00356 0.18705 0.48150 0.30127 0.02662 0.00000 ( 3)  0.149
 231 L   0.00010 0.03398 0.27034 0.50117 0.19424 0.00017 ( 4)  0.234
 232 F   0.73472 0.22764 0.03554 0.00209 0.00001 0.00000 ( 1)  0.025
 233 L   0.66962 0.26362 0.06028 0.00636 0.00010 0.00000 ( 1)  0.030
 234 R   0.65690 0.26960 0.06574 0.00762 0.00014 0.00000 ( 1)  0.031
 235 D   0.73193 0.22942 0.03645 0.00219 0.00001 0.00000 ( 1)  0.025
 236 E   0.27754 0.49005 0.20381 0.02816 0.00043 0.00000 ( 2)  0.061
 237 L   0.62204 0.28355 0.08175 0.01228 0.00038 0.00000 ( 1)  0.034
 238 C   0.71180 0.24148 0.04352 0.00318 0.00003 0.00000 ( 1)  0.026
 239 H   0.05480 0.46526 0.39356 0.08466 0.00173 0.00000 ( 2)  0.094
 240 S   0.00001 0.01395 0.21025 0.54514 0.23054 0.00011 ( 4)  0.251
 241 M   0.78701 0.19190 0.02043 0.00066 0.00000 0.00000 ( 1)  0.021
 242 E   0.00000 0.00036 0.03164 0.33184 0.63348 0.00268 ( 5)  0.357
 243 L   0.04053 0.39966 0.42600 0.12898 0.00482 0.00000 ( 3)  0.105
 244 G   0.67966 0.25874 0.05608 0.00545 0.00008 0.00000 ( 1)  0.029
 245 R   0.00000 0.00000 0.00028 0.03408 0.80922 0.15643 ( 5)  0.515
 246 L   0.00000 0.00009 0.01521 0.25615 0.72361 0.00494 ( 5)  0.379
 247 Y   0.68654 0.25536 0.05320 0.00483 0.00006 0.00000 ( 1)  0.028
 248 R   0.00000 0.00780 0.13942 0.48041 0.37104 0.00133 ( 4)  0.290
 249 V   0.22727 0.46959 0.25073 0.05081 0.00160 0.00000 ( 2)  0.070
 250 L   0.00000 0.00373 0.08663 0.41404 0.49294 0.00265 ( 5)  0.322
 251 G   0.67001 0.26350 0.06009 0.00630 0.00010 0.00000 ( 1)  0.030
 252 I   0.24619 0.47908 0.23279 0.04094 0.00100 0.00000 ( 2)  0.066
 253 P   0.66431 0.26621 0.06251 0.00685 0.00012 0.00000 ( 1)  0.030
 254 A   0.22374 0.46743 0.25408 0.05298 0.00177 0.00000 ( 2)  0.071
 255 L   0.00000 0.00083 0.05927 0.45629 0.48319 0.00042 ( 5)  0.321
 256 V   0.68475 0.25620 0.05397 0.00501 0.00006 0.00000 ( 1)  0.028
 257 H   0.32525 0.49558 0.16322 0.01582 0.00013 0.00000 ( 2)  0.053
 258 Q   0.23116 0.47308 0.24691 0.04755 0.00130 0.00000 ( 2)  0.069
 259 W   0.00362 0.18995 0.48549 0.29687 0.02408 0.00000 ( 3)  0.148
 260 P   0.03719 0.38014 0.43094 0.14491 0.00681 0.00000 ( 3)  0.110
 261 G   0.00000 0.00000 0.00149 0.10777 0.88425 0.00649 ( 5)  0.414
 262 L   0.00000 0.00445 0.13581 0.54729 0.31229 0.00016 ( 4)  0.278
 263 T   0.00024 0.06489 0.38872 0.46591 0.08022 0.00001 ( 4)  0.193
 264 W   0.03983 0.39525 0.42704 0.13266 0.00522 0.00000 ( 3)  0.106
 265 S   0.00598 0.26331 0.51276 0.20949 0.00847 0.00000 ( 3)  0.128
 266 V   0.00324 0.17532 0.47261 0.31706 0.03177 0.00000 ( 3)  0.154
 267 E   0.71450 0.23988 0.04256 0.00304 0.00002 0.00000 ( 1)  0.026
 268 A   0.68152 0.25783 0.05530 0.00528 0.00007 0.00000 ( 1)  0.029
 269 S   0.00044 0.10274 0.47624 0.38739 0.03319 0.00000 ( 3)  0.167
 270 S   0.00000 0.01029 0.23458 0.60454 0.15058 0.00001 ( 4)  0.233
 271 V   0.00000 0.00013 0.02097 0.30931 0.66761 0.00198 ( 5)  0.364
 272 Q   0.67143 0.26285 0.05947 0.00615 0.00009 0.00000 ( 1)  0.030
 273 P   0.00000 0.00008 0.01414 0.24687 0.73323 0.00568 ( 5)  0.381
 274 C   0.00001 0.01617 0.23219 0.55502 0.19657 0.00005 ( 4)  0.242
 275 E   0.00000 0.00003 0.00932 0.22830 0.75910 0.00326 ( 5)  0.385
 276 P   0.23930 0.47587 0.23928 0.04436 0.00120 0.00000 ( 2)  0.068
 277 V   0.00000 0.00000 0.00000 0.00144 0.35839 0.64017 ( 6)  0.796
 278 Y   0.00000 0.00000 0.00002 0.00927 0.68552 0.30518 ( 5)  0.604
 279 P   0.00000 0.00000 0.00053 0.05397 0.87906 0.06644 ( 5)  0.459
 280 H   0.00000 0.00000 0.00000 0.00000 0.00189 0.99811 ( 6)  0.999
 281 T   0.00000 0.00000 0.00000 0.00010 0.07065 0.92925 ( 6)  0.960
 282 V   0.00000 0.00000 0.00044 0.04745 0.87320 0.07891 ( 5)  0.468
 283 S   0.00000 0.00159 0.09345 0.54257 0.36225 0.00014 ( 4)  0.293
 284 G   0.00000 0.00000 0.00000 0.00000 0.00267 0.99733 ( 6)  0.998
 285 D   0.00000 0.00006 0.01559 0.30258 0.68075 0.00103 ( 5)  0.367
 286 L   0.32317 0.49580 0.16478 0.01612 0.00013 0.00000 ( 2)  0.054
 287 Q   0.00000 0.00000 0.00168 0.09733 0.88461 0.01638 ( 5)  0.422
 288 A   0.00000 0.00000 0.00017 0.02865 0.85705 0.11412 ( 5)  0.492
 289 L   0.18452 0.43737 0.29069 0.08255 0.00487 0.00000 ( 2)  0.082
 290 L   0.00000 0.00003 0.00688 0.15824 0.80703 0.02782 ( 5)  0.414
 291 K   0.00000 0.00011 0.01886 0.29155 0.68696 0.00252 ( 5)  0.369
 292 A   0.00000 0.00369 0.11895 0.52324 0.35382 0.00031 ( 4)  0.288
 293 T   0.00264 0.15184 0.45030 0.34941 0.04580 0.00001 ( 3)  0.163
 294 S   0.00000 0.00400 0.12609 0.53498 0.33472 0.00022 ( 4)  0.283
 295 G   0.00000 0.00000 0.00009 0.02046 0.79989 0.17956 ( 5)  0.530
 296 S   0.03472 0.36488 0.43385 0.15789 0.00867 0.00000 ( 3)  0.113
 297 P   0.25236 0.48150 0.22702 0.03825 0.00087 0.00000 ( 2)  0.065
 298 W   0.68911 0.25419 0.05208 0.00458 0.00005 0.00000 ( 1)  0.028
 299 R   0.03919 0.39093 0.42741 0.13659 0.00588 0.00000 ( 3)  0.107
 300 F   0.74591 0.22047 0.03194 0.00167 0.00001 0.00000 ( 1)  0.024
 301 P   0.00020 0.05707 0.36402 0.48012 0.09857 0.00002 ( 4)  0.200
 302 G   0.25279 0.48177 0.22661 0.03798 0.00085 0.00000 ( 2)  0.065
 303 L   0.00000 0.00096 0.06590 0.47694 0.45589 0.00031 ( 4)  0.315
 304 L   0.00000 0.00007 0.01382 0.24476 0.73651 0.00483 ( 5)  0.381
 305 A   0.03559 0.37014 0.43278 0.15347 0.00803 0.00000 ( 3)  0.112
 306 H   0.05712 0.47371 0.38755 0.08004 0.00158 0.00000 ( 2)  0.092
 307 S   0.00000 0.00409 0.12796 0.53679 0.33094 0.00022 ( 4)  0.282
 308 F   0.73391 0.22817 0.03579 0.00211 0.00001 0.00000 ( 1)  0.025
 309 G   0.00296 0.16444 0.46238 0.33194 0.03826 0.00000 ( 3)  0.158
 310 S   0.00231 0.13745 0.43214 0.36916 0.05892 0.00001 ( 3)  0.170
 311 E   0.00000 0.00000 0.00041 0.04733 0.88924 0.06302 ( 5)  0.459
 312 V   0.00019 0.05566 0.36079 0.48338 0.09996 0.00002 ( 4)  0.201
 313 V   0.00000 0.00058 0.04479 0.39422 0.55913 0.00129 ( 5)  0.339
 314 P   0.68535 0.25587 0.05375 0.00498 0.00006 0.00000 ( 1)  0.028
 315 P   0.00324 0.17501 0.47191 0.31749 0.03235 0.00000 ( 3)  0.154
 316 G   0.68793 0.25454 0.05270 0.00477 0.00006 0.00000 ( 1)  0.028
 317 R   0.00013 0.03940 0.29306 0.49653 0.17072 0.00016 ( 4)  0.226
 318 Y   0.00001 0.01891 0.25535 0.55720 0.16849 0.00003 ( 4)  0.233
 319 D   0.00000 0.00005 0.01564 0.30959 0.67385 0.00087 ( 5)  0.365
 320 T   0.23548 0.47416 0.24290 0.04617 0.00129 0.00000 ( 2)  0.069
 321 L   0.17960 0.43229 0.29488 0.08753 0.00570 0.00000 ( 2)  0.083
 322 K   0.70379 0.24607 0.04648 0.00364 0.00003 0.00000 ( 1)  0.027
 323 L   0.02603 0.30660 0.43722 0.21060 0.01954 0.00000 ( 3)  0.127
 324 A   0.00000 0.00000 0.00000 0.00343 0.45409 0.54248 ( 6)  0.740
 325 L   0.19322 0.44515 0.28279 0.07495 0.00389 0.00000 ( 2)  0.079
 326 L   0.63374 0.27907 0.07630 0.01061 0.00029 0.00000 ( 1)  0.033
 327 L   0.67984 0.25865 0.05601 0.00544 0.00008 0.00000 ( 1)  0.029
 328 S   0.74583 0.22055 0.03195 0.00167 0.00001 0.00000 ( 1)  0.024
 329 L   0.62666 0.28186 0.07957 0.01158 0.00034 0.00000 ( 1)  0.034
 330 V   0.03848 0.38671 0.42843 0.14005 0.00632 0.00000 ( 3)  0.108
 331 Q   0.24807 0.48032 0.23098 0.03973 0.00091 0.00000 ( 2)  0.066
 332 T   0.00001 0.01609 0.22963 0.55009 0.20411 0.00008 ( 4)  0.244
 333 T   0.00000 0.00000 0.00030 0.03734 0.86499 0.09737 ( 5)  0.480
 334 P   0.00000 0.00000 0.00007 0.01630 0.74617 0.23746 ( 5)  0.564
 335 E   0.00000 0.00000 0.00021 0.03873 0.92203 0.03903 ( 5)  0.447
 336 T   0.00000 0.00000 0.00005 0.01339 0.69862 0.28794 ( 5)  0.593
 337 A   0.00000 0.00000 0.00000 0.00121 0.25910 0.73969 ( 6)  0.852
 338 E   0.00000 0.00000 0.00202 0.12952 0.86429 0.00417 ( 5)  0.408
 339 T   0.00001 0.01018 0.17062 0.52055 0.29831 0.00033 ( 4)  0.270
 340 F   0.00000 0.00002 0.00798 0.20977 0.77778 0.00445 ( 5)  0.390
 341 H   0.00000 0.00006 0.01673 0.31877 0.66350 0.00094 ( 5)  0.363
 342 S   0.00000 0.00136 0.08417 0.52425 0.39005 0.00017 ( 4)  0.300
 343 L   0.62396 0.28230 0.08104 0.01230 0.00041 0.00000 ( 1)  0.034
 344 D   0.30535 0.49465 0.17958 0.02020 0.00022 0.00000 ( 2)  0.056
 345 L   0.00001 0.01326 0.20321 0.54129 0.24209 0.00014 ( 4)  0.255
 346 L   0.64830 0.27301 0.06971 0.00877 0.00020 0.00000 ( 1)  0.032
 347 A   0.00336 0.17977 0.47586 0.31106 0.02995 0.00000 ( 3)  0.152
 348 L   0.00000 0.00000 0.00010 0.02113 0.81589 0.16288 ( 5)  0.521
 349 A   0.00026 0.06881 0.40020 0.45828 0.07244 0.00001 ( 4)  0.189
 350 S   0.00000 0.00000 0.00004 0.01315 0.78665 0.20016 ( 5)  0.544
 351 D   0.00677 0.28472 0.51484 0.18756 0.00611 0.00000 ( 3)  0.124
 352 T   0.00001 0.01142 0.18533 0.53429 0.26877 0.00018 ( 4)  0.262
 353 L   0.68296 0.25708 0.05472 0.00517 0.00007 0.00000 ( 1)  0.029
 354 V   0.00002 0.02753 0.31678 0.54571 0.10995 0.00001 ( 4)  0.213
 355 I   0.00000 0.00000 0.00035 0.03318 0.77785 0.18863 ( 5)  0.533
 356 E   0.00000 0.01151 0.25146 0.60543 0.13158 0.00001 ( 4)  0.227
 357 R   0.68507 0.25577 0.05399 0.00510 0.00007 0.00000 ( 1)  0.028
 358 L   0.61991 0.28419 0.08281 0.01269 0.00041 0.00000 ( 1)  0.035
 359 M   0.38369 0.48831 0.12051 0.00746 0.00003 0.00000 ( 2)  0.046
 360 A   0.00000 0.00026 0.02766 0.33224 0.63806 0.00178 ( 5)  0.358
 361 Y   0.00365 0.19043 0.48480 0.29655 0.02457 0.00000 ( 3)  0.148
 362 S   0.00641 0.27516 0.51435 0.19706 0.00703 0.00000 ( 3)  0.126
 363 L   0.62405 0.28281 0.08080 0.01197 0.00036 0.00000 ( 1)  0.034
 364 S   0.00000 0.00000 0.00260 0.12662 0.86062 0.01015 ( 5)  0.412
 365 L   0.19552 0.44720 0.28071 0.07294 0.00363 0.00000 ( 2)  0.078
 366 A   0.03649 0.37533 0.43142 0.14926 0.00750 0.00000 ( 3)  0.111
 367 V   0.00000 0.00000 0.00000 0.00000 0.00363 0.99637 ( 6)  0.998
 368 R   0.66622 0.26470 0.06200 0.00695 0.00013 0.00000 ( 1)  0.030
 369 G   0.68689 0.25504 0.05314 0.00487 0.00006 0.00000 ( 1)  0.028
 370 V   0.00000 0.00336 0.11168 0.51330 0.37133 0.00034 ( 4)  0.293
 371 R   0.00322 0.17273 0.46570 0.32123 0.03712 0.00001 ( 3)  0.156
 372 H   0.74149 0.22333 0.03334 0.00183 0.00001 0.00000 ( 1)  0.024
 373 Q   0.00000 0.00252 0.09141 0.47740 0.42809 0.00059 ( 4)  0.307
 374 A   0.00000 0.00059 0.04518 0.39608 0.55689 0.00126 ( 5)  0.339
 375 Q   0.00000 0.00022 0.02106 0.26408 0.70714 0.00750 ( 5)  0.377
 376 G   0.03472 0.36463 0.43359 0.15825 0.00881 0.00000 ( 3)  0.113
 377 E   0.28258 0.49121 0.19931 0.02652 0.00038 0.00000 ( 2)  0.060
 378 M   0.00003 0.03395 0.35673 0.52990 0.07939 0.00000 ( 4)  0.201
 379 F   0.00032 0.08279 0.43931 0.42928 0.04830 0.00000 ( 3)  0.177
 380 A   0.00022 0.06090 0.37577 0.47286 0.09025 0.00001 ( 4)  0.197
 381 S   0.00017 0.05109 0.34380 0.48992 0.11499 0.00003 ( 4)  0.207
 382 L   0.62047 0.28408 0.08251 0.01254 0.00040 0.00000 ( 1)  0.035
 383 S   0.69269 0.25201 0.05082 0.00442 0.00005 0.00000 ( 1)  0.028
 384 R   0.00000 0.00234 0.08405 0.44734 0.46444 0.00184 ( 5)  0.316
 385 D   0.73354 0.22837 0.03594 0.00214 0.00001 0.00000 ( 1)  0.025
 386 E   0.00002 0.02348 0.28961 0.55330 0.13357 0.00002 ( 4)  0.221
 387 H   0.73888 0.22496 0.03421 0.00194 0.00001 0.00000 ( 1)  0.024
 388 G   0.64500 0.27472 0.07106 0.00903 0.00020 0.00000 ( 1)  0.032
 389 T   0.00021 0.05867 0.36891 0.47704 0.09516 0.00002 ( 4)  0.199
 390 G   0.24082 0.47636 0.23789 0.04376 0.00117 0.00000 ( 2)  0.068
 391 T   0.23644 0.47467 0.24199 0.04564 0.00125 0.00000 ( 2)  0.068
 392 A   0.03896 0.38924 0.42748 0.13816 0.00616 0.00000 ( 3)  0.108
 393 N   0.30907 0.49527 0.17634 0.01914 0.00019 0.00000 ( 2)  0.056
 394 I   0.71494 0.23967 0.04236 0.00300 0.00002 0.00000 ( 1)  0.026
 395 H   0.31223 0.49497 0.17392 0.01869 0.00019 0.00000 ( 2)  0.055
 396 A   0.23841 0.47549 0.24013 0.04476 0.00121 0.00000 ( 2)  0.068
 397 G   0.68603 0.25548 0.05349 0.00493 0.00006 0.00000 ( 1)  0.028
 398 A   0.00018 0.05336 0.35162 0.48652 0.10829 0.00002 ( 4)  0.204
 399 A   0.03892 0.38899 0.42753 0.13837 0.00619 0.00000 ( 3)  0.108
 400 L   0.18356 0.43606 0.29138 0.08384 0.00516 0.00000 ( 2)  0.082
 401 L   0.61965 0.28433 0.08291 0.01270 0.00041 0.00000 ( 1)  0.035
 402 A   0.69536 0.25056 0.04979 0.00425 0.00005 0.00000 ( 1)  0.028
 403 S   0.00000 0.00292 0.10151 0.49680 0.39833 0.00044 ( 4)  0.299
 404 G   0.68065 0.25824 0.05567 0.00537 0.00007 0.00000 ( 1)  0.029
 405 G   0.68637 0.25533 0.05334 0.00490 0.00006 0.00000 ( 1)  0.028
 406 V   0.00025 0.06825 0.39837 0.45929 0.07384 0.00001 ( 4)  0.190
 407 C   0.72473 0.23381 0.03892 0.00252 0.00002 0.00000 ( 1)  0.025
 408 M   0.00045 0.10411 0.47983 0.38423 0.03138 0.00000 ( 3)  0.166
 409 L   0.62239 0.28338 0.08160 0.01225 0.00038 0.00000 ( 1)  0.034
 410 G   0.64930 0.27283 0.06915 0.00854 0.00018 0.00000 ( 1)  0.032
 411 D   0.31257 0.49532 0.17350 0.01844 0.00018 0.00000 ( 2)  0.055
 412 L   0.18777 0.43954 0.28748 0.08044 0.00477 0.00000 ( 2)  0.081
 413 G   0.00000 0.00000 0.00042 0.04696 0.88602 0.06660 ( 5)  0.461
 414 G   0.00000 0.00000 0.00001 0.00553 0.59825 0.39621 ( 5)  0.656
 415 F   0.00345 0.18317 0.47964 0.30627 0.02747 0.00000 ( 3)  0.151
 416 R   0.00337 0.17855 0.47098 0.31369 0.03340 0.00000 ( 3)  0.154
 417 K   0.00420 0.20950 0.49573 0.27194 0.01863 0.00000 ( 3)  0.142
 418 D   0.06076 0.48805 0.37848 0.07155 0.00117 0.00000 ( 2)  0.090
 419 K   0.00026 0.06915 0.40179 0.45787 0.07094 0.00001 ( 4)  0.189
 420 L   0.00001 0.01056 0.17935 0.53590 0.27399 0.00020 ( 4)  0.264
 421 D   0.31355 0.49523 0.17276 0.01830 0.00018 0.00000 ( 2)  0.055
 422 A   0.00000 0.00000 0.00034 0.04052 0.86170 0.09743 ( 5)  0.480
 423 I   0.03610 0.37344 0.43232 0.15057 0.00757 0.00000 ( 3)  0.111
 424 Q   0.24797 0.48048 0.23104 0.03961 0.00089 0.00000 ( 2)  0.066
 425 S   0.00136 0.09270 0.36106 0.42504 0.11975 0.00010 ( 4)  0.198
 426 V   0.00000 0.00266 0.09411 0.47854 0.42400 0.00069 ( 4)  0.306
 427 L   0.00179 0.11321 0.39497 0.39963 0.09034 0.00006 ( 4)  0.185
 428 E   0.00031 0.07917 0.42872 0.43703 0.05477 0.00000 ( 4)  0.181
 429 S   0.00000 0.00005 0.01472 0.29992 0.68431 0.00100 ( 5)  0.368
 430 R   0.00023 0.06392 0.38382 0.46644 0.08557 0.00001 ( 4)  0.194
 431 A   0.00001 0.01247 0.19540 0.53766 0.25429 0.00017 ( 4)  0.258
 432 V   0.00001 0.01939 0.25855 0.55573 0.16628 0.00003 ( 4)  0.232
 433 A   0.03250 0.35130 0.43638 0.16942 0.01040 0.00000 ( 3)  0.116
 434 V   0.24775 0.47991 0.23129 0.04010 0.00095 0.00000 ( 2)  0.066
 435 F   0.31947 0.49548 0.16789 0.01701 0.00015 0.00000 ( 2)  0.054
 436 V   0.04821 0.43626 0.40910 0.10353 0.00290 0.00000 ( 2)  0.099
 437 P   0.23558 0.47399 0.24281 0.04630 0.00132 0.00000 ( 2)  0.069
 438 G   0.23231 0.47218 0.24592 0.04815 0.00144 0.00000 ( 2)  0.069
 439 R   0.25299 0.48221 0.22640 0.03759 0.00081 0.00000 ( 2)  0.065
 440 R   0.24971 0.48071 0.22950 0.03918 0.00089 0.00000 ( 2)  0.066
 441 Y   0.23175 0.47239 0.24647 0.04801 0.00138 0.00000 ( 2)  0.069
 442 G   0.67595 0.26064 0.05758 0.00575 0.00008 0.00000 ( 1)  0.029
 443 E   0.27931 0.49033 0.20227 0.02767 0.00042 0.00000 ( 2)  0.060
 444 E   0.00594 0.26258 0.51338 0.20980 0.00830 0.00000 ( 3)  0.129
 445 A   0.03657 0.37577 0.43128 0.14891 0.00746 0.00000 ( 3)  0.111
 446 D   0.00053 0.11730 0.50108 0.35753 0.02356 0.00000 ( 3)  0.160
 447 Q   0.00354 0.18656 0.48214 0.30168 0.02608 0.00000 ( 3)  0.149
 448 Q   0.00000 0.00055 0.04393 0.39642 0.55819 0.00091 ( 5)  0.339
 449 L   0.00327 0.17624 0.47306 0.31587 0.03156 0.00000 ( 3)  0.153
 450 S   0.03882 0.38865 0.42790 0.13849 0.00613 0.00000 ( 3)  0.108
 451 F   0.31526 0.49546 0.17128 0.01784 0.00016 0.00000 ( 2)  0.055
 452 P   0.00019 0.05542 0.35885 0.48290 0.10261 0.00002 ( 4)  0.202
 453 V   0.00001 0.01636 0.23334 0.55356 0.19666 0.00006 ( 4)  0.242
 454 R   0.00000 0.00009 0.01566 0.26559 0.71573 0.00293 ( 5)  0.376
 455 C   0.72041 0.23641 0.04043 0.00273 0.00002 0.00000 ( 1)  0.026
 456 S   0.05844 0.47943 0.38437 0.07639 0.00137 0.00000 ( 2)  0.091
 457 F   0.74676 0.21994 0.03166 0.00164 0.00001 0.00000 ( 1)  0.024
 458 W   0.68911 0.25419 0.05208 0.00458 0.00005 0.00000 ( 1)  0.028
 459 A   0.25668 0.48321 0.22299 0.03634 0.00078 0.00000 ( 2)  0.064
 460 L   0.00012 0.03838 0.28743 0.49587 0.17805 0.00016 ( 4)  0.228
 461 A   0.00000 0.00046 0.03777 0.36209 0.59772 0.00196 ( 5)  0.348
 462 D   0.05992 0.48462 0.38057 0.07361 0.00127 0.00000 ( 2)  0.090
 463 G   0.00000 0.00000 0.00005 0.01289 0.68484 0.30222 ( 5)  0.602
 464 P   0.00000 0.00000 0.00000 0.00177 0.32296 0.67527 ( 6)  0.815
 465 R   0.00000 0.00286 0.10033 0.49498 0.40137 0.00046 ( 4)  0.300
 466 G   0.00000 0.00000 0.00000 0.00024 0.10108 0.89868 ( 6)  0.942
 467 H   0.00000 0.00229 0.12095 0.59361 0.28312 0.00004 ( 4)  0.274
 468 S   0.00000 0.00000 0.00011 0.02327 0.84315 0.13347 ( 5)  0.504
 469 A   0.00000 0.00000 0.00001 0.00386 0.43813 0.55799 ( 6)  0.749
 470 L   0.00000 0.00000 0.00000 0.00203 0.31818 0.67979 ( 6)  0.818
 471 L   0.00157 0.10401 0.38364 0.41297 0.09775 0.00005 ( 4)  0.190
 472 G   0.65413 0.27076 0.06699 0.00796 0.00016 0.00000 ( 1)  0.031
 473 A   0.00000 0.00187 0.07338 0.43314 0.49032 0.00129 ( 5)  0.322
 474 T   0.00000 0.00063 0.04777 0.40737 0.54317 0.00105 ( 5)  0.335
 475 E   0.00001 0.01209 0.21100 0.57353 0.20334 0.00003 ( 4)  0.246
 476 M   0.00000 0.00398 0.17567 0.64576 0.17459 0.00000 ( 4)  0.245
 477 G   0.22939 0.47128 0.24865 0.04921 0.00146 0.00000 ( 2)  0.070
 478 P   0.00000 0.00000 0.00010 0.01647 0.66021 0.32322 ( 5)  0.613
 479 K   0.00000 0.00001 0.00411 0.14199 0.84131 0.01259 ( 5)  0.410
 480 P   0.00021 0.05891 0.36986 0.47674 0.09427 0.00001 ( 4)  0.199
 481 S   0.00000 0.00000 0.00000 0.00003 0.03386 0.96612 ( 6)  0.981
 482 Q   0.00341 0.18191 0.47889 0.30790 0.02789 0.00000 ( 3)  0.151
 483 L   0.00000 0.00828 0.14811 0.49900 0.34398 0.00062 ( 4)  0.282
 484 A   0.00020 0.05649 0.36155 0.48065 0.10110 0.00002 ( 4)  0.201
 485 E   0.00000 0.00574 0.16275 0.57915 0.25231 0.00005 ( 4)  0.262
 486 S   0.00000 0.00011 0.01811 0.28450 0.69431 0.00297 ( 5)  0.371
 487 F   0.73256 0.22908 0.03620 0.00215 0.00001 0.00000 ( 1)  0.025
 488 G   0.68126 0.25793 0.05542 0.00532 0.00007 0.00000 ( 1)  0.029
 489 L   0.63682 0.27777 0.07491 0.01023 0.00027 0.00000 ( 1)  0.033
 490 V   0.00001 0.01986 0.26213 0.55528 0.16268 0.00003 ( 4)  0.231
 491 L   0.00002 0.02236 0.28222 0.55578 0.13961 0.00002 ( 4)  0.224
 492 R   0.00000 0.00330 0.11187 0.52006 0.36454 0.00023 ( 4)  0.291
 493 C   0.27621 0.48949 0.20507 0.02877 0.00046 0.00000 ( 2)  0.061
 494 P   0.00000 0.00023 0.02231 0.27504 0.69580 0.00662 ( 5)  0.374
 495 D   0.00000 0.00111 0.07506 0.51351 0.41017 0.00015 ( 4)  0.305
 496 P   0.00000 0.00000 0.00000 0.00009 0.03385 0.96606 ( 6)  0.981
 497 L   0.00000 0.00000 0.00002 0.00523 0.41857 0.57618 ( 6)  0.759
 498 G   0.00011 0.03519 0.27655 0.50214 0.18587 0.00014 ( 4)  0.231
 499 G   0.00000 0.00000 0.00290 0.13590 0.85338 0.00782 ( 5)  0.409
 500 P   0.00000 0.00340 0.11421 0.52391 0.35828 0.00020 ( 4)  0.290
 501 G   0.00000 0.00000 0.00005 0.01290 0.70146 0.28559 ( 5)  0.592
 502 V   0.00000 0.00000 0.00002 0.00749 0.52749 0.46500 ( 5)  0.695
 503 L   0.00001 0.01328 0.20341 0.54150 0.24166 0.00014 ( 4)  0.254
 504 A   0.00001 0.01720 0.23958 0.55236 0.19078 0.00006 ( 4)  0.240
 505 Q   0.00001 0.01503 0.22442 0.55769 0.20281 0.00005 ( 4)  0.244
 506 A   0.00001 0.01577 0.22772 0.55188 0.20455 0.00007 ( 4)  0.244
 507 A   0.00000 0.00334 0.11160 0.51446 0.37028 0.00031 ( 4)  0.292
 508 H   0.75005 0.21777 0.03064 0.00153 0.00001 0.00000 ( 1)  0.023
 509 T   0.00023 0.06387 0.38594 0.46798 0.08196 0.00001 ( 4)  0.193
 510 L   0.67617 0.26046 0.05752 0.00576 0.00008 0.00000 ( 1)  0.029
 511 S   0.00361 0.18862 0.48196 0.29945 0.02636 0.00000 ( 3)  0.149
 512 Q   0.00368 0.19166 0.48596 0.29479 0.02391 0.00000 ( 3)  0.148
 513 A   0.24148 0.47689 0.23723 0.04327 0.00113 0.00000 ( 2)  0.067
 514 L   0.00000 0.00010 0.01679 0.27404 0.70599 0.00309 ( 5)  0.374
 515 P   0.00000 0.00000 0.00088 0.06380 0.88152 0.05380 ( 5)  0.450
 516 P   0.00335 0.17943 0.47568 0.31150 0.03003 0.00000 ( 3)  0.152
 517 G   0.02683 0.31246 0.43765 0.20504 0.01802 0.00000 ( 3)  0.125
 518 E   0.00000 0.00012 0.01625 0.25565 0.72436 0.00362 ( 5)  0.378
 519 P   0.00000 0.00329 0.11092 0.51552 0.36997 0.00029 ( 4)  0.292
 520 L   0.00000 0.00567 0.12960 0.50631 0.35793 0.00049 ( 4)  0.288
 521 Y   0.03746 0.38141 0.43050 0.14399 0.00663 0.00000 ( 3)  0.109
 522 P   0.21846 0.46421 0.25909 0.05622 0.00201 0.00000 ( 2)  0.072
 523 T   0.00002 0.01873 0.24976 0.55230 0.17915 0.00005 ( 4)  0.236
 524 A   0.00000 0.00000 0.00019 0.03571 0.91741 0.04669 ( 5)  0.452
 525 I   0.00003 0.03079 0.33671 0.53791 0.09456 0.00000 ( 4)  0.207
 526 Q   0.00000 0.00002 0.00696 0.19627 0.79272 0.00403 ( 5)  0.393
 527 L   0.30691 0.49496 0.17819 0.01973 0.00020 0.00000 ( 2)  0.056
 528 P   0.00024 0.06639 0.39257 0.46270 0.07809 0.00001 ( 4)  0.191
 529 F   0.00000 0.00005 0.00996 0.20331 0.77816 0.00852 ( 5)  0.393
 530 Q   0.03519 0.36811 0.43371 0.15492 0.00807 0.00000 ( 3)  0.112
 531 D   0.31993 0.49563 0.16745 0.01683 0.00014 0.00000 ( 2)  0.054
 532 Y   0.03814 0.38518 0.42935 0.14102 0.00630 0.00000 ( 3)  0.108
 533 K   0.00000 0.00010 0.01786 0.28220 0.69690 0.00294 ( 5)  0.371
 534 E   0.28444 0.49162 0.19765 0.02593 0.00036 0.00000 ( 2)  0.059
 535 F   0.22268 0.46637 0.25508 0.05399 0.00188 0.00000 ( 2)  0.072
 536 L   0.00007 0.02453 0.21422 0.48128 0.27922 0.00068 ( 4)  0.259
 537 A   0.00258 0.15196 0.45669 0.34786 0.04089 0.00000 ( 3)  0.161
 538 H   0.00000 0.00000 0.00040 0.04676 0.90314 0.04971 ( 5)  0.451
 539 A   0.03458 0.36389 0.43379 0.15883 0.00890 0.00000 ( 3)  0.113
 540 R   0.00000 0.00380 0.08518 0.40688 0.50130 0.00283 ( 5)  0.324
 541 G   0.00000 0.00000 0.00001 0.00456 0.56877 0.42667 ( 5)  0.674
 542 L   0.16664 0.42021 0.30640 0.09937 0.00738 0.00000 ( 2)  0.088
 543 R   0.00000 0.00042 0.03551 0.35230 0.60975 0.00202 ( 5)  0.351
 544 G   0.00310 0.16964 0.46736 0.32487 0.03504 0.00000 ( 3)  0.156
 545 E   0.00512 0.23849 0.50731 0.23693 0.01216 0.00000 ( 3)  0.134
 546 L   0.00026 0.06955 0.40097 0.45641 0.07281 0.00001 ( 4)  0.189
 547 S   0.00052 0.11539 0.49768 0.36150 0.02491 0.00000 ( 3)  0.161
 548 S   0.00001 0.01672 0.23566 0.55235 0.19519 0.00006 ( 4)  0.241
 549 G   0.00000 0.00066 0.04929 0.41361 0.53548 0.00097 ( 5)  0.334
 550 A   0.67330 0.26193 0.05869 0.00599 0.00009 0.00000 ( 1)  0.029
 551 E   0.00466 0.22404 0.50207 0.25408 0.01515 0.00000 ( 3)  0.138
 552 K   0.00000 0.00015 0.02408 0.33364 0.64078 0.00134 ( 5)  0.358
 553 M   0.00674 0.28055 0.51019 0.19511 0.00741 0.00000 ( 3)  0.125
 554 I   0.27779 0.48989 0.20366 0.02822 0.00044 0.00000 ( 2)  0.061
 555 H   0.05766 0.47601 0.38622 0.07860 0.00150 0.00000 ( 2)  0.092
 556 G   0.68025 0.25850 0.05580 0.00538 0.00007 0.00000 ( 1)  0.029
 557 Y   0.68590 0.25570 0.05346 0.00488 0.00006 0.00000 ( 1)  0.028
 558 Y   0.24758 0.48007 0.23145 0.03998 0.00092 0.00000 ( 2)  0.066
 559 M   0.78701 0.19190 0.02043 0.00066 0.00000 0.00000 ( 1)  0.021
 560 A   0.25152 0.48118 0.22780 0.03860 0.00089 0.00000 ( 2)  0.065
 561 S   0.31233 0.49517 0.17376 0.01856 0.00018 0.00000 ( 2)  0.055
 562 R   0.67016 0.26308 0.06020 0.00645 0.00011 0.00000 ( 1)  0.030
 563 R   0.00338 0.18015 0.47557 0.31073 0.03017 0.00000 ( 3)  0.152
 564 V   0.00001 0.01495 0.22080 0.55090 0.21327 0.00008 ( 4)  0.247
 565 R   0.65309 0.27114 0.06748 0.00812 0.00017 0.00000 ( 1)  0.031
 566 C   0.00000 0.00113 0.05040 0.36017 0.58421 0.00409 ( 5)  0.346
 567 Q   0.00012 0.03703 0.28487 0.50143 0.17643 0.00012 ( 4)  0.228
 568 N   0.00000 0.00000 0.00021 0.02956 0.83021 0.14002 ( 5)  0.506
 569 H   0.00000 0.00309 0.10590 0.50675 0.38395 0.00032 ( 4)  0.296
 570 G   0.00000 0.00739 0.13712 0.48764 0.36707 0.00078 ( 4)  0.289
 571 V   0.00011 0.03669 0.28322 0.50122 0.17862 0.00013 ( 4)  0.229
 572 K   0.00000 0.00001 0.00401 0.13957 0.84174 0.01468 ( 5)  0.411
 573 V   0.00001 0.01949 0.27003 0.56837 0.14209 0.00001 ( 4)  0.226
 574 S   0.23615 0.47436 0.24228 0.04593 0.00128 0.00000 ( 2)  0.068
 575 V   0.00024 0.06627 0.39231 0.46301 0.07816 0.00001 ( 4)  0.192
 576 A   0.00001 0.01690 0.23725 0.55253 0.19325 0.00006 ( 4)  0.240
 577 S   0.68280 0.25719 0.05477 0.00517 0.00007 0.00000 ( 1)  0.029
 578 V   0.00000 0.00022 0.03236 0.39136 0.57551 0.00055 ( 5)  0.343
 579 K   0.03825 0.38618 0.42952 0.13997 0.00608 0.00000 ( 3)  0.108
 580 L   0.61115 0.28726 0.08699 0.01410 0.00050 0.00000 ( 1)  0.036
 581 M   0.00201 0.12405 0.41448 0.38730 0.07213 0.00002 ( 3)  0.177
 582 I   0.00504 0.23561 0.50567 0.24065 0.01303 0.00000 ( 3)  0.135
 583 T   0.00017 0.05113 0.34209 0.48831 0.11826 0.00003 ( 4)  0.208
 584 L   0.18922 0.44156 0.28643 0.07845 0.00433 0.00000 ( 2)  0.080
 585 A   0.68241 0.25737 0.05493 0.00521 0.00007 0.00000 ( 1)  0.029
 586 E   0.27050 0.48798 0.21024 0.03075 0.00053 0.00000 ( 2)  0.062
 587 A   0.68917 0.25386 0.05222 0.00469 0.00006 0.00000 ( 1)  0.028
 588 H   0.74722 0.21961 0.03154 0.00163 0.00001 0.00000 ( 1)  0.024
 589 C   0.00033 0.08330 0.43528 0.42793 0.05315 0.00000 ( 3)  0.179
 590 K   0.26058 0.48499 0.21932 0.03444 0.00067 0.00000 ( 2)  0.064
 591 L   0.63661 0.27794 0.07497 0.01021 0.00027 0.00000 ( 1)  0.033
 592 C   0.00002 0.02380 0.29177 0.55259 0.13181 0.00002 ( 4)  0.221
 593 L   0.64021 0.27557 0.07370 0.01023 0.00030 0.00000 ( 1)  0.033
 594 R   0.68534 0.25579 0.05380 0.00501 0.00007 0.00000 ( 1)  0.028
 595 T   0.00001 0.00980 0.16835 0.52376 0.29781 0.00027 ( 4)  0.270
 596 T   0.00000 0.00000 0.00000 0.00000 0.00480 0.99519 ( 6)  0.997
 597 V   0.67287 0.26219 0.05884 0.00600 0.00009 0.00000 ( 1)  0.030
 598 E   0.00000 0.00591 0.11693 0.45935 0.41645 0.00135 ( 4)  0.302
 599 E   0.04580 0.42486 0.41443 0.11142 0.00350 0.00000 ( 2)  0.101
 600 E   0.00002 0.02447 0.29656 0.55177 0.12716 0.00001 ( 4)  0.219
 601 D   0.73351 0.22837 0.03596 0.00214 0.00001 0.00000 ( 1)  0.025
 602 A   0.68130 0.25793 0.05539 0.00530 0.00007 0.00000 ( 1)  0.029
 603 L   0.00020 0.05729 0.36553 0.48016 0.09681 0.00002 ( 4)  0.200
 604 I   0.24694 0.48016 0.23197 0.04002 0.00091 0.00000 ( 2)  0.066
 605 A   0.67803 0.25959 0.05673 0.00557 0.00008 0.00000 ( 1)  0.029
 606 V   0.68638 0.25536 0.05332 0.00489 0.00006 0.00000 ( 1)  0.028
 607 L   0.65626 0.26973 0.06609 0.00777 0.00015 0.00000 ( 1)  0.031
 608 L   0.65625 0.26968 0.06612 0.00779 0.00016 0.00000 ( 1)  0.031
 609 C   0.70937 0.24290 0.04440 0.00331 0.00003 0.00000 ( 1)  0.026
 610 E   0.70351 0.24615 0.04663 0.00368 0.00003 0.00000 ( 1)  0.027
 611 N   0.00046 0.10654 0.48418 0.37932 0.02950 0.00000 ( 3)  0.165
 612 S   0.00214 0.12987 0.42248 0.37945 0.06604 0.00002 ( 3)  0.174
 613 I   0.00011 0.03925 0.32143 0.51881 0.12039 0.00002 ( 4)  0.212
 614 T   0.23975 0.47623 0.23886 0.04400 0.00116 0.00000 ( 2)  0.068
 615 L   0.22234 0.46636 0.25542 0.05402 0.00186 0.00000 ( 2)  0.072
 616 Q   0.00027 0.07124 0.40691 0.45346 0.06812 0.00000 ( 4)  0.187
 617 H   0.30927 0.49493 0.17631 0.01929 0.00020 0.00000 ( 2)  0.056
 618 G   0.68294 0.25709 0.05472 0.00517 0.00007 0.00000 ( 1)  0.029
 619 A   0.00371 0.19229 0.48479 0.29440 0.02482 0.00000 ( 3)  0.148
 620 S   0.64906 0.27298 0.06924 0.00854 0.00018 0.00000 ( 1)  0.032
 621 V   0.00000 0.00383 0.12253 0.53064 0.34277 0.00023 ( 4)  0.285
 622 L   0.68488 0.25610 0.05394 0.00501 0.00006 0.00000 ( 1)  0.028
 623 V   0.00001 0.01280 0.19070 0.51966 0.27657 0.00026 ( 4)  0.263
 624 T   0.00000 0.00435 0.13436 0.54851 0.31265 0.00013 ( 4)  0.278
 625 P   0.03484 0.36562 0.43361 0.15729 0.00864 0.00000 ( 3)  0.113
 626 P   0.25352 0.48196 0.22594 0.03774 0.00085 0.00000 ( 2)  0.065
 627 D   0.00618 0.26885 0.51340 0.20374 0.00783 0.00000 ( 3)  0.127
 628 P   0.00000 0.00317 0.10727 0.50543 0.38372 0.00041 ( 4)  0.296
 629 A   0.00000 0.00001 0.00532 0.16439 0.82090 0.00938 ( 5)  0.403
 630 F   0.73405 0.22809 0.03574 0.00211 0.00001 0.00000 ( 1)  0.025
 631 P   0.69665 0.24984 0.04930 0.00416 0.00005 0.00000 ( 1)  0.027
 632 C   0.00434 0.21405 0.49816 0.26611 0.01734 0.00000 ( 3)  0.141
 633 D   0.00047 0.10870 0.48765 0.37488 0.02829 0.00000 ( 3)  0.164
 634 L   0.02598 0.30631 0.43734 0.21086 0.01951 0.00000 ( 3)  0.127
 635 G   0.00000 0.00159 0.09447 0.55115 0.35271 0.00009 ( 4)  0.291
 636 V   0.00000 0.00004 0.00771 0.17428 0.80379 0.01418 ( 5)  0.403
 637 G   0.00000 0.00652 0.17621 0.58692 0.23031 0.00004 ( 4)  0.256
 638 A   0.00001 0.01769 0.24315 0.55187 0.18721 0.00006 ( 4)  0.238
 639 L   0.62851 0.28108 0.07873 0.01135 0.00033 0.00000 ( 1)  0.034
 640 L   0.00000 0.00001 0.00555 0.20072 0.79141 0.00231 ( 5)  0.392
 641 Q   0.00000 0.00058 0.04424 0.38850 0.56510 0.00158 ( 5)  0.341
 642 R   0.63387 0.27890 0.07628 0.01066 0.00030 0.00000 ( 1)  0.033
 643 D   0.74483 0.22117 0.03228 0.00171 0.00001 0.00000 ( 1)  0.024
 644 L   0.00000 0.00000 0.00000 0.00016 0.07223 0.92760 ( 6)  0.959
 645 L   0.00000 0.00000 0.00000 0.00034 0.14035 0.85932 ( 6)  0.920
 646 L   0.62367 0.28288 0.08101 0.01207 0.00037 0.00000 ( 1)  0.034
 647 E   0.00490 0.23203 0.50561 0.24424 0.01322 0.00000 ( 3)  0.136
 648 D   0.00000 0.00075 0.05527 0.44127 0.50216 0.00054 ( 5)  0.326
 649 L   0.00001 0.01763 0.24360 0.55389 0.18482 0.00005 ( 4)  0.238
 650 R   0.00000 0.00268 0.09536 0.49933 0.40240 0.00023 ( 4)  0.301
 651 Q   0.24599 0.47956 0.23292 0.04058 0.00094 0.00000 ( 2)  0.066
 652 A   0.00000 0.00000 0.00302 0.13937 0.85095 0.00666 ( 5)  0.407
 653 V   0.28110 0.49070 0.20069 0.02711 0.00041 0.00000 ( 2)  0.060
 654 L   0.60786 0.28842 0.08856 0.01463 0.00053 0.00000 ( 1)  0.036
 655 R   0.00000 0.00002 0.00827 0.21254 0.77482 0.00434 ( 5)  0.389
 656 F   0.74076 0.22383 0.03355 0.00185 0.00001 0.00000 ( 1)  0.024
 657 I   0.00413 0.20697 0.49385 0.27534 0.01971 0.00000 ( 3)  0.143
 658 Y   0.24994 0.48106 0.22923 0.03890 0.00087 0.00000 ( 2)  0.066
 659 A   0.00000 0.00001 0.00491 0.15150 0.82530 0.01828 ( 5)  0.411
 660 Y   0.00334 0.17923 0.47640 0.31167 0.02935 0.00000 ( 3)  0.152
 661 A   0.67335 0.26191 0.05866 0.00598 0.00009 0.00000 ( 1)  0.029
 662 P   0.68105 0.25806 0.05549 0.00532 0.00007 0.00000 ( 1)  0.029
 663 G   0.00010 0.03336 0.26820 0.50270 0.19549 0.00016 ( 4)  0.235
 664 A   0.00201 0.12446 0.41581 0.38697 0.07074 0.00002 ( 3)  0.177
 665 A   0.00000 0.00009 0.01641 0.26889 0.71079 0.00382 ( 5)  0.375
 666 A   0.00000 0.00000 0.00000 0.00054 0.15231 0.84715 ( 6)  0.913
 667 Y   0.02910 0.32913 0.43877 0.18912 0.01387 0.00000 ( 3)  0.121
 668 I   0.23891 0.47579 0.23967 0.04445 0.00119 0.00000 ( 2)  0.068
 669 A   0.00001 0.01113 0.18241 0.53266 0.27359 0.00019 ( 4)  0.264

Positively selected sites

	Prob(w>1)  mean w



lnL = -27475.753175

