

TREE # 1

  0  0.0000  34232.504909  x:  0.10192   0.03826   0.06220   0.09224   0.06715   0.05994   0.01935   0.10344   0.07803   0.04486   0.02783   0.09001   0.06107   0.03785   0.08169   0.05922   0.05211   0.02589   0.07848   0.02105   0.03493   0.05803   0.08165   0.02034   0.10363   0.10504   0.10595   0.04862   0.01589   0.03229   0.08039   0.04630   0.07942   0.03417   0.01861   0.08150   0.08861   0.05365   0.10122   0.06619   0.10370   0.08529   0.04981   0.04565   0.03964   0.03520   2.00000   0.90000   0.57410   1.62301  
  1 99.0000  29035.458383  x:  0.17262   0.09947   0.09924   0.14180   0.09321   0.04439   0.01607   0.12294   0.12002   0.09199   0.15404   0.10956   0.19079   0.07358   0.08055   0.13156   0.21302   0.04172   0.07745   0.17135   0.03820   0.04498   0.11583   0.39136   0.17905   0.09202   0.19788   0.10416   0.64462   0.36800   0.13034   0.23912   0.11298   0.12425   0.16764   0.11695   0.13151   0.05542   0.14020   0.07391   0.13118   0.10929   0.22619   0.19515   0.22435   0.10589   2.00228   0.99999   0.51146   1.64437  
  2 26649.4573  28958.135327  x:  0.17793   0.10350   0.10207   0.14636   0.09546   0.04331   0.01659   0.12439   0.12289   0.09406   0.15876   0.10956   0.19904   0.07501   0.08033   0.13618   0.22193   0.04249   0.07682   0.17801   0.03876   0.04387   0.11772   0.40707   0.18444   0.09063   0.20531   0.10793   0.67055   0.38312   0.13381   0.24972   0.11536   0.12852   0.17421   0.11954   0.13544   0.05559   0.14415   0.07485   0.13415   0.11183   0.23558   0.20275   0.23373   0.11120   2.00250   0.94627   0.50607   1.64587  
  3 21494.4083  27996.735680  x:  0.34060   0.19721   0.18805   0.32521   0.17564   0.01175   0.06255   0.16525   0.19571   0.08215   0.07459   0.03220   0.38135   0.05286   0.06145   0.23725   0.34483   0.04123   0.02388   0.16095   0.06713   0.00000   0.14054   0.31863   0.33685   0.02234   0.45966   0.20089   0.47328   0.37510   0.22474   0.39479   0.17773   0.13727   0.15423   0.19354   0.28911   0.05838   0.31406   0.11726   0.26817   0.22538   0.34220   0.26288   0.30900   0.27387   2.01789   0.95174   0.26589   1.71848  
  4 2992.8838  27960.624467  x:  0.35725   0.20646   0.19634   0.34316   0.18304   0.01075   0.06565   0.16907   0.20292   0.08089   0.06595   0.02414   0.40043   0.05043   0.05910   0.24735   0.35773   0.04168   0.01901   0.16034   0.07045   0.02862   0.14279   0.30959   0.35279   0.01490   0.48590   0.20993   0.45237   0.37517   0.23392   0.41024   0.18385   0.13798   0.15205   0.20091   0.30446   0.05752   0.33110   0.12071   0.28140   0.23649   0.35356   0.26944   0.31712   0.29052   2.01963   0.95231   0.24211   1.72598  
  5 15460.4896  27901.991398  x:  0.37086   0.20512   0.19010   0.34917   0.16874   0.06464   0.02935   0.16264   0.20222   0.07883   0.06203   0.02010   0.42498   0.04534   0.04649   0.24867   0.37438   0.05698   0.03044   0.17526   0.04554   0.02968   0.14290   0.30178   0.37314   0.00000   0.51236   0.20532   0.41634   0.39567   0.23741   0.43595   0.18170   0.13256   0.14567   0.20090   0.30725   0.02794   0.33624   0.10105   0.27973   0.23236   0.37201   0.28315   0.33222   0.30414   2.02503   0.95278   0.26602   1.73207  
  6 982.4460  27901.991398  x:  0.37086   0.20512   0.19010   0.34917   0.16874   0.06464   0.02935   0.16264   0.20222   0.07883   0.06203   0.02010   0.42498   0.04534   0.04649   0.24867   0.37438   0.05698   0.03044   0.17526   0.04554   0.02968   0.14290   0.30178   0.37314   0.00000   0.51236   0.20532   0.41634   0.39567   0.23741   0.43595   0.18170   0.13256   0.14567   0.20090   0.30725   0.02794   0.33624   0.10105   0.27973   0.23236   0.37201   0.28315   0.33222   0.30414   2.02503   0.95278   0.26602   1.73207  
  7 1094.8419  27852.367249  x:  0.37345   0.20463   0.18755   0.34859   0.16321   0.05061   0.01916   0.16058   0.20155   0.08044   0.06755   0.02345   0.43197   0.04660   0.04406   0.24936   0.38140   0.05848   0.03045   0.18223   0.04654   0.03019   0.14353   0.31380   0.37790   0.00088   0.51745   0.20481   0.43170   0.41213   0.23800   0.44627   0.18064   0.13343   0.14920   0.20068   0.30654   0.02074   0.33567   0.09593   0.27757   0.22975   0.38044   0.29038   0.34075   0.30672   2.02661   0.98976   0.27170   1.73394  
  8 1339.6343  27790.865377  x:  0.38108   0.20314   0.17990   0.34680   0.14674   0.01550   0.00271   0.15445   0.19902   0.08405   0.08088   0.02980   0.45227   0.04810   0.03670   0.25108   0.40173   0.06157   0.02948   0.20108   0.04810   0.03012   0.14453   0.34831   0.39162   0.00120   0.53233   0.20268   0.47602   0.45956   0.23919   0.47657   0.17723   0.13526   0.15903   0.19978   0.30439   0.00000   0.33389   0.08114   0.27106   0.22176   0.40495   0.31105   0.36553   0.31435   2.03061   0.98205   0.29878   1.73750  
  9 1764.4071  27765.438439  x:  0.38509   0.20241   0.17600   0.34595   0.13833   0.00430   0.01139   0.15130   0.19770   0.08582   0.08746   0.03274   0.46286   0.04868   0.03301   0.25204   0.41233   0.06311   0.02891   0.21072   0.04886   0.03010   0.14501   0.36615   0.39877   0.00132   0.54012   0.20161   0.49900   0.48412   0.23981   0.49238   0.17547   0.13616   0.16411   0.19936   0.30342   0.00000   0.33306   0.07375   0.26778   0.21771   0.41771   0.32177   0.37842   0.31836   2.03273   0.98058   0.31233   1.73947  
 10 8687.1735  27637.301106  x:  0.41358   0.19755   0.14917   0.34049   0.08023   0.03313   0.02661   0.12954   0.18857   0.09766   0.13215   0.05149   0.53756   0.05175   0.00780   0.25919   0.48713   0.07373   0.02460   0.27773   0.05399   0.03003   0.14808   0.49138   0.44929   0.00204   0.59533   0.19446   0.66054   0.65666   0.24426   0.60402   0.16308   0.14219   0.19968   0.19661   0.29715   0.00000   0.32779   0.02356   0.24538   0.18978   0.50774   0.39710   0.46930   0.34685   2.04786   0.97161   0.40627   1.75378  
 11 9836.0753  27552.266266  x:  0.45679   0.21130   0.16466   0.36804   0.12619   0.04359   0.03312   0.13671   0.19087   0.08464   0.11534   0.00000   0.62573   0.01416   0.06240   0.29395   0.57578   0.07820   0.01323   0.31396   0.05100   0.03786   0.14203   0.61015   0.51090   0.00025   0.67034   0.20928   0.82655   0.83105   0.25543   0.73912   0.15748   0.13693   0.23080   0.20207   0.32572   0.00000   0.35437   0.21085   0.27135   0.21117   0.60980   0.47155   0.57037   0.39006   2.07214   0.96291   0.44994   1.79013  
 12 1200.3832  27536.779269  x:  0.47407   0.22724   0.19009   0.39109   0.15986   0.04529   0.03449   0.15612   0.20144   0.09139   0.09589   0.03765   0.64890   0.05107   0.05421   0.30272   0.59027   0.06947   0.01905   0.29802   0.05667   0.02947   0.13556   0.61969   0.52744   0.01782   0.69598   0.22770   0.85599   0.85716   0.26875   0.77413   0.16379   0.12642   0.22502   0.20265   0.34443   0.00000   0.37186   0.21494   0.29002   0.23110   0.63113   0.47776   0.58991   0.40735   2.08382   0.95858   0.44845   1.80859  
 13 448.9804  27520.761442  x:  0.49401   0.24657   0.21489   0.41684   0.18215   0.04455   0.03415   0.17543   0.21044   0.09263   0.05890   0.02556   0.66909   0.04411   0.03287   0.31072   0.59964   0.05300   0.02298   0.27221   0.06126   0.04408   0.12791   0.61790   0.54419   0.00000   0.72333   0.23979   0.87434   0.87250   0.28339   0.80804   0.17295   0.11246   0.21337   0.20328   0.36545   0.00000   0.39216   0.18418   0.30901   0.25127   0.64935   0.47764   0.60584   0.42729   2.09848   0.95915   0.45764   1.82959  
 14 454.0463  27516.531837  x:  0.50227   0.25386   0.22142   0.42613   0.18548   0.04419   0.03396   0.17993   0.21141   0.09634   0.05104   0.01711   0.67637   0.03837   0.03435   0.31649   0.60244   0.06244   0.02931   0.26248   0.05240   0.02820   0.12595   0.61326   0.55080   0.00000   0.73508   0.24525   0.87799   0.87480   0.28937   0.82118   0.17620   0.10627   0.20793   0.20415   0.37349   0.00000   0.40043   0.17079   0.31594   0.25797   0.65522   0.47589   0.61102   0.43554   2.10582   0.95976   0.46280   1.84005  
 15 367.4817  27513.651515  x:  0.51169   0.26093   0.22360   0.43465   0.18246   0.04417   0.03404   0.17996   0.20832   0.10622   0.05913   0.01373   0.68359   0.03588   0.04694   0.32499   0.60406   0.08256   0.03306   0.25390   0.05573   0.03744   0.12494   0.60249   0.55769   0.00000   0.74911   0.25018   0.87699   0.87187   0.29573   0.83550   0.17876   0.09916   0.20174   0.20643   0.38155   0.00000   0.40956   0.16142   0.32275   0.26337   0.65967   0.47195   0.61538   0.44496   2.11643   0.95932   0.46878   1.85576  
 16 218.6582  27511.526840  x:  0.52163   0.26667   0.22023   0.44078   0.17322   0.04413   0.03398   0.17507   0.20008   0.11142   0.07273   0.01369   0.69017   0.03295   0.04853   0.32866   0.60327   0.07543   0.01853   0.25086   0.05882   0.03263   0.12644   0.58680   0.56418   0.00000   0.76442   0.24876   0.87096   0.86296   0.29794   0.85074   0.18013   0.09466   0.19848   0.21121   0.38743   0.00000   0.41769   0.16283   0.32768   0.26547   0.66247   0.46764   0.61960   0.45490   2.13052   0.95978   0.47866   1.87804  
 17 130.2111  27509.666114  x:  0.53209   0.27136   0.21444   0.44526   0.16214   0.04414   0.03394   0.16886   0.18949   0.10833   0.07952   0.01393   0.69681   0.03427   0.04558   0.32903   0.60138   0.06525   0.03101   0.25939   0.05278   0.03487   0.13285   0.56917   0.57090   0.00000   0.78152   0.24634   0.86218   0.84982   0.29598   0.86818   0.18036   0.09303   0.19800   0.21694   0.39036   0.00000   0.42364   0.16824   0.32972   0.26417   0.66437   0.46395   0.62449   0.46537   2.14849   0.95990   0.48809   1.90949  
 18 164.8977  27508.527602  x:  0.53787   0.27213   0.21163   0.44552   0.15857   0.04396   0.03381   0.16816   0.18498   0.09884   0.07203   0.01154   0.70024   0.03745   0.04324   0.32659   0.60028   0.07168   0.02945   0.26771   0.06227   0.03214   0.13719   0.55966   0.57322   0.00000   0.79185   0.24440   0.85561   0.83929   0.29161   0.88104   0.17870   0.09593   0.20104   0.21922   0.38687   0.00000   0.42225   0.16943   0.32580   0.25885   0.66457   0.46376   0.62819   0.47114   2.16315   0.95976   0.49217   1.94122  
 19 108.0982  27507.590464  x:  0.54135   0.27100   0.21118   0.44407   0.15955   0.04383   0.03373   0.17088   0.18460   0.09515   0.06687   0.01402   0.70186   0.03693   0.04237   0.32383   0.59973   0.07750   0.02103   0.27206   0.05333   0.03625   0.13909   0.55462   0.57317   0.00000   0.79850   0.24259   0.85044   0.83100   0.28918   0.89195   0.17584   0.09915   0.20430   0.21907   0.38131   0.00000   0.41796   0.16914   0.32051   0.25351   0.66403   0.46477   0.63092   0.47462   2.17629   0.95950   0.49479   1.97506  
 20 140.1726  27506.037999  x:  0.54334   0.26487   0.21345   0.43773   0.16750   0.04382   0.03375   0.18041   0.18990   0.10470   0.07036   0.01732   0.70078   0.02404   0.04414   0.31913   0.59938   0.07433   0.02424   0.27241   0.05617   0.03450   0.13990   0.55464   0.56860   0.00000   0.80349   0.23973   0.84281   0.82032   0.29013   0.90913   0.16765   0.10278   0.20857   0.21341   0.36899   0.00000   0.40569   0.16787   0.31095   0.24690   0.66135   0.46778   0.63319   0.47661   2.19930   0.95854   0.49913   2.05090  
 21 118.6127  27504.538588  x:  0.54156   0.25807   0.21223   0.42967   0.16907   0.04373   0.03369   0.18417   0.19066   0.10880   0.07288   0.00519   0.69763   0.03717   0.04786   0.31729   0.59913   0.06878   0.02545   0.26440   0.05493   0.03428   0.13631   0.56098   0.56148   0.00000   0.80129   0.23845   0.83891   0.81600   0.29009   0.92029   0.16117   0.10192   0.20870   0.20637   0.36274   0.00000   0.39689   0.16627   0.30824   0.24807   0.65836   0.46951   0.63208   0.47483   2.21785   0.95838   0.50997   2.13445  
 22 150.1283  27501.648070  x:  0.53309   0.24849   0.20490   0.41531   0.16134   0.04372   0.03361   0.17971   0.18001   0.09761   0.06488   0.01898   0.68590   0.03617   0.04710   0.31657   0.59736   0.06919   0.02957   0.24327   0.05570   0.03353   0.12486   0.58013   0.54580   0.00000   0.78563   0.23925   0.83753   0.81617   0.28513   0.93293   0.15722   0.09543   0.20367   0.19572   0.36567   0.00000   0.39143   0.16804   0.31599   0.26159   0.65312   0.46955   0.62481   0.46637   2.24866   0.95848   0.54137   2.33482  
 23 213.7704  27498.132286  x:  0.51779   0.25712   0.21055   0.41869   0.16497   0.04374   0.03363   0.17341   0.17093   0.10017   0.07567   0.01338   0.67029   0.03572   0.02953   0.31545   0.59090   0.07566   0.02543   0.26129   0.05450   0.03257   0.12654   0.59633   0.53846   0.00000   0.75490   0.24381   0.84226   0.82916   0.28690   0.92242   0.17784   0.09939   0.20216   0.20482   0.38160   0.00000   0.40418   0.16468   0.32095   0.26076   0.64991   0.46543   0.61302   0.45106   2.25767   0.95521   0.55594   2.59300  
 24 187.8712  27496.231138  x:  0.51008   0.26252   0.21445   0.42708   0.16259   0.04372   0.03359   0.17211   0.17311   0.09767   0.06805   0.01606   0.66638   0.03525   0.05219   0.32141   0.58988   0.06464   0.02335   0.26964   0.05465   0.03210   0.13109   0.59314   0.54412   0.00000   0.73981   0.23874   0.84872   0.83954   0.28493   0.90270   0.18608   0.09856   0.20023   0.21180   0.38218   0.00000   0.41011   0.15696   0.31502   0.24930   0.64928   0.46130   0.60682   0.44335   2.24271   0.95495   0.57770   2.73953  
 25 191.2467  27493.962664  x:  0.50596   0.26084   0.21231   0.43697   0.15502   0.04395   0.03373   0.17073   0.18662   0.10270   0.06620   0.01390   0.67275   0.03399   0.04083   0.31321   0.58794   0.07116   0.02511   0.26075   0.05447   0.03284   0.12893   0.56913   0.56015   0.00000   0.73610   0.23476   0.85877   0.85367   0.28329   0.86228   0.17910   0.09119   0.19676   0.21369   0.36689   0.00000   0.40771   0.16831   0.30735   0.24123   0.64942   0.45764   0.60426   0.43923   2.19261   0.95621   0.61699   2.91248  
 26 134.6259  27493.182219  x:  0.51018   0.25820   0.20543   0.43141   0.15437   0.04375   0.03361   0.16528   0.18784   0.09699   0.06962   0.01238   0.67912   0.03093   0.04268   0.31556   0.58963   0.06871   0.02417   0.26025   0.05386   0.03298   0.12863   0.56240   0.56210   0.00000   0.74649   0.23916   0.86078   0.85476   0.28199   0.84517   0.17314   0.09859   0.20022   0.20882   0.36480   0.00000   0.40129   0.16271   0.31170   0.25202   0.65050   0.46123   0.61077   0.44345   2.16064   0.95497   0.61259   2.97554  
 27 67.1063  27492.947090  x:  0.51541   0.25886   0.20536   0.42606   0.15803   0.04375   0.03360   0.16620   0.18845   0.09916   0.06827   0.01388   0.68131   0.03302   0.04190   0.31664   0.59026   0.06940   0.02427   0.26273   0.05413   0.03254   0.12967   0.56589   0.55784   0.00000   0.75511   0.23240   0.85893   0.85069   0.28350   0.84306   0.17128   0.09686   0.19972   0.20556   0.37173   0.00000   0.40214   0.16227   0.31235   0.24972   0.65183   0.46132   0.61383   0.44868   2.14424   0.95510   0.61507   2.99415  
 28 25.5919  27492.876560  x:  0.51724   0.26003   0.20626   0.42541   0.15795   0.04375   0.03360   0.16731   0.18816   0.09878   0.06877   0.01410   0.68071   0.03334   0.04209   0.31602   0.59034   0.06879   0.02425   0.26219   0.05423   0.03256   0.13008   0.56931   0.55510   0.00000   0.75776   0.23863   0.85742   0.84788   0.28290   0.84485   0.17179   0.09580   0.20077   0.20665   0.37188   0.00000   0.40301   0.16248   0.31094   0.24722   0.65262   0.46103   0.61449   0.45052   2.13728   0.95535   0.61752   2.99859  
 29 12.7772  27492.800800  x:  0.51755   0.26107   0.20722   0.42942   0.15685   0.04374   0.03358   0.16818   0.18682   0.09793   0.06988   0.01405   0.67841   0.03339   0.04252   0.31494   0.59053   0.06921   0.02456   0.26181   0.05418   0.03255   0.12873   0.57360   0.55314   0.00000   0.75745   0.23567   0.85579   0.84462   0.28252   0.85118   0.17319   0.09556   0.20238   0.20955   0.36700   0.00000   0.40371   0.16206   0.31132   0.25010   0.65348   0.46077   0.61455   0.45082   2.12941   0.95555   0.61833   3.00067  
 30  5.9317  27492.622661  x:  0.51475   0.25682   0.20460   0.43235   0.15451   0.04359   0.03344   0.16644   0.18286   0.10021   0.06722   0.01332   0.67557   0.03231   0.04178   0.31646   0.59090   0.06905   0.02352   0.26398   0.05403   0.03282   0.13001   0.57589   0.55627   0.00000   0.75316   0.23646   0.85506   0.84201   0.28435   0.86458   0.17029   0.09316   0.19774   0.20545   0.36726   0.00000   0.40333   0.16177   0.31159   0.24842   0.65291   0.46000   0.61347   0.44803   2.11890   0.95586   0.61603   3.00159  
 31  5.7994  27492.093402  x:  0.50932   0.25531   0.20759   0.42549   0.15531   0.04337   0.03317   0.16893   0.18076   0.09602   0.07115   0.01272   0.67523   0.03191   0.04089   0.31802   0.59056   0.06927   0.02539   0.25846   0.05392   0.03295   0.12346   0.56754   0.56434   0.00000   0.74478   0.23443   0.85679   0.84420   0.28281   0.88924   0.17289   0.10399   0.19918   0.20340   0.37768   0.00000   0.40082   0.15967   0.30991   0.24273   0.65227   0.46275   0.61491   0.44259   2.10625   0.95762   0.61927   3.00039  
 32 10.7785  27489.983238  x:  0.50628   0.25594   0.21448   0.40421   0.16092   0.04268   0.03227   0.17420   0.18002   0.10419   0.06621   0.01490   0.69015   0.03379   0.04244   0.30945   0.59064   0.06945   0.02274   0.26860   0.05468   0.03278   0.14159   0.55361   0.57518   0.00000   0.74276   0.23975   0.86984   0.86651   0.28102   0.92372   0.17264   0.09270   0.20847   0.21274   0.37407   0.00000   0.39538   0.14768   0.31317   0.26438   0.65428   0.46491   0.61305   0.43957   2.10632   0.96410   0.63004   2.99260  
 33 12.5898  27485.173635  x:  0.51866   0.26205   0.20520   0.41940   0.16225   0.04061   0.02984   0.16452   0.17050   0.09965   0.06695   0.01493   0.71547   0.03267   0.03690   0.31351   0.59708   0.06692   0.02507   0.26364   0.05452   0.03261   0.12097   0.56292   0.55828   0.00000   0.76664   0.23594   0.89997   0.91254   0.28544   0.94010   0.17314   0.07863   0.20729   0.20387   0.35310   0.00000   0.40167   0.12793   0.30551   0.24284   0.66100   0.46993   0.62331   0.45198   2.13846   0.97562   0.61836   2.97524  
 34 31.1856  27483.782682  x:  0.52366   0.26191   0.20542   0.42424   0.14163   0.04008   0.02922   0.17246   0.18083   0.10351   0.06485   0.01277   0.70946   0.03002   0.03508   0.31494   0.59876   0.06843   0.02411   0.25952   0.05424   0.03375   0.13243   0.58309   0.55746   0.00000   0.77325   0.23228   0.90431   0.91446   0.28465   0.93121   0.17101   0.09270   0.20634   0.20057   0.36205   0.00000   0.40075   0.12710   0.30853   0.24332   0.66530   0.47261   0.63306   0.45699   2.15212   0.97950   0.62478   2.96782  
 35 41.6930  27483.506463  x:  0.52491   0.25843   0.20481   0.42518   0.14789   0.04006   0.02916   0.17085   0.18046   0.10129   0.06782   0.01130   0.70283   0.02813   0.03549   0.31433   0.60033   0.06914   0.02350   0.26478   0.05412   0.03418   0.12798   0.58920   0.56144   0.00000   0.77351   0.23261   0.90452   0.90966   0.28262   0.92516   0.16680   0.09214   0.20554   0.20188   0.36696   0.00000   0.39858   0.12450   0.30850   0.24621   0.66922   0.47311   0.63604   0.45824   2.15594   0.98091   0.63404   2.96520  
 36 23.9960  27483.438541  x:  0.52586   0.25867   0.20507   0.42161   0.14678   0.03999   0.02909   0.16966   0.18017   0.10280   0.06637   0.01142   0.69906   0.02860   0.03515   0.31455   0.60276   0.06890   0.02369   0.26434   0.05418   0.03415   0.12418   0.59138   0.56913   0.00000   0.77269   0.23264   0.90583   0.90463   0.28477   0.92275   0.16801   0.09000   0.20689   0.20385   0.36617   0.00000   0.39867   0.12446   0.30774   0.24584   0.67401   0.47454   0.63832   0.45919   2.15755   0.98091   0.63238   2.96561  
 37  9.2340  27483.416061  x:  0.52609   0.25930   0.20552   0.42176   0.14773   0.03999   0.02910   0.16994   0.18062   0.10129   0.06792   0.01153   0.69852   0.02885   0.03484   0.31465   0.60336   0.06900   0.02372   0.26355   0.05415   0.03407   0.12579   0.59227   0.57245   0.00000   0.77213   0.23245   0.90703   0.90242   0.28357   0.92231   0.16902   0.08907   0.20604   0.20157   0.36495   0.00000   0.39900   0.12413   0.30811   0.24545   0.67567   0.47471   0.63938   0.45941   2.15815   0.98086   0.63202   2.96615  
 38  4.9000  27483.345278  x:  0.52501   0.26004   0.20482   0.42525   0.14663   0.04001   0.02912   0.17198   0.18238   0.10336   0.06740   0.01191   0.70138   0.02950   0.03518   0.31430   0.60247   0.06873   0.02362   0.26668   0.05436   0.03387   0.12272   0.59122   0.57253   0.00000   0.77046   0.23408   0.91171   0.89668   0.28164   0.92222   0.16949   0.09029   0.20663   0.19720   0.36483   0.00000   0.39988   0.12378   0.30962   0.24685   0.67861   0.47506   0.64237   0.45834   2.15935   0.98078   0.63327   2.96885  
 39  2.3912  27483.012326  x:  0.52038   0.25844   0.20197   0.43069   0.14859   0.03995   0.02907   0.17137   0.17967   0.10341   0.06803   0.01135   0.71141   0.02919   0.03452   0.31431   0.59903   0.06898   0.02420   0.26142   0.05433   0.03404   0.12877   0.59154   0.56662   0.00000   0.76650   0.23314   0.92757   0.88209   0.28503   0.92111   0.16472   0.08902   0.21325   0.20115   0.36968   0.00000   0.40020   0.12060   0.30726   0.24617   0.68645   0.47603   0.64853   0.45371   2.16274   0.97980   0.63450   2.98204  
 40  6.7229  27481.857303  x:  0.51967   0.26533   0.21386   0.41430   0.13998   0.03996   0.02913   0.17398   0.17858   0.09593   0.07316   0.00767   0.71769   0.02429   0.03296   0.31764   0.60065   0.06952   0.02328   0.26809   0.05390   0.03494   0.12668   0.59402   0.55150   0.00000   0.76848   0.23048   0.95093   0.87121   0.29139   0.92037   0.16965   0.08143   0.20224   0.20038   0.36649   0.00000   0.39632   0.11471   0.30890   0.24592   0.68811   0.47294   0.65091   0.45301   2.16989   0.97664   0.64284   3.02601  
 41 12.6615  27479.041150  x:  0.53383   0.26910   0.20421   0.41677   0.15020   0.04015   0.02928   0.16028   0.17352   0.11714   0.06352   0.00697   0.69938   0.02527   0.02857   0.31925   0.61514   0.06995   0.02396   0.26496   0.05474   0.03621   0.12999   0.60636   0.55722   0.00000   0.78954   0.23163   0.95846   0.88811   0.28022   0.92689   0.18030   0.10491   0.19404   0.20304   0.36095   0.00000   0.39807   0.09531   0.31207   0.24659   0.67668   0.48043   0.65489   0.46719   2.18975   0.96908   0.66886   3.14047  
 42 35.7924  27477.446457  x:  0.54248   0.25851   0.20221   0.43252   0.14215   0.04013   0.02931   0.17249   0.19082   0.10619   0.06989   0.00865   0.69033   0.02759   0.02673   0.32047   0.61956   0.06969   0.02391   0.27109   0.05514   0.03581   0.12393   0.61450   0.57178   0.00000   0.80078   0.23318   0.94347   0.90979   0.28643   0.93372   0.16612   0.09915   0.20343   0.20598   0.37168   0.00000   0.40337   0.08270   0.31107   0.24873   0.67533   0.48587   0.65292   0.47585   2.20231   0.96366   0.67196   3.20718  
 43 63.5169  27477.204891  x:  0.54309   0.26172   0.20609   0.43431   0.14125   0.04018   0.02935   0.17193   0.18416   0.10616   0.06911   0.00894   0.69878   0.02728   0.02694   0.32102   0.61337   0.07002   0.02379   0.27174   0.05518   0.03601   0.12331   0.61987   0.57589   0.00000   0.79685   0.23343   0.92710   0.91663   0.29224   0.93151   0.16707   0.09841   0.21183   0.19693   0.37172   0.00000   0.39941   0.08174   0.31119   0.24892   0.68362   0.48533   0.65467   0.47646   2.20395   0.96321   0.67639   3.21640  
 44 17.1167  27477.171363  x:  0.54240   0.26152   0.20490   0.43256   0.14121   0.04015   0.02932   0.17245   0.18479   0.10706   0.06902   0.00876   0.70212   0.02685   0.02699   0.32069   0.61286   0.07006   0.02382   0.27134   0.05512   0.03607   0.12273   0.62099   0.57542   0.00000   0.79493   0.23297   0.92216   0.91827   0.28813   0.93130   0.16672   0.09750   0.21032   0.19806   0.37160   0.00000   0.40126   0.08124   0.31124   0.24850   0.68812   0.48500   0.65654   0.47577   2.20408   0.96304   0.67550   3.21774  
 45  7.2314  27477.165022  x:  0.54194   0.26155   0.20402   0.43255   0.14157   0.04016   0.02933   0.17221   0.18576   0.10655   0.06902   0.00894   0.70244   0.02701   0.02692   0.32077   0.61363   0.07004   0.02383   0.27152   0.05515   0.03605   0.12308   0.62061   0.57474   0.00000   0.79443   0.23321   0.92076   0.91858   0.28974   0.93145   0.16722   0.09810   0.20861   0.19863   0.37114   0.00000   0.40116   0.08131   0.31102   0.24874   0.68952   0.48517   0.65801   0.47531   2.20414   0.96305   0.67600   3.21797  
 46  2.3030  27477.147387  x:  0.54054   0.26216   0.20626   0.43360   0.14085   0.04015   0.02931   0.17032   0.18609   0.10694   0.06892   0.00906   0.70061   0.02724   0.02662   0.32099   0.61645   0.07005   0.02385   0.27151   0.05517   0.03602   0.12388   0.61866   0.57266   0.00000   0.79440   0.23320   0.91954   0.91942   0.28881   0.93162   0.16699   0.09623   0.20919   0.19837   0.37159   0.00000   0.39959   0.08134   0.31206   0.24807   0.69057   0.48696   0.66126   0.47392   2.20402   0.96301   0.67610   3.21854  
 47  0.8135  27477.036603  x:  0.53686   0.26372   0.20439   0.43123   0.13988   0.04016   0.02928   0.17099   0.18462   0.10701   0.06926   0.00915   0.69622   0.02743   0.02644   0.32041   0.61639   0.07010   0.02387   0.27157   0.05518   0.03600   0.12498   0.61651   0.57056   0.00000   0.79535   0.23259   0.92053   0.92279   0.28877   0.93213   0.16790   0.09269   0.21277   0.19400   0.37098   0.00000   0.40637   0.08216   0.30518   0.25076   0.68901   0.48816   0.66844   0.47024   2.20256   0.96280   0.67805   3.22153  
 48  1.5351  27476.572562  x:  0.53075   0.26386   0.19525   0.42590   0.13775   0.04023   0.02915   0.17657   0.18160   0.10654   0.07121   0.01058   0.69618   0.02912   0.02641   0.31778   0.60736   0.07005   0.02409   0.27312   0.05545   0.03556   0.12483   0.61904   0.57325   0.00000   0.79600   0.23202   0.92965   0.93250   0.28976   0.93567   0.16877   0.08856   0.21697   0.19801   0.36491   0.00000   0.40511   0.08430   0.31700   0.24118   0.68531   0.48478   0.67694   0.46415   2.19689   0.96188   0.68591   3.23485  
 49  6.0213  27476.136870  x:  0.53244   0.26175   0.20031   0.42782   0.13142   0.04026   0.02900   0.17065   0.18065   0.10735   0.07330   0.01271   0.70779   0.03151   0.02459   0.31693   0.60828   0.06988   0.02455   0.27409   0.05581   0.03483   0.12345   0.62414   0.57698   0.00000   0.79218   0.23172   0.93837   0.93757   0.28502   0.93968   0.16870   0.09094   0.21023   0.20248   0.36617   0.00000   0.39606   0.08827   0.30533   0.24315   0.68678   0.48345   0.66840   0.46587   2.19192   0.96078   0.69015   3.24813  
 50 13.9589  27476.043693  x:  0.53419   0.25903   0.20178   0.42618   0.13085   0.04027   0.02898   0.16673   0.18288   0.10690   0.07388   0.01284   0.71142   0.03157   0.02434   0.31561   0.61427   0.07002   0.02459   0.27461   0.05587   0.03482   0.12442   0.62378   0.57543   0.00000   0.78865   0.23173   0.93939   0.93668   0.28645   0.94041   0.16720   0.09370   0.21273   0.20043   0.36423   0.00000   0.40229   0.08846   0.30750   0.24165   0.68957   0.48776   0.65917   0.46762   2.19084   0.96068   0.69316   3.25060  
 51 10.5104  27476.037939  x:  0.53453   0.25945   0.20016   0.42618   0.13096   0.04027   0.02898   0.16752   0.18320   0.10697   0.07392   0.01280   0.71095   0.03154   0.02388   0.31705   0.61490   0.07005   0.02460   0.27467   0.05586   0.03484   0.12470   0.62322   0.57477   0.00000   0.78832   0.23168   0.93958   0.93674   0.28613   0.94052   0.16808   0.09321   0.21351   0.20008   0.36440   0.00000   0.40148   0.08861   0.30733   0.24171   0.69091   0.48837   0.65732   0.46796   2.19069   0.96068   0.69344   3.25067  
 52  2.9426  27476.037052  x:  0.53463   0.25952   0.19999   0.42624   0.13091   0.04027   0.02898   0.16784   0.18285   0.10696   0.07394   0.01279   0.71048   0.03154   0.02411   0.31624   0.61492   0.07004   0.02460   0.27461   0.05586   0.03483   0.12477   0.62292   0.57455   0.00000   0.78843   0.23165   0.93981   0.93698   0.28618   0.94053   0.16809   0.09329   0.21338   0.19987   0.36458   0.00000   0.40130   0.08859   0.30731   0.24168   0.69174   0.48831   0.65689   0.46807   2.19065   0.96066   0.69328   3.25066  
 53  0.8751  27476.035947  x:  0.53467   0.25927   0.20045   0.42618   0.13092   0.04027   0.02898   0.16799   0.18250   0.10700   0.07391   0.01282   0.70986   0.03161   0.02401   0.31677   0.61441   0.07004   0.02460   0.27464   0.05586   0.03482   0.12487   0.62260   0.57437   0.00000   0.78866   0.23168   0.94011   0.93730   0.28617   0.94058   0.16759   0.09373   0.21324   0.19986   0.36429   0.00000   0.40150   0.08859   0.30731   0.24170   0.69274   0.48805   0.65667   0.46810   2.19061   0.96066   0.69329   3.25055  
 54  0.4822  27476.001669  x:  0.53410   0.25868   0.20076   0.42580   0.13183   0.04020   0.02886   0.16301   0.18749   0.10685   0.07360   0.01278   0.70935   0.03145   0.02513   0.31654   0.61144   0.07015   0.02454   0.27460   0.05585   0.03476   0.12494   0.62319   0.57448   0.00000   0.78971   0.23185   0.94355   0.93980   0.28634   0.94288   0.16992   0.09303   0.21481   0.19912   0.36511   0.00000   0.40126   0.08765   0.30746   0.24209   0.69526   0.48596   0.65661   0.46753   2.18872   0.96044   0.69333   3.24529  
 55  0.1836  27475.882020  x:  0.53237   0.25983   0.20195   0.42637   0.13424   0.03995   0.02846   0.16791   0.18306   0.10693   0.07378   0.01302   0.71413   0.03135   0.02688   0.31898   0.61777   0.07087   0.02444   0.27530   0.05588   0.03440   0.12533   0.62461   0.57726   0.00000   0.78772   0.23307   0.95232   0.94679   0.28751   0.94486   0.17049   0.09262   0.21387   0.20094   0.36646   0.00000   0.40202   0.08408   0.30828   0.24373   0.69489   0.48996   0.65901   0.46577   2.18215   0.95980   0.69463   3.22683  
 56  3.5860  27475.880956  x:  0.53302   0.26092   0.20175   0.42629   0.13429   0.03995   0.02846   0.16771   0.18327   0.10691   0.07377   0.01302   0.71388   0.03136   0.02693   0.31895   0.61743   0.07088   0.02444   0.27532   0.05588   0.03439   0.12536   0.62452   0.57716   0.00000   0.78671   0.23309   0.95254   0.94696   0.28754   0.94502   0.16961   0.09259   0.21378   0.20098   0.36645   0.00000   0.40200   0.08406   0.30827   0.24373   0.69472   0.49021   0.65933   0.46642   2.18208   0.95979   0.69457   3.22662  
 57  0.9087  27475.879390  x:  0.53392   0.25986   0.20181   0.42635   0.13428   0.03994   0.02844   0.16791   0.18315   0.10693   0.07376   0.01300   0.71380   0.03136   0.02685   0.31899   0.61792   0.07090   0.02444   0.27532   0.05588   0.03439   0.12546   0.62428   0.57694   0.00000   0.78573   0.23311   0.95276   0.94729   0.28754   0.94499   0.17007   0.09254   0.21419   0.20091   0.36648   0.00000   0.40198   0.08414   0.30830   0.24373   0.69465   0.48915   0.66010   0.46732   2.18204   0.95976   0.69444   3.22578  
 58  0.0933  27475.825131  x:  0.53558   0.25820   0.20263   0.42880   0.13481   0.03968   0.02800   0.16842   0.18432   0.10692   0.07358   0.01260   0.71420   0.03092   0.02622   0.31900   0.61649   0.07097   0.02424   0.27595   0.05599   0.03444   0.12515   0.62637   0.57995   0.00000   0.78772   0.23369   0.95457   0.95231   0.28844   0.94433   0.17121   0.09241   0.21301   0.20118   0.36817   0.00000   0.40286   0.08677   0.30940   0.24457   0.69659   0.49529   0.66236   0.46899   2.18160   0.95883   0.69151   3.19505  
 59  0.4225  27475.811384  x:  0.53458   0.26078   0.20216   0.42908   0.13513   0.03961   0.02788   0.16834   0.18505   0.10686   0.07355   0.01252   0.71456   0.03082   0.02569   0.31926   0.61956   0.07099   0.02420   0.27609   0.05602   0.03445   0.12481   0.62751   0.58120   0.00000   0.78911   0.23382   0.95491   0.95353   0.28865   0.94440   0.16912   0.09342   0.21397   0.20091   0.36862   0.00000   0.40296   0.08741   0.30966   0.24476   0.69732   0.49186   0.66221   0.46799   2.18164   0.95859   0.69067   3.18733  
 60  4.6123  27475.773075  x:  0.53608   0.26155   0.20220   0.42820   0.13399   0.03879   0.02683   0.16829   0.18417   0.10742   0.07331   0.01232   0.71657   0.03074   0.02580   0.31985   0.61992   0.07019   0.02421   0.27618   0.05590   0.03473   0.12502   0.62795   0.57974   0.00000   0.79174   0.23338   0.95634   0.95218   0.28839   0.94728   0.16967   0.09337   0.21434   0.20064   0.36702   0.00000   0.40330   0.08651   0.30931   0.24418   0.69778   0.49225   0.66305   0.46964   2.18530   0.95809   0.68757   3.18503  
 61  0.0040  27475.755935  x:  0.53514   0.26117   0.20215   0.42788   0.13499   0.03835   0.02622   0.16835   0.18399   0.10722   0.07368   0.01244   0.71525   0.03106   0.02629   0.31943   0.61901   0.07081   0.02436   0.27600   0.05596   0.03461   0.12525   0.62674   0.57901   0.00000   0.78999   0.23352   0.95315   0.94914   0.28822   0.94597   0.16942   0.09330   0.21412   0.20083   0.36725   0.00000   0.40288   0.08734   0.30917   0.24437   0.69666   0.49138   0.66135   0.46876   2.18417   0.95811   0.69018   3.20371  
 62  0.0102  27475.754426  x:  0.53485   0.26109   0.20212   0.42815   0.13475   0.03832   0.02613   0.16835   0.18421   0.10707   0.07363   0.01247   0.71481   0.03097   0.02595   0.31926   0.61882   0.07069   0.02429   0.27586   0.05597   0.03459   0.12514   0.62652   0.57922   0.00000   0.78966   0.23348   0.95339   0.94959   0.28830   0.94541   0.16945   0.09326   0.21395   0.20074   0.36736   0.00000   0.40284   0.08706   0.30925   0.24435   0.69648   0.49129   0.66148   0.46847   2.18400   0.95817   0.69153   3.21045  
 63  0.0060  27475.754154  x:  0.53489   0.26107   0.20209   0.42815   0.13465   0.03836   0.02610   0.16834   0.18424   0.10707   0.07359   0.01252   0.71472   0.03090   0.02612   0.31935   0.61885   0.07061   0.02426   0.27588   0.05593   0.03461   0.12505   0.62667   0.57932   0.00000   0.78967   0.23345   0.95333   0.94998   0.28817   0.94508   0.16941   0.09333   0.21396   0.20073   0.36735   0.00000   0.40284   0.08715   0.30920   0.24432   0.69645   0.49130   0.66143   0.46852   2.18428   0.95824   0.69176   3.21086  
 64  0.0005  27475.753635  x:  0.53501   0.26109   0.20211   0.42797   0.13488   0.03851   0.02597   0.16833   0.18416   0.10710   0.07354   0.01250   0.71498   0.03091   0.02601   0.31925   0.61892   0.07068   0.02430   0.27586   0.05594   0.03461   0.12503   0.62679   0.57925   0.00000   0.78982   0.23345   0.95351   0.95028   0.28815   0.94543   0.16940   0.09326   0.21400   0.20071   0.36732   0.00000   0.40281   0.08715   0.30917   0.24435   0.69659   0.49137   0.66145   0.46865   2.18434   0.95835   0.69157   3.20973  
 65  0.0003  27475.753222  x:  0.53488   0.26107   0.20208   0.42819   0.13465   0.03867   0.02588   0.16835   0.18420   0.10708   0.07362   0.01246   0.71480   0.03095   0.02607   0.31932   0.61887   0.07066   0.02428   0.27589   0.05596   0.03459   0.12511   0.62667   0.57930   0.00000   0.78972   0.23348   0.95337   0.94984   0.28828   0.94553   0.16941   0.09327   0.21398   0.20073   0.36735   0.00000   0.40283   0.08714   0.30925   0.24435   0.69654   0.49132   0.66153   0.46852   2.18407   0.95827   0.69150   3.20970  
 66  0.0003  27475.753176  x:  0.53490   0.26108   0.20209   0.42812   0.13473   0.03869   0.02588   0.16835   0.18420   0.10708   0.07360   0.01249   0.71480   0.03094   0.02606   0.31930   0.61885   0.07064   0.02428   0.27587   0.05595   0.03460   0.12508   0.62663   0.57926   0.00000   0.78970   0.23346   0.95333   0.94978   0.28821   0.94533   0.16943   0.09329   0.21397   0.20073   0.36735   0.00000   0.40283   0.08711   0.30921   0.24433   0.69648   0.49131   0.66145   0.46853   2.18415   0.95823   0.69153   3.20988  
 67  0.0003  27475.753175  x:  0.53490   0.26109   0.20209   0.42812   0.13472   0.03869   0.02588   0.16834   0.18420   0.10708   0.07360   0.01249   0.71481   0.03094   0.02606   0.31930   0.61885   0.07065   0.02428   0.27587   0.05595   0.03460   0.12509   0.62662   0.57926   0.00000   0.78971   0.23347   0.95333   0.94980   0.28821   0.94530   0.16943   0.09329   0.21397   0.20074   0.36734   0.00000   0.40283   0.08711   0.30922   0.24434   0.69648   0.49130   0.66144   0.46853   2.18416   0.95823   0.69152   3.20988  
 68  0.0000  27475.753175  x:  0.53490   0.26108   0.20209   0.42812   0.13472   0.03869   0.02588   0.16834   0.18420   0.10708   0.07360   0.01249   0.71481   0.03094   0.02606   0.31930   0.61885   0.07065   0.02428   0.27587   0.05595   0.03460   0.12509   0.62662   0.57926   0.00000   0.78971   0.23347   0.95333   0.94980   0.28822   0.94530   0.16943   0.09329   0.21397   0.20074   0.36734   0.00000   0.40283   0.08711   0.30922   0.24434   0.69648   0.49130   0.66144   0.46853   2.18416   0.95823   0.69152   3.20988  
 69  0.0000  27475.753175  x:  0.53490   0.26108   0.20209   0.42812   0.13472   0.03869   0.02588   0.16834   0.18421   0.10708   0.07360   0.01249   0.71481   0.03094   0.02606   0.31930   0.61885   0.07065   0.02428   0.27587   0.05595   0.03460   0.12509   0.62662   0.57926   0.00000   0.78971   0.23347   0.95333   0.94980   0.28822   0.94530   0.16943   0.09329   0.21397   0.20074   0.36734   0.00000   0.40283   0.08711   0.30922   0.24434   0.69648   0.49130   0.66144   0.46853   2.18416   0.95823   0.69152   3.20987  