

TREE # 1

  0  0.0000   7071.039056  x:  0.10113   0.01405   0.11979   0.05632   0.02104   0.02107   0.13018   0.05638   0.12106   0.03377   0.12235   0.08830   0.05660   0.06419   0.02843   0.03578   0.16403   0.02441   0.15005   0.02394   0.03402   0.03505   0.02792   0.09098   0.06763   0.01254   0.09617   0.06212   0.03375   0.15192   0.09723   0.19933   0.01835   0.07842   0.08004   0.01432   0.01623   1.76738   0.90000   0.25750   1.80810  
  1 99.0000   6674.565046  x:  0.13040   0.05327   0.14825   0.08724   0.05443   0.05693   0.15759   0.08474   0.15069   0.06575   0.15051   0.11558   0.08802   0.09465   0.06357   0.06738   0.19059   0.06248   0.17611   0.05772   0.07073   0.06707   0.06085   0.12038   0.09920   0.05013   0.12551   0.09424   0.06726   0.17904   0.12683   0.22419   0.05834   0.10783   0.10919   0.04954   0.04926   1.76761   0.99999   0.21168   1.81453  
  2 2691.4484   6474.692058  x:  0.19916   0.14473   0.21522   0.15975   0.13237   0.14073   0.22210   0.15131   0.22043   0.14068   0.21677   0.17968   0.16175   0.16612   0.14568   0.14141   0.25315   0.15159   0.23745   0.13676   0.15667   0.14196   0.13777   0.18952   0.17330   0.13775   0.19450   0.16957   0.14571   0.24293   0.19644   0.28276   0.15164   0.17688   0.17768   0.13148   0.12609   1.76811   0.99204   0.10381   1.82962  
  3 11025.8580   6390.390354  x:  0.24953   0.10996   0.29911   0.19068   0.09849   0.13196   0.30559   0.19217   0.31561   0.16827   0.30098   0.24095   0.21172   0.19050   0.11657   0.16463   0.35466   0.18179   0.32158   0.15762   0.18006   0.13281   0.11315   0.25672   0.20821   0.09364   0.26492   0.19586   0.15542   0.35782   0.27506   0.39595   0.11667   0.21559   0.22777   0.04509   0.03762   1.76530   0.99199   0.33028   1.82692  
  4 580.0338   6339.079832  x:  0.28713   0.03506   0.35622   0.19162   0.03665   0.09144   0.36621   0.20298   0.37985   0.16222   0.35772   0.27452   0.22775   0.19870   0.06463   0.15457   0.43479   0.16981   0.38504   0.14140   0.16935   0.09748   0.06939   0.29436   0.21768   0.01314   0.30686   0.19673   0.13574   0.44126   0.32186   0.49205   0.04575   0.23150   0.25675   0.01009   0.01911   1.76662   0.99329   0.23689   1.85910  
  5 392.7135   6331.222426  x:  0.29261   0.02253   0.36501   0.19103   0.02772   0.08369   0.37574   0.20390   0.38987   0.16011   0.36645   0.27936   0.22932   0.19931   0.05567   0.15174   0.44776   0.16628   0.39508   0.13739   0.16638   0.09086   0.06278   0.29969   0.21837   0.00000   0.31303   0.19614   0.13130   0.45474   0.32889   0.50787   0.03391   0.23336   0.26068   0.02138   0.02620   1.76679   0.99342   0.22996   1.86356  
  6 1334.5871   6321.650998  x:  0.30748   0.01514   0.38455   0.18500   0.08276   0.05122   0.40179   0.19369   0.41167   0.13554   0.38410   0.28371   0.21574   0.20045   0.04427   0.12394   0.48809   0.12717   0.42312   0.10213   0.14154   0.06855   0.08777   0.30244   0.21334   0.00320   0.32273   0.19396   0.10182   0.49175   0.33922   0.56258   0.03152   0.23365   0.26460   0.00799   0.05691   1.76840   0.99361   0.22065   1.87893  
  7 203.0021   6316.596210  x:  0.31511   0.01508   0.39426   0.18088   0.10999   0.03437   0.41710   0.18633   0.42315   0.11849   0.39335   0.28543   0.20424   0.20305   0.05016   0.10548   0.51424   0.09786   0.44129   0.07771   0.12553   0.06172   0.10443   0.30037   0.20874   0.01190   0.32614   0.19281   0.08409   0.51360   0.34398   0.59870   0.03424   0.23391   0.26540   0.02602   0.03106   1.76971   0.99373   0.21136   1.89023  
  8 349.4716   6313.095977  x:  0.31574   0.01156   0.39285   0.17223   0.09356   0.04878   0.42842   0.18097   0.42832   0.10227   0.39807   0.28782   0.18411   0.20485   0.09092   0.09440   0.54723   0.05883   0.46578   0.05634   0.11526   0.09220   0.10559   0.28383   0.19801   0.02079   0.31790   0.18756   0.07694   0.53217   0.34523   0.64525   0.04358   0.23215   0.25161   0.02258   0.03764   1.77159   0.99377   0.21107   1.90734  
  9 99.6638   6311.532957  x:  0.31447   0.03542   0.38504   0.17385   0.08647   0.05513   0.42704   0.17561   0.42582   0.09912   0.39850   0.29299   0.16836   0.18401   0.07601   0.10643   0.57286   0.04533   0.48689   0.05946   0.11241   0.11225   0.10482   0.26899   0.19520   0.02062   0.30665   0.18041   0.07131   0.53824   0.33920   0.68233   0.05334   0.23050   0.23892   0.02315   0.03784   1.77435   0.99375   0.21008   1.92568  
 10 63.1426   6310.783543  x:  0.30557   0.02728   0.37132   0.16906   0.08714   0.04718   0.41621   0.16991   0.41764   0.10410   0.39625   0.29795   0.16239   0.18296   0.08019   0.12700   0.59076   0.04988   0.50216   0.06906   0.10751   0.11329   0.11416   0.26397   0.20228   0.02250   0.29895   0.18073   0.06753   0.53460   0.32862   0.71117   0.05392   0.22815   0.23381   0.02337   0.03756   1.77833   0.99374   0.21162   1.94697  
 11 37.7790   6310.367564  x:  0.30143   0.02888   0.36234   0.17304   0.09191   0.05481   0.40605   0.17249   0.40872   0.10992   0.39290   0.30095   0.15873   0.19181   0.08110   0.13215   0.59894   0.04647   0.50853   0.06725   0.09730   0.10565   0.11055   0.26673   0.20574   0.01261   0.29717   0.18362   0.07477   0.52647   0.32123   0.73005   0.05722   0.22968   0.23775   0.02373   0.03718   1.78307   0.99374   0.21437   1.97108  
 12 27.7449   6310.030103  x:  0.30076   0.02759   0.35833   0.17690   0.09040   0.05751   0.39656   0.17607   0.39994   0.11025   0.38853   0.30289   0.15637   0.19617   0.07429   0.12868   0.60254   0.04251   0.51117   0.06606   0.09400   0.10540   0.11028   0.27186   0.20595   0.02258   0.30161   0.19064   0.08763   0.51607   0.31677   0.74624   0.04953   0.22958   0.24277   0.02361   0.03769   1.78929   0.99374   0.21809   2.00342  
 13 28.8734   6309.426865  x:  0.30892   0.03177   0.36560   0.17794   0.09459   0.05412   0.38939   0.18263   0.39049   0.10136   0.38204   0.30556   0.16430   0.19110   0.08359   0.11969   0.60088   0.05066   0.50935   0.07386   0.10250   0.10364   0.10440   0.27592   0.19572   0.02269   0.31063   0.18156   0.09327   0.49486   0.31152   0.76810   0.04554   0.22940   0.24828   0.02378   0.03830   1.80304   0.99372   0.22659   2.08541  
 14 25.3739   6308.652505  x:  0.31387   0.01951   0.37573   0.17063   0.09218   0.06407   0.39288   0.19203   0.39035   0.10798   0.38011   0.30890   0.17325   0.18117   0.07881   0.11213   0.59026   0.05427   0.49995   0.07289   0.10591   0.10365   0.11341   0.27700   0.19906   0.02344   0.31410   0.17675   0.08938   0.47433   0.31309   0.78026   0.06129   0.23269   0.24649   0.02476   0.03759   1.81903   0.99370   0.23835   2.20547  
 15 48.9249   6307.213740  x:  0.31760   0.03658   0.38715   0.17641   0.08359   0.05191   0.40472   0.18962   0.40264   0.12749   0.38229   0.31092   0.18068   0.19137   0.08377   0.11635   0.56471   0.05574   0.48014   0.06387   0.10456   0.11251   0.12559   0.27164   0.21695   0.01637   0.30599   0.18749   0.08230   0.46032   0.32887   0.77738   0.05632   0.22861   0.23198   0.02418   0.04020   1.84301   0.99370   0.26172   2.44294  
 16 75.4740   6305.671784  x:  0.30429   0.02829   0.37424   0.17815   0.10153   0.05650   0.42062   0.17208   0.41822   0.12079   0.38636   0.30157   0.16960   0.20548   0.07729   0.13165   0.54709   0.06215   0.47364   0.07339   0.11631   0.12762   0.11177   0.26456   0.20933   0.01425   0.29642   0.20016   0.09040   0.48701   0.34431   0.74602   0.06057   0.23317   0.24236   0.02637   0.03952   1.85439   0.99368   0.28507   2.70027  
 17 76.8940   6304.680187  x:  0.30245   0.03703   0.35817   0.18638   0.09208   0.07195   0.41790   0.17379   0.42336   0.11493   0.39316   0.29578   0.16728   0.19780   0.08512   0.14206   0.55252   0.06368   0.48388   0.07553   0.11384   0.11081   0.11870   0.27723   0.20863   0.02685   0.30365   0.19298   0.08132   0.52083   0.33313   0.70267   0.05533   0.23788   0.25126   0.02600   0.04185   1.84452   0.99368   0.29886   2.86064  
 18 56.0252   6304.221137  x:  0.30854   0.03646   0.36034   0.18026   0.09360   0.06110   0.40421   0.18105   0.41827   0.12250   0.39888   0.29975   0.17057   0.19446   0.08680   0.13680   0.56796   0.05856   0.49616   0.07510   0.11465   0.11493   0.11978   0.27832   0.21244   0.02343   0.30856   0.18827   0.09741   0.53569   0.32566   0.67255   0.06277   0.23483   0.24611   0.02640   0.04193   1.82360   0.99370   0.30402   2.92549  
 19 26.4118   6303.965223  x:  0.31259   0.03481   0.37245   0.18043   0.09671   0.06664   0.40271   0.18346   0.41153   0.12174   0.39820   0.30493   0.17332   0.20166   0.08409   0.13375   0.58268   0.06130   0.50306   0.07655   0.11761   0.11626   0.11655   0.27128   0.21237   0.02345   0.30714   0.19937   0.08935   0.53185   0.31842   0.65961   0.05997   0.23437   0.24114   0.02681   0.04163   1.79853   0.99372   0.30567   2.94911  
 20 12.4506   6303.597455  x:  0.30932   0.03325   0.37744   0.18932   0.09476   0.06544   0.41078   0.17986   0.40759   0.11662   0.39156   0.30736   0.17319   0.20020   0.08424   0.13439   0.59696   0.06443   0.50122   0.07176   0.11906   0.12125   0.12401   0.27522   0.21802   0.01971   0.29897   0.19464   0.09202   0.51709   0.32805   0.65818   0.05790   0.24300   0.25372   0.02652   0.04214   1.75295   0.99378   0.30531   2.96000  
 21  8.7876   6303.012597  x:  0.30713   0.03897   0.36490   0.17928   0.09536   0.06374   0.42359   0.18520   0.41798   0.13164   0.39157   0.30963   0.16963   0.19945   0.08684   0.14001   0.60052   0.06512   0.49276   0.07112   0.12370   0.11380   0.11516   0.28375   0.20898   0.02627   0.31181   0.19547   0.09293   0.50366   0.34223   0.67471   0.05843   0.23723   0.25246   0.02679   0.04271   1.69677   0.99386   0.30034   2.95623  
 22 11.8236   6301.764542  x:  0.32283   0.03391   0.36321   0.20002   0.08442   0.06542   0.41663   0.18564   0.43300   0.11165   0.40560   0.31067   0.17605   0.21341   0.08376   0.13633   0.57228   0.06424   0.49148   0.09408   0.12596   0.10261   0.12172   0.27966   0.22404   0.02236   0.32517   0.19976   0.10577   0.51748   0.33875   0.71450   0.07387   0.23628   0.23554   0.02686   0.04345   1.66796   0.99409   0.28765   2.90830  
 23  8.3841   6299.271805  x:  0.33744   0.03612   0.39678   0.18451   0.09100   0.08253   0.40350   0.19206   0.44184   0.13549   0.43177   0.32078   0.19870   0.20352   0.08921   0.14260   0.53704   0.07203   0.50668   0.09678   0.11147   0.12316   0.12700   0.27991   0.22786   0.01582   0.31541   0.20838   0.11554   0.55122   0.31856   0.76657   0.04842   0.25728   0.26903   0.02761   0.04410   1.69196   0.99456   0.25983   2.79179  
 24 23.0580   6297.480633  x:  0.33183   0.03389   0.40661   0.20529   0.07990   0.06973   0.42294   0.20222   0.43321   0.15091   0.41939   0.32267   0.19306   0.22094   0.08364   0.14061   0.57786   0.09274   0.52628   0.08241   0.11951   0.13784   0.11731   0.30960   0.22775   0.01871   0.33120   0.20668   0.10117   0.54986   0.33004   0.76776   0.06992   0.24717   0.27565   0.02718   0.04673   1.77012   0.99489   0.23926   2.70163  
 25 24.3342   6296.952486  x:  0.33961   0.03465   0.39554   0.19818   0.08354   0.08032   0.43757   0.20762   0.43386   0.14514   0.41295   0.32823   0.19390   0.21891   0.08469   0.14313   0.60513   0.09036   0.52996   0.08337   0.13182   0.12731   0.12971   0.30234   0.23246   0.00932   0.33676   0.20954   0.11401   0.54042   0.34791   0.75937   0.05706   0.24783   0.26642   0.02779   0.04550   1.80326   0.99499   0.23392   2.67621  
 26 20.2820   6296.832059  x:  0.34367   0.03455   0.39244   0.19925   0.08041   0.07573   0.43618   0.20676   0.43935   0.14546   0.41608   0.33557   0.19395   0.21703   0.08658   0.14600   0.61378   0.08071   0.52768   0.08441   0.13983   0.11845   0.12670   0.29492   0.23215   0.01205   0.33429   0.21379   0.11452   0.53367   0.35028   0.75554   0.05988   0.25653   0.27187   0.02735   0.04631   1.81234   0.99501   0.23324   2.67274  
 27  9.3469   6296.781486  x:  0.34342   0.03308   0.39644   0.20017   0.08214   0.07856   0.43314   0.20333   0.44547   0.14476   0.42154   0.34207   0.19017   0.21792   0.08680   0.14931   0.61759   0.07490   0.52490   0.08574   0.14452   0.11611   0.12546   0.29938   0.23309   0.01364   0.33041   0.20940   0.11570   0.52924   0.34918   0.75378   0.05827   0.25228   0.27137   0.02757   0.04606   1.81544   0.99502   0.23310   2.67548  
 28  3.8148   6296.684492  x:  0.34057   0.03435   0.40310   0.19683   0.07944   0.07920   0.42689   0.19720   0.45258   0.13727   0.42701   0.34704   0.18517   0.21496   0.08760   0.15554   0.62233   0.07831   0.52230   0.08138   0.13956   0.11555   0.12823   0.30259   0.22718   0.01085   0.33597   0.21516   0.11904   0.52549   0.34971   0.75282   0.06117   0.25232   0.26987   0.02750   0.04629   1.81776   0.99502   0.23393   2.69153  
 29  2.2811   6295.843946  x:  0.34414   0.03093   0.40304   0.19365   0.08141   0.07898   0.42074   0.19923   0.47195   0.13297   0.44083   0.34866   0.15954   0.21872   0.08531   0.15014   0.64045   0.09216   0.52981   0.07367   0.12424   0.12456   0.11724   0.28282   0.24396   0.01238   0.35718   0.19680   0.11105   0.52489   0.35172   0.76164   0.05116   0.26381   0.27338   0.02806   0.04689   1.82481   0.99505   0.24475   2.85504  
 30  5.6945   6293.083551  x:  0.35198   0.01734   0.39114   0.20392   0.07679   0.06970   0.43855   0.20149   0.47886   0.13063   0.45048   0.34680   0.18023   0.20545   0.08193   0.13826   0.67765   0.07537   0.56248   0.07181   0.11563   0.12780   0.11287   0.29298   0.22723   0.00000   0.33757   0.20652   0.09593   0.55182   0.35801   0.79633   0.04363   0.25030   0.27346   0.02941   0.04809   1.83812   0.99511   0.27240   3.28701  
 31 50.0737   6292.573271  x:  0.34255   0.02612   0.40629   0.18342   0.06566   0.06569   0.44796   0.19641   0.46559   0.12882   0.44045   0.34504   0.17746   0.21839   0.07674   0.14000   0.68348   0.06148   0.56798   0.07802   0.12667   0.11689   0.11616   0.29881   0.22847   0.00000   0.33768   0.20201   0.09493   0.56827   0.35828   0.80815   0.04605   0.25784   0.27492   0.02892   0.04965   1.84092   0.99512   0.27955   3.39253  
 32 41.0334   6292.493934  x:  0.33879   0.02318   0.41448   0.18849   0.06733   0.06549   0.45053   0.19719   0.45817   0.13118   0.43434   0.34687   0.17404   0.21270   0.07928   0.14692   0.68300   0.05684   0.56467   0.07501   0.13064   0.11285   0.11404   0.29548   0.23029   0.00000   0.34317   0.20235   0.09674   0.57554   0.35876   0.81108   0.04507   0.25754   0.27271   0.02911   0.04961   1.84096   0.99512   0.28026   3.40891  
 33  9.2277   6292.481107  x:  0.34247   0.02247   0.41378   0.18864   0.06682   0.06499   0.45036   0.19999   0.45599   0.13069   0.43259   0.35088   0.17116   0.21379   0.07874   0.14888   0.68275   0.05776   0.56163   0.07264   0.13233   0.11321   0.11565   0.29507   0.22868   0.00000   0.34236   0.20219   0.09601   0.57883   0.35853   0.81222   0.04518   0.25627   0.27392   0.02913   0.04955   1.84079   0.99512   0.28071   3.41422  
 34  2.5130   6292.473695  x:  0.34212   0.02283   0.41251   0.18762   0.06726   0.06485   0.45017   0.20061   0.45505   0.12897   0.43190   0.35453   0.17175   0.21314   0.07889   0.14823   0.68292   0.05904   0.55969   0.07113   0.13269   0.11346   0.11389   0.29641   0.23075   0.00000   0.34135   0.20283   0.09553   0.58071   0.35868   0.81300   0.04531   0.25705   0.27290   0.02919   0.04956   1.84078   0.99512   0.28072   3.41634  
 35  1.1413   6292.442257  x:  0.33637   0.02324   0.41088   0.19006   0.06677   0.06542   0.44984   0.19914   0.45569   0.13169   0.43184   0.36233   0.17308   0.21334   0.07876   0.14156   0.68519   0.06138   0.55731   0.07258   0.13286   0.11343   0.11607   0.29498   0.22814   0.00000   0.34158   0.20234   0.09490   0.58497   0.35929   0.81610   0.04451   0.25784   0.27214   0.02937   0.04963   1.84101   0.99513   0.28137   3.43461  
 36  1.3716   6292.162986  x:  0.34656   0.02260   0.41369   0.19108   0.06240   0.06754   0.45476   0.18746   0.46644   0.13569   0.42240   0.36557   0.18275   0.21146   0.07858   0.13792   0.69918   0.06180   0.55923   0.08046   0.11964   0.11457   0.11213   0.29352   0.23309   0.00000   0.34326   0.20584   0.09427   0.59607   0.36279   0.83630   0.04869   0.24335   0.28309   0.03116   0.05022   1.84240   0.99522   0.28951   3.58493  
 37  4.8182   6291.819784  x:  0.35279   0.01720   0.41744   0.19877   0.06364   0.06278   0.46014   0.20053   0.47851   0.13656   0.42545   0.35731   0.18530   0.21332   0.07655   0.14519   0.70959   0.05666   0.57108   0.08356   0.11307   0.12126   0.11066   0.30664   0.22532   0.00000   0.33817   0.20805   0.09119   0.60181   0.36523   0.86048   0.04588   0.25824   0.27164   0.03393   0.05006   1.84398   0.99535   0.29983   3.77807  
 38 32.3733   6291.722234  x:  0.34714   0.01821   0.41619   0.19963   0.06206   0.06109   0.46524   0.20711   0.47164   0.13204   0.44474   0.35537   0.18501   0.21261   0.07612   0.14696   0.70705   0.05734   0.58298   0.07590   0.12052   0.12023   0.11150   0.30502   0.22715   0.00000   0.33803   0.21090   0.09019   0.59967   0.36787   0.86783   0.04673   0.25245   0.27563   0.03452   0.05034   1.84413   0.99538   0.30303   3.83639  
 39 12.1247   6291.714815  x:  0.34921   0.01794   0.41594   0.20002   0.06184   0.06160   0.46601   0.20384   0.46921   0.13306   0.44686   0.35623   0.18485   0.21300   0.07598   0.14728   0.70571   0.05876   0.58531   0.07392   0.12094   0.11906   0.11102   0.30507   0.22628   0.00000   0.33782   0.20978   0.09100   0.59913   0.36903   0.86808   0.04697   0.25354   0.27428   0.03457   0.05034   1.84403   0.99538   0.30320   3.83845  
 40  2.2190   6291.713779  x:  0.34967   0.01783   0.41570   0.20004   0.06191   0.06165   0.46584   0.20322   0.46920   0.13336   0.44650   0.35670   0.18386   0.21247   0.07628   0.14674   0.70503   0.05861   0.58653   0.07403   0.12151   0.11913   0.11113   0.30572   0.22654   0.00000   0.33806   0.21038   0.09057   0.59893   0.36933   0.86809   0.04689   0.25370   0.27433   0.03459   0.05032   1.84400   0.99538   0.30335   3.84021  
 41  0.7121   6291.711450  x:  0.34918   0.01785   0.41577   0.19999   0.06205   0.06175   0.46506   0.20363   0.47046   0.13295   0.44439   0.35870   0.18407   0.21277   0.07618   0.14726   0.70309   0.05831   0.58964   0.07334   0.12169   0.11886   0.11111   0.30537   0.22634   0.00000   0.33827   0.20985   0.09035   0.59830   0.37053   0.86776   0.04690   0.25340   0.27447   0.03465   0.05030   1.84384   0.99538   0.30342   3.84195  
 42  0.4205   6291.680247  x:  0.34856   0.01899   0.41707   0.19930   0.06202   0.06105   0.47041   0.20601   0.47348   0.13349   0.44295   0.36113   0.17826   0.21194   0.07773   0.14589   0.70102   0.06160   0.59029   0.07488   0.12038   0.11413   0.11027   0.30402   0.22711   0.00000   0.33508   0.20944   0.09558   0.59615   0.36579   0.86902   0.04721   0.25301   0.27461   0.03547   0.05011   1.84347   0.99537   0.30536   3.87184  
 43  0.3051   6291.601444  x:  0.34876   0.02019   0.41196   0.19793   0.06524   0.06255   0.47246   0.20270   0.47367   0.13406   0.44440   0.36445   0.17943   0.21482   0.07744   0.14912   0.69990   0.05695   0.58398   0.07590   0.12301   0.11620   0.11086   0.30359   0.22915   0.00000   0.34387   0.20506   0.09519   0.59190   0.35917   0.87359   0.04506   0.25484   0.27659   0.03789   0.04907   1.84257   0.99536   0.31134   3.96129  
 44  7.8592   6291.572332  x:  0.34886   0.02089   0.41292   0.19702   0.06624   0.06504   0.46320   0.20350   0.47197   0.13519   0.44578   0.36058   0.17798   0.21514   0.07806   0.14842   0.70132   0.05770   0.58011   0.07740   0.12473   0.11360   0.11035   0.30290   0.22982   0.00000   0.34244   0.20399   0.09292   0.59295   0.36819   0.87643   0.04469   0.25451   0.27692   0.03881   0.04869   1.84208   0.99535   0.31302   3.99073  
 45  5.5154   6291.571151  x:  0.34876   0.02093   0.41277   0.19704   0.06615   0.06524   0.46249   0.20296   0.47315   0.13549   0.44506   0.35943   0.17840   0.21517   0.07791   0.14814   0.70158   0.05846   0.58008   0.07570   0.12652   0.11333   0.11053   0.30271   0.22998   0.00000   0.34217   0.20413   0.09326   0.59317   0.36724   0.87688   0.04469   0.25451   0.27675   0.03886   0.04866   1.84195   0.99535   0.31309   3.99232  
 46  0.1430   6291.497993  x:  0.34714   0.02064   0.41212   0.19560   0.06195   0.06251   0.45914   0.20200   0.46820   0.13303   0.44150   0.35721   0.17910   0.21281   0.07790   0.14808   0.69155   0.05979   0.57464   0.07605   0.12151   0.11474   0.11286   0.30095   0.22789   0.00000   0.34121   0.20663   0.09399   0.58483   0.36636   0.87213   0.04819   0.25461   0.27445   0.04181   0.04743   1.83878   0.99525   0.31355   4.06090  
 47  0.1646   6291.481558  x:  0.34749   0.01988   0.41170   0.19642   0.06351   0.06378   0.45927   0.20247   0.46598   0.13402   0.44074   0.35576   0.18066   0.21320   0.07755   0.14651   0.68965   0.05978   0.57433   0.07603   0.12326   0.11636   0.11103   0.30152   0.22779   0.00000   0.33824   0.20610   0.09379   0.58333   0.36444   0.86277   0.04653   0.25261   0.27430   0.04265   0.04758   1.84046   0.99521   0.31182   4.05780  
 48  0.0082   6291.476174  x:  0.34740   0.02043   0.41196   0.19657   0.06263   0.06367   0.45918   0.20244   0.46627   0.13374   0.44091   0.35600   0.18006   0.21338   0.07789   0.14658   0.69194   0.05945   0.57466   0.07554   0.12441   0.11562   0.11118   0.30132   0.22779   0.00000   0.33954   0.20598   0.09374   0.58555   0.36474   0.85712   0.04695   0.25375   0.27484   0.04286   0.04851   1.84098   0.99517   0.31109   4.04964  
 49  0.0043   6291.468364  x:  0.34788   0.01968   0.41198   0.19582   0.06398   0.06398   0.45975   0.20232   0.46747   0.13274   0.44216   0.35627   0.17940   0.21298   0.07775   0.14733   0.69357   0.05963   0.57615   0.07505   0.12266   0.11575   0.11229   0.30147   0.22768   0.00000   0.33949   0.20650   0.09398   0.58740   0.36547   0.86032   0.04615   0.25322   0.27408   0.04359   0.04900   1.83797   0.99505   0.31053   4.02828  
 50  0.0045   6291.455587  x:  0.34767   0.02003   0.41141   0.19675   0.06312   0.06257   0.46019   0.20230   0.46760   0.13415   0.44167   0.35618   0.18017   0.21372   0.07750   0.14687   0.69234   0.05878   0.57575   0.07567   0.12336   0.11615   0.11084   0.30195   0.22819   0.00000   0.33893   0.20618   0.09262   0.58603   0.36517   0.86539   0.04774   0.25305   0.27465   0.04460   0.04882   1.83956   0.99480   0.30863   3.97667  
 51  0.0154   6291.444406  x:  0.34789   0.02053   0.41324   0.19677   0.06193   0.06446   0.46066   0.20299   0.46688   0.13378   0.44158   0.35699   0.18075   0.21350   0.07805   0.14711   0.69219   0.05945   0.57583   0.07629   0.12405   0.11602   0.11180   0.30188   0.22838   0.00000   0.34018   0.20656   0.09402   0.58571   0.36589   0.86483   0.04598   0.25385   0.27494   0.04502   0.04781   1.84359   0.99456   0.30683   3.94781  
 52  0.0105   6291.419081  x:  0.34897   0.01896   0.41482   0.19681   0.06362   0.06321   0.46030   0.20368   0.46914   0.13244   0.44463   0.35833   0.17975   0.21366   0.07803   0.14700   0.69726   0.05983   0.57823   0.07498   0.12501   0.11621   0.11043   0.30293   0.22747   0.00000   0.34151   0.20733   0.09455   0.58987   0.36636   0.86181   0.04762   0.25459   0.27689   0.04512   0.04604   1.83948   0.99398   0.30784   3.98512  
 53  0.0073   6291.384873  x:  0.34870   0.02109   0.41198   0.19708   0.06247   0.06324   0.46320   0.20311   0.46889   0.13372   0.44283   0.35753   0.18158   0.21462   0.07751   0.14728   0.69827   0.05862   0.57933   0.07592   0.12340   0.11563   0.11207   0.30334   0.22978   0.00000   0.33955   0.20643   0.09303   0.59085   0.36670   0.86104   0.04694   0.25374   0.27566   0.04420   0.04737   1.84015   0.99304   0.31274   4.07940  
 54  0.0249   6291.375027  x:  0.34870   0.02005   0.41384   0.19733   0.06344   0.06384   0.46128   0.20343   0.46922   0.13396   0.44368   0.35814   0.18044   0.21405   0.07814   0.14792   0.69550   0.05954   0.57776   0.07602   0.12369   0.11671   0.11153   0.30263   0.22902   0.00000   0.34090   0.20730   0.09358   0.58873   0.36665   0.86540   0.04694   0.25447   0.27556   0.04327   0.04817   1.84203   0.99268   0.31160   4.07560  
 55  0.0049   6291.374680  x:  0.34904   0.02012   0.41369   0.19720   0.06326   0.06384   0.46151   0.20355   0.46914   0.13357   0.44363   0.35834   0.18087   0.21424   0.07804   0.14766   0.69558   0.05927   0.57788   0.07612   0.12404   0.11648   0.11162   0.30290   0.22899   0.00000   0.34077   0.20709   0.09390   0.58839   0.36659   0.86604   0.04697   0.25452   0.27574   0.04321   0.04837   1.84167   0.99265   0.31145   4.07547  
 56  0.0012   6291.374671  x:  0.34903   0.02013   0.41373   0.19723   0.06329   0.06384   0.46151   0.20360   0.46906   0.13355   0.44355   0.35829   0.18089   0.21421   0.07804   0.14755   0.69561   0.05935   0.57787   0.07611   0.12401   0.11650   0.11161   0.30295   0.22898   0.00000   0.34083   0.20708   0.09392   0.58833   0.36661   0.86611   0.04696   0.25452   0.27577   0.04322   0.04837   1.84165   0.99265   0.31148   4.07584  
 57  0.0004   6291.374671  x:  0.34904   0.02012   0.41373   0.19724   0.06329   0.06383   0.46150   0.20360   0.46906   0.13355   0.44355   0.35830   0.18089   0.21421   0.07804   0.14754   0.69562   0.05934   0.57787   0.07610   0.12401   0.11649   0.11161   0.30294   0.22897   0.00000   0.34083   0.20708   0.09392   0.58832   0.36661   0.86611   0.04696   0.25452   0.27577   0.04322   0.04837   1.84166   0.99265   0.31148   4.07591  
 58  0.0001   6291.374671  x:  0.34904   0.02012   0.41373   0.19724   0.06329   0.06383   0.46150   0.20360   0.46906   0.13355   0.44355   0.35830   0.18089   0.21421   0.07804   0.14754   0.69562   0.05934   0.57787   0.07610   0.12401   0.11649   0.11161   0.30294   0.22897   0.00000   0.34083   0.20708   0.09392   0.58832   0.36661   0.86611   0.04696   0.25452   0.27577   0.04322   0.04837   1.84166   0.99265   0.31148   4.07592  
 59  0.0000   6291.374671  x:  0.34904   0.02012   0.41373   0.19724   0.06329   0.06384   0.46150   0.20360   0.46906   0.13355   0.44355   0.35830   0.18089   0.21421   0.07804   0.14754   0.69562   0.05934   0.57787   0.07610   0.12401   0.11649   0.11161   0.30294   0.22897   0.00000   0.34083   0.20708   0.09392   0.58832   0.36661   0.86611   0.04696   0.25452   0.27577   0.04322   0.04837   1.84166   0.99265   0.31148   4.07592  