

TREE # 1

  0  0.0000  29655.904517  x:  0.10541   0.05837   0.03390   0.02170   0.03111   0.03398   0.01286   0.03560   0.04342   0.10881   0.09153   0.09791   0.09980   0.09768   0.04472   0.06740   0.04346   0.07845   0.02804   0.03163   0.02888   0.07935   0.10378   0.10184   0.08676   0.10915   0.03041   0.01549   0.04543   0.05361   0.02030   0.10755   0.10107   0.03676   0.04538   0.08625   0.10379   0.02023   0.04551   0.02452   0.10184   0.08936   0.06906   0.05273   0.06113   0.04922   2.00000   0.90000   0.60628   1.03946   2.42189  
  1 99.0000  26905.081268  x:  0.12067   0.07875   0.06870   0.10776   0.07746   0.03132   0.03088   0.07101   0.07398   0.11651   0.09874   0.10024   0.11739   0.09760   0.04628   0.08725   0.11174   0.07545   0.03327   0.08300   0.03143   0.07327   0.10499   0.12183   0.10491   0.10525   0.14941   0.09975   0.11304   0.10233   0.08545   0.13428   0.10986   0.04872   0.06214   0.09419   0.11626   0.04333   0.10875   0.05198   0.11183   0.09913   0.11209   0.08579   0.07569   0.06448   2.00125   0.99999   0.58619   1.05087   2.41852  
  2 18840.2953  24220.574864  x:  0.30287   0.32146   0.48120   1.12243   0.62507   0.00000   0.24360   0.49078   0.43638   0.20799   0.18440   0.12789   0.32775   0.09685   0.06505   0.32351   0.91994   0.03981   0.09529   0.69103   0.06206   0.00102   0.11970   0.36068   0.32160   0.05882   1.55245   1.09188   0.91400   0.68056   0.85472   0.45296   0.21495   0.19149   0.26148   0.18899   0.26533   0.31709   0.85751   0.37724   0.23143   0.21610   0.62364   0.47888   0.24944   0.24669   2.01594   0.90855   0.34442   1.18772   2.37905  
  3 113981.6155  24155.700176  x:  0.31574   0.32904   0.48447   1.12754   0.62467   0.03017   0.23208   0.49762   0.44123   0.20516   0.17940   0.12187   0.35366   0.09777   0.06565   0.32969   0.93016   0.03661   0.08988   0.69695   0.09441   0.20071   0.12627   0.38228   0.33980   0.04547   1.56530   1.09214   0.92944   0.69480   0.85814   0.47019   0.22326   0.19929   0.26344   0.19401   0.27804   0.31440   0.86713   0.37509   0.24955   0.23232   0.64090   0.48874   0.26727   0.25955   2.01239   0.90788   0.31075   1.19982   2.37681  
  4 3083.3689  24008.219562  x:  0.35053   0.34453   0.47783   1.10227   0.59817   0.00483   0.17577   0.50326   0.44211   0.19058   0.15703   0.09858   0.42908   0.09845   0.06416   0.33955   0.93132   0.02840   0.06994   0.68784   0.06891   0.20157   0.14411   0.44198   0.38920   0.00000   1.55116   1.05033   0.94942   0.71953   0.83705   0.51526   0.24576   0.21865   0.26082   0.20577   0.31338   0.29270   0.86885   0.35331   0.29992   0.27664   0.67818   0.50524   0.31952   0.29435   1.99603   0.90907   0.24230   1.22792   2.37511  
  5 924.9761  23816.519933  x:  0.45279   0.39585   0.45890   1.02923   0.51125   0.19082   0.01965   0.52757   0.44561   0.13545   0.07120   0.01157   0.63766   0.07183   0.04520   0.36685   0.94884   0.01178   0.00037   0.66424   0.00000   0.17399   0.17919   0.60913   0.52383   0.00000   1.53039   0.91417   1.03554   0.81507   0.77237   0.66638   0.30668   0.27056   0.24430   0.22984   0.41443   0.21383   0.88872   0.27719   0.41586   0.37492   0.80855   0.55926   0.48665   0.39661   1.92995   0.91172   0.35276   1.28697   2.38280  
  6 1650.3957  23813.079182  x:  0.45382   0.39637   0.45869   1.02843   0.51032   0.19251   0.01825   0.52781   0.44563   0.13489   0.07034   0.01079   0.63975   0.07157   0.04504   0.36714   0.94902   0.01205   0.00000   0.66403   0.00155   0.17330   0.17952   0.61079   0.52516   0.00000   1.53015   0.91268   1.03646   0.81609   0.77167   0.66795   0.30727   0.27106   0.24410   0.23006   0.41545   0.21298   0.88894   0.27638   0.41695   0.37584   0.80991   0.55981   0.48838   0.39764   1.92923   0.91175   0.35375   1.28762   2.38290  
  7 4604.7636  23765.150504  x:  0.50528   0.42886   0.44413   0.96821   0.44322   0.27702   0.03837   0.54287   0.44607   0.10923   0.03054   0.01315   0.73574   0.06161   0.04626   0.38758   0.96696   0.19579   0.11793   0.66100   0.00208   0.15325   0.18746   0.68502   0.58135   0.00000   1.51708   0.79682   1.11311   0.89424   0.72154   0.76916   0.32754   0.28620   0.21933   0.22840   0.46651   0.15154   0.91045   0.22141   0.44035   0.39018   0.89937   0.59188   0.59325   0.44910   1.87285   0.91356   0.37748   1.34299   2.39764  
  8 1021.5038  23691.037333  x:  0.53028   0.46644   0.43012   0.88333   0.34997   0.26816   0.09558   0.56739   0.44308   0.13574   0.06344   0.11463   0.74941   0.02779   0.00000   0.39299   1.01239   0.18053   0.08316   0.65942   0.00341   0.15432   0.09553   0.69070   0.55934   0.00000   1.52218   0.60068   1.25654   1.02746   0.66551   0.89190   0.30689   0.26118   0.16104   0.19069   0.49718   0.08292   0.97262   0.17699   0.36347   0.30996   1.02078   0.62817   0.71289   0.47410   1.77217   0.91536   0.38018   1.42977   2.46163  
  9 376.6619  23667.302506  x:  0.53071   0.48774   0.42048   0.82445   0.28946   0.23856   0.09354   0.58249   0.42796   0.14143   0.04251   0.11414   0.72480   0.01894   0.12587   0.40682   1.05251   0.16251   0.07497   0.66746   0.00284   0.16120   0.06489   0.67297   0.53111   0.00000   1.53442   0.46089   1.35687   1.11107   0.62657   0.96104   0.27960   0.23162   0.12201   0.16564   0.50895   0.07480   1.02417   0.18602   0.31380   0.26756   1.09980   0.65212   0.78719   0.47452   1.70885   0.91642   0.39867   1.49608   2.51972  
 10 567.3827  23644.955016  x:  0.51253   0.50010   0.41232   0.77371   0.25666   0.21488   0.08256   0.58999   0.39849   0.14323   0.00000   0.06676   0.66539   0.02875   0.09363   0.37899   1.08046   0.14429   0.10041   0.68147   0.00187   0.16695   0.11923   0.63888   0.50364   0.00000   1.54673   0.36197   1.43809   1.16799   0.59523   0.99790   0.24749   0.19825   0.10345   0.15544   0.50433   0.10846   1.06965   0.22809   0.30745   0.27967   1.15511   0.67115   0.83901   0.45634   1.67404   0.91704   0.41266   1.56579   2.58414  
 11 282.4282  23638.560129  x:  0.50128   0.50649   0.40669   0.74059   0.24935   0.21776   0.07311   0.59107   0.37479   0.15352   0.04415   0.03714   0.63496   0.06824   0.08915   0.36729   1.09154   0.14180   0.10926   0.68518   0.00170   0.16627   0.13584   0.61823   0.48941   0.03774   1.54669   0.32849   1.48078   1.19470   0.57844   1.01289   0.23490   0.18460   0.10306   0.15445   0.49634   0.11738   1.09019   0.24168   0.32111   0.30004   1.18172   0.68142   0.87000   0.44510   1.66696   0.91741   0.41844   1.61681   2.62704  
 12 266.8735  23633.276417  x:  0.49213   0.51273   0.40279   0.71288   0.27340   0.22897   0.09132   0.58785   0.34529   0.15537   0.04795   0.00000   0.61259   0.06642   0.08971   0.36349   1.09604   0.14029   0.10435   0.68269   0.00194   0.16306   0.11578   0.59984   0.48001   0.02928   1.53726   0.32944   1.51276   1.20588   0.56313   1.01521   0.23783   0.18594   0.11975   0.15920   0.48033   0.10476   1.10115   0.23235   0.33743   0.31330   1.19530   0.68825   0.89749   0.43594   1.67917   0.91765   0.41021   1.68055   2.68123  
 13 122.6115  23625.979314  x:  0.47423   0.52305   0.39357   0.65751   0.32997   0.23199   0.06665   0.57864   0.28400   0.16178   0.03894   0.04368   0.58516   0.07183   0.09994   0.36054   1.09985   0.14428   0.10350   0.67616   0.00201   0.16206   0.11971   0.57662   0.48037   0.00352   1.51314   0.36084   1.57399   1.21566   0.53991   1.01052   0.24859   0.19279   0.14964   0.16610   0.44962   0.09142   1.11915   0.21910   0.35883   0.32683   1.21211   0.69414   0.95324   0.41804   1.71308   0.91799   0.42555   1.82331   2.81189  
 14 171.3545  23621.714011  x:  0.46905   0.52985   0.38608   0.62226   0.36143   0.22048   0.07222   0.57331   0.26116   0.16739   0.02105   0.04482   0.59022   0.05832   0.09991   0.36191   1.09650   0.14078   0.10350   0.67078   0.00207   0.16429   0.13052   0.58203   0.49112   0.04375   1.48811   0.39846   1.60824   1.21168   0.53099   1.00626   0.25651   0.19616   0.15202   0.16040   0.44567   0.09932   1.12574   0.21821   0.34496   0.30724   1.21316   0.68674   0.99118   0.41286   1.73420   0.91817   0.44328   1.93560   2.92276  
 15 161.9360  23614.938712  x:  0.47018   0.53808   0.37996   0.59045   0.39324   0.20313   0.09346   0.57214   0.27344   0.19473   0.04580   0.02578   0.62503   0.06939   0.09933   0.37054   1.08551   0.13943   0.10245   0.66725   0.00242   0.16748   0.14488   0.60721   0.50849   0.00701   1.44164   0.42530   1.64350   1.18828   0.54394   0.99542   0.26442   0.19559   0.13969   0.14917   0.46335   0.14024   1.12756   0.23958   0.32181   0.28358   1.19571   0.66374   1.03733   0.41399   1.76006   0.91858   0.48172   2.12122   3.11978  
 16 168.2650  23607.596372  x:  0.47914   0.54208   0.39050   0.61282   0.38258   0.19242   0.07159   0.58355   0.35397   0.19143   0.04571   0.03137   0.63197   0.04496   0.09158   0.38405   1.07729   0.15017   0.11436   0.68467   0.00195   0.17018   0.10422   0.61324   0.48377   0.01825   1.39625   0.42471   1.65821   1.14575   0.58372   0.97725   0.25907   0.18080   0.13284   0.15706   0.48307   0.15090   1.12115   0.25111   0.33962   0.31895   1.15468   0.64481   1.05585   0.42295   1.74866   0.91889   0.51565   2.35044   3.39998  
 17 126.3097  23602.665226  x:  0.49016   0.54265   0.40567   0.65212   0.36130   0.21040   0.10595   0.59098   0.40535   0.17000   0.03104   0.04907   0.62975   0.07141   0.10009   0.39767   1.07513   0.13235   0.10894   0.70366   0.00289   0.16506   0.13186   0.61808   0.48331   0.03026   1.36551   0.40507   1.65199   1.11693   0.60880   0.95967   0.26174   0.17862   0.14995   0.17781   0.48835   0.13030   1.11256   0.24233   0.34686   0.32768   1.12547   0.65006   1.05103   0.43397   1.72750   0.91921   0.51976   2.51650   3.61974  
 18 192.9369  23600.519506  x:  0.49661   0.54139   0.41765   0.68320   0.34737   0.20402   0.08898   0.59146   0.40575   0.16037   0.04705   0.03636   0.62377   0.06277   0.09596   0.39684   1.08133   0.13812   0.11081   0.71192   0.00238   0.16701   0.14464   0.61848   0.50138   0.02817   1.35737   0.39372   1.63264   1.11924   0.61175   0.95179   0.27240   0.19018   0.16640   0.18505   0.48417   0.11251   1.10963   0.23398   0.33843   0.30393   1.12192   0.66989   1.02894   0.44042   1.71487   0.91929   0.52630   2.57620   3.72803  
 19 85.6468  23597.920707  x:  0.50294   0.53494   0.43510   0.72241   0.32785   0.19319   0.10433   0.58658   0.36377   0.16443   0.04400   0.04405   0.63895   0.06675   0.09397   0.39363   1.09776   0.15029   0.09859   0.71064   0.00261   0.16955   0.12438   0.62229   0.53227   0.03506   1.34457   0.38183   1.57453   1.15158   0.59320   0.95325   0.28353   0.20679   0.16415   0.17475   0.48981   0.13013   1.10876   0.25458   0.36049   0.30873   1.14064   0.70720   0.96596   0.44675   1.70716   0.91950   0.54245   2.62582   3.88729  
 20 56.8134  23596.069139  x:  0.50433   0.53129   0.44405   0.73170   0.32672   0.21211   0.09967   0.59124   0.34618   0.20010   0.04312   0.04446   0.65166   0.05700   0.09644   0.40489   1.11218   0.14527   0.10598   0.71072   0.00288   0.16535   0.13549   0.63427   0.52615   0.03405   1.33289   0.38941   1.52089   1.18913   0.58127   0.97906   0.27345   0.20243   0.14214   0.16518   0.49555   0.12463   1.10921   0.24654   0.35405   0.32519   1.16859   0.72313   0.90244   0.44813   1.72007   0.91970   0.52777   2.64241   4.01508  
 21 54.9248  23595.045197  x:  0.51078   0.53720   0.44385   0.71806   0.33897   0.20485   0.09526   0.59986   0.35251   0.20328   0.03452   0.04059   0.65725   0.07681   0.09242   0.40953   1.11684   0.14488   0.11094   0.70985   0.00278   0.16742   0.13038   0.63918   0.51056   0.03387   1.32324   0.39710   1.49471   1.20999   0.57641   1.00698   0.27357   0.20725   0.14732   0.18608   0.50504   0.12397   1.11200   0.23991   0.34876   0.32286   1.19073   0.72717   0.86599   0.45458   1.72828   0.91986   0.53171   2.62916   4.09355  
 22 43.0613  23594.027547  x:  0.51830   0.54849   0.43683   0.69168   0.35562   0.19982   0.10605   0.60909   0.36655   0.19005   0.04751   0.04574   0.65109   0.06110   0.09718   0.41050   1.11760   0.14142   0.11325   0.71127   0.00305   0.16859   0.14244   0.64379   0.51097   0.03406   1.31257   0.39882   1.47975   1.22522   0.57780   1.03593   0.27764   0.21655   0.15366   0.19760   0.51141   0.12827   1.11733   0.24304   0.36425   0.32481   1.20910   0.72109   0.83670   0.46210   1.73306   0.92007   0.53299   2.59583   4.17599  
 23 43.9109  23592.537971  x:  0.52159   0.56508   0.42149   0.65760   0.37648   0.21501   0.09843   0.61759   0.37898   0.16576   0.04620   0.04471   0.64922   0.07316   0.09570   0.40721   1.11699   0.15031   0.10449   0.71860   0.00307   0.16570   0.13878   0.64372   0.53391   0.03452   1.30455   0.39958   1.48371   1.23134   0.59727   1.06136   0.27974   0.22574   0.14934   0.17226   0.50528   0.12626   1.12918   0.25047   0.37232   0.31915   1.22088   0.70141   0.81288   0.46538   1.73228   0.92023   0.50803   2.52219   4.30502  
 24 42.5663  23589.496748  x:  0.51883   0.58640   0.40051   0.62518   0.39490   0.22617   0.10072   0.61280   0.36112   0.20224   0.04430   0.04462   0.68016   0.06646   0.09567   0.41941   1.10853   0.15691   0.10567   0.73051   0.00340   0.16433   0.13577   0.65445   0.56536   0.04516   1.28007   0.37918   1.53782   1.21201   0.63553   1.06312   0.27852   0.23463   0.19245   0.18920   0.51298   0.12946   1.14641   0.25211   0.35520   0.35215   1.22415   0.70356   0.82892   0.46262   1.72385   0.92058   0.47605   2.32095   4.57300  
 25 45.8557  23586.434410  x:  0.52757   0.59921   0.41881   0.64396   0.40255   0.22510   0.10262   0.60917   0.34589   0.20564   0.05064   0.03991   0.70030   0.07143   0.09243   0.44039   1.10279   0.15232   0.11833   0.73094   0.00369   0.16565   0.14685   0.67462   0.53778   0.04288   1.24838   0.38944   1.60151   1.19629   0.60354   1.05403   0.27700   0.23104   0.17497   0.18745   0.52889   0.12363   1.15091   0.24133   0.39681   0.33639   1.21836   0.71616   0.89492   0.47135   1.74033   0.92070   0.45219   2.11858   4.82211  
 26 66.1504  23585.356955  x:  0.53434   0.59761   0.43256   0.65168   0.39726   0.24448   0.09776   0.60994   0.35620   0.20143   0.05381   0.04400   0.69070   0.06942   0.09377   0.43570   1.10203   0.15750   0.11338   0.72393   0.00399   0.16139   0.14517   0.67508   0.53839   0.04215   1.23267   0.39826   1.61327   1.19800   0.57861   1.05648   0.28552   0.23282   0.17117   0.20231   0.53528   0.14230   1.14497   0.25397   0.38491   0.33641   1.21907   0.72771   0.93155   0.47811   1.75667   0.92086   0.42784   2.06274   4.89208  
 27 44.8781  23584.260596  x:  0.53806   0.58672   0.44665   0.65814   0.39537   0.23098   0.10397   0.61316   0.38156   0.20891   0.05186   0.04171   0.67613   0.07504   0.09605   0.42356   1.10735   0.16226   0.10651   0.71663   0.00408   0.16432   0.14799   0.67053   0.56017   0.04043   1.22100   0.40996   1.60736   1.21111   0.56599   1.06635   0.29545   0.22798   0.16163   0.19876   0.52162   0.13297   1.13016   0.25149   0.37197   0.35907   1.22193   0.73629   0.97856   0.48183   1.77067   0.92089   0.43367   2.02540   4.93561  
 28 25.1554  23580.314469  x:  0.51893   0.52644   0.44681   0.64253   0.40073   0.23520   0.10036   0.60283   0.41622   0.23129   0.04139   0.04286   0.68914   0.07586   0.09318   0.42664   1.13461   0.15300   0.11433   0.72311   0.00453   0.16192   0.14589   0.65449   0.57495   0.04459   1.21052   0.40729   1.52227   1.27091   0.60739   1.08279   0.31862   0.18678   0.18908   0.19804   0.50663   0.14065   1.08098   0.26312   0.41231   0.32065   1.23917   0.74772   1.12729   0.46269   1.77322   0.92112   0.42447   2.00106   4.98012  
 29 16.0538  23572.338904  x:  0.52560   0.51412   0.44326   0.62437   0.43270   0.22070   0.09809   0.58192   0.37357   0.15591   0.05880   0.04464   0.70633   0.07571   0.07889   0.45303   1.16180   0.14490   0.10876   0.74658   0.00499   0.16183   0.15785   0.68117   0.52085   0.04335   1.23496   0.38773   1.38833   1.33468   0.64245   1.06588   0.38117   0.16102   0.20115   0.16340   0.53194   0.15080   1.05324   0.25285   0.36314   0.36827   1.25728   0.71667   1.32375   0.46932   1.73941   0.92129   0.42658   2.02234   4.99876  
 30 33.4892  23546.100698  x:  0.60028   0.71647   0.44311   0.57439   0.39297   0.19268   0.08004   0.61795   0.30397   0.24986   0.03167   0.04162   0.66105   0.08700   0.06574   0.40364   1.12029   0.15108   0.05221   0.72688   0.00731   0.15564   0.15952   0.75461   0.58661   0.04992   1.30441   0.35410   1.20882   1.32292   0.62281   1.04751   0.41732   0.08742   0.13012   0.24436   0.60609   0.10641   1.15628   0.22436   0.41888   0.35069   1.29560   0.61111   1.62149   0.54388   1.69610   0.92230   0.44137   2.23426   4.90176  
 31 32.9932  23511.706728  x:  0.59121   0.83071   0.35731   0.57726   0.31584   0.15014   0.05715   0.65460   0.34404   0.21420   0.03748   0.03702   0.82344   0.08701   0.03310   0.44695   1.04139   0.04180   0.11440   0.67870   0.01071   0.15012   0.14716   0.74141   0.65777   0.05028   1.26311   0.33180   1.22360   1.28152   0.49015   1.16108   0.40081   0.11604   0.15585   0.19892   0.57883   0.08020   1.22870   0.23659   0.42433   0.38131   1.34283   0.67836   1.79816   0.53466   1.71958   0.92415   0.47554   2.52804   4.72289  
 32 78.0191  23498.354664  x:  0.57840   0.82397   0.31990   0.59625   0.30925   0.12434   0.04848   0.66315   0.35640   0.20789   0.03391   0.02834   0.87691   0.07548   0.02153   0.45949   1.02398   0.09773   0.01541   0.65711   0.01126   0.15000   0.18909   0.75399   0.63460   0.05581   1.21084   0.32221   1.27778   1.27047   0.47574   1.22897   0.37258   0.12961   0.15986   0.18613   0.57631   0.08440   1.22058   0.22405   0.43595   0.38782   1.36757   0.72291   1.83655   0.52180   1.71350   0.92481   0.48934   2.64283   4.64627  
 33 134.8294  23487.968202  x:  0.60495   0.74252   0.32291   0.61745   0.32964   0.11655   0.04021   0.65903   0.30996   0.20451   0.02891   0.02623   0.86403   0.08193   0.03106   0.37131   1.03260   0.07287   0.02229   0.66029   0.01228   0.14672   0.18659   0.81627   0.62710   0.05567   1.09694   0.32576   1.39205   1.26644   0.54346   1.30720   0.36440   0.18923   0.11129   0.19021   0.60198   0.10285   1.13270   0.18927   0.44668   0.39404   1.39862   0.75291   1.83720   0.54831   1.65917   0.92550   0.49509   2.74216   4.56958  
 34 78.8169  23485.791693  x:  0.62437   0.69374   0.35283   0.59407   0.31239   0.11009   0.03870   0.65990   0.28414   0.19407   0.02892   0.02263   0.84241   0.08475   0.01980   0.42201   1.04502   0.06941   0.02015   0.66971   0.01231   0.14705   0.18034   0.83325   0.64798   0.05262   1.08320   0.33310   1.43197   1.26376   0.55659   1.31966   0.34778   0.18991   0.10189   0.20534   0.60871   0.08923   1.09054   0.20902   0.44677   0.39721   1.40623   0.73904   1.82514   0.56771   1.66004   0.92568   0.50002   2.76298   4.55287  
 35 40.6835  23485.159707  x:  0.63808   0.65900   0.37529   0.58266   0.31898   0.10876   0.03881   0.66164   0.28224   0.19128   0.03024   0.02354   0.85420   0.08276   0.02143   0.40622   1.05173   0.06960   0.01838   0.66908   0.01238   0.14696   0.17948   0.83645   0.65130   0.05485   1.10707   0.32044   1.44681   1.25786   0.54151   1.31745   0.33244   0.18076   0.11837   0.20172   0.61390   0.08693   1.07394   0.20678   0.44653   0.39705   1.40754   0.71873   1.81633   0.58142   1.67198   0.92566   0.50040   2.76886   4.55300  
 36 15.9693  23484.771850  x:  0.65021   0.63627   0.37188   0.57652   0.31073   0.10871   0.03989   0.65193   0.28764   0.20266   0.02880   0.02211   0.85492   0.08312   0.02216   0.40946   1.04756   0.06917   0.01803   0.65823   0.01251   0.14682   0.18329   0.82732   0.64592   0.05299   1.12326   0.32889   1.45275   1.25646   0.53147   1.31540   0.33843   0.19596   0.12299   0.19694   0.60935   0.09443   1.07304   0.20016   0.44969   0.39811   1.41183   0.70527   1.81602   0.59355   1.65534   0.92559   0.49863   2.76944   4.55667  
 37  6.6277  23483.501785  x:  0.66366   0.60217   0.35657   0.59602   0.34631   0.10628   0.04210   0.62120   0.29946   0.21062   0.02712   0.02304   0.85387   0.08307   0.02167   0.42465   1.02351   0.06687   0.01912   0.65161   0.01283   0.14632   0.18323   0.82184   0.65270   0.05997   1.12417   0.30725   1.45647   1.25687   0.52455   1.30923   0.33354   0.21711   0.10524   0.20820   0.60795   0.08551   1.08708   0.21324   0.45008   0.39882   1.42979   0.69520   1.82888   0.60699   1.65832   0.92564   0.49543   2.76465   4.56328  
 38  5.8156  23478.706425  x:  0.66667   0.56006   0.36115   0.58129   0.31253   0.08775   0.06771   0.55512   0.31880   0.18754   0.03173   0.02664   0.86617   0.07840   0.03275   0.40752   0.98212   0.06181   0.00683   0.68140   0.01362   0.14628   0.17865   0.84153   0.66244   0.05404   1.08657   0.33788   1.46173   1.26042   0.54285   1.28145   0.27901   0.23726   0.10203   0.21373   0.63155   0.07132   1.13105   0.21020   0.45297   0.40677   1.47585   0.72018   1.87899   0.60999   1.68504   0.92589   0.48659   2.73636   4.58847  
 39 14.8055  23473.502846  x:  0.65582   0.60083   0.44729   0.56643   0.33735   0.07523   0.08440   0.58349   0.34292   0.20800   0.02425   0.03207   0.86412   0.07706   0.03568   0.44390   1.00522   0.05418   0.00475   0.65623   0.01498   0.14468   0.17825   0.86708   0.66964   0.06717   1.01962   0.31836   1.47256   1.25643   0.54702   1.26748   0.27092   0.27472   0.13660   0.17129   0.63378   0.10489   1.11215   0.19128   0.46430   0.41018   1.47637   0.74154   1.92610   0.59912   1.67861   0.92661   0.47239   2.70263   4.60685  
 40 28.7592  23470.478393  x:  0.63989   0.63918   0.40594   0.57818   0.33948   0.06777   0.09831   0.63852   0.32027   0.20459   0.03013   0.03360   0.89558   0.07130   0.04040   0.43574   1.06630   0.04948   0.00323   0.62586   0.01588   0.14405   0.17943   0.87160   0.67149   0.06538   1.01921   0.33235   1.48903   1.25508   0.52661   1.29505   0.28041   0.25734   0.12508   0.20392   0.61754   0.08919   1.03632   0.22360   0.46442   0.41494   1.42707   0.73037   1.95268   0.58319   1.64934   0.92663   0.46153   2.68246   4.62757  
 41 26.4074  23469.536730  x:  0.64437   0.64451   0.36971   0.58706   0.32985   0.06278   0.10219   0.66131   0.30480   0.20976   0.02832   0.03479   0.88838   0.07184   0.04034   0.44361   1.07163   0.04756   0.00193   0.64584   0.01591   0.14426   0.17693   0.86587   0.67673   0.06775   1.03193   0.32236   1.49789   1.25595   0.52387   1.32279   0.30821   0.24467   0.12188   0.20396   0.62381   0.10682   1.00995   0.20230   0.46774   0.41517   1.38913   0.73399   1.95892   0.58767   1.67786   0.92662   0.46046   2.67530   4.63445  
 42 20.8954  23468.949460  x:  0.65223   0.63282   0.36964   0.58879   0.33135   0.06147   0.10352   0.67677   0.28950   0.21636   0.02708   0.03493   0.88343   0.07214   0.04270   0.44191   1.04117   0.04725   0.00343   0.64168   0.01610   0.14405   0.17738   0.86891   0.67053   0.06739   1.03412   0.32680   1.50267   1.25757   0.52648   1.35848   0.34456   0.21085   0.13521   0.19138   0.63494   0.09549   1.01898   0.21965   0.46774   0.41587   1.35134   0.74934   1.96114   0.59552   1.67574   0.92663   0.45806   2.66767   4.63794  
 43 10.2640  23468.426317  x:  0.64539   0.61773   0.38749   0.58683   0.33623   0.06038   0.10430   0.67747   0.28235   0.20729   0.03081   0.03420   0.89563   0.06986   0.04330   0.44506   1.02862   0.04692   0.00466   0.64110   0.01623   0.14385   0.17610   0.86410   0.67947   0.06661   1.03302   0.32846   1.50746   1.25411   0.52579   1.37754   0.37538   0.17343   0.12243   0.20775   0.62214   0.10851   1.03905   0.20470   0.46730   0.41796   1.33235   0.75077   1.95923   0.58868   1.66353   0.92661   0.45461   2.65748   4.64146  
 44  9.2849  23467.215342  x:  0.63416   0.61029   0.40575   0.57666   0.32233   0.05823   0.10555   0.64875   0.29331   0.21552   0.03043   0.03442   0.91703   0.06669   0.04459   0.43692   1.05716   0.04928   0.00637   0.65588   0.01645   0.14305   0.17790   0.86468   0.66547   0.07039   1.02458   0.31903   1.52072   1.23399   0.52704   1.37230   0.45898   0.15589   0.10951   0.21726   0.60760   0.09564   1.05605   0.21947   0.46999   0.41905   1.33687   0.73948   1.95506   0.57743   1.68718   0.92671   0.44737   2.62825   4.64708  
 45  7.7238  23464.719514  x:  0.62408   0.61458   0.37620   0.58767   0.32962   0.05340   0.10393   0.60373   0.32605   0.21461   0.03360   0.03451   0.90788   0.06870   0.04577   0.44467   1.08755   0.04766   0.02003   0.64034   0.01722   0.14179   0.17043   0.87057   0.68792   0.06790   1.01318   0.33266   1.54027   1.21486   0.50479   1.32628   0.50268   0.09369   0.12904   0.20303   0.65407   0.09714   1.03846   0.20884   0.47384   0.42316   1.38347   0.73633   1.96376   0.56732   1.68716   0.92675   0.43027   2.56612   4.66177  
 46 13.2847  23460.363797  x:  0.63501   0.63577   0.37591   0.57213   0.33647   0.04573   0.10471   0.64915   0.33737   0.21833   0.03796   0.03431   0.94295   0.06093   0.05396   0.44168   1.00037   0.05281   0.03331   0.67584   0.01820   0.13903   0.16400   0.85870   0.68691   0.06766   1.04719   0.34263   1.53228   1.23241   0.50709   1.24895   0.43295   0.15783   0.11556   0.21216   0.62445   0.10945   0.96222   0.21724   0.47744   0.42564   1.41278   0.76292   2.04073   0.57821   1.69392   0.92681   0.39879   2.45664   4.69409  
 47 14.9015  23458.677392  x:  0.64511   0.61464   0.36740   0.58412   0.32158   0.04135   0.10572   0.66133   0.32071   0.20913   0.04083   0.03446   0.94294   0.05940   0.05394   0.44331   1.03443   0.05331   0.04426   0.63172   0.01902   0.13838   0.16019   0.86413   0.68833   0.06855   1.03947   0.33929   1.50641   1.22828   0.52782   1.26648   0.35198   0.22287   0.12757   0.21663   0.61778   0.11569   1.00580   0.21014   0.47820   0.42652   1.36820   0.74466   2.09435   0.58829   1.72288   0.92679   0.38723   2.41241   4.70500  
 48 18.6125  23458.287927  x:  0.64300   0.60971   0.36953   0.58567   0.32811   0.04114   0.10493   0.65330   0.31921   0.21586   0.04150   0.03467   0.94167   0.05998   0.05376   0.44374   1.04941   0.05458   0.04348   0.65877   0.01893   0.13791   0.15811   0.86364   0.69334   0.06774   1.03090   0.34422   1.49414   1.21980   0.50886   1.28527   0.32661   0.24537   0.13480   0.21552   0.62535   0.11455   1.01766   0.21229   0.47854   0.42688   1.34665   0.73570   2.11063   0.58617   1.71113   0.92683   0.38452   2.40193   4.70482  
 49 14.5607  23458.193320  x:  0.63741   0.61745   0.37780   0.58461   0.32872   0.04092   0.10481   0.63279   0.31872   0.21527   0.04176   0.03467   0.94008   0.06024   0.05386   0.44379   1.04708   0.05468   0.04367   0.65452   0.01901   0.13780   0.15802   0.86190   0.69421   0.06749   1.04327   0.34359   1.49164   1.21277   0.51104   1.30040   0.32142   0.25152   0.13258   0.21594   0.63117   0.11384   1.00958   0.21184   0.47865   0.42666   1.34161   0.73849   2.11564   0.58058   1.71106   0.92678   0.38377   2.40062   4.70394  
 50  3.2639  23457.844540  x:  0.65158   0.62981   0.37619   0.59218   0.32810   0.04208   0.10308   0.60789   0.31670   0.21587   0.04206   0.03474   0.94016   0.06062   0.05372   0.44317   1.04279   0.05627   0.04218   0.65689   0.01925   0.13649   0.15537   0.87429   0.68804   0.06696   1.04281   0.34357   1.48716   1.20591   0.51321   1.30825   0.31745   0.23280   0.14348   0.21228   0.60024   0.12196   1.00716   0.21541   0.47813   0.42508   1.34441   0.73670   2.13140   0.59474   1.70973   0.92680   0.38056   2.39473   4.68255  
 51  1.1527  23455.644857  x:  0.64623   0.60875   0.37703   0.59787   0.32966   0.05010   0.09098   0.61029   0.31671   0.21042   0.04212   0.03212   0.95709   0.06278   0.05342   0.43351   1.01500   0.06929   0.02801   0.64523   0.02097   0.12788   0.15808   0.83347   0.68521   0.06425   1.05030   0.34577   1.46985   1.19610   0.52745   1.26506   0.35792   0.19809   0.13828   0.20728   0.62467   0.10707   1.03865   0.21560   0.47756   0.42676   1.34441   0.73164   2.22284   0.58931   1.69973   0.92678   0.35832   2.35672   4.54159  
 52  5.4928  23455.460646  x:  0.63255   0.59794   0.37177   0.59587   0.32831   0.05045   0.09029   0.61551   0.32151   0.21027   0.04188   0.03250   0.94823   0.06477   0.05307   0.43339   1.00861   0.07008   0.02767   0.64309   0.02114   0.12718   0.15330   0.86097   0.68472   0.06388   1.06166   0.34348   1.46764   1.19373   0.52125   1.25944   0.36400   0.20045   0.13869   0.20813   0.62027   0.10687   1.04331   0.21504   0.47838   0.42646   1.34350   0.73323   2.23038   0.57562   1.69738   0.92675   0.35683   2.35502   4.53042  
 53  7.8445  23454.493555  x:  0.62143   0.59160   0.37480   0.61453   0.31739   0.03772   0.08788   0.62362   0.31137   0.20728   0.04322   0.03023   0.94653   0.06692   0.05051   0.42676   0.98846   0.07458   0.02387   0.64216   0.02205   0.12528   0.15124   0.85156   0.67761   0.06094   1.06603   0.34494   1.45055   1.17349   0.52453   1.25544   0.37150   0.18994   0.14681   0.20292   0.61587   0.10348   1.04967   0.21519   0.47702   0.42472   1.36372   0.70741   2.29708   0.56447   1.69115   0.92673   0.36822   2.40812   4.43327  
 54  0.5624  23454.158887  x:  0.63055   0.58979   0.37022   0.59455   0.32663   0.03483   0.08599   0.61118   0.32096   0.20665   0.04282   0.02947   0.94670   0.06838   0.04908   0.42484   1.00014   0.07615   0.02294   0.63943   0.02241   0.12422   0.15043   0.85130   0.67455   0.06037   1.07391   0.34326   1.44660   1.18066   0.52378   1.23292   0.36991   0.18432   0.13686   0.20296   0.61299   0.10155   1.05582   0.21496   0.47760   0.42431   1.33825   0.73503   2.31307   0.57359   1.68525   0.92677   0.37207   2.42756   4.39802  
 55  8.4055  23454.071925  x:  0.62769   0.59462   0.37238   0.59763   0.32439   0.03504   0.08510   0.60211   0.32425   0.20667   0.04174   0.02879   0.94746   0.06919   0.04942   0.42390   0.99595   0.07646   0.02287   0.63867   0.02251   0.12374   0.15038   0.85314   0.67512   0.06031   1.07139   0.34318   1.45263   1.20545   0.52280   1.22644   0.36934   0.18550   0.14059   0.20514   0.61375   0.10083   1.05498   0.21448   0.47839   0.42465   1.32424   0.72373   2.31496   0.57072   1.68625   0.92678   0.37318   2.43350   4.39036  
 56  1.9905  23451.881646  x:  0.62164   0.58647   0.36939   0.60045   0.31571   0.05080   0.08000   0.62198   0.30255   0.19571   0.04544   0.02582   0.92939   0.07625   0.04206   0.41598   1.00910   0.08621   0.02873   0.63251   0.02570   0.10869   0.14053   0.84108   0.66077   0.05460   1.08456   0.33510   1.43255   1.18160   0.53211   1.21440   0.33771   0.19592   0.13600   0.20135   0.60587   0.09900   1.03847   0.20627   0.47969   0.42036   1.29257   0.71768   2.48388   0.56454   1.68003   0.92700   0.40333   2.59991   4.24402  
 57  0.9498  23448.433779  x:  0.60711   0.61141   0.36435   0.57715   0.30770   0.04050   0.08646   0.61924   0.28856   0.19214   0.05201   0.02191   0.89793   0.07549   0.03170   0.41883   1.01189   0.07561   0.03428   0.62206   0.03525   0.07907   0.13843   0.82231   0.64083   0.05776   1.03687   0.32420   1.46077   1.17344   0.51098   1.23477   0.35256   0.18299   0.13900   0.19391   0.59003   0.09863   0.99626   0.20022   0.47927   0.41315   1.30766   0.69282   2.91488   0.54959   1.68594   0.92859   0.39449   2.64893   4.27061  
 58  0.2041  23446.528627  x:  0.60376   0.57746   0.36114   0.56568   0.32335   0.04057   0.08382   0.59811   0.31493   0.19736   0.05021   0.02863   0.86862   0.06198   0.05298   0.41985   0.98586   0.06944   0.02838   0.60558   0.04139   0.06936   0.15045   0.80653   0.64560   0.06009   1.03411   0.33621   1.43885   1.16510   0.49865   1.20976   0.35283   0.17801   0.13858   0.20364   0.58677   0.10183   1.00609   0.20856   0.46236   0.40362   1.30302   0.70376   3.09914   0.54594   1.70238   0.92911   0.39132   2.56026   4.18473  
 59  0.1197  23444.714339  x:  0.59525   0.57543   0.35597   0.57847   0.30676   0.03980   0.09025   0.60376   0.30396   0.20001   0.03984   0.02878   0.86309   0.06484   0.04862   0.40353   0.98294   0.06835   0.02197   0.61376   0.04765   0.07423   0.15564   0.79865   0.63967   0.06019   1.04427   0.32589   1.41139   1.16627   0.50902   1.17504   0.34339   0.17117   0.14236   0.19676   0.57939   0.10136   1.01079   0.20444   0.43991   0.39320   1.26217   0.69704   3.20646   0.53713   1.69069   0.92948   0.37916   2.35510   4.17493  
 60  0.0976  23442.785363  x:  0.59051   0.55768   0.36350   0.56977   0.30416   0.04510   0.08015   0.57345   0.29389   0.18659   0.03761   0.02275   0.87526   0.07078   0.03730   0.40290   0.97635   0.07171   0.02050   0.59812   0.06113   0.06476   0.14627   0.80268   0.62479   0.05003   1.00543   0.32336   1.41482   1.12709   0.49615   1.17566   0.32854   0.19487   0.13573   0.17892   0.57113   0.10129   0.96054   0.19514   0.44418   0.38922   1.25892   0.67019   3.45067   0.53172   1.70409   0.93146   0.38139   2.37613   4.10941  
 61  0.0914  23440.843714  x:  0.58440   0.57560   0.33612   0.53832   0.30069   0.04208   0.07942   0.59668   0.29012   0.19269   0.03835   0.03009   0.87244   0.06018   0.04403   0.41191   0.93696   0.06913   0.02720   0.59898   0.07427   0.07394   0.13738   0.79152   0.62877   0.05437   0.98119   0.31427   1.38216   1.11715   0.48350   1.16847   0.31174   0.19663   0.13452   0.19845   0.56573   0.09943   0.95107   0.20294   0.44770   0.38893   1.22878   0.67409   3.50332   0.52495   1.70346   0.93367   0.37905   2.38898   4.08034  
 62  0.0443  23439.738586  x:  0.57476   0.54345   0.34629   0.54900   0.29432   0.04235   0.07799   0.56541   0.29251   0.19370   0.04219   0.02636   0.83440   0.06180   0.04265   0.39129   0.93643   0.07037   0.02216   0.57581   0.08506   0.07442   0.14198   0.77062   0.60890   0.05643   0.97528   0.31009   1.33455   1.10509   0.47493   1.12845   0.33676   0.16700   0.13612   0.18671   0.55755   0.09317   0.94836   0.19184   0.43670   0.38311   1.22310   0.66013   3.51374   0.51476   1.68837   0.93513   0.38688   2.48495   3.96971  
 63  0.0911  23438.943925  x:  0.56383   0.56002   0.33129   0.52359   0.29839   0.04162   0.08278   0.56058   0.27672   0.17280   0.04903   0.02183   0.81202   0.06720   0.04117   0.38215   0.92349   0.06660   0.02513   0.58309   0.09387   0.07069   0.14192   0.75685   0.59885   0.05410   0.96764   0.30824   1.34457   1.08198   0.47534   1.13564   0.33485   0.15111   0.13449   0.18134   0.54344   0.09841   0.93366   0.18879   0.42831   0.37768   1.18954   0.63737   3.37136   0.50335   1.69387   0.93670   0.39127   2.54267   3.89285  
 64  0.0671  23435.977542  x:  0.55718   0.51547   0.33652   0.53084   0.28353   0.03976   0.08099   0.54923   0.28405   0.18051   0.04912   0.01833   0.80490   0.06857   0.04413   0.38608   0.89953   0.06292   0.02574   0.58321   0.10957   0.06087   0.14764   0.74474   0.59712   0.05490   0.93345   0.30116   1.33545   1.05566   0.45522   1.08657   0.30360   0.18443   0.11851   0.18746   0.54509   0.09317   0.90607   0.19255   0.41953   0.36713   1.18035   0.65721   2.34865   0.49593   1.71204   0.94071   0.39236   2.56454   3.92912  
 65  0.1971  23434.981752  x:  0.55275   0.52942   0.32702   0.52267   0.28636   0.03964   0.07671   0.54801   0.27714   0.18012   0.04475   0.02257   0.80515   0.06382   0.04086   0.38137   0.89648   0.06549   0.02133   0.56759   0.11304   0.05393   0.14312   0.73978   0.58614   0.05305   0.94659   0.30029   1.30002   1.05766   0.46214   1.09025   0.30449   0.17846   0.12365   0.18202   0.53505   0.09068   0.91656   0.18836   0.41493   0.36412   1.17091   0.64106   2.03600   0.49129   1.69891   0.94173   0.39029   2.50731   3.93058  
 66  0.2974  23434.736045  x:  0.55360   0.53233   0.32789   0.52250   0.28613   0.03930   0.07620   0.54948   0.27500   0.18068   0.04219   0.02511   0.80363   0.06113   0.03942   0.37926   0.90071   0.06636   0.02109   0.56440   0.11196   0.05278   0.13813   0.74065   0.58404   0.05204   0.94846   0.30094   1.28941   1.06110   0.46373   1.09698   0.30927   0.17405   0.12486   0.17987   0.53416   0.09152   0.91546   0.18600   0.41603   0.36586   1.16771   0.63564   2.21743   0.49219   1.69127   0.94146   0.38800   2.46766   3.92630  
 67  0.2564  23434.406177  x:  0.55551   0.52393   0.33418   0.52272   0.28377   0.03889   0.07777   0.54400   0.27619   0.17960   0.03910   0.02685   0.79487   0.05876   0.03919   0.37641   0.90324   0.06567   0.02398   0.57029   0.11174   0.05567   0.12967   0.74139   0.58436   0.05019   0.93452   0.30164   1.28988   1.05644   0.45830   1.09659   0.31954   0.16642   0.11878   0.17792   0.53776   0.09427   0.89864   0.18277   0.41878   0.37045   1.16190   0.63406   2.10355   0.49410   1.68556   0.94231   0.38536   2.40926   3.95930  
 68  0.0507  23432.150966  x:  0.52056   0.51361   0.29964   0.48953   0.26828   0.04151   0.06804   0.51193   0.27227   0.16591   0.03793   0.01641   0.74387   0.05576   0.04149   0.35787   0.81919   0.05858   0.03048   0.52894   0.11468   0.04561   0.12165   0.68635   0.55421   0.04700   0.87362   0.27795   1.25374   0.97798   0.42305   1.00857   0.32708   0.11079   0.10851   0.18116   0.52042   0.07583   0.87848   0.18086   0.41925   0.37299   1.10720   0.61259   1.99588   0.45904   1.69755   0.94951   0.38013   2.35938   3.80256  
 69  0.0375  23422.008060  x:  0.41981   0.37662   0.26611   0.40318   0.24060   0.03297   0.05672   0.41247   0.21478   0.14311   0.03231   0.00863   0.61367   0.06017   0.04095   0.30176   0.70718   0.04721   0.03913   0.43540   0.09004   0.04570   0.12006   0.56728   0.44166   0.04681   0.73085   0.23198   0.98878   0.81382   0.37485   0.86600   0.23603   0.14915   0.11891   0.15724   0.41094   0.06772   0.72296   0.15644   0.37826   0.34008   0.87779   0.48306   1.77735   0.35973   1.72133   0.96923   0.37093   2.30322   3.10252  
 70  0.2606  23413.722964  x:  0.38978   0.36615   0.23901   0.35778   0.21008   0.02833   0.05460   0.36775   0.19054   0.13157   0.03122   0.01655   0.55735   0.05618   0.03365   0.26636   0.63589   0.04320   0.02753   0.39041   0.05198   0.05044   0.11433   0.51296   0.39392   0.04744   0.64520   0.20534   0.86176   0.73168   0.32531   0.76195   0.20985   0.14014   0.10766   0.12769   0.36002   0.07221   0.62325   0.13394   0.33166   0.29756   0.79297   0.44059   1.62419   0.33167   1.71983   0.98047   0.36870   2.33528   2.48767  
 71  0.9924  23409.647578  x:  0.40865   0.38524   0.24371   0.36731   0.21389   0.02897   0.05820   0.38649   0.20118   0.13726   0.03493   0.02004   0.58741   0.05311   0.03111   0.27644   0.65249   0.04890   0.01561   0.40837   0.03722   0.05588   0.11342   0.54199   0.42351   0.04817   0.65818   0.21277   0.90206   0.76161   0.33271   0.79306   0.22191   0.14407   0.10210   0.13069   0.38573   0.07532   0.63744   0.13526   0.31924   0.28339   0.83027   0.46102   1.62635   0.35128   1.70698   0.97809   0.37196   2.41153   2.38547  
 72  0.4455  23405.652230  x:  0.40104   0.37736   0.22779   0.36363   0.19493   0.02796   0.05644   0.38427   0.19828   0.12748   0.03757   0.01891   0.56873   0.04270   0.02598   0.26444   0.62347   0.04809   0.00484   0.40232   0.04945   0.04777   0.09627   0.52840   0.42536   0.04075   0.65254   0.20877   0.90379   0.73581   0.31696   0.76151   0.22342   0.12215   0.07995   0.12670   0.38798   0.06589   0.62661   0.12778   0.28146   0.24709   0.82050   0.44980   1.46678   0.34303   1.68378   0.98008   0.38210   2.53697   1.87429  
 73  0.9755  23399.274375  x:  0.39021   0.37389   0.21075   0.35804   0.18392   0.02779   0.05299   0.37543   0.19427   0.11849   0.03454   0.01744   0.55408   0.03538   0.02678   0.25606   0.60421   0.04379   0.01954   0.38097   0.05148   0.04203   0.07545   0.51049   0.41628   0.03114   0.65259   0.20635   0.89698   0.71109   0.31240   0.72546   0.20968   0.11121   0.07182   0.12540   0.37437   0.05637   0.61655   0.12845   0.26170   0.22655   0.79838   0.43343   1.47147   0.33218   1.66068   0.98175   0.39855   2.73224   1.00000  
 74  1.1172  23397.628920  x:  0.40192   0.38651   0.21975   0.36410   0.19302   0.02877   0.05491   0.38373   0.19995   0.12479   0.03532   0.01874   0.56931   0.03848   0.02840   0.26486   0.62092   0.04571   0.02148   0.39130   0.05453   0.04389   0.08249   0.52491   0.42455   0.03476   0.65741   0.20971   0.91220   0.73204   0.31871   0.74963   0.21515   0.11820   0.07765   0.13015   0.38401   0.06054   0.63059   0.13227   0.27809   0.24194   0.81904   0.44859   1.49459   0.34371   1.67100   0.98006   0.39321   2.65477   1.00000  
 75  0.5995  23396.384065  x:  0.38546   0.36111   0.22212   0.35217   0.20066   0.02845   0.05264   0.37092   0.19874   0.12682   0.02992   0.01514   0.55741   0.04422   0.02850   0.26414   0.61028   0.04843   0.01831   0.38730   0.05066   0.04500   0.09055   0.51649   0.41179   0.03437   0.63767   0.20956   0.88999   0.72490   0.31613   0.75588   0.23016   0.10404   0.08188   0.13094   0.37672   0.05818   0.61970   0.13231   0.28653   0.25484   0.79226   0.44499   1.49638   0.32746   1.68397   0.98194   0.39292   2.66025   1.00000  
 76  0.1095  23396.022777  x:  0.38464   0.36280   0.22442   0.35949   0.19731   0.02772   0.05300   0.36922   0.19489   0.12633   0.02624   0.01599   0.55509   0.04638   0.02782   0.26311   0.62119   0.04639   0.01833   0.38812   0.05050   0.04594   0.09498   0.51138   0.40559   0.03450   0.65570   0.21125   0.88393   0.72525   0.31679   0.74758   0.22146   0.11175   0.08567   0.12688   0.36904   0.06087   0.62424   0.13157   0.28841   0.25806   0.79654   0.44040   1.55259   0.32664   1.68864   0.98136   0.39652   2.71805   1.00000  
 77  0.1497  23395.936527  x:  0.38655   0.36444   0.22500   0.35770   0.19801   0.02751   0.05406   0.37348   0.19351   0.12576   0.02611   0.01734   0.55146   0.04514   0.02793   0.26199   0.62025   0.04633   0.01667   0.38813   0.05056   0.04589   0.09589   0.51178   0.40486   0.03532   0.65097   0.20936   0.88353   0.72804   0.32092   0.74885   0.21456   0.11906   0.08610   0.12638   0.36878   0.06271   0.61842   0.13103   0.28919   0.25777   0.79326   0.44166   1.54704   0.32855   1.69212   0.98169   0.39794   2.74801   1.00000  
 78  0.0413  23395.876383  x:  0.38609   0.36591   0.22409   0.35726   0.19869   0.02777   0.05355   0.37192   0.19562   0.12656   0.02612   0.01737   0.55371   0.04477   0.02799   0.26238   0.61938   0.04699   0.01457   0.39118   0.05026   0.04646   0.09503   0.51330   0.40751   0.03474   0.65186   0.21112   0.88540   0.72661   0.31719   0.75014   0.21674   0.11971   0.08463   0.12765   0.36960   0.06153   0.62183   0.13066   0.28958   0.25818   0.79619   0.44148   1.54019   0.32810   1.69355   0.98188   0.39968   2.77835   1.00000  
 79  0.0314  23395.816982  x:  0.38675   0.36025   0.22610   0.36021   0.19648   0.02740   0.05403   0.37359   0.19417   0.12621   0.02618   0.01625   0.55505   0.04586   0.02717   0.26314   0.62046   0.04753   0.01390   0.38900   0.05004   0.04598   0.09549   0.51313   0.40892   0.03474   0.65418   0.21081   0.88784   0.72926   0.31905   0.75075   0.22202   0.11056   0.08506   0.12704   0.37193   0.06170   0.62128   0.13086   0.28797   0.25784   0.79788   0.44312   1.53106   0.32878   1.69241   0.98219   0.40077   2.79583   1.00000  
 80  0.0177  23395.470746  x:  0.38064   0.36757   0.22258   0.35666   0.19867   0.02747   0.05323   0.36579   0.19656   0.12598   0.02635   0.01496   0.54980   0.04761   0.02587   0.26317   0.62286   0.04426   0.01448   0.38856   0.04836   0.04511   0.09992   0.51179   0.40329   0.03623   0.65145   0.20783   0.88117   0.72461   0.31946   0.74675   0.22220   0.11428   0.08420   0.12194   0.37715   0.06101   0.62706   0.12889   0.28091   0.25366   0.79833   0.44121   1.52176   0.32278   1.68671   0.98557   0.40032   2.78548   1.00000  
 81  0.0075  23395.005695  x:  0.38375   0.36479   0.22258   0.35856   0.19648   0.02750   0.05253   0.37348   0.19261   0.12504   0.02569   0.01686   0.55126   0.04544   0.02784   0.26051   0.61719   0.04593   0.01555   0.38783   0.04814   0.04536   0.09670   0.51069   0.40093   0.03469   0.65562   0.21051   0.88081   0.72231   0.31616   0.74550   0.21863   0.11187   0.08245   0.12479   0.36603   0.06184   0.62049   0.12976   0.28081   0.25221   0.78862   0.43670   1.54656   0.32592   1.68123   0.98971   0.39940   2.75193   1.00000  
 82  0.0551  23394.965286  x:  0.38444   0.36387   0.22254   0.35904   0.19590   0.02750   0.05243   0.37493   0.19179   0.12473   0.02559   0.01728   0.55152   0.04480   0.02821   0.25992   0.61621   0.04634   0.01585   0.38766   0.04818   0.04548   0.09565   0.51035   0.40081   0.03427   0.65678   0.21109   0.88126   0.72201   0.31574   0.74519   0.21759   0.11179   0.08225   0.12548   0.36383   0.06197   0.61904   0.13002   0.28126   0.25213   0.78723   0.43593   1.55394   0.32662   1.68019   0.99068   0.39901   2.74014   1.06011  
 83  1.0194  23394.802288  x:  0.38451   0.36054   0.22215   0.35970   0.19465   0.02734   0.05318   0.37137   0.19271   0.12365   0.02615   0.01718   0.55076   0.04314   0.02735   0.26006   0.61977   0.04674   0.01640   0.38762   0.04908   0.04639   0.09211   0.50915   0.40588   0.03369   0.65911   0.21041   0.88721   0.72436   0.31943   0.74454   0.21474   0.11760   0.08497   0.12587   0.36808   0.06133   0.61973   0.13065   0.28683   0.25496   0.79767   0.43867   1.57277   0.32664   1.68290   0.99159   0.39595   2.67448   1.08503  
 84  0.1510  23394.749457  x:  0.38617   0.36289   0.22472   0.36182   0.19654   0.02742   0.05366   0.37452   0.19384   0.12512   0.02636   0.01647   0.55133   0.04391   0.02752   0.26130   0.62120   0.04628   0.01635   0.38888   0.05021   0.04590   0.09280   0.51039   0.40639   0.03418   0.66009   0.21112   0.88970   0.72749   0.31942   0.74840   0.21540   0.11646   0.08441   0.12568   0.36737   0.06094   0.62380   0.13036   0.28816   0.25579   0.79589   0.44165   1.56779   0.32824   1.68774   0.99137   0.39423   2.63774   1.09965  
 85  0.0659  23394.738433  x:  0.38601   0.36322   0.22401   0.36133   0.19652   0.02754   0.05343   0.37382   0.19356   0.12494   0.02676   0.01667   0.55184   0.04450   0.02755   0.26145   0.62148   0.04635   0.01589   0.38927   0.05056   0.04562   0.09395   0.51069   0.40565   0.03473   0.65935   0.21073   0.88894   0.72696   0.31916   0.74809   0.21650   0.11584   0.08485   0.12608   0.36808   0.06193   0.62331   0.13088   0.28771   0.25595   0.79735   0.44061   1.55958   0.32806   1.68939   0.99165   0.39373   2.62663   1.11029  
 86  0.0309  23394.736908  x:  0.38562   0.36317   0.22411   0.36099   0.19656   0.02750   0.05337   0.37345   0.19373   0.12488   0.02690   0.01649   0.55196   0.04453   0.02749   0.26153   0.62145   0.04627   0.01577   0.38931   0.05058   0.04567   0.09433   0.51088   0.40551   0.03478   0.65941   0.21060   0.88883   0.72688   0.31957   0.74846   0.21671   0.11583   0.08471   0.12568   0.36880   0.06151   0.62336   0.13046   0.28751   0.25615   0.79708   0.44115   1.55979   0.32767   1.68930   0.99171   0.39385   2.62764   1.11315  
 87  0.0056  23394.736659  x:  0.38550   0.36307   0.22411   0.36102   0.19671   0.02750   0.05340   0.37331   0.19381   0.12496   0.02690   0.01642   0.55170   0.04458   0.02738   0.26153   0.62155   0.04623   0.01570   0.38928   0.05053   0.04567   0.09432   0.51083   0.40557   0.03480   0.65915   0.21057   0.88883   0.72693   0.31948   0.74847   0.21684   0.11581   0.08475   0.12564   0.36887   0.06160   0.62365   0.13052   0.28745   0.25612   0.79720   0.44107   1.55992   0.32755   1.68916   0.99170   0.39392   2.62839   1.11396  
 88  0.0022  23394.736641  x:  0.38551   0.36312   0.22410   0.36103   0.19668   0.02750   0.05340   0.37329   0.19382   0.12495   0.02688   0.01642   0.55170   0.04459   0.02740   0.26156   0.62158   0.04622   0.01570   0.38930   0.05050   0.04566   0.09431   0.51079   0.40559   0.03480   0.65918   0.21057   0.88883   0.72691   0.31950   0.74842   0.21683   0.11582   0.08476   0.12564   0.36888   0.06157   0.62362   0.13051   0.28747   0.25611   0.79725   0.44108   1.55951   0.32756   1.68913   0.99169   0.39391   2.62817   1.11439  
 89  0.0012  23394.736639  x:  0.38552   0.36313   0.22410   0.36102   0.19668   0.02750   0.05340   0.37329   0.19382   0.12495   0.02688   0.01642   0.55172   0.04459   0.02740   0.26154   0.62156   0.04622   0.01571   0.38929   0.05050   0.04566   0.09431   0.51081   0.40558   0.03480   0.65920   0.21057   0.88882   0.72692   0.31949   0.74842   0.21682   0.11582   0.08475   0.12563   0.36888   0.06158   0.62363   0.13051   0.28747   0.25610   0.79726   0.44110   1.55944   0.32757   1.68911   0.99170   0.39391   2.62804   1.11472  
 90  0.0005  23394.736638  x:  0.38552   0.36313   0.22409   0.36103   0.19668   0.02750   0.05340   0.37329   0.19382   0.12495   0.02688   0.01642   0.55172   0.04459   0.02740   0.26155   0.62157   0.04622   0.01571   0.38929   0.05050   0.04566   0.09431   0.51081   0.40558   0.03480   0.65919   0.21057   0.88883   0.72692   0.31950   0.74842   0.21683   0.11582   0.08475   0.12563   0.36888   0.06158   0.62363   0.13051   0.28746   0.25610   0.79726   0.44109   1.55950   0.32757   1.68910   0.99170   0.39391   2.62804   1.11484  
 91  0.0002  23394.736638  x:  0.38552   0.36313   0.22410   0.36103   0.19668   0.02750   0.05340   0.37329   0.19382   0.12495   0.02688   0.01642   0.55172   0.04459   0.02740   0.26155   0.62157   0.04622   0.01571   0.38929   0.05050   0.04566   0.09431   0.51081   0.40558   0.03480   0.65919   0.21057   0.88883   0.72692   0.31950   0.74842   0.21683   0.11582   0.08475   0.12564   0.36888   0.06158   0.62363   0.13052   0.28746   0.25610   0.79726   0.44109   1.55951   0.32757   1.68910   0.99170   0.39391   2.62805   1.11484  
 92  0.0000  23394.736638  x:  0.38552   0.36313   0.22410   0.36103   0.19668   0.02750   0.05340   0.37329   0.19382   0.12495   0.02688   0.01642   0.55172   0.04459   0.02740   0.26155   0.62157   0.04622   0.01571   0.38929   0.05050   0.04566   0.09431   0.51081   0.40558   0.03480   0.65919   0.21057   0.88883   0.72692   0.31950   0.74842   0.21683   0.11582   0.08475   0.12564   0.36888   0.06158   0.62363   0.13052   0.28746   0.25610   0.79726   0.44109   1.55951   0.32757   1.68910   0.99170   0.39391   2.62805   1.11485  
 93  0.0000  23394.736638  x:  0.38552   0.36313   0.22410   0.36103   0.19668   0.02750   0.05340   0.37329   0.19382   0.12495   0.02688   0.01642   0.55172   0.04459   0.02740   0.26155   0.62157   0.04622   0.01571   0.38929   0.05050   0.04566   0.09431   0.51081   0.40558   0.03480   0.65919   0.21057   0.88883   0.72692   0.31950   0.74842   0.21683   0.11582   0.08475   0.12564   0.36888   0.06158   0.62363   0.13052   0.28746   0.25610   0.79726   0.44109   1.55951   0.32757   1.68910   0.99170   0.39391   2.62805   1.11485  