

TREE # 1

  0  0.0000  36741.806392  x:  0.05897   0.01510   0.08672   0.10634   0.05315   0.04874   0.01544   0.03757   0.10785   0.02283   0.03262   0.04691   0.05492   0.03067   0.08899   0.02186   0.07753   0.09848   0.03740   0.06844   0.08914   0.07084   0.07583   0.05699   0.02618   0.05393   0.09699   0.08430   0.05883   0.07740   0.03660   0.05040   0.09986   0.01079   0.08768   0.02366   0.06609   0.04553   0.02280   0.04238   2.00000   0.90000   0.32126   1.18372  
  1 99.0000  31501.231809  x:  0.16599   0.16156   0.09498   0.14927   0.07362   0.09302   0.07793   0.09158   0.10851   0.11200   0.30851   0.06849   0.04956   0.15067   0.17292   0.02711   0.06694   0.13707   0.08355   0.19101   0.15132   0.06100   0.20928   0.10935   0.50287   0.27688   0.12680   0.18608   0.12940   0.11593   0.09705   0.14369   0.10653   0.44216   0.10544   0.24218   0.12449   0.10519   0.34295   0.14940   2.00064   0.99999   0.23125   1.20748  
  2 28350.9189  31437.509518  x:  0.17132   0.16671   0.09515   0.15326   0.07515   0.09520   0.08019   0.09329   0.10725   0.11381   0.31898   0.06819   0.04872   0.15544   0.17850   0.02727   0.06599   0.14055   0.08609   0.19806   0.15592   0.06006   0.21706   0.11244   0.52007   0.28728   0.12897   0.19250   0.13227   0.11747   0.10002   0.14832   0.10580   0.45670   0.10514   0.24992   0.12731   0.10918   0.35469   0.15473   2.00055   0.95264   0.22888   1.20825  
  3 19755.9192  30726.360966  x:  0.23912   0.13952   0.08309   0.28551   0.11400   0.11953   0.06937   0.06827   0.03004   0.02007   0.31576   0.00000   0.00843   0.16271   0.30945   0.02441   0.03031   0.25186   0.12626   0.32868   0.27966   0.02480   0.36588   0.16934   0.46903   0.39347   0.18413   0.33243   0.13885   0.11815   0.13398   0.20523   0.04524   0.35210   0.04646   0.21520   0.15653   0.20634   0.32929   0.22253   1.99955   0.95554   0.20484   1.23112  
  4 2843.5947  30641.839879  x:  0.26184   0.12256   0.06926   0.31451   0.09952   0.11822   0.06205   0.06787   0.02881   0.04244   0.33472   0.08569   0.05727   0.17696   0.33993   0.07718   0.01359   0.27512   0.11735   0.35972   0.30470   0.03131   0.40701   0.17635   0.45575   0.44567   0.19492   0.37042   0.14138   0.10936   0.14021   0.22677   0.02056   0.29402   0.04317   0.20718   0.16940   0.24371   0.32077   0.24525   1.99820   0.95823   0.26132   1.24102  
  5 1722.8507  30606.871127  x:  0.27643   0.11494   0.06921   0.31505   0.07977   0.11626   0.05666   0.06989   0.02364   0.04278   0.35547   0.08805   0.03765   0.17587   0.33583   0.05325   0.01070   0.27313   0.09164   0.36411   0.30333   0.02852   0.42054   0.15862   0.45654   0.48807   0.19774   0.38265   0.15289   0.10046   0.14587   0.24688   0.03777   0.24777   0.08672   0.21941   0.18272   0.27209   0.32480   0.25984   1.99590   0.96031   0.32880   1.25677  
  6 719.0962  30598.977694  x:  0.28161   0.11402   0.08304   0.31071   0.08479   0.12035   0.06107   0.07459   0.02966   0.04536   0.36540   0.08294   0.03499   0.17873   0.32820   0.05031   0.03986   0.26942   0.08599   0.36295   0.29956   0.04303   0.42157   0.15509   0.45600   0.50821   0.19902   0.38415   0.16220   0.09539   0.14841   0.25003   0.03267   0.22446   0.08767   0.22344   0.18419   0.28707   0.32694   0.26502   1.99505   0.96049   0.33728   1.27936  
  7 410.3526  30591.430161  x:  0.28547   0.10965   0.09627   0.29994   0.08844   0.12093   0.06229   0.07363   0.03050   0.04519   0.37802   0.07111   0.04248   0.18556   0.31401   0.04945   0.02183   0.25477   0.07850   0.35744   0.29003   0.04135   0.41433   0.15171   0.45279   0.53418   0.19780   0.38001   0.17598   0.08757   0.15339   0.24933   0.02386   0.20779   0.07380   0.22537   0.18108   0.31130   0.32871   0.26888   1.99340   0.95981   0.33588   1.33549  
  8 260.0444  30584.086729  x:  0.28595   0.09524   0.08958   0.29040   0.07509   0.11165   0.05625   0.06585   0.02470   0.04405   0.38535   0.06001   0.04527   0.18377   0.30378   0.06331   0.02675   0.24761   0.09199   0.35466   0.28549   0.03860   0.40607   0.15355   0.44362   0.55896   0.19289   0.37433   0.18422   0.07585   0.15943   0.25010   0.03669   0.21393   0.07089   0.22228   0.17815   0.34326   0.32430   0.26936   1.99045   0.95888   0.33931   1.42799  
  9 319.1045  30574.299524  x:  0.28068   0.08817   0.08183   0.29135   0.08752   0.11380   0.07003   0.07451   0.03654   0.05439   0.37980   0.06396   0.03125   0.16972   0.30645   0.05631   0.02375   0.25328   0.10089   0.34937   0.28486   0.03523   0.39899   0.15655   0.43255   0.57013   0.18865   0.37048   0.18253   0.05970   0.16124   0.24170   0.02553   0.23896   0.07849   0.21333   0.17688   0.38065   0.31369   0.26409   1.98409   0.95806   0.37005   1.58999  
 10 369.7539  30561.537557  x:  0.27288   0.11470   0.07963   0.29807   0.09796   0.12277   0.06736   0.06335   0.01868   0.04080   0.36158   0.06751   0.04648   0.17478   0.32301   0.04322   0.02831   0.26607   0.09077   0.34184   0.28447   0.04804   0.39613   0.15767   0.43403   0.54722   0.18413   0.36367   0.17672   0.06550   0.17084   0.23689   0.02421   0.25294   0.08102   0.21659   0.17771   0.40656   0.31589   0.25629   1.97402   0.95719   0.42545   1.82661  
 11 534.4549  30550.458745  x:  0.26927   0.13446   0.07633   0.30616   0.08302   0.12502   0.06150   0.07740   0.04108   0.04289   0.34695   0.05997   0.03999   0.18380   0.33425   0.04928   0.02924   0.27230   0.08630   0.34674   0.29141   0.03845   0.40221   0.15409   0.44998   0.50537   0.19464   0.36548   0.16397   0.08161   0.17387   0.24287   0.03511   0.23573   0.06709   0.22631   0.17865   0.40386   0.32602   0.25268   1.96436   0.95613   0.46881   2.05655  
 12 682.8661  30543.907670  x:  0.27262   0.12519   0.08425   0.30730   0.08627   0.12083   0.05660   0.07202   0.02927   0.04445   0.35626   0.05825   0.02700   0.18210   0.32674   0.05973   0.02610   0.26421   0.09353   0.35835   0.29707   0.04164   0.41130   0.15794   0.46533   0.47803   0.20101   0.37227   0.15136   0.08419   0.15509   0.24630   0.02534   0.22307   0.07146   0.22906   0.18065   0.37039   0.33252   0.25603   1.95915   0.95545   0.49584   2.19182  
 13 411.7191  30540.688358  x:  0.27868   0.11270   0.08918   0.30906   0.08913   0.11979   0.06344   0.07418   0.02956   0.04196   0.36427   0.05745   0.04055   0.18213   0.32327   0.05042   0.02913   0.26179   0.09354   0.36563   0.30064   0.03555   0.41883   0.15678   0.46453   0.47490   0.20261   0.38165   0.15167   0.09137   0.14446   0.24936   0.03242   0.22301   0.07483   0.22196   0.18007   0.33295   0.33176   0.26209   1.95721   0.95510   0.50708   2.26421  
 14 283.9232  30538.805635  x:  0.28327   0.11055   0.08676   0.31025   0.08403   0.11772   0.06036   0.07306   0.03279   0.04152   0.36686   0.05646   0.03652   0.18001   0.32343   0.04861   0.02810   0.26387   0.08688   0.36706   0.30103   0.04304   0.42267   0.15941   0.45828   0.48451   0.19971   0.38651   0.16085   0.10253   0.14257   0.24783   0.03037   0.22736   0.07114   0.21798   0.17985   0.29866   0.32997   0.26668   1.95670   0.95491   0.51548   2.30681  
 15 200.6580  30538.311373  x:  0.28318   0.11276   0.08764   0.31068   0.08682   0.11971   0.05960   0.07235   0.03140   0.04249   0.36562   0.05550   0.03471   0.18085   0.32525   0.05333   0.02913   0.26574   0.08767   0.36641   0.30091   0.03774   0.42160   0.15683   0.45556   0.49112   0.19892   0.38612   0.16401   0.10523   0.14292   0.24696   0.02964   0.22745   0.07202   0.22074   0.18096   0.28629   0.32851   0.26659   1.95712   0.95491   0.51880   2.31791  
 16 96.5135  30538.179520  x:  0.28170   0.11319   0.08695   0.31083   0.08673   0.12090   0.06098   0.07341   0.03078   0.04299   0.36450   0.05470   0.03503   0.18252   0.32680   0.05294   0.02774   0.26626   0.09066   0.36593   0.30129   0.03964   0.42059   0.15814   0.45558   0.49490   0.19985   0.38484   0.16282   0.10411   0.14325   0.24734   0.03054   0.22592   0.07229   0.22319   0.18124   0.28175   0.32755   0.26511   1.95797   0.95492   0.51969   2.32074  
 17 33.9011  30538.125191  x:  0.28080   0.11337   0.08621   0.31107   0.08634   0.12016   0.06030   0.07271   0.03080   0.04277   0.36456   0.05491   0.03522   0.18235   0.32734   0.05151   0.02852   0.26639   0.09099   0.36562   0.30137   0.03863   0.42028   0.15815   0.45689   0.49673   0.20024   0.38392   0.16099   0.10244   0.14449   0.24773   0.02938   0.22527   0.07109   0.22269   0.18066   0.27998   0.32772   0.26421   1.95920   0.95491   0.52025   2.32156  
 18 13.6564  30538.015477  x:  0.27996   0.11431   0.08710   0.31198   0.08763   0.11969   0.06045   0.07208   0.03140   0.04173   0.36456   0.05529   0.03473   0.18065   0.32756   0.05282   0.02819   0.26620   0.08905   0.36536   0.30140   0.03889   0.42049   0.15882   0.45840   0.49859   0.20085   0.38333   0.15816   0.09898   0.14902   0.24899   0.03099   0.22462   0.07152   0.22017   0.18019   0.27766   0.32822   0.26337   1.96283   0.95487   0.51975   2.32300  
 19 16.0531  30537.679480  x:  0.28094   0.11654   0.08758   0.31269   0.08321   0.12020   0.06234   0.07314   0.03040   0.04199   0.36397   0.05405   0.03599   0.18077   0.32623   0.05340   0.02818   0.26556   0.08843   0.36679   0.30252   0.03897   0.42197   0.15703   0.45701   0.49720   0.20022   0.38481   0.15721   0.09016   0.15931   0.24743   0.02755   0.22468   0.07487   0.21915   0.18254   0.27436   0.32920   0.26435   1.97433   0.95479   0.51830   2.32628  
 20 19.5694  30537.012347  x:  0.28351   0.11543   0.08756   0.31312   0.08730   0.11949   0.05834   0.07307   0.02997   0.04603   0.36432   0.05569   0.03438   0.18348   0.32481   0.05002   0.02785   0.26566   0.09077   0.36934   0.30404   0.03963   0.42427   0.15613   0.45314   0.49271   0.19732   0.38760   0.16067   0.07918   0.17059   0.24637   0.03091   0.22534   0.07081   0.22338   0.18209   0.27222   0.32985   0.26692   1.99442   0.95483   0.52113   2.33092  
 21 42.7976  30535.414071  x:  0.28471   0.10643   0.08406   0.31068   0.08916   0.12193   0.06211   0.07487   0.03242   0.03512   0.36610   0.05207   0.03457   0.18474   0.32824   0.05499   0.02881   0.26834   0.08893   0.36898   0.30167   0.03753   0.42438   0.16196   0.45258   0.48865   0.20080   0.39030   0.16878   0.07368   0.17281   0.24802   0.02849   0.22846   0.06605   0.23010   0.17628   0.27470   0.33114   0.26812   2.03092   0.95508   0.53384   2.33924  
 22 47.5825  30530.115749  x:  0.28386   0.10132   0.08683   0.31092   0.08848   0.12555   0.06007   0.06223   0.03351   0.05183   0.36755   0.04163   0.03782   0.18040   0.34430   0.05252   0.02672   0.27713   0.09285   0.36846   0.30187   0.03504   0.42342   0.17176   0.45838   0.49278   0.21349   0.39065   0.18592   0.09623   0.15815   0.25836   0.02486   0.22423   0.07379   0.21877   0.17789   0.29461   0.32830   0.26727   2.12987   0.95503   0.54234   2.37272  
 23 97.3670  30523.019270  x:  0.28546   0.11287   0.08994   0.32112   0.08625   0.11916   0.05712   0.07930   0.02504   0.03511   0.36945   0.05349   0.02858   0.18004   0.34492   0.05023   0.02395   0.27786   0.09697   0.37383   0.31051   0.03841   0.42889   0.15351   0.45953   0.51471   0.20759   0.39228   0.17796   0.12008   0.12417   0.25685   0.02962   0.22331   0.06834   0.21240   0.19075   0.32055   0.31926   0.26887   2.21786   0.95462   0.54238   2.41658  
 24 166.3917  30514.631323  x:  0.29018   0.11546   0.08245   0.33929   0.08877   0.11957   0.06138   0.06671   0.03231   0.04111   0.36171   0.03963   0.03064   0.18835   0.33110   0.05343   0.02524   0.27417   0.08024   0.38554   0.32282   0.03457   0.44707   0.16273   0.44881   0.54113   0.18527   0.40516   0.14148   0.13718   0.10864   0.24354   0.03007   0.22421   0.07268   0.23182   0.18144   0.34544   0.31686   0.27358   2.24639   0.95453   0.54949   2.46288  
 25 111.0385  30489.189878  x:  0.29979   0.12938   0.08383   0.35114   0.08402   0.14043   0.07678   0.07316   0.00787   0.04723   0.36472   0.03446   0.02364   0.16811   0.32054   0.05029   0.02230   0.27202   0.10208   0.41361   0.34414   0.02389   0.47410   0.18057   0.41426   0.58093   0.21061   0.42799   0.13494   0.15058   0.14777   0.24378   0.03108   0.22425   0.05629   0.22394   0.15459   0.39430   0.34405   0.28318   2.17831   0.95572   0.59716   2.59106  
 26 118.9594  30454.740851  x:  0.31190   0.12697   0.08422   0.36615   0.10253   0.13789   0.04394   0.06355   0.04250   0.01988   0.37259   0.01232   0.03274   0.17472   0.34551   0.04963   0.00946   0.29023   0.12776   0.44450   0.36764   0.02661   0.50257   0.18887   0.38840   0.62387   0.23432   0.45188   0.15351   0.11688   0.18407   0.25893   0.01698   0.22642   0.07251   0.21742   0.18443   0.45338   0.35648   0.29527   2.05430   0.95674   0.64009   2.77185  
 27 623.2935  30424.721720  x:  0.32282   0.09271   0.07748   0.38458   0.09534   0.13579   0.05966   0.05817   0.01777   0.03111   0.37181   0.00779   0.01225   0.19958   0.39980   0.04804   0.01032   0.33138   0.08618   0.45082   0.37302   0.01976   0.51925   0.18949   0.40211   0.64898   0.23600   0.47750   0.18836   0.05350   0.20040   0.28092   0.02162   0.21897   0.06206   0.21969   0.21098   0.49908   0.32704   0.30618   1.93638   0.95634   0.64061   2.93157  
 28 613.8973  30421.990804  x:  0.32551   0.08784   0.08142   0.39023   0.09208   0.13516   0.05616   0.06083   0.01779   0.02555   0.36931   0.01597   0.01154   0.19218   0.40711   0.04471   0.00898   0.33509   0.08826   0.45103   0.37629   0.01776   0.51891   0.19226   0.41390   0.65084   0.22582   0.48027   0.19950   0.05211   0.20843   0.28109   0.01895   0.21128   0.07257   0.22901   0.19482   0.50351   0.31574   0.30887   1.92466   0.95604   0.63223   2.94848  
 29 164.0785  30421.545674  x:  0.32643   0.08731   0.08183   0.39342   0.09252   0.13371   0.05474   0.06443   0.01663   0.02699   0.36878   0.01163   0.01432   0.18873   0.40883   0.04626   0.00814   0.33531   0.08910   0.45086   0.37783   0.01959   0.51868   0.18949   0.41875   0.65097   0.22203   0.48080   0.20157   0.05126   0.20953   0.28083   0.01826   0.21088   0.07262   0.22870   0.19074   0.50420   0.31159   0.30979   1.92246   0.95610   0.63469   2.95034  
 30 87.3333  30421.465383  x:  0.32683   0.08712   0.08257   0.39630   0.09186   0.13453   0.05667   0.06222   0.01766   0.02639   0.36896   0.01142   0.01378   0.18951   0.40855   0.04654   0.00799   0.33352   0.09069   0.45038   0.37917   0.01990   0.51762   0.18866   0.42073   0.65065   0.22051   0.48070   0.20269   0.05169   0.21052   0.28064   0.01849   0.21098   0.07161   0.22761   0.19104   0.50438   0.30951   0.31019   1.92200   0.95615   0.63640   2.95042  
 31 22.7355  30421.418669  x:  0.32697   0.08633   0.08250   0.40031   0.09200   0.13434   0.05597   0.06340   0.01711   0.02641   0.36922   0.01143   0.01374   0.19055   0.40786   0.04647   0.00860   0.33103   0.09025   0.44922   0.38040   0.01933   0.51596   0.19039   0.42109   0.65044   0.22121   0.48013   0.20350   0.05237   0.21144   0.28073   0.01817   0.21141   0.07177   0.22749   0.19214   0.50453   0.30860   0.31033   1.92184   0.95617   0.63688   2.95057  
 32 11.3662  30421.329950  x:  0.32736   0.08701   0.08222   0.40610   0.09130   0.13443   0.05613   0.06212   0.01754   0.02668   0.36994   0.01157   0.01434   0.18845   0.40762   0.04640   0.00866   0.33030   0.08959   0.44793   0.38197   0.01991   0.51386   0.18917   0.41952   0.65025   0.22337   0.47952   0.20490   0.05033   0.20929   0.28148   0.01847   0.21164   0.07162   0.22930   0.19116   0.50453   0.31059   0.31072   1.92183   0.95614   0.63617   2.95116  
 33  6.1006  30420.537625  x:  0.32739   0.07925   0.08313   0.41603   0.09174   0.13332   0.05708   0.06372   0.01713   0.02704   0.37143   0.01159   0.01285   0.19450   0.40739   0.04703   0.00748   0.33968   0.09139   0.44651   0.38239   0.02248   0.50862   0.18389   0.41790   0.64994   0.21918   0.47736   0.20383   0.05310   0.21073   0.28143   0.01755   0.21023   0.07390   0.22534   0.18736   0.50611   0.32384   0.31075   1.92214   0.95611   0.63612   2.95508  
 34  5.5931  30411.559132  x:  0.34478   0.09716   0.10026   0.44059   0.08635   0.13122   0.06000   0.07313   0.01987   0.02960   0.38489   0.01199   0.01876   0.18649   0.40088   0.04388   0.00815   0.38683   0.10379   0.45814   0.37424   0.01438   0.49954   0.21704   0.42678   0.64850   0.19660   0.48067   0.19965   0.04706   0.19956   0.27709   0.02440   0.20688   0.06491   0.21398   0.20319   0.52328   0.33925   0.32810   1.92503   0.95669   0.65512   2.99705  
 35 23.9600  30377.758673  x:  0.37592   0.09860   0.10440   0.47688   0.10461   0.13375   0.05997   0.07422   0.03169   0.04599   0.40234   0.02685   0.02906   0.18490   0.40925   0.03349   0.01980   0.43848   0.11197   0.51152   0.38194   0.04128   0.54865   0.18147   0.46622   0.65430   0.26268   0.52487   0.16695   0.08803   0.22450   0.29351   0.02239   0.24822   0.05050   0.22344   0.21295   0.60094   0.30487   0.35908   1.93872   0.95765   0.69191   3.17119  
 36 136.5824  30362.957433  x:  0.36280   0.12305   0.07538   0.47150   0.12151   0.13936   0.06468   0.08344   0.03473   0.05240   0.39729   0.03219   0.02588   0.20458   0.44876   0.03358   0.03164   0.39441   0.11070   0.52497   0.42934   0.04360   0.59932   0.18154   0.47693   0.65946   0.24526   0.55088   0.19355   0.07857   0.20461   0.30280   0.02460   0.25034   0.05757   0.19221   0.19471   0.63048   0.33294   0.34591   1.94435   0.95797   0.70512   3.24324  
 37 201.4630  30360.802181  x:  0.35417   0.11245   0.08073   0.46752   0.12106   0.14128   0.06701   0.08449   0.03472   0.05370   0.39734   0.03314   0.02892   0.18903   0.46366   0.03272   0.03321   0.38373   0.10867   0.52258   0.44533   0.04415   0.60981   0.18089   0.47617   0.65997   0.23260   0.55248   0.19490   0.08364   0.20769   0.30343   0.02506   0.25028   0.05123   0.19918   0.20920   0.63532   0.34513   0.33727   1.94516   0.95802   0.70747   3.25346  
 38 113.3329  30360.621700  x:  0.35363   0.11211   0.08853   0.46533   0.11816   0.14008   0.06584   0.08486   0.03510   0.05409   0.40062   0.03271   0.02824   0.19116   0.46692   0.03299   0.03311   0.38480   0.10746   0.51948   0.45282   0.04376   0.61199   0.18164   0.47389   0.65979   0.23348   0.55020   0.19343   0.08282   0.20699   0.30182   0.02549   0.25282   0.05114   0.19942   0.20683   0.63591   0.34392   0.33673   1.94517   0.95808   0.70911   3.25404  
 39 23.5371  30360.519213  x:  0.35577   0.11280   0.08530   0.46218   0.12002   0.13827   0.06781   0.08448   0.03497   0.05387   0.40319   0.03253   0.02849   0.19067   0.46535   0.03331   0.03286   0.38767   0.10677   0.51545   0.46063   0.04362   0.61214   0.18191   0.47455   0.65912   0.23445   0.54682   0.19353   0.08379   0.20794   0.30019   0.02568   0.25130   0.05146   0.19980   0.20750   0.63602   0.34354   0.33887   1.94526   0.95806   0.70873   3.25468  
 40  8.1077  30360.196918  x:  0.35932   0.11039   0.08471   0.45847   0.11941   0.14760   0.06404   0.08513   0.03490   0.05353   0.39717   0.03308   0.02891   0.19042   0.45910   0.03330   0.03258   0.39072   0.10493   0.51407   0.46972   0.04363   0.61149   0.18195   0.47727   0.66029   0.23376   0.54287   0.19317   0.08224   0.20617   0.30668   0.02469   0.25308   0.05074   0.19883   0.20813   0.63642   0.34422   0.34241   1.94571   0.95805   0.70883   3.25660  
 41  5.8669  30350.133596  x:  0.35742   0.11536   0.10224   0.45576   0.12161   0.10389   0.08302   0.08159   0.03099   0.05112   0.36583   0.03365   0.02853   0.19748   0.44177   0.03562   0.03200   0.40060   0.08788   0.57845   0.50433   0.04176   0.59241   0.19265   0.49674   0.67417   0.24133   0.53996   0.21030   0.08542   0.20064   0.33231   0.01725   0.26661   0.05294   0.21824   0.20962   0.65694   0.36083   0.34062   1.95810   0.95829   0.72479   3.31330  
 42  6.5198  30311.264445  x:  0.35287   0.12464   0.07902   0.48335   0.11897   0.17909   0.05561   0.08374   0.02293   0.03825   0.47189   0.02056   0.01861   0.20808   0.47063   0.04876   0.03148   0.42066   0.04070   0.73602   0.54611   0.03542   0.55630   0.21568   0.56499   0.70077   0.25706   0.55777   0.20285   0.09358   0.18150   0.29488   0.02578   0.28425   0.06880   0.25999   0.21086   0.74045   0.39696   0.33646   2.01008   0.95799   0.75378   3.55478  
 43 139.3306  30282.216656  x:  0.42657   0.13942   0.08603   0.52727   0.11667   0.17009   0.05873   0.08608   0.01407   0.03133   0.47943   0.01477   0.00733   0.21977   0.51366   0.06166   0.02668   0.40307   0.08751   0.62256   0.47833   0.02241   0.66250   0.23795   0.59794   0.71933   0.25827   0.59484   0.16122   0.10351   0.16784   0.34525   0.01149   0.30500   0.07854   0.29745   0.21318   0.79751   0.44761   0.41045   2.04767   0.95777   0.77131   3.72957  
 44 155.5106  30280.255675  x:  0.41698   0.13501   0.09103   0.53571   0.11483   0.17030   0.05336   0.08395   0.01328   0.02972   0.46753   0.01573   0.00911   0.22015   0.49614   0.06254   0.02496   0.41377   0.09173   0.60291   0.47639   0.02053   0.68539   0.24023   0.61438   0.72588   0.27105   0.61297   0.17158   0.09959   0.16349   0.32200   0.01704   0.30452   0.07848   0.29719   0.21729   0.80176   0.45467   0.40088   2.04998   0.95777   0.77430   3.74058  
 45 70.3957  30280.083217  x:  0.41057   0.13715   0.09045   0.53734   0.11474   0.17041   0.05348   0.08427   0.01314   0.02969   0.47256   0.01520   0.00942   0.22072   0.48949   0.06275   0.02447   0.41800   0.09241   0.59898   0.47706   0.02025   0.68875   0.24037   0.61347   0.72485   0.26892   0.61823   0.17327   0.10026   0.16408   0.32882   0.01553   0.30506   0.07846   0.29834   0.21738   0.80211   0.45220   0.39447   2.05000   0.95775   0.77398   3.74148  
 46 19.0569  30278.605433  x:  0.41346   0.14025   0.09177   0.52284   0.11505   0.16719   0.04998   0.08318   0.01312   0.02968   0.47150   0.01556   0.00939   0.22188   0.49491   0.06150   0.02415   0.41381   0.09356   0.58450   0.48787   0.02176   0.65478   0.23910   0.61885   0.72943   0.26957   0.66319   0.16340   0.10014   0.16572   0.32968   0.01542   0.30711   0.07686   0.29777   0.21739   0.80285   0.45770   0.39734   2.04212   0.95780   0.77398   3.73632  
 47  0.9567  30239.358200  x:  0.41435   0.14002   0.08114   0.47713   0.11329   0.14847   0.07455   0.08110   0.02019   0.03439   0.52273   0.00958   0.02551   0.24909   0.48877   0.04298   0.00887   0.35945   0.08981   0.59831   0.48785   0.01135   0.68927   0.22237   0.72243   0.79131   0.24659   0.60628   0.18867   0.08232   0.20161   0.32985   0.01217   0.36132   0.04828   0.30651   0.22009   0.81983   0.51087   0.39748   1.82703   0.95869   0.76411   3.59702  
 48  8.6458  30223.122475  x:  0.40956   0.14260   0.08647   0.43573   0.10431   0.14698   0.07540   0.09053   0.02056   0.03424   0.55516   0.00349   0.01321   0.23964   0.46955   0.05172   0.02254   0.36522   0.09728   0.57981   0.45194   0.03540   0.68081   0.20224   0.80054   0.84411   0.22593   0.57912   0.20443   0.06465   0.21479   0.33397   0.01964   0.39476   0.05078   0.30593   0.21830   0.77714   0.54316   0.39271   1.93772   0.95963   0.76514   3.36712  
 49  0.1757  30219.551684  x:  0.41721   0.14337   0.08926   0.44844   0.10551   0.15621   0.07475   0.09146   0.01743   0.03677   0.56749   0.00565   0.01912   0.23884   0.46520   0.05181   0.01305   0.37428   0.10642   0.56381   0.43618   0.02890   0.65717   0.21045   0.83305   0.87435   0.24741   0.57867   0.20417   0.05823   0.22262   0.33918   0.01594   0.40732   0.06036   0.30687   0.22549   0.74169   0.55624   0.40064   1.94786   0.96071   0.75984   3.22079  
 50  0.0996  30218.292032  x:  0.41534   0.14530   0.08439   0.45223   0.10893   0.15777   0.07580   0.09262   0.01646   0.03653   0.57672   0.00737   0.01920   0.23816   0.47998   0.05122   0.01863   0.37740   0.10019   0.57755   0.45473   0.02382   0.65211   0.21352   0.84345   0.89101   0.24653   0.57777   0.20675   0.05723   0.22239   0.34384   0.01555   0.40838   0.06011   0.30946   0.22080   0.70922   0.55705   0.39890   1.91930   0.96193   0.75631   3.10176  
 51  0.0691  30217.517828  x:  0.41322   0.14761   0.08372   0.46303   0.10851   0.15546   0.07500   0.09367   0.01610   0.03667   0.57616   0.00914   0.01627   0.24109   0.48667   0.05107   0.01636   0.37725   0.09987   0.57155   0.45382   0.02452   0.67071   0.21879   0.84391   0.89717   0.24368   0.58435   0.20697   0.06248   0.21907   0.34512   0.01685   0.40327   0.05816   0.31251   0.22294   0.67103   0.55114   0.39677   1.93635   0.96289   0.73713   2.95426  
 52  0.0740  30217.267093  x:  0.41719   0.14599   0.08649   0.45814   0.10752   0.15640   0.07506   0.09138   0.01630   0.03523   0.57207   0.00832   0.01736   0.24240   0.48481   0.05056   0.01627   0.38097   0.09974   0.58047   0.45536   0.02565   0.67313   0.21501   0.84232   0.89632   0.24539   0.58857   0.20362   0.06452   0.21976   0.34392   0.01629   0.40020   0.05972   0.31324   0.22484   0.65860   0.55067   0.40068   1.93882   0.96329   0.72262   2.88482  
 53  0.0428  30217.229104  x:  0.41887   0.14629   0.08624   0.45849   0.10806   0.15661   0.07499   0.09245   0.01746   0.03569   0.57228   0.00755   0.01680   0.24207   0.48339   0.05147   0.01595   0.37993   0.10071   0.58135   0.45590   0.02563   0.67383   0.21453   0.84290   0.89485   0.24607   0.58930   0.20392   0.06387   0.22089   0.34449   0.01620   0.40115   0.05942   0.31329   0.22458   0.65913   0.55245   0.40234   1.93341   0.96347   0.71837   2.86486  
 54  0.0146  30217.214205  x:  0.41919   0.14649   0.08596   0.45967   0.10829   0.15641   0.07560   0.09298   0.01689   0.03548   0.57372   0.00703   0.01725   0.24201   0.48349   0.05115   0.01606   0.37955   0.10075   0.58177   0.45645   0.02545   0.67409   0.21512   0.84352   0.89313   0.24555   0.58911   0.20450   0.06305   0.22114   0.34512   0.01628   0.40233   0.05897   0.31299   0.22452   0.66065   0.55418   0.40268   1.93527   0.96364   0.71544   2.85048  
 55  0.0084  30217.210189  x:  0.41846   0.14640   0.08637   0.45958   0.10815   0.15664   0.07513   0.09293   0.01693   0.03572   0.57360   0.00707   0.01707   0.24189   0.48373   0.05104   0.01620   0.38023   0.10072   0.58123   0.45656   0.02542   0.67404   0.21551   0.84311   0.89185   0.24585   0.58978   0.20465   0.06288   0.22131   0.34450   0.01624   0.40267   0.05910   0.31265   0.22442   0.66117   0.55445   0.40195   1.93587   0.96379   0.71411   2.84227  
 56  0.0045  30217.207622  x:  0.41846   0.14639   0.08607   0.45912   0.10829   0.15668   0.07511   0.09268   0.01687   0.03570   0.57319   0.00725   0.01702   0.24206   0.48428   0.05114   0.01611   0.38009   0.10063   0.58126   0.45590   0.02543   0.67371   0.21534   0.84247   0.89069   0.24594   0.58871   0.20444   0.06310   0.22131   0.34457   0.01635   0.40292   0.05912   0.31252   0.22448   0.66204   0.55441   0.40195   1.93499   0.96400   0.71333   2.83696  
 57  0.0021  30217.203764  x:  0.41832   0.14645   0.08579   0.45908   0.10833   0.15663   0.07530   0.09240   0.01710   0.03552   0.57265   0.00729   0.01701   0.24219   0.48391   0.05100   0.01607   0.38021   0.10060   0.58094   0.45644   0.02533   0.67356   0.21513   0.84235   0.89039   0.24594   0.58950   0.20448   0.06346   0.22082   0.34508   0.01618   0.40316   0.05907   0.31299   0.22435   0.66354   0.55430   0.40180   1.93549   0.96448   0.71375   2.83367  
 58  0.0009  30217.199552  x:  0.41837   0.14628   0.08621   0.45953   0.10804   0.15647   0.07529   0.09265   0.01698   0.03547   0.57261   0.00731   0.01704   0.24183   0.48362   0.05108   0.01611   0.37987   0.10059   0.58130   0.45608   0.02553   0.67402   0.21527   0.84283   0.89119   0.24566   0.58886   0.20459   0.06293   0.22077   0.34454   0.01626   0.40295   0.05915   0.31298   0.22450   0.66298   0.55410   0.40186   1.93490   0.96510   0.71298   2.82502  
 59  0.0028  30217.197482  x:  0.41837   0.14629   0.08612   0.45890   0.10811   0.15643   0.07516   0.09278   0.01691   0.03562   0.57285   0.00722   0.01715   0.24170   0.48349   0.05107   0.01614   0.37967   0.10057   0.58082   0.45587   0.02540   0.67334   0.21515   0.84240   0.89120   0.24560   0.58899   0.20431   0.06297   0.22101   0.34432   0.01637   0.40238   0.05919   0.31267   0.22431   0.66271   0.55371   0.40186   1.93499   0.96535   0.71253   2.82682  
 60  0.0012  30217.197073  x:  0.41823   0.14635   0.08603   0.45886   0.10815   0.15646   0.07515   0.09277   0.01687   0.03561   0.57298   0.00718   0.01708   0.24179   0.48337   0.05105   0.01612   0.37983   0.10054   0.58078   0.45585   0.02539   0.67329   0.21514   0.84233   0.89117   0.24567   0.58873   0.20432   0.06301   0.22103   0.34442   0.01626   0.40227   0.05905   0.31255   0.22428   0.66176   0.55365   0.40172   1.93475   0.96540   0.71243   2.82648  
 61  0.0008  30217.196935  x:  0.41818   0.14632   0.08607   0.45891   0.10815   0.15650   0.07519   0.09272   0.01692   0.03561   0.57290   0.00716   0.01707   0.24184   0.48347   0.05104   0.01614   0.37973   0.10060   0.58073   0.45582   0.02542   0.67335   0.21516   0.84227   0.89101   0.24566   0.58870   0.20436   0.06306   0.22099   0.34448   0.01627   0.40231   0.05907   0.31253   0.22429   0.66127   0.55379   0.40167   1.93473   0.96542   0.71261   2.82790  
 62  0.0007  30217.196906  x:  0.41818   0.14631   0.08606   0.45887   0.10815   0.15648   0.07519   0.09272   0.01691   0.03559   0.57286   0.00717   0.01708   0.24182   0.48346   0.05106   0.01612   0.37975   0.10059   0.58073   0.45582   0.02541   0.67325   0.21514   0.84233   0.89099   0.24566   0.58874   0.20436   0.06302   0.22098   0.34442   0.01629   0.40238   0.05907   0.31253   0.22430   0.66104   0.55386   0.40167   1.93474   0.96542   0.71265   2.82811  
 63  0.0002  30217.196902  x:  0.41818   0.14631   0.08605   0.45888   0.10815   0.15647   0.07518   0.09272   0.01691   0.03560   0.57284   0.00718   0.01708   0.24181   0.48345   0.05105   0.01613   0.37976   0.10059   0.58074   0.45583   0.02541   0.67329   0.21514   0.84231   0.89096   0.24565   0.58872   0.20436   0.06302   0.22098   0.34441   0.01628   0.40240   0.05907   0.31254   0.22429   0.66101   0.55384   0.40167   1.93473   0.96542   0.71265   2.82830  
 64  0.0001  30217.196902  x:  0.41819   0.14632   0.08605   0.45888   0.10815   0.15647   0.07518   0.09273   0.01691   0.03560   0.57284   0.00718   0.01708   0.24181   0.48345   0.05105   0.01613   0.37976   0.10059   0.58074   0.45583   0.02541   0.67328   0.21514   0.84231   0.89095   0.24565   0.58873   0.20435   0.06302   0.22099   0.34442   0.01628   0.40241   0.05907   0.31255   0.22429   0.66099   0.55383   0.40167   1.93473   0.96542   0.71265   2.82827  
 65  0.0000  30217.196901  x:  0.41819   0.14632   0.08605   0.45888   0.10815   0.15647   0.07518   0.09273   0.01691   0.03560   0.57284   0.00718   0.01708   0.24181   0.48345   0.05105   0.01613   0.37976   0.10059   0.58074   0.45582   0.02541   0.67328   0.21514   0.84231   0.89095   0.24565   0.58872   0.20435   0.06302   0.22099   0.34442   0.01628   0.40241   0.05907   0.31255   0.22429   0.66099   0.55382   0.40167   1.93473   0.96542   0.71266   2.82829  
 66  0.0000  30217.196901  x:  0.41819   0.14632   0.08605   0.45888   0.10815   0.15647   0.07518   0.09273   0.01691   0.03560   0.57284   0.00718   0.01708   0.24181   0.48345   0.05105   0.01613   0.37975   0.10059   0.58074   0.45583   0.02541   0.67328   0.21514   0.84231   0.89095   0.24565   0.58872   0.20435   0.06302   0.22099   0.34441   0.01628   0.40241   0.05907   0.31255   0.22429   0.66099   0.55382   0.40167   1.93473   0.96542   0.71266   2.82828  
 67  0.0000  30217.196901  x:  0.41819   0.14632   0.08605   0.45888   0.10815   0.15647   0.07518   0.09273   0.01691   0.03560   0.57284   0.00718   0.01708   0.24181   0.48345   0.05105   0.01613   0.37976   0.10059   0.58074   0.45583   0.02541   0.67328   0.21514   0.84231   0.89095   0.24565   0.58872   0.20435   0.06302   0.22099   0.34441   0.01628   0.40241   0.05907   0.31255   0.22429   0.66099   0.55382   0.40167   1.93473   0.96542   0.71266   2.82828  
 68  0.0000  30217.196901  x:  0.41819   0.14632   0.08605   0.45888   0.10815   0.15647   0.07518   0.09273   0.01691   0.03560   0.57284   0.00718   0.01708   0.24181   0.48345   0.05105   0.01613   0.37976   0.10059   0.58074   0.45583   0.02541   0.67328   0.21514   0.84231   0.89095   0.24565   0.58872   0.20435   0.06302   0.22099   0.34441   0.01628   0.40241   0.05907   0.31255   0.22429   0.66099   0.55382   0.40167   1.93473   0.96542   0.71266   2.82828  