Supplemental results for CODEML (seqf: mre11_noMNM.fasta  treef: mre11_tree.txt)


MLEs of dN/dS (w) for site classes (K=6)

p:   0.17173  0.17173  0.17173  0.17173  0.17173  0.14133
w:   0.00010  0.00463  0.02824  0.09960  0.31119  1.00000

Naive Empirical Bayes (NEB) probabilities for 6 classes & postmean_w
(amino acids refer to 1st sequence: Lepidothrix_coronata)

   1 M   0.30040 0.29008 0.24183 0.13973 0.02783 0.00014 ( 1)  0.031
   2 G   0.27098 0.26503 0.23607 0.16651 0.05955 0.00185 ( 1)  0.045
   3 D   0.28816 0.27985 0.24033 0.15186 0.03935 0.00045 ( 1)  0.036
   4 R   0.25969 0.25500 0.23196 0.17429 0.07495 0.00411 ( 1)  0.053
   5 P   0.24919 0.24552 0.22724 0.17989 0.09016 0.00800 ( 1)  0.062
   6 V   0.00000 0.00000 0.00004 0.00488 0.18298 0.81210 ( 6)  0.870
   7 Q   0.00000 0.00000 0.00000 0.00028 0.03929 0.96043 ( 6)  0.973
   8 F   0.26986 0.26405 0.23574 0.16740 0.06098 0.00198 ( 1)  0.046
   9 E   0.29270 0.28367 0.24098 0.14744 0.03491 0.00031 ( 1)  0.034
  10 I   0.00058 0.02608 0.14234 0.36002 0.42205 0.04893 ( 5)  0.220
  11 L   0.24268 0.23953 0.22378 0.18229 0.09969 0.01204 ( 1)  0.069
  12 S   0.28839 0.28005 0.24038 0.15165 0.03909 0.00043 ( 1)  0.036
  13 D   0.28839 0.28005 0.24038 0.15165 0.03909 0.00043 ( 1)  0.036
  14 Q   0.24920 0.24552 0.22723 0.17985 0.09016 0.00805 ( 1)  0.062
  15 A   0.00064 0.02873 0.15510 0.37930 0.40252 0.03371 ( 5)  0.201
  16 V   0.26468 0.25945 0.23389 0.17103 0.06800 0.00295 ( 1)  0.049
  17 N   0.29269 0.28366 0.24100 0.14747 0.03487 0.00031 ( 1)  0.034
  18 F   0.26986 0.26405 0.23574 0.16740 0.06098 0.00198 ( 1)  0.046
  19 H   0.00000 0.00000 0.00004 0.00442 0.17417 0.82136 ( 6)  0.876
  20 H   0.00000 0.00000 0.00000 0.00000 0.00386 0.99613 ( 6)  0.997
  21 S   0.27107 0.26511 0.23613 0.16649 0.05939 0.00180 ( 1)  0.045
  22 K   0.28265 0.27514 0.23917 0.15683 0.04546 0.00076 ( 1)  0.039
  23 F   0.26978 0.26397 0.23570 0.16746 0.06110 0.00199 ( 1)  0.046
  24 P   0.25967 0.25499 0.23197 0.17431 0.07496 0.00409 ( 1)  0.053
  25 W   0.24877 0.24512 0.22701 0.18004 0.09079 0.00827 ( 1)  0.062
  26 V   0.26361 0.25851 0.23349 0.17174 0.06948 0.00318 ( 1)  0.050
  27 N   0.28399 0.27630 0.23953 0.15571 0.04383 0.00064 ( 1)  0.038
  28 Y   0.26571 0.26036 0.23424 0.17030 0.06662 0.00277 ( 1)  0.048
  29 Q   0.25069 0.24687 0.22790 0.17906 0.08797 0.00750 ( 1)  0.060
  30 D   0.28839 0.28005 0.24038 0.15165 0.03909 0.00043 ( 1)  0.036
  31 E   0.00000 0.00000 0.00009 0.00932 0.29045 0.70013 ( 6)  0.791
  32 N   0.29103 0.28226 0.24076 0.14908 0.03651 0.00036 ( 1)  0.035
  33 L   0.23803 0.23525 0.22128 0.18393 0.10648 0.01503 ( 1)  0.074
  34 N   0.27623 0.26961 0.23764 0.16239 0.05290 0.00122 ( 1)  0.042
  35 I   0.27321 0.26697 0.23675 0.16478 0.05672 0.00158 ( 1)  0.044
  36 S   0.25528 0.25104 0.23007 0.17683 0.08128 0.00551 ( 1)  0.056
  37 I   0.00000 0.00072 0.02366 0.20027 0.62948 0.14586 ( 5)  0.362
  38 P   0.26154 0.25667 0.23273 0.17316 0.07231 0.00359 ( 1)  0.051
  39 V   0.00000 0.00055 0.01832 0.16298 0.59377 0.22438 ( 5)  0.426
  40 F   0.26986 0.26405 0.23574 0.16740 0.06098 0.00198 ( 1)  0.046
  41 S   0.28812 0.27982 0.24033 0.15191 0.03939 0.00045 ( 1)  0.036
  42 I   0.27321 0.26697 0.23675 0.16478 0.05672 0.00158 ( 1)  0.044
  43 H   0.27596 0.26938 0.23759 0.16265 0.05320 0.00123 ( 1)  0.042
  44 G   0.25174 0.24783 0.22844 0.17863 0.08644 0.00693 ( 1)  0.059
  45 N   0.29301 0.28393 0.24105 0.14717 0.03455 0.00029 ( 1)  0.034
  46 H   0.27433 0.26796 0.23710 0.16392 0.05527 0.00142 ( 1)  0.043
  47 D   0.28839 0.28005 0.24038 0.15165 0.03909 0.00043 ( 1)  0.036
  48 D   0.28839 0.28005 0.24038 0.15165 0.03909 0.00043 ( 1)  0.036
  49 P   0.23634 0.23368 0.22029 0.18435 0.10889 0.01644 ( 1)  0.076
  50 T   0.28075 0.27352 0.23880 0.15857 0.04752 0.00085 ( 1)  0.039
  51 G   0.00000 0.00062 0.02061 0.17966 0.61471 0.18439 ( 5)  0.394
  52 A   0.00000 0.00001 0.00159 0.04846 0.50673 0.44322 ( 5)  0.606
  53 D   0.29112 0.28236 0.24082 0.14904 0.03632 0.00034 ( 1)  0.035
  54 A   0.00066 0.02985 0.16040 0.38672 0.39354 0.02882 ( 5)  0.194
  55 L   0.23410 0.23160 0.21897 0.18487 0.11208 0.01838 ( 1)  0.079
  56 C   0.27183 0.26577 0.23635 0.16589 0.05844 0.00172 ( 1)  0.044
  57 A   0.27698 0.27026 0.23787 0.16181 0.05195 0.00113 ( 1)  0.041
  58 L   0.24489 0.24157 0.22500 0.18157 0.09647 0.01050 ( 1)  0.066
  59 D   0.29095 0.28221 0.24079 0.14921 0.03649 0.00034 ( 1)  0.035
  60 I   0.00000 0.00068 0.02235 0.19148 0.62344 0.16205 ( 5)  0.376
  61 L   0.24985 0.24610 0.22749 0.17944 0.08922 0.00791 ( 1)  0.061
  62 S   0.00064 0.02858 0.15440 0.37838 0.40378 0.03422 ( 5)  0.202
  63 C   0.27137 0.26537 0.23620 0.16624 0.05904 0.00179 ( 1)  0.045
  64 A   0.27687 0.27017 0.23784 0.16189 0.05208 0.00114 ( 1)  0.041
  65 G   0.28343 0.27581 0.23938 0.15617 0.04452 0.00069 ( 1)  0.038
  66 L   0.24353 0.24031 0.22425 0.18201 0.09845 0.01146 ( 1)  0.068
  67 L   0.00000 0.00017 0.00600 0.06252 0.36158 0.56972 ( 6)  0.689
  68 N   0.29581 0.28627 0.24139 0.14438 0.03191 0.00022 ( 1)  0.033
  69 H   0.26449 0.25929 0.23386 0.17123 0.06821 0.00292 ( 1)  0.049
  70 F   0.27020 0.26434 0.23581 0.16709 0.06059 0.00198 ( 1)  0.045
  71 G   0.28300 0.27545 0.23929 0.15656 0.04499 0.00071 ( 1)  0.038
  72 R   0.26252 0.25754 0.23310 0.17252 0.07095 0.00337 ( 1)  0.050
  73 S   0.25486 0.25065 0.22985 0.17696 0.08190 0.00577 ( 1)  0.057
  74 T   0.00000 0.00000 0.00000 0.00058 0.06693 0.93249 ( 6)  0.953
  75 S   0.25606 0.25175 0.23042 0.17639 0.08014 0.00523 ( 1)  0.055
  76 V   0.26979 0.26398 0.23567 0.16739 0.06113 0.00204 ( 1)  0.046
  77 E   0.28096 0.27370 0.23883 0.15837 0.04730 0.00084 ( 1)  0.039
  78 K   0.30017 0.28986 0.24169 0.13987 0.02825 0.00016 ( 1)  0.031
  79 I   0.30261 0.29188 0.24189 0.13737 0.02614 0.00012 ( 1)  0.030
  80 D   0.29112 0.28236 0.24082 0.14904 0.03632 0.00034 ( 1)  0.035
  81 I   0.27569 0.26913 0.23747 0.16281 0.05361 0.00129 ( 1)  0.042
  82 S   0.28639 0.27834 0.24000 0.15351 0.04123 0.00052 ( 1)  0.037
  83 P   0.23505 0.23248 0.21955 0.18471 0.11077 0.01744 ( 1)  0.078
  84 I   0.00066 0.02951 0.15873 0.38414 0.39603 0.03093 ( 5)  0.197
  85 L   0.24968 0.24594 0.22739 0.17949 0.08946 0.00803 ( 1)  0.061
  86 L   0.24679 0.24331 0.22596 0.18078 0.09369 0.00947 ( 1)  0.064
  87 R   0.26153 0.25666 0.23271 0.17314 0.07234 0.00362 ( 1)  0.051
  88 K   0.29118 0.28238 0.24073 0.14889 0.03646 0.00037 ( 1)  0.035
  89 G   0.26913 0.26339 0.23547 0.16791 0.06199 0.00212 ( 1)  0.046
  90 R   0.00088 0.03934 0.20312 0.43481 0.31365 0.00820 ( 4)  0.155
  91 T   0.28309 0.27553 0.23934 0.15651 0.04483 0.00069 ( 1)  0.038
  92 K   0.00097 0.04300 0.21868 0.44754 0.28450 0.00532 ( 4)  0.145
  93 I   0.27569 0.26913 0.23747 0.16281 0.05361 0.00129 ( 1)  0.042
  94 A   0.25895 0.25435 0.23167 0.17474 0.07599 0.00431 ( 1)  0.053
  95 L   0.23638 0.23371 0.22031 0.18432 0.10883 0.01643 ( 1)  0.076
  96 Y   0.26831 0.26267 0.23516 0.16845 0.06311 0.00230 ( 1)  0.047
  97 G   0.25621 0.25188 0.23047 0.17628 0.07993 0.00523 ( 1)  0.055
  98 L   0.24786 0.24428 0.22647 0.18026 0.09212 0.00902 ( 1)  0.063
  99 G   0.28284 0.27531 0.23925 0.15670 0.04518 0.00073 ( 1)  0.038
 100 A   0.00045 0.02032 0.11369 0.30996 0.45243 0.10315 ( 5)  0.278
 101 I   0.27512 0.26864 0.23731 0.16326 0.05432 0.00136 ( 1)  0.042
 102 P   0.26506 0.25980 0.23408 0.17085 0.06742 0.00279 ( 1)  0.049
 103 D   0.28966 0.28112 0.24057 0.15043 0.03783 0.00039 ( 1)  0.035
 104 E   0.28096 0.27370 0.23883 0.15837 0.04730 0.00084 ( 1)  0.039
 105 R   0.28381 0.27614 0.23945 0.15581 0.04410 0.00068 ( 1)  0.038
 106 L   0.24665 0.24318 0.22591 0.18087 0.09390 0.00949 ( 1)  0.064
 107 Y   0.26843 0.26277 0.23520 0.16837 0.06296 0.00228 ( 1)  0.047
 108 R   0.26242 0.25745 0.23306 0.17258 0.07109 0.00339 ( 1)  0.051
 109 M   0.30332 0.29247 0.24199 0.13667 0.02545 0.00010 ( 1)  0.030
 110 F   0.27219 0.26609 0.23648 0.16564 0.05794 0.00165 ( 1)  0.044
 111 V   0.24877 0.24513 0.22700 0.18001 0.09078 0.00830 ( 1)  0.062
 112 N   0.29525 0.28580 0.24132 0.14494 0.03245 0.00024 ( 1)  0.033
 113 K   0.29679 0.28707 0.24139 0.14331 0.03121 0.00023 ( 1)  0.032
 114 Q   0.26283 0.25781 0.23320 0.17228 0.07054 0.00334 ( 1)  0.050
 115 V   0.28240 0.27494 0.23917 0.15710 0.04564 0.00074 ( 1)  0.039
 116 T   0.24911 0.24544 0.22718 0.17989 0.09029 0.00810 ( 1)  0.062
 117 M   0.30332 0.29247 0.24199 0.13667 0.02545 0.00010 ( 1)  0.030
 118 L   0.23374 0.23126 0.21875 0.18494 0.11260 0.01871 ( 1)  0.079
 119 R   0.29428 0.28499 0.24118 0.14588 0.03340 0.00027 ( 1)  0.033
 120 P   0.26506 0.25980 0.23408 0.17085 0.06742 0.00279 ( 1)  0.049
 121 K   0.00077 0.03438 0.18112 0.41202 0.35535 0.01636 ( 4)  0.173
 122 E   0.29544 0.28595 0.24132 0.14473 0.03232 0.00024 ( 1)  0.033
 123 D   0.29098 0.28224 0.24080 0.14918 0.03646 0.00034 ( 1)  0.035
 124 E   0.29251 0.28351 0.24098 0.14766 0.03503 0.00031 ( 1)  0.034
 125 D   0.28638 0.27834 0.24000 0.15351 0.04124 0.00052 ( 1)  0.037
 126 S   0.29107 0.28231 0.24082 0.14909 0.03637 0.00034 ( 1)  0.035
 127 W   0.25082 0.24699 0.22801 0.17910 0.08778 0.00730 ( 1)  0.060
 128 F   0.27214 0.26605 0.23646 0.16568 0.05801 0.00166 ( 1)  0.044
 129 N   0.27926 0.27223 0.23843 0.15985 0.04927 0.00096 ( 1)  0.040
 130 L   0.00039 0.01772 0.10023 0.28244 0.45504 0.14418 ( 5)  0.317
 131 F   0.27228 0.26617 0.23651 0.16558 0.05783 0.00164 ( 1)  0.044
 132 V   0.26592 0.26056 0.23434 0.17019 0.06630 0.00269 ( 1)  0.048
 133 I   0.00065 0.02910 0.15678 0.38137 0.39928 0.03283 ( 5)  0.200
 134 H   0.27532 0.26882 0.23740 0.16315 0.05400 0.00130 ( 1)  0.042
 135 Q   0.26060 0.25582 0.23232 0.17370 0.07367 0.00389 ( 1)  0.052
 136 N   0.29382 0.28460 0.24113 0.14635 0.03383 0.00028 ( 1)  0.034
 137 R   0.28544 0.27754 0.23980 0.15436 0.04228 0.00058 ( 1)  0.037
 138 S   0.27351 0.26724 0.23689 0.16462 0.05626 0.00149 ( 1)  0.043
 139 K   0.30017 0.28986 0.24169 0.13987 0.02825 0.00016 ( 1)  0.031
 140 H   0.27871 0.27177 0.23834 0.16037 0.04984 0.00097 ( 1)  0.040
 141 G   0.28395 0.27626 0.23949 0.15570 0.04393 0.00066 ( 1)  0.038
 142 A   0.00044 0.01993 0.11174 0.30615 0.45342 0.10831 ( 5)  0.283
 143 T   0.25498 0.25077 0.22994 0.17697 0.08171 0.00563 ( 1)  0.056
 144 N   0.27900 0.27202 0.23838 0.16008 0.04955 0.00097 ( 1)  0.040
 145 Y   0.24998 0.24622 0.22757 0.17943 0.08902 0.00778 ( 1)  0.061
 146 I   0.27521 0.26872 0.23733 0.16319 0.05420 0.00135 ( 1)  0.042
 147 P   0.26506 0.25980 0.23408 0.17085 0.06742 0.00279 ( 1)  0.049
 148 E   0.28441 0.27665 0.23956 0.15526 0.04347 0.00065 ( 1)  0.038
 149 Q   0.25417 0.25003 0.22955 0.17736 0.08290 0.00600 ( 1)  0.057
 150 F   0.27220 0.26610 0.23648 0.16563 0.05794 0.00165 ( 1)  0.044
 151 L   0.24965 0.24592 0.22738 0.17951 0.08950 0.00804 ( 1)  0.061
 152 D   0.29112 0.28236 0.24082 0.14904 0.03632 0.00034 ( 1)  0.035
 153 D   0.27351 0.26724 0.23689 0.16462 0.05626 0.00149 ( 1)  0.043
 154 F   0.27198 0.26590 0.23641 0.16579 0.05822 0.00169 ( 1)  0.044
 155 I   0.00063 0.02851 0.15399 0.37746 0.40399 0.03542 ( 5)  0.203
 156 N   0.00000 0.00002 0.00385 0.10219 0.71076 0.18318 ( 5)  0.415
 157 L   0.25678 0.25239 0.23074 0.17600 0.07911 0.00499 ( 1)  0.055
 158 V   0.26701 0.26152 0.23473 0.16943 0.06483 0.00249 ( 1)  0.047
 159 V   0.00047 0.02123 0.11879 0.32262 0.45532 0.08158 ( 5)  0.259
 160 W   0.25082 0.24699 0.22801 0.17910 0.08778 0.00730 ( 1)  0.060
 161 G   0.27358 0.26730 0.23687 0.16452 0.05622 0.00151 ( 1)  0.043
 162 H   0.27837 0.27147 0.23824 0.16065 0.05026 0.00101 ( 1)  0.041
 163 E   0.29580 0.28625 0.24136 0.14437 0.03199 0.00023 ( 1)  0.033
 164 H   0.27532 0.26882 0.23739 0.16313 0.05402 0.00131 ( 1)  0.042
 165 E   0.28122 0.27392 0.23889 0.15814 0.04701 0.00083 ( 1)  0.039
 166 C   0.26455 0.25934 0.23385 0.17112 0.06817 0.00297 ( 1)  0.049
 167 K   0.30017 0.28986 0.24169 0.13987 0.02825 0.00016 ( 1)  0.031
 168 I   0.30261 0.29188 0.24189 0.13737 0.02614 0.00012 ( 1)  0.030
 169 A   0.00000 0.00045 0.01518 0.13992 0.56398 0.28047 ( 5)  0.470
 170 P   0.26345 0.25837 0.23347 0.17193 0.06964 0.00314 ( 1)  0.050
 171 F   0.00000 0.00000 0.00000 0.00000 0.00008 0.99992 ( 6)  1.000
 172 Q   0.00000 0.00000 0.00088 0.02875 0.36524 0.60513 ( 6)  0.722
 173 N   0.29425 0.28497 0.24119 0.14593 0.03340 0.00027 ( 1)  0.033
 174 E   0.29572 0.28619 0.24135 0.14445 0.03206 0.00023 ( 1)  0.033
 175 Q   0.25141 0.24754 0.22830 0.17881 0.08691 0.00703 ( 1)  0.060
 176 Q   0.25994 0.25523 0.23204 0.17407 0.07462 0.00410 ( 1)  0.052
 177 R   0.00000 0.00000 0.00000 0.00000 0.00551 0.99449 ( 6)  0.996
 178 F   0.25723 0.25280 0.23094 0.17575 0.07846 0.00483 ( 1)  0.054
 179 Y   0.26709 0.26159 0.23473 0.16931 0.06476 0.00252 ( 1)  0.047
 180 V   0.00000 0.00052 0.01749 0.15718 0.58896 0.23584 ( 5)  0.435
 181 C   0.00000 0.00039 0.01310 0.12357 0.53316 0.32978 ( 5)  0.508
 182 Q   0.25303 0.24899 0.22902 0.17795 0.08457 0.00644 ( 1)  0.058
 183 P   0.26108 0.25626 0.23255 0.17346 0.07295 0.00369 ( 1)  0.051
 184 G   0.28306 0.27550 0.23930 0.15651 0.04492 0.00071 ( 1)  0.038
 185 S   0.29112 0.28236 0.24082 0.14904 0.03632 0.00034 ( 1)  0.035
 186 S   0.00044 0.02004 0.11226 0.30689 0.45220 0.10816 ( 5)  0.283
 187 V   0.26628 0.26087 0.23447 0.16994 0.06582 0.00262 ( 1)  0.048
 188 V   0.26611 0.26072 0.23441 0.17006 0.06605 0.00265 ( 1)  0.048
 189 T   0.28119 0.27390 0.23890 0.15819 0.04700 0.00082 ( 1)  0.039
 190 S   0.25744 0.25299 0.23102 0.17562 0.07816 0.00477 ( 1)  0.054
 191 L   0.23374 0.23126 0.21875 0.18494 0.11260 0.01871 ( 1)  0.079
 192 S   0.24088 0.23789 0.22289 0.18308 0.10235 0.01291 ( 1)  0.070
 193 P   0.25330 0.24925 0.22918 0.17788 0.08415 0.00624 ( 1)  0.058
 194 G   0.28373 0.27607 0.23944 0.15590 0.04418 0.00067 ( 1)  0.038
 195 E   0.29640 0.28675 0.24143 0.14377 0.03143 0.00022 ( 1)  0.032
 196 A   0.25974 0.25505 0.23198 0.17425 0.07488 0.00410 ( 1)  0.053
 197 V   0.00056 0.02537 0.13891 0.35452 0.42690 0.05374 ( 5)  0.226
 198 K   0.28580 0.27783 0.23982 0.15397 0.04199 0.00059 ( 1)  0.037
 199 K   0.29984 0.28959 0.24166 0.14020 0.02854 0.00017 ( 1)  0.031
 200 H   0.26258 0.25760 0.23314 0.17250 0.07085 0.00334 ( 1)  0.050
 201 I   0.00000 0.00001 0.00130 0.04051 0.45291 0.50528 ( 6)  0.650
 202 G   0.27306 0.26685 0.23672 0.16492 0.05687 0.00157 ( 1)  0.044
 203 L   0.24639 0.24294 0.22578 0.18099 0.09428 0.00962 ( 1)  0.065
 204 L   0.23416 0.23164 0.21898 0.18480 0.11197 0.01844 ( 1)  0.079
 205 H   0.00065 0.02924 0.15749 0.38272 0.39853 0.03137 ( 5)  0.198
 206 V   0.26701 0.26152 0.23473 0.16943 0.06483 0.00249 ( 1)  0.047
 207 K   0.00000 0.00135 0.04190 0.30417 0.61401 0.03857 ( 5)  0.261
 208 G   0.00000 0.00065 0.02133 0.18467 0.61916 0.17419 ( 5)  0.386
 209 K   0.00091 0.04053 0.20819 0.43889 0.30411 0.00737 ( 4)  0.152
 210 N   0.00000 0.00137 0.04240 0.30664 0.61235 0.03725 ( 5)  0.260
 211 M   0.30332 0.29247 0.24199 0.13667 0.02545 0.00010 ( 1)  0.030
 212 K   0.00097 0.04315 0.21933 0.44803 0.28330 0.00521 ( 4)  0.144
 213 M   0.30332 0.29247 0.24199 0.13667 0.02545 0.00010 ( 1)  0.030
 214 Q   0.00000 0.00000 0.00000 0.00037 0.04838 0.95124 ( 6)  0.966
 215 K   0.00073 0.03283 0.17406 0.40338 0.36830 0.02069 ( 4)  0.181
 216 I   0.27569 0.26913 0.23747 0.16281 0.05361 0.00129 ( 1)  0.042
 217 A   0.00000 0.00000 0.00000 0.00020 0.03076 0.96905 ( 6)  0.979
 218 L   0.24667 0.24320 0.22591 0.18084 0.09386 0.00952 ( 1)  0.064
 219 E   0.00073 0.03288 0.17432 0.40402 0.36799 0.02005 ( 4)  0.180
 220 T   0.27988 0.27277 0.23858 0.15932 0.04854 0.00091 ( 1)  0.040
 221 V   0.26687 0.26140 0.23469 0.16952 0.06501 0.00251 ( 1)  0.047
 222 R   0.24366 0.24044 0.22435 0.18203 0.09828 0.01125 ( 1)  0.067
 223 T   0.00000 0.00034 0.01167 0.11582 0.54551 0.32667 ( 5)  0.508
 224 F   0.25695 0.25255 0.23083 0.17593 0.07885 0.00490 ( 1)  0.055
 225 H   0.00000 0.00000 0.00000 0.00042 0.05351 0.94607 ( 6)  0.963
 226 I   0.00101 0.04492 0.22691 0.45453 0.26896 0.00366 ( 4)  0.139
 227 E   0.00077 0.03431 0.18082 0.41176 0.35596 0.01638 ( 4)  0.173
 228 D   0.29035 0.28171 0.24070 0.14978 0.03709 0.00036 ( 1)  0.035
 229 I   0.00000 0.00050 0.01671 0.15116 0.57862 0.25301 ( 5)  0.449
 230 V   0.26203 0.25710 0.23288 0.17278 0.07166 0.00354 ( 1)  0.051
 231 L   0.24512 0.24178 0.22514 0.18154 0.09614 0.01027 ( 1)  0.066
 232 A   0.00051 0.02321 0.12829 0.33684 0.44022 0.07091 ( 5)  0.245
 233 D   0.29112 0.28236 0.24082 0.14904 0.03632 0.00034 ( 1)  0.035
 234 H   0.00000 0.00069 0.02254 0.19303 0.62658 0.15716 ( 5)  0.372
 235 P   0.00054 0.02437 0.13405 0.34680 0.43378 0.06045 ( 5)  0.234
 236 D   0.00000 0.00108 0.03429 0.26489 0.63635 0.06338 ( 5)  0.289
 237 L   0.25616 0.25184 0.23047 0.17634 0.08000 0.00520 ( 1)  0.055
 238 F   0.27208 0.26599 0.23644 0.16572 0.05809 0.00167 ( 1)  0.044
 239 N   0.00087 0.03882 0.20089 0.43286 0.31788 0.00870 ( 4)  0.157
 240 P   0.25470 0.25052 0.22983 0.17716 0.08210 0.00569 ( 1)  0.057
 241 D   0.27377 0.26747 0.23696 0.16440 0.05594 0.00146 ( 1)  0.043
 242 N   0.29581 0.28627 0.24139 0.14438 0.03191 0.00022 ( 1)  0.033
 243 P   0.25089 0.24706 0.22806 0.17911 0.08768 0.00721 ( 1)  0.060
 244 N   0.00000 0.00002 0.00444 0.11409 0.72841 0.15303 ( 5)  0.391
 245 V   0.27774 0.27092 0.23802 0.16110 0.05111 0.00110 ( 1)  0.041
 246 T   0.00058 0.02600 0.14197 0.35950 0.42276 0.04920 ( 5)  0.221
 247 Q   0.00043 0.01941 0.10906 0.30077 0.45432 0.11600 ( 5)  0.291
 248 A   0.00000 0.00072 0.02345 0.19914 0.63033 0.14637 ( 5)  0.363
 249 I   0.00000 0.00145 0.04483 0.31888 0.60457 0.03027 ( 5)  0.251
 250 Q   0.26008 0.25535 0.23209 0.17398 0.07442 0.00408 ( 1)  0.052
 251 A   0.00067 0.03012 0.16166 0.38843 0.39133 0.02778 ( 5)  0.193
 252 F   0.25695 0.25255 0.23083 0.17593 0.07885 0.00490 ( 1)  0.055
 253 C   0.25444 0.25028 0.22970 0.17728 0.08250 0.00581 ( 1)  0.057
 254 T   0.00000 0.00146 0.04507 0.32060 0.60471 0.02816 ( 5)  0.250
 255 E   0.29559 0.28608 0.24133 0.14457 0.03218 0.00024 ( 1)  0.033
 256 K   0.28506 0.27720 0.23969 0.15467 0.04276 0.00061 ( 1)  0.037
 257 V   0.00057 0.02555 0.13978 0.35591 0.42565 0.05255 ( 5)  0.225
 258 E   0.29500 0.28559 0.24126 0.14515 0.03274 0.00025 ( 1)  0.033
 259 L   0.00000 0.00000 0.00007 0.00778 0.26036 0.73179 ( 6)  0.814
 260 M   0.30332 0.29247 0.24199 0.13667 0.02545 0.00010 ( 1)  0.030
 261 L   0.23394 0.23145 0.21886 0.18487 0.11229 0.01858 ( 1)  0.079
 262 D   0.28360 0.27596 0.23944 0.15605 0.04429 0.00067 ( 1)  0.038
 263 N   0.00000 0.00087 0.02810 0.22833 0.63794 0.10476 ( 5)  0.327
 264 A   0.27727 0.27052 0.23795 0.16156 0.05159 0.00110 ( 1)  0.041
 265 E   0.29640 0.28675 0.24143 0.14377 0.03143 0.00022 ( 1)  0.032
 266 R   0.29179 0.28289 0.24081 0.14829 0.03587 0.00035 ( 1)  0.034
 267 E   0.00000 0.00001 0.00224 0.06666 0.61861 0.31248 ( 5)  0.512
 268 R   0.24687 0.24339 0.22605 0.18086 0.09358 0.00925 ( 1)  0.064
 269 L   0.00037 0.01673 0.09501 0.27096 0.45293 0.16400 ( 5)  0.335
 270 G   0.28321 0.27562 0.23933 0.15637 0.04476 0.00070 ( 1)  0.038
 271 N   0.29581 0.28627 0.24139 0.14438 0.03191 0.00022 ( 1)  0.033
 272 P   0.25891 0.25431 0.23165 0.17477 0.07605 0.00432 ( 1)  0.053
 273 R   0.00029 0.01319 0.07646 0.23137 0.45061 0.22809 ( 5)  0.394
 274 Q   0.00043 0.01937 0.10880 0.30016 0.45406 0.11718 ( 5)  0.292
 275 P   0.26387 0.25875 0.23363 0.17165 0.06906 0.00304 ( 1)  0.049
 276 E   0.00000 0.00001 0.00218 0.06347 0.58078 0.35355 ( 5)  0.541
 277 K   0.28506 0.27720 0.23969 0.15467 0.04276 0.00061 ( 1)  0.037
 278 P   0.25140 0.24753 0.22831 0.17886 0.08692 0.00698 ( 1)  0.059
 279 L   0.00037 0.01669 0.09488 0.27114 0.45482 0.16211 ( 5)  0.333
 280 I   0.29900 0.28890 0.24162 0.14108 0.02921 0.00018 ( 1)  0.032
 281 R   0.29309 0.28398 0.24099 0.14702 0.03461 0.00031 ( 1)  0.034
 282 L   0.24972 0.24598 0.22741 0.17947 0.08940 0.00802 ( 1)  0.061
 283 R   0.25779 0.25327 0.23102 0.17513 0.07777 0.00502 ( 1)  0.054
 284 V   0.26701 0.26152 0.23473 0.16943 0.06483 0.00249 ( 1)  0.047
 285 D   0.00084 0.03771 0.19607 0.42843 0.32709 0.00986 ( 4)  0.160
 286 Y   0.26615 0.26076 0.23440 0.16997 0.06602 0.00270 ( 1)  0.048
 287 A   0.00000 0.00067 0.02210 0.19001 0.62367 0.16354 ( 5)  0.377
 288 G   0.27581 0.26924 0.23751 0.16271 0.05344 0.00128 ( 1)  0.042
 289 G   0.25395 0.24983 0.22947 0.17752 0.08322 0.00602 ( 1)  0.057
 290 F   0.27167 0.26563 0.23631 0.16602 0.05863 0.00173 ( 1)  0.044
 291 E   0.29198 0.28306 0.24088 0.14815 0.03561 0.00033 ( 1)  0.034
 292 P   0.26471 0.25949 0.23395 0.17109 0.06790 0.00286 ( 1)  0.049
 293 F   0.25726 0.25282 0.23095 0.17573 0.07841 0.00482 ( 1)  0.054
 294 S   0.00000 0.00001 0.00247 0.07069 0.61348 0.31334 ( 5)  0.511
 295 V   0.00000 0.00000 0.00001 0.00182 0.08877 0.90940 ( 6)  0.937
 296 H   0.00000 0.00000 0.00008 0.00873 0.27703 0.71416 ( 6)  0.801
 297 R   0.26200 0.25708 0.23290 0.17285 0.07167 0.00350 ( 1)  0.051
 298 F   0.26709 0.26159 0.23477 0.16938 0.06470 0.00246 ( 1)  0.047
 299 S   0.27351 0.26724 0.23689 0.16462 0.05626 0.00149 ( 1)  0.043
 300 Q   0.25126 0.24739 0.22822 0.17890 0.08714 0.00709 ( 1)  0.060
 301 K   0.28506 0.27720 0.23969 0.15467 0.04276 0.00061 ( 1)  0.037
 302 Y   0.00044 0.01975 0.11076 0.30384 0.45261 0.11260 ( 5)  0.287
 303 M   0.00000 0.00113 0.03570 0.27285 0.63428 0.05603 ( 5)  0.282
 304 H   0.00079 0.03537 0.18568 0.41746 0.34690 0.01380 ( 4)  0.169
 305 R   0.00000 0.00085 0.02745 0.22454 0.63857 0.10859 ( 5)  0.330
 306 V   0.00000 0.00036 0.01221 0.11919 0.54645 0.32179 ( 5)  0.504
 307 A   0.26009 0.25537 0.23213 0.17404 0.07437 0.00399 ( 1)  0.052
 308 N   0.27965 0.27257 0.23852 0.15949 0.04882 0.00094 ( 1)  0.040
 309 P   0.26352 0.25843 0.23350 0.17189 0.06955 0.00312 ( 1)  0.050
 310 K   0.29803 0.28809 0.24152 0.14206 0.03010 0.00020 ( 1)  0.032
 311 D   0.27356 0.26729 0.23690 0.16458 0.05620 0.00148 ( 1)  0.043
 312 I   0.25891 0.25430 0.23159 0.17465 0.07609 0.00445 ( 1)  0.053
 313 I   0.00101 0.04464 0.22567 0.45318 0.27146 0.00405 ( 4)  0.140
 314 H   0.00000 0.00044 0.01489 0.13784 0.56148 0.28535 ( 5)  0.474
 315 F   0.26993 0.26410 0.23571 0.16728 0.06095 0.00202 ( 1)  0.046
 316 F   0.25695 0.25255 0.23083 0.17593 0.07885 0.00490 ( 1)  0.055
 317 R   0.28609 0.27808 0.23990 0.15373 0.04164 0.00056 ( 1)  0.037
 318 H   0.00000 0.00001 0.00180 0.05394 0.53721 0.40704 ( 5)  0.580
 319 R   0.26209 0.25716 0.23293 0.17279 0.07155 0.00347 ( 1)  0.051
 320 E   0.29460 0.28525 0.24121 0.14556 0.03312 0.00026 ( 1)  0.033
 321 Q   0.26285 0.25783 0.23321 0.17226 0.07051 0.00333 ( 1)  0.050
 322 K   0.30017 0.28986 0.24169 0.13987 0.02825 0.00016 ( 1)  0.031
 323 E   0.00000 0.00074 0.02402 0.20260 0.63030 0.14234 ( 5)  0.359
 324 K   0.29652 0.28684 0.24138 0.14360 0.03144 0.00023 ( 1)  0.032
 325 N   0.00087 0.03897 0.20150 0.43317 0.31673 0.00876 ( 4)  0.156
 326 D   0.00000 0.00000 0.00000 0.00041 0.05740 0.94219 ( 6)  0.960
 327 I   0.00000 0.00000 0.00011 0.01117 0.32996 0.65876 ( 6)  0.763
 328 D   0.00000 0.00000 0.00020 0.01941 0.46576 0.51463 ( 6)  0.662
 329 L   0.00000 0.00000 0.00064 0.02164 0.30273 0.67498 ( 6)  0.771
 330 N   0.29558 0.28608 0.24136 0.14461 0.03213 0.00023 ( 1)  0.033
 331 F   0.27228 0.26617 0.23651 0.16558 0.05783 0.00164 ( 1)  0.044
 332 G   0.00075 0.03366 0.17789 0.40849 0.36153 0.01767 ( 4)  0.176
 333 K   0.00000 0.00000 0.00026 0.02401 0.52403 0.45170 ( 5)  0.617
 334 L   0.23672 0.23402 0.22050 0.18423 0.10835 0.01619 ( 1)  0.076
 335 V   0.00000 0.00049 0.01652 0.15004 0.57896 0.25398 ( 5)  0.450
 336 S   0.00000 0.00001 0.00157 0.04782 0.50138 0.44922 ( 5)  0.610
 337 R   0.29433 0.28503 0.24119 0.14583 0.03335 0.00027 ( 1)  0.033
 338 P   0.25167 0.24777 0.22844 0.17873 0.08653 0.00687 ( 1)  0.059
 339 A   0.00000 0.00000 0.00003 0.00311 0.13200 0.86487 ( 6)  0.906
 340 E   0.00073 0.03258 0.17302 0.40275 0.37062 0.02031 ( 4)  0.181
 341 G   0.00063 0.02854 0.15418 0.37780 0.40380 0.03504 ( 5)  0.203
 342 I   0.00000 0.00000 0.00109 0.04203 0.56862 0.38825 ( 5)  0.569
 343 T   0.00074 0.03310 0.17540 0.40576 0.36628 0.01872 ( 4)  0.178
 344 L   0.23399 0.23149 0.21890 0.18489 0.11225 0.01848 ( 1)  0.079
 345 R   0.28589 0.27791 0.23987 0.15392 0.04184 0.00057 ( 1)  0.037
 346 V   0.26709 0.26160 0.23477 0.16937 0.06471 0.00247 ( 1)  0.047
 347 E   0.29383 0.28461 0.24112 0.14633 0.03383 0.00028 ( 1)  0.034
 348 D   0.27372 0.26743 0.23694 0.16444 0.05600 0.00147 ( 1)  0.043
 349 L   0.25660 0.25223 0.23066 0.17610 0.07937 0.00504 ( 1)  0.055
 350 V   0.28197 0.27456 0.23907 0.15749 0.04614 0.00077 ( 1)  0.039
 351 K   0.28506 0.27720 0.23969 0.15467 0.04276 0.00061 ( 1)  0.037
 352 Q   0.25141 0.24753 0.22829 0.17881 0.08691 0.00704 ( 1)  0.060
 353 Y   0.26849 0.26283 0.23522 0.16832 0.06288 0.00227 ( 1)  0.046
 354 F   0.26861 0.26294 0.23531 0.16831 0.06264 0.00218 ( 1)  0.046
 355 Q   0.25126 0.24739 0.22822 0.17890 0.08714 0.00709 ( 1)  0.060
 356 T   0.28362 0.27599 0.23945 0.15604 0.04424 0.00066 ( 1)  0.038
 357 A   0.27347 0.26721 0.23685 0.16461 0.05635 0.00152 ( 1)  0.043
 358 E   0.28218 0.27475 0.23912 0.15730 0.04590 0.00076 ( 1)  0.039
 359 K   0.28506 0.27720 0.23969 0.15467 0.04276 0.00061 ( 1)  0.037
 360 K   0.29946 0.28927 0.24163 0.14060 0.02887 0.00017 ( 1)  0.031
 361 V   0.28184 0.27446 0.23904 0.15760 0.04628 0.00078 ( 1)  0.039
 362 Q   0.25280 0.24880 0.22894 0.17810 0.08488 0.00648 ( 1)  0.058
 363 L   0.25744 0.25299 0.23102 0.17562 0.07816 0.00477 ( 1)  0.054
 364 S   0.25474 0.25055 0.22979 0.17703 0.08208 0.00581 ( 1)  0.057
 365 L   0.25736 0.25292 0.23099 0.17567 0.07827 0.00480 ( 1)  0.054
 366 L   0.24537 0.24202 0.22528 0.18145 0.09577 0.01011 ( 1)  0.065
 367 T   0.26805 0.26245 0.23511 0.16870 0.06339 0.00229 ( 1)  0.047
 368 E   0.29640 0.28675 0.24143 0.14377 0.03143 0.00022 ( 1)  0.032
 369 R   0.29433 0.28503 0.24119 0.14583 0.03335 0.00027 ( 1)  0.033
 370 G   0.28395 0.27626 0.23949 0.15570 0.04393 0.00066 ( 1)  0.038
 371 M   0.30332 0.29247 0.24199 0.13667 0.02545 0.00010 ( 1)  0.030
 372 G   0.28395 0.27626 0.23949 0.15570 0.04393 0.00066 ( 1)  0.038
 373 E   0.00090 0.04011 0.20645 0.43773 0.30735 0.00747 ( 4)  0.153
 374 A   0.27743 0.27066 0.23799 0.16143 0.05140 0.00109 ( 1)  0.041
 375 V   0.26592 0.26056 0.23434 0.17019 0.06630 0.00269 ( 1)  0.048
 376 Q   0.25336 0.24930 0.22921 0.17784 0.08407 0.00622 ( 1)  0.058
 377 E   0.28118 0.27388 0.23888 0.15818 0.04706 0.00083 ( 1)  0.039
 378 F   0.27210 0.26601 0.23645 0.16571 0.05807 0.00167 ( 1)  0.044
 379 V   0.26634 0.26093 0.23450 0.16990 0.06573 0.00261 ( 1)  0.048
 380 D   0.27351 0.26724 0.23689 0.16462 0.05626 0.00149 ( 1)  0.043
 381 K   0.30017 0.28986 0.24169 0.13987 0.02825 0.00016 ( 1)  0.031
 382 E   0.28756 0.27933 0.24015 0.15234 0.04012 0.00050 ( 1)  0.036
 383 E   0.29472 0.28536 0.24123 0.14543 0.03300 0.00026 ( 1)  0.033
 384 K   0.29990 0.28964 0.24167 0.14014 0.02849 0.00017 ( 1)  0.031
 385 D   0.00085 0.03775 0.19628 0.42864 0.32670 0.00979 ( 4)  0.160
 386 A   0.24982 0.24609 0.22752 0.17955 0.08924 0.00778 ( 1)  0.061
 387 I   0.30261 0.29188 0.24189 0.13737 0.02614 0.00012 ( 1)  0.030
 388 E   0.29424 0.28495 0.24118 0.14593 0.03344 0.00027 ( 1)  0.033
 389 E   0.28455 0.27677 0.23959 0.15514 0.04332 0.00064 ( 1)  0.038
 390 L   0.23285 0.23002 0.21601 0.18008 0.11204 0.02900 ( 1)  0.089
 391 V   0.26541 0.26010 0.23416 0.17054 0.06700 0.00279 ( 1)  0.048
 392 K   0.29929 0.28914 0.24162 0.14076 0.02901 0.00018 ( 1)  0.031
 393 F   0.27228 0.26617 0.23651 0.16558 0.05783 0.00164 ( 1)  0.044
 394 Q   0.26077 0.25597 0.23237 0.17356 0.07344 0.00389 ( 1)  0.052
 395 L   0.24620 0.24278 0.22571 0.18111 0.09456 0.00964 ( 1)  0.065
 396 E   0.29424 0.28495 0.24118 0.14593 0.03344 0.00027 ( 1)  0.033
 397 K   0.30017 0.28986 0.24169 0.13987 0.02825 0.00016 ( 1)  0.031
 398 T   0.28215 0.27472 0.23913 0.15735 0.04590 0.00075 ( 1)  0.039
 399 Q   0.25406 0.24994 0.22951 0.17745 0.08305 0.00599 ( 1)  0.057
 400 K   0.00000 0.00092 0.02954 0.23718 0.63927 0.09309 ( 5)  0.316
 401 F   0.00061 0.02745 0.14901 0.37044 0.41239 0.04009 ( 5)  0.210
 402 L   0.25408 0.24995 0.22953 0.17746 0.08303 0.00596 ( 1)  0.057
 403 R   0.00076 0.03404 0.17961 0.41028 0.35819 0.01711 ( 4)  0.175
 404 E   0.28096 0.27370 0.23883 0.15837 0.04730 0.00084 ( 1)  0.039
 405 R   0.26197 0.25705 0.23289 0.17286 0.07171 0.00351 ( 1)  0.051
 406 R   0.00000 0.00000 0.00000 0.00019 0.02883 0.97099 ( 6)  0.980
 407 T   0.00000 0.00049 0.01636 0.14904 0.57918 0.25493 ( 5)  0.450
 408 D   0.00083 0.03691 0.19253 0.42486 0.33388 0.01101 ( 4)  0.163
 409 A   0.27735 0.27059 0.23797 0.16150 0.05150 0.00110 ( 1)  0.041
 410 E   0.00000 0.00000 0.00008 0.00859 0.27115 0.72017 ( 6)  0.805
 411 E   0.29568 0.28616 0.24134 0.14448 0.03210 0.00024 ( 1)  0.033
 412 E   0.00000 0.00123 0.03854 0.28739 0.62520 0.04764 ( 5)  0.272
 413 K   0.29967 0.28945 0.24165 0.14038 0.02868 0.00017 ( 1)  0.031
 414 I   0.30261 0.29188 0.24189 0.13737 0.02614 0.00012 ( 1)  0.030
 415 D   0.29038 0.28173 0.24071 0.14976 0.03707 0.00036 ( 1)  0.035
 416 E   0.28114 0.27385 0.23887 0.15821 0.04710 0.00083 ( 1)  0.039
 417 E   0.28096 0.27370 0.23883 0.15837 0.04730 0.00084 ( 1)  0.039
 418 V   0.26592 0.26056 0.23434 0.17019 0.06630 0.00269 ( 1)  0.048
 419 R   0.24777 0.24416 0.22623 0.17988 0.09223 0.00973 ( 1)  0.064
 420 K   0.00000 0.00029 0.01196 0.15269 0.70791 0.12715 ( 5)  0.363
 421 F   0.26642 0.26101 0.23454 0.16987 0.06559 0.00257 ( 1)  0.048
 422 R   0.28368 0.27603 0.23944 0.15595 0.04423 0.00068 ( 1)  0.038
 423 E   0.28129 0.27398 0.23891 0.15808 0.04692 0.00082 ( 1)  0.039
 424 N   0.00000 0.00001 0.00291 0.08127 0.65535 0.26045 ( 5)  0.473
 425 R   0.29433 0.28503 0.24119 0.14583 0.03335 0.00027 ( 1)  0.033
 426 K   0.00091 0.04061 0.20854 0.43920 0.30348 0.00726 ( 4)  0.152
 427 K   0.00081 0.03632 0.18978 0.42110 0.33890 0.01308 ( 4)  0.166
 428 N   0.29257 0.28356 0.24097 0.14758 0.03500 0.00031 ( 1)  0.034
 429 A   0.00000 0.00000 0.00000 0.00000 0.00460 0.99540 ( 6)  0.997
 430 E   0.00092 0.04082 0.20950 0.44043 0.30157 0.00676 ( 4)  0.151
 431 E   0.29135 0.28253 0.24078 0.14875 0.03624 0.00036 ( 1)  0.035
 432 E   0.28232 0.27487 0.23914 0.15716 0.04576 0.00076 ( 1)  0.039
 433 D   0.29054 0.28186 0.24073 0.14960 0.03691 0.00036 ( 1)  0.035
 434 K   0.00000 0.00084 0.02703 0.22183 0.63745 0.11286 ( 5)  0.334
 435 E   0.29640 0.28675 0.24143 0.14377 0.03143 0.00022 ( 1)  0.032
 436 V   0.26142 0.25655 0.23263 0.17314 0.07253 0.00373 ( 1)  0.051
 437 R   0.00000 0.00043 0.01459 0.13534 0.55540 0.29423 ( 5)  0.481
 438 E   0.00071 0.03171 0.16899 0.39772 0.37797 0.02291 ( 4)  0.185
 439 A   0.27736 0.27060 0.23797 0.16149 0.05148 0.00110 ( 1)  0.041
 440 M   0.00102 0.04536 0.22876 0.45592 0.26553 0.00340 ( 4)  0.138
 441 A   0.00000 0.00000 0.00002 0.00271 0.11927 0.87800 ( 6)  0.915
 442 R   0.28671 0.27861 0.24001 0.15316 0.04099 0.00053 ( 1)  0.037
 443 A   0.25919 0.25456 0.23176 0.17458 0.07566 0.00425 ( 1)  0.053
 444 K   0.00087 0.03883 0.20086 0.43232 0.31795 0.00916 ( 4)  0.157
 445 A   0.25320 0.24915 0.22912 0.17789 0.08431 0.00633 ( 1)  0.058
 446 N   0.00000 0.00000 0.00003 0.00383 0.15408 0.84206 ( 6)  0.890
 447 R   0.28514 0.27726 0.23966 0.15454 0.04276 0.00064 ( 1)  0.037
 448 S   0.00047 0.02122 0.11828 0.31864 0.44920 0.09219 ( 5)  0.267
 449 E   0.00000 0.00000 0.00012 0.01192 0.33677 0.65120 ( 6)  0.757
 450 D   0.00000 0.00002 0.00301 0.08345 0.66009 0.25344 ( 5)  0.467
 451 A   0.00000 0.00001 0.00220 0.06430 0.58845 0.34503 ( 5)  0.535
 452 V   0.00000 0.00001 0.00121 0.03817 0.43694 0.52367 ( 6)  0.663
 453 L   0.00044 0.01979 0.11100 0.30455 0.45333 0.11089 ( 5)  0.286
 454 V   0.00000 0.00000 0.00000 0.00032 0.04271 0.95698 ( 6)  0.970
 455 A   0.00000 0.00000 0.00000 0.00048 0.05822 0.94130 ( 6)  0.959
 456 A   0.24451 0.24123 0.22485 0.18182 0.09704 0.01055 ( 1)  0.066
 457 S   0.24048 0.23751 0.22266 0.18320 0.10293 0.01322 ( 1)  0.071
 458 S   0.29020 0.28158 0.24067 0.14992 0.03727 0.00037 ( 1)  0.035
 459 D   0.29112 0.28236 0.24082 0.14904 0.03632 0.00034 ( 1)  0.035
 460 E   0.00091 0.04074 0.20915 0.44011 0.30224 0.00685 ( 4)  0.151
 461 D   0.00000 0.00113 0.03577 0.27248 0.63148 0.05914 ( 5)  0.284
 462 S   0.00000 0.00000 0.00000 0.00001 0.00626 0.99372 ( 6)  0.996
 463 M   0.30244 0.29176 0.24195 0.13759 0.02615 0.00011 ( 1)  0.030
 464 D   0.28987 0.28129 0.24062 0.15024 0.03760 0.00038 ( 1)  0.035
 465 M   0.00000 0.00000 0.00000 0.00000 0.00102 0.99898 ( 6)  0.999
 466 E   0.00000 0.00001 0.00160 0.04877 0.50534 0.44428 ( 5)  0.606
 467 M   0.00000 0.00000 0.00000 0.00000 0.00108 0.99892 ( 6)  0.999
 468 I   0.00000 0.00000 0.00004 0.00490 0.20577 0.78929 ( 6)  0.854
 469 D   0.00082 0.03680 0.19204 0.42432 0.33480 0.01123 ( 4)  0.163
 470 P   0.00047 0.02146 0.11947 0.32064 0.44765 0.09031 ( 5)  0.265
 471 S   0.00000 0.00002 0.00322 0.08837 0.67728 0.23112 ( 5)  0.451
 472 E   0.00081 0.03601 0.18848 0.42037 0.34156 0.01278 ( 4)  0.166
 473 G   0.00000 0.00000 0.00000 0.00008 0.01641 0.98351 ( 6)  0.989
 474 L   0.00000 0.00000 0.00000 0.00038 0.04892 0.95070 ( 6)  0.966
 475 S   0.00042 0.01891 0.10647 0.29564 0.45537 0.12320 ( 5)  0.297
 476 A   0.00000 0.00000 0.00005 0.00511 0.18912 0.80572 ( 6)  0.865
 477 T   0.28305 0.27549 0.23933 0.15655 0.04489 0.00070 ( 1)  0.038
 478 L   0.00000 0.00000 0.00000 0.00000 0.00329 0.99671 ( 6)  0.998
 479 S   0.00000 0.00000 0.00000 0.00001 0.00776 0.99224 ( 6)  0.995
 480 R   0.24321 0.24002 0.22411 0.18219 0.09894 0.01153 ( 1)  0.068
 481 G   0.28357 0.27594 0.23941 0.15605 0.04435 0.00068 ( 1)  0.038
 482 R   0.28378 0.27612 0.23947 0.15588 0.04409 0.00066 ( 1)  0.038
 483 G   0.27368 0.26739 0.23691 0.16443 0.05609 0.00150 ( 1)  0.043
 484 R   0.00000 0.00022 0.00767 0.07709 0.40482 0.51020 ( 6)  0.644
 485 A   0.00000 0.00000 0.00100 0.03187 0.38630 0.58083 ( 6)  0.704
 486 R   0.29433 0.28503 0.24119 0.14583 0.03335 0.00027 ( 1)  0.033
 487 G   0.27341 0.26715 0.23683 0.16465 0.05643 0.00153 ( 1)  0.043
 488 R   0.28388 0.27620 0.23948 0.15576 0.04401 0.00067 ( 1)  0.038
 489 R   0.29433 0.28503 0.24119 0.14583 0.03335 0.00027 ( 1)  0.033
 490 G   0.27364 0.26735 0.23689 0.16447 0.05614 0.00151 ( 1)  0.043
 491 A   0.27644 0.26980 0.23772 0.16225 0.05261 0.00118 ( 1)  0.042
 492 K   0.00088 0.03920 0.20247 0.43403 0.31489 0.00854 ( 4)  0.156
 493 G   0.28192 0.27452 0.23904 0.15751 0.04622 0.00079 ( 1)  0.039
 494 Q   0.26310 0.25805 0.23331 0.17211 0.07017 0.00327 ( 1)  0.050
 495 N   0.00000 0.00000 0.00025 0.02330 0.51816 0.45829 ( 5)  0.622
 496 S   0.00000 0.00035 0.01184 0.11325 0.50950 0.36506 ( 5)  0.535
 497 T   0.00000 0.00000 0.00000 0.00175 0.15170 0.84655 ( 6)  0.894
 498 A   0.00000 0.00001 0.00190 0.05666 0.55125 0.39017 ( 5)  0.567
 499 R   0.29422 0.28493 0.24117 0.14594 0.03346 0.00027 ( 1)  0.033
 500 G   0.27585 0.26928 0.23751 0.16266 0.05341 0.00128 ( 1)  0.042
 501 S   0.00045 0.02027 0.11341 0.30905 0.45146 0.10536 ( 5)  0.280
 502 S   0.25717 0.25274 0.23090 0.17578 0.07855 0.00486 ( 1)  0.055
 503 R   0.00000 0.00000 0.00000 0.00003 0.01081 0.98915 ( 6)  0.993
 504 R   0.28605 0.27805 0.23993 0.15382 0.04161 0.00054 ( 1)  0.037
 505 G   0.00000 0.00090 0.02895 0.23363 0.63933 0.09720 ( 5)  0.320
 506 R   0.00089 0.03950 0.20381 0.43529 0.31235 0.00816 ( 4)  0.155
 507 G   0.28316 0.27558 0.23932 0.15641 0.04483 0.00071 ( 1)  0.038
 508 S   0.00000 0.00000 0.00000 0.00007 0.02407 0.97586 ( 6)  0.983
 509 T   0.00056 0.02521 0.13812 0.35332 0.42808 0.05472 ( 5)  0.227
 510 S   0.00000 0.00035 0.01197 0.11869 0.55395 0.31504 ( 5)  0.500
 511 Q   0.00000 0.00044 0.01476 0.13665 0.55756 0.29059 ( 5)  0.478
 512 E   0.00072 0.03208 0.17066 0.39963 0.37479 0.02213 ( 4)  0.184
 513 S   0.25450 0.25033 0.22968 0.17715 0.08243 0.00591 ( 1)  0.057
 514 A   0.00050 0.02274 0.12593 0.33262 0.44255 0.07565 ( 5)  0.250
 515 S   0.00000 0.00000 0.00090 0.02931 0.36934 0.60045 ( 6)  0.718
 516 S   0.00000 0.00001 0.00124 0.03899 0.44157 0.51819 ( 6)  0.660
 517 S   0.27116 0.26518 0.23615 0.16643 0.05929 0.00179 ( 1)  0.045
 518 R   0.29081 0.28207 0.24067 0.14924 0.03684 0.00038 ( 1)  0.035
 519 I   0.00000 0.00000 0.00068 0.02264 0.31007 0.66661 ( 6)  0.765
 520 Y   0.00039 0.01788 0.10106 0.28411 0.45482 0.14174 ( 5)  0.315
 521 K   0.28348 0.27585 0.23934 0.15608 0.04454 0.00071 ( 1)  0.038
 522 P   0.00026 0.01164 0.06768 0.20707 0.42476 0.28859 ( 5)  0.443
 523 V   0.24806 0.24447 0.22661 0.18026 0.09183 0.00877 ( 1)  0.063
 524 S   0.00046 0.02073 0.11579 0.31389 0.45084 0.09830 ( 5)  0.273
 525 V   0.00000 0.00000 0.00092 0.02981 0.37349 0.59578 ( 6)  0.715
 526 P   0.00000 0.00028 0.00972 0.09565 0.46741 0.42694 ( 5)  0.582
 527 S   0.00000 0.00000 0.00000 0.00023 0.03400 0.96577 ( 6)  0.976
 528 K   0.28272 0.27520 0.23919 0.15676 0.04538 0.00076 ( 1)  0.039
 529 N   0.00058 0.02607 0.14392 0.37144 0.42551 0.03248 ( 5)  0.206
 530 M   0.00000 0.00000 0.00000 0.00013 0.04078 0.95909 ( 6)  0.972
 531 S   0.00000 0.00033 0.01115 0.10768 0.49734 0.38351 ( 5)  0.549
 532 I   0.25654 0.25216 0.23057 0.17602 0.07949 0.00521 ( 1)  0.055
 533 I   0.00000 0.00000 0.00000 0.00000 0.00744 0.99255 ( 6)  0.995
 534 D   0.28848 0.28013 0.24039 0.15156 0.03901 0.00043 ( 1)  0.036
 535 A   0.00036 0.01635 0.09307 0.26719 0.45417 0.16886 ( 5)  0.340
 536 F   0.27049 0.26459 0.23594 0.16693 0.06016 0.00189 ( 1)  0.045
 537 R   0.00000 0.00000 0.00000 0.00002 0.01446 0.98553 ( 6)  0.990
 538 P   0.00000 0.00000 0.00063 0.02119 0.29824 0.67995 ( 6)  0.775
 539 L   0.00000 0.00023 0.00808 0.08132 0.42442 0.48594 ( 6)  0.626
 540 K   0.29804 0.28811 0.24152 0.14204 0.03009 0.00020 ( 1)  0.032
 541 P   0.00000 0.00000 0.00000 0.00055 0.06452 0.93494 ( 6)  0.955
 542 N   0.00000 0.00000 0.00000 0.00001 0.00805 0.99194 ( 6)  0.994
 543 P   0.00000 0.00000 0.00000 0.00000 0.00224 0.99776 ( 6)  0.998
 544 S   0.00000 0.00000 0.00035 0.01259 0.20763 0.77942 ( 6)  0.845
 545 L   0.00000 0.00000 0.00000 0.00001 0.00357 0.99643 ( 6)  0.998
 546 N   0.00081 0.03631 0.18987 0.42202 0.33888 0.01211 ( 4)  0.165
 547 S   0.00000 0.00000 0.00064 0.02140 0.29921 0.67875 ( 6)  0.774
 548 S   0.00000 0.00034 0.01170 0.11222 0.50847 0.36727 ( 5)  0.537
 549 Q   0.00000 0.00091 0.02919 0.23410 0.63382 0.10197 ( 5)  0.323
 550 A   0.00000 0.00000 0.00062 0.02088 0.29526 0.68325 ( 6)  0.777
 551 Y   0.00000 0.00000 0.00002 0.00185 0.08976 0.90837 ( 6)  0.936
 552 S   0.25453 0.25036 0.22974 0.17722 0.08235 0.00579 ( 1)  0.057
 553 E   0.27915 0.27214 0.23839 0.15991 0.04942 0.00098 ( 1)  0.040
 554 D   0.00000 0.00100 0.03179 0.25062 0.63937 0.07721 ( 5)  0.302
 555 I   0.27372 0.26741 0.23689 0.16438 0.05608 0.00152 ( 1)  0.043
 556 I   0.00000 0.00002 0.00468 0.11933 0.73918 0.13678 ( 5)  0.379
 557 D   0.28920 0.28073 0.24052 0.15088 0.03826 0.00040 ( 1)  0.035
 558 V   0.00000 0.00000 0.00000 0.00009 0.02984 0.97007 ( 6)  0.979
 559 D   0.00069 0.03096 0.16556 0.39356 0.38438 0.02486 ( 4)  0.188
 560 S   0.00000 0.00028 0.00950 0.09379 0.46202 0.43442 ( 5)  0.588
 561 D   0.28920 0.28073 0.24052 0.15088 0.03826 0.00040 ( 1)  0.035
 562 P   0.00000 0.00000 0.00000 0.00020 0.03047 0.96933 ( 6)  0.979
 563 E   0.29441 0.28510 0.24120 0.14575 0.03327 0.00026 ( 1)  0.033
 564 D   0.00000 0.00000 0.00000 0.00146 0.13313 0.86541 ( 6)  0.907
 565 T   0.00000 0.00000 0.00000 0.00003 0.01188 0.98810 ( 6)  0.992
 566 S   0.00000 0.00000 0.00000 0.00002 0.01075 0.98922 ( 6)  0.993
 567 F   0.00000 0.00000 0.00003 0.00396 0.15994 0.83607 ( 6)  0.886
 568 V   0.00000 0.00000 0.00000 0.00000 0.00139 0.99861 ( 6)  0.999
 569 P   0.00000 0.00030 0.01014 0.09929 0.47718 0.41309 ( 5)  0.572
 570 S   0.00045 0.02052 0.11473 0.31185 0.45148 0.10097 ( 5)  0.276
 571 S   0.23959 0.23669 0.22216 0.18348 0.10423 0.01385 ( 1)  0.072
 572 K   0.29814 0.28818 0.24153 0.14195 0.03000 0.00020 ( 1)  0.032
 573 G   0.00000 0.00000 0.00000 0.00000 0.00003 0.99997 ( 6)  1.000
 574 N   0.00000 0.00109 0.03445 0.26543 0.63477 0.06426 ( 5)  0.289
 575 Q   0.00050 0.02255 0.12494 0.33070 0.44312 0.07820 ( 5)  0.253
 576 R   0.28191 0.27451 0.23906 0.15754 0.04620 0.00078 ( 1)  0.039
 577 L   0.00000 0.00000 0.00001 0.00183 0.08920 0.90896 ( 6)  0.937
 578 S   0.00000 0.00034 0.01175 0.11248 0.50780 0.36763 ( 5)  0.537
 579 T   0.00000 0.00000 0.00004 0.00470 0.17792 0.81733 ( 6)  0.873
 580 S   0.00046 0.02089 0.11658 0.31542 0.45040 0.09625 ( 5)  0.271
 581 S   0.25336 0.24930 0.22916 0.17774 0.08408 0.00636 ( 1)  0.058
 582 S   0.00000 0.00102 0.03252 0.25492 0.63914 0.07240 ( 5)  0.298
 583 K   0.29790 0.28798 0.24150 0.14220 0.03022 0.00020 ( 1)  0.032
 584 R   0.28980 0.28123 0.24054 0.15023 0.03779 0.00041 ( 1)  0.035
 585 G   0.00000 0.00000 0.00007 0.00789 0.25652 0.73551 ( 6)  0.816
 586 S   0.25360 0.24951 0.22927 0.17762 0.08374 0.00626 ( 1)  0.058
 587 Q   0.00051 0.02309 0.12764 0.33552 0.44045 0.07279 ( 5)  0.247
 588 S   0.00062 0.02778 0.15056 0.37275 0.40998 0.03831 ( 5)  0.207
 589 Q   0.26129 0.25644 0.23259 0.17326 0.07270 0.00372 ( 1)  0.051
 590 S   0.00044 0.02008 0.11248 0.30742 0.45239 0.10718 ( 5)  0.282
 591 R   0.00000 0.00111 0.03503 0.26841 0.63274 0.06271 ( 5)  0.287
 592 G   0.28177 0.27439 0.23900 0.15764 0.04640 0.00080 ( 1)  0.039
 593 V   0.26564 0.26031 0.23424 0.17037 0.06669 0.00275 ( 1)  0.048
 594 D   0.28861 0.28023 0.24041 0.15143 0.03889 0.00043 ( 1)  0.036
 595 F   0.27014 0.26429 0.23582 0.16718 0.06062 0.00195 ( 1)  0.045
 596 E   0.00000 0.00075 0.02431 0.20461 0.63209 0.13825 ( 5)  0.356
 597 S   0.25355 0.24947 0.22925 0.17765 0.08380 0.00628 ( 1)  0.058
 598 D   0.28883 0.28042 0.24045 0.15122 0.03865 0.00042 ( 1)  0.036
 599 E   0.27915 0.27214 0.23839 0.15991 0.04942 0.00098 ( 1)  0.040
 600 D   0.00079 0.03526 0.18517 0.41697 0.34788 0.01393 ( 4)  0.169
 601 A   0.00049 0.02237 0.12406 0.32932 0.44449 0.07928 ( 5)  0.254
 602 F   0.25441 0.25026 0.22970 0.17730 0.08252 0.00580 ( 1)  0.057
 603 M   0.00000 0.00000 0.00000 0.00140 0.13113 0.86746 ( 6)  0.908
 604 T   0.00000 0.00000 0.00000 0.00007 0.02388 0.97605 ( 6)  0.983
 605 P   0.00000 0.00000 0.00000 0.00034 0.04496 0.95470 ( 6)  0.969
 606 A   0.00000 0.00060 0.01980 0.17398 0.60921 0.19642 ( 5)  0.404
 607 T   0.00064 0.02863 0.15457 0.37825 0.40292 0.03499 ( 5)  0.203
 608 S   0.25238 0.24840 0.22870 0.17824 0.08551 0.00677 ( 1)  0.059
 609 R   0.27749 0.27066 0.23779 0.16109 0.05170 0.00127 ( 1)  0.041

Positively selected sites

	Prob(w>1)  mean w



lnL = -10393.621201

