

TREE # 1

  0  0.0000  11264.475022  x:  0.03516   0.02489   0.06417   0.01058   0.02407   0.06883   0.06731   0.06659   0.06138   0.09312   0.02229   0.05865   0.03215   0.07096   0.09268   0.10719   0.06719   0.09331   0.05831   0.05745   0.07359   0.07963   0.01837   0.01227   0.03971   0.03858   0.09949   0.06089   0.09435   0.01457   0.03595   0.07717   0.07489   0.03102   0.06432   0.03575   0.03390   0.01641   0.04958   0.06942   0.08909   0.07396   0.03499   0.06629   0.09616   0.03085   0.08289   0.08014   0.09932   0.07805   0.04858   0.10241   0.08911   2.00000   0.90000   0.96565   1.94530  
  1 99.0000  10889.153513  x:  0.01886   0.02554   0.06663   0.09091   0.01612   0.06411   0.06421   0.05347   0.11891   0.09902   0.03225   0.09995   0.03131   0.07354   0.08916   0.10153   0.09073   0.09180   0.05058   0.06953   0.06225   0.07743   0.02967   0.04294   0.03622   0.10232   0.10310   0.04786   0.10097   0.00297   0.02611   0.07200   0.08176   0.11262   0.07025   0.04549   0.05647   0.00000   0.03566   0.06019   0.07442   0.06074   0.02991   0.05922   0.07925   0.03407   0.07848   0.07515   0.08427   0.06489   0.04196   0.09216   0.08489   2.00362   0.90801   0.95582   1.94855  
  2 4597.3414  10865.999945  x:  0.01550   0.02528   0.06685   0.08715   0.01419   0.06321   0.06404   0.05029   0.12286   0.09954   0.03207   0.10307   0.03080   0.07408   0.08850   0.10025   0.09290   0.09145   0.04904   0.07114   0.05981   0.07696   0.02974   0.04109   0.03568   0.10414   0.10368   0.04484   0.10200   0.00000   0.02413   0.07101   0.08293   0.11256   0.07071   0.04624   0.05740   0.00000   0.03303   0.05851   0.07139   0.05815   0.02951   0.05807   0.07558   0.03444   0.07771   0.07442   0.08111   0.06228   0.04108   0.09015   0.08421   2.00438   0.90924   0.95367   1.94920  
  3 1979.4207  10796.960200  x:  0.00000   0.02552   0.06567   0.08125   0.02169   0.06036   0.06552   0.02825   0.12185   0.09594   0.02530   0.09978   0.02773   0.07395   0.08501   0.09344   0.09218   0.08821   0.04223   0.06940   0.04582   0.07441   0.02970   0.04545   0.03676   0.10500   0.10521   0.03109   0.10397   0.00000   0.02316   0.06717   0.08189   0.11944   0.06993   0.04129   0.05389   0.00000   0.02576   0.05310   0.05428   0.04629   0.03130   0.05485   0.05084   0.03144   0.07404   0.07155   0.06207   0.04957   0.04233   0.08015   0.08115   2.00943   0.92089   0.93999   1.95371  
  4 2342.9852  10738.283110  x:  0.00000   0.02419   0.06331   0.08289   0.02357   0.05795   0.07085   0.00000   0.12295   0.08723   0.02398   0.09850   0.02935   0.07219   0.08184   0.08627   0.08884   0.08514   0.03952   0.06934   0.03446   0.07180   0.02887   0.04365   0.03345   0.10274   0.10167   0.01884   0.10167   0.00000   0.02258   0.06476   0.07874   0.11928   0.06806   0.04614   0.05630   0.00000   0.03353   0.05124   0.03843   0.03944   0.02857   0.05276   0.01845   0.03595   0.07149   0.06692   0.04196   0.04091   0.04623   0.07190   0.07828   2.01586   0.93881   0.92305   1.95970  
  5 3759.0306  10723.828402  x:  0.00000   0.02342   0.06260   0.08514   0.02233   0.05751   0.07278   0.00000   0.12640   0.08368   0.02129   0.10001   0.02776   0.07165   0.07962   0.08279   0.08910   0.08415   0.04033   0.07033   0.03399   0.07090   0.02975   0.04135   0.03413   0.10311   0.09849   0.01859   0.09957   0.00000   0.02199   0.06403   0.07861   0.11640   0.06744   0.04147   0.05404   0.00000   0.03332   0.05116   0.03651   0.04091   0.02958   0.05227   0.00000   0.03030   0.07016   0.06598   0.03636   0.04190   0.04322   0.06996   0.07706   2.02004   0.94888   0.91186   1.96368  
  6 1421.6033  10703.059713  x:  0.00000   0.02084   0.05984   0.09301   0.01856   0.05571   0.08013   0.00000   0.13717   0.07060   0.01282   0.10435   0.02344   0.06952   0.07212   0.07060   0.08899   0.08047   0.04259   0.07329   0.03062   0.06761   0.03208   0.03366   0.03525   0.10358   0.08765   0.01575   0.09234   0.00000   0.02016   0.06140   0.07742   0.10712   0.06506   0.02894   0.04797   0.00000   0.03503   0.05079   0.02779   0.04452   0.03215   0.05054   0.00105   0.01504   0.06572   0.06210   0.01535   0.04364   0.03485   0.06253   0.07274   2.03446   0.98395   0.87335   1.97738  
  7 1130.1171  10693.407607  x:  0.00000   0.02306   0.05888   0.09532   0.01811   0.05447   0.08470   0.00000   0.14207   0.06364   0.00341   0.10507   0.01917   0.06908   0.06716   0.06320   0.08976   0.07792   0.04284   0.07308   0.03014   0.06557   0.03205   0.03315   0.03742   0.10469   0.08291   0.01740   0.08911   0.00000   0.01970   0.05932   0.07761   0.10335   0.06395   0.02668   0.04361   0.00000   0.02814   0.04935   0.02671   0.04680   0.03509   0.04880   0.00104   0.02794   0.06312   0.06124   0.01521   0.04570   0.02917   0.05859   0.07013   2.04605   0.99999   0.84183   1.98801  
  8 954.3004  10664.206930  x:  0.00000   0.02830   0.05640   0.09823   0.02023   0.04993   0.10434   0.00000   0.15320   0.03982   0.01726   0.10393   0.01465   0.06871   0.05363   0.04089   0.09001   0.06925   0.04152   0.06938   0.02664   0.05932   0.02924   0.03553   0.04148   0.10524   0.07185   0.02063   0.08092   0.00000   0.02009   0.05272   0.07704   0.09430   0.06059   0.03786   0.03947   0.00000   0.00583   0.04368   0.02381   0.05085   0.03926   0.04347   0.00110   0.02824   0.05516   0.05904   0.02320   0.04937   0.02352   0.04626   0.06241   2.09023   0.99380   0.72173   2.02666  
  9 977.8189  10634.958656  x:  0.02681   0.03072   0.05465   0.09632   0.02209   0.04330   0.13044   0.00000   0.17020   0.02553   0.00983   0.10553   0.00813   0.07010   0.03808   0.01545   0.09400   0.05843   0.03745   0.06597   0.02274   0.05203   0.02652   0.03792   0.04524   0.11002   0.06252   0.02375   0.07415   0.00000   0.01828   0.04407   0.07837   0.08732   0.05786   0.04143   0.04046   0.00000   0.00696   0.03503   0.02329   0.05360   0.04349   0.03636   0.00120   0.02713   0.04602   0.05725   0.03334   0.05225   0.02178   0.03216   0.05308   2.16183   0.97043   0.52517   2.08886  
 10 3622.1350  10590.106098  x:  0.01717   0.02813   0.05380   0.09369   0.02259   0.04119   0.14677   0.00000   0.17893   0.03293   0.00000   0.10770   0.00812   0.07106   0.03616   0.01847   0.09632   0.05419   0.03491   0.06504   0.02124   0.04953   0.02604   0.03686   0.04416   0.11301   0.06084   0.02355   0.07244   0.00000   0.01654   0.04134   0.07838   0.08623   0.05682   0.03965   0.04325   0.00000   0.01033   0.03187   0.02368   0.05352   0.04242   0.03418   0.00125   0.02642   0.04404   0.05680   0.03555   0.05225   0.02324   0.03034   0.05005   2.21269   0.95737   0.38442   2.13282  
 11 4623.5384  10567.194185  x:  0.01443   0.02533   0.05337   0.08889   0.02342   0.03947   0.15916   0.00000   0.18541   0.04162   0.00785   0.10943   0.00776   0.07213   0.03621   0.02174   0.09902   0.05128   0.03202   0.06427   0.02060   0.04794   0.02634   0.03612   0.04391   0.11625   0.06129   0.02349   0.07237   0.00000   0.01455   0.03936   0.07887   0.08692   0.05628   0.02966   0.04273   0.00000   0.01449   0.02911   0.02496   0.05253   0.04258   0.03262   0.00130   0.03157   0.04297   0.05690   0.03632   0.05165   0.02258   0.03032   0.04812   2.26068   0.95093   0.25171   2.17424  
 12 14427.0474  10557.977292  x:  0.01294   0.02235   0.05298   0.08770   0.01572   0.03880   0.15189   0.00000   0.18310   0.02868   0.00578   0.11110   0.00647   0.07054   0.04326   0.01623   0.09856   0.05594   0.03188   0.06580   0.02392   0.05030   0.02652   0.03210   0.03883   0.11723   0.06542   0.02165   0.07494   0.00000   0.01210   0.04291   0.07756   0.09249   0.05650   0.02452   0.03914   0.00000   0.01262   0.03235   0.02678   0.04900   0.03740   0.03495   0.00130   0.03505   0.04632   0.05508   0.03084   0.04881   0.01847   0.03795   0.05194   2.28071   0.94264   0.20972   2.18966  
 13 880.3906  10554.800859  x:  0.01346   0.02374   0.05247   0.08823   0.01212   0.03941   0.14276   0.00000   0.18099   0.03003   0.00616   0.11190   0.00089   0.06902   0.04104   0.01678   0.09818   0.05734   0.03205   0.06574   0.02565   0.05038   0.02622   0.03084   0.03709   0.11783   0.06527   0.02255   0.07476   0.00000   0.01251   0.04303   0.07677   0.09290   0.05611   0.02734   0.03769   0.00000   0.01161   0.03254   0.02793   0.04754   0.03563   0.03478   0.00130   0.03513   0.04574   0.05401   0.02760   0.04798   0.01894   0.03703   0.05239   2.29008   0.94136   0.20195   2.19589  
 14 351.8629  10549.060587  x:  0.01557   0.02769   0.05123   0.08901   0.00411   0.04073   0.11657   0.00000   0.17632   0.03325   0.00580   0.11461   0.00661   0.06545   0.03468   0.01792   0.09786   0.05981   0.03201   0.06510   0.02957   0.04979   0.02538   0.02878   0.03402   0.11996   0.06428   0.02601   0.07378   0.00000   0.01348   0.04205   0.07531   0.09279   0.05500   0.03196   0.03442   0.00000   0.00754   0.03163   0.03082   0.04377   0.03256   0.03339   0.00128   0.03533   0.04297   0.05158   0.02074   0.04612   0.01920   0.03239   0.05235   2.31531   0.93900   0.18625   2.21232  
 15 1235.6509  10540.657665  x:  0.00974   0.02705   0.05042   0.08795   0.01070   0.04062   0.07657   0.00000   0.17631   0.03114   0.00598   0.12092   0.00674   0.06228   0.03323   0.01790   0.10022   0.05949   0.03050   0.06566   0.03107   0.04757   0.02451   0.02621   0.03149   0.12371   0.06352   0.03141   0.07164   0.00000   0.01082   0.03886   0.07546   0.08830   0.05398   0.02992   0.04168   0.00000   0.01231   0.02876   0.03122   0.03830   0.03002   0.03080   0.00132   0.03703   0.03982   0.04933   0.01950   0.04324   0.01611   0.02787   0.04971   2.35244   0.93460   0.18112   2.23525  
 16 745.1589  10534.027696  x:  0.00823   0.02230   0.05072   0.08637   0.00405   0.03844   0.05653   0.00000   0.18142   0.03221   0.00605   0.12387   0.00598   0.06269   0.03939   0.01500   0.10296   0.05518   0.02871   0.06613   0.02684   0.04596   0.02541   0.02882   0.03302   0.12548   0.06161   0.03160   0.07003   0.00000   0.01119   0.03806   0.07644   0.08464   0.05399   0.02827   0.04191   0.00000   0.01179   0.02793   0.02673   0.03544   0.03079   0.03129   0.00135   0.03694   0.04085   0.04897   0.02505   0.04090   0.02640   0.03213   0.04717   2.38887   0.93483   0.18416   2.25759  
 17 580.8376  10516.565451  x:  0.01567   0.01843   0.05244   0.07965   0.00083   0.03791   0.04545   0.00000   0.19600   0.03260   0.00640   0.12805   0.00557   0.06542   0.04647   0.02557   0.11139   0.04946   0.02714   0.06961   0.01599   0.04670   0.02607   0.02752   0.03368   0.12865   0.06473   0.02754   0.07092   0.00000   0.01252   0.04169   0.07884   0.08357   0.05534   0.03746   0.03548   0.00000   0.00940   0.03173   0.01681   0.03083   0.03043   0.03439   0.00141   0.03593   0.04618   0.04815   0.03122   0.03458   0.01110   0.03780   0.04746   2.48780   0.93293   0.19973   2.31784  
 18 775.2979  10499.900584  x:  0.02185   0.02039   0.05417   0.07057   0.01060   0.04004   0.04482   0.00000   0.21149   0.03373   0.00656   0.13647   0.00614   0.06740   0.04839   0.02708   0.12021   0.05196   0.02835   0.07649   0.01503   0.05007   0.02663   0.01974   0.03069   0.13256   0.07071   0.02344   0.07498   0.00000   0.00982   0.04582   0.08183   0.08551   0.05743   0.04140   0.03312   0.00000   0.00141   0.03514   0.01758   0.02785   0.02725   0.03615   0.00146   0.03652   0.04989   0.04776   0.02968   0.02973   0.01598   0.04196   0.05186   2.58543   0.93261   0.21937   2.37675  
 19 2593.8037  10475.090802  x:  0.01396   0.03284   0.05780   0.04405   0.01083   0.04447   0.04919   0.00000   0.23671   0.03559   0.00771   0.15143   0.00680   0.07155   0.04393   0.01951   0.13810   0.06224   0.02818   0.08752   0.01918   0.05702   0.02716   0.01660   0.02991   0.14244   0.08506   0.01422   0.08813   0.00000   0.00516   0.05072   0.08954   0.09721   0.06241   0.04245   0.02358   0.00000   0.01097   0.03692   0.02587   0.02000   0.02815   0.03624   0.00153   0.03876   0.05208   0.04999   0.02597   0.01996   0.02082   0.04297   0.06104   2.76328   0.92951   0.27450   2.48192  
 20 5339.9859  10460.806904  x:  0.01230   0.03520   0.05885   0.03019   0.00267   0.04631   0.05609   0.00000   0.24431   0.03695   0.00830   0.15802   0.00550   0.07275   0.04230   0.01612   0.14500   0.06988   0.02737   0.09174   0.02324   0.05996   0.02663   0.02160   0.02883   0.14504   0.09197   0.00918   0.09574   0.00000   0.01023   0.05163   0.09269   0.10126   0.06495   0.03602   0.04021   0.00000   0.00794   0.03536   0.03011   0.01879   0.02751   0.03531   0.00152   0.04172   0.05139   0.05148   0.01840   0.01937   0.01908   0.04098   0.06508   2.85491   0.92698   0.30217   2.53591  
 21 3525.9313  10457.998969  x:  0.01184   0.03196   0.05912   0.03237   0.00000   0.04534   0.05978   0.00000   0.24274   0.03736   0.00844   0.16065   0.00477   0.07298   0.04373   0.01701   0.14608   0.07318   0.02449   0.09184   0.02346   0.05931   0.02598   0.02085   0.02855   0.14467   0.09388   0.01107   0.09948   0.00000   0.00547   0.04881   0.09373   0.09970   0.06619   0.03330   0.03939   0.00000   0.00709   0.03161   0.02860   0.01956   0.02713   0.03387   0.00153   0.04435   0.04928   0.05187   0.01462   0.02208   0.01947   0.03820   0.06449   2.87235   0.92324   0.30841   2.54565  
 22 628.8171  10456.618618  x:  0.01137   0.02817   0.05934   0.03297   0.00073   0.04406   0.06154   0.00000   0.24150   0.03846   0.00846   0.16503   0.00464   0.07305   0.04554   0.01578   0.14728   0.07700   0.02197   0.09248   0.02457   0.05871   0.02622   0.02165   0.02840   0.14489   0.09449   0.01215   0.10321   0.00000   0.00874   0.04694   0.09510   0.09791   0.06754   0.03374   0.03689   0.00000   0.00718   0.02889   0.02696   0.02051   0.02671   0.03334   0.00154   0.04586   0.04777   0.05187   0.01160   0.02459   0.01908   0.03780   0.06387   2.88169   0.92131   0.31164   2.55046  
 23 550.4968  10455.823977  x:  0.01182   0.02579   0.05912   0.03362   0.00089   0.04283   0.06301   0.00000   0.23653   0.03798   0.00840   0.17091   0.00458   0.07242   0.04510   0.01608   0.14773   0.08291   0.02049   0.09269   0.02597   0.05780   0.02728   0.02195   0.02845   0.14509   0.09448   0.01030   0.10781   0.00000   0.00862   0.04512   0.09609   0.09704   0.06849   0.03463   0.03690   0.00000   0.00713   0.02889   0.02465   0.02040   0.02673   0.03375   0.00156   0.04481   0.04626   0.05152   0.01564   0.02414   0.01913   0.03707   0.06295   2.88759   0.92316   0.31246   2.55269  
 24 186.3426  10455.588627  x:  0.01197   0.02665   0.05917   0.03332   0.00103   0.04218   0.06376   0.00000   0.23374   0.03756   0.00838   0.17459   0.00455   0.07278   0.04532   0.01629   0.14827   0.08426   0.02064   0.09212   0.02488   0.05689   0.02700   0.02248   0.02980   0.14565   0.09356   0.01203   0.10942   0.00000   0.00788   0.04513   0.09689   0.09678   0.06850   0.03541   0.03758   0.00000   0.00714   0.03006   0.02427   0.02078   0.02811   0.03406   0.00155   0.04461   0.04705   0.05190   0.01489   0.02308   0.01931   0.03816   0.06171   2.88967   0.92346   0.31254   2.55270  
 25 90.3888  10455.482173  x:  0.01181   0.02753   0.05927   0.03381   0.00091   0.04197   0.06425   0.00000   0.23170   0.03755   0.00837   0.17704   0.00446   0.07325   0.04529   0.01622   0.14861   0.08387   0.02106   0.09148   0.02345   0.05646   0.02677   0.02126   0.02979   0.14604   0.09280   0.01152   0.10959   0.00000   0.00868   0.04559   0.09734   0.09685   0.06817   0.03469   0.03754   0.00000   0.00716   0.03005   0.02462   0.02064   0.02827   0.03382   0.00155   0.04477   0.04770   0.05224   0.01506   0.02311   0.01933   0.03818   0.06090   2.89089   0.92306   0.31281   2.55204  
 26 61.9871  10455.408414  x:  0.01179   0.02764   0.05933   0.03359   0.00109   0.04211   0.06455   0.00000   0.23006   0.03776   0.00837   0.17913   0.00441   0.07365   0.04533   0.01594   0.14884   0.08289   0.02151   0.09114   0.02279   0.05658   0.02701   0.02206   0.02927   0.14627   0.09205   0.01066   0.10913   0.00000   0.00805   0.04611   0.09753   0.09675   0.06783   0.03459   0.03727   0.00000   0.00711   0.02985   0.02511   0.02072   0.02771   0.03378   0.00155   0.04482   0.04805   0.05234   0.01495   0.02378   0.01911   0.03825   0.06074   2.89207   0.92296   0.31284   2.55105  
 27 56.4644  10455.305569  x:  0.01180   0.02687   0.05938   0.03299   0.00096   0.04271   0.06537   0.00000   0.22807   0.03712   0.00834   0.18157   0.00429   0.07413   0.04532   0.01633   0.14928   0.08051   0.02137   0.09117   0.02297   0.05745   0.02743   0.02219   0.02894   0.14668   0.09198   0.01175   0.10787   0.00000   0.00832   0.04627   0.09758   0.09737   0.06763   0.03451   0.03710   0.00000   0.00715   0.02946   0.02504   0.02027   0.02724   0.03391   0.00155   0.04478   0.04746   0.05214   0.01516   0.02335   0.01944   0.03771   0.06159   2.89443   0.92323   0.31271   2.54849  
 28 39.4246  10455.154226  x:  0.01164   0.02638   0.05953   0.03344   0.00103   0.04269   0.06576   0.00000   0.22606   0.03799   0.00833   0.18329   0.00433   0.07442   0.04560   0.01519   0.14971   0.07782   0.02102   0.09151   0.02421   0.05817   0.02668   0.02143   0.02994   0.14662   0.09298   0.01109   0.10643   0.00000   0.00802   0.04569   0.09736   0.09779   0.06789   0.03494   0.03742   0.00000   0.00709   0.02985   0.02449   0.02079   0.02814   0.03413   0.00155   0.04481   0.04683   0.05196   0.01500   0.02284   0.01904   0.03798   0.06280   2.89852   0.92331   0.31240   2.54351  
 29 54.7207  10454.693873  x:  0.01182   0.02799   0.05951   0.03400   0.00103   0.04130   0.06618   0.00000   0.22526   0.03611   0.00826   0.18473   0.00417   0.07399   0.04532   0.01753   0.15176   0.07507   0.02214   0.09318   0.02582   0.05747   0.02569   0.02249   0.03062   0.14667   0.09602   0.00922   0.10490   0.00000   0.00859   0.04399   0.09694   0.09700   0.06919   0.03473   0.03719   0.00000   0.00725   0.03010   0.02313   0.02079   0.02918   0.03309   0.00154   0.04487   0.04719   0.05183   0.01436   0.02403   0.02017   0.03834   0.06326   2.91250   0.92343   0.31048   2.52631  
 30 81.0112  10452.230187  x:  0.01089   0.03095   0.05828   0.03671   0.00096   0.03744   0.06967   0.00000   0.22488   0.03870   0.00804   0.18327   0.00441   0.07093   0.04460   0.01388   0.15676   0.07052   0.02486   0.09741   0.02331   0.05307   0.02880   0.02355   0.02647   0.14423   0.10520   0.01336   0.10252   0.00000   0.00837   0.04273   0.09335   0.09685   0.07236   0.03432   0.03838   0.00000   0.00761   0.02980   0.01902   0.01800   0.02600   0.03246   0.00155   0.04376   0.05137   0.05170   0.01561   0.02434   0.01973   0.03797   0.06062   2.98801   0.92653   0.30186   2.43147  
 31 351.9930  10445.099217  x:  0.00974   0.02383   0.05577   0.03826   0.00151   0.03891   0.07483   0.00000   0.23152   0.03618   0.00748   0.17560   0.00424   0.06629   0.04504   0.01587   0.16503   0.06696   0.02071   0.10011   0.01071   0.04768   0.03083   0.02169   0.02806   0.14427   0.10975   0.01035   0.10005   0.00000   0.00729   0.04546   0.08668   0.10325   0.07214   0.03609   0.04049   0.00000   0.00862   0.02630   0.02425   0.02745   0.02457   0.03499   0.00155   0.04339   0.04961   0.05086   0.01465   0.02021   0.02237   0.03299   0.05197   3.19963   0.93307   0.27647   2.16564  
 32 1430.0381  10437.001581  x:  0.00915   0.01969   0.05617   0.04192   0.00302   0.04320   0.08282   0.00000   0.24457   0.03674   0.00697   0.16699   0.00393   0.07058   0.04743   0.01815   0.16465   0.06751   0.02098   0.09385   0.01174   0.05176   0.02659   0.01950   0.02876   0.14720   0.09422   0.00800   0.09932   0.00000   0.00487   0.04739   0.08641   0.10660   0.06344   0.03435   0.04286   0.00000   0.00906   0.02875   0.01562   0.01445   0.02693   0.03199   0.00156   0.04475   0.04539   0.05054   0.01320   0.02119   0.02341   0.03188   0.04803   3.42926   0.93580   0.24909   1.87737  
 33 2437.0479  10435.263100  x:  0.00899   0.02329   0.05739   0.04299   0.00330   0.04090   0.08388   0.00000   0.24896   0.03693   0.00682   0.16593   0.00370   0.07416   0.04837   0.01923   0.15945   0.06715   0.02010   0.09050   0.01131   0.05391   0.02696   0.01988   0.02622   0.14809   0.08933   0.00771   0.10059   0.00000   0.00487   0.04377   0.08913   0.10621   0.06210   0.03242   0.04302   0.00000   0.00925   0.02770   0.01212   0.01839   0.02471   0.03108   0.00157   0.04492   0.04606   0.04967   0.01336   0.01699   0.02339   0.03145   0.05295   3.48196   0.93616   0.24282   1.81131  
 34 1249.2299  10434.588977  x:  0.00907   0.02330   0.05811   0.04363   0.00345   0.03762   0.08430   0.00000   0.25127   0.03656   0.00674   0.16617   0.00359   0.07657   0.04873   0.01990   0.15321   0.06591   0.01925   0.08859   0.00987   0.05395   0.02756   0.01973   0.02652   0.14823   0.08883   0.00748   0.10194   0.00000   0.00480   0.04060   0.09133   0.10599   0.06313   0.03297   0.04347   0.00000   0.00927   0.02737   0.01519   0.01618   0.02455   0.03166   0.00156   0.04443   0.04707   0.04886   0.01313   0.01702   0.02321   0.03103   0.05597   3.50252   0.93748   0.24023   1.78586  
 35 536.6217  10434.144292  x:  0.00894   0.02232   0.05822   0.04238   0.00352   0.03627   0.08395   0.00000   0.25364   0.03626   0.00669   0.16772   0.00353   0.07852   0.04740   0.02042   0.14399   0.06420   0.02054   0.08713   0.01039   0.05248   0.02804   0.01896   0.02724   0.14890   0.09061   0.00757   0.10332   0.00000   0.00448   0.04191   0.09325   0.10785   0.06456   0.03311   0.04355   0.00000   0.00932   0.02707   0.01382   0.01692   0.02483   0.03223   0.00156   0.04453   0.04802   0.04886   0.01309   0.01880   0.02349   0.02993   0.05559   3.51528   0.93786   0.23878   1.77028  
 36 214.8870  10433.965402  x:  0.00904   0.02213   0.05797   0.04277   0.00344   0.03709   0.08430   0.00000   0.25515   0.03634   0.00666   0.16930   0.00342   0.07874   0.04708   0.02065   0.13876   0.06351   0.02072   0.08749   0.01061   0.05187   0.02732   0.01970   0.02682   0.14878   0.09205   0.00744   0.10341   0.00000   0.00459   0.04249   0.09364   0.10716   0.06497   0.03261   0.04310   0.00000   0.00918   0.02717   0.01430   0.01670   0.02493   0.03135   0.00156   0.04467   0.04717   0.04910   0.01318   0.01720   0.02328   0.03044   0.05409   3.52002   0.93767   0.23826   1.76490  
 37 124.4698  10433.917791  x:  0.00912   0.02299   0.05783   0.04268   0.00341   0.03784   0.08431   0.00000   0.25558   0.03636   0.00664   0.17002   0.00339   0.07828   0.04743   0.02067   0.13708   0.06370   0.02015   0.08801   0.00995   0.05237   0.02751   0.01972   0.02697   0.14876   0.09260   0.00749   0.10317   0.00000   0.00463   0.04216   0.09329   0.10716   0.06465   0.03254   0.04312   0.00000   0.00918   0.02718   0.01406   0.01663   0.02512   0.03150   0.00156   0.04465   0.04664   0.04928   0.01330   0.01778   0.02326   0.03072   0.05389   3.52092   0.93761   0.23810   1.76418  
 38 40.7876  10433.879195  x:  0.00918   0.02314   0.05783   0.04254   0.00341   0.03760   0.08445   0.00000   0.25586   0.03645   0.00663   0.17055   0.00335   0.07753   0.04803   0.02078   0.13617   0.06398   0.02043   0.08842   0.01028   0.05260   0.02807   0.01971   0.02747   0.14867   0.09246   0.00737   0.10262   0.00000   0.00466   0.04164   0.09252   0.10734   0.06388   0.03250   0.04298   0.00000   0.00913   0.02680   0.01410   0.01652   0.02535   0.03180   0.00156   0.04478   0.04727   0.04962   0.01327   0.01745   0.02318   0.03018   0.05352   3.52088   0.93731   0.23815   1.76514  
 39 17.5382  10433.761172  x:  0.00912   0.02224   0.05824   0.04188   0.00346   0.03614   0.08456   0.00000   0.25618   0.03677   0.00665   0.17143   0.00335   0.07588   0.04747   0.02093   0.13517   0.06465   0.02031   0.08880   0.00970   0.05251   0.02674   0.01986   0.02711   0.14864   0.09200   0.00768   0.10168   0.00000   0.00468   0.04105   0.09083   0.10847   0.06292   0.03213   0.04266   0.00000   0.00906   0.02743   0.01403   0.01669   0.02555   0.03096   0.00157   0.04488   0.04791   0.04982   0.01353   0.01760   0.02317   0.03018   0.05414   3.51921   0.93693   0.23876   1.77088  
 40 25.2513  10432.887663  x:  0.00891   0.02338   0.06043   0.04195   0.00372   0.03322   0.08470   0.00000   0.25586   0.03687   0.00678   0.17281   0.00348   0.07231   0.04632   0.02216   0.13375   0.06460   0.01705   0.08667   0.01117   0.04947   0.02829   0.01933   0.02698   0.14784   0.09002   0.00728   0.10078   0.00000   0.00422   0.04341   0.08685   0.11125   0.06420   0.03208   0.04327   0.00000   0.00912   0.02468   0.01366   0.01560   0.02529   0.03133   0.00158   0.04498   0.04646   0.04941   0.01321   0.01714   0.02302   0.03406   0.05505   3.50391   0.93527   0.24293   1.81980  
 41 83.7038  10427.498765  x:  0.00594   0.02316   0.06572   0.04599   0.00368   0.03586   0.08095   0.00000   0.25182   0.03905   0.00735   0.17754   0.00369   0.06611   0.05293   0.02341   0.13063   0.06642   0.02210   0.07748   0.00831   0.04674   0.03180   0.02156   0.02648   0.14503   0.09115   0.00532   0.10510   0.00000   0.00507   0.04430   0.07920   0.12256   0.07381   0.03294   0.04468   0.00000   0.00926   0.03299   0.01190   0.01376   0.02257   0.03437   0.00173   0.04625   0.04091   0.04610   0.01127   0.01515   0.02466   0.02870   0.05914   3.40537   0.92508   0.26845   2.13018  
 42 748.8809  10419.935317  x:  0.00285   0.02054   0.05974   0.05203   0.00369   0.04191   0.07459   0.00000   0.23870   0.03919   0.00815   0.17625   0.00474   0.06938   0.05763   0.02469   0.12511   0.06777   0.01828   0.07651   0.00922   0.05531   0.02513   0.02299   0.01997   0.14622   0.09813   0.00417   0.11388   0.00000   0.00477   0.04127   0.08056   0.14175   0.07191   0.04139   0.04940   0.00000   0.01010   0.02542   0.01070   0.01306   0.02153   0.03010   0.00186   0.04255   0.05392   0.04553   0.01074   0.01483   0.02673   0.03006   0.05436   3.26684   0.91938   0.30282   2.56725  
 43 2470.8001  10418.233097  x:  0.00154   0.01912   0.05541   0.05416   0.00371   0.03808   0.07356   0.00000   0.23389   0.03989   0.00845   0.17363   0.00511   0.07282   0.05499   0.02531   0.12314   0.06866   0.01834   0.08334   0.00796   0.05571   0.02811   0.02330   0.02314   0.14936   0.09992   0.00359   0.11441   0.00000   0.00492   0.04221   0.08433   0.14430   0.06505   0.04176   0.05015   0.00000   0.01031   0.02721   0.01009   0.01274   0.01743   0.02989   0.00193   0.04332   0.05211   0.04504   0.00979   0.01418   0.02720   0.03221   0.05445   3.23637   0.91586   0.31115   2.66263  
 44 1136.6104  10417.877271  x:  0.00128   0.01908   0.05486   0.05455   0.00374   0.03650   0.07341   0.00000   0.23238   0.04015   0.00852   0.17255   0.00517   0.07393   0.05553   0.02550   0.12245   0.06897   0.01859   0.08610   0.00768   0.05471   0.02878   0.02347   0.02062   0.15113   0.10015   0.00346   0.11424   0.00000   0.00492   0.04318   0.08545   0.14462   0.06293   0.04203   0.05034   0.00000   0.01029   0.02738   0.01015   0.01278   0.01991   0.03133   0.00192   0.04346   0.05077   0.04441   0.00958   0.01410   0.02735   0.03189   0.05488   3.22997   0.91502   0.31291   2.68288  
 45 468.0172  10417.777606  x:  0.00131   0.01970   0.05582   0.05433   0.00375   0.03632   0.07359   0.00000   0.23138   0.04031   0.00853   0.17173   0.00516   0.07429   0.05720   0.02537   0.12187   0.06925   0.01854   0.08766   0.00786   0.05326   0.02750   0.02354   0.02075   0.15308   0.09992   0.00362   0.11392   0.00000   0.00487   0.04378   0.08564   0.14465   0.06270   0.04232   0.05038   0.00000   0.01034   0.02704   0.01023   0.01267   0.01913   0.03148   0.00193   0.04312   0.05035   0.04400   0.00982   0.01424   0.02732   0.03121   0.05514   3.22840   0.91533   0.31328   2.68832  
 46 85.4877  10417.738768  x:  0.00127   0.01941   0.05661   0.05414   0.00375   0.03687   0.07375   0.00000   0.23057   0.04032   0.00854   0.17094   0.00521   0.07418   0.05733   0.02523   0.12138   0.06948   0.01870   0.08823   0.00771   0.05291   0.02816   0.02329   0.02067   0.15513   0.09965   0.00352   0.11347   0.00000   0.00484   0.04343   0.08549   0.14429   0.06344   0.04253   0.05045   0.00000   0.01034   0.02709   0.01020   0.01272   0.01932   0.03063   0.00193   0.04313   0.05062   0.04423   0.00977   0.01420   0.02730   0.03146   0.05529   3.22805   0.91525   0.31348   2.69010  
 47 29.3465  10417.713454  x:  0.00118   0.01931   0.05648   0.05412   0.00376   0.03683   0.07393   0.00000   0.23031   0.04037   0.00856   0.17059   0.00523   0.07385   0.05693   0.02518   0.12117   0.06951   0.01844   0.08810   0.00772   0.05333   0.02789   0.02329   0.02056   0.15684   0.09962   0.00345   0.11320   0.00000   0.00487   0.04333   0.08522   0.14359   0.06408   0.04233   0.05042   0.00000   0.01035   0.02727   0.01010   0.01266   0.01912   0.03156   0.00193   0.04323   0.05099   0.04425   0.00973   0.01412   0.02735   0.03148   0.05503   3.22817   0.91506   0.31369   2.69084  
 48 16.1026  10417.659363  x:  0.00116   0.01942   0.05538   0.05410   0.00378   0.03604   0.07415   0.00000   0.23016   0.04053   0.00856   0.17037   0.00524   0.07321   0.05748   0.02512   0.12103   0.06957   0.01883   0.08699   0.00762   0.05439   0.02790   0.02324   0.02078   0.15880   0.10028   0.00354   0.11342   0.00000   0.00484   0.04417   0.08449   0.14274   0.06408   0.04247   0.05050   0.00000   0.01039   0.02698   0.01021   0.01273   0.01927   0.03097   0.00193   0.04313   0.05075   0.04341   0.00984   0.01412   0.02737   0.03148   0.05523   3.22928   0.91512   0.31388   2.69158  
 49 11.7284  10417.406168  x:  0.00112   0.01942   0.05477   0.05418   0.00374   0.03618   0.07439   0.00000   0.23047   0.04056   0.00857   0.17018   0.00526   0.07243   0.05835   0.02508   0.12116   0.06850   0.01778   0.08414   0.00870   0.05316   0.02846   0.02314   0.02005   0.16150   0.10199   0.00346   0.11455   0.00000   0.00498   0.04391   0.08378   0.14206   0.06130   0.04297   0.05065   0.00000   0.01042   0.02851   0.01061   0.01311   0.01875   0.03066   0.00195   0.04294   0.05050   0.04571   0.00978   0.01457   0.02747   0.03149   0.05576   3.23575   0.91531   0.31459   2.69361  
 50 16.9957  10416.473966  x:  0.00047   0.01801   0.05681   0.05618   0.00360   0.03962   0.07446   0.00000   0.23116   0.04115   0.00861   0.17040   0.00549   0.07133   0.05662   0.02516   0.12112   0.06917   0.02179   0.08200   0.00805   0.05165   0.02741   0.02388   0.02118   0.16432   0.10455   0.00393   0.11572   0.00000   0.00532   0.04342   0.08350   0.14155   0.05718   0.04327   0.05138   0.00000   0.01062   0.02533   0.01071   0.01327   0.01908   0.03350   0.00202   0.04327   0.05058   0.04720   0.01021   0.01481   0.02758   0.03419   0.06018   3.25988   0.91428   0.31714   2.69999  
 51 89.4713  10415.441267  x:  0.00000   0.01805   0.05770   0.05716   0.00360   0.04007   0.07445   0.00000   0.23131   0.04164   0.00864   0.17041   0.00558   0.07155   0.05639   0.02553   0.12081   0.06951   0.02128   0.08271   0.00848   0.05235   0.02780   0.02438   0.02156   0.16445   0.10417   0.00418   0.11530   0.00000   0.00550   0.04406   0.08382   0.14234   0.05750   0.04307   0.05171   0.00000   0.01067   0.02590   0.01112   0.01368   0.01941   0.03360   0.00207   0.04358   0.05137   0.04633   0.01046   0.01525   0.02770   0.03422   0.06044   3.27403   0.91334   0.31873   2.70353  
 52 282.1664  10414.332577  x:  0.00000   0.01867   0.05314   0.05726   0.00380   0.03776   0.07442   0.00000   0.23121   0.04272   0.00870   0.16967   0.00571   0.07300   0.05857   0.02659   0.12005   0.07140   0.02441   0.08400   0.00897   0.05426   0.02703   0.02412   0.02065   0.16442   0.10084   0.00484   0.11116   0.00000   0.00548   0.04214   0.08535   0.14778   0.06336   0.04372   0.05222   0.00000   0.01068   0.02531   0.01219   0.01468   0.01863   0.03436   0.00217   0.04377   0.04737   0.05227   0.01093   0.01593   0.02731   0.03638   0.05911   3.30270   0.91217   0.32158   2.71041  
 53 270.9986  10414.242448  x:  0.00000   0.01860   0.05099   0.05743   0.00380   0.03852   0.07456   0.00000   0.23164   0.04288   0.00869   0.17012   0.00569   0.07313   0.05882   0.02660   0.12020   0.07260   0.02366   0.08359   0.00893   0.05294   0.02704   0.02432   0.02098   0.16440   0.10087   0.00476   0.10921   0.00000   0.00545   0.04277   0.08628   0.14768   0.06402   0.04365   0.05219   0.00000   0.01067   0.02526   0.01204   0.01445   0.01898   0.03419   0.00218   0.04388   0.04824   0.05264   0.01103   0.01584   0.02734   0.03593   0.06060   3.30201   0.91190   0.32150   2.70953  
 54 23.4267  10413.738037  x:  0.00000   0.01839   0.05358   0.05692   0.00371   0.03764   0.07563   0.00000   0.23443   0.04329   0.00861   0.17116   0.00565   0.07479   0.05942   0.02672   0.12196   0.07622   0.02331   0.07936   0.00898   0.05274   0.02741   0.02433   0.02068   0.16538   0.10455   0.00475   0.10179   0.00000   0.00550   0.04174   0.09027   0.14862   0.06301   0.04415   0.05228   0.00000   0.01073   0.02538   0.01199   0.01472   0.01867   0.03435   0.00222   0.04388   0.04766   0.05067   0.01103   0.01582   0.02745   0.03672   0.05812   3.28281   0.91206   0.31969   2.69703  
 55 24.3299  10408.294226  x:  0.00000   0.01826   0.06048   0.05979   0.00414   0.03265   0.08227   0.00000   0.26590   0.04629   0.00768   0.18137   0.00549   0.08167   0.06007   0.02765   0.13708   0.06933   0.02123   0.08508   0.00687   0.05769   0.02750   0.02671   0.02394   0.17540   0.10683   0.00491   0.10463   0.00000   0.00610   0.04844   0.08990   0.14812   0.06730   0.04648   0.05509   0.00000   0.01119   0.02376   0.01141   0.01491   0.02130   0.03319   0.00271   0.04614   0.04801   0.06286   0.01291   0.01537   0.02882   0.03285   0.05864   3.04690   0.91012   0.29678   2.54572  
 56 150.9330  10406.045922  x:  0.00000   0.01852   0.05463   0.05759   0.00435   0.03541   0.08661   0.00000   0.27836   0.04853   0.00739   0.18462   0.00539   0.08150   0.06129   0.02804   0.14252   0.06202   0.02279   0.08720   0.00801   0.05197   0.02785   0.02594   0.02397   0.18079   0.10332   0.00489   0.10918   0.00000   0.00635   0.04125   0.08906   0.15235   0.06771   0.04572   0.05529   0.00000   0.01124   0.02441   0.01186   0.01579   0.02133   0.03377   0.00291   0.04773   0.04817   0.05416   0.01395   0.01620   0.02860   0.03578   0.05570   2.95311   0.90773   0.28857   2.48554  
 57 846.8594  10406.022688  x:  0.00000   0.01852   0.05474   0.05761   0.00436   0.03537   0.08675   0.00000   0.27838   0.04858   0.00739   0.18447   0.00541   0.07947   0.06145   0.02805   0.14252   0.06151   0.02287   0.08730   0.00800   0.05218   0.02781   0.02592   0.02396   0.18078   0.10308   0.00487   0.10940   0.00000   0.00630   0.04140   0.09086   0.15247   0.06772   0.04576   0.05531   0.00000   0.01124   0.02441   0.01185   0.01576   0.02133   0.03372   0.00291   0.04773   0.04817   0.05424   0.01395   0.01619   0.02861   0.03576   0.05573   2.95226   0.90771   0.28848   2.48494  
 58 16.2513  10398.457929  x:  0.00000   0.01880   0.05896   0.06483   0.00458   0.03936   0.09341   0.00000   0.30718   0.05698   0.00653   0.20227   0.00634   0.07820   0.06351   0.03521   0.14144   0.07073   0.02215   0.09729   0.01152   0.05706   0.02837   0.02866   0.02523   0.18601   0.09962   0.00183   0.11024   0.00000   0.00870   0.04590   0.09131   0.15869   0.07045   0.04866   0.06296   0.00000   0.01295   0.02870   0.01319   0.01759   0.02237   0.03450   0.00163   0.03671   0.05189   0.04742   0.01192   0.01909   0.03053   0.03949   0.06102   3.26675   0.90254   0.28550   2.44774  
 59  0.4057  10395.560527  x:  0.00000   0.02199   0.06185   0.06751   0.00567   0.04093   0.08969   0.00000   0.30518   0.06295   0.00644   0.19756   0.00726   0.08114   0.06110   0.04056   0.14916   0.07138   0.01900   0.09676   0.01198   0.05756   0.03040   0.02976   0.02755   0.19380   0.10858   0.00630   0.11581   0.00000   0.00736   0.04450   0.09551   0.16805   0.07193   0.04442   0.06595   0.00000   0.01261   0.03031   0.01425   0.01695   0.02502   0.03376   0.00187   0.03594   0.05261   0.04922   0.01364   0.01819   0.03051   0.03702   0.05910   3.37524   0.88488   0.29906   2.59851  
 60  0.3569  10394.342495  x:  0.00000   0.01937   0.06317   0.06710   0.00651   0.04118   0.09226   0.00000   0.31174   0.06564   0.00602   0.20202   0.00807   0.08182   0.06165   0.04563   0.14552   0.07150   0.02001   0.09879   0.01104   0.05805   0.03087   0.02856   0.02642   0.19042   0.11113   0.00465   0.11526   0.00000   0.00705   0.04753   0.09527   0.16616   0.07240   0.04713   0.06871   0.00000   0.01254   0.03018   0.01570   0.01882   0.02341   0.03532   0.00226   0.03688   0.05428   0.05125   0.01478   0.01852   0.03092   0.03703   0.06073   3.32045   0.86627   0.30883   2.79754  
 61  0.1902  10393.879900  x:  0.00000   0.01952   0.06315   0.06532   0.00645   0.03977   0.09217   0.00000   0.31265   0.06648   0.00542   0.20074   0.00851   0.08298   0.06114   0.04585   0.14736   0.07097   0.02017   0.09712   0.01119   0.05749   0.03065   0.03037   0.02790   0.19499   0.10994   0.00329   0.11761   0.00000   0.00847   0.04649   0.09643   0.17044   0.07273   0.04870   0.06828   0.00000   0.01171   0.02940   0.01513   0.01866   0.02470   0.03531   0.00210   0.03411   0.05368   0.05268   0.01454   0.01900   0.03024   0.03747   0.05967   3.32271   0.86072   0.30806   2.84409  
 62  0.0755  10393.738073  x:  0.00000   0.01953   0.06280   0.06500   0.00651   0.03999   0.09293   0.00000   0.31515   0.06561   0.00493   0.20390   0.00858   0.08256   0.06072   0.04601   0.14752   0.07168   0.02071   0.09807   0.01146   0.05797   0.03099   0.03046   0.02735   0.19637   0.10937   0.00432   0.11708   0.00000   0.00855   0.04611   0.09651   0.16982   0.07263   0.04966   0.06863   0.00000   0.01146   0.02979   0.01451   0.01813   0.02446   0.03532   0.00192   0.03292   0.05353   0.05218   0.01367   0.01900   0.03007   0.03765   0.06068   3.30502   0.85909   0.30579   2.84507  
 63  0.0240  10393.675643  x:  0.00000   0.02028   0.06261   0.06457   0.00667   0.04069   0.09297   0.00000   0.31488   0.06458   0.00439   0.20433   0.00867   0.08285   0.06056   0.04566   0.14891   0.07173   0.02073   0.09824   0.01131   0.05823   0.03091   0.03052   0.02721   0.19691   0.10936   0.00403   0.11726   0.00000   0.00828   0.04600   0.09684   0.16918   0.07254   0.04991   0.06856   0.00000   0.01116   0.02989   0.01440   0.01795   0.02434   0.03535   0.00205   0.03415   0.05355   0.05159   0.01362   0.01880   0.03007   0.03752   0.06084   3.31900   0.85720   0.30025   2.79929  
 64  0.0390  10393.651904  x:  0.00000   0.01984   0.06267   0.06478   0.00679   0.04088   0.09273   0.00000   0.31409   0.06359   0.00407   0.20433   0.00873   0.08292   0.06079   0.04520   0.14874   0.07196   0.02035   0.09839   0.01115   0.05828   0.03086   0.03045   0.02724   0.19682   0.10964   0.00392   0.11751   0.00000   0.00810   0.04627   0.09685   0.16931   0.07256   0.04997   0.06856   0.00000   0.01100   0.02988   0.01456   0.01818   0.02427   0.03549   0.00191   0.03355   0.05360   0.05179   0.01374   0.01862   0.03021   0.03737   0.06059   3.32602   0.85745   0.29837   2.77396  
 65  0.0165  10393.641050  x:  0.00000   0.01977   0.06283   0.06504   0.00688   0.04048   0.09279   0.00000   0.31400   0.06329   0.00398   0.20396   0.00881   0.08307   0.06106   0.04487   0.14819   0.07176   0.02060   0.09827   0.01129   0.05826   0.03091   0.03040   0.02723   0.19658   0.10961   0.00399   0.11748   0.00000   0.00826   0.04636   0.09679   0.16937   0.07271   0.05006   0.06860   0.00000   0.01101   0.02993   0.01447   0.01798   0.02432   0.03541   0.00189   0.03383   0.05378   0.05197   0.01386   0.01883   0.03042   0.03770   0.06063   3.32651   0.85794   0.29645   2.73817  
 66  0.0214  10393.632301  x:  0.00000   0.02004   0.06279   0.06528   0.00705   0.04053   0.09261   0.00000   0.31415   0.06351   0.00398   0.20409   0.00892   0.08283   0.06097   0.04464   0.14843   0.07192   0.02065   0.09831   0.01136   0.05815   0.03089   0.03036   0.02729   0.19677   0.10984   0.00391   0.11742   0.00000   0.00827   0.04622   0.09678   0.16982   0.07278   0.04977   0.06872   0.00000   0.01101   0.02978   0.01462   0.01811   0.02433   0.03540   0.00182   0.03384   0.05372   0.05179   0.01376   0.01892   0.03048   0.03770   0.06079   3.31583   0.85829   0.29422   2.69829  
 67  0.0200  10393.624896  x:  0.00000   0.01985   0.06271   0.06505   0.00719   0.04058   0.09277   0.00000   0.31411   0.06416   0.00402   0.20406   0.00905   0.08289   0.06112   0.04456   0.14864   0.07183   0.02045   0.09827   0.01130   0.05811   0.03090   0.03043   0.02728   0.19664   0.10967   0.00395   0.11762   0.00000   0.00835   0.04617   0.09679   0.16983   0.07271   0.04997   0.06880   0.00000   0.01104   0.02987   0.01457   0.01819   0.02433   0.03543   0.00183   0.03393   0.05368   0.05179   0.01377   0.01878   0.03048   0.03769   0.06071   3.31778   0.85842   0.28951   2.64395  
 68  0.0286  10393.622628  x:  0.00000   0.01990   0.06277   0.06498   0.00724   0.04064   0.09270   0.00000   0.31358   0.06425   0.00411   0.20402   0.00906   0.08295   0.06097   0.04461   0.14851   0.07195   0.02056   0.09828   0.01131   0.05832   0.03092   0.03046   0.02723   0.19656   0.10973   0.00389   0.11759   0.00000   0.00828   0.04629   0.09679   0.16971   0.07267   0.04998   0.06878   0.00000   0.01104   0.02995   0.01455   0.01807   0.02431   0.03545   0.00182   0.03378   0.05371   0.05197   0.01381   0.01876   0.03041   0.03764   0.06075   3.31740   0.85854   0.28872   2.63172  
 69  0.0086  10393.621748  x:  0.00000   0.01987   0.06277   0.06492   0.00723   0.04060   0.09266   0.00000   0.31321   0.06409   0.00419   0.20398   0.00901   0.08290   0.06100   0.04468   0.14835   0.07201   0.02055   0.09831   0.01129   0.05826   0.03089   0.03050   0.02724   0.19653   0.10971   0.00391   0.11760   0.00000   0.00827   0.04630   0.09680   0.16966   0.07273   0.05003   0.06870   0.00000   0.01105   0.02987   0.01454   0.01808   0.02430   0.03546   0.00184   0.03377   0.05374   0.05184   0.01374   0.01881   0.03038   0.03763   0.06073   3.31747   0.85874   0.28822   2.62345  
 70  0.0042  10393.621352  x:  0.00000   0.01989   0.06276   0.06494   0.00722   0.04058   0.09268   0.00000   0.31341   0.06394   0.00421   0.20404   0.00894   0.08292   0.06101   0.04480   0.14838   0.07193   0.02054   0.09833   0.01130   0.05825   0.03091   0.03048   0.02725   0.19658   0.10973   0.00389   0.11757   0.00000   0.00829   0.04627   0.09678   0.16974   0.07273   0.05003   0.06868   0.00000   0.01105   0.02989   0.01455   0.01809   0.02431   0.03544   0.00185   0.03373   0.05372   0.05185   0.01379   0.01878   0.03038   0.03766   0.06076   3.31689   0.85873   0.28755   2.61653  
 71  0.0032  10393.621272  x:  0.00000   0.01988   0.06277   0.06498   0.00721   0.04060   0.09268   0.00000   0.31353   0.06394   0.00422   0.20406   0.00892   0.08293   0.06103   0.04485   0.14843   0.07197   0.02054   0.09831   0.01130   0.05827   0.03091   0.03048   0.02725   0.19658   0.10973   0.00390   0.11761   0.00000   0.00829   0.04629   0.09679   0.16975   0.07271   0.05000   0.06868   0.00000   0.01105   0.02990   0.01455   0.01809   0.02431   0.03544   0.00185   0.03374   0.05373   0.05189   0.01378   0.01880   0.03039   0.03766   0.06074   3.31705   0.85868   0.28751   2.61568  
 72  0.0005  10393.621227  x:  0.00000   0.01989   0.06277   0.06497   0.00719   0.04061   0.09267   0.00000   0.31351   0.06396   0.00422   0.20403   0.00890   0.08293   0.06105   0.04485   0.14841   0.07197   0.02055   0.09831   0.01130   0.05827   0.03091   0.03047   0.02725   0.19656   0.10975   0.00390   0.11760   0.00000   0.00829   0.04628   0.09679   0.16974   0.07271   0.05000   0.06868   0.00000   0.01105   0.02990   0.01454   0.01809   0.02431   0.03545   0.00184   0.03374   0.05374   0.05186   0.01378   0.01879   0.03040   0.03767   0.06075   3.31726   0.85866   0.28742   2.61482  
 73  0.0003  10393.621208  x:  0.00000   0.01988   0.06277   0.06497   0.00717   0.04061   0.09267   0.00000   0.31349   0.06397   0.00422   0.20404   0.00889   0.08293   0.06104   0.04484   0.14841   0.07196   0.02055   0.09832   0.01130   0.05827   0.03091   0.03047   0.02725   0.19658   0.10975   0.00391   0.11760   0.00000   0.00828   0.04628   0.09679   0.16975   0.07272   0.05001   0.06868   0.00000   0.01105   0.02990   0.01455   0.01809   0.02431   0.03545   0.00184   0.03375   0.05373   0.05188   0.01378   0.01879   0.03040   0.03766   0.06075   3.31694   0.85867   0.28736   2.61407  
 74  0.0004  10393.621203  x:  0.00000   0.01989   0.06277   0.06497   0.00716   0.04061   0.09268   0.00000   0.31349   0.06397   0.00422   0.20404   0.00890   0.08293   0.06103   0.04484   0.14841   0.07197   0.02055   0.09832   0.01130   0.05827   0.03091   0.03047   0.02725   0.19658   0.10975   0.00391   0.11761   0.00000   0.00828   0.04629   0.09679   0.16976   0.07272   0.05001   0.06869   0.00000   0.01105   0.02990   0.01455   0.01809   0.02431   0.03545   0.00184   0.03374   0.05374   0.05187   0.01378   0.01879   0.03040   0.03766   0.06075   3.31705   0.85867   0.28736   2.61384  
 75  0.0001  10393.621201  x:  0.00000   0.01989   0.06277   0.06497   0.00716   0.04061   0.09268   0.00000   0.31348   0.06396   0.00421   0.20404   0.00891   0.08293   0.06103   0.04484   0.14841   0.07197   0.02055   0.09832   0.01130   0.05827   0.03091   0.03047   0.02725   0.19658   0.10976   0.00391   0.11760   0.00000   0.00828   0.04629   0.09679   0.16976   0.07272   0.05001   0.06869   0.00000   0.01105   0.02990   0.01455   0.01809   0.02431   0.03545   0.00184   0.03375   0.05373   0.05187   0.01378   0.01879   0.03040   0.03766   0.06075   3.31703   0.85867   0.28734   2.61368  
 76  0.0001  10393.621201  x:  0.00000   0.01989   0.06277   0.06497   0.00716   0.04061   0.09268   0.00000   0.31348   0.06396   0.00421   0.20404   0.00891   0.08293   0.06103   0.04484   0.14841   0.07197   0.02055   0.09832   0.01130   0.05827   0.03091   0.03047   0.02725   0.19657   0.10975   0.00391   0.11760   0.00000   0.00828   0.04629   0.09679   0.16976   0.07272   0.05001   0.06869   0.00000   0.01105   0.02990   0.01455   0.01809   0.02431   0.03545   0.00184   0.03375   0.05374   0.05187   0.01378   0.01879   0.03040   0.03766   0.06075   3.31700   0.85867   0.28734   2.61364  
 77  0.0000  10393.621201  x:  0.00000   0.01989   0.06277   0.06497   0.00716   0.04061   0.09268   0.00000   0.31348   0.06396   0.00421   0.20404   0.00891   0.08293   0.06103   0.04484   0.14841   0.07197   0.02055   0.09832   0.01130   0.05827   0.03091   0.03047   0.02725   0.19658   0.10975   0.00391   0.11760   0.00000   0.00828   0.04629   0.09679   0.16976   0.07272   0.05001   0.06869   0.00000   0.01105   0.02990   0.01455   0.01809   0.02431   0.03545   0.00184   0.03375   0.05373   0.05187   0.01378   0.01879   0.03040   0.03766   0.06075   3.31700   0.85867   0.28734   2.61364  
 78  0.0000  10393.621201  x:  0.00000   0.01989   0.06277   0.06497   0.00716   0.04061   0.09267   0.00000   0.31348   0.06396   0.00421   0.20404   0.00891   0.08293   0.06104   0.04484   0.14841   0.07197   0.02055   0.09832   0.01130   0.05827   0.03091   0.03047   0.02725   0.19658   0.10975   0.00391   0.11760   0.00000   0.00828   0.04629   0.09679   0.16976   0.07272   0.05001   0.06869   0.00000   0.01105   0.02990   0.01455   0.01809   0.02431   0.03545   0.00184   0.03375   0.05373   0.05187   0.01378   0.01879   0.03040   0.03766   0.06075   3.31700   0.85867   0.28734   2.61363  
 79  0.0000  10393.621201  x:  0.00000   0.01989   0.06277   0.06497   0.00716   0.04061   0.09267   0.00000   0.31348   0.06396   0.00421   0.20404   0.00891   0.08293   0.06103   0.04484   0.14841   0.07197   0.02055   0.09832   0.01130   0.05827   0.03091   0.03047   0.02725   0.19658   0.10975   0.00391   0.11760   0.00000   0.00828   0.04629   0.09679   0.16976   0.07272   0.05001   0.06869   0.00000   0.01105   0.02990   0.01455   0.01809   0.02431   0.03545   0.00184   0.03375   0.05373   0.05187   0.01378   0.01879   0.03040   0.03766   0.06075   3.31700   0.85867   0.28734   2.61363  
 80  0.0000  10393.621201  x:  0.00000   0.01989   0.06277   0.06497   0.00716   0.04061   0.09268   0.00000   0.31348   0.06396   0.00421   0.20404   0.00891   0.08293   0.06103   0.04484   0.14841   0.07197   0.02055   0.09832   0.01130   0.05827   0.03091   0.03047   0.02725   0.19658   0.10975   0.00391   0.11760   0.00000   0.00828   0.04629   0.09679   0.16976   0.07272   0.05001   0.06869   0.00000   0.01105   0.02990   0.01455   0.01809   0.02431   0.03545   0.00184   0.03375   0.05373   0.05187   0.01378   0.01879   0.03040   0.03766   0.06075   3.31700   0.85867   0.28734   2.61362  
 81  0.0000  10393.621201  x:  0.00000   0.01989   0.06277   0.06497   0.00716   0.04061   0.09267   0.00000   0.31348   0.06396   0.00421   0.20404   0.00891   0.08293   0.06103   0.04484   0.14841   0.07197   0.02055   0.09832   0.01130   0.05827   0.03091   0.03047   0.02725   0.19658   0.10975   0.00391   0.11760   0.00000   0.00828   0.04629   0.09679   0.16976   0.07272   0.05001   0.06869   0.00000   0.01105   0.02990   0.01455   0.01809   0.02431   0.03545   0.00184   0.03375   0.05373   0.05187   0.01378   0.01879   0.03040   0.03766   0.06075   3.31700   0.85867   0.28734   2.61363  
 82  0.0000  10393.621201  x:  0.00000   0.01989   0.06277   0.06497   0.00716   0.04061   0.09268   0.00000   0.31348   0.06396   0.00421   0.20404   0.00891   0.08293   0.06103   0.04484   0.14841   0.07197   0.02055   0.09832   0.01130   0.05827   0.03091   0.03047   0.02725   0.19658   0.10975   0.00391   0.11760   0.00000   0.00828   0.04629   0.09679   0.16976   0.07272   0.05001   0.06869   0.00000   0.01105   0.02990   0.01455   0.01809   0.02431   0.03545   0.00184   0.03375   0.05373   0.05187   0.01378   0.01879   0.03040   0.03766   0.06075   3.31700   0.85867   0.28734   2.61362  
 83  0.0000  10393.621201  x:  0.00000   0.01989   0.06277   0.06497   0.00716   0.04061   0.09268   0.00000   0.31348   0.06396   0.00421   0.20404   0.00891   0.08293   0.06103   0.04484   0.14841   0.07197   0.02055   0.09832   0.01130   0.05827   0.03091   0.03047   0.02725   0.19658   0.10975   0.00391   0.11760   0.00000   0.00828   0.04629   0.09679   0.16976   0.07272   0.05001   0.06869   0.00000   0.01105   0.02990   0.01455   0.01809   0.02431   0.03545   0.00184   0.03375   0.05373   0.05187   0.01378   0.01879   0.03040   0.03766   0.06075   3.31700   0.85867   0.28734   2.61362  