Supplemental results for CODEML (seqf: rec114_noMNM.fasta  treef: rec114_tree.txt)


MLEs of dN/dS (w) for site classes (K=6)

p:   0.17070  0.17070  0.17070  0.17070  0.17070  0.14650
w:   0.00674  0.04223  0.10553  0.20979  0.41620  1.00000

Naive Empirical Bayes (NEB) probabilities for 6 classes & postmean_w
(amino acids refer to 1st sequence: Melopsittacus_undulatus)

   1 P   0.00000 0.00003 0.00196 0.03241 0.28921 0.67638 ( 6)  0.804
   2 G   0.00000 0.00005 0.00300 0.04620 0.36021 0.59054 ( 6)  0.750
   3 D   0.00000 0.00000 0.00070 0.01988 0.26703 0.71239 ( 6)  0.828
   4 T   0.00000 0.00000 0.00021 0.00713 0.13372 0.85894 ( 6)  0.916
   5 S   0.00000 0.00000 0.00024 0.00820 0.14932 0.84223 ( 6)  0.906
   6 L   0.00000 0.00000 0.00000 0.00001 0.00297 0.99702 ( 6)  0.998
   7 L   0.01486 0.09100 0.20469 0.31052 0.30990 0.06902 ( 4)  0.289
   8 G   0.03998 0.19519 0.31281 0.30088 0.14481 0.00634 ( 3)  0.171
   9 S   0.00239 0.06906 0.24881 0.39955 0.26962 0.01057 ( 4)  0.236
  10 A   0.38681 0.30166 0.19397 0.09418 0.02296 0.00042 ( 1)  0.066
  11 T   0.00119 0.03768 0.16075 0.34027 0.39354 0.06658 ( 5)  0.320
  12 T   0.00166 0.05048 0.19972 0.37415 0.34247 0.03152 ( 4)  0.276
  13 W   0.39395 0.30391 0.19157 0.08990 0.02038 0.00029 ( 1)  0.063
  14 P   0.37964 0.29945 0.19642 0.09847 0.02549 0.00054 ( 1)  0.068
  15 L   0.34829 0.28772 0.20492 0.11760 0.03972 0.00176 ( 1)  0.079
  16 K   0.00005 0.00960 0.09125 0.31823 0.50575 0.07512 ( 5)  0.362
  17 R   0.38849 0.30217 0.19339 0.09319 0.02237 0.00039 ( 1)  0.065
  18 Y   0.37473 0.29789 0.19806 0.10143 0.02727 0.00062 ( 1)  0.069
  19 G   0.04017 0.19594 0.31344 0.30055 0.14373 0.00618 ( 3)  0.171
  20 R   0.38849 0.30217 0.19339 0.09319 0.02237 0.00039 ( 1)  0.065
  21 F   0.39386 0.30394 0.19166 0.08993 0.02033 0.00028 ( 1)  0.063
  22 L   0.34831 0.28777 0.20496 0.11759 0.03964 0.00173 ( 1)  0.079
  23 P   0.03769 0.18647 0.30585 0.30514 0.15692 0.00794 ( 3)  0.178
  24 T   0.04147 0.20089 0.31745 0.29821 0.13678 0.00520 ( 3)  0.167
  25 T   0.00000 0.00007 0.00435 0.06307 0.43611 0.49640 ( 6)  0.692
  26 D   0.42634 0.31153 0.17840 0.07163 0.01202 0.00008 ( 1)  0.055
  27 R   0.00000 0.00003 0.00194 0.03241 0.29323 0.67239 ( 6)  0.801
  28 D   0.05075 0.23429 0.33983 0.27724 0.09622 0.00167 ( 3)  0.146
  29 E   0.00000 0.00000 0.00001 0.00137 0.06907 0.92955 ( 6)  0.959
  30 E   0.00157 0.04798 0.19228 0.36815 0.35248 0.03754 ( 4)  0.284
  31 G   0.00000 0.00000 0.00057 0.01653 0.23435 0.74855 ( 6)  0.850
  32 Q   0.00000 0.00000 0.00000 0.00000 0.00052 0.99948 ( 6)  1.000
  33 N   0.00000 0.00000 0.00000 0.00000 0.00138 0.99861 ( 6)  0.999
  34 V   0.00000 0.00000 0.00000 0.00004 0.00707 0.99290 ( 6)  0.996
  35 S   0.35583 0.29088 0.20328 0.11300 0.03573 0.00128 ( 1)  0.076
  36 W   0.00172 0.05216 0.20486 0.37863 0.33552 0.02712 ( 4)  0.270
  37 V   0.38635 0.30166 0.19427 0.09441 0.02291 0.00039 ( 1)  0.066
  38 F   0.38763 0.30215 0.19392 0.09361 0.02233 0.00035 ( 1)  0.065
  39 E   0.42363 0.31097 0.17957 0.07312 0.01263 0.00009 ( 1)  0.056
  40 S   0.34531 0.28657 0.20569 0.11944 0.04113 0.00186 ( 1)  0.080
  41 N   0.41050 0.30826 0.18521 0.08031 0.01557 0.00014 ( 1)  0.059
  42 E   0.42206 0.31072 0.18030 0.07393 0.01290 0.00009 ( 1)  0.056
  43 E   0.05094 0.23494 0.34019 0.27677 0.09554 0.00163 ( 3)  0.146
  44 S   0.34992 0.28852 0.20471 0.11662 0.03866 0.00157 ( 1)  0.078
  45 G   0.40914 0.30775 0.18561 0.08118 0.01615 0.00017 ( 1)  0.059
  46 H   0.00004 0.00822 0.08058 0.29551 0.51710 0.09855 ( 5)  0.385
  47 L   0.36526 0.29455 0.20087 0.10721 0.03123 0.00088 ( 1)  0.072
  48 I   0.00005 0.00930 0.08898 0.31381 0.50891 0.07895 ( 5)  0.366
  49 L   0.03371 0.17070 0.29161 0.31063 0.18088 0.01247 ( 4)  0.191
  50 T   0.40122 0.30586 0.18881 0.08567 0.01821 0.00022 ( 1)  0.061
  51 V   0.03354 0.17077 0.29358 0.31328 0.17850 0.01032 ( 4)  0.189
  52 V   0.38997 0.30273 0.19299 0.09226 0.02170 0.00034 ( 1)  0.065
  53 V   0.04290 0.20634 0.32186 0.29564 0.12913 0.00413 ( 3)  0.163
  54 S   0.36503 0.29447 0.20094 0.10735 0.03132 0.00088 ( 1)  0.073
  55 G   0.04851 0.22639 0.33492 0.28261 0.10528 0.00229 ( 3)  0.151
  56 H   0.41137 0.30845 0.18483 0.07983 0.01538 0.00014 ( 1)  0.059
  57 F   0.41361 0.30903 0.18397 0.07854 0.01474 0.00012 ( 1)  0.058
  58 F   0.38796 0.30224 0.19380 0.09343 0.02223 0.00035 ( 1)  0.065
  59 I   0.03834 0.18912 0.30844 0.30448 0.15267 0.00695 ( 3)  0.175
  60 S   0.39278 0.30356 0.19199 0.09060 0.02077 0.00031 ( 1)  0.064
  61 Q   0.03986 0.19500 0.31334 0.30184 0.14421 0.00574 ( 3)  0.171
  62 G   0.00000 0.00008 0.00477 0.06954 0.46997 0.45564 ( 5)  0.666
  63 R   0.34434 0.28579 0.20540 0.11994 0.04228 0.00225 ( 1)  0.081
  64 T   0.00004 0.00716 0.07192 0.27471 0.52118 0.12499 ( 5)  0.407
  65 V   0.39961 0.30545 0.18944 0.08660 0.01866 0.00023 ( 1)  0.062
  66 L   0.37129 0.29665 0.19905 0.10353 0.02875 0.00072 ( 1)  0.070
  67 E   0.42534 0.31135 0.17885 0.07216 0.01221 0.00008 ( 1)  0.055
  68 G   0.41620 0.30937 0.18270 0.07723 0.01438 0.00013 ( 1)  0.057
  69 F   0.39441 0.30408 0.19144 0.08961 0.02017 0.00028 ( 1)  0.063
  70 S   0.35867 0.29202 0.20260 0.11126 0.03432 0.00114 ( 1)  0.075
  71 L   0.33961 0.28405 0.20676 0.12290 0.04437 0.00231 ( 1)  0.083
  72 I   0.38593 0.30159 0.19447 0.09465 0.02298 0.00039 ( 1)  0.066
  73 D   0.42435 0.31126 0.17936 0.07264 0.01232 0.00008 ( 1)  0.055
  74 S   0.00168 0.05116 0.20203 0.37672 0.33964 0.02876 ( 4)  0.273
  75 H   0.00269 0.07628 0.26578 0.40389 0.24434 0.00702 ( 4)  0.225
  76 K   0.43163 0.31249 0.17604 0.06882 0.01096 0.00006 ( 1)  0.054
  77 W   0.41616 0.30954 0.18286 0.07715 0.01419 0.00011 ( 1)  0.057
  78 L   0.34584 0.28655 0.20527 0.11908 0.04125 0.00200 ( 1)  0.080
  79 K   0.05465 0.24743 0.34670 0.26724 0.08293 0.00105 ( 3)  0.139
  80 I   0.42104 0.31053 0.18074 0.07448 0.01311 0.00009 ( 1)  0.056
  81 V   0.04302 0.20681 0.32223 0.29540 0.12848 0.00405 ( 3)  0.163
  82 R   0.41006 0.30803 0.18528 0.08063 0.01584 0.00016 ( 1)  0.059
  83 K   0.00004 0.00731 0.07301 0.27629 0.51790 0.12545 ( 5)  0.407
  84 A   0.39445 0.30398 0.19132 0.08964 0.02032 0.00030 ( 1)  0.063
  85 D   0.00010 0.01740 0.14440 0.40343 0.41568 0.01899 ( 5)  0.293
  86 C   0.42605 0.31155 0.17858 0.07174 0.01200 0.00007 ( 1)  0.055
  87 L   0.37383 0.29753 0.19828 0.10198 0.02772 0.00066 ( 1)  0.070
  88 L   0.37520 0.29803 0.19789 0.10115 0.02712 0.00061 ( 1)  0.069
  89 L   0.00142 0.04416 0.18147 0.36099 0.36865 0.04331 ( 5)  0.293
  90 H   0.00000 0.00000 0.00000 0.00061 0.03980 0.95958 ( 6)  0.976
  91 A   0.39449 0.30398 0.19130 0.08962 0.02032 0.00030 ( 1)  0.063
  92 Q   0.00000 0.00013 0.00744 0.09727 0.54744 0.34772 ( 5)  0.597
  93 A   0.00002 0.00459 0.04952 0.21258 0.50667 0.22661 ( 5)  0.488
  94 K   0.43472 0.31308 0.17468 0.06715 0.01031 0.00005 ( 1)  0.053
  95 N   0.00226 0.06582 0.24094 0.39703 0.28149 0.01246 ( 4)  0.241
  96 E   0.42654 0.31159 0.17833 0.07151 0.01195 0.00008 ( 1)  0.055
  97 G   0.05078 0.23449 0.34010 0.27724 0.09579 0.00160 ( 3)  0.146
  98 R   0.40486 0.30675 0.18735 0.08360 0.01725 0.00020 ( 1)  0.060
  99 M   0.06688 0.28572 0.36088 0.23444 0.05184 0.00025 ( 3)  0.122
 100 F   0.40564 0.30705 0.18714 0.08310 0.01690 0.00018 ( 1)  0.060
 101 R   0.36841 0.29401 0.19814 0.10559 0.03250 0.00135 ( 1)  0.073
 102 V   0.04139 0.20075 0.31772 0.29875 0.13648 0.00491 ( 3)  0.167
 103 Q   0.41410 0.30907 0.18371 0.07830 0.01470 0.00012 ( 1)  0.058
 104 F   0.39485 0.30426 0.19133 0.08933 0.01996 0.00026 ( 1)  0.063
 105 G   0.04037 0.19680 0.31443 0.30053 0.14215 0.00573 ( 3)  0.170
 106 G   0.40137 0.30582 0.18868 0.08562 0.01828 0.00023 ( 1)  0.061
 107 D   0.00007 0.01269 0.11372 0.35985 0.47237 0.04130 ( 5)  0.326
 108 S   0.00120 0.03791 0.16153 0.34120 0.39284 0.06533 ( 5)  0.319
 109 K   0.00000 0.00130 0.03021 0.20164 0.59130 0.17554 ( 5)  0.467
 110 E   0.00006 0.01049 0.09838 0.33420 0.49769 0.05919 ( 5)  0.347
 111 E   0.00007 0.01209 0.10947 0.35263 0.47950 0.04625 ( 5)  0.332
 112 M   0.00000 0.00302 0.06049 0.31675 0.57509 0.04464 ( 5)  0.357
 113 L   0.00135 0.04215 0.17484 0.35379 0.37606 0.05181 ( 5)  0.303
 114 E   0.00239 0.06890 0.24843 0.39944 0.27021 0.01063 ( 4)  0.236
 115 N   0.00271 0.07668 0.26676 0.40422 0.24284 0.00678 ( 4)  0.224
 116 C   0.42605 0.31155 0.17858 0.07174 0.01200 0.00007 ( 1)  0.055
 117 R   0.00006 0.01131 0.10388 0.34267 0.48830 0.05378 ( 5)  0.340
 118 S   0.00008 0.01367 0.12022 0.36946 0.46037 0.03621 ( 5)  0.319
 119 C   0.41388 0.30891 0.18371 0.07848 0.01488 0.00013 ( 1)  0.058
 120 V   0.04133 0.20051 0.31754 0.29888 0.13680 0.00494 ( 3)  0.167
 121 Q   0.00000 0.00131 0.03047 0.20342 0.59465 0.17016 ( 5)  0.464
 122 K   0.40621 0.30721 0.18693 0.08276 0.01672 0.00017 ( 1)  0.060
 123 L   0.38606 0.30156 0.19436 0.09459 0.02303 0.00040 ( 1)  0.066
 124 T   0.00000 0.00000 0.00008 0.00478 0.13080 0.86434 ( 6)  0.920
 125 E   0.00000 0.00019 0.01025 0.12508 0.61002 0.25447 ( 5)  0.536
 126 Y   0.03990 0.19511 0.31335 0.30169 0.14417 0.00578 ( 3)  0.171
 127 V   0.00000 0.00093 0.02266 0.16381 0.56075 0.25186 ( 5)  0.522
 128 P   0.04410 0.21072 0.32487 0.29292 0.12371 0.00368 ( 3)  0.160
 129 V   0.39333 0.30373 0.19179 0.09027 0.02058 0.00030 ( 1)  0.064
 130 Q   0.00178 0.05356 0.20871 0.38095 0.32980 0.02521 ( 4)  0.267
 131 A   0.00000 0.00000 0.00051 0.01532 0.22765 0.75652 ( 6)  0.855
 132 T   0.00003 0.00643 0.06579 0.25884 0.52081 0.14810 ( 5)  0.426
 133 E   0.00000 0.00186 0.04071 0.24757 0.60360 0.10626 ( 5)  0.414
 134 E   0.00248 0.07114 0.25361 0.40061 0.26250 0.00966 ( 4)  0.233
 135 Q   0.00004 0.00775 0.07669 0.28588 0.51823 0.11141 ( 5)  0.395
 136 S   0.06075 0.26705 0.35498 0.25096 0.06573 0.00052 ( 3)  0.130
 137 Q   0.39852 0.30516 0.18985 0.08723 0.01900 0.00024 ( 1)  0.062
 138 Q   0.00000 0.00000 0.00000 0.00001 0.00387 0.99612 ( 6)  0.998
 139 L   0.37786 0.29891 0.19704 0.09954 0.02610 0.00056 ( 1)  0.068
 140 P   0.00125 0.03948 0.16657 0.34622 0.38668 0.05980 ( 5)  0.313
 141 D   0.00005 0.00996 0.09394 0.32369 0.50241 0.06995 ( 5)  0.357
 142 E   0.05379 0.24455 0.34519 0.26943 0.08586 0.00119 ( 3)  0.141
 143 P   0.03146 0.16133 0.28201 0.31208 0.19619 0.01694 ( 4)  0.201
 144 L   0.02450 0.13142 0.24844 0.31128 0.24651 0.03784 ( 4)  0.238
 145 P   0.00000 0.00000 0.00022 0.00736 0.13630 0.85612 ( 6)  0.914
 146 D   0.00207 0.06101 0.22889 0.39233 0.29968 0.01602 ( 4)  0.250
 147 S   0.03601 0.17990 0.30016 0.30778 0.16662 0.00954 ( 4)  0.183
 148 Y   0.00000 0.00002 0.00147 0.02946 0.31016 0.65889 ( 6)  0.794
 149 T   0.00002 0.00436 0.04734 0.20528 0.50117 0.24183 ( 5)  0.499
 150 G   0.00255 0.07273 0.25758 0.40206 0.25651 0.00857 ( 4)  0.230
 151 L   0.00002 0.00434 0.04727 0.20579 0.50348 0.23911 ( 5)  0.497
 152 E   0.03437 0.17320 0.29358 0.30929 0.17732 0.01225 ( 4)  0.189
 153 E   0.04541 0.21553 0.32829 0.29010 0.11759 0.00308 ( 3)  0.157
 154 R   0.38264 0.30044 0.19546 0.09666 0.02433 0.00047 ( 1)  0.067
 155 R   0.03428 0.17315 0.29436 0.31052 0.17651 0.01119 ( 4)  0.188
 156 S   0.35442 0.29038 0.20371 0.11387 0.03632 0.00131 ( 1)  0.076
 157 V   0.00000 0.00004 0.00249 0.03974 0.33215 0.62558 ( 6)  0.772
 158 P   0.00000 0.00004 0.00233 0.03781 0.32335 0.63648 ( 6)  0.779
 159 Q   0.39859 0.30520 0.18985 0.08718 0.01894 0.00024 ( 1)  0.062
 160 L   0.34604 0.28693 0.20560 0.11901 0.04065 0.00177 ( 1)  0.080
 161 K   0.04328 0.20779 0.32300 0.29490 0.12715 0.00388 ( 3)  0.162
 162 S   0.00000 0.00000 0.00005 0.00232 0.06406 0.93357 ( 6)  0.961
 163 L   0.35864 0.29199 0.20259 0.11128 0.03436 0.00115 ( 1)  0.075
 164 N   0.00000 0.00000 0.00009 0.00452 0.11930 0.87610 ( 6)  0.927
 165 K   0.00000 0.00000 0.00000 0.00003 0.00802 0.99194 ( 6)  0.995
 166 K   0.00000 0.00008 0.00488 0.06899 0.45567 0.47037 ( 6)  0.675
 167 E   0.05485 0.24807 0.34690 0.26666 0.08247 0.00105 ( 3)  0.139
 168 L   0.37062 0.29643 0.19927 0.10394 0.02901 0.00074 ( 1)  0.071
 169 P   0.00152 0.04682 0.18926 0.36686 0.35750 0.03805 ( 4)  0.286
 170 P   0.00000 0.00003 0.00185 0.03105 0.28408 0.68298 ( 6)  0.808
 171 V   0.00000 0.00102 0.02446 0.17327 0.57041 0.23084 ( 5)  0.507
 172 W   0.00000 0.00000 0.00000 0.00011 0.01380 0.98609 ( 6)  0.992
 173 H   0.00005 0.00971 0.09204 0.31963 0.50436 0.07421 ( 5)  0.361
 174 P   0.00000 0.00000 0.00006 0.00302 0.08647 0.91045 ( 6)  0.947
 175 V   0.00000 0.00002 0.00174 0.03197 0.31246 0.65381 ( 6)  0.791
 176 W   0.40215 0.30616 0.18850 0.08511 0.01787 0.00021 ( 1)  0.061
 177 G   0.00000 0.00000 0.00049 0.01463 0.21672 0.76816 ( 6)  0.861
 178 T   0.04055 0.19750 0.31503 0.30022 0.14113 0.00557 ( 3)  0.169
 179 Q   0.00000 0.00075 0.01877 0.14204 0.53205 0.30639 ( 5)  0.560
 180 E   0.05511 0.24893 0.34731 0.26598 0.08165 0.00102 ( 3)  0.138
 181 L   0.36138 0.29305 0.20187 0.10959 0.03307 0.00104 ( 1)  0.074
 182 G   0.04760 0.22312 0.33275 0.28468 0.10923 0.00262 ( 3)  0.153
 183 P   0.00003 0.00661 0.06731 0.26263 0.52048 0.14292 ( 5)  0.422
 184 F   0.39774 0.30500 0.19020 0.08766 0.01915 0.00024 ( 1)  0.062
 185 I   0.39272 0.30359 0.19205 0.09062 0.02073 0.00030 ( 1)  0.064
 186 R   0.39657 0.30453 0.19050 0.08841 0.01971 0.00028 ( 1)  0.063
 187 F   0.02492 0.13029 0.23793 0.29045 0.24327 0.07314 ( 4)  0.266
 188 C   0.40430 0.30668 0.18763 0.08388 0.01731 0.00019 ( 1)  0.060
 189 L   0.37471 0.29788 0.19806 0.10144 0.02729 0.00062 ( 1)  0.069
 190 L   0.00009 0.01570 0.13385 0.39025 0.43582 0.02429 ( 5)  0.302
 191 D   0.42194 0.31067 0.18033 0.07401 0.01295 0.00009 ( 1)  0.056
 192 Q   0.39460 0.30404 0.19128 0.08954 0.02025 0.00029 ( 1)  0.063
 193 H   0.00000 0.00100 0.02421 0.17224 0.57071 0.23183 ( 5)  0.508
 194 F   0.40204 0.30620 0.18860 0.08514 0.01783 0.00020 ( 1)  0.061
 195 P   0.37421 0.29767 0.19818 0.10175 0.02754 0.00065 ( 1)  0.069
 196 A   0.38059 0.29979 0.19614 0.09789 0.02508 0.00051 ( 1)  0.067
 197 F   0.38439 0.30110 0.19498 0.09557 0.02354 0.00042 ( 1)  0.066
 198 V   0.40844 0.30767 0.18595 0.08154 0.01624 0.00017 ( 1)  0.059
 199 Q   0.04801 0.22474 0.33410 0.28391 0.10689 0.00233 ( 3)  0.151
 200 A   0.04818 0.22537 0.33461 0.28360 0.10601 0.00224 ( 3)  0.151
 201 V   0.40844 0.30767 0.18595 0.08154 0.01624 0.00017 ( 1)  0.059
 202 E   0.43452 0.31299 0.17473 0.06729 0.01041 0.00005 ( 1)  0.053
 203 K   0.00006 0.01162 0.10617 0.34682 0.48483 0.05049 ( 5)  0.337
 204 E   0.40870 0.30777 0.18589 0.08137 0.01611 0.00016 ( 1)  0.059
 205 L   0.35839 0.29179 0.20252 0.11142 0.03466 0.00123 ( 1)  0.075
 206 Q   0.00000 0.00005 0.00330 0.05060 0.38808 0.55797 ( 6)  0.730
 207 K   0.04123 0.20005 0.31702 0.29893 0.13765 0.00513 ( 3)  0.167

Positively selected sites

	Prob(w>1)  mean w



lnL = -4991.279407

