

TREE # 1

  0  0.0000   5382.720727  x:  0.04704   0.03433   0.05438   0.07069   0.09751   0.09523   0.01594   0.03821   0.05526   0.02486   0.04897   0.08022   0.05268   0.10812   0.08581   0.08220   0.07785   0.01027   0.07573   0.04018   0.06540   0.10975   0.06241   0.09844   0.05249   0.05909   0.08207   0.08630   0.02958   0.05975   0.09935   0.07750   0.09076   0.01184   0.07323   0.07055   0.06328   0.07476   0.02007   0.06357   0.07092   0.04954   0.01600   0.07190   0.06094   0.06891   0.05593   0.01214   0.09938   0.05606   0.06116   0.05082   0.01420   0.08793   0.10305   0.09134   2.00000   0.90000   0.51073   1.64120  
  1 99.0000   5158.593854  x:  0.02525   0.04265   0.08441   0.11112   0.09151   0.10339   0.06696   0.02893   0.10636   0.07596   0.08910   0.08934   0.11271   0.09907   0.08721   0.07408   0.09318   0.16895   0.08846   0.06945   0.07385   0.09969   0.05903   0.08295   0.04689   0.06177   0.12113   0.11500   0.02723   0.10214   0.09642   0.07653   0.08441   0.05968   0.12362   0.07933   0.06950   0.10048   0.07432   0.06500   0.04992   0.04032   0.04670   0.06435   0.04867   0.05622   0.05223   0.03773   0.09154   0.06539   0.05324   0.03952   0.00000   0.07630   0.09682   0.09078   2.00237   0.91325   0.50108   1.64399  
  2 2184.2624   5113.389926  x:  0.00000   0.04354   0.10157   0.13933   0.08306   0.10886   0.08402   0.01503   0.12862   0.09822   0.10014   0.08619   0.14243   0.08655   0.08934   0.06567   0.09444   0.19342   0.09367   0.07749   0.08067   0.08624   0.05474   0.06800   0.04272   0.06531   0.14455   0.13981   0.01938   0.12670   0.09105   0.07275   0.07654   0.06606   0.15640   0.08670   0.07469   0.11790   0.08120   0.06687   0.02584   0.03237   0.05120   0.05695   0.03513   0.04126   0.04880   0.04109   0.08329   0.07117   0.04946   0.03470   0.10745   0.06480   0.09147   0.09141   2.00496   0.92180   0.49365   1.64611  
  3 1493.4475   5084.328771  x:  0.00000   0.04078   0.10965   0.15821   0.07215   0.11083   0.08844   0.00000   0.13680   0.10640   0.09684   0.07595   0.15578   0.07152   0.09175   0.05790   0.08991   0.17368   0.09541   0.07662   0.08591   0.07032   0.05232   0.05361   0.04087   0.06837   0.16029   0.15995   0.00702   0.13963   0.08382   0.06714   0.06853   0.05840   0.17673   0.09158   0.07789   0.12803   0.07112   0.06902   0.00576   0.02501   0.04686   0.05091   0.02366   0.02609   0.04665   0.03679   0.07489   0.07452   0.04640   0.02706   0.09835   0.05496   0.08775   0.09251   2.00788   0.92569   0.48797   1.64767  
  4 551.3585   5074.497585  x:  0.00000   0.04016   0.11249   0.16702   0.06526   0.11044   0.09285   0.00421   0.14123   0.11083   0.09463   0.06931   0.16173   0.06256   0.09257   0.05484   0.08751   0.16363   0.09642   0.07636   0.08811   0.06055   0.05284   0.04635   0.04029   0.06880   0.16864   0.16959   0.00000   0.14520   0.07946   0.06373   0.06487   0.05611   0.18573   0.09279   0.07838   0.13160   0.06826   0.07002   0.01726   0.02756   0.04784   0.04873   0.02305   0.02128   0.04626   0.03747   0.07024   0.07600   0.04644   0.02912   0.09550   0.05160   0.08563   0.09314   2.00994   0.92851   0.48344   1.64889  
  5 651.8149   5062.320006  x:  0.00000   0.04837   0.10959   0.18414   0.03855   0.09630   0.11834   0.01808   0.15099   0.12059   0.07264   0.03446   0.16831   0.03153   0.09179   0.05943   0.08247   0.13603   0.10044   0.07768   0.09156   0.02373   0.06858   0.03443   0.04284   0.06279   0.19252   0.19000   0.00000   0.15137   0.06574   0.05251   0.06185   0.06359   0.19756   0.08669   0.07189   0.12778   0.07879   0.06454   0.00000   0.03621   0.06167   0.05214   0.04989   0.03998   0.05200   0.05485   0.05745   0.07610   0.05168   0.04107   0.09162   0.05417   0.08238   0.09321   2.02041   0.93728   0.46002   1.65502  
  6 323.8055   5062.320006  x:  0.00000   0.04837   0.10959   0.18414   0.03855   0.09630   0.11834   0.01808   0.15099   0.12059   0.07264   0.03446   0.16831   0.03153   0.09179   0.05943   0.08247   0.13603   0.10044   0.07768   0.09156   0.02373   0.06858   0.03443   0.04284   0.06279   0.19252   0.19000   0.00000   0.15137   0.06574   0.05251   0.06185   0.06359   0.19756   0.08669   0.07189   0.12778   0.07879   0.06454   0.00000   0.03621   0.06167   0.05214   0.04989   0.03998   0.05200   0.05485   0.05745   0.07610   0.05168   0.04107   0.09162   0.05417   0.08238   0.09321   2.02041   0.93728   0.46002   1.65502  
  7 1953.2670   5060.284079  x:  0.01149   0.04802   0.11043   0.18561   0.03788   0.09633   0.11952   0.01657   0.15218   0.12178   0.07275   0.03374   0.16983   0.03083   0.09191   0.05921   0.08261   0.13764   0.10074   0.07814   0.09212   0.02319   0.06814   0.03365   0.04255   0.06318   0.19393   0.19140   0.00000   0.15260   0.06545   0.05232   0.06139   0.06377   0.19925   0.08719   0.07233   0.12864   0.07868   0.06510   0.00985   0.03544   0.06105   0.05156   0.04789   0.03808   0.05154   0.05415   0.05709   0.07623   0.05112   0.03988   0.08808   0.05344   0.08203   0.09333   2.02072   0.93737   0.45944   1.65518  
  8 913.2730   5033.881914  x:  0.00921   0.04255   0.11975   0.20209   0.03031   0.09656   0.13267   0.00000   0.16541   0.13501   0.07403   0.02572   0.18674   0.02318   0.09329   0.05698   0.08406   0.15568   0.10400   0.08328   0.09840   0.01735   0.06341   0.02531   0.03943   0.06745   0.20985   0.20712   0.00000   0.16640   0.06213   0.05019   0.05634   0.06576   0.21814   0.09272   0.07707   0.13829   0.07737   0.06897   0.01172   0.02404   0.05438   0.04520   0.02575   0.01699   0.04656   0.04655   0.05318   0.07779   0.04417   0.02539   0.04860   0.04498   0.07842   0.09458   2.02430   0.93790   0.45312   1.65688  
  9 478.2712   5021.319795  x:  0.00627   0.04073   0.12606   0.21790   0.02152   0.09404   0.14463   0.02576   0.17701   0.14661   0.07881   0.02181   0.20137   0.01986   0.09392   0.05937   0.08260   0.17114   0.10611   0.08540   0.10341   0.01584   0.06262   0.02912   0.03979   0.06826   0.22593   0.22325   0.00000   0.17874   0.05766   0.04715   0.05323   0.06719   0.23595   0.09490   0.07838   0.14482   0.07680   0.06985   0.01439   0.02955   0.05566   0.04345   0.01860   0.01480   0.04616   0.04701   0.05062   0.08023   0.04518   0.03204   0.00000   0.04248   0.07612   0.09563   2.02913   0.93841   0.44405   1.65930  
 10 515.8293   5015.804902  x:  0.00306   0.03823   0.13584   0.24281   0.00781   0.08970   0.16321   0.05811   0.19489   0.16449   0.08468   0.01469   0.22425   0.01452   0.09492   0.06288   0.08024   0.19542   0.10931   0.08866   0.11109   0.01351   0.06130   0.03393   0.04019   0.06955   0.25128   0.24876   0.00000   0.19811   0.05073   0.04244   0.04863   0.06945   0.26391   0.09827   0.08041   0.15492   0.07601   0.07121   0.01747   0.03723   0.05756   0.04095   0.00927   0.01168   0.04565   0.04756   0.04679   0.08390   0.04755   0.04268   0.00618   0.03883   0.07284   0.09719   2.03689   0.93869   0.42984   1.66311  
 11 398.5356   5012.057584  x:  0.00390   0.04080   0.14269   0.26639   0.00000   0.08189   0.17870   0.06582   0.20860   0.17820   0.08104   0.00438   0.24369   0.01176   0.09575   0.06609   0.07656   0.21698   0.11104   0.09018   0.11611   0.01384   0.06114   0.03339   0.04055   0.06987   0.27555   0.27409   0.00000   0.21576   0.04571   0.03926   0.04871   0.07147   0.28928   0.09968   0.08111   0.16167   0.07679   0.07137   0.01617   0.03756   0.06153   0.04326   0.04331   0.01977   0.04806   0.04956   0.04626   0.08625   0.04837   0.04232   0.00749   0.04091   0.07377   0.09808   2.04572   0.93267   0.41822   1.66648  
 12 351.7005   5009.167040  x:  0.01057   0.05007   0.14093   0.28651   0.01554   0.06538   0.18806   0.06534   0.21236   0.18196   0.06508   0.00643   0.25328   0.02357   0.09604   0.07346   0.06855   0.23063   0.10903   0.08576   0.11407   0.02013   0.06684   0.03475   0.04348   0.06699   0.29738   0.29978   0.00000   0.22844   0.04516   0.03941   0.05839   0.07231   0.30737   0.09527   0.07766   0.15864   0.08027   0.06852   0.00810   0.03614   0.06104   0.05103   0.03743   0.02988   0.05324   0.05514   0.05392   0.08571   0.05190   0.04068   0.00739   0.05330   0.08210   0.09822   2.05837   0.91126   0.41360   1.66900  
 13 136.1722   5008.072299  x:  0.01717   0.04813   0.13603   0.29451   0.01135   0.05077   0.18742   0.06445   0.20876   0.17836   0.05898   0.00063   0.25064   0.01788   0.09676   0.06979   0.06310   0.23230   0.10649   0.08231   0.10936   0.01790   0.06806   0.03565   0.04334   0.06782   0.30751   0.31135   0.00000   0.23109   0.04085   0.03664   0.05974   0.07204   0.31135   0.09391   0.07732   0.15271   0.08070   0.07010   0.00000   0.04044   0.06357   0.05153   0.03553   0.02853   0.05358   0.05514   0.05590   0.08410   0.05232   0.04472   0.00694   0.05253   0.08299   0.09954   2.06903   0.89741   0.41570   1.67034  
 14 78.5377   5006.604427  x:  0.00370   0.04725   0.13463   0.29561   0.01181   0.04769   0.18678   0.06331   0.20690   0.17650   0.05916   0.00363   0.24872   0.01792   0.09695   0.06974   0.06254   0.23158   0.10590   0.08193   0.10834   0.01832   0.06807   0.03531   0.04322   0.06806   0.30904   0.31333   0.00000   0.23099   0.04004   0.03635   0.05976   0.07193   0.31074   0.09385   0.07756   0.15092   0.08075   0.07028   0.00000   0.03982   0.06394   0.05135   0.03648   0.02801   0.05347   0.05492   0.05601   0.08374   0.05201   0.04422   0.00722   0.05223   0.08248   0.10017   2.07227   0.89588   0.41627   1.67085  
 15 64.4825   5006.144209  x:  0.00555   0.04456   0.13019   0.30438   0.01415   0.03425   0.18617   0.06377   0.20015   0.16975   0.06478   0.01015   0.24166   0.01665   0.09798   0.06973   0.06105   0.23103   0.10390   0.08178   0.10579   0.02078   0.06734   0.03503   0.04289   0.06895   0.31966   0.32624   0.00000   0.23322   0.03509   0.03469   0.05825   0.07180   0.31053   0.09454   0.07923   0.14446   0.08102   0.07195   0.00000   0.03823   0.06503   0.04956   0.03806   0.02547   0.05257   0.05424   0.05491   0.08324   0.05168   0.04343   0.00731   0.05017   0.07890   0.10298   2.09100   0.89461   0.41509   1.67478  
 16 52.0047   5005.777552  x:  0.00456   0.04581   0.12934   0.31028   0.02059   0.02938   0.18502   0.06331   0.19472   0.16432   0.07041   0.00398   0.23507   0.01464   0.09812   0.06910   0.06294   0.22917   0.10292   0.08354   0.10586   0.02129   0.06636   0.03541   0.04303   0.06815   0.32599   0.33471   0.00000   0.23491   0.03241   0.03480   0.05766   0.07182   0.30752   0.09479   0.07947   0.14195   0.08128   0.07104   0.00000   0.03691   0.06379   0.04922   0.03735   0.02696   0.05234   0.05506   0.05369   0.08400   0.05217   0.04268   0.00729   0.05066   0.07726   0.10364   2.10953   0.90173   0.41233   1.67930  
 17 63.2265   5005.467310  x:  0.00454   0.04656   0.13152   0.31520   0.01750   0.02602   0.18385   0.06083   0.19169   0.16129   0.06695   0.00547   0.23076   0.01646   0.09633   0.07107   0.06547   0.22593   0.10181   0.08504   0.10654   0.01580   0.06531   0.03505   0.04214   0.06668   0.33043   0.34128   0.00000   0.23697   0.02840   0.03318   0.05833   0.07145   0.30249   0.09337   0.07702   0.14330   0.07987   0.06895   0.00000   0.03955   0.06215   0.05033   0.03656   0.02795   0.05223   0.05464   0.05357   0.08389   0.05137   0.04380   0.00704   0.05117   0.07927   0.10081   2.13641   0.90882   0.41022   1.68574  
 18 41.6394   5005.145448  x:  0.00454   0.04547   0.13391   0.31850   0.01515   0.02732   0.18290   0.06066   0.19191   0.16151   0.06144   0.00633   0.22923   0.01357   0.09372   0.07018   0.06657   0.22119   0.10100   0.08555   0.10862   0.02365   0.06684   0.03574   0.04287   0.06648   0.33200   0.34567   0.00000   0.23924   0.03035   0.03220   0.05856   0.07057   0.29627   0.09180   0.07537   0.14580   0.07791   0.06870   0.00000   0.03960   0.06223   0.04991   0.03628   0.02691   0.05220   0.05296   0.05368   0.08243   0.05066   0.04431   0.00696   0.05041   0.08064   0.09698   2.17542   0.91063   0.40988   1.69484  
 19 51.4957   5004.333600  x:  0.00473   0.04520   0.13526   0.32049   0.01611   0.03579   0.18247   0.06618   0.19816   0.16776   0.06118   0.00437   0.23234   0.01747   0.09194   0.06854   0.06594   0.21067   0.09952   0.08202   0.10550   0.01775   0.06575   0.03225   0.04171   0.06841   0.32958   0.34946   0.00000   0.24193   0.03705   0.03262   0.05741   0.06905   0.28487   0.09202   0.07841   0.14889   0.07807   0.07131   0.00000   0.03470   0.06455   0.04744   0.03722   0.02562   0.05216   0.05243   0.05389   0.08083   0.05152   0.04102   0.00734   0.04976   0.07855   0.09557   2.28495   0.89941   0.41413   1.72021  
 20 81.3494   5003.736036  x:  0.00471   0.04696   0.13267   0.31559   0.01210   0.03810   0.18335   0.06185   0.20273   0.17233   0.06538   0.00421   0.23787   0.01873   0.09649   0.06756   0.06733   0.21025   0.10367   0.08393   0.10630   0.02073   0.06685   0.03591   0.04331   0.06738   0.32426   0.34474   0.00000   0.23885   0.03048   0.03536   0.05814   0.07102   0.28561   0.09487   0.08077   0.14800   0.08146   0.06985   0.00000   0.03875   0.06197   0.05059   0.03623   0.02691   0.05120   0.05572   0.05408   0.08471   0.05052   0.04021   0.00713   0.05187   0.07735   0.10340   2.37030   0.89209   0.41838   1.74140  
 21 99.4187   5003.429000  x:  0.00481   0.04495   0.13077   0.31018   0.01669   0.03510   0.18504   0.05885   0.20238   0.17198   0.06602   0.00599   0.24088   0.01498   0.09864   0.06842   0.06918   0.21715   0.10646   0.08590   0.10761   0.01885   0.06624   0.03451   0.04202   0.06721   0.32008   0.33789   0.00000   0.23551   0.03320   0.03676   0.05822   0.07266   0.29460   0.09429   0.07804   0.14663   0.08059   0.06980   0.00000   0.03905   0.06275   0.05045   0.03666   0.02667   0.05285   0.05487   0.05349   0.08514   0.05214   0.04728   0.00679   0.05029   0.07987   0.10438   2.41699   0.89144   0.42132   1.75488  
 22 66.0173   5003.258201  x:  0.00465   0.04584   0.13107   0.30560   0.01623   0.03161   0.18569   0.06018   0.19982   0.16942   0.06639   0.00398   0.24109   0.01625   0.09740   0.07114   0.06819   0.22334   0.10584   0.08496   0.10825   0.01923   0.06662   0.03532   0.04342   0.06790   0.31697   0.33072   0.00000   0.23309   0.03315   0.03301   0.05721   0.07205   0.30348   0.09338   0.07689   0.14666   0.07965   0.07063   0.00000   0.03762   0.06409   0.04902   0.03621   0.02690   0.05324   0.05377   0.05342   0.08375   0.05215   0.04362   0.00691   0.05020   0.08012   0.10113   2.44105   0.89280   0.42402   1.76379  
 23 41.7412   5003.208228  x:  0.00471   0.04606   0.13198   0.30478   0.01660   0.03187   0.18614   0.06134   0.19847   0.16807   0.06545   0.00466   0.24027   0.01459   0.09597   0.07034   0.06637   0.22566   0.10394   0.08365   0.10734   0.01922   0.06616   0.03462   0.04180   0.06723   0.31635   0.32812   0.00000   0.23346   0.03285   0.03369   0.05828   0.07143   0.30712   0.09360   0.07816   0.14690   0.07982   0.06995   0.00000   0.03819   0.06339   0.04968   0.03620   0.02688   0.05212   0.05420   0.05380   0.08358   0.05105   0.04213   0.00700   0.05097   0.07892   0.10048   2.44744   0.89370   0.42508   1.76789  
 24 19.3663   5003.181527  x:  0.00470   0.04542   0.13267   0.30507   0.01643   0.03307   0.18600   0.06100   0.19780   0.16740   0.06472   0.00443   0.23905   0.01621   0.09551   0.06950   0.06442   0.22709   0.10223   0.08307   0.10633   0.01956   0.06583   0.03483   0.04322   0.06743   0.31646   0.32649   0.00000   0.23473   0.03263   0.03435   0.05809   0.07115   0.30879   0.09358   0.07874   0.14698   0.08001   0.06973   0.00000   0.03758   0.06237   0.04983   0.03651   0.02622   0.05170   0.05439   0.05371   0.08374   0.05122   0.04365   0.00694   0.05055   0.07849   0.10119   2.44962   0.89441   0.42593   1.77223  
 25  9.3197   5003.134701  x:  0.00467   0.04568   0.13285   0.30654   0.01575   0.03532   0.18491   0.06002   0.19785   0.16745   0.06494   0.00505   0.23661   0.01704   0.09619   0.06785   0.06201   0.22946   0.10092   0.08367   0.10559   0.01990   0.06580   0.03592   0.04107   0.06727   0.31762   0.32422   0.00000   0.23723   0.03309   0.03355   0.05660   0.07144   0.30955   0.09275   0.07753   0.14656   0.08018   0.07048   0.00000   0.03795   0.06277   0.04918   0.03611   0.02706   0.05299   0.05471   0.05327   0.08401   0.05243   0.04319   0.00687   0.05030   0.07937   0.10268   2.45088   0.89448   0.42795   1.78360  
 26  9.1345   5003.001411  x:  0.00472   0.04669   0.13193   0.31027   0.01447   0.03736   0.18111   0.05954   0.19925   0.16885   0.06684   0.00643   0.23207   0.01571   0.09794   0.06713   0.05997   0.23471   0.10119   0.08542   0.10625   0.01867   0.06506   0.03493   0.04513   0.06752   0.32154   0.31985   0.00000   0.24110   0.03534   0.03390   0.05837   0.07243   0.30872   0.09275   0.07649   0.14516   0.07962   0.06993   0.00000   0.03913   0.06512   0.04979   0.03537   0.02752   0.05365   0.05392   0.05334   0.08373   0.05024   0.04174   0.00687   0.05136   0.08021   0.10251   2.45146   0.89276   0.43421   1.82089  
 27 22.0829   5002.595954  x:  0.00459   0.04617   0.13051   0.31738   0.01505   0.03881   0.17368   0.05844   0.20234   0.17194   0.06791   0.00478   0.22715   0.01721   0.09892   0.07252   0.05995   0.24456   0.10509   0.08550   0.11024   0.01948   0.06642   0.03463   0.04007   0.06695   0.33149   0.31137   0.00000   0.24400   0.03291   0.03217   0.06107   0.07229   0.30413   0.09601   0.08010   0.14387   0.07872   0.06847   0.00000   0.03689   0.06464   0.05120   0.03560   0.02528   0.05044   0.05255   0.05483   0.08343   0.05006   0.04498   0.00664   0.05112   0.07868   0.09778   2.44985   0.88589   0.45344   1.93673  
 28 69.4075   5001.665692  x:  0.00435   0.04427   0.13287   0.32628   0.01988   0.03496   0.17140   0.05475   0.20480   0.17440   0.06353   0.00745   0.23245   0.00993   0.09464   0.07521   0.06110   0.25369   0.11001   0.07801   0.11170   0.01609   0.06726   0.03744   0.04521   0.06999   0.34819   0.30477   0.00000   0.24107   0.02834   0.03406   0.05534   0.06954   0.29679   0.09655   0.08221   0.14699   0.08119   0.07362   0.00000   0.03840   0.05874   0.04706   0.03487   0.02677   0.04985   0.05669   0.05463   0.08521   0.05724   0.04156   0.00610   0.04822   0.07632   0.09801   2.44379   0.87682   0.49398   2.20552  
 29 164.9576   4999.794476  x:  0.00352   0.04278   0.13793   0.33356   0.01567   0.02082   0.18094   0.04971   0.20407   0.17367   0.06659   0.00202   0.25312   0.01687   0.09054   0.07115   0.05873   0.25637   0.11214   0.07028   0.10731   0.02096   0.06335   0.03072   0.03999   0.06834   0.37108   0.30693   0.00000   0.23160   0.03238   0.04224   0.05232   0.06920   0.29113   0.09166   0.07781   0.15403   0.08312   0.07439   0.00000   0.03977   0.06246   0.04660   0.03168   0.02033   0.05491   0.05573   0.05040   0.08448   0.04759   0.03990   0.00529   0.04920   0.07784   0.10829   2.42914   0.86489   0.57303   2.75356  
 30 412.0085   4997.997688  x:  0.00322   0.04377   0.13580   0.33191   0.01367   0.02585   0.20214   0.04280   0.20083   0.17043   0.07003   0.00392   0.26981   0.01307   0.09484   0.06273   0.05386   0.24820   0.10686   0.07795   0.10094   0.01795   0.06595   0.03511   0.04118   0.06877   0.38321   0.32445   0.00000   0.22728   0.02735   0.02957   0.05826   0.07286   0.29790   0.09231   0.07890   0.15391   0.07880   0.06908   0.00000   0.03030   0.06829   0.05057   0.02826   0.01869   0.05423   0.04944   0.05251   0.08159   0.04617   0.04104   0.00434   0.04765   0.07995   0.10747   2.41467   0.85141   0.64605   3.27089  
 31 570.1026   4996.974201  x:  0.00259   0.04246   0.13162   0.32646   0.00824   0.02638   0.21192   0.03542   0.20056   0.17016   0.07082   0.00246   0.27250   0.01650   0.10022   0.06484   0.05306   0.23937   0.10093   0.08717   0.10275   0.01853   0.06598   0.03263   0.04058   0.07129   0.38256   0.34336   0.00000   0.23205   0.03541   0.02984   0.06068   0.07466   0.31035   0.09748   0.08391   0.14994   0.07679   0.07249   0.00000   0.03884   0.06726   0.04724   0.02589   0.02128   0.04810   0.04947   0.05561   0.08232   0.05247   0.03879   0.00348   0.04422   0.07716   0.10112   2.40584   0.84337   0.68875   3.57582  
 32 486.3451   4996.369637  x:  0.00238   0.04524   0.13039   0.31999   0.00535   0.02598   0.21113   0.03455   0.20416   0.17377   0.06923   0.00256   0.26460   0.01356   0.10103   0.06896   0.05789   0.23234   0.09840   0.08872   0.10808   0.01690   0.06541   0.03392   0.04002   0.07132   0.37312   0.36079   0.00000   0.24091   0.03513   0.03181   0.05443   0.07320   0.32390   0.09773   0.08294   0.14711   0.08129   0.07600   0.00000   0.03491   0.06415   0.04566   0.02588   0.01642   0.05010   0.05231   0.05536   0.08392   0.04790   0.04050   0.00327   0.04925   0.07761   0.09972   2.40047   0.83646   0.71411   3.74932  
 33 217.3839   4996.086433  x:  0.00244   0.04014   0.13277   0.31754   0.00745   0.02525   0.20721   0.03442   0.20784   0.17744   0.06909   0.00209   0.25815   0.01397   0.09949   0.06921   0.06229   0.22991   0.10024   0.08617   0.10893   0.01744   0.06504   0.03154   0.04022   0.07139   0.36373   0.37168   0.00000   0.24667   0.03065   0.03048   0.05483   0.07262   0.33211   0.09674   0.08212   0.14825   0.08083   0.07452   0.00000   0.03525   0.06512   0.04777   0.02495   0.01889   0.05176   0.05143   0.05310   0.08355   0.04665   0.03857   0.00323   0.04515   0.07800   0.10228   2.39787   0.83273   0.72718   3.82942  
 34 133.4046   4996.063512  x:  0.00243   0.04035   0.13300   0.31763   0.00750   0.02503   0.20688   0.03437   0.20800   0.17760   0.06916   0.00214   0.25794   0.01400   0.09940   0.06903   0.06244   0.22993   0.10051   0.08598   0.10878   0.01742   0.06515   0.03167   0.04021   0.07142   0.36308   0.37220   0.00000   0.24690   0.03062   0.03043   0.05509   0.07267   0.33241   0.09673   0.08217   0.14842   0.08077   0.07445   0.00121   0.03530   0.06523   0.04772   0.02499   0.01865   0.05167   0.05126   0.05311   0.08352   0.04697   0.03854   0.00322   0.04516   0.07800   0.10246   2.39778   0.83276   0.72773   3.83234  
 35 66.5734   4995.964581  x:  0.00239   0.04149   0.13422   0.31819   0.00776   0.02380   0.20505   0.03407   0.20895   0.17855   0.06972   0.00244   0.25678   0.01415   0.09893   0.06798   0.06318   0.23007   0.10201   0.08482   0.10781   0.01738   0.06569   0.03232   0.04016   0.07160   0.35940   0.37510   0.00427   0.24813   0.03039   0.03018   0.05645   0.07295   0.33405   0.09672   0.08253   0.14937   0.08048   0.07413   0.00093   0.03559   0.06580   0.04742   0.02523   0.01739   0.05111   0.05038   0.05317   0.08337   0.04857   0.03836   0.00318   0.04510   0.07837   0.10325   2.39726   0.83293   0.73082   3.84870  
 36 98.9750   4995.910557  x:  0.00236   0.04277   0.13546   0.31957   0.00681   0.02200   0.20268   0.03356   0.20987   0.17947   0.07076   0.00297   0.25583   0.01396   0.09836   0.06659   0.06387   0.23073   0.10386   0.08353   0.10637   0.01760   0.06617   0.03215   0.04006   0.07183   0.35427   0.37860   0.00317   0.24946   0.03023   0.03002   0.05793   0.07330   0.33568   0.09684   0.08327   0.15070   0.08007   0.07397   0.00069   0.03437   0.06614   0.04686   0.02494   0.01777   0.05058   0.05005   0.05368   0.08330   0.05050   0.03879   0.00310   0.04537   0.07868   0.10381   2.39667   0.83331   0.73456   3.86731  
 37 67.4196   4995.866227  x:  0.00237   0.04249   0.13532   0.32340   0.00687   0.02179   0.20129   0.03282   0.20946   0.17906   0.07144   0.00328   0.25717   0.01397   0.09862   0.06604   0.06318   0.23303   0.10501   0.08332   0.10509   0.01786   0.06622   0.03176   0.04015   0.07187   0.34852   0.38139   0.00381   0.24952   0.03026   0.02854   0.05682   0.07348   0.33537   0.09703   0.08395   0.15138   0.07972   0.07498   0.00080   0.03449   0.06598   0.04637   0.02464   0.01905   0.05010   0.05127   0.05509   0.08342   0.04864   0.03989   0.00305   0.04612   0.07836   0.10288   2.39647   0.83398   0.73752   3.87535  
 38 17.1943   4995.822656  x:  0.00236   0.04194   0.13454   0.32841   0.00752   0.02225   0.20001   0.03297   0.20868   0.17829   0.07163   0.00314   0.25879   0.01403   0.09910   0.06651   0.06237   0.23601   0.10540   0.08344   0.10498   0.01766   0.06617   0.03260   0.04023   0.07152   0.34078   0.38522   0.00279   0.24973   0.02959   0.02880   0.05668   0.07346   0.33490   0.09669   0.08355   0.15131   0.07990   0.07488   0.00074   0.03564   0.06589   0.04729   0.02514   0.01706   0.05053   0.05120   0.05498   0.08321   0.04892   0.03902   0.00308   0.04584   0.07844   0.10217   2.39614   0.83440   0.74193   3.88765  
 39 25.7700   4995.798787  x:  0.00240   0.04228   0.13378   0.33122   0.00663   0.02236   0.20021   0.03331   0.20796   0.17757   0.07119   0.00305   0.26016   0.01362   0.09933   0.06732   0.06169   0.23779   0.10427   0.08390   0.10626   0.01765   0.06559   0.03232   0.04009   0.07167   0.33739   0.38627   0.00364   0.24944   0.02917   0.02981   0.05710   0.07316   0.33374   0.09685   0.08326   0.15042   0.08040   0.07434   0.00076   0.03450   0.06561   0.04699   0.02483   0.01814   0.05085   0.05078   0.05366   0.08325   0.04924   0.03891   0.00308   0.04531   0.07828   0.10227   2.39616   0.83461   0.74396   3.88873  
 40 12.2952   4995.776890  x:  0.00243   0.04216   0.13411   0.33242   0.00698   0.02185   0.20163   0.03327   0.20829   0.17789   0.07100   0.00285   0.26013   0.01351   0.09855   0.06760   0.06263   0.23892   0.10237   0.08389   0.10773   0.01764   0.06585   0.03151   0.04024   0.07206   0.33564   0.38682   0.00339   0.24998   0.02902   0.02838   0.05758   0.07276   0.33280   0.09727   0.08330   0.14957   0.08005   0.07431   0.00060   0.03495   0.06589   0.04632   0.02490   0.01793   0.05027   0.05023   0.05365   0.08384   0.04959   0.03908   0.00307   0.04655   0.07852   0.10431   2.39624   0.83502   0.74674   3.89100  
 41  4.4733   4995.728825  x:  0.00251   0.04242   0.13574   0.33349   0.00737   0.01955   0.20493   0.03288   0.20948   0.17908   0.07130   0.00271   0.25948   0.01366   0.09772   0.06752   0.06447   0.24027   0.10018   0.08458   0.10862   0.01701   0.06680   0.03379   0.04010   0.07182   0.33447   0.38710   0.00309   0.25162   0.03012   0.02838   0.05817   0.07279   0.33139   0.09780   0.08345   0.14864   0.07949   0.07488   0.00041   0.03453   0.06597   0.04733   0.02498   0.01827   0.05022   0.05063   0.05488   0.08442   0.04844   0.03897   0.00310   0.04481   0.07814   0.10547   2.39659   0.83622   0.75249   3.89226  
 42  7.2352   4995.567298  x:  0.00270   0.04378   0.13985   0.33461   0.00817   0.01624   0.21396   0.03226   0.21212   0.18172   0.07258   0.00244   0.25788   0.01357   0.09891   0.06703   0.06677   0.24191   0.09957   0.08836   0.10644   0.01873   0.06451   0.03123   0.04095   0.07061   0.33578   0.38692   0.00340   0.25582   0.02721   0.02925   0.05654   0.07416   0.32898   0.09733   0.08287   0.14817   0.08019   0.07508   0.00024   0.03466   0.06515   0.04845   0.02508   0.01765   0.05187   0.05208   0.05564   0.08322   0.05044   0.03924   0.00308   0.04508   0.07734   0.10227   2.39813   0.83922   0.76913   3.88778  
 43 12.3995   4995.398670  x:  0.00290   0.04205   0.14057   0.33513   0.00877   0.01605   0.21644   0.03134   0.21273   0.18234   0.07282   0.00235   0.25769   0.01370   0.10008   0.06761   0.06649   0.24168   0.10181   0.08879   0.10599   0.01850   0.06474   0.03295   0.04074   0.07168   0.33801   0.38803   0.00290   0.25795   0.02706   0.03033   0.05690   0.07460   0.32981   0.09716   0.08303   0.14949   0.08040   0.07411   0.00000   0.03480   0.06471   0.04653   0.02518   0.01823   0.05112   0.05147   0.05358   0.08309   0.04972   0.03893   0.00309   0.04714   0.07794   0.10175   2.39923   0.84167   0.77857   3.88666  
 44 19.6001   4994.914639  x:  0.00351   0.04757   0.13752   0.33695   0.00899   0.02135   0.21529   0.02795   0.21180   0.18140   0.07311   0.00321   0.26105   0.01335   0.10173   0.07066   0.06308   0.23913   0.11050   0.08617   0.11165   0.01799   0.06648   0.02947   0.04146   0.07175   0.35085   0.39419   0.00145   0.26179   0.03010   0.02712   0.05675   0.07409   0.33766   0.09762   0.08313   0.15675   0.08186   0.07503   0.00000   0.03498   0.06294   0.04927   0.02485   0.01758   0.05022   0.05063   0.05213   0.08841   0.04863   0.03880   0.00297   0.04287   0.07859   0.10652   2.40429   0.85236   0.80840   3.87937  
 45 28.0076   4994.534609  x:  0.00409   0.04246   0.13662   0.33837   0.00644   0.02574   0.20807   0.02391   0.21130   0.18090   0.07639   0.00388   0.26670   0.01399   0.09857   0.06922   0.06461   0.24006   0.10856   0.08796   0.11723   0.01690   0.06563   0.02975   0.04213   0.06784   0.36096   0.39696   0.00298   0.25991   0.03022   0.03023   0.05613   0.07421   0.34339   0.09920   0.08185   0.15942   0.07747   0.07582   0.00000   0.03198   0.06330   0.05030   0.02370   0.01769   0.05355   0.05199   0.05845   0.08804   0.05182   0.03732   0.00277   0.04651   0.07685   0.10799   2.40838   0.85663   0.81673   3.86590  
 46 25.6710   4993.918566  x:  0.00466   0.04750   0.14208   0.34063   0.00910   0.02994   0.19434   0.01502   0.21391   0.18352   0.08162   0.00614   0.27385   0.01595   0.09276   0.06507   0.07101   0.24574   0.09828   0.09333   0.11779   0.01732   0.06408   0.03156   0.04162   0.07192   0.36961   0.40034   0.00094   0.25530   0.02754   0.03114   0.05569   0.07543   0.35046   0.09997   0.08029   0.15994   0.07955   0.07407   0.00000   0.03527   0.06248   0.04565   0.02283   0.01743   0.05198   0.05101   0.05636   0.08223   0.04887   0.03851   0.00233   0.04385   0.07652   0.10574   2.41425   0.85554   0.81160   3.85792  
 47 22.8897   4993.120071  x:  0.00539   0.04265   0.15106   0.34323   0.00815   0.02659   0.18728   0.00842   0.21744   0.18705   0.08178   0.00628   0.27697   0.01367   0.09841   0.06706   0.07061   0.25383   0.09225   0.09875   0.11160   0.01752   0.06289   0.03047   0.04135   0.07168   0.37373   0.39619   0.00163   0.25258   0.03162   0.02628   0.05443   0.07611   0.35048   0.09991   0.08208   0.15636   0.08111   0.07508   0.00000   0.03102   0.05706   0.05143   0.02090   0.01562   0.04625   0.05236   0.04917   0.08866   0.04946   0.03441   0.00198   0.04494   0.08174   0.10518   2.42179   0.85542   0.78217   3.83720  
 48 32.2064   4992.475922  x:  0.00577   0.04271   0.15444   0.34553   0.00901   0.02539   0.19264   0.00170   0.21876   0.18837   0.07912   0.00521   0.27419   0.01298   0.10225   0.06964   0.06543   0.25992   0.09727   0.09785   0.11137   0.01692   0.06290   0.02917   0.04080   0.07074   0.37172   0.39079   0.00112   0.25631   0.02772   0.02743   0.05710   0.07485   0.34825   0.09998   0.08399   0.15388   0.07969   0.07691   0.00000   0.03042   0.05736   0.04423   0.01928   0.01393   0.05131   0.04794   0.05432   0.09139   0.04678   0.03269   0.00159   0.04250   0.07859   0.10702   2.42747   0.85504   0.75125   3.82644  
 49 44.5013   4992.284636  x:  0.00592   0.04319   0.15113   0.34662   0.00865   0.02424   0.19793   0.00091   0.21757   0.18719   0.07964   0.00521   0.27197   0.01450   0.10030   0.06499   0.06457   0.26261   0.10195   0.09721   0.11575   0.01582   0.06342   0.02818   0.04027   0.07316   0.37033   0.38796   0.00141   0.25965   0.02731   0.02892   0.05395   0.07565   0.34677   0.10034   0.08170   0.15519   0.07783   0.07655   0.00000   0.02973   0.05381   0.04601   0.01913   0.01435   0.04723   0.04674   0.05571   0.08735   0.04669   0.03152   0.00156   0.04255   0.07937   0.10762   2.42922   0.85251   0.73990   3.82110  
 50 28.4157   4992.259656  x:  0.00594   0.04285   0.14917   0.34702   0.00842   0.02411   0.19937   0.00027   0.21692   0.18653   0.07977   0.00533   0.27143   0.01490   0.09919   0.06407   0.06550   0.26312   0.10219   0.09694   0.11647   0.01574   0.06344   0.02821   0.04047   0.07233   0.37009   0.38711   0.00158   0.26071   0.02740   0.02862   0.05445   0.07610   0.34645   0.10123   0.08213   0.15719   0.07883   0.07654   0.00000   0.02956   0.05510   0.04570   0.01894   0.01388   0.04720   0.04884   0.05442   0.08727   0.04693   0.03158   0.00152   0.04235   0.07986   0.10701   2.42946   0.85184   0.73794   3.81942  
 51 10.5768   4992.251832  x:  0.00595   0.04268   0.14777   0.34734   0.00836   0.02390   0.19967   0.00066   0.21653   0.18614   0.07976   0.00528   0.27123   0.01494   0.09922   0.06389   0.06660   0.26329   0.10164   0.09740   0.11593   0.01585   0.06353   0.02811   0.04046   0.07234   0.37008   0.38652   0.00173   0.26121   0.02739   0.02855   0.05486   0.07649   0.34638   0.10158   0.08232   0.15905   0.07917   0.07684   0.00000   0.02953   0.05421   0.04541   0.01904   0.01387   0.04787   0.04834   0.05456   0.08774   0.04676   0.03140   0.00155   0.04228   0.08031   0.10703   2.42955   0.85135   0.73725   3.81810  
 52  5.3523   4992.247847  x:  0.00594   0.04282   0.14704   0.34767   0.00841   0.02371   0.19984   0.00042   0.21643   0.18604   0.07983   0.00526   0.27115   0.01472   0.09938   0.06440   0.06708   0.26315   0.10109   0.09746   0.11551   0.01595   0.06334   0.02831   0.04044   0.07258   0.36998   0.38612   0.00178   0.26163   0.02734   0.02872   0.05449   0.07634   0.34646   0.10147   0.08236   0.16038   0.07906   0.07686   0.00000   0.02959   0.05463   0.04585   0.01893   0.01405   0.04779   0.04778   0.05454   0.08793   0.04688   0.03153   0.00153   0.04250   0.07982   0.10713   2.42959   0.85109   0.73682   3.81725  
 53  3.8068   4992.242977  x:  0.00594   0.04294   0.14658   0.34823   0.00863   0.02336   0.19977   0.00057   0.21656   0.18617   0.07984   0.00520   0.27123   0.01451   0.09990   0.06481   0.06710   0.26260   0.10064   0.09784   0.11540   0.01600   0.06328   0.02822   0.04041   0.07262   0.36987   0.38550   0.00180   0.26194   0.02701   0.02889   0.05452   0.07607   0.34673   0.10092   0.08193   0.16123   0.07849   0.07648   0.00000   0.02938   0.05481   0.04539   0.01898   0.01386   0.04708   0.04846   0.05489   0.08793   0.04683   0.03141   0.00154   0.04219   0.07984   0.10744   2.42966   0.85100   0.73623   3.81527  
 54  2.2262   4992.208906  x:  0.00582   0.04272   0.14593   0.35217   0.00960   0.02109   0.19962   0.00043   0.21783   0.18744   0.08064   0.00532   0.27217   0.01400   0.10035   0.06496   0.06578   0.25876   0.10005   0.09855   0.11676   0.01561   0.06353   0.02819   0.04049   0.07203   0.36940   0.38185   0.00174   0.26325   0.02669   0.02787   0.05488   0.07487   0.34879   0.10066   0.08316   0.16191   0.07859   0.07671   0.00000   0.02961   0.05400   0.04567   0.01897   0.01380   0.04811   0.04867   0.05407   0.08541   0.04680   0.03166   0.00152   0.04236   0.07954   0.10754   2.43031   0.85177   0.73163   3.79887  
 55  4.3477   4992.118131  x:  0.00555   0.04213   0.14614   0.36016   0.01037   0.02010   0.20049   0.00171   0.21861   0.18822   0.08008   0.00549   0.27333   0.01442   0.09806   0.06389   0.06703   0.25400   0.10182   0.09867   0.11710   0.01552   0.06330   0.02791   0.04031   0.07317   0.36955   0.37572   0.00152   0.26511   0.02530   0.02856   0.05390   0.07634   0.35317   0.10139   0.08306   0.15886   0.08033   0.07727   0.00000   0.02904   0.05672   0.04592   0.01864   0.01379   0.04724   0.04702   0.05435   0.08868   0.04657   0.03109   0.00156   0.04243   0.07944   0.10577   2.43220   0.85256   0.71943   3.75300  
 56 20.2373   4991.993772  x:  0.00524   0.04273   0.14835   0.36574   0.00839   0.02259   0.20372   0.00180   0.21774   0.18735   0.08237   0.00580   0.27263   0.01349   0.09664   0.06653   0.07022   0.25481   0.10448   0.09458   0.11530   0.01587   0.06257   0.02842   0.04062   0.07149   0.37104   0.37284   0.00154   0.26654   0.02758   0.02742   0.05373   0.07671   0.35586   0.10128   0.08160   0.15627   0.07763   0.07520   0.00000   0.02937   0.05496   0.04515   0.01856   0.01346   0.04813   0.04763   0.05196   0.08890   0.04650   0.03118   0.00153   0.04257   0.07628   0.10540   2.43487   0.85006   0.70304   3.68995  
 57 40.6167   4991.832359  x:  0.00474   0.04221   0.15157   0.36485   0.00686   0.02548   0.20678   0.00318   0.21692   0.18653   0.08404   0.00614   0.27039   0.01238   0.09993   0.06913   0.06983   0.26330   0.10532   0.09112   0.11587   0.01587   0.06322   0.02799   0.04027   0.07365   0.37420   0.37423   0.00174   0.26641   0.02719   0.02936   0.05422   0.07399   0.35412   0.10180   0.08409   0.15828   0.07888   0.07836   0.00000   0.02894   0.05765   0.04642   0.01801   0.01324   0.04799   0.04869   0.05222   0.08435   0.04634   0.03105   0.00155   0.04263   0.07811   0.10615   2.43861   0.85019   0.68113   3.60509  
 58 53.3406   4991.702578  x:  0.00442   0.04178   0.15170   0.35924   0.00809   0.02346   0.20693   0.00435   0.21884   0.18845   0.08416   0.00684   0.26875   0.01243   0.09980   0.06769   0.06340   0.27242   0.10540   0.09151   0.11891   0.01509   0.06146   0.02876   0.04064   0.07143   0.37607   0.37791   0.00129   0.26652   0.02773   0.02855   0.05242   0.07338   0.35005   0.10123   0.08545   0.16265   0.08033   0.07543   0.00000   0.02876   0.05851   0.04531   0.01803   0.01319   0.04776   0.04708   0.05170   0.08600   0.04636   0.03067   0.00159   0.04264   0.07513   0.10503   2.44146   0.85009   0.66446   3.53991  
 59 57.8395   4991.679354  x:  0.00431   0.04182   0.15022   0.35743   0.00838   0.02311   0.20685   0.00428   0.21985   0.18946   0.08477   0.00677   0.26903   0.01218   0.09793   0.06816   0.06110   0.27418   0.10509   0.09156   0.11853   0.01508   0.06187   0.02854   0.04037   0.07259   0.37645   0.37860   0.00136   0.26718   0.02691   0.02873   0.05339   0.07397   0.34878   0.10095   0.08462   0.16290   0.07896   0.07666   0.00000   0.02866   0.05819   0.04574   0.01801   0.01292   0.04821   0.04762   0.05054   0.08681   0.04615   0.03081   0.00159   0.04297   0.07430   0.10435   2.44198   0.85092   0.66126   3.52756  
 60 21.9027   4991.674828  x:  0.00428   0.04180   0.14909   0.35682   0.00835   0.02309   0.20674   0.00421   0.22028   0.18989   0.08493   0.00669   0.26958   0.01193   0.09719   0.06874   0.06079   0.27458   0.10493   0.09114   0.11770   0.01521   0.06175   0.02857   0.04041   0.07206   0.37657   0.37866   0.00139   0.26792   0.02681   0.02881   0.05305   0.07394   0.34835   0.10131   0.08462   0.16234   0.07903   0.07639   0.00000   0.02865   0.05817   0.04559   0.01799   0.01299   0.04795   0.04737   0.05073   0.08637   0.04611   0.03073   0.00159   0.04277   0.07494   0.10439   2.44208   0.85166   0.66057   3.52488  
 61  4.7565   4991.672773  x:  0.00427   0.04170   0.14858   0.35646   0.00833   0.02299   0.20645   0.00428   0.22033   0.18994   0.08460   0.00670   0.27013   0.01202   0.09756   0.06844   0.06124   0.27481   0.10496   0.09084   0.11748   0.01525   0.06163   0.02859   0.04033   0.07240   0.37663   0.37861   0.00139   0.26865   0.02688   0.02857   0.05318   0.07369   0.34816   0.10120   0.08448   0.16190   0.07928   0.07613   0.00000   0.02857   0.05816   0.04565   0.01799   0.01294   0.04805   0.04753   0.05082   0.08615   0.04614   0.03065   0.00159   0.04281   0.07445   0.10437   2.44211   0.85217   0.66032   3.52383  
 62  1.4860   4991.667313  x:  0.00423   0.04194   0.14874   0.35590   0.00862   0.02286   0.20590   0.00431   0.21990   0.18950   0.08458   0.00680   0.27115   0.01218   0.09819   0.06792   0.06172   0.27493   0.10492   0.09054   0.11767   0.01520   0.06180   0.02858   0.04047   0.07159   0.37660   0.37844   0.00128   0.27014   0.02645   0.02872   0.05321   0.07349   0.34789   0.10086   0.08473   0.16153   0.07866   0.07683   0.00000   0.02859   0.05822   0.04551   0.01807   0.01305   0.04772   0.04716   0.05027   0.08631   0.04600   0.03066   0.00163   0.04286   0.07444   0.10412   2.44215   0.85212   0.65998   3.52102  
 63  1.3301   4991.641910  x:  0.00416   0.04183   0.15082   0.35474   0.00905   0.02236   0.20463   0.00385   0.21801   0.18762   0.08605   0.00713   0.27340   0.01157   0.09789   0.06879   0.06132   0.27458   0.10519   0.09083   0.11845   0.01518   0.06172   0.02853   0.04035   0.07298   0.37641   0.37756   0.00122   0.27406   0.02629   0.02870   0.05289   0.07414   0.34700   0.10074   0.08580   0.16142   0.07854   0.07566   0.00000   0.02874   0.05819   0.04556   0.01840   0.01293   0.04858   0.04752   0.05084   0.08708   0.04598   0.03068   0.00176   0.04279   0.07550   0.10397   2.44237   0.85124   0.65812   3.50611  
 64  5.1564   4991.583100  x:  0.00391   0.04089   0.15239   0.35492   0.00976   0.02269   0.20374   0.00338   0.21717   0.18678   0.08616   0.00737   0.27314   0.01114   0.09672   0.07044   0.06079   0.27435   0.10677   0.09328   0.11757   0.01499   0.06194   0.02846   0.04046   0.07198   0.37609   0.37682   0.00084   0.27513   0.02656   0.02825   0.05428   0.07503   0.34708   0.10131   0.08344   0.16194   0.08141   0.07720   0.00000   0.02810   0.05793   0.04524   0.01922   0.01335   0.04712   0.04709   0.05130   0.08567   0.04583   0.03051   0.00211   0.04306   0.07374   0.10554   2.44287   0.85119   0.65413   3.47352  
 65 12.8951   4991.460882  x:  0.00341   0.04184   0.15026   0.35753   0.01110   0.02346   0.20412   0.00254   0.21920   0.18880   0.08473   0.00841   0.26884   0.01204   0.09791   0.06924   0.06108   0.27462   0.10747   0.09315   0.11615   0.01523   0.06191   0.02813   0.04035   0.07283   0.37605   0.37602   0.00000   0.27016   0.02686   0.02947   0.05309   0.07356   0.34872   0.10402   0.08451   0.16189   0.07864   0.07611   0.00000   0.02765   0.05772   0.04479   0.02066   0.01342   0.04837   0.04747   0.05015   0.08600   0.04506   0.02942   0.00280   0.04341   0.07442   0.10522   2.44387   0.85356   0.64624   3.40987  
 66 34.4085   4991.442609  x:  0.00332   0.04141   0.14940   0.35819   0.01095   0.02390   0.20479   0.00183   0.21994   0.18954   0.08614   0.00868   0.26801   0.01204   0.09844   0.06900   0.06107   0.27460   0.10669   0.09115   0.11684   0.01536   0.06142   0.02822   0.04032   0.07283   0.37619   0.37582   0.00000   0.26894   0.02688   0.02950   0.05372   0.07398   0.34894   0.10163   0.08468   0.16180   0.07952   0.07622   0.00000   0.02767   0.05713   0.04464   0.02093   0.01361   0.04797   0.04710   0.05081   0.08666   0.04509   0.02951   0.00288   0.04337   0.07494   0.10404   2.44404   0.85414   0.64475   3.39880  
 67 17.4576   4991.441961  x:  0.00332   0.04140   0.14931   0.35821   0.01090   0.02394   0.20480   0.00184   0.21996   0.18956   0.08607   0.00867   0.26797   0.01203   0.09839   0.06905   0.06114   0.27465   0.10666   0.09121   0.11682   0.01530   0.06186   0.02807   0.04034   0.07279   0.37621   0.37582   0.00000   0.26888   0.02690   0.02958   0.05358   0.07431   0.34895   0.10121   0.08498   0.16175   0.07956   0.07611   0.00000   0.02765   0.05717   0.04462   0.02092   0.01362   0.04800   0.04712   0.05077   0.08657   0.04510   0.02949   0.00289   0.04338   0.07482   0.10410   2.44404   0.85421   0.64469   3.39839  
 68  1.4834   4991.441516  x:  0.00332   0.04144   0.14923   0.35822   0.01090   0.02397   0.20480   0.00189   0.21996   0.18956   0.08592   0.00865   0.26794   0.01205   0.09827   0.06910   0.06122   0.27469   0.10677   0.09136   0.11683   0.01532   0.06153   0.02818   0.04033   0.07282   0.37620   0.37584   0.00000   0.26886   0.02693   0.02953   0.05361   0.07450   0.34897   0.10090   0.08531   0.16169   0.07946   0.07620   0.00000   0.02763   0.05718   0.04463   0.02092   0.01361   0.04799   0.04716   0.05076   0.08647   0.04509   0.02947   0.00289   0.04338   0.07484   0.10425   2.44403   0.85422   0.64466   3.39816  
 69  0.4688   4991.424271  x:  0.00360   0.04134   0.14897   0.35846   0.01094   0.02412   0.20573   0.00183   0.22031   0.18991   0.08643   0.00843   0.26796   0.01220   0.09717   0.06890   0.06145   0.27547   0.10762   0.09273   0.11635   0.01523   0.06200   0.02815   0.04033   0.07292   0.37606   0.37637   0.00000   0.26933   0.02717   0.02968   0.05401   0.07153   0.34924   0.09949   0.08604   0.16128   0.07973   0.07599   0.00000   0.02780   0.05719   0.04456   0.02093   0.01381   0.04800   0.04711   0.05074   0.08714   0.04514   0.02966   0.00299   0.04360   0.07518   0.10417   2.44344   0.85374   0.64294   3.38589  
 70  0.4239   4991.354613  x:  0.00476   0.04136   0.14958   0.35929   0.01283   0.02341   0.20818   0.00222   0.22226   0.19187   0.08584   0.00738   0.26792   0.01214   0.09906   0.06941   0.06080   0.27716   0.10697   0.09057   0.11690   0.01519   0.06203   0.02853   0.04018   0.07324   0.37471   0.37869   0.00000   0.27137   0.02715   0.02964   0.05452   0.07479   0.35007   0.10160   0.08556   0.16142   0.07942   0.07557   0.00000   0.02822   0.05761   0.04401   0.02100   0.01440   0.04796   0.04741   0.05064   0.08666   0.04504   0.03012   0.00346   0.04450   0.07526   0.10418   2.44091   0.85323   0.63598   3.33678  
 71 14.2045   4991.294828  x:  0.00419   0.04146   0.15026   0.36341   0.01364   0.02280   0.20811   0.00238   0.22336   0.19298   0.08588   0.00717   0.27177   0.01233   0.10002   0.06894   0.06059   0.28108   0.10878   0.09238   0.11678   0.01539   0.06250   0.02857   0.04042   0.07334   0.38023   0.38696   0.00000   0.27506   0.02638   0.02959   0.05501   0.07528   0.35505   0.10177   0.08550   0.16264   0.07963   0.07549   0.00000   0.02878   0.05748   0.04457   0.01982   0.01439   0.04840   0.04789   0.05123   0.08738   0.04588   0.03129   0.00390   0.04426   0.07626   0.10534   2.44071   0.85273   0.62790   3.22568  
 72  0.1057   4991.282023  x:  0.00426   0.04153   0.15026   0.36355   0.01249   0.02235   0.20873   0.00223   0.22341   0.19303   0.08612   0.00721   0.27268   0.01237   0.09984   0.06914   0.06034   0.28097   0.10771   0.09229   0.11708   0.01549   0.06255   0.02859   0.04053   0.07337   0.38045   0.38842   0.00000   0.27520   0.02634   0.02911   0.05500   0.07524   0.35624   0.10180   0.08536   0.16272   0.07974   0.07605   0.00000   0.02845   0.05769   0.04480   0.01975   0.01414   0.04849   0.04767   0.05138   0.08728   0.04593   0.03025   0.00420   0.04414   0.07625   0.10527   2.43894   0.85253   0.61854   3.17036  
 73  0.0500   4991.279871  x:  0.00421   0.04150   0.15008   0.36294   0.01224   0.02247   0.20904   0.00228   0.22337   0.19299   0.08589   0.00723   0.27270   0.01237   0.09980   0.06905   0.06039   0.28028   0.10751   0.09223   0.11707   0.01539   0.06248   0.02849   0.04046   0.07345   0.38012   0.38797   0.00000   0.27476   0.02667   0.02916   0.05481   0.07522   0.35619   0.10191   0.08550   0.16248   0.07980   0.07610   0.00000   0.02843   0.05774   0.04469   0.01997   0.01404   0.04833   0.04762   0.05134   0.08719   0.04576   0.03070   0.00430   0.04407   0.07610   0.10527   2.43855   0.85294   0.61572   3.14631  
 74  0.0249   4991.279500  x:  0.00419   0.04154   0.15011   0.36256   0.01230   0.02258   0.20900   0.00230   0.22331   0.19293   0.08586   0.00722   0.27265   0.01235   0.09982   0.06904   0.06041   0.27990   0.10756   0.09226   0.11704   0.01536   0.06251   0.02854   0.04043   0.07347   0.37985   0.38769   0.00000   0.27459   0.02672   0.02918   0.05482   0.07520   0.35602   0.10191   0.08551   0.16241   0.07982   0.07608   0.00000   0.02853   0.05773   0.04462   0.01993   0.01415   0.04831   0.04769   0.05132   0.08720   0.04571   0.03056   0.00433   0.04411   0.07607   0.10525   2.43838   0.85325   0.61534   3.13781  
 75  0.0093   4991.279426  x:  0.00420   0.04150   0.15012   0.36245   0.01234   0.02262   0.20886   0.00230   0.22327   0.19289   0.08586   0.00723   0.27255   0.01236   0.09984   0.06904   0.06048   0.27980   0.10761   0.09227   0.11701   0.01539   0.06253   0.02854   0.04043   0.07346   0.37966   0.38752   0.00000   0.27453   0.02667   0.02919   0.05483   0.07521   0.35586   0.10191   0.08551   0.16239   0.07980   0.07606   0.00000   0.02848   0.05769   0.04461   0.01991   0.01412   0.04831   0.04765   0.05133   0.08722   0.04574   0.03057   0.00434   0.04410   0.07608   0.10525   2.43827   0.85344   0.61456   3.13181  
 76  0.0051   4991.279415  x:  0.00420   0.04150   0.15009   0.36246   0.01234   0.02261   0.20884   0.00231   0.22326   0.19288   0.08588   0.00724   0.27253   0.01235   0.09982   0.06904   0.06048   0.27980   0.10762   0.09224   0.11701   0.01537   0.06251   0.02852   0.04044   0.07346   0.37961   0.38753   0.00000   0.27453   0.02667   0.02919   0.05484   0.07520   0.35583   0.10190   0.08550   0.16242   0.07980   0.07606   0.00000   0.02849   0.05770   0.04463   0.01990   0.01411   0.04831   0.04765   0.05133   0.08720   0.04574   0.03057   0.00433   0.04410   0.07608   0.10525   2.43825   0.85349   0.61440   3.13005  
 77  0.0012   4991.279408  x:  0.00420   0.04150   0.15009   0.36249   0.01234   0.02261   0.20884   0.00231   0.22326   0.19288   0.08587   0.00724   0.27254   0.01235   0.09982   0.06903   0.06046   0.27981   0.10761   0.09225   0.11701   0.01538   0.06252   0.02853   0.04043   0.07346   0.37961   0.38755   0.00000   0.27454   0.02667   0.02919   0.05483   0.07520   0.35585   0.10190   0.08551   0.16241   0.07981   0.07607   0.00000   0.02848   0.05770   0.04462   0.01990   0.01412   0.04831   0.04766   0.05133   0.08720   0.04573   0.03057   0.00432   0.04409   0.07608   0.10525   2.43822   0.85350   0.61413   3.12816  
 78  0.0010   4991.279407  x:  0.00420   0.04150   0.15009   0.36247   0.01234   0.02261   0.20886   0.00231   0.22326   0.19288   0.08587   0.00724   0.27255   0.01235   0.09983   0.06904   0.06047   0.27980   0.10761   0.09225   0.11700   0.01538   0.06252   0.02853   0.04043   0.07346   0.37962   0.38756   0.00000   0.27454   0.02667   0.02919   0.05484   0.07520   0.35586   0.10190   0.08551   0.16240   0.07981   0.07607   0.00000   0.02849   0.05770   0.04462   0.01991   0.01412   0.04831   0.04765   0.05133   0.08721   0.04574   0.03057   0.00432   0.04410   0.07608   0.10525   2.43822   0.85350   0.61415   3.12805  
 79  0.0001   4991.279407  x:  0.00420   0.04150   0.15009   0.36247   0.01234   0.02261   0.20886   0.00231   0.22327   0.19288   0.08587   0.00724   0.27255   0.01235   0.09983   0.06904   0.06047   0.27980   0.10761   0.09225   0.11700   0.01538   0.06252   0.02853   0.04043   0.07346   0.37962   0.38756   0.00000   0.27454   0.02667   0.02919   0.05484   0.07520   0.35586   0.10191   0.08551   0.16240   0.07980   0.07607   0.00000   0.02849   0.05770   0.04462   0.01991   0.01412   0.04831   0.04765   0.05133   0.08721   0.04574   0.03057   0.00432   0.04410   0.07608   0.10525   2.43822   0.85350   0.61414   3.12799  
 80  0.0001   4991.279407  x:  0.00420   0.04150   0.15009   0.36247   0.01234   0.02261   0.20886   0.00231   0.22327   0.19288   0.08587   0.00724   0.27255   0.01235   0.09983   0.06904   0.06047   0.27980   0.10761   0.09225   0.11701   0.01538   0.06252   0.02853   0.04043   0.07346   0.37962   0.38756   0.00000   0.27454   0.02667   0.02919   0.05484   0.07520   0.35586   0.10191   0.08551   0.16240   0.07980   0.07607   0.00000   0.02849   0.05770   0.04462   0.01991   0.01412   0.04831   0.04765   0.05133   0.08721   0.04574   0.03057   0.00432   0.04410   0.07608   0.10525   2.43822   0.85350   0.61414   3.12800  
 81  0.0000   4991.279407  x:  0.00420   0.04150   0.15009   0.36247   0.01234   0.02261   0.20886   0.00231   0.22327   0.19288   0.08587   0.00724   0.27255   0.01235   0.09983   0.06904   0.06047   0.27980   0.10761   0.09225   0.11701   0.01538   0.06252   0.02853   0.04043   0.07346   0.37962   0.38756   0.00000   0.27454   0.02667   0.02919   0.05484   0.07520   0.35586   0.10191   0.08551   0.16240   0.07980   0.07607   0.00000   0.02849   0.05770   0.04462   0.01991   0.01412   0.04831   0.04765   0.05133   0.08721   0.04574   0.03057   0.00432   0.04410   0.07608   0.10525   2.43822   0.85350   0.61414   3.12800  
 82  0.0000   4991.279407  x:  0.00420   0.04150   0.15009   0.36247   0.01234   0.02261   0.20886   0.00231   0.22327   0.19288   0.08587   0.00724   0.27255   0.01235   0.09983   0.06904   0.06047   0.27980   0.10761   0.09225   0.11701   0.01538   0.06252   0.02853   0.04043   0.07346   0.37962   0.38756   0.00000   0.27454   0.02667   0.02919   0.05484   0.07520   0.35586   0.10191   0.08551   0.16240   0.07980   0.07607   0.00000   0.02849   0.05770   0.04462   0.01991   0.01412   0.04831   0.04765   0.05133   0.08721   0.04574   0.03057   0.00432   0.04410   0.07608   0.10525   2.43822   0.85350   0.61414   3.12800  