

TREE # 1

  0  0.0000   8422.511908  x:  0.07142   0.10313   0.06073   0.09060   0.10767   0.05100   0.03042   0.10135   0.05718   0.04426   0.05466   0.01128   0.08382   0.08093   0.07629   0.10205   0.05222   0.03354   0.05091   0.05645   0.08996   0.01874   0.02427   0.07853   0.01252   0.01450   0.03414   0.01373   0.10326   0.02329   0.01634   0.10471   0.01549   0.05465   0.06975   0.09408   0.03899   0.07574   0.10984   0.05978   0.04801   0.05308   0.01542   0.04411   0.02299   0.08408   0.04844   0.01238   0.01328   0.09181   0.10133   0.05210   0.08286   0.03131   0.10173   2.00000   0.90000   1.08543   1.46434  
  1 99.0000   7932.108776  x:  0.05425   0.09370   0.07276   0.09544   0.09289   0.04893   0.03376   0.08602   0.10482   0.05973   0.06121   0.26127   0.07438   0.09118   0.07324   0.10057   0.07943   0.08577   0.06675   0.08300   0.07663   0.11843   0.07535   0.07550   0.08124   0.12353   0.08954   0.00000   0.11349   0.01774   0.02520   0.10204   0.13726   0.07884   0.08975   0.09324   0.07613   0.07478   0.10808   0.04118   0.03251   0.04366   0.04597   0.03554   0.01294   0.08369   0.03494   0.05500   0.05552   0.08596   0.08646   0.04073   0.07191   0.03405   0.10714   2.00301   0.90329   1.08050   1.46685  
  2 6136.6810   7821.732263  x:  0.02388   0.07883   0.08751   0.10558   0.06529   0.04364   0.04123   0.05756   0.14125   0.07289   0.04963   0.24252   0.04880   0.10450   0.07257   0.09464   0.09696   0.10639   0.07984   0.10839   0.05227   0.11744   0.07247   0.07041   0.07991   0.12045   0.11384   0.00000   0.13120   0.01230   0.01730   0.09752   0.14532   0.10252   0.11324   0.09297   0.09822   0.07558   0.10756   0.00729   0.00760   0.03060   0.04408   0.02469   0.00000   0.08558   0.01232   0.04838   0.05094   0.07893   0.06128   0.02514   0.05516   0.03867   0.11733   2.00816   0.90456   1.07271   1.47001  
  3 1133.9619   7802.269744  x:  0.01736   0.07564   0.09065   0.10774   0.05936   0.04251   0.04284   0.05143   0.14903   0.07568   0.04715   0.23854   0.04330   0.10735   0.07243   0.09337   0.10070   0.11080   0.08263   0.11381   0.04704   0.11725   0.07186   0.06932   0.07964   0.11981   0.11903   0.00000   0.13498   0.01115   0.01561   0.09656   0.14707   0.10756   0.11825   0.09291   0.10292   0.07575   0.10745   0.00000   0.00235   0.02783   0.04369   0.02239   0.00106   0.08599   0.00753   0.04697   0.04998   0.07743   0.05587   0.02183   0.05158   0.03965   0.11951   2.00927   0.90483   1.07104   1.47069  
  4 51290.4778   7771.850914  x:  0.00000   0.06756   0.09598   0.11216   0.04233   0.04022   0.04794   0.03334   0.16476   0.07827   0.03994   0.22983   0.02775   0.11314   0.07190   0.08996   0.10798   0.11886   0.08712   0.12361   0.03221   0.11758   0.07078   0.06639   0.07974   0.11889   0.12929   0.00000   0.14295   0.01114   0.01244   0.09477   0.15245   0.11654   0.12758   0.09241   0.11110   0.07605   0.10721   0.00000   0.02395   0.02547   0.04359   0.02096   0.00208   0.08709   0.00222   0.04449   0.04903   0.07421   0.04177   0.01841   0.04336   0.04057   0.12391   2.01253   0.90581   1.06602   1.47276  
  5 2336.6831   7742.407552  x:  0.01681   0.05432   0.10373   0.11917   0.01172   0.03679   0.05759   0.00016   0.19015   0.08017   0.02675   0.21546   0.00000   0.12235   0.07099   0.08399   0.11936   0.13117   0.09352   0.13859   0.00576   0.11862   0.06914   0.06121   0.08037   0.11768   0.14555   0.00000   0.15583   0.01195   0.00779   0.09214   0.16228   0.13005   0.14196   0.09132   0.12330   0.07662   0.10721   0.00000   0.04971   0.02298   0.04382   0.02086   0.00336   0.08894   0.01216   0.04118   0.04825   0.06902   0.01783   0.01625   0.03027   0.04133   0.13093   2.01850   0.90763   1.05675   1.47658  
  6 2747.6655   7742.250700  x:  0.01683   0.05428   0.10374   0.11919   0.01161   0.03678   0.05764   0.00000   0.19023   0.08015   0.02669   0.21541   0.00013   0.12238   0.07099   0.08396   0.11939   0.13120   0.09353   0.13863   0.00569   0.11863   0.06914   0.06119   0.08038   0.11767   0.14560   0.00000   0.15587   0.01196   0.00779   0.09213   0.16232   0.13008   0.14199   0.09132   0.12333   0.07662   0.10721   0.00000   0.04976   0.02299   0.04382   0.02088   0.00336   0.08895   0.01219   0.04118   0.04825   0.06901   0.01779   0.01629   0.03024   0.04133   0.13096   2.01852   0.90764   1.05670   1.47660  
  7 1038.6424   7738.224482  x:  0.01556   0.05190   0.10330   0.12001   0.00422   0.03736   0.06258   0.00000   0.19471   0.07573   0.02178   0.21203   0.00000   0.12341   0.07122   0.08225   0.12043   0.13154   0.09293   0.13948   0.00308   0.11971   0.06907   0.05945   0.08143   0.11772   0.14761   0.00000   0.15789   0.01261   0.00874   0.09253   0.16608   0.13023   0.14290   0.09054   0.12318   0.07671   0.10718   0.00000   0.04840   0.02554   0.04448   0.02453   0.00332   0.08924   0.01348   0.04211   0.04920   0.06864   0.01993   0.02340   0.03151   0.04035   0.13178   2.02119   0.90840   1.05246   1.47832  
  8 547.0973   7730.597296  x:  0.01401   0.04434   0.10088   0.12324   0.00844   0.03983   0.08287   0.00000   0.21246   0.05549   0.00000   0.19890   0.00056   0.12683   0.07208   0.07579   0.12410   0.13203   0.09044   0.14206   0.01287   0.12430   0.06893   0.05258   0.08585   0.11793   0.15535   0.00000   0.16544   0.01332   0.01064   0.09341   0.18148   0.12980   0.14550   0.08742   0.12161   0.07719   0.10716   0.00000   0.04807   0.03076   0.04621   0.02961   0.00333   0.09031   0.01818   0.04501   0.05248   0.06765   0.01995   0.02608   0.03485   0.03708   0.13457   2.03282   0.91129   1.03389   1.48578  
  9 454.9278   7727.441927  x:  0.01332   0.04227   0.09812   0.12479   0.01026   0.04047   0.09887   0.00000   0.22587   0.03724   0.00678   0.18919   0.00042   0.12861   0.07245   0.07178   0.12550   0.13084   0.08732   0.14186   0.01234   0.12740   0.06837   0.04800   0.08912   0.11856   0.15937   0.00000   0.16990   0.01282   0.01118   0.09405   0.19346   0.12764   0.14584   0.08523   0.11887   0.07765   0.10724   0.00000   0.04760   0.03194   0.04670   0.02948   0.00330   0.09088   0.01972   0.04657   0.05429   0.06772   0.02118   0.02349   0.03703   0.03573   0.13587   2.04322   0.91323   1.01722   1.49233  
 10 468.6686   7724.732952  x:  0.01350   0.04805   0.09437   0.12414   0.00941   0.03852   0.10767   0.00000   0.23444   0.03068   0.00092   0.18368   0.00049   0.12861   0.07096   0.07075   0.12378   0.12701   0.08299   0.13756   0.00341   0.12949   0.06715   0.04621   0.09185   0.12059   0.15878   0.00000   0.17062   0.01187   0.00993   0.09453   0.20422   0.12234   0.14278   0.08411   0.11390   0.07805   0.10743   0.00000   0.04683   0.02852   0.04577   0.02394   0.00323   0.09079   0.01746   0.04656   0.05441   0.06925   0.02311   0.01787   0.03765   0.03709   0.13514   2.05539   0.91402   0.99757   1.49975  
 11 286.8128   7721.122295  x:  0.01516   0.05638   0.08911   0.12253   0.00400   0.03320   0.11930   0.00000   0.25064   0.03995   0.00116   0.17377   0.00057   0.12860   0.06739   0.07050   0.12011   0.12070   0.07773   0.13041   0.01014   0.13215   0.06378   0.04460   0.09601   0.12424   0.15658   0.00000   0.17081   0.01260   0.00569   0.09498   0.22446   0.11333   0.13735   0.08301   0.10619   0.07793   0.10746   0.00000   0.04709   0.02246   0.04382   0.01893   0.00323   0.09013   0.01258   0.04438   0.05261   0.07103   0.01905   0.02060   0.03445   0.03941   0.13317   2.08255   0.91456   0.95347   1.51610  
 12 339.9564   7718.185258  x:  0.01504   0.05762   0.08835   0.12123   0.01336   0.03116   0.12109   0.00000   0.26248   0.04996   0.00245   0.16760   0.00051   0.12814   0.06513   0.07234   0.11722   0.11780   0.07730   0.12610   0.00378   0.13145   0.05893   0.04592   0.09764   0.12603   0.15411   0.00000   0.16946   0.01278   0.00242   0.09555   0.24091   0.10901   0.13419   0.08352   0.10370   0.07654   0.10685   0.00000   0.04606   0.02537   0.04339   0.02868   0.00320   0.08895   0.01143   0.04155   0.04958   0.07058   0.01858   0.02310   0.03033   0.03955   0.13101   2.11212   0.91265   0.90508   1.53351  
 13 403.4467   7710.743841  x:  0.01241   0.05027   0.09385   0.11732   0.00636   0.03300   0.10298   0.00000   0.27561   0.05035   0.00279   0.16227   0.00068   0.12484   0.06406   0.07945   0.11032   0.11655   0.08521   0.12194   0.00789   0.12305   0.04712   0.05363   0.09687   0.12552   0.14410   0.00000   0.16134   0.01089   0.00351   0.09934   0.26900   0.10773   0.13030   0.08731   0.10688   0.07201   0.10430   0.00000   0.04492   0.03283   0.04362   0.03082   0.00313   0.08538   0.01883   0.03807   0.04375   0.06667   0.02667   0.01083   0.03063   0.03703   0.12540   2.18891   0.90011   0.77877   1.57739  
 14 477.2387   7704.870598  x:  0.01137   0.04410   0.09860   0.11428   0.01059   0.03523   0.08389   0.00000   0.28087   0.04069   0.00247   0.16048   0.00061   0.12158   0.06451   0.08379   0.10573   0.11704   0.09142   0.12102   0.00673   0.11466   0.03960   0.05921   0.09573   0.12231   0.13636   0.00000   0.15396   0.01100   0.00244   0.10105   0.28811   0.10990   0.12873   0.08975   0.11109   0.06935   0.10191   0.00000   0.04409   0.02963   0.04252   0.01910   0.00309   0.08255   0.02014   0.03774   0.04212   0.06361   0.02119   0.02219   0.03243   0.03586   0.12135   2.25872   0.88432   0.66438   1.61639  
 15 1252.4300   7701.796291  x:  0.01226   0.04373   0.09727   0.11328   0.00848   0.03521   0.08089   0.00000   0.27493   0.03714   0.00218   0.16157   0.00057   0.12021   0.06496   0.08124   0.10565   0.11709   0.08982   0.12249   0.00703   0.11285   0.04268   0.05804   0.09604   0.11836   0.13524   0.00000   0.15185   0.01341   0.00000   0.09960   0.28892   0.11179   0.12900   0.08809   0.11101   0.07034   0.10083   0.00000   0.04305   0.02531   0.04204   0.02529   0.00303   0.08210   0.01568   0.04035   0.04599   0.06349   0.01586   0.02044   0.03280   0.03536   0.12108   2.28687   0.87223   0.62020   1.63089  
 16 465.2287   7701.796291  x:  0.01226   0.04373   0.09727   0.11328   0.00848   0.03521   0.08089   0.00000   0.27493   0.03714   0.00218   0.16157   0.00057   0.12021   0.06496   0.08124   0.10565   0.11709   0.08982   0.12249   0.00703   0.11285   0.04268   0.05804   0.09604   0.11836   0.13524   0.00000   0.15185   0.01341   0.00000   0.09960   0.28892   0.11179   0.12900   0.08809   0.11101   0.07034   0.10083   0.00000   0.04305   0.02531   0.04204   0.02529   0.00303   0.08210   0.01568   0.04035   0.04599   0.06349   0.01586   0.02044   0.03280   0.03536   0.12108   2.28687   0.87223   0.62020   1.63089  
 17 596.1205   7698.306508  x:  0.00742   0.04375   0.09738   0.11360   0.00687   0.03502   0.08171   0.00000   0.27489   0.03843   0.00157   0.16329   0.01998   0.12072   0.06511   0.08054   0.10663   0.11807   0.08977   0.12370   0.00589   0.11372   0.04366   0.05742   0.09638   0.11868   0.13665   0.00000   0.15250   0.01243   0.00010   0.09927   0.28869   0.11283   0.12997   0.08770   0.11174   0.07055   0.10074   0.00000   0.03763   0.02478   0.04216   0.02443   0.00485   0.08219   0.01233   0.04057   0.04628   0.06344   0.01779   0.02058   0.03260   0.03564   0.12157   2.28729   0.87114   0.62001   1.63088  
 18 1046.9103   7694.322214  x:  0.00213   0.04381   0.09752   0.11403   0.00545   0.03482   0.08277   0.00000   0.27484   0.03973   0.00000   0.16545   0.01944   0.12122   0.06486   0.07965   0.10790   0.11933   0.08972   0.12526   0.00497   0.11484   0.04490   0.05664   0.09681   0.11909   0.13848   0.00000   0.15335   0.01152   0.00025   0.09886   0.28840   0.11417   0.13122   0.08721   0.11268   0.07085   0.10066   0.00000   0.03061   0.02426   0.04230   0.02354   0.00473   0.08228   0.00857   0.04087   0.04660   0.06338   0.01932   0.02070   0.03240   0.03598   0.12221   2.28784   0.86966   0.61976   1.63087  
 19 490.1429   7688.895914  x:  0.00642   0.04417   0.09783   0.11531   0.00386   0.03431   0.08605   0.00000   0.27476   0.04277   0.00076   0.17175   0.01885   0.12262   0.06433   0.07706   0.11157   0.12293   0.08958   0.12977   0.00405   0.11802   0.04832   0.05433   0.09790   0.12024   0.14386   0.00000   0.15586   0.01004   0.00069   0.09767   0.28750   0.11801   0.13482   0.08581   0.11534   0.07176   0.10057   0.00000   0.01023   0.02345   0.04269   0.02167   0.00510   0.08256   0.00195   0.04167   0.04748   0.06322   0.02169   0.02084   0.03188   0.03679   0.12403   2.28954   0.86526   0.61894   1.63084  
 20 789.8059   7687.715459  x:  0.00662   0.04427   0.09793   0.11572   0.00377   0.03417   0.08704   0.00000   0.27474   0.04358   0.00082   0.17374   0.01877   0.12306   0.06419   0.07625   0.11273   0.12405   0.08954   0.13118   0.00400   0.11901   0.04935   0.05361   0.09820   0.12060   0.14556   0.00000   0.15666   0.00983   0.00084   0.09730   0.28721   0.11921   0.13595   0.08537   0.11617   0.07203   0.10054   0.00000   0.00462   0.02344   0.04281   0.02127   0.00531   0.08265   0.00398   0.04194   0.04777   0.06319   0.02214   0.02087   0.03175   0.03701   0.12460   2.29011   0.86383   0.61866   1.63083  
 21 1047.5987   7683.431922  x:  0.00667   0.04524   0.09916   0.12091   0.01077   0.03315   0.09814   0.00000   0.27459   0.04967   0.00210   0.19770   0.01878   0.12833   0.06331   0.06698   0.12654   0.13726   0.08907   0.14776   0.00808   0.13050   0.06064   0.04516   0.10094   0.12501   0.16632   0.00000   0.16661   0.01305   0.00273   0.09307   0.28348   0.13342   0.14945   0.08045   0.12590   0.07503   0.10036   0.00000   0.00845   0.03071   0.04408   0.02135   0.00483   0.08379   0.00527   0.04434   0.05035   0.06311   0.02048   0.02066   0.03096   0.03891   0.13133   2.29772   0.84534   0.61498   1.63078  
 22 235.7240   7682.274636  x:  0.00850   0.04551   0.09974   0.12235   0.00409   0.03349   0.09964   0.00000   0.27499   0.04817   0.00000   0.20434   0.01853   0.12994   0.06408   0.06584   0.13008   0.14053   0.08884   0.15163   0.00339   0.13299   0.06240   0.04402   0.10059   0.12674   0.17184   0.00000   0.16960   0.01170   0.00315   0.09243   0.28222   0.13685   0.15310   0.07988   0.12829   0.07569   0.10094   0.00000   0.01102   0.02974   0.04419   0.02334   0.00583   0.08443   0.00671   0.04430   0.05049   0.06376   0.01942   0.02122   0.03194   0.03874   0.13319   2.30098   0.83770   0.61390   1.63066  
 23 238.6528   7681.378336  x:  0.00666   0.04551   0.10056   0.12356   0.00230   0.03528   0.09845   0.00000   0.27644   0.04241   0.00000   0.20844   0.01854   0.13104   0.06650   0.06822   0.13178   0.14168   0.08906   0.15282   0.00658   0.13331   0.06115   0.04590   0.09835   0.12849   0.17524   0.00000   0.17207   0.01081   0.00323   0.09311   0.28101   0.13799   0.15505   0.08123   0.12903   0.07564   0.10240   0.00000   0.01107   0.02518   0.04391   0.02500   0.00303   0.08529   0.00672   0.04320   0.04944   0.06522   0.01962   0.02171   0.03375   0.03758   0.13423   2.30578   0.82751   0.61284   1.63042  
 24 111.3180   7680.774888  x:  0.00441   0.04551   0.10125   0.12450   0.00386   0.03670   0.09702   0.00000   0.27788   0.03831   0.00000   0.21107   0.01793   0.13181   0.06846   0.07070   0.13267   0.14210   0.08924   0.15307   0.00659   0.13305   0.05960   0.04798   0.09629   0.12982   0.17746   0.00000   0.17391   0.01066   0.00320   0.09395   0.28007   0.13838   0.15620   0.08268   0.12925   0.07551   0.10373   0.00000   0.01083   0.02232   0.04377   0.02567   0.00652   0.08608   0.00628   0.04227   0.04865   0.06641   0.02006   0.02192   0.03492   0.03675   0.13486   2.31016   0.81867   0.61189   1.63022  
 25 335.9625   7680.198599  x:  0.00238   0.04563   0.10184   0.12507   0.00513   0.03705   0.09526   0.00000   0.27961   0.03856   0.00000   0.21192   0.01771   0.13228   0.06956   0.07321   0.13247   0.14158   0.08948   0.15208   0.00316   0.13205   0.05787   0.05035   0.09462   0.13069   0.17820   0.00000   0.17505   0.01160   0.00309   0.09515   0.27939   0.13775   0.15637   0.08433   0.12881   0.07538   0.10492   0.00000   0.01039   0.02408   0.04402   0.02450   0.00472   0.08663   0.00610   0.04214   0.04830   0.06710   0.02090   0.02164   0.03482   0.03680   0.13503   2.31483   0.81048   0.61080   1.63010  
 26 155.5205   7679.904218  x:  0.00149   0.04581   0.10224   0.12533   0.00318   0.03664   0.09405   0.00000   0.28102   0.04107   0.00000   0.21202   0.01738   0.13257   0.06970   0.07464   0.13198   0.14102   0.08991   0.15120   0.00473   0.13136   0.05718   0.05186   0.09402   0.13114   0.17824   0.00000   0.17565   0.01118   0.00289   0.09605   0.27898   0.13701   0.15624   0.08542   0.12838   0.07540   0.10563   0.00000   0.01054   0.02599   0.04434   0.02331   0.00572   0.08700   0.00614   0.04248   0.04856   0.06726   0.02176   0.02156   0.03420   0.03736   0.13507   2.31878   0.80445   0.60973   1.63008  
 27 140.1461   7679.549761  x:  0.00238   0.04626   0.10319   0.12615   0.00420   0.03614   0.09254   0.00000   0.28397   0.04507   0.00000   0.21305   0.01734   0.13344   0.06956   0.07643   0.13155   0.14060   0.09090   0.15028   0.00472   0.13083   0.05741   0.05396   0.09400   0.13206   0.17914   0.00000   0.17726   0.00872   0.00236   0.09752   0.27814   0.13627   0.15655   0.08707   0.12815   0.07573   0.10676   0.00000   0.01150   0.02445   0.04477   0.02303   0.00550   0.08769   0.00663   0.04350   0.04954   0.06733   0.02388   0.02225   0.03353   0.03852   0.13556   2.32842   0.79089   0.60680   1.63018  
 28 101.7113   7679.214637  x:  0.00294   0.04670   0.10409   0.12693   0.00380   0.03544   0.09179   0.00000   0.28739   0.04694   0.00000   0.21348   0.01756   0.13423   0.06914   0.07746   0.13078   0.14009   0.09213   0.14927   0.00504   0.13054   0.05846   0.05545   0.09497   0.13270   0.17950   0.00000   0.17869   0.01283   0.00245   0.09933   0.27751   0.13539   0.15662   0.08845   0.12797   0.07628   0.10760   0.00000   0.01114   0.02385   0.04514   0.02456   0.00571   0.08827   0.00644   0.04440   0.05060   0.06715   0.02181   0.02217   0.03342   0.03925   0.13604   2.34055   0.77621   0.60266   1.63055  
 29 165.0730   7678.928019  x:  0.00306   0.04687   0.10450   0.12721   0.00419   0.03574   0.09298   0.00000   0.29045   0.04471   0.00000   0.21252   0.01780   0.13454   0.06879   0.07700   0.12975   0.13960   0.09321   0.14850   0.00525   0.13075   0.05992   0.05533   0.09681   0.13263   0.17865   0.00000   0.17913   0.01083   0.00195   0.10019   0.27760   0.13452   0.15619   0.08873   0.12795   0.07691   0.10768   0.00000   0.01039   0.02727   0.04527   0.02516   0.00575   0.08842   0.00611   0.04444   0.05096   0.06689   0.01857   0.02151   0.03414   0.03880   0.13633   2.35337   0.76512   0.59744   1.63138  
 30 116.7032   7678.604575  x:  0.00352   0.04680   0.10448   0.12713   0.00359   0.03616   0.09621   0.00000   0.29403   0.04097   0.00000   0.20999   0.01775   0.13455   0.06837   0.07512   0.12846   0.13920   0.09422   0.14804   0.00520   0.13158   0.06150   0.05356   0.09946   0.13195   0.17651   0.00000   0.17871   0.01181   0.00209   0.10075   0.27857   0.13377   0.15530   0.08805   0.12819   0.07758   0.10706   0.00000   0.01061   0.02942   0.04505   0.02377   0.00592   0.08819   0.00630   0.04389   0.05069   0.06671   0.02251   0.02200   0.03477   0.03786   0.13651   2.37189   0.75466   0.58880   1.63317  
 31 127.9886   7677.952504  x:  0.00238   0.04634   0.10348   0.12604   0.00377   0.03621   0.10273   0.00000   0.29994   0.04302   0.00000   0.20255   0.01759   0.13401   0.06774   0.07130   0.12649   0.13871   0.09482   0.14794   0.00441   0.13337   0.06135   0.04864   0.10279   0.13004   0.17057   0.00000   0.17586   0.01103   0.00238   0.10006   0.28237   0.13309   0.15303   0.08561   0.12879   0.07791   0.10521   0.00000   0.01115   0.02381   0.04455   0.02293   0.00560   0.08721   0.00644   0.04310   0.04943   0.06693   0.02082   0.02226   0.03379   0.03817   0.13626   2.41368   0.74298   0.56732   1.63835  
 32 132.9910   7677.212279  x:  0.00234   0.04615   0.10259   0.12533   0.00409   0.03566   0.10148   0.00000   0.30354   0.04433   0.00000   0.19877   0.01754   0.13398   0.06910   0.07290   0.12857   0.14018   0.09288   0.15047   0.00471   0.13466   0.05552   0.04749   0.10052   0.13024   0.16826   0.00000   0.17344   0.01076   0.00212   0.09736   0.28766   0.13565   0.15315   0.08465   0.12995   0.07625   0.10493   0.00000   0.01040   0.02592   0.04556   0.03041   0.00568   0.08691   0.00609   0.04383   0.04934   0.06797   0.02305   0.02103   0.03457   0.03925   0.13615   2.47273   0.73574   0.53636   1.64639  
 33 146.4107   7676.437897  x:  0.00310   0.04624   0.10215   0.12513   0.00349   0.03543   0.09669   0.00000   0.30452   0.04293   0.00000   0.19879   0.01767   0.13406   0.06985   0.07573   0.13165   0.14185   0.09046   0.15303   0.00488   0.13487   0.05095   0.04937   0.09788   0.13122   0.16905   0.00000   0.17227   0.01148   0.00284   0.09537   0.29266   0.13872   0.15436   0.08488   0.13064   0.07491   0.10546   0.00000   0.01046   0.02657   0.04519   0.02325   0.00578   0.08694   0.00611   0.04414   0.04983   0.06794   0.02059   0.02255   0.03426   0.03841   0.13597   2.53394   0.73060   0.50569   1.65469  
 34 308.3329   7676.071945  x:  0.00293   0.04601   0.10206   0.12502   0.00338   0.03574   0.09306   0.00000   0.30000   0.04264   0.00000   0.20222   0.01764   0.13317   0.06709   0.07485   0.13105   0.14046   0.08990   0.15113   0.00471   0.13206   0.05541   0.05268   0.09997   0.13081   0.17168   0.00000   0.17278   0.01110   0.00265   0.09620   0.29428   0.13771   0.15418   0.08572   0.12857   0.07594   0.10554   0.00000   0.01057   0.02553   0.04352   0.02349   0.00568   0.08658   0.00616   0.04260   0.04961   0.06533   0.02117   0.01888   0.03261   0.03692   0.13481   2.56665   0.73147   0.49410   1.65877  
 35 102.2137   7675.885585  x:  0.00266   0.04574   0.10196   0.12486   0.00358   0.03579   0.09183   0.00000   0.29612   0.04272   0.00000   0.20459   0.01762   0.13248   0.06594   0.07380   0.13012   0.13919   0.08989   0.14938   0.00469   0.13007   0.05801   0.05402   0.10066   0.13029   0.17336   0.00000   0.17326   0.01098   0.00203   0.09687   0.29470   0.13642   0.15379   0.08601   0.12704   0.07637   0.10533   0.00000   0.01040   0.02564   0.04343   0.02460   0.00561   0.08626   0.00606   0.04221   0.04932   0.06440   0.02102   0.02264   0.03304   0.03720   0.13401   2.58531   0.73240   0.48949   1.66089  
 36 163.2527   7675.648846  x:  0.00274   0.04534   0.10177   0.12455   0.00341   0.03547   0.09373   0.00000   0.28803   0.04279   0.00000   0.20847   0.01759   0.13149   0.06770   0.07204   0.12832   0.13727   0.09066   0.14664   0.00474   0.12787   0.05876   0.05286   0.09791   0.12932   0.17586   0.00000   0.17437   0.01111   0.00078   0.09797   0.29361   0.13376   0.15303   0.08546   0.12535   0.07564   0.10444   0.00000   0.01042   0.02533   0.04565   0.02357   0.00567   0.08575   0.00606   0.04377   0.04879   0.06643   0.02099   0.02134   0.03598   0.03950   0.13317   2.61159   0.73285   0.48949   1.66307  
 37 75.5816   7675.452323  x:  0.00287   0.04566   0.10163   0.12431   0.00333   0.03502   0.09582   0.00000   0.28079   0.04296   0.00000   0.21050   0.01759   0.13093   0.06914   0.07197   0.12730   0.13635   0.09140   0.14528   0.00483   0.12755   0.05798   0.05068   0.09418   0.12882   0.17700   0.00000   0.17499   0.01097   0.00182   0.09896   0.29170   0.13205   0.15256   0.08476   0.12503   0.07481   0.10384   0.00000   0.01028   0.02578   0.04455   0.02406   0.00570   0.08555   0.00600   0.04356   0.04893   0.06737   0.02085   0.02167   0.03245   0.03686   0.13292   2.63504   0.73282   0.49389   1.66452  
 38 87.2786   7675.204482  x:  0.00286   0.04615   0.10148   0.12403   0.00342   0.03500   0.09546   0.00000   0.27385   0.04338   0.00000   0.20878   0.01761   0.13091   0.06717   0.07467   0.12754   0.13703   0.09161   0.14620   0.00480   0.13022   0.05849   0.04907   0.09193   0.12903   0.17530   0.00000   0.17429   0.01128   0.00041   0.09727   0.28752   0.13220   0.15251   0.08456   0.12670   0.07505   0.10412   0.00000   0.01027   0.02589   0.04157   0.02376   0.00563   0.08587   0.00602   0.04110   0.04973   0.06427   0.02091   0.02157   0.03431   0.03794   0.13358   2.66803   0.73414   0.50688   1.66597  
 39 63.4877   7674.965862  x:  0.00276   0.04555   0.10151   0.12414   0.00366   0.03523   0.09355   0.00000   0.27067   0.04270   0.00000   0.20568   0.01760   0.13138   0.06605   0.07605   0.12833   0.13829   0.09127   0.14798   0.00474   0.13252   0.06078   0.05006   0.09291   0.12946   0.17283   0.00000   0.17327   0.01087   0.00418   0.09686   0.28300   0.13378   0.15293   0.08505   0.12827   0.07581   0.10483   0.00000   0.01036   0.02557   0.04570   0.02375   0.00562   0.08636   0.00604   0.04318   0.04954   0.06392   0.02096   0.02165   0.03415   0.03819   0.13431   2.70228   0.73745   0.52274   1.66746  
 40 108.4795   7674.798576  x:  0.00279   0.04549   0.10197   0.12462   0.00358   0.03601   0.09287   0.00000   0.27361   0.04303   0.00000   0.20454   0.01754   0.13217   0.06819   0.07443   0.12915   0.13916   0.09093   0.14912   0.00472   0.13203   0.06187   0.05244   0.09509   0.12993   0.17216   0.00000   0.17322   0.01133   0.00141   0.09530   0.27990   0.13545   0.15371   0.08585   0.12834   0.07619   0.10535   0.00000   0.01039   0.02567   0.04512   0.02369   0.00567   0.08660   0.00605   0.04442   0.04899   0.06730   0.02096   0.02182   0.03320   0.03732   0.13464   2.72647   0.74116   0.53526   1.66864  
 41 79.2605   7674.681034  x:  0.00284   0.04599   0.10245   0.12526   0.00364   0.03569   0.09356   0.00000   0.27950   0.04352   0.00000   0.20530   0.01751   0.13273   0.06942   0.07250   0.12980   0.13943   0.09085   0.14938   0.00480   0.13024   0.06059   0.05362   0.09619   0.13038   0.17303   0.00000   0.17395   0.01105   0.00377   0.09671   0.27835   0.13645   0.15435   0.08614   0.12759   0.07604   0.10545   0.00000   0.01038   0.02601   0.04316   0.02379   0.00568   0.08659   0.00607   0.04299   0.04933   0.06790   0.02095   0.02180   0.03444   0.03817   0.13466   2.74439   0.74491   0.54515   1.66974  
 42 69.4870   7674.605137  x:  0.00283   0.04601   0.10262   0.12556   0.00353   0.03553   0.09463   0.00000   0.28537   0.04300   0.00000   0.20710   0.01752   0.13280   0.06818   0.07247   0.13012   0.13921   0.09108   0.14895   0.00481   0.12904   0.05848   0.05291   0.09644   0.13077   0.17456   0.00000   0.17485   0.01111   0.00244   0.09721   0.27814   0.13629   0.15452   0.08586   0.12691   0.07581   0.10527   0.00000   0.01042   0.02577   0.04501   0.02378   0.00566   0.08657   0.00608   0.04271   0.04991   0.06558   0.02095   0.02180   0.03381   0.03796   0.13455   2.75595   0.74782   0.55196   1.67070  
 43 48.4585   7674.590114  x:  0.00282   0.04574   0.10243   0.12542   0.00353   0.03568   0.09450   0.00000   0.28697   0.04301   0.00000   0.20794   0.01753   0.13260   0.06753   0.07366   0.12993   0.13894   0.09120   0.14862   0.00479   0.12966   0.05844   0.05205   0.09681   0.13077   0.17519   0.00000   0.17510   0.01110   0.00248   0.09751   0.27896   0.13569   0.15434   0.08563   0.12707   0.07593   0.10521   0.00000   0.01043   0.02578   0.04434   0.02380   0.00569   0.08664   0.00608   0.04384   0.04941   0.06593   0.02096   0.02180   0.03404   0.03781   0.13453   2.75824   0.74857   0.55346   1.67118  
 44 13.7173   7674.584604  x:  0.00283   0.04592   0.10232   0.12526   0.00354   0.03553   0.09421   0.00000   0.28755   0.04304   0.00000   0.20839   0.01752   0.13247   0.06785   0.07421   0.12966   0.13880   0.09127   0.14849   0.00478   0.13040   0.05872   0.05173   0.09706   0.13063   0.17550   0.00000   0.17515   0.01111   0.00243   0.09754   0.28007   0.13526   0.15423   0.08563   0.12739   0.07606   0.10526   0.00000   0.01043   0.02580   0.04463   0.02378   0.00568   0.08667   0.00609   0.04316   0.04947   0.06640   0.02096   0.02181   0.03389   0.03801   0.13457   2.75905   0.74878   0.55416   1.67166  
 45  6.9227   7674.579658  x:  0.00282   0.04586   0.10237   0.12516   0.00354   0.03567   0.09413   0.00000   0.28771   0.04318   0.00000   0.20863   0.01750   0.13244   0.06838   0.07390   0.12930   0.13879   0.09135   0.14857   0.00477   0.13095   0.05883   0.05205   0.09690   0.13036   0.17558   0.00000   0.17510   0.01112   0.00240   0.09752   0.28240   0.13504   0.15426   0.08591   0.12776   0.07600   0.10540   0.00000   0.01044   0.02578   0.04462   0.02380   0.00568   0.08672   0.00609   0.04342   0.04990   0.06598   0.02098   0.02182   0.03414   0.03770   0.13469   2.75964   0.74869   0.55509   1.67273  
 46  4.2754   7674.574471  x:  0.00284   0.04587   0.10250   0.12524   0.00352   0.03567   0.09426   0.00000   0.28759   0.04298   0.00000   0.20870   0.01751   0.13252   0.06804   0.07361   0.12932   0.13897   0.09141   0.14876   0.00478   0.13087   0.05881   0.05241   0.09658   0.13035   0.17555   0.00000   0.17507   0.01112   0.00230   0.09758   0.28522   0.13517   0.15444   0.08606   0.12785   0.07601   0.10547   0.00000   0.01044   0.02583   0.04451   0.02382   0.00568   0.08676   0.00609   0.04351   0.04946   0.06602   0.02097   0.02183   0.03377   0.03825   0.13479   2.76018   0.74832   0.55619   1.67430  
 47  7.1423   7674.570695  x:  0.00284   0.04594   0.10256   0.12540   0.00353   0.03561   0.09442   0.00000   0.28739   0.04317   0.00000   0.20858   0.01751   0.13266   0.06768   0.07378   0.12964   0.13912   0.09140   0.14885   0.00479   0.13041   0.05891   0.05238   0.09655   0.13060   0.17547   0.00000   0.17511   0.01114   0.00219   0.09777   0.28709   0.13545   0.15457   0.08594   0.12763   0.07610   0.10543   0.00000   0.01044   0.02584   0.04469   0.02380   0.00568   0.08676   0.00610   0.04330   0.04940   0.06637   0.02097   0.02184   0.03410   0.03779   0.13479   2.76050   0.74800   0.55696   1.67580  
 48  7.4776   7674.567296  x:  0.00283   0.04591   0.10252   0.12557   0.00352   0.03565   0.09445   0.00000   0.28720   0.04307   0.00000   0.20835   0.01749   0.13278   0.06806   0.07416   0.13006   0.13914   0.09134   0.14879   0.00478   0.12997   0.05913   0.05202   0.09685   0.13096   0.17541   0.00000   0.17524   0.01112   0.00207   0.09804   0.28810   0.13574   0.15461   0.08569   0.12730   0.07614   0.10537   0.00000   0.01044   0.02582   0.04460   0.02381   0.00568   0.08675   0.00609   0.04346   0.04995   0.06630   0.02098   0.02185   0.03395   0.03804   0.13473   2.76066   0.74779   0.55749   1.67769  
 49  4.9048   7674.553888  x:  0.00285   0.04599   0.10244   0.12585   0.00352   0.03552   0.09402   0.00000   0.28689   0.04333   0.00000   0.20801   0.01744   0.13293   0.06907   0.07400   0.13065   0.13891   0.09123   0.14861   0.00480   0.13020   0.05893   0.05137   0.09761   0.13144   0.17571   0.00000   0.17595   0.01113   0.00179   0.09870   0.28868   0.13628   0.15447   0.08564   0.12710   0.07595   0.10556   0.00000   0.01039   0.02590   0.04470   0.02375   0.00570   0.08693   0.00609   0.04343   0.04859   0.06544   0.02099   0.02185   0.03402   0.03789   0.13467   2.76093   0.74686   0.55892   1.68695  
 50  5.0208   7674.458565  x:  0.00273   0.04630   0.10225   0.12736   0.00350   0.03626   0.09182   0.00000   0.28422   0.04331   0.00000   0.20620   0.01698   0.13283   0.06583   0.06904   0.13309   0.13653   0.09073   0.14760   0.00477   0.13563   0.05225   0.05016   0.10392   0.13301   0.17984   0.00000   0.18273   0.01090   0.00000   0.10326   0.28993   0.13971   0.15214   0.08731   0.12799   0.07551   0.10721   0.00000   0.00979   0.02590   0.04473   0.02353   0.00552   0.08762   0.00588   0.04356   0.05138   0.06771   0.02119   0.02184   0.03386   0.03811   0.13481   2.76400   0.73416   0.57921   1.83417  
 51 36.1670   7673.965205  x:  0.00277   0.04536   0.10372   0.12720   0.00306   0.03474   0.09960   0.00000   0.28310   0.04475   0.00000   0.21077   0.01564   0.13316   0.06724   0.07418   0.13333   0.13982   0.09175   0.15110   0.00436   0.13594   0.04825   0.05691   0.11224   0.13206   0.18560   0.00000   0.18603   0.01077   0.00087   0.10118   0.28915   0.14072   0.15193   0.08745   0.13061   0.07881   0.10524   0.00000   0.00861   0.02632   0.04499   0.02311   0.00544   0.08647   0.00560   0.04385   0.05105   0.06685   0.02138   0.02200   0.03370   0.03850   0.13648   2.77134   0.70301   0.62775   2.19521  
 52 180.7129   7673.601213  x:  0.00264   0.04950   0.10448   0.12784   0.00312   0.03714   0.09646   0.00000   0.28633   0.04556   0.00000   0.21600   0.01468   0.13511   0.06669   0.07220   0.13219   0.14250   0.09285   0.15331   0.00410   0.13287   0.05336   0.05239   0.10905   0.13195   0.18559   0.00000   0.18264   0.01083   0.00200   0.09889   0.28760   0.13973   0.15634   0.08682   0.13064   0.07584   0.10727   0.00000   0.00759   0.02655   0.04534   0.02252   0.00526   0.08855   0.00529   0.04463   0.05131   0.06695   0.02164   0.02205   0.03360   0.03874   0.13760   2.77649   0.68032   0.66293   2.45688  
 53 346.9210   7673.518749  x:  0.00267   0.04575   0.10447   0.12862   0.00323   0.03531   0.09593   0.00000   0.28791   0.04554   0.00000   0.21694   0.01446   0.13566   0.06675   0.07123   0.13285   0.14236   0.09292   0.15308   0.00403   0.13352   0.05609   0.05153   0.10556   0.13289   0.18485   0.00000   0.18196   0.01072   0.00159   0.09961   0.28702   0.13974   0.15793   0.08730   0.13034   0.07693   0.10786   0.00000   0.00736   0.02661   0.04523   0.02236   0.00520   0.08869   0.00523   0.04419   0.05154   0.06717   0.02166   0.02206   0.03354   0.03864   0.13778   2.77766   0.67558   0.67059   2.51538  
 54 188.1586   7673.480021  x:  0.00268   0.04683   0.10453   0.12926   0.00316   0.03624   0.09721   0.00000   0.28920   0.04576   0.00000   0.21678   0.01436   0.13577   0.06688   0.07127   0.13407   0.14158   0.09290   0.15226   0.00398   0.13517   0.05877   0.05237   0.10194   0.13416   0.18421   0.00000   0.18256   0.01074   0.00107   0.10131   0.28656   0.14007   0.15861   0.08785   0.13032   0.07874   0.10769   0.00000   0.00728   0.02669   0.04540   0.02235   0.00522   0.08827   0.00521   0.04439   0.05148   0.06710   0.02166   0.02209   0.03351   0.03876   0.13778   2.77827   0.67400   0.67386   2.54326  
 55 68.3834   7673.474659  x:  0.00266   0.04711   0.10461   0.12921   0.00316   0.03560   0.09750   0.00000   0.28951   0.04563   0.00000   0.21640   0.01434   0.13572   0.06677   0.07144   0.13427   0.14154   0.09313   0.15212   0.00395   0.13538   0.05969   0.05281   0.10126   0.13424   0.18427   0.00000   0.18320   0.01069   0.00093   0.10151   0.28650   0.14023   0.15834   0.08773   0.13055   0.07772   0.10755   0.00000   0.00728   0.02665   0.04535   0.02235   0.00521   0.08832   0.00521   0.04452   0.05153   0.06712   0.02167   0.02210   0.03353   0.03873   0.13784   2.77836   0.67392   0.67424   2.54683  
 56 11.5989   7673.473258  x:  0.00268   0.04684   0.10462   0.12914   0.00313   0.03598   0.09752   0.00000   0.28963   0.04572   0.00000   0.21615   0.01434   0.13570   0.06676   0.07151   0.13423   0.14163   0.09326   0.15216   0.00394   0.13528   0.06000   0.05285   0.10095   0.13415   0.18446   0.00000   0.18365   0.01072   0.00098   0.10145   0.28649   0.14036   0.15807   0.08763   0.13067   0.07750   0.10754   0.00000   0.00727   0.02669   0.04539   0.02235   0.00522   0.08838   0.00521   0.04438   0.05151   0.06714   0.02166   0.02210   0.03351   0.03876   0.13788   2.77840   0.67390   0.67431   2.54751  
 57  3.5094   7673.471823  x:  0.00267   0.04694   0.10461   0.12904   0.00314   0.03582   0.09735   0.00000   0.28975   0.04568   0.00000   0.21580   0.01433   0.13568   0.06679   0.07146   0.13405   0.14178   0.09332   0.15226   0.00394   0.13502   0.06021   0.05269   0.10057   0.13391   0.18477   0.00000   0.18416   0.01070   0.00105   0.10121   0.28650   0.14053   0.15764   0.08757   0.13075   0.07793   0.10757   0.00000   0.00727   0.02667   0.04537   0.02234   0.00521   0.08843   0.00521   0.04445   0.05152   0.06713   0.02166   0.02210   0.03352   0.03874   0.13792   2.77845   0.67391   0.67433   2.54776  
 58  2.0409   7673.460048  x:  0.00267   0.04697   0.10429   0.12942   0.00308   0.03579   0.09787   0.00000   0.28989   0.04569   0.00000   0.21542   0.01427   0.13587   0.06672   0.07172   0.13350   0.14173   0.09187   0.15260   0.00396   0.13518   0.06078   0.05211   0.10021   0.13368   0.18597   0.00000   0.18365   0.01069   0.00125   0.10061   0.28649   0.14125   0.15699   0.08895   0.12999   0.07750   0.10773   0.00000   0.00725   0.02669   0.04537   0.02235   0.00523   0.08748   0.00522   0.04446   0.05149   0.06712   0.02166   0.02209   0.03351   0.03875   0.13758   2.77909   0.67415   0.67394   2.54417  
 59  0.6597   7673.274445  x:  0.00269   0.04691   0.10420   0.13156   0.00298   0.03557   0.09885   0.00000   0.29041   0.04634   0.00000   0.21520   0.01315   0.13645   0.06715   0.07079   0.13397   0.14306   0.09361   0.15419   0.00384   0.13790   0.06239   0.05200   0.09849   0.13447   0.19216   0.00000   0.17560   0.01072   0.00161   0.09949   0.28593   0.14400   0.15405   0.08491   0.12845   0.07770   0.10582   0.00000   0.00697   0.02689   0.04534   0.02249   0.00513   0.09083   0.00529   0.04451   0.05153   0.06697   0.02190   0.02201   0.03343   0.03891   0.13660   2.78940   0.68096   0.66574   2.48273  
 60  8.9410   7672.873688  x:  0.00270   0.04651   0.10374   0.12700   0.00313   0.03504   0.10068   0.00000   0.29091   0.04782   0.00000   0.21941   0.01077   0.13517   0.06806   0.06949   0.13791   0.14582   0.09355   0.15658   0.00383   0.13641   0.06486   0.04732   0.09798   0.13381   0.18956   0.00000   0.17596   0.01078   0.00243   0.09759   0.28481   0.14475   0.15988   0.08338   0.13531   0.07762   0.10679   0.00000   0.00632   0.02735   0.04527   0.02274   0.00511   0.08452   0.00545   0.04487   0.05131   0.06665   0.02240   0.02181   0.03320   0.03921   0.13963   2.81168   0.69689   0.64727   2.35000  
 61 80.4057   7672.811395  x:  0.00271   0.04651   0.10286   0.12736   0.00315   0.03485   0.10158   0.00000   0.29097   0.04806   0.00000   0.22083   0.01039   0.13538   0.06812   0.06952   0.13763   0.14620   0.09091   0.15794   0.00386   0.13717   0.06517   0.04684   0.09797   0.13300   0.18694   0.00000   0.17908   0.01079   0.00297   0.09612   0.28473   0.14389   0.16184   0.08350   0.13405   0.07761   0.10525   0.00000   0.00621   0.02743   0.04525   0.02278   0.00504   0.08817   0.00547   0.04484   0.05140   0.06659   0.02247   0.02177   0.03317   0.03928   0.13880   2.81519   0.69946   0.64432   2.32919  
 62 45.0722   7672.807462  x:  0.00271   0.04654   0.10296   0.12805   0.00315   0.03486   0.10140   0.00000   0.29098   0.04807   0.00000   0.22104   0.01036   0.13558   0.06812   0.06951   0.13737   0.14644   0.09129   0.15838   0.00384   0.13767   0.06511   0.04693   0.09794   0.13295   0.18647   0.00000   0.17968   0.01079   0.00308   0.09578   0.28475   0.14366   0.16190   0.08300   0.13322   0.07755   0.10537   0.00000   0.00621   0.02743   0.04524   0.02278   0.00505   0.08745   0.00547   0.04485   0.05138   0.06658   0.02248   0.02177   0.03317   0.03928   0.13838   2.81540   0.69964   0.64415   2.32801  
 63  4.8161   7672.806447  x:  0.00271   0.04655   0.10312   0.12822   0.00315   0.03484   0.10152   0.00000   0.29095   0.04808   0.00000   0.22117   0.01035   0.13558   0.06814   0.06961   0.13716   0.14658   0.09176   0.15852   0.00382   0.13766   0.06511   0.04678   0.09800   0.13310   0.18627   0.00000   0.17973   0.01078   0.00305   0.09585   0.28474   0.14380   0.16174   0.08348   0.13313   0.07756   0.10547   0.00000   0.00622   0.02743   0.04525   0.02279   0.00505   0.08762   0.00548   0.04485   0.05139   0.06659   0.02248   0.02177   0.03317   0.03928   0.13853   2.81543   0.69978   0.64411   2.32834  
 64  0.4064   7672.785049  x:  0.00271   0.04653   0.10288   0.12836   0.00322   0.03480   0.10135   0.00000   0.29096   0.04808   0.00000   0.22291   0.01010   0.13573   0.06820   0.06969   0.13518   0.14665   0.09056   0.15902   0.00388   0.13734   0.06517   0.04708   0.09782   0.13430   0.18448   0.00000   0.17952   0.01079   0.00268   0.09682   0.28467   0.14529   0.15947   0.08253   0.13358   0.07755   0.10549   0.00000   0.00633   0.02743   0.04524   0.02281   0.00503   0.08741   0.00556   0.04484   0.05133   0.06655   0.02247   0.02176   0.03316   0.03926   0.13984   2.81571   0.69949   0.64531   2.33763  
 65  1.0192   7672.571502  x:  0.00276   0.04641   0.10168   0.12537   0.00327   0.03497   0.10039   0.00000   0.29133   0.04801   0.00000   0.22507   0.00769   0.13502   0.06881   0.07012   0.13824   0.14641   0.09226   0.15643   0.00402   0.13660   0.06574   0.04764   0.09657   0.13206   0.18099   0.00000   0.17775   0.01084   0.00364   0.09428   0.28480   0.14724   0.15631   0.08391   0.13316   0.07753   0.10325   0.00000   0.00751   0.02731   0.04512   0.02299   0.00493   0.08668   0.00637   0.04464   0.05081   0.06613   0.02234   0.02168   0.03326   0.03915   0.13443   2.81838   0.69535   0.65797   2.42982  
 66 15.2044   7672.429330  x:  0.00276   0.04639   0.10388   0.12758   0.00323   0.03474   0.10154   0.00000   0.29114   0.04789   0.00000   0.22102   0.00608   0.13490   0.06911   0.07128   0.13733   0.14563   0.09107   0.15657   0.00415   0.13570   0.06620   0.04815   0.09621   0.13125   0.18300   0.00000   0.17723   0.01087   0.00362   0.09424   0.28478   0.14278   0.15963   0.08277   0.13238   0.07763   0.10647   0.00000   0.00833   0.02724   0.04510   0.02316   0.00484   0.08743   0.00692   0.04454   0.05055   0.06593   0.02226   0.02165   0.03330   0.03910   0.13784   2.82023   0.69406   0.66572   2.49212  
 67 72.2010   7672.416297  x:  0.00277   0.04639   0.10290   0.12741   0.00326   0.03474   0.10104   0.00000   0.29111   0.04786   0.00000   0.22002   0.00593   0.13522   0.06912   0.07123   0.13617   0.14600   0.09145   0.15726   0.00414   0.13554   0.06614   0.04818   0.09613   0.13215   0.18373   0.00000   0.17731   0.01086   0.00339   0.09486   0.28475   0.14204   0.16086   0.08307   0.13242   0.07757   0.10463   0.00000   0.00839   0.02723   0.04509   0.02316   0.00484   0.08697   0.00696   0.04452   0.05049   0.06589   0.02225   0.02164   0.03329   0.03908   0.13818   2.82039   0.69394   0.66645   2.49789  
 68 14.3713   7672.415803  x:  0.00277   0.04638   0.10284   0.12718   0.00327   0.03472   0.10113   0.00000   0.29110   0.04785   0.00000   0.21994   0.00592   0.13526   0.06911   0.07124   0.13591   0.14611   0.09146   0.15732   0.00414   0.13554   0.06615   0.04821   0.09614   0.13240   0.18380   0.00000   0.17734   0.01086   0.00336   0.09496   0.28474   0.14206   0.16102   0.08302   0.13249   0.07759   0.10489   0.00000   0.00839   0.02723   0.04509   0.02316   0.00484   0.08703   0.00697   0.04452   0.05049   0.06590   0.02225   0.02164   0.03329   0.03908   0.13780   2.82039   0.69395   0.66647   2.49811  
 69  1.4260   7672.415579  x:  0.00277   0.04637   0.10317   0.12719   0.00327   0.03472   0.10109   0.00000   0.29109   0.04785   0.00000   0.21991   0.00592   0.13524   0.06912   0.07124   0.13580   0.14616   0.09139   0.15719   0.00414   0.13556   0.06613   0.04817   0.09615   0.13246   0.18381   0.00000   0.17736   0.01086   0.00337   0.09493   0.28475   0.14212   0.16108   0.08300   0.13255   0.07759   0.10477   0.00000   0.00839   0.02723   0.04509   0.02316   0.00484   0.08701   0.00697   0.04452   0.05049   0.06590   0.02225   0.02164   0.03329   0.03908   0.13770   2.82035   0.69395   0.66648   2.49819  
 70  0.1716   7672.405249  x:  0.00278   0.04641   0.10240   0.12729   0.00329   0.03475   0.10097   0.00000   0.29086   0.04767   0.00000   0.21948   0.00588   0.13484   0.06902   0.07128   0.13499   0.14686   0.09159   0.15477   0.00421   0.13585   0.06559   0.04846   0.09645   0.13256   0.18373   0.00000   0.17767   0.01088   0.00353   0.09441   0.28484   0.14296   0.16157   0.08295   0.13191   0.07752   0.10501   0.00000   0.00828   0.02726   0.04507   0.02316   0.00482   0.08705   0.00693   0.04448   0.05051   0.06592   0.02214   0.02164   0.03331   0.03904   0.13840   2.81834   0.69384   0.66691   2.50202  
 71  0.2422   7672.336534  x:  0.00288   0.04641   0.10278   0.12755   0.00351   0.03501   0.09949   0.00000   0.28930   0.04645   0.00000   0.21710   0.00554   0.13484   0.06847   0.07130   0.13467   0.14412   0.09148   0.15467   0.00440   0.13482   0.06297   0.04937   0.09810   0.13175   0.18285   0.00000   0.17852   0.01103   0.00261   0.09688   0.28504   0.14112   0.15892   0.08425   0.13158   0.07722   0.10530   0.00000   0.00752   0.02741   0.04498   0.02316   0.00473   0.08707   0.00671   0.04424   0.05057   0.06619   0.02139   0.02171   0.03341   0.03875   0.13695   2.80497   0.69313   0.66975   2.52726  
 72  7.0980   7672.335786  x:  0.00288   0.04641   0.10293   0.12712   0.00352   0.03502   0.09948   0.00000   0.28929   0.04644   0.00000   0.21707   0.00554   0.13462   0.06847   0.07121   0.13474   0.14386   0.09150   0.15479   0.00440   0.13489   0.06294   0.04939   0.09810   0.13216   0.18287   0.00000   0.17856   0.01104   0.00271   0.09663   0.28506   0.14103   0.15884   0.08425   0.13125   0.07722   0.10531   0.00000   0.00751   0.02741   0.04498   0.02316   0.00473   0.08706   0.00671   0.04423   0.05057   0.06619   0.02139   0.02171   0.03341   0.03875   0.13714   2.80483   0.69308   0.66979   2.52751  
 73  1.7911   7672.335779  x:  0.00288   0.04641   0.10291   0.12716   0.00352   0.03502   0.09948   0.00000   0.28929   0.04644   0.00000   0.21707   0.00554   0.13460   0.06847   0.07121   0.13475   0.14384   0.09150   0.15479   0.00440   0.13488   0.06294   0.04939   0.09810   0.13220   0.18287   0.00000   0.17856   0.01104   0.00273   0.09659   0.28506   0.14102   0.15883   0.08426   0.13128   0.07722   0.10531   0.00000   0.00751   0.02741   0.04498   0.02316   0.00473   0.08706   0.00671   0.04423   0.05057   0.06619   0.02139   0.02171   0.03341   0.03875   0.13713   2.80482   0.69308   0.66979   2.52748  
 74  0.0920   7672.334131  x:  0.00289   0.04638   0.10293   0.12704   0.00346   0.03503   0.09940   0.00000   0.28934   0.04637   0.00000   0.21684   0.00564   0.13513   0.06840   0.07104   0.13485   0.14417   0.09134   0.15457   0.00433   0.13493   0.06279   0.04926   0.09808   0.13241   0.18286   0.00000   0.17859   0.01102   0.00270   0.09658   0.28497   0.14042   0.15869   0.08432   0.13122   0.07720   0.10535   0.00000   0.00749   0.02733   0.04498   0.02313   0.00476   0.08708   0.00667   0.04424   0.05060   0.06622   0.02138   0.02172   0.03340   0.03875   0.13721   2.80378   0.69418   0.66750   2.51066  
 75  0.0752   7672.332602  x:  0.00291   0.04636   0.10287   0.12716   0.00339   0.03502   0.09927   0.00000   0.28942   0.04632   0.00000   0.21661   0.00574   0.13453   0.06838   0.07107   0.13461   0.14373   0.09139   0.15476   0.00425   0.13488   0.06266   0.04914   0.09802   0.13219   0.18286   0.00000   0.17857   0.01099   0.00263   0.09667   0.28487   0.14062   0.15911   0.08420   0.13115   0.07718   0.10536   0.00000   0.00747   0.02725   0.04498   0.02310   0.00478   0.08710   0.00664   0.04424   0.05062   0.06624   0.02137   0.02172   0.03339   0.03874   0.13716   2.80281   0.69512   0.66543   2.49507  
 76 14.9280   7672.332596  x:  0.00291   0.04636   0.10287   0.12716   0.00339   0.03502   0.09927   0.00000   0.28942   0.04632   0.00000   0.21661   0.00574   0.13458   0.06838   0.07107   0.13460   0.14369   0.09141   0.15476   0.00425   0.13488   0.06266   0.04914   0.09802   0.13219   0.18286   0.00000   0.17858   0.01099   0.00263   0.09666   0.28487   0.14064   0.15912   0.08419   0.13116   0.07718   0.10536   0.00000   0.00747   0.02725   0.04498   0.02310   0.00478   0.08710   0.00664   0.04424   0.05062   0.06624   0.02137   0.02172   0.03339   0.03874   0.13716   2.80280   0.69512   0.66542   2.49500  
 77  0.1799   7672.331650  x:  0.00291   0.04634   0.10284   0.12713   0.00343   0.03501   0.09932   0.00000   0.28956   0.04631   0.00000   0.21668   0.00561   0.13453   0.06840   0.07102   0.13468   0.14379   0.09138   0.15485   0.00423   0.13495   0.06264   0.04899   0.09793   0.13217   0.18282   0.00000   0.17849   0.01098   0.00261   0.09661   0.28475   0.14068   0.15912   0.08412   0.13119   0.07717   0.10535   0.00000   0.00741   0.02716   0.04498   0.02307   0.00477   0.08712   0.00660   0.04426   0.05064   0.06625   0.02144   0.02172   0.03336   0.03876   0.13713   2.80269   0.69620   0.66213   2.47033  
 78  0.0238   7672.331254  x:  0.00292   0.04636   0.10289   0.12718   0.00347   0.03502   0.09937   0.00000   0.28958   0.04632   0.00000   0.21667   0.00564   0.13461   0.06843   0.07111   0.13463   0.14374   0.09144   0.15482   0.00428   0.13490   0.06272   0.04911   0.09791   0.13219   0.18282   0.00000   0.17850   0.01098   0.00263   0.09660   0.28477   0.14064   0.15917   0.08416   0.13123   0.07719   0.10536   0.00000   0.00745   0.02714   0.04499   0.02309   0.00476   0.08713   0.00659   0.04426   0.05062   0.06623   0.02146   0.02172   0.03338   0.03876   0.13717   2.80257   0.69647   0.65978   2.45200  
 79  0.0133   7672.331188  x:  0.00293   0.04637   0.10290   0.12717   0.00343   0.03502   0.09936   0.00000   0.28954   0.04634   0.00000   0.21670   0.00562   0.13462   0.06842   0.07111   0.13462   0.14375   0.09146   0.15480   0.00426   0.13489   0.06276   0.04913   0.09791   0.13219   0.18282   0.00000   0.17851   0.01098   0.00264   0.09662   0.28478   0.14067   0.15914   0.08418   0.13121   0.07719   0.10536   0.00000   0.00745   0.02717   0.04499   0.02310   0.00477   0.08712   0.00659   0.04425   0.05062   0.06623   0.02144   0.02172   0.03338   0.03876   0.13718   2.80254   0.69644   0.65936   2.44887  
 80  0.0038   7672.331181  x:  0.00292   0.04637   0.10290   0.12718   0.00343   0.03502   0.09935   0.00000   0.28954   0.04634   0.00000   0.21671   0.00562   0.13462   0.06841   0.07110   0.13463   0.14375   0.09145   0.15480   0.00426   0.13489   0.06276   0.04912   0.09791   0.13219   0.18283   0.00000   0.17853   0.01098   0.00263   0.09664   0.28478   0.14067   0.15914   0.08418   0.13120   0.07719   0.10537   0.00000   0.00745   0.02718   0.04499   0.02309   0.00477   0.08713   0.00659   0.04425   0.05062   0.06623   0.02142   0.02172   0.03338   0.03876   0.13718   2.80251   0.69646   0.65919   2.44795  
 81  0.0009   7672.331181  x:  0.00292   0.04637   0.10290   0.12718   0.00343   0.03502   0.09935   0.00000   0.28954   0.04634   0.00000   0.21672   0.00562   0.13462   0.06841   0.07110   0.13463   0.14375   0.09145   0.15480   0.00426   0.13490   0.06276   0.04912   0.09791   0.13219   0.18283   0.00000   0.17853   0.01098   0.00263   0.09663   0.28478   0.14067   0.15915   0.08418   0.13121   0.07719   0.10537   0.00000   0.00745   0.02718   0.04499   0.02309   0.00477   0.08713   0.00659   0.04426   0.05062   0.06623   0.02142   0.02172   0.03338   0.03876   0.13718   2.80249   0.69646   0.65915   2.44775  
 82  0.0002   7672.331181  x:  0.00292   0.04637   0.10290   0.12718   0.00343   0.03502   0.09935   0.00000   0.28954   0.04634   0.00000   0.21671   0.00562   0.13462   0.06842   0.07110   0.13463   0.14375   0.09145   0.15480   0.00426   0.13489   0.06276   0.04912   0.09791   0.13219   0.18283   0.00000   0.17853   0.01098   0.00263   0.09663   0.28478   0.14067   0.15915   0.08418   0.13121   0.07719   0.10537   0.00000   0.00745   0.02718   0.04499   0.02309   0.00477   0.08713   0.00660   0.04426   0.05062   0.06623   0.02143   0.02172   0.03338   0.03876   0.13718   2.80250   0.69646   0.65913   2.44767  
 83  0.0001   7672.331181  x:  0.00292   0.04637   0.10290   0.12718   0.00343   0.03502   0.09935   0.00000   0.28954   0.04634   0.00000   0.21671   0.00562   0.13462   0.06842   0.07110   0.13463   0.14375   0.09145   0.15480   0.00426   0.13489   0.06276   0.04912   0.09791   0.13219   0.18283   0.00000   0.17853   0.01098   0.00263   0.09663   0.28478   0.14067   0.15915   0.08418   0.13121   0.07719   0.10537   0.00000   0.00745   0.02718   0.04499   0.02309   0.00477   0.08713   0.00660   0.04426   0.05062   0.06623   0.02143   0.02172   0.03338   0.03876   0.13718   2.80250   0.69646   0.65913   2.44767  
 84  0.0000   7672.331181  x:  0.00292   0.04637   0.10290   0.12718   0.00343   0.03502   0.09935   0.00000   0.28954   0.04634   0.00000   0.21671   0.00562   0.13462   0.06842   0.07110   0.13463   0.14375   0.09145   0.15480   0.00426   0.13489   0.06276   0.04912   0.09791   0.13219   0.18283   0.00000   0.17853   0.01098   0.00263   0.09663   0.28478   0.14067   0.15915   0.08418   0.13121   0.07719   0.10537   0.00000   0.00745   0.02718   0.04499   0.02309   0.00477   0.08713   0.00660   0.04426   0.05062   0.06623   0.02143   0.02172   0.03338   0.03876   0.13718   2.80250   0.69646   0.65913   2.44767  