

TREE # 1

  0  0.0000   5008.523836  x:  0.04453   0.09156   0.06786   0.01466   0.09672   0.06071   0.10782   0.01254   0.04645   0.10361   0.04111   0.02056   0.06744   0.08620   0.03035   0.01854   0.06783   0.04347   0.05139   0.04788   0.03480   0.09059   0.10399   0.08332   0.07496   0.10814   0.09233   0.09372   0.06738   0.02494   0.07994   0.05280   0.02169   0.09682   0.09896   0.03560   0.10830   0.05489   0.06821   0.01187   0.10305   0.07163   0.04983   0.02198   0.06329   0.06831   0.04922   0.09668   0.02780   0.06213   0.03791   0.05634   0.10754   0.02661   0.05405   2.00000   0.90000   1.10706   1.99579  
  1 99.0000   4870.833064  x:  0.03112   0.07831   0.06935   0.03074   0.08482   0.05769   0.10092   0.00215   0.08177   0.10455   0.05432   0.11816   0.05961   0.08209   0.02283   0.02503   0.07245   0.05532   0.04732   0.06120   0.02157   0.08557   0.09305   0.07515   0.06523   0.10773   0.09713   0.08204   0.08316   0.01480   0.06768   0.05428   0.06523   0.09186   0.09489   0.04038   0.10557   0.05117   0.07241   0.00000   0.09058   0.06036   0.04569   0.00973   0.05067   0.06777   0.03639   0.08690   0.03839   0.05991   0.03758   0.04328   0.09596   0.03444   0.05242   2.00312   0.91276   1.09275   2.00088  
  2 2049.9500   4860.811948  x:  0.02883   0.07601   0.06947   0.03107   0.08259   0.05690   0.09989   0.00000   0.08410   0.10435   0.05441   0.11722   0.05788   0.08157   0.02162   0.02580   0.07297   0.05628   0.04657   0.06237   0.01937   0.08484   0.09117   0.07385   0.06366   0.10767   0.09779   0.07984   0.08495   0.01285   0.06541   0.05414   0.06516   0.09108   0.09421   0.04085   0.10504   0.05065   0.07298   0.00000   0.08844   0.05859   0.04515   0.00810   0.04852   0.06767   0.03414   0.08519   0.03898   0.05975   0.03756   0.04106   0.09396   0.03499   0.05211   2.00366   0.91485   1.09022   2.00175  
  3 1197.5739   4811.906456  x:  0.01498   0.06141   0.06910   0.03157   0.06765   0.05082   0.09518   0.00000   0.08726   0.10036   0.05169   0.11695   0.04736   0.07926   0.01968   0.02438   0.07302   0.05564   0.04213   0.06236   0.00875   0.08161   0.08001   0.06744   0.05582   0.10661   0.09959   0.06504   0.08854   0.00000   0.05046   0.05310   0.06539   0.08718   0.09027   0.04062   0.10162   0.04907   0.07428   0.00000   0.07580   0.05070   0.04409   0.01066   0.03634   0.06723   0.02016   0.07526   0.03786   0.05969   0.03710   0.02851   0.08183   0.03349   0.05055   2.00706   0.93127   1.07572   2.00702  
  4 5051.0068   4761.857809  x:  0.00000   0.04438   0.06826   0.03257   0.04961   0.04453   0.09089   0.00000   0.08873   0.09510   0.04886   0.11719   0.03636   0.07667   0.01831   0.02542   0.07237   0.05523   0.03803   0.06219   0.00211   0.07868   0.06804   0.06137   0.04850   0.10501   0.10055   0.04746   0.09161   0.00000   0.03278   0.05165   0.06484   0.08364   0.08600   0.04030   0.09763   0.04782   0.07480   0.00000   0.06188   0.04403   0.04259   0.00828   0.02389   0.06640   0.00635   0.06484   0.03820   0.05986   0.03670   0.01564   0.06859   0.03242   0.04944   2.01098   0.95306   1.06045   2.01287  
  5 29305.5787   4732.559794  x:  0.00000   0.03261   0.06717   0.03073   0.03840   0.04063   0.08689   0.00000   0.09462   0.09209   0.04690   0.11642   0.02868   0.07459   0.01564   0.02233   0.07295   0.05537   0.03490   0.06331   0.00707   0.07619   0.06006   0.05643   0.04278   0.10400   0.10187   0.03581   0.09386   0.00000   0.02046   0.05112   0.06533   0.08051   0.08290   0.04043   0.09527   0.04679   0.07657   0.00000   0.05274   0.04033   0.04265   0.00984   0.01667   0.06613   0.00000   0.05687   0.03705   0.06084   0.03648   0.00872   0.05929   0.03199   0.04735   2.01371   0.96645   1.04878   2.01712  
  6 6870.4820   4695.736422  x:  0.00000   0.01380   0.06341   0.02583   0.02393   0.03789   0.08079   0.00000   0.10642   0.08708   0.04211   0.11529   0.01961   0.07165   0.01374   0.01879   0.07519   0.05440   0.02943   0.06325   0.00225   0.07107   0.04840   0.04935   0.03583   0.10246   0.10400   0.01908   0.09419   0.00000   0.00000   0.05100   0.06702   0.07538   0.07812   0.04028   0.09306   0.04721   0.08102   0.00000   0.04189   0.03885   0.04735   0.00814   0.01813   0.06869   0.00000   0.04601   0.03262   0.06395   0.03616   0.01568   0.04504   0.02928   0.04378   2.01806   0.98582   1.02766   2.02441  
  7 2942.3777   4677.256392  x:  0.00000   0.00000   0.06145   0.03522   0.01829   0.03938   0.07889   0.00000   0.11354   0.08107   0.03568   0.11318   0.01988   0.07032   0.01603   0.02801   0.07819   0.05333   0.02729   0.06205   0.00283   0.06708   0.04193   0.04573   0.03443   0.10220   0.10623   0.01497   0.09363   0.00000   0.00000   0.05109   0.06725   0.07210   0.07458   0.04015   0.09344   0.04893   0.08537   0.00000   0.03616   0.03396   0.04945   0.01581   0.02317   0.07070   0.00000   0.04262   0.03467   0.06318   0.03382   0.01475   0.03598   0.02876   0.04420   2.02205   0.99685   1.00109   2.03233  
  8 978.6577   4673.407514  x:  0.00000   0.00000   0.06114   0.03539   0.01721   0.03951   0.07960   0.00000   0.11462   0.07887   0.03437   0.11313   0.02042   0.07009   0.01550   0.02731   0.07838   0.05373   0.02763   0.06222   0.00213   0.06658   0.04106   0.04572   0.03491   0.10194   0.10639   0.01494   0.09377   0.00000   0.00000   0.05099   0.06697   0.07170   0.07393   0.04034   0.09340   0.04966   0.08595   0.00000   0.03523   0.03307   0.04910   0.01654   0.02387   0.07073   0.00000   0.04279   0.03536   0.06275   0.03390   0.01368   0.03482   0.02911   0.04491   2.02321   0.99999   0.99263   2.03469  
  9 1144.5420   4616.494612  x:  0.00000   0.00000   0.05974   0.03159   0.00000   0.03609   0.10274   0.00000   0.12821   0.03496   0.00895   0.11619   0.01986   0.06865   0.01095   0.03123   0.07957   0.05531   0.02440   0.06298   0.00007   0.06113   0.02988   0.04379   0.03298   0.09829   0.10886   0.01460   0.10084   0.00000   0.00000   0.04825   0.06405   0.06491   0.06431   0.04102   0.08970   0.05208   0.09061   0.00000   0.02091   0.01552   0.04000   0.01530   0.02377   0.07038   0.00000   0.04441   0.02484   0.05432   0.03461   0.00593   0.02257   0.02323   0.04790   2.04575   0.99999   0.81395   2.08161  
 10 3181.0985   4614.839904  x:  0.00000   0.00000   0.05972   0.03167   0.00000   0.03590   0.10340   0.00000   0.12852   0.03394   0.00874   0.11618   0.01969   0.06865   0.01091   0.03121   0.07960   0.05526   0.02432   0.06292   0.00000   0.06102   0.02958   0.04367   0.03284   0.09819   0.10898   0.01443   0.10096   0.00000   0.00000   0.04821   0.06398   0.06473   0.06409   0.04101   0.08957   0.05211   0.09072   0.00000   0.02061   0.01557   0.03990   0.01540   0.02358   0.07043   0.00000   0.04434   0.02512   0.05422   0.03460   0.00595   0.02232   0.02332   0.04794   2.04643   0.99999   0.80854   2.08298  
 11 6034.3463   4533.098389  x:  0.00000   0.00000   0.05643   0.03964   0.00000   0.02882   0.12887   0.00000   0.13906   0.01232   0.01430   0.11548   0.01313   0.06644   0.01065   0.02673   0.08166   0.05783   0.02999   0.06062   0.00009   0.05350   0.01345   0.03923   0.03479   0.09326   0.11475   0.00082   0.10449   0.00000   0.00000   0.04684   0.05899   0.05663   0.05235   0.04298   0.08415   0.06101   0.09792   0.00000   0.01044   0.00394   0.03938   0.01529   0.02367   0.07490   0.00000   0.03882   0.02021   0.05079   0.03520   0.00000   0.00790   0.02288   0.05972   2.08519   0.99999   0.49893   2.16071  
 12 8848.5299   4524.994477  x:  0.00000   0.00000   0.05622   0.04085   0.00000   0.02807   0.13101   0.00000   0.13989   0.01095   0.01373   0.11554   0.01255   0.06596   0.01010   0.02637   0.08175   0.05859   0.03078   0.06083   0.00013   0.05268   0.01176   0.03886   0.03519   0.09273   0.11522   0.00000   0.10534   0.00000   0.00000   0.04657   0.05824   0.05581   0.05096   0.04337   0.08347   0.06205   0.09866   0.00000   0.00895   0.00305   0.03847   0.01597   0.02268   0.07490   0.00000   0.03830   0.01969   0.04998   0.03537   0.00095   0.00659   0.02283   0.06144   2.08928   0.99999   0.46693   2.16882  
 13 29847.8253   4524.994477  x:  0.00000   0.00000   0.05622   0.04085   0.00000   0.02807   0.13101   0.00000   0.13989   0.01095   0.01373   0.11554   0.01255   0.06596   0.01010   0.02637   0.08175   0.05859   0.03078   0.06083   0.00013   0.05268   0.01176   0.03886   0.03519   0.09273   0.11522   0.00000   0.10534   0.00000   0.00000   0.04657   0.05824   0.05581   0.05096   0.04337   0.08347   0.06205   0.09866   0.00000   0.00895   0.00305   0.03847   0.01597   0.02268   0.07490   0.00000   0.03830   0.01969   0.04998   0.03537   0.00095   0.00659   0.02283   0.06144   2.08928   0.99999   0.46693   2.16882  
 14 58913.2110   4507.020556  x:  0.00000   0.00000   0.05658   0.04034   0.00000   0.02734   0.12823   0.00000   0.14540   0.02774   0.01432   0.12117   0.00699   0.06471   0.00718   0.02982   0.08194   0.06143   0.02805   0.06572   0.00397   0.05406   0.01740   0.03746   0.03123   0.09245   0.11493   0.00468   0.10917   0.00000   0.00000   0.04728   0.06112   0.05655   0.05194   0.04477   0.08171   0.05886   0.09817   0.00000   0.01426   0.05306   0.03713   0.00582   0.01461   0.07340   0.00000   0.03523   0.03341   0.05166   0.03529   0.01886   0.02081   0.02888   0.05840   2.09095   0.99999   0.45391   2.17086  
 15 1425.9691   4500.463984  x:  0.00000   0.00000   0.05689   0.03995   0.00000   0.02711   0.12689   0.00000   0.14780   0.02962   0.01490   0.12365   0.00576   0.06424   0.00717   0.03096   0.08201   0.06251   0.02689   0.06748   0.00212   0.05454   0.01804   0.03689   0.02969   0.09227   0.11486   0.00305   0.11075   0.00000   0.00000   0.04732   0.06245   0.05674   0.05236   0.04522   0.08105   0.05713   0.09770   0.00000   0.01389   0.05371   0.03652   0.00000   0.01149   0.07249   0.00000   0.03352   0.03623   0.05249   0.03508   0.01607   0.02054   0.03038   0.05694   2.09175   0.99999   0.44755   2.17181  
 16 645.3131   4483.905332  x:  0.00000   0.00000   0.05812   0.03863   0.00000   0.02581   0.11838   0.00000   0.16127   0.03354   0.01842   0.13755   0.00879   0.06154   0.00925   0.03401   0.08218   0.06760   0.02317   0.07613   0.01738   0.05654   0.01908   0.03458   0.02412   0.09122   0.11401   0.00917   0.11966   0.00000   0.00000   0.04844   0.06715   0.05769   0.05408   0.04729   0.07745   0.04761   0.09470   0.00000   0.01491   0.05623   0.03443   0.00000   0.00765   0.06699   0.00000   0.02579   0.04103   0.05678   0.03421   0.00000   0.01844   0.03337   0.04945   2.09722   0.99999   0.40303   2.17815  
 17 1058.3375   4464.234763  x:  0.00000   0.00000   0.06074   0.03559   0.00000   0.02300   0.09958   0.00000   0.19008   0.03755   0.02484   0.16731   0.01376   0.05588   0.01240   0.03979   0.08240   0.07799   0.01537   0.09357   0.04222   0.06045   0.01923   0.02996   0.01355   0.08878   0.11224   0.01630   0.13843   0.00000   0.00000   0.05019   0.07698   0.05935   0.05758   0.05121   0.06984   0.02740   0.08793   0.00000   0.01468   0.04585   0.03014   0.00000   0.00221   0.05496   0.00000   0.01029   0.04815   0.06635   0.03337   0.00985   0.00972   0.03826   0.03383   2.10943   0.99999   0.30315   2.19216  
 18 2553.6341   4447.018459  x:  0.00000   0.00000   0.06282   0.03223   0.00000   0.02009   0.07949   0.00000   0.21930   0.04346   0.02704   0.19765   0.00875   0.05057   0.00874   0.04462   0.08212   0.08727   0.00944   0.10915   0.05285   0.06339   0.01881   0.02703   0.01385   0.08583   0.11040   0.01244   0.15657   0.00000   0.00000   0.05022   0.08600   0.05996   0.06033   0.05374   0.06247   0.01488   0.08081   0.00000   0.01347   0.03885   0.02668   0.00000   0.02838   0.04351   0.00000   0.01676   0.05645   0.07403   0.03228   0.01278   0.01288   0.04264   0.02368   2.12326   0.99999   0.18850   2.20748  
 19 2298.3548   4433.435860  x:  0.00000   0.00000   0.06241   0.03077   0.00000   0.01942   0.06893   0.00000   0.23455   0.04358   0.02534   0.21377   0.00379   0.04865   0.00653   0.04379   0.08108   0.08984   0.01261   0.11445   0.05883   0.06295   0.01632   0.02785   0.02083   0.08354   0.10872   0.00876   0.16480   0.00000   0.00000   0.04882   0.08754   0.05864   0.06008   0.05292   0.05959   0.03162   0.07685   0.00000   0.01183   0.03689   0.02698   0.00000   0.02506   0.03934   0.00000   0.01753   0.05552   0.07509   0.03139   0.01328   0.01712   0.04105   0.02930   2.13276   0.99999   0.11071   2.21706  
 20 1492.4347   4426.558546  x:  0.00000   0.00000   0.06157   0.03013   0.00000   0.01934   0.06399   0.00000   0.24228   0.04283   0.02375   0.22206   0.00089   0.04788   0.00624   0.04233   0.08007   0.09017   0.01390   0.11602   0.06118   0.06203   0.01458   0.02842   0.02343   0.08203   0.10751   0.00603   0.16844   0.00000   0.00000   0.04760   0.08720   0.05735   0.05930   0.05173   0.05834   0.03744   0.07474   0.00000   0.01124   0.03698   0.02739   0.00000   0.02245   0.03806   0.00000   0.01867   0.05362   0.07448   0.03072   0.01332   0.01884   0.03920   0.03253   2.13843   0.98339   0.06776   2.22241  
 21 2279.9674   4425.316267  x:  0.00000   0.00000   0.06029   0.03050   0.00000   0.02026   0.06563   0.00000   0.24326   0.04141   0.02243   0.22324   0.00343   0.04834   0.00803   0.04031   0.07910   0.08815   0.01308   0.11378   0.05875   0.06068   0.01444   0.02861   0.02174   0.08127   0.10665   0.00411   0.16768   0.00000   0.00000   0.04663   0.08484   0.05605   0.05803   0.05017   0.05883   0.03387   0.07439   0.00000   0.01200   0.03929   0.02765   0.00000   0.02098   0.03995   0.00000   0.01999   0.05106   0.07202   0.03059   0.01294   0.01806   0.03740   0.03266   2.14111   0.98432   0.05804   2.22433  
 22 244.4915   4424.975106  x:  0.00000   0.00000   0.05958   0.03052   0.00000   0.02016   0.06573   0.00000   0.24471   0.04042   0.02101   0.22477   0.00185   0.04812   0.00517   0.03929   0.07851   0.08710   0.01299   0.11267   0.05831   0.05995   0.01449   0.02840   0.02138   0.08070   0.10592   0.00447   0.16764   0.00000   0.00000   0.04632   0.08346   0.05539   0.05736   0.04945   0.05870   0.03237   0.07386   0.00000   0.01164   0.03992   0.02744   0.00000   0.02048   0.04004   0.00000   0.01943   0.04952   0.07075   0.03050   0.01268   0.01762   0.03646   0.03215   2.14347   0.98477   0.05653   2.22609  
 23 126.5807   4424.566502  x:  0.00000   0.00000   0.05870   0.03028   0.00000   0.01983   0.06527   0.00000   0.24799   0.03918   0.01923   0.22811   0.00000   0.04766   0.00667   0.03821   0.07766   0.08583   0.01321   0.11143   0.05750   0.05905   0.01466   0.02797   0.02176   0.07977   0.10472   0.00494   0.16808   0.00000   0.00000   0.04598   0.08173   0.05458   0.05652   0.04866   0.05815   0.03173   0.07280   0.00000   0.01092   0.04062   0.02695   0.00000   0.02051   0.03931   0.00000   0.01878   0.04803   0.06923   0.03035   0.01257   0.01781   0.03557   0.03151   2.14785   0.98510   0.05656   2.22944  
 24 146.6492   4423.628891  x:  0.00000   0.00000   0.05616   0.02933   0.00000   0.01902   0.06393   0.00000   0.26096   0.03529   0.01618   0.24124   0.00429   0.04594   0.00627   0.03567   0.07488   0.08189   0.01413   0.10754   0.05325   0.05638   0.01525   0.02688   0.02334   0.07673   0.10059   0.00519   0.17006   0.00000   0.00000   0.04494   0.07648   0.05224   0.05404   0.04650   0.05615   0.03210   0.06915   0.00000   0.00998   0.04274   0.02560   0.00000   0.02053   0.03652   0.00000   0.01780   0.04487   0.06464   0.02988   0.01241   0.01919   0.03364   0.03038   2.16462   0.98482   0.05859   2.24238  
 25 345.6107   4422.777930  x:  0.00000   0.00000   0.05562   0.03052   0.00000   0.02112   0.06639   0.00000   0.27422   0.03168   0.01541   0.25418   0.00302   0.04662   0.00609   0.03614   0.07354   0.07856   0.01465   0.10307   0.05120   0.05533   0.01458   0.02861   0.02110   0.07555   0.09793   0.00670   0.17104   0.00000   0.00000   0.04518   0.07279   0.05209   0.05299   0.04647   0.05646   0.03302   0.06790   0.00000   0.01663   0.04321   0.02765   0.00000   0.02008   0.03851   0.00000   0.02063   0.04383   0.06221   0.03032   0.01248   0.01742   0.03351   0.03282   2.18498   0.98476   0.06087   2.25798  
 26 202.2353   4421.730955  x:  0.00000   0.00000   0.05698   0.03374   0.00000   0.02142   0.07407   0.00000   0.28699   0.02935   0.01615   0.26588   0.00245   0.04967   0.00599   0.03782   0.07398   0.07530   0.01532   0.09606   0.05158   0.05613   0.01484   0.03021   0.02107   0.07707   0.09780   0.00647   0.16873   0.00000   0.00000   0.04588   0.07063   0.05394   0.05337   0.04784   0.05925   0.03308   0.07003   0.00000   0.01009   0.04448   0.02973   0.00000   0.02062   0.04436   0.00000   0.02096   0.04314   0.06106   0.03127   0.01258   0.01666   0.03382   0.03456   2.21338   0.98440   0.06228   2.27935  
 27 202.7930   4420.659254  x:  0.00000   0.00000   0.05822   0.03200   0.00000   0.01786   0.08152   0.00000   0.29498   0.02970   0.01290   0.27192   0.00238   0.05106   0.00584   0.03748   0.07600   0.07353   0.01600   0.08782   0.05295   0.05762   0.01465   0.02779   0.02454   0.08053   0.10095   0.00238   0.16135   0.00000   0.00000   0.04582   0.07111   0.05559   0.05453   0.04828   0.06241   0.03261   0.07544   0.00000   0.01378   0.04405   0.02728   0.00000   0.02065   0.04543   0.00000   0.01802   0.04152   0.06228   0.03072   0.01241   0.01856   0.03276   0.03298   2.24991   0.98398   0.06290   2.30628  
 28 202.9318   4418.960974  x:  0.00000   0.00000   0.05792   0.02712   0.00000   0.02160   0.08660   0.00000   0.30010   0.03163   0.00768   0.27274   0.00297   0.04829   0.00571   0.03502   0.07892   0.07391   0.01572   0.07871   0.05155   0.05829   0.01394   0.02667   0.02177   0.08449   0.10680   0.00710   0.14622   0.00000   0.00000   0.04634   0.07343   0.05543   0.05537   0.04680   0.06317   0.03353   0.08174   0.00000   0.01141   0.04278   0.02468   0.00000   0.01759   0.03879   0.00000   0.02436   0.04201   0.06453   0.02939   0.01235   0.01907   0.03154   0.03146   2.31584   0.98355   0.06317   2.35438  
 29 293.1048   4415.124767  x:  0.00000   0.00000   0.05404   0.02908   0.00000   0.02002   0.08263   0.00000   0.29985   0.03139   0.01607   0.26094   0.00187   0.04267   0.00609   0.02773   0.08112   0.07804   0.01691   0.07395   0.04479   0.05552   0.01721   0.03331   0.02099   0.08575   0.11463   0.01089   0.11483   0.00000   0.00000   0.04279   0.07701   0.05058   0.05373   0.04115   0.05874   0.03136   0.08496   0.00000   0.01206   0.04342   0.03263   0.00000   0.01995   0.03422   0.00000   0.01753   0.04175   0.06569   0.03055   0.01155   0.01739   0.03188   0.03655   2.47327   0.98316   0.06386   2.46906  
 30 469.2776   4408.945524  x:  0.00000   0.00000   0.05191   0.03404   0.00000   0.01877   0.06717   0.00000   0.28751   0.02721   0.01353   0.23206   0.00336   0.04968   0.00601   0.03296   0.08014   0.08165   0.01454   0.08340   0.03950   0.05069   0.00901   0.02547   0.02299   0.08259   0.11672   0.01178   0.08834   0.00000   0.00000   0.04024   0.07679   0.04902   0.05085   0.04222   0.05506   0.03189   0.07878   0.00000   0.01207   0.04543   0.02758   0.00000   0.01662   0.04904   0.00000   0.02101   0.03974   0.06317   0.03133   0.01072   0.01433   0.03097   0.03326   2.72716   0.98245   0.06711   2.65482  
 31 879.7351   4402.924831  x:  0.00000   0.00000   0.05330   0.03238   0.00000   0.02317   0.06335   0.00000   0.26220   0.02435   0.00819   0.18989   0.00472   0.05531   0.00552   0.03737   0.07640   0.07981   0.01699   0.09351   0.03600   0.05261   0.03352   0.02821   0.02134   0.07792   0.11247   0.00901   0.08824   0.00000   0.00000   0.04228   0.07116   0.05181   0.04925   0.04677   0.05856   0.03118   0.07016   0.00000   0.01358   0.04191   0.02289   0.00000   0.01231   0.05511   0.00000   0.02374   0.03373   0.05746   0.02979   0.01023   0.01954   0.02853   0.03184   3.03792   0.98064   0.06990   2.88301  
 32 1580.8505   4393.071270  x:  0.00000   0.00000   0.05532   0.02549   0.00000   0.02260   0.07766   0.00000   0.21771   0.03045   0.01284   0.13109   0.00403   0.05261   0.00540   0.03296   0.07027   0.06925   0.01615   0.09792   0.02995   0.05137   0.01914   0.02659   0.02017   0.07270   0.10044   0.00473   0.12039   0.00000   0.00000   0.04548   0.06044   0.05399   0.04895   0.04784   0.06540   0.03070   0.06375   0.00000   0.01236   0.04150   0.02948   0.00000   0.01148   0.04636   0.00000   0.02043   0.03358   0.05008   0.02819   0.00898   0.01824   0.02755   0.03278   3.45194   0.97904   0.07319   3.18835  
 33 1895.9508   4391.679084  x:  0.00000   0.00000   0.05441   0.03428   0.00000   0.02123   0.07674   0.00000   0.20349   0.02743   0.00830   0.12869   0.00529   0.05061   0.00554   0.03172   0.07093   0.06793   0.01794   0.09469   0.02774   0.05247   0.01747   0.03081   0.02195   0.07439   0.09810   0.00565   0.12964   0.00000   0.00000   0.04414   0.06242   0.05206   0.04916   0.04515   0.06369   0.02910   0.06780   0.00000   0.01275   0.04244   0.02458   0.00000   0.01072   0.04557   0.00000   0.02042   0.03578   0.05383   0.03061   0.00857   0.01644   0.02902   0.03436   3.51244   0.97879   0.07373   3.23389  
 34 469.3414   4390.857160  x:  0.00000   0.00000   0.05223   0.03381   0.00000   0.02278   0.07371   0.00000   0.18742   0.02417   0.01229   0.13508   0.00452   0.05084   0.00554   0.03229   0.07253   0.06809   0.01660   0.08961   0.02637   0.05301   0.01877   0.02728   0.01994   0.07679   0.09698   0.00519   0.13604   0.00000   0.00000   0.04256   0.06515   0.05007   0.04913   0.04296   0.06008   0.03063   0.07179   0.00000   0.01262   0.04350   0.02494   0.00000   0.01086   0.04804   0.00000   0.02036   0.03337   0.05676   0.03000   0.00836   0.01716   0.02752   0.03303   3.54692   0.97868   0.07440   3.26106  
 35 220.1177   4390.522827  x:  0.00000   0.00000   0.05193   0.03113   0.00000   0.02214   0.07098   0.00000   0.17733   0.02735   0.01151   0.14151   0.00501   0.05192   0.00559   0.03220   0.07295   0.06875   0.01763   0.08729   0.02622   0.05220   0.01880   0.02858   0.02161   0.07726   0.09708   0.00566   0.13723   0.00000   0.00000   0.04317   0.06491   0.05047   0.04891   0.04390   0.05963   0.02925   0.07180   0.00000   0.01241   0.04288   0.02717   0.00000   0.01025   0.04968   0.00000   0.02081   0.03337   0.05565   0.02947   0.00833   0.01605   0.02768   0.03358   3.56049   0.97877   0.07474   3.27278  
 36 126.1192   4390.409551  x:  0.00000   0.00000   0.05269   0.03151   0.00000   0.02198   0.07073   0.00000   0.17266   0.02796   0.01250   0.14480   0.00482   0.05197   0.00561   0.03165   0.07258   0.06873   0.01734   0.08684   0.02640   0.05170   0.01828   0.02905   0.02029   0.07671   0.09758   0.00566   0.13629   0.00000   0.00000   0.04371   0.06372   0.05110   0.04876   0.04474   0.06110   0.02956   0.07065   0.00000   0.01250   0.04225   0.02526   0.00000   0.01058   0.04919   0.00000   0.02024   0.03397   0.05416   0.02992   0.00836   0.01705   0.02807   0.03400   3.56439   0.97875   0.07467   3.27713  
 37 57.0854   4390.373725  x:  0.00000   0.00000   0.05321   0.03238   0.00000   0.02235   0.07128   0.00000   0.17098   0.02753   0.01284   0.14609   0.00467   0.05151   0.00560   0.03180   0.07221   0.06853   0.01717   0.08733   0.02667   0.05198   0.01852   0.02850   0.02111   0.07626   0.09785   0.00521   0.13552   0.00000   0.00000   0.04369   0.06325   0.05126   0.04882   0.04477   0.06191   0.02962   0.06987   0.00000   0.01261   0.04245   0.02562   0.00000   0.01036   0.04815   0.00000   0.02066   0.03422   0.05399   0.02998   0.00836   0.01640   0.02808   0.03342   3.56497   0.97872   0.07466   3.27899  
 38 24.4719   4390.345039  x:  0.00000   0.00000   0.05329   0.03249   0.00000   0.02236   0.07206   0.00000   0.17006   0.02723   0.01187   0.14690   0.00481   0.05127   0.00560   0.03239   0.07186   0.06820   0.01754   0.08845   0.02669   0.05249   0.01816   0.02849   0.02038   0.07589   0.09786   0.00475   0.13484   0.00000   0.00000   0.04356   0.06329   0.05123   0.04902   0.04445   0.06193   0.02968   0.06938   0.00000   0.01248   0.04250   0.02633   0.00000   0.01057   0.04775   0.00000   0.02033   0.03387   0.05461   0.02973   0.00834   0.01666   0.02802   0.03363   3.56430   0.97872   0.07474   3.28130  
 39 13.1559   4390.253224  x:  0.00000   0.00000   0.05260   0.03110   0.00000   0.02184   0.07478   0.00000   0.16873   0.02674   0.01231   0.14800   0.00462   0.05138   0.00559   0.03267   0.07101   0.06700   0.01719   0.09120   0.02587   0.05322   0.01788   0.02934   0.02139   0.07514   0.09727   0.00581   0.13356   0.00000   0.00000   0.04360   0.06354   0.05100   0.04931   0.04358   0.06103   0.02920   0.06913   0.00000   0.01246   0.04207   0.02522   0.00000   0.01029   0.04809   0.00000   0.02051   0.03346   0.05594   0.02952   0.00832   0.01691   0.02752   0.03439   3.56005   0.97868   0.07476   3.29017  
 40 22.1195   4389.844394  x:  0.00000   0.00000   0.05142   0.03087   0.00000   0.01969   0.07821   0.00000   0.16667   0.02751   0.01122   0.14799   0.00493   0.05218   0.00567   0.02899   0.07037   0.06488   0.01841   0.09469   0.02389   0.05170   0.01985   0.02744   0.01989   0.07510   0.09562   0.00758   0.13143   0.00000   0.00000   0.04307   0.06376   0.05081   0.04881   0.04314   0.06043   0.03160   0.07195   0.00000   0.01270   0.03983   0.02553   0.00000   0.01126   0.04953   0.00000   0.02056   0.03456   0.05492   0.03137   0.00823   0.01444   0.02754   0.03273   3.53809   0.97818   0.07493   3.33133  
 41 56.6512   4388.088168  x:  0.00000   0.00000   0.05015   0.03394   0.00000   0.02533   0.08104   0.00000   0.16160   0.02607   0.00963   0.14376   0.00527   0.05245   0.00557   0.02523   0.07194   0.06188   0.01756   0.09778   0.01891   0.04502   0.01885   0.02708   0.02222   0.07819   0.09250   0.00827   0.12558   0.00000   0.00000   0.04114   0.06335   0.05035   0.04652   0.04373   0.06116   0.02967   0.08110   0.00000   0.01321   0.02901   0.02886   0.00000   0.00886   0.04975   0.00000   0.01987   0.03155   0.04786   0.03145   0.00772   0.02048   0.02890   0.03161   3.44131   0.97755   0.07718   3.51045  
 42 372.1033   4385.641531  x:  0.00000   0.00000   0.04996   0.03142   0.00000   0.02451   0.07886   0.00000   0.15646   0.02262   0.01063   0.13524   0.00522   0.05119   0.00575   0.02727   0.07393   0.06156   0.01842   0.09089   0.01372   0.04500   0.01805   0.03116   0.02023   0.08053   0.09227   0.00272   0.11908   0.00000   0.00000   0.04125   0.05900   0.04917   0.04479   0.04301   0.06372   0.02984   0.08401   0.00000   0.01187   0.02229   0.02496   0.00000   0.00863   0.04783   0.00000   0.02068   0.02638   0.04378   0.02770   0.00673   0.01209   0.02479   0.03521   3.31553   0.97710   0.08048   3.74231  
 43 1034.3697   4384.722045  x:  0.00000   0.00000   0.04972   0.03051   0.00000   0.02255   0.07790   0.00000   0.15405   0.01984   0.01004   0.13020   0.00566   0.05160   0.00587   0.02657   0.07259   0.06135   0.01881   0.08169   0.00981   0.04849   0.01811   0.02927   0.02025   0.07855   0.09402   0.00507   0.11667   0.00000   0.00000   0.04286   0.05541   0.04867   0.04514   0.04164   0.06501   0.02907   0.07871   0.00000   0.01207   0.01748   0.02689   0.00000   0.00762   0.04983   0.00000   0.02047   0.02852   0.04753   0.02951   0.00620   0.01359   0.02419   0.03567   3.26547   0.97680   0.08084   3.83417  
 44 680.0337   4384.580723  x:  0.00000   0.00000   0.04956   0.03089   0.00000   0.02415   0.07861   0.00000   0.15378   0.02124   0.00986   0.12937   0.00574   0.05199   0.00585   0.02593   0.07162   0.06124   0.01885   0.07927   0.00912   0.04813   0.01810   0.02939   0.02053   0.07729   0.09494   0.00517   0.11655   0.00000   0.00000   0.04245   0.05688   0.04888   0.04571   0.04154   0.06445   0.02965   0.07599   0.00000   0.01226   0.01691   0.02630   0.00000   0.00794   0.05045   0.00000   0.01984   0.02664   0.04872   0.03016   0.00607   0.01293   0.02570   0.03490   3.25775   0.97663   0.08095   3.84834  
 45 145.7551   4384.549291  x:  0.00000   0.00000   0.04937   0.03087   0.00000   0.02414   0.07915   0.00000   0.15373   0.02087   0.00986   0.12919   0.00565   0.05220   0.00581   0.02554   0.07120   0.06122   0.01921   0.07850   0.00970   0.04728   0.01807   0.02976   0.02041   0.07674   0.09549   0.00461   0.11664   0.00000   0.00000   0.04194   0.05829   0.04908   0.04596   0.04164   0.06370   0.02959   0.07482   0.00000   0.01224   0.01672   0.02625   0.00000   0.00774   0.05060   0.00000   0.02016   0.02728   0.04846   0.02993   0.00609   0.01308   0.02531   0.03463   3.25618   0.97665   0.08107   3.85127  
 46 35.6697   4384.542883  x:  0.00000   0.00000   0.04942   0.03102   0.00000   0.02394   0.07948   0.00000   0.15368   0.02074   0.00966   0.12914   0.00570   0.05221   0.00582   0.02598   0.07121   0.06128   0.01894   0.07831   0.00947   0.04704   0.01821   0.02955   0.02046   0.07669   0.09588   0.00493   0.11674   0.00000   0.00000   0.04200   0.05866   0.04918   0.04594   0.04176   0.06335   0.02965   0.07461   0.00000   0.01230   0.01671   0.02629   0.00000   0.00785   0.05048   0.00000   0.01999   0.02733   0.04799   0.02982   0.00610   0.01299   0.02519   0.03489   3.25606   0.97663   0.08100   3.85151  
 47  7.2318   4384.532302  x:  0.00000   0.00000   0.04956   0.03121   0.00000   0.02337   0.07976   0.00000   0.15376   0.02073   0.00984   0.12921   0.00565   0.05220   0.00583   0.02610   0.07138   0.06150   0.01930   0.07840   0.00937   0.04714   0.01817   0.02941   0.02036   0.07672   0.09659   0.00499   0.11698   0.00000   0.00000   0.04210   0.05863   0.04912   0.04575   0.04180   0.06282   0.02953   0.07450   0.00000   0.01233   0.01667   0.02633   0.00000   0.00761   0.05034   0.00000   0.02040   0.02683   0.04763   0.03004   0.00610   0.01316   0.02548   0.03486   3.25636   0.97665   0.08100   3.85109  
 48  3.7920   4384.450282  x:  0.00000   0.00000   0.04976   0.03094   0.00000   0.02450   0.08069   0.00000   0.15443   0.02029   0.00946   0.12991   0.00566   0.05236   0.00581   0.02561   0.07227   0.06216   0.01948   0.07925   0.00909   0.04796   0.01780   0.03011   0.02059   0.07701   0.10027   0.00465   0.11813   0.00000   0.00000   0.04224   0.05688   0.04836   0.04464   0.04164   0.06094   0.02996   0.07444   0.00000   0.01246   0.01663   0.02619   0.00000   0.00797   0.05098   0.00000   0.01983   0.02740   0.04692   0.03031   0.00607   0.01298   0.02545   0.03398   3.25970   0.97657   0.08103   3.84619  
 49  9.6093   4384.026542  x:  0.00000   0.00000   0.04855   0.03275   0.00000   0.02355   0.08046   0.00000   0.15836   0.02213   0.00891   0.13355   0.00569   0.05182   0.00586   0.02280   0.07305   0.06112   0.01609   0.08125   0.00841   0.04676   0.01829   0.02930   0.02042   0.07717   0.10590   0.00366   0.12121   0.00000   0.00000   0.04143   0.05535   0.04792   0.04523   0.04173   0.06183   0.03015   0.07437   0.00000   0.01202   0.01543   0.02659   0.00000   0.00767   0.05168   0.00000   0.02095   0.02691   0.04923   0.02857   0.00604   0.01293   0.02379   0.03667   3.27772   0.97671   0.08161   3.81945  
 50 36.5768   4382.477638  x:  0.00000   0.00000   0.04564   0.03034   0.00000   0.02418   0.08039   0.00000   0.16983   0.01788   0.01011   0.14394   0.00545   0.05095   0.00624   0.02429   0.07370   0.05707   0.02241   0.08269   0.00100   0.04164   0.01702   0.02791   0.02121   0.07821   0.11119   0.00439   0.12643   0.00000   0.00000   0.04135   0.05680   0.04925   0.04843   0.04243   0.06913   0.02938   0.07621   0.00000   0.01141   0.01429   0.02638   0.00000   0.00874   0.05103   0.00000   0.02037   0.02729   0.05143   0.02897   0.00555   0.01167   0.02584   0.03872   3.34192   0.97692   0.08054   3.72341  
 51 249.9455   4381.478884  x:  0.00000   0.00000   0.04624   0.03017   0.00000   0.02334   0.08127   0.00000   0.17423   0.01827   0.00992   0.14794   0.00529   0.05071   0.00633   0.02584   0.07282   0.05690   0.02073   0.08128   0.00000   0.04341   0.01632   0.02939   0.02121   0.07821   0.10786   0.00329   0.12681   0.00000   0.00000   0.04160   0.05803   0.04866   0.04780   0.04115   0.06866   0.03057   0.07698   0.00000   0.01130   0.01279   0.02707   0.00000   0.00881   0.05059   0.00000   0.02082   0.02771   0.04988   0.03089   0.00544   0.01184   0.02642   0.03782   3.36842   0.97693   0.08016   3.68371  
 52 442.2972   4381.097542  x:  0.00000   0.00000   0.04728   0.03051   0.00000   0.02428   0.08352   0.00000   0.17652   0.01750   0.00946   0.15020   0.00508   0.05053   0.00630   0.02402   0.07235   0.06010   0.02120   0.07980   0.00000   0.04422   0.01646   0.02685   0.02154   0.07812   0.10286   0.00154   0.12610   0.00000   0.00000   0.04317   0.05682   0.04905   0.04687   0.04235   0.06478   0.03011   0.07721   0.00000   0.01103   0.01208   0.02635   0.00000   0.00915   0.05037   0.00000   0.02083   0.02887   0.05004   0.02825   0.00549   0.01116   0.02976   0.04092   3.38386   0.97704   0.07981   3.66058  
 53 192.7689   4381.037688  x:  0.00000   0.00000   0.04768   0.03131   0.00000   0.02431   0.08447   0.00000   0.17726   0.01783   0.00958   0.15096   0.00505   0.05049   0.00633   0.02414   0.07290   0.06161   0.02150   0.07935   0.00000   0.04352   0.01622   0.02726   0.02153   0.07842   0.10098   0.00143   0.12588   0.00000   0.00000   0.04358   0.05588   0.04981   0.04708   0.04387   0.06340   0.03032   0.07699   0.00000   0.01115   0.01198   0.02646   0.00000   0.00918   0.04991   0.00000   0.02074   0.02863   0.05110   0.02857   0.00539   0.01129   0.02809   0.04028   3.38872   0.97701   0.07963   3.65332  
 54 59.1988   4381.025694  x:  0.00000   0.00000   0.04763   0.03104   0.00000   0.02405   0.08462   0.00000   0.17730   0.01728   0.00936   0.15105   0.00507   0.05065   0.00633   0.02382   0.07368   0.06176   0.02093   0.07936   0.00000   0.04338   0.01620   0.02758   0.02152   0.07880   0.10067   0.00135   0.12582   0.00000   0.00000   0.04346   0.05580   0.04995   0.04735   0.04426   0.06336   0.03047   0.07655   0.00000   0.01112   0.01218   0.02663   0.00000   0.00915   0.04973   0.00000   0.02079   0.02849   0.05122   0.02885   0.00537   0.01125   0.02850   0.04017   3.38896   0.97700   0.07962   3.65304  
 55  6.4181   4380.970025  x:  0.00000   0.00000   0.04689   0.03139   0.00000   0.02403   0.08542   0.00000   0.17742   0.01789   0.00944   0.15116   0.00503   0.05086   0.00633   0.02391   0.07706   0.06139   0.02127   0.07920   0.00000   0.04367   0.01630   0.02732   0.02151   0.08046   0.09951   0.00158   0.12553   0.00000   0.00000   0.04238   0.05559   0.04902   0.04772   0.04367   0.06355   0.03052   0.07422   0.00000   0.01123   0.01210   0.02644   0.00000   0.00915   0.04978   0.00000   0.02083   0.02888   0.05079   0.02847   0.00538   0.01131   0.02862   0.04022   3.38740   0.97695   0.07966   3.65600  
 56  8.8904   4380.631087  x:  0.00000   0.00000   0.05017   0.03169   0.00000   0.02486   0.08603   0.00000   0.17923   0.01832   0.00927   0.15245   0.00507   0.04940   0.00643   0.02158   0.07958   0.06046   0.02148   0.07795   0.00000   0.04504   0.01575   0.02672   0.02171   0.08165   0.09814   0.00063   0.12486   0.00000   0.00000   0.04683   0.05881   0.04887   0.04586   0.04169   0.06377   0.03038   0.07206   0.00000   0.01120   0.01393   0.02667   0.00000   0.00889   0.05119   0.00000   0.02083   0.02879   0.05029   0.02962   0.00509   0.01146   0.02629   0.04131   3.37869   0.97684   0.08045   3.67334  
 57 13.9940   4379.477591  x:  0.00000   0.00000   0.04981   0.03311   0.00000   0.02306   0.08919   0.00000   0.18178   0.02003   0.00969   0.15317   0.00480   0.04881   0.00664   0.02430   0.07552   0.05981   0.02070   0.07076   0.00000   0.04419   0.01571   0.02840   0.02128   0.07991   0.09798   0.00000   0.12221   0.00000   0.00000   0.04468   0.05543   0.04934   0.04350   0.03994   0.06230   0.03219   0.07401   0.00000   0.01110   0.01738   0.02744   0.00000   0.00814   0.05225   0.00000   0.02184   0.03047   0.05153   0.02603   0.00468   0.01216   0.02820   0.03985   3.34669   0.97644   0.08173   3.73279  
 58 124.6738   4379.243388  x:  0.00000   0.00000   0.04878   0.03287   0.00000   0.02393   0.08991   0.00000   0.18276   0.02061   0.00951   0.15373   0.00476   0.05017   0.00662   0.02406   0.07323   0.06198   0.02088   0.06930   0.00000   0.04691   0.01535   0.02741   0.02140   0.07898   0.09806   0.00000   0.12193   0.00000   0.00000   0.04096   0.05507   0.04864   0.04579   0.04126   0.06219   0.03164   0.07511   0.00000   0.01091   0.01853   0.02735   0.00000   0.00796   0.05154   0.00000   0.02186   0.03074   0.05007   0.02851   0.00449   0.01210   0.02698   0.04189   3.33853   0.97640   0.08234   3.74810  
 59 120.9069   4379.233603  x:  0.00000   0.00000   0.04855   0.03310   0.00000   0.02382   0.09005   0.00000   0.18290   0.02055   0.00951   0.15387   0.00477   0.05062   0.00662   0.02386   0.07295   0.06256   0.02085   0.06930   0.00000   0.04720   0.01523   0.02762   0.02140   0.07892   0.09800   0.00000   0.12199   0.00000   0.00000   0.04147   0.05527   0.04781   0.04650   0.04135   0.06252   0.03177   0.07519   0.00000   0.01096   0.01854   0.02744   0.00000   0.00797   0.05149   0.00000   0.02186   0.03065   0.04975   0.02801   0.00449   0.01215   0.02694   0.04156   3.33898   0.97639   0.08235   3.74747  
 60 12.0001   4379.231849  x:  0.00000   0.00000   0.04855   0.03301   0.00000   0.02382   0.09018   0.00000   0.18286   0.02056   0.00947   0.15385   0.00476   0.05046   0.00662   0.02399   0.07285   0.06279   0.02083   0.06930   0.00000   0.04688   0.01530   0.02757   0.02141   0.07897   0.09803   0.00000   0.12200   0.00000   0.00000   0.04156   0.05522   0.04734   0.04651   0.04138   0.06264   0.03176   0.07516   0.00000   0.01094   0.01856   0.02741   0.00000   0.00796   0.05158   0.00000   0.02187   0.03068   0.04986   0.02819   0.00449   0.01216   0.02697   0.04163   3.33854   0.97638   0.08238   3.74809  
 61  2.8831   4379.200427  x:  0.00000   0.00000   0.04880   0.03282   0.00000   0.02355   0.09040   0.00000   0.18311   0.02044   0.00949   0.15414   0.00474   0.04929   0.00667   0.02383   0.07224   0.06313   0.02079   0.06958   0.00000   0.04766   0.01514   0.02777   0.02143   0.07992   0.09794   0.00000   0.12214   0.00000   0.00000   0.04075   0.05608   0.04665   0.04527   0.04299   0.06338   0.03192   0.07484   0.00000   0.01094   0.01849   0.02747   0.00000   0.00796   0.05214   0.00000   0.02190   0.03063   0.04993   0.02778   0.00449   0.01222   0.02700   0.04137   3.34091   0.97639   0.08234   3.74188  
 62  1.5374   4378.169021  x:  0.00000   0.00000   0.04853   0.03294   0.00000   0.02286   0.09107   0.00000   0.18739   0.02276   0.01177   0.15823   0.00341   0.05479   0.00695   0.02709   0.06646   0.06390   0.01930   0.07502   0.00000   0.04925   0.01527   0.02881   0.02117   0.09365   0.10166   0.00000   0.12171   0.00000   0.00000   0.04402   0.06030   0.05031   0.04578   0.04315   0.06352   0.03371   0.07458   0.00000   0.01061   0.01970   0.02858   0.00000   0.00735   0.04869   0.00000   0.02208   0.03433   0.05318   0.02997   0.00380   0.01244   0.02947   0.04169   3.36249   0.97653   0.08314   3.62639  
 63 19.4215   4377.386912  x:  0.00000   0.00000   0.05483   0.03141   0.00000   0.02171   0.09199   0.00000   0.19063   0.02410   0.01279   0.16156   0.00269   0.04991   0.00738   0.02949   0.07356   0.06672   0.01825   0.07875   0.00000   0.05061   0.01545   0.03005   0.02115   0.08624   0.10331   0.00000   0.12203   0.00000   0.00000   0.04273   0.06330   0.05235   0.05313   0.04249   0.06456   0.03550   0.07917   0.00000   0.01033   0.02003   0.02908   0.00000   0.00681   0.05183   0.00000   0.02256   0.03648   0.05329   0.02986   0.00342   0.01299   0.03160   0.04070   3.38277   0.97658   0.08365   3.53274  
 64 218.2598   4377.289096  x:  0.00000   0.00000   0.05274   0.03160   0.00000   0.02172   0.09244   0.00000   0.19085   0.02441   0.01296   0.16183   0.00257   0.05138   0.00736   0.03018   0.07631   0.06685   0.01814   0.07884   0.00000   0.05111   0.01540   0.03001   0.02115   0.08223   0.10363   0.00000   0.12196   0.00000   0.00000   0.04364   0.06447   0.05177   0.05057   0.04414   0.06552   0.03556   0.08037   0.00000   0.01018   0.02025   0.02924   0.00000   0.00678   0.05083   0.00000   0.02254   0.03689   0.05427   0.03028   0.00336   0.01301   0.03174   0.04096   3.38321   0.97660   0.08378   3.52462  
 65 42.7688   4377.288895  x:  0.00000   0.00000   0.05291   0.03158   0.00000   0.02172   0.09243   0.00000   0.19086   0.02440   0.01296   0.16184   0.00257   0.05152   0.00736   0.03017   0.07632   0.06682   0.01815   0.07885   0.00000   0.05108   0.01540   0.03001   0.02115   0.08221   0.10362   0.00000   0.12197   0.00000   0.00000   0.04357   0.06448   0.05169   0.05053   0.04413   0.06552   0.03555   0.08038   0.00000   0.01018   0.02025   0.02924   0.00000   0.00678   0.05077   0.00000   0.02253   0.03689   0.05431   0.03026   0.00336   0.01300   0.03173   0.04097   3.38331   0.97660   0.08377   3.52442  
 66  1.3958   4377.283742  x:  0.00000   0.00000   0.05300   0.03165   0.00000   0.02176   0.09224   0.00000   0.19086   0.02447   0.01303   0.16181   0.00255   0.05141   0.00736   0.03027   0.07627   0.06583   0.01820   0.07864   0.00000   0.05118   0.01543   0.02999   0.02112   0.08218   0.10360   0.00000   0.12183   0.00000   0.00000   0.04378   0.06435   0.05118   0.05092   0.04483   0.06502   0.03554   0.08041   0.00000   0.01020   0.02028   0.02923   0.00000   0.00677   0.05074   0.00000   0.02250   0.03699   0.05429   0.03028   0.00333   0.01300   0.03179   0.04095   3.38222   0.97663   0.08380   3.52452  
 67  0.1068   4377.052575  x:  0.00000   0.00000   0.05282   0.03242   0.00000   0.02133   0.09212   0.00000   0.19430   0.02471   0.01296   0.16595   0.00176   0.05175   0.00723   0.03162   0.07413   0.06539   0.01813   0.07550   0.00000   0.05135   0.01597   0.03001   0.02055   0.08062   0.09984   0.00000   0.12409   0.00000   0.00000   0.04323   0.06415   0.05118   0.04926   0.04317   0.06517   0.03572   0.07808   0.00000   0.01090   0.02058   0.02883   0.00000   0.00634   0.05204   0.00000   0.02169   0.03857   0.05316   0.03053   0.00237   0.01340   0.03160   0.03905   3.35448   0.97768   0.08609   3.49594  
 68  3.8785   4376.994956  x:  0.00000   0.00000   0.05251   0.03215   0.00000   0.02131   0.09118   0.00000   0.19234   0.02535   0.01305   0.16497   0.00223   0.05166   0.00729   0.03171   0.07395   0.06539   0.01848   0.07551   0.00000   0.05109   0.01561   0.02970   0.02072   0.08071   0.10001   0.00000   0.12469   0.00000   0.00000   0.04301   0.06377   0.05099   0.04902   0.04295   0.06481   0.03589   0.07764   0.00000   0.01033   0.02039   0.02863   0.00000   0.00725   0.05187   0.00000   0.02137   0.03959   0.05301   0.03041   0.00248   0.01367   0.03166   0.03900   3.32431   0.97839   0.08828   3.47677  
 69  0.0268   4376.972066  x:  0.00000   0.00000   0.05246   0.03197   0.00000   0.02170   0.09103   0.00000   0.19120   0.02543   0.01290   0.16404   0.00226   0.05154   0.00731   0.03153   0.07415   0.06550   0.01848   0.07587   0.00000   0.05104   0.01566   0.02963   0.02096   0.08098   0.10038   0.00000   0.12453   0.00000   0.00000   0.04309   0.06354   0.05100   0.04901   0.04303   0.06484   0.03600   0.07783   0.00000   0.01063   0.02014   0.02854   0.00000   0.00665   0.05153   0.00000   0.02164   0.03980   0.05308   0.03022   0.00247   0.01334   0.03152   0.03922   3.31373   0.97897   0.08990   3.46551  
 70  0.0130   4376.963938  x:  0.00000   0.00000   0.05251   0.03216   0.00000   0.02141   0.09124   0.00000   0.19174   0.02509   0.01299   0.16423   0.00207   0.05145   0.00733   0.03143   0.07409   0.06539   0.01847   0.07590   0.00000   0.05109   0.01594   0.02968   0.02089   0.08065   0.10013   0.00000   0.12445   0.00000   0.00000   0.04314   0.06354   0.05105   0.04918   0.04313   0.06492   0.03605   0.07784   0.00000   0.01064   0.02003   0.02866   0.00000   0.00677   0.05138   0.00000   0.02158   0.03948   0.05309   0.03026   0.00258   0.01337   0.03147   0.03930   3.32638   0.97945   0.09039   3.43475  
 71  0.0240   4376.961265  x:  0.00000   0.00000   0.05253   0.03210   0.00000   0.02142   0.09144   0.00000   0.19180   0.02492   0.01291   0.16411   0.00218   0.05153   0.00734   0.03135   0.07410   0.06533   0.01840   0.07565   0.00000   0.05106   0.01569   0.02971   0.02083   0.08069   0.10003   0.00000   0.12421   0.00000   0.00000   0.04314   0.06355   0.05105   0.04914   0.04312   0.06492   0.03611   0.07784   0.00000   0.01052   0.02006   0.02868   0.00000   0.00669   0.05146   0.00000   0.02147   0.03917   0.05303   0.03028   0.00252   0.01343   0.03147   0.03927   3.33039   0.97962   0.09039   3.41971  
 72  0.0114   4376.958094  x:  0.00000   0.00000   0.05242   0.03206   0.00000   0.02154   0.09148   0.00000   0.19163   0.02484   0.01292   0.16390   0.00221   0.05162   0.00731   0.03136   0.07410   0.06530   0.01859   0.07565   0.00000   0.05101   0.01572   0.02976   0.02085   0.08075   0.10022   0.00000   0.12373   0.00000   0.00000   0.04302   0.06360   0.05097   0.04898   0.04300   0.06478   0.03635   0.07785   0.00000   0.01072   0.02019   0.02864   0.00000   0.00680   0.05171   0.00000   0.02149   0.03883   0.05293   0.03032   0.00252   0.01333   0.03155   0.03932   3.32634   0.97970   0.08967   3.37783  
 73  0.0123   4376.940147  x:  0.00000   0.00000   0.05249   0.03203   0.00000   0.02135   0.09056   0.00000   0.19056   0.02503   0.01309   0.16383   0.00203   0.05151   0.00718   0.03168   0.07407   0.06526   0.01859   0.07560   0.00000   0.05076   0.01578   0.02953   0.02122   0.08082   0.10032   0.00000   0.12448   0.00000   0.00000   0.04311   0.06350   0.05095   0.04897   0.04313   0.06476   0.03693   0.07781   0.00000   0.01028   0.02068   0.02853   0.00000   0.00671   0.05199   0.00000   0.02197   0.03849   0.05298   0.03030   0.00247   0.01314   0.03187   0.03925   3.32650   0.98032   0.08391   3.03917  
 74  0.0423   4376.869350  x:  0.00000   0.00000   0.05273   0.03218   0.00000   0.02139   0.08970   0.00000   0.19029   0.02527   0.01306   0.16402   0.00218   0.05131   0.00727   0.03179   0.07423   0.06521   0.01818   0.07606   0.00000   0.05046   0.01590   0.02944   0.02118   0.08052   0.09966   0.00000   0.12431   0.00000   0.00000   0.04324   0.06338   0.05108   0.04901   0.04325   0.06508   0.03707   0.07778   0.00000   0.01069   0.02110   0.02858   0.00000   0.00666   0.05155   0.00000   0.02209   0.03849   0.05281   0.03025   0.00242   0.01384   0.03194   0.03921   3.30970   0.98199   0.06354   1.89097  
 75  0.3058   4376.811595  x:  0.00000   0.00000   0.05274   0.03223   0.00000   0.02144   0.09017   0.00000   0.19097   0.02527   0.01300   0.16413   0.00224   0.05127   0.00735   0.03159   0.07438   0.06525   0.01822   0.07598   0.00000   0.05065   0.01585   0.02962   0.02092   0.08059   0.09965   0.00000   0.12403   0.00000   0.00000   0.04330   0.06343   0.05114   0.04910   0.04317   0.06531   0.03653   0.07780   0.00000   0.01079   0.02094   0.02870   0.00000   0.00668   0.05124   0.00000   0.02187   0.03885   0.05289   0.03022   0.00245   0.01390   0.03160   0.03927   3.30505   0.98178   0.04806   1.19831  
 76  0.7969   4376.789738  x:  0.00000   0.00000   0.05272   0.03225   0.00000   0.02147   0.09055   0.00000   0.19135   0.02524   0.01295   0.16415   0.00227   0.05130   0.00739   0.03147   0.07442   0.06528   0.01825   0.07592   0.00000   0.05078   0.01583   0.02972   0.02079   0.08062   0.09969   0.00000   0.12389   0.00000   0.00000   0.04330   0.06347   0.05116   0.04914   0.04313   0.06537   0.03621   0.07783   0.00000   0.01083   0.02077   0.02876   0.00000   0.00669   0.05114   0.00000   0.02173   0.03906   0.05293   0.03022   0.00247   0.01388   0.03143   0.03931   3.30558   0.98131   0.04515   1.12495  
 77  0.6678   4376.769625  x:  0.00000   0.00000   0.05255   0.03215   0.00000   0.02149   0.09120   0.00000   0.19155   0.02506   0.01296   0.16400   0.00219   0.05140   0.00737   0.03131   0.07428   0.06530   0.01845   0.07569   0.00000   0.05100   0.01574   0.02980   0.02077   0.08072   0.09998   0.00000   0.12399   0.00000   0.00000   0.04320   0.06354   0.05107   0.04910   0.04302   0.06514   0.03603   0.07784   0.00000   0.01068   0.02043   0.02875   0.00000   0.00672   0.05131   0.00000   0.02153   0.03917   0.05301   0.03022   0.00251   0.01353   0.03128   0.03936   3.31232   0.98098   0.03893   0.86626  
 78  0.4012   4376.766154  x:  0.00000   0.00000   0.05247   0.03209   0.00000   0.02148   0.09144   0.00000   0.19148   0.02497   0.01297   0.16391   0.00215   0.05150   0.00733   0.03129   0.07415   0.06530   0.01851   0.07562   0.00000   0.05106   0.01573   0.02978   0.02084   0.08075   0.10013   0.00000   0.12410   0.00000   0.00000   0.04313   0.06355   0.05102   0.04906   0.04301   0.06496   0.03611   0.07786   0.00000   0.01058   0.02025   0.02871   0.00000   0.00672   0.05152   0.00000   0.02150   0.03915   0.05302   0.03024   0.00253   0.01336   0.03133   0.03937   3.31682   0.98080   0.03868   0.86706  
 79  0.0074   4376.764567  x:  0.00000   0.00000   0.05246   0.03208   0.00000   0.02149   0.09154   0.00000   0.19145   0.02493   0.01297   0.16390   0.00215   0.05156   0.00732   0.03130   0.07409   0.06531   0.01851   0.07562   0.00000   0.05108   0.01575   0.02975   0.02088   0.08075   0.10018   0.00000   0.12414   0.00000   0.00000   0.04311   0.06355   0.05101   0.04905   0.04304   0.06489   0.03615   0.07789   0.00000   0.01056   0.02016   0.02869   0.00000   0.00672   0.05163   0.00000   0.02149   0.03915   0.05301   0.03027   0.00253   0.01333   0.03139   0.03936   3.31896   0.98066   0.03675   0.79314  
 80  0.1726   4376.763779  x:  0.00000   0.00000   0.05249   0.03211   0.00000   0.02148   0.09151   0.00000   0.19143   0.02494   0.01296   0.16396   0.00216   0.05160   0.00732   0.03137   0.07409   0.06532   0.01848   0.07565   0.00000   0.05106   0.01576   0.02971   0.02089   0.08075   0.10018   0.00000   0.12413   0.00000   0.00000   0.04312   0.06353   0.05103   0.04906   0.04309   0.06491   0.03619   0.07793   0.00000   0.01059   0.02010   0.02868   0.00000   0.00672   0.05169   0.00000   0.02153   0.03915   0.05299   0.03030   0.00252   0.01338   0.03149   0.03933   3.31957   0.98056   0.03513   0.73504  
 81  0.0549   4376.763190  x:  0.00000   0.00000   0.05252   0.03214   0.00000   0.02148   0.09144   0.00000   0.19143   0.02495   0.01296   0.16402   0.00217   0.05161   0.00732   0.03144   0.07411   0.06533   0.01845   0.07569   0.00000   0.05103   0.01577   0.02969   0.02088   0.08075   0.10016   0.00000   0.12409   0.00000   0.00000   0.04313   0.06351   0.05105   0.04908   0.04312   0.06495   0.03622   0.07796   0.00000   0.01062   0.02008   0.02868   0.00000   0.00672   0.05171   0.00000   0.02158   0.03914   0.05298   0.03032   0.00251   0.01342   0.03156   0.03931   3.31944   0.98056   0.03448   0.71567  
 82  0.0204   4376.762527  x:  0.00000   0.00000   0.05252   0.03215   0.00000   0.02148   0.09141   0.00000   0.19147   0.02496   0.01297   0.16403   0.00217   0.05160   0.00732   0.03146   0.07413   0.06533   0.01847   0.07568   0.00000   0.05102   0.01575   0.02970   0.02086   0.08075   0.10015   0.00000   0.12406   0.00000   0.00000   0.04313   0.06351   0.05105   0.04908   0.04311   0.06498   0.03620   0.07795   0.00000   0.01061   0.02008   0.02869   0.00000   0.00673   0.05168   0.00000   0.02160   0.03913   0.05299   0.03031   0.00250   0.01340   0.03155   0.03932   3.31929   0.98059   0.03308   0.66656  
 83  0.0576   4376.762083  x:  0.00000   0.00000   0.05250   0.03213   0.00000   0.02148   0.09140   0.00000   0.19148   0.02496   0.01298   0.16401   0.00216   0.05157   0.00732   0.03145   0.07414   0.06533   0.01849   0.07566   0.00000   0.05103   0.01574   0.02973   0.02086   0.08075   0.10014   0.00000   0.12405   0.00000   0.00000   0.04313   0.06352   0.05104   0.04907   0.04307   0.06497   0.03616   0.07793   0.00000   0.01059   0.02009   0.02870   0.00000   0.00673   0.05164   0.00000   0.02159   0.03911   0.05300   0.03029   0.00250   0.01338   0.03150   0.03934   3.31888   0.98068   0.03164   0.61747  
 84  0.0682   4376.761629  x:  0.00000   0.00000   0.05247   0.03211   0.00000   0.02149   0.09140   0.00000   0.19148   0.02496   0.01298   0.16396   0.00215   0.05154   0.00732   0.03140   0.07414   0.06532   0.01851   0.07563   0.00000   0.05104   0.01573   0.02976   0.02086   0.08075   0.10014   0.00000   0.12406   0.00000   0.00000   0.04312   0.06353   0.05102   0.04906   0.04303   0.06496   0.03614   0.07790   0.00000   0.01057   0.02013   0.02870   0.00000   0.00673   0.05158   0.00000   0.02157   0.03911   0.05301   0.03027   0.00251   0.01335   0.03142   0.03937   3.31819   0.98080   0.03151   0.61493  
 85  0.0036   4376.761279  x:  0.00000   0.00000   0.05247   0.03210   0.00000   0.02148   0.09143   0.00000   0.19141   0.02497   0.01297   0.16394   0.00216   0.05155   0.00732   0.03136   0.07410   0.06531   0.01848   0.07564   0.00000   0.05104   0.01576   0.02973   0.02089   0.08073   0.10015   0.00000   0.12410   0.00000   0.00000   0.04312   0.06353   0.05102   0.04906   0.04306   0.06492   0.03621   0.07790   0.00000   0.01058   0.02014   0.02869   0.00000   0.00672   0.05162   0.00000   0.02154   0.03913   0.05299   0.03027   0.00252   0.01339   0.03143   0.03936   3.31778   0.98085   0.03021   0.57278  
 86  0.0262   4376.761109  x:  0.00000   0.00000   0.05249   0.03212   0.00000   0.02147   0.09146   0.00000   0.19138   0.02496   0.01296   0.16395   0.00216   0.05158   0.00731   0.03136   0.07409   0.06530   0.01847   0.07566   0.00000   0.05104   0.01576   0.02970   0.02089   0.08074   0.10015   0.00000   0.12412   0.00000   0.00000   0.04312   0.06352   0.05103   0.04906   0.04309   0.06493   0.03627   0.07792   0.00000   0.01060   0.02011   0.02868   0.00000   0.00672   0.05166   0.00000   0.02153   0.03917   0.05298   0.03029   0.00252   0.01340   0.03148   0.03933   3.31787   0.98082   0.02972   0.55882  
 87  0.0089   4376.760989  x:  0.00000   0.00000   0.05250   0.03212   0.00000   0.02147   0.09147   0.00000   0.19138   0.02496   0.01296   0.16395   0.00216   0.05158   0.00731   0.03137   0.07409   0.06531   0.01847   0.07566   0.00000   0.05104   0.01575   0.02970   0.02088   0.08074   0.10015   0.00000   0.12412   0.00000   0.00000   0.04312   0.06352   0.05103   0.04906   0.04309   0.06493   0.03628   0.07792   0.00000   0.01060   0.02011   0.02868   0.00000   0.00672   0.05166   0.00000   0.02153   0.03918   0.05298   0.03029   0.00252   0.01339   0.03148   0.03933   3.31787   0.98082   0.02911   0.53966  
 88  0.0407   4376.760894  x:  0.00000   0.00000   0.05249   0.03212   0.00000   0.02148   0.09146   0.00000   0.19141   0.02495   0.01297   0.16396   0.00216   0.05157   0.00731   0.03138   0.07410   0.06531   0.01848   0.07565   0.00000   0.05104   0.01575   0.02971   0.02087   0.08074   0.10014   0.00000   0.12410   0.00000   0.00000   0.04312   0.06352   0.05103   0.04906   0.04308   0.06494   0.03626   0.07792   0.00000   0.01059   0.02011   0.02868   0.00000   0.00672   0.05165   0.00000   0.02154   0.03917   0.05299   0.03029   0.00252   0.01338   0.03148   0.03934   3.31791   0.98082   0.02849   0.52051  
 89  0.0376   4376.760790  x:  0.00000   0.00000   0.05248   0.03212   0.00000   0.02149   0.09143   0.00000   0.19147   0.02494   0.01297   0.16397   0.00215   0.05155   0.00732   0.03140   0.07413   0.06532   0.01850   0.07564   0.00000   0.05104   0.01574   0.02975   0.02086   0.08075   0.10014   0.00000   0.12407   0.00000   0.00000   0.04312   0.06352   0.05103   0.04906   0.04304   0.06495   0.03618   0.07791   0.00000   0.01058   0.02012   0.02870   0.00000   0.00673   0.05161   0.00000   0.02156   0.03915   0.05300   0.03028   0.00251   0.01336   0.03144   0.03936   3.31817   0.98080   0.02814   0.51066  
 90  0.0080   4376.760719  x:  0.00000   0.00000   0.05248   0.03211   0.00000   0.02148   0.09143   0.00000   0.19145   0.02495   0.01297   0.16396   0.00216   0.05156   0.00732   0.03139   0.07412   0.06532   0.01849   0.07564   0.00000   0.05104   0.01575   0.02974   0.02087   0.08075   0.10014   0.00000   0.12408   0.00000   0.00000   0.04312   0.06352   0.05103   0.04906   0.04306   0.06495   0.03618   0.07791   0.00000   0.01058   0.02013   0.02870   0.00000   0.00673   0.05162   0.00000   0.02156   0.03914   0.05300   0.03028   0.00252   0.01337   0.03145   0.03936   3.31825   0.98079   0.02761   0.49503  