

TREE # 1

  0  0.0000  53879.808102  x:  0.06302   0.04939   0.01621   0.07678   0.02896   0.09688   0.05205   0.08210   0.04667   0.08364   0.07076   0.08224   0.05144   0.05653   0.07286   0.05698   0.08185   0.04271   0.02186   0.03507   0.02055   0.06004   0.09477   0.03403   0.06816   0.08900   0.03996   0.07644   0.06745   0.02973   0.04697   0.04354   0.07003   0.04257   0.10804   0.10225   0.01266   0.04549   0.02607   0.01645   0.04548   0.01690   0.09864   0.02847   0.02919   0.02736   2.00000   0.90000   0.92698   1.61706  
  1 99.0000  45324.605302  x:  0.16142   0.08952   0.13831   0.13755   0.10384   0.07596   0.03898   0.13422   0.11680   0.10708   0.08562   0.09287   0.19367   0.06982   0.06747   0.12264   0.16861   0.04729   0.04059   0.11262   0.03386   0.04916   0.10613   0.26137   0.16369   0.08067   0.25398   0.11236   0.17884   0.27472   0.14363   0.21124   0.09565   0.12465   0.12323   0.13203   0.32259   0.09498   0.31263   0.12720   0.15039   0.27543   0.17007   0.25568   0.42369   0.12576   2.00248   0.99999   0.87869   1.64308  
  2 38076.5989  43912.905601  x:  0.24892   0.10969   0.12520   0.25811   0.13310   0.00000   0.02196   0.22220   0.17166   0.11907   0.05726   0.09581   0.31646   0.07514   0.05812   0.22689   0.34675   0.05240   0.03664   0.17104   0.04118   0.04398   0.13577   0.27501   0.27953   0.04284   0.29673   0.17719   0.34903   0.27797   0.22163   0.29218   0.08068   0.09343   0.13506   0.17873   0.19988   0.04090   0.24602   0.04739   0.16315   0.17234   0.36891   0.25530   0.36290   0.21325   1.99918   0.99999   0.61812   1.75209  
  3 4243.4951  43628.748635  x:  0.29203   0.11955   0.11874   0.31739   0.14754   0.01613   0.01616   0.26556   0.19862   0.12491   0.04315   0.09705   0.37700   0.07755   0.05336   0.27806   0.43439   0.05478   0.03454   0.19974   0.04464   0.04145   0.15027   0.28189   0.33659   0.02415   0.31797   0.20905   0.43289   0.27979   0.25999   0.33213   0.07325   0.07804   0.14081   0.20172   0.13947   0.01441   0.21350   0.00836   0.16968   0.12165   0.46688   0.25534   0.33320   0.25636   1.99746   0.99999   0.48827   1.80615  
  4 118627.7213  43426.874991  x:  0.30889   0.11634   0.10223   0.34004   0.13895   0.01759   0.08247   0.28628   0.20312   0.12136   0.02718   0.08360   0.40285   0.06351   0.03890   0.29187   0.47447   0.04560   0.02039   0.20276   0.03482   0.04227   0.15048   0.27544   0.36126   0.01715   0.32186   0.21906   0.47480   0.27306   0.26922   0.34459   0.06394   0.06452   0.13772   0.21143   0.11228   0.04935   0.20174   0.11510   0.18209   0.10359   0.52177   0.24999   0.30345   0.27323   1.98829   0.99999   0.33821   1.85235  
  5 4266.4414  43419.228840  x:  0.31042   0.11603   0.10071   0.34209   0.13814   0.01772   0.08846   0.28817   0.20352   0.12103   0.02572   0.08235   0.40520   0.06221   0.03756   0.29311   0.47811   0.04475   0.01909   0.20302   0.03392   0.04234   0.15048   0.27485   0.36350   0.01652   0.32221   0.21996   0.47862   0.27244   0.27004   0.34572   0.06308   0.06329   0.13743   0.21231   0.10982   0.05255   0.20068   0.12479   0.18323   0.10197   0.52678   0.24950   0.30074   0.27476   1.98744   0.99752   0.32445   1.85658  
  6 227761.5184  43322.707211  x:  0.30736   0.10502   0.08735   0.33361   0.11758   0.01832   0.05513   0.28961   0.19073   0.10965   0.01937   0.05967   0.40466   0.03866   0.01822   0.27724   0.47912   0.03232   0.00494   0.18829   0.02891   0.04066   0.13809   0.26843   0.36120   0.02528   0.31944   0.20993   0.48618   0.27217   0.25618   0.34018   0.05636   0.06235   0.12708   0.20932   0.12134   0.06480   0.20809   0.11176   0.19178   0.11626   0.54327   0.25164   0.30214   0.27169   1.96964   0.99754   0.22011   1.88232  
  7 1631.2246  43301.696965  x:  0.30618   0.09376   0.08049   0.32331   0.09755   0.01874   0.04559   0.29317   0.17681   0.09591   0.02736   0.03942   0.40995   0.02613   0.01285   0.26115   0.48533   0.04295   0.03547   0.17852   0.03463   0.03558   0.12228   0.26805   0.36017   0.01198   0.31917   0.19375   0.50162   0.27912   0.23908   0.33899   0.04897   0.05795   0.10909   0.20139   0.11404   0.06459   0.21351   0.11686   0.19247   0.10917   0.56969   0.25683   0.31244   0.27052   1.94039   0.99751   0.21436   1.90903  
  8 628.5239  43280.458178  x:  0.30454   0.08531   0.08245   0.30958   0.08459   0.01886   0.04572   0.29940   0.16052   0.08330   0.03501   0.02676   0.41777   0.02722   0.01699   0.24091   0.49490   0.04415   0.02070   0.15875   0.02241   0.04072   0.09896   0.26652   0.35849   0.02537   0.31954   0.17698   0.52529   0.28638   0.21627   0.33853   0.04648   0.05469   0.08485   0.19104   0.10932   0.06137   0.21493   0.11848   0.19214   0.10320   0.61088   0.26307   0.32224   0.26888   1.89282   0.99747   0.22623   1.95186  
  9 822.1338  43272.346463  x:  0.30169   0.08411   0.08680   0.30104   0.08651   0.01880   0.04815   0.30155   0.15349   0.08270   0.03721   0.02875   0.41892   0.03254   0.02049   0.22998   0.49666   0.04349   0.01343   0.15243   0.03969   0.04193   0.09071   0.26581   0.35537   0.02522   0.31701   0.16922   0.53527   0.28719   0.20533   0.33697   0.04875   0.05547   0.07484   0.18642   0.11218   0.06056   0.21356   0.11789   0.19130   0.10479   0.63176   0.26473   0.32346   0.26603   1.86340   0.99745   0.22854   1.97839  
 10 1000.2196  43257.427437  x:  0.29303   0.08617   0.09679   0.28336   0.10264   0.01860   0.05236   0.30310   0.14465   0.09326   0.03413   0.03987   0.41535   0.04121   0.02642   0.21095   0.49316   0.04262   0.02117   0.15366   0.03145   0.02979   0.08794   0.26710   0.34605   0.01875   0.30917   0.16048   0.54844   0.28345   0.19043   0.33265   0.05657   0.06077   0.06442   0.18055   0.12407   0.05962   0.20930   0.11382   0.18837   0.11416   0.66945   0.26541   0.31990   0.25737   1.79845   0.99742   0.22983   2.03732  
 11 896.7298  43246.901316  x:  0.28492   0.08594   0.09777   0.26914   0.11182   0.01857   0.05229   0.30195   0.14229   0.10518   0.02529   0.04116   0.40867   0.03581   0.02692   0.20040   0.48473   0.04068   0.03056   0.16110   0.02938   0.05128   0.09521   0.27175   0.33722   0.02235   0.30561   0.16211   0.55390   0.27990   0.18688   0.33038   0.05852   0.06404   0.06457   0.17845   0.12943   0.05809   0.21057   0.11276   0.18524   0.11902   0.69877   0.26608   0.31825   0.24926   1.73638   0.99741   0.23575   2.09501  
 12 1026.2910  43231.186123  x:  0.27457   0.08236   0.08715   0.25398   0.11022   0.01872   0.04796   0.29609   0.14816   0.11871   0.02367   0.03736   0.39507   0.02080   0.02658   0.20008   0.46404   0.03713   0.02119   0.16902   0.03483   0.03703   0.11057   0.27943   0.32430   0.02731   0.30718   0.17390   0.55030   0.27927   0.19535   0.32983   0.05320   0.06402   0.07659   0.17897   0.12566   0.05541   0.22085   0.11544   0.18176   0.11751   0.73096   0.26736   0.32145   0.23891   1.64198   0.99736   0.25036   2.18715  
 13 926.4276  43222.156113  x:  0.27015   0.08292   0.08247   0.25064   0.10217   0.01863   0.04548   0.28897   0.15516   0.11744   0.03696   0.04108   0.38578   0.03600   0.03079   0.20877   0.44397   0.04747   0.01678   0.16995   0.03200   0.04131   0.11584   0.28033   0.31574   0.02052   0.31034   0.17905   0.53803   0.28297   0.20190   0.32897   0.05077   0.06158   0.08491   0.17835   0.12160   0.05447   0.22732   0.11470   0.18222   0.11514   0.74052   0.26738   0.32709   0.23448   1.57972   0.99733   0.25036   2.25594  
 14 872.3284  43212.105537  x:  0.27430   0.09407   0.09563   0.26484   0.10124   0.01794   0.05408   0.27982   0.16278   0.09600   0.02848   0.02999   0.37946   0.03987   0.02557   0.22437   0.42066   0.04424   0.01971   0.16496   0.03211   0.04104   0.11044   0.27427   0.31277   0.01554   0.31694   0.17849   0.51312   0.28567   0.20819   0.32821   0.05664   0.05741   0.08788   0.17514   0.12200   0.05371   0.22355   0.10685   0.18692   0.11394   0.73551   0.26608   0.33300   0.23864   1.51644   0.99728   0.25653   2.34733  
 15 589.6235  43207.607286  x:  0.27921   0.09398   0.09622   0.27594   0.10344   0.01802   0.05123   0.27531   0.16442   0.08887   0.03371   0.03862   0.38106   0.03747   0.02577   0.22894   0.41412   0.04303   0.02870   0.16388   0.03453   0.03908   0.10556   0.27125   0.31659   0.02955   0.31891   0.17716   0.49891   0.28733   0.21027   0.32786   0.05430   0.05493   0.08476   0.17277   0.12532   0.05610   0.21882   0.10732   0.18815   0.11570   0.72466   0.26525   0.33110   0.24355   1.49246   0.99725   0.26119   2.40474  
 16 519.1313  43201.083123  x:  0.28683   0.08797   0.09100   0.28905   0.10611   0.01823   0.04353   0.27008   0.16345   0.08867   0.03550   0.05075   0.38769   0.02831   0.02648   0.22810   0.41250   0.03696   0.02560   0.16153   0.03211   0.04278   0.09946   0.27058   0.32643   0.01895   0.31720   0.16993   0.47984   0.28843   0.21241   0.32781   0.04797   0.05666   0.07881   0.17073   0.12919   0.05835   0.21549   0.10908   0.18732   0.11897   0.70051   0.26673   0.32738   0.25117   1.47176   0.99720   0.27305   2.49429  
 17 620.9386  43189.874284  x:  0.29495   0.07817   0.08620   0.29533   0.10248   0.01739   0.04969   0.26288   0.15517   0.09903   0.02043   0.05207   0.40079   0.02860   0.03188   0.21324   0.41759   0.05667   0.02254   0.16178   0.03314   0.04034   0.09763   0.27726   0.34250   0.02152   0.31196   0.16338   0.44898   0.28690   0.21037   0.32639   0.04642   0.07082   0.07199   0.17069   0.12650   0.05253   0.22187   0.10134   0.18118   0.11868   0.64182   0.27414   0.32832   0.25929   1.45652   0.99708   0.28627   2.67431  
 18 732.5489  43177.680789  x:  0.29462   0.08196   0.10039   0.28438   0.09962   0.01664   0.05224   0.26288   0.14707   0.10832   0.04223   0.04106   0.40817   0.03142   0.02159   0.19574   0.42785   0.04586   0.02464   0.16463   0.03340   0.04059   0.10231   0.28342   0.34989   0.02208   0.30798   0.16741   0.43188   0.28585   0.20400   0.32613   0.05716   0.07117   0.07427   0.17575   0.12231   0.04689   0.22994   0.09550   0.17669   0.11377   0.57356   0.27570   0.33074   0.25896   1.46205   0.99694   0.30359   2.89249  
 19 922.7642  43164.902434  x:  0.28513   0.08234   0.10415   0.26365   0.09666   0.01678   0.04030   0.26752   0.14430   0.10180   0.03748   0.02826   0.40553   0.04045   0.04105   0.19946   0.43849   0.03964   0.02918   0.16492   0.03487   0.03914   0.10312   0.28170   0.34394   0.02044   0.30927   0.17411   0.43444   0.28343   0.19585   0.32771   0.05615   0.05347   0.08245   0.18221   0.13089   0.05087   0.23124   0.09471   0.18012   0.12079   0.50994   0.26991   0.33255   0.24947   1.48660   0.99680   0.32849   3.12850  
 20 1144.2693  43154.805371  x:  0.27201   0.08163   0.09360   0.24867   0.09955   0.01584   0.05047   0.26973   0.14912   0.09092   0.03282   0.04465   0.39029   0.03541   0.02532   0.20625   0.43284   0.04438   0.03133   0.15844   0.03428   0.03974   0.09544   0.27597   0.32399   0.01887   0.31509   0.17142   0.44987   0.28970   0.19510   0.32866   0.05111   0.05256   0.09017   0.18164   0.13367   0.04749   0.22856   0.08365   0.18410   0.12458   0.47115   0.26971   0.34518   0.23635   1.52409   0.99666   0.34819   3.32296  
 21 872.3189  43150.677533  x:  0.26841   0.08749   0.09569   0.25163   0.10561   0.01612   0.04005   0.26741   0.15171   0.09051   0.03247   0.04468   0.37874   0.03180   0.02600   0.20956   0.41967   0.05075   0.03011   0.15498   0.03423   0.03989   0.09472   0.27536   0.31213   0.01993   0.31582   0.16383   0.45435   0.29265   0.19902   0.32605   0.05750   0.06288   0.08824   0.17532   0.13123   0.04848   0.22905   0.08868   0.18069   0.11923   0.46724   0.27221   0.34915   0.23275   1.54982   0.99659   0.35562   3.40551  
 22 504.9757  43147.079205  x:  0.26913   0.08575   0.09356   0.26243   0.10022   0.01573   0.04575   0.26039   0.15288   0.09452   0.03672   0.03792   0.36813   0.03442   0.03173   0.20833   0.39653   0.04635   0.03144   0.15662   0.03464   0.03962   0.10050   0.28011   0.30399   0.02059   0.31433   0.15705   0.45195   0.29452   0.20352   0.32116   0.05479   0.06355   0.08081   0.16634   0.13496   0.04820   0.23180   0.08247   0.17752   0.12463   0.47991   0.27369   0.34767   0.23347   1.58371   0.99654   0.36365   3.48183  
 23 345.8120  43146.009835  x:  0.27074   0.08421   0.09575   0.26387   0.09835   0.01587   0.04228   0.25693   0.15234   0.09332   0.03328   0.03985   0.36767   0.03893   0.02678   0.20366   0.38690   0.04658   0.03119   0.15753   0.03481   0.03895   0.10004   0.28108   0.30453   0.02024   0.31366   0.16149   0.44643   0.29317   0.20116   0.31976   0.05292   0.06056   0.08219   0.16625   0.13571   0.04732   0.23371   0.08411   0.17818   0.12485   0.48931   0.27419   0.34766   0.23508   1.59658   0.99652   0.36755   3.50483  
 24 188.0709  43145.550267  x:  0.27133   0.08399   0.09782   0.26118   0.09885   0.01577   0.04333   0.25464   0.15166   0.09205   0.03427   0.04201   0.36843   0.03518   0.03051   0.20233   0.38250   0.04756   0.03117   0.15711   0.03462   0.03933   0.09785   0.28029   0.30613   0.01931   0.31364   0.16463   0.44001   0.29256   0.19872   0.31945   0.05327   0.05990   0.08524   0.16785   0.13568   0.04615   0.23433   0.08331   0.17926   0.12404   0.49581   0.27452   0.34955   0.23567   1.60349   0.99652   0.36784   3.51493  
 25 109.0986  43145.411881  x:  0.27067   0.08415   0.09651   0.25717   0.10020   0.01577   0.04321   0.25404   0.15253   0.09294   0.03435   0.04114   0.37015   0.03593   0.02959   0.20399   0.38279   0.04729   0.03145   0.15658   0.03467   0.03929   0.09753   0.27939   0.30774   0.01969   0.31422   0.16271   0.43478   0.29290   0.19939   0.32059   0.05360   0.06007   0.08496   0.16811   0.13520   0.04733   0.23321   0.08306   0.17925   0.12448   0.49926   0.27361   0.35080   0.23501   1.60596   0.99651   0.36830   3.51773  
 26 32.2654  43145.359607  x:  0.26970   0.08492   0.09698   0.25639   0.09929   0.01577   0.04321   0.25447   0.15241   0.09172   0.03397   0.04220   0.36997   0.03565   0.02941   0.20465   0.38450   0.04721   0.03129   0.15696   0.03463   0.03929   0.09869   0.27974   0.30756   0.01962   0.31437   0.16262   0.43247   0.29324   0.19985   0.32083   0.05336   0.06013   0.08348   0.16725   0.13615   0.04671   0.23390   0.08317   0.17889   0.12362   0.50029   0.27347   0.35035   0.23404   1.60651   0.99651   0.36824   3.51818  
 27 10.5928  43145.260127  x:  0.26855   0.08522   0.09722   0.25742   0.09970   0.01579   0.04303   0.25530   0.15153   0.09071   0.03433   0.04207   0.36892   0.03555   0.02915   0.20457   0.38745   0.04772   0.03112   0.15697   0.03461   0.03931   0.09858   0.27974   0.30620   0.01949   0.31434   0.16345   0.42984   0.29339   0.20067   0.32075   0.05309   0.06036   0.08315   0.16665   0.13477   0.04570   0.23438   0.08350   0.17939   0.12619   0.50149   0.27411   0.34973   0.23289   1.60684   0.99651   0.36840   3.51832  
 28 11.9626  43144.902466  x:  0.26721   0.08409   0.09576   0.26132   0.10067   0.01579   0.04346   0.25711   0.14919   0.09111   0.03474   0.04091   0.36598   0.03686   0.02878   0.20328   0.39362   0.04746   0.03149   0.15626   0.03459   0.03932   0.09613   0.27939   0.30228   0.01943   0.31431   0.16477   0.42521   0.29340   0.20232   0.32043   0.05324   0.06054   0.08587   0.16719   0.13738   0.04818   0.23487   0.08248   0.17890   0.12416   0.50383   0.27638   0.35028   0.23155   1.60695   0.99651   0.36876   3.51788  
 29 22.4754  43142.515784  x:  0.27026   0.08298   0.09522   0.26472   0.09303   0.01583   0.04200   0.26130   0.14577   0.09806   0.02917   0.04813   0.35730   0.03844   0.03172   0.20081   0.40027   0.04003   0.03315   0.15509   0.03442   0.03904   0.09713   0.28343   0.29467   0.02105   0.31622   0.15837   0.41822   0.29405   0.20061   0.32145   0.06048   0.05455   0.09052   0.16600   0.13242   0.04670   0.23145   0.08303   0.18210   0.12357   0.50489   0.27729   0.36266   0.23460   1.60448   0.99650   0.36615   3.51152  
 30 21.7764  43126.727917  x:  0.28488   0.08072   0.10210   0.26446   0.10150   0.01598   0.04028   0.27594   0.13970   0.10603   0.03539   0.04429   0.33760   0.02576   0.02289   0.19868   0.40271   0.06388   0.01766   0.15486   0.03187   0.03933   0.11461   0.29479   0.28655   0.02185   0.32118   0.14875   0.40955   0.29141   0.18704   0.32888   0.05967   0.03044   0.08972   0.15944   0.14661   0.05059   0.22726   0.07671   0.18616   0.13015   0.50350   0.26455   0.38554   0.24923   1.58684   0.99641   0.35822   3.46840  
 31 72.4018  43057.167961  x:  0.31231   0.07294   0.09686   0.23300   0.10443   0.01673   0.03191   0.30463   0.13087   0.08533   0.03971   0.03370   0.31714   0.03333   0.02464   0.20437   0.37716   0.03780   0.00000   0.16016   0.02498   0.03698   0.12867   0.30424   0.28054   0.03165   0.33617   0.16173   0.40560   0.29660   0.14986   0.35148   0.03259   0.09911   0.09172   0.14701   0.17573   0.04417   0.25986   0.05576   0.18681   0.15713   0.49154   0.26721   0.43234   0.27670   1.50884   0.99605   0.32332   3.27768  
 32 355.7375  43022.356282  x:  0.30004   0.07705   0.11244   0.21732   0.10447   0.01680   0.02885   0.29942   0.13909   0.10660   0.02930   0.03873   0.33216   0.02970   0.02975   0.19320   0.35477   0.03018   0.00239   0.11341   0.02086   0.03716   0.10900   0.30621   0.28535   0.03604   0.33986   0.17042   0.41234   0.31326   0.19051   0.35486   0.03159   0.08042   0.07940   0.14440   0.18796   0.03370   0.30249   0.04237   0.18550   0.16715   0.48117   0.28381   0.43574   0.26445   1.46975   0.99590   0.30131   3.18035  
 33 616.5526  43016.838184  x:  0.29491   0.07814   0.11274   0.21759   0.10305   0.01683   0.02832   0.29441   0.13955   0.10662   0.02853   0.03924   0.33687   0.02825   0.02987   0.19153   0.35226   0.03069   0.00000   0.12036   0.02036   0.03707   0.10384   0.30619   0.28667   0.03678   0.34014   0.16761   0.41399   0.31658   0.19455   0.35317   0.03595   0.07518   0.07853   0.14585   0.18876   0.03409   0.30534   0.04072   0.18603   0.16827   0.48008   0.28865   0.43588   0.25933   1.46565   0.99588   0.29932   3.16987  
 34 515.1689  43014.076113  x:  0.28463   0.07871   0.10728   0.22610   0.10771   0.01683   0.02835   0.27963   0.14217   0.10262   0.02839   0.04057   0.33810   0.02819   0.02883   0.19608   0.35446   0.02920   0.00004   0.11388   0.02006   0.03708   0.10986   0.31413   0.29624   0.03809   0.34024   0.16106   0.41681   0.31458   0.18337   0.34937   0.04333   0.06954   0.08070   0.15333   0.18769   0.03412   0.31353   0.03921   0.18579   0.16887   0.48090   0.29568   0.43607   0.24905   1.46270   0.99587   0.29821   3.16228  
 35 169.7557  43013.491645  x:  0.28216   0.08046   0.11028   0.22831   0.10496   0.01688   0.02802   0.26958   0.14961   0.10787   0.02889   0.03957   0.33362   0.02780   0.02797   0.19803   0.35952   0.02961   0.00008   0.11450   0.02001   0.03712   0.10518   0.31450   0.29939   0.03821   0.34094   0.16189   0.41795   0.31073   0.17934   0.34808   0.03991   0.07080   0.07821   0.15428   0.18917   0.03262   0.31325   0.03971   0.18723   0.16899   0.48133   0.29462   0.43867   0.24658   1.46211   0.99586   0.29790   3.16078  
 36 52.9653  43012.938340  x:  0.28438   0.07965   0.11125   0.22612   0.10586   0.01690   0.02797   0.25697   0.15337   0.10417   0.02854   0.04002   0.33250   0.02798   0.02881   0.19341   0.36557   0.02923   0.00003   0.11417   0.01994   0.03709   0.10783   0.31488   0.29864   0.03776   0.34155   0.16435   0.41990   0.31366   0.18232   0.34345   0.03978   0.07130   0.07804   0.15203   0.18780   0.03657   0.31146   0.03868   0.18556   0.16964   0.48168   0.29215   0.44152   0.24880   1.46173   0.99586   0.29754   3.15929  
 37 21.1708  43011.179447  x:  0.28922   0.07697   0.11065   0.22217   0.10864   0.01694   0.02746   0.24481   0.15384   0.10241   0.02929   0.03755   0.33664   0.02895   0.02790   0.19532   0.37079   0.02859   0.00014   0.11579   0.01991   0.03700   0.10801   0.31329   0.29208   0.03898   0.34029   0.15842   0.42115   0.31638   0.18485   0.33600   0.03963   0.06975   0.08447   0.15072   0.19381   0.02383   0.31286   0.04208   0.18612   0.16929   0.48210   0.29311   0.43998   0.25364   1.46065   0.99584   0.29600   3.15453  
 38 23.4381  43002.492807  x:  0.29541   0.08331   0.12056   0.21620   0.09285   0.01722   0.02684   0.23283   0.15501   0.10546   0.02893   0.04257   0.35676   0.02285   0.02217   0.20879   0.37625   0.03293   0.00129   0.12211   0.01978   0.03736   0.10697   0.31192   0.27648   0.04144   0.33568   0.14770   0.42521   0.31861   0.18159   0.32300   0.04368   0.07058   0.09511   0.15300   0.19475   0.04063   0.32474   0.03440   0.19096   0.17873   0.48484   0.30761   0.42982   0.25980   1.45462   0.99581   0.29785   3.12937  
 39 58.6147  42975.087143  x:  0.26588   0.07670   0.11790   0.22518   0.11550   0.01698   0.02563   0.23066   0.16438   0.10129   0.02392   0.03978   0.38600   0.02337   0.03154   0.19420   0.35303   0.02002   0.00414   0.16036   0.01862   0.03700   0.09578   0.32038   0.27176   0.04250   0.34749   0.15650   0.42334   0.34198   0.17498   0.32327   0.03978   0.05243   0.07100   0.14418   0.18589   0.04894   0.32599   0.02389   0.19719   0.17166   0.47203   0.33630   0.46221   0.23023   1.43564   0.99566   0.27966   3.04759  
 40 169.9025  42961.719084  x:  0.24752   0.08449   0.10336   0.23376   0.09750   0.01742   0.02210   0.23347   0.16190   0.09095   0.02705   0.03603   0.38776   0.02119   0.03372   0.17305   0.34255   0.02451   0.00540   0.16580   0.01854   0.03689   0.09476   0.32253   0.29788   0.04189   0.35262   0.16424   0.42936   0.34929   0.19260   0.33275   0.06382   0.05748   0.07006   0.15562   0.20592   0.04030   0.29816   0.02617   0.19532   0.18346   0.47232   0.33912   0.47562   0.21184   1.42650   0.99557   0.27727   3.00922  
 41 339.4177  42960.460752  x:  0.24688   0.08419   0.10685   0.23220   0.09845   0.01743   0.02223   0.23165   0.14962   0.08788   0.02635   0.03776   0.37677   0.02248   0.03341   0.17513   0.34177   0.02341   0.00566   0.17006   0.01842   0.03687   0.08971   0.32393   0.30901   0.04292   0.35019   0.15907   0.43211   0.34924   0.20067   0.33566   0.06106   0.05688   0.07198   0.16078   0.20419   0.04099   0.30355   0.02558   0.18950   0.18478   0.47274   0.33429   0.47815   0.21120   1.42560   0.99556   0.27644   3.00557  
 42 89.7977  42960.340898  x:  0.24769   0.08402   0.10521   0.23127   0.09904   0.01742   0.02229   0.23019   0.14771   0.08824   0.02633   0.03769   0.37454   0.02269   0.03318   0.17604   0.34190   0.02341   0.00570   0.17050   0.01843   0.03689   0.08909   0.32382   0.31023   0.04283   0.34903   0.16041   0.43249   0.34969   0.20112   0.33757   0.06339   0.05681   0.07059   0.15942   0.20433   0.04130   0.30493   0.02521   0.19366   0.18395   0.47265   0.33448   0.47700   0.21201   1.42560   0.99556   0.27677   3.00502  
 43 16.5840  42959.167439  x:  0.24862   0.08107   0.10935   0.22928   0.09886   0.01739   0.02239   0.22629   0.15286   0.08686   0.02592   0.03690   0.36824   0.02296   0.03388   0.17189   0.34252   0.02403   0.00571   0.17076   0.01863   0.03684   0.09016   0.32320   0.31152   0.04352   0.34659   0.15603   0.43213   0.35659   0.19876   0.35633   0.06173   0.05552   0.07625   0.15620   0.20398   0.04151   0.30328   0.02487   0.19367   0.18373   0.47205   0.34376   0.46890   0.21293   1.42664   0.99556   0.27591   2.99762  
 44  6.6576  42943.695033  x:  0.25565   0.08883   0.10789   0.23190   0.09705   0.01766   0.02409   0.20312   0.12282   0.10190   0.02334   0.03688   0.37881   0.02320   0.02917   0.19644   0.34527   0.02735   0.00571   0.16939   0.02078   0.03712   0.08726   0.32936   0.30028   0.03970   0.36413   0.18017   0.43575   0.37202   0.18796   0.39130   0.06430   0.04825   0.06952   0.15123   0.20939   0.03673   0.29103   0.02713   0.15782   0.19410   0.47108   0.36328   0.47349   0.21992   1.44041   0.99544   0.26963   2.90296  
 45 30.9231  42820.362145  x:  0.29176   0.11126   0.15018   0.29761   0.12283   0.02042   0.04078   0.21049   0.10395   0.11035   0.02526   0.04643   0.48833   0.04552   0.03364   0.20750   0.40079   0.05781   0.00539   0.19071   0.04609   0.03993   0.13309   0.39081   0.30011   0.04321   0.44827   0.15786   0.47214   0.37156   0.26378   0.46532   0.00000   0.07974   0.07530   0.22008   0.25531   0.02734   0.34089   0.02358   0.25900   0.20936   0.49733   0.38404   0.57740   0.25561   1.58071   0.99436   0.24819   1.93634  
 46 386.7298  42788.053669  x:  0.31558   0.07700   0.14623   0.30538   0.12952   0.02127   0.04731   0.25030   0.16350   0.10232   0.02378   0.05013   0.48938   0.04800   0.03106   0.22261   0.42347   0.06535   0.00666   0.20741   0.05172   0.04158   0.11148   0.40357   0.32118   0.04301   0.45068   0.16700   0.47730   0.37717   0.26825   0.45780   0.04364   0.07376   0.07405   0.21529   0.26903   0.02047   0.39144   0.02221   0.23115   0.23001   0.50715   0.37798   0.59559   0.27931   1.61651   0.99407   0.24320   1.68983  
 47 1051.9892  42779.538293  x:  0.32190   0.10399   0.13723   0.29937   0.13277   0.02144   0.04854   0.27259   0.17474   0.10896   0.02010   0.04679   0.47598   0.05058   0.02978   0.23008   0.42891   0.06682   0.00667   0.20902   0.05322   0.04156   0.10606   0.41271   0.35387   0.04406   0.43007   0.17362   0.47729   0.41199   0.26089   0.41928   0.03169   0.06566   0.08959   0.19355   0.27259   0.02007   0.38561   0.02267   0.22911   0.23210   0.50853   0.40149   0.60058   0.28561   1.62397   0.99401   0.24185   1.63708  
 48 230.1478  42779.313715  x:  0.32100   0.09669   0.14161   0.29768   0.13232   0.02144   0.04842   0.27353   0.17378   0.10920   0.02045   0.04660   0.47471   0.05070   0.02895   0.23354   0.42866   0.06703   0.00660   0.20844   0.05326   0.04154   0.10720   0.41460   0.35623   0.04388   0.43087   0.17458   0.47749   0.41197   0.26234   0.41540   0.03215   0.06655   0.08929   0.19258   0.27287   0.02045   0.38123   0.02286   0.23053   0.23167   0.50838   0.40613   0.60048   0.28471   1.62418   0.99401   0.24172   1.63637  
 49 30.0445  42778.875008  x:  0.32404   0.09993   0.13885   0.29223   0.13376   0.02140   0.04835   0.27436   0.17528   0.10665   0.02141   0.04666   0.47037   0.05134   0.02946   0.23143   0.42809   0.06689   0.00668   0.20872   0.05322   0.04156   0.10408   0.42157   0.35635   0.04335   0.44089   0.17338   0.47692   0.40436   0.26454   0.41275   0.03179   0.06486   0.08685   0.19428   0.27232   0.02057   0.37978   0.02264   0.22983   0.23140   0.50768   0.41443   0.59651   0.28775   1.62459   0.99400   0.24201   1.64166  
 50  4.7958  42733.441916  x:  0.32232   0.08675   0.15026   0.28673   0.13452   0.02135   0.03728   0.28873   0.17878   0.13191   0.01651   0.04315   0.44077   0.05206   0.03073   0.22762   0.41837   0.06896   0.00804   0.21340   0.05442   0.04075   0.09419   0.42177   0.36147   0.03286   0.52750   0.17321   0.48478   0.51593   0.22777   0.39435   0.04226   0.07265   0.08285   0.21782   0.28032   0.01658   0.41097   0.02271   0.23127   0.23751   0.51966   0.39158   0.59041   0.28611   1.66908   0.99293   0.33200   2.38033  
 51 11.8917  42699.203321  x:  0.32029   0.09587   0.14526   0.27698   0.13725   0.02165   0.03144   0.28786   0.19126   0.10389   0.02924   0.04472   0.46394   0.05334   0.03144   0.24469   0.41405   0.06551   0.00849   0.21479   0.05494   0.03982   0.08935   0.44058   0.35698   0.03321   0.42844   0.18427   0.50401   0.45014   0.25270   0.42898   0.03941   0.05678   0.09055   0.15909   0.29087   0.01701   0.41611   0.02576   0.20835   0.24900   0.52607   0.44000   0.67861   0.28412   1.69811   0.99218   0.38766   2.86729  
 52 479.8795  42699.082280  x:  0.32160   0.09611   0.14496   0.27641   0.13754   0.02166   0.03135   0.28806   0.19222   0.10362   0.02918   0.04469   0.46225   0.05342   0.03145   0.24488   0.41411   0.06541   0.00848   0.21497   0.05495   0.03981   0.09124   0.43712   0.35593   0.03334   0.42527   0.18474   0.50385   0.45114   0.25294   0.42863   0.03921   0.05604   0.08638   0.16542   0.29086   0.01656   0.41591   0.02604   0.20786   0.24915   0.52624   0.44343   0.68017   0.28543   1.69814   0.99217   0.38794   2.86881  
 53 19.8686  42698.707621  x:  0.32181   0.09651   0.14485   0.27722   0.13732   0.02170   0.03141   0.28831   0.19057   0.10524   0.02936   0.04532   0.46113   0.05349   0.03163   0.24344   0.41515   0.06520   0.00849   0.21579   0.05489   0.03981   0.09648   0.42320   0.36009   0.03293   0.43182   0.18394   0.50544   0.44735   0.25280   0.42802   0.03948   0.05455   0.08710   0.16088   0.29120   0.01655   0.41930   0.02615   0.20691   0.24977   0.52715   0.44853   0.68308   0.28565   1.69733   0.99216   0.38862   2.86966  
 54  2.3562  42644.977821  x:  0.34133   0.10737   0.14944   0.26930   0.12371   0.02494   0.02279   0.30170   0.15433   0.10489   0.03773   0.03644   0.49203   0.03788   0.02964   0.24223   0.45240   0.04186   0.01161   0.21525   0.04228   0.03978   0.08499   0.47119   0.36206   0.01719   0.52207   0.19237   0.58639   0.51925   0.23657   0.52263   0.04772   0.06233   0.06973   0.17353   0.31015   0.02622   0.43058   0.05709   0.22788   0.25619   0.63073   0.48531   0.78010   0.30635   1.57213   0.99055   0.41155   2.94544  
 55  3.5797  42629.719441  x:  0.35368   0.10305   0.15471   0.28787   0.12073   0.02448   0.04735   0.30683   0.16866   0.09736   0.03650   0.03377   0.51368   0.02752   0.02551   0.24273   0.46837   0.04520   0.01287   0.21309   0.03525   0.04130   0.08321   0.49199   0.39125   0.01832   0.52480   0.19502   0.59390   0.53653   0.24678   0.53410   0.04371   0.05879   0.06742   0.17760   0.32176   0.01760   0.45009   0.04699   0.22684   0.26042   0.62922   0.50284   0.85706   0.31929   1.53886   0.98971   0.42048   3.10059  
 56  0.1839  42623.381319  x:  0.36563   0.09911   0.15620   0.30392   0.12850   0.02507   0.03836   0.30991   0.17819   0.10343   0.02796   0.03754   0.52862   0.02984   0.02723   0.24970   0.47670   0.05084   0.01335   0.20804   0.03430   0.04305   0.08302   0.50893   0.41291   0.02302   0.52000   0.19294   0.58085   0.53764   0.25635   0.53005   0.03688   0.04922   0.07423   0.17540   0.31821   0.02052   0.47401   0.04680   0.22611   0.25609   0.60823   0.51214   0.90810   0.33081   1.56551   0.98927   0.41561   3.16191  
 57  0.0736  42622.156672  x:  0.36160   0.10685   0.15247   0.29912   0.12534   0.02541   0.03480   0.31019   0.17232   0.10703   0.02804   0.03596   0.53052   0.03109   0.02651   0.24820   0.47495   0.04425   0.01359   0.20288   0.03503   0.04197   0.08291   0.51389   0.40929   0.02316   0.52332   0.19209   0.58694   0.53558   0.25716   0.53235   0.03733   0.05058   0.07474   0.17816   0.31542   0.01943   0.47399   0.04831   0.23099   0.25126   0.62058   0.51467   0.93143   0.32673   1.56267   0.98915   0.40897   3.16433  
 58  0.0208  42621.891613  x:  0.35867   0.10363   0.15205   0.29637   0.12585   0.02551   0.03590   0.31009   0.17416   0.10513   0.02860   0.03592   0.52676   0.03122   0.02650   0.24688   0.47227   0.04537   0.01384   0.20208   0.03547   0.04192   0.08032   0.51198   0.40663   0.02201   0.52451   0.19189   0.58811   0.53441   0.25688   0.52868   0.03691   0.05070   0.07174   0.17853   0.31103   0.01924   0.47511   0.04833   0.22722   0.24892   0.62393   0.51364   0.94414   0.32361   1.56246   0.98911   0.40562   3.15460  
 59  0.0109  42621.774638  x:  0.35851   0.10418   0.15200   0.29843   0.12528   0.02572   0.03622   0.30875   0.17349   0.10483   0.02902   0.03621   0.52563   0.03162   0.02693   0.24742   0.47161   0.04532   0.01403   0.20243   0.03525   0.04207   0.08298   0.50976   0.40601   0.02187   0.52446   0.19247   0.58540   0.53461   0.25711   0.52802   0.03745   0.05243   0.07385   0.17846   0.30851   0.01990   0.47376   0.04819   0.22795   0.24772   0.61863   0.51263   0.95495   0.32334   1.56664   0.98907   0.40539   3.14449  
 60  0.0089  42621.708858  x:  0.35961   0.10496   0.15215   0.29814   0.12505   0.02611   0.03540   0.30954   0.17386   0.10529   0.02850   0.03618   0.52526   0.03139   0.02680   0.24772   0.47273   0.04563   0.01430   0.20289   0.03510   0.04208   0.08155   0.51048   0.40583   0.02243   0.52470   0.19230   0.58482   0.53654   0.25603   0.52861   0.03725   0.05126   0.07331   0.17732   0.30801   0.01941   0.47319   0.04861   0.22838   0.24812   0.61764   0.51362   0.96204   0.32433   1.56555   0.98901   0.40610   3.12822  
 61  0.0067  42621.659161  x:  0.35949   0.10490   0.15246   0.29681   0.12506   0.02653   0.03599   0.31002   0.17401   0.10586   0.02902   0.03605   0.52560   0.03116   0.02669   0.24743   0.47301   0.04529   0.01457   0.20301   0.03547   0.04212   0.08219   0.51132   0.40559   0.02259   0.52500   0.19165   0.58575   0.53591   0.25607   0.52922   0.03808   0.05072   0.07362   0.17839   0.30838   0.01979   0.47149   0.04758   0.22934   0.24916   0.62063   0.51281   0.96142   0.32413   1.56548   0.98899   0.40556   3.10300  
 62  0.0069  42621.569929  x:  0.36046   0.10389   0.15246   0.29830   0.12609   0.02755   0.03501   0.31021   0.17516   0.10539   0.02839   0.03666   0.52727   0.03105   0.02694   0.24760   0.47303   0.04542   0.01523   0.20168   0.03532   0.04225   0.08233   0.51301   0.40769   0.02229   0.52438   0.19154   0.58546   0.53394   0.25739   0.52922   0.03849   0.04913   0.07424   0.17895   0.30839   0.02009   0.47291   0.04670   0.22856   0.24956   0.62085   0.51161   0.96169   0.32500   1.56693   0.98888   0.40179   3.07892  
 63  0.0058  42621.451075  x:  0.35945   0.10560   0.15190   0.29910   0.12527   0.02900   0.03541   0.30983   0.17428   0.10477   0.02893   0.03620   0.52584   0.03160   0.02686   0.24763   0.47229   0.04468   0.01617   0.20122   0.03481   0.04190   0.08114   0.51033   0.40713   0.02159   0.52377   0.19345   0.58656   0.53471   0.25655   0.52921   0.03925   0.05017   0.07337   0.17768   0.30956   0.01904   0.47263   0.04751   0.22820   0.24947   0.61848   0.51244   0.95581   0.32415   1.56510   0.98870   0.40192   3.08911  
 64  0.0035  42621.390860  x:  0.35890   0.10453   0.15239   0.29752   0.12556   0.02985   0.03484   0.30990   0.17448   0.10554   0.02886   0.03610   0.52530   0.03152   0.02670   0.24820   0.47255   0.04527   0.01663   0.20131   0.03550   0.04213   0.08176   0.51029   0.40639   0.02222   0.52410   0.19226   0.58612   0.53585   0.25634   0.52800   0.03848   0.05113   0.07333   0.17800   0.30922   0.01984   0.47349   0.04783   0.22877   0.24858   0.61856   0.51378   0.95369   0.32364   1.56575   0.98856   0.40468   3.11869  
 65  0.0118  42621.377670  x:  0.35943   0.10457   0.15212   0.29780   0.12516   0.03001   0.03505   0.30951   0.17426   0.10537   0.02872   0.03632   0.52595   0.03119   0.02671   0.24760   0.47281   0.04509   0.01671   0.20134   0.03520   0.04212   0.08179   0.51085   0.40576   0.02223   0.52433   0.19188   0.58549   0.53544   0.25653   0.52864   0.03769   0.05138   0.07365   0.17818   0.30890   0.01951   0.47332   0.04762   0.22854   0.24820   0.61922   0.51340   0.95454   0.32416   1.56532   0.98851   0.40615   3.13661  
 66  0.0093  42621.374912  x:  0.35955   0.10477   0.15200   0.29795   0.12522   0.03002   0.03494   0.30938   0.17407   0.10550   0.02873   0.03624   0.52593   0.03139   0.02678   0.24751   0.47260   0.04512   0.01665   0.20142   0.03528   0.04206   0.08176   0.51057   0.40569   0.02217   0.52416   0.19210   0.58532   0.53484   0.25648   0.52839   0.03744   0.05117   0.07360   0.17812   0.30840   0.01968   0.47259   0.04749   0.22861   0.24814   0.61937   0.51273   0.95381   0.32425   1.56533   0.98850   0.40648   3.13974  
 67  0.0015  42621.372622  x:  0.35961   0.10457   0.15229   0.29795   0.12526   0.03005   0.03495   0.30943   0.17398   0.10542   0.02883   0.03615   0.52582   0.03124   0.02668   0.24790   0.47265   0.04509   0.01651   0.20150   0.03527   0.04214   0.08178   0.51035   0.40615   0.02210   0.52469   0.19224   0.58583   0.53504   0.25629   0.52835   0.03746   0.05130   0.07351   0.17830   0.30813   0.01952   0.47209   0.04751   0.22876   0.24830   0.61926   0.51234   0.95380   0.32428   1.56508   0.98847   0.40650   3.14262  
 68  0.0007  42621.367211  x:  0.35967   0.10498   0.15221   0.29784   0.12542   0.03018   0.03498   0.30953   0.17443   0.10531   0.02872   0.03633   0.52603   0.03133   0.02671   0.24785   0.47313   0.04520   0.01613   0.20178   0.03527   0.04204   0.08155   0.51063   0.40653   0.02232   0.52472   0.19185   0.58625   0.53505   0.25643   0.52868   0.03767   0.05093   0.07369   0.17816   0.30775   0.01974   0.47222   0.04763   0.22871   0.24887   0.61931   0.51262   0.95484   0.32428   1.56561   0.98835   0.40690   3.14820  
 69  0.0010  42621.361117  x:  0.35947   0.10454   0.15208   0.29799   0.12520   0.03027   0.03494   0.30948   0.17412   0.10547   0.02878   0.03624   0.52601   0.03136   0.02680   0.24748   0.47260   0.04527   0.01560   0.20193   0.03529   0.04209   0.08204   0.51056   0.40575   0.02222   0.52411   0.19210   0.58545   0.53512   0.25659   0.52880   0.03797   0.05112   0.07345   0.17816   0.30801   0.01955   0.47238   0.04755   0.22863   0.24897   0.61936   0.51282   0.95431   0.32413   1.56525   0.98823   0.40676   3.14899  
 70  0.0006  42621.359191  x:  0.35961   0.10460   0.15201   0.29795   0.12529   0.03031   0.03489   0.30957   0.17420   0.10543   0.02873   0.03617   0.52592   0.03124   0.02678   0.24761   0.47262   0.04531   0.01547   0.20209   0.03524   0.04212   0.08186   0.51081   0.40607   0.02217   0.52450   0.19226   0.58540   0.53541   0.25648   0.52854   0.03768   0.05120   0.07364   0.17816   0.30821   0.01973   0.47268   0.04752   0.22864   0.24853   0.61936   0.51289   0.95420   0.32432   1.56542   0.98819   0.40669   3.14645  
 71  0.0011  42621.358619  x:  0.35950   0.10474   0.15205   0.29796   0.12529   0.03032   0.03494   0.30954   0.17417   0.10541   0.02875   0.03625   0.52600   0.03133   0.02678   0.24767   0.47270   0.04528   0.01543   0.20212   0.03526   0.04209   0.08191   0.51080   0.40624   0.02220   0.52454   0.19223   0.58569   0.53520   0.25656   0.52852   0.03760   0.05124   0.07357   0.17822   0.30839   0.01962   0.47270   0.04747   0.22872   0.24829   0.61942   0.51291   0.95423   0.32424   1.56560   0.98817   0.40665   3.14561  
 72  0.0005  42621.358189  x:  0.35954   0.10465   0.15221   0.29809   0.12526   0.03031   0.03490   0.30947   0.17417   0.10535   0.02882   0.03625   0.52615   0.03130   0.02680   0.24770   0.47284   0.04528   0.01544   0.20213   0.03527   0.04212   0.08189   0.51071   0.40619   0.02223   0.52436   0.19214   0.58586   0.53514   0.25657   0.52878   0.03761   0.05130   0.07347   0.17823   0.30848   0.01968   0.47267   0.04752   0.22861   0.24817   0.61933   0.51282   0.95441   0.32429   1.56526   0.98814   0.40672   3.14639  
 73  0.0002  42621.356050  x:  0.35965   0.10473   0.15229   0.29796   0.12531   0.03025   0.03493   0.30956   0.17423   0.10542   0.02875   0.03618   0.52620   0.03127   0.02675   0.24761   0.47282   0.04537   0.01552   0.20209   0.03530   0.04210   0.08188   0.51071   0.40611   0.02223   0.52435   0.19222   0.58586   0.53531   0.25651   0.52893   0.03774   0.05120   0.07363   0.17828   0.30865   0.01963   0.47237   0.04750   0.22852   0.24808   0.61943   0.51265   0.95438   0.32441   1.56571   0.98803   0.40679   3.14897  
 74  0.0003  42621.354223  x:  0.35974   0.10477   0.15224   0.29786   0.12530   0.03015   0.03497   0.30966   0.17427   0.10550   0.02872   0.03621   0.52610   0.03127   0.02676   0.24759   0.47274   0.04536   0.01567   0.20203   0.03530   0.04209   0.08192   0.51066   0.40614   0.02216   0.52457   0.19230   0.58574   0.53542   0.25649   0.52894   0.03788   0.05102   0.07369   0.17824   0.30877   0.01963   0.47217   0.04753   0.22854   0.24807   0.61958   0.51276   0.95446   0.32449   1.56594   0.98783   0.40693   3.15357  
 75  0.0023  42621.353099  x:  0.35962   0.10466   0.15208   0.29807   0.12527   0.03014   0.03496   0.30958   0.17426   0.10541   0.02879   0.03630   0.52602   0.03130   0.02680   0.24775   0.47279   0.04525   0.01571   0.20206   0.03527   0.04212   0.08189   0.51079   0.40625   0.02218   0.52467   0.19222   0.58567   0.53524   0.25659   0.52866   0.03774   0.05114   0.07356   0.17823   0.30857   0.01968   0.47262   0.04752   0.22875   0.24833   0.61952   0.51295   0.95437   0.32435   1.56556   0.98779   0.40700   3.15347  
 76  0.0004  42621.352957  x:  0.35961   0.10469   0.15211   0.29807   0.12532   0.03012   0.03497   0.30958   0.17425   0.10541   0.02878   0.03625   0.52611   0.03129   0.02678   0.24773   0.47285   0.04526   0.01572   0.20202   0.03528   0.04211   0.08187   0.51084   0.40620   0.02220   0.52456   0.19225   0.58579   0.53524   0.25658   0.52865   0.03768   0.05125   0.07358   0.17828   0.30849   0.01965   0.47271   0.04751   0.22873   0.24840   0.61953   0.51286   0.95427   0.32433   1.56568   0.98778   0.40699   3.15315  
 77  0.0002  42621.352943  x:  0.35963   0.10470   0.15214   0.29805   0.12531   0.03013   0.03497   0.30958   0.17424   0.10543   0.02878   0.03626   0.52613   0.03129   0.02679   0.24772   0.47285   0.04527   0.01572   0.20202   0.03527   0.04211   0.08189   0.51082   0.40622   0.02218   0.52456   0.19226   0.58582   0.53526   0.25660   0.52867   0.03766   0.05127   0.07357   0.17826   0.30845   0.01966   0.47271   0.04752   0.22872   0.24839   0.61954   0.51293   0.95425   0.32435   1.56568   0.98778   0.40698   3.15294  
 78  0.0001  42621.352941  x:  0.35964   0.10470   0.15213   0.29806   0.12531   0.03012   0.03497   0.30958   0.17424   0.10542   0.02878   0.03626   0.52614   0.03129   0.02679   0.24772   0.47284   0.04527   0.01572   0.20202   0.03528   0.04211   0.08188   0.51083   0.40622   0.02218   0.52456   0.19225   0.58581   0.53527   0.25660   0.52868   0.03766   0.05126   0.07357   0.17826   0.30843   0.01966   0.47271   0.04752   0.22872   0.24839   0.61954   0.51294   0.95422   0.32436   1.56567   0.98778   0.40697   3.15285  
 79  0.0001  42621.352941  x:  0.35963   0.10470   0.15213   0.29806   0.12531   0.03012   0.03497   0.30958   0.17424   0.10542   0.02878   0.03626   0.52614   0.03129   0.02679   0.24772   0.47285   0.04527   0.01572   0.20202   0.03528   0.04211   0.08188   0.51083   0.40622   0.02219   0.52456   0.19225   0.58581   0.53527   0.25660   0.52869   0.03766   0.05126   0.07357   0.17826   0.30843   0.01966   0.47271   0.04752   0.22872   0.24839   0.61954   0.51294   0.95422   0.32436   1.56567   0.98778   0.40697   3.15285  
 80  0.0000  42621.352941  x:  0.35963   0.10470   0.15213   0.29806   0.12531   0.03012   0.03497   0.30958   0.17424   0.10542   0.02878   0.03626   0.52614   0.03129   0.02679   0.24772   0.47285   0.04527   0.01572   0.20202   0.03528   0.04211   0.08188   0.51083   0.40622   0.02219   0.52456   0.19225   0.58581   0.53527   0.25660   0.52869   0.03766   0.05126   0.07357   0.17826   0.30843   0.01966   0.47271   0.04752   0.22872   0.24838   0.61954   0.51294   0.95422   0.32435   1.56567   0.98778   0.40697   3.15285  
 81  0.0000  42621.352941  x:  0.35963   0.10470   0.15213   0.29806   0.12531   0.03012   0.03497   0.30958   0.17424   0.10542   0.02878   0.03626   0.52614   0.03129   0.02679   0.24772   0.47285   0.04527   0.01572   0.20202   0.03528   0.04211   0.08188   0.51083   0.40622   0.02219   0.52456   0.19225   0.58581   0.53527   0.25660   0.52869   0.03767   0.05126   0.07357   0.17826   0.30843   0.01966   0.47271   0.04752   0.22872   0.24838   0.61954   0.51294   0.95422   0.32436   1.56567   0.98778   0.40697   3.15286  