Supplemental results for CODEML (seqf: shoc1_noMNM.fasta  treef: shoc1_tree.txt)


MLEs of dN/dS (w) for site classes (K=6)

p:   0.13788  0.13788  0.13788  0.13788  0.13788  0.31062
w:   0.03872  0.12847  0.23717  0.37784  0.59970  1.00000

Naive Empirical Bayes (NEB) probabilities for 6 classes & postmean_w
(amino acids refer to 1st sequence: Nothoprocta_perdicaria)

   1 M   0.19023 0.32514 0.27006 0.15421 0.04940 0.01096 ( 2)  0.212
   2 F   0.47278 0.28231 0.15177 0.06841 0.01976 0.00497 ( 1)  0.133
   3 A   0.00000 0.00076 0.00966 0.05024 0.17476 0.76457 ( 6)  0.891
   4 A   0.40134 0.27452 0.17357 0.09612 0.03806 0.01639 ( 1)  0.168
   5 F   0.00811 0.06320 0.14223 0.21207 0.23356 0.34083 ( 6)  0.603
   6 K   0.10464 0.22826 0.25443 0.21213 0.12280 0.07774 ( 3)  0.325
   7 Y   0.44272 0.28016 0.16167 0.07992 0.02674 0.00879 ( 1)  0.147
   8 H   0.39488 0.27308 0.17499 0.09863 0.04017 0.01825 ( 1)  0.171
   9 S   0.00853 0.06608 0.14744 0.21719 0.23416 0.32661 ( 6)  0.593
  10 T   0.14266 0.27842 0.27138 0.19040 0.08415 0.03298 ( 2)  0.261
  11 D   0.41132 0.27635 0.17103 0.09219 0.03503 0.01407 ( 1)  0.162
  12 Y   0.43692 0.27955 0.16345 0.08217 0.02821 0.00970 ( 1)  0.149
  13 L   0.37416 0.26750 0.17866 0.10643 0.04750 0.02576 ( 1)  0.186
  14 Y   0.44272 0.28016 0.16167 0.07992 0.02674 0.00879 ( 1)  0.147
  15 E   0.39672 0.27343 0.17453 0.09791 0.03961 0.01781 ( 1)  0.170
  16 S   0.41021 0.27617 0.17133 0.09263 0.03535 0.01430 ( 1)  0.162
  17 A   0.43397 0.27979 0.16475 0.08328 0.02861 0.00960 ( 1)  0.150
  18 R   0.10024 0.22209 0.25194 0.21445 0.12762 0.08366 ( 3)  0.333
  19 Q   0.32709 0.25229 0.18442 0.12315 0.06541 0.04764 ( 1)  0.222
  20 K   0.10554 0.22968 0.25523 0.21189 0.12175 0.07590 ( 3)  0.323
  21 F   0.13347 0.26743 0.26906 0.19663 0.09265 0.04075 ( 3)  0.274
  22 L   0.03618 0.10393 0.15871 0.19412 0.19687 0.31019 ( 6)  0.554
  23 I   0.37834 0.26873 0.17802 0.10489 0.04596 0.02405 ( 1)  0.183
  24 C   0.00050 0.01296 0.05429 0.13026 0.23078 0.57121 ( 6)  0.773
  25 R   0.15490 0.29161 0.27244 0.18132 0.07411 0.02563 ( 2)  0.247
  26 L   0.37333 0.26724 0.17876 0.10673 0.04782 0.02613 ( 1)  0.186
  27 S   0.38431 0.27028 0.17691 0.10263 0.04389 0.02199 ( 1)  0.179
  28 L   0.41351 0.27663 0.17038 0.09133 0.03444 0.01371 ( 1)  0.161
  29 C   0.35799 0.26325 0.18163 0.11257 0.05317 0.03138 ( 1)  0.197
  30 F   0.13904 0.27424 0.27067 0.19293 0.08737 0.03576 ( 2)  0.266
  31 P   0.38989 0.27200 0.17612 0.10057 0.04179 0.01963 ( 1)  0.174
  32 P   0.30254 0.24215 0.18500 0.13068 0.07567 0.06396 ( 1)  0.245
  33 C   0.00007 0.00523 0.03526 0.11293 0.24067 0.60585 ( 6)  0.802
  34 L   0.36934 0.26604 0.17934 0.10818 0.04929 0.02781 ( 1)  0.189
  35 H   0.00000 0.00043 0.00618 0.03678 0.15060 0.80600 ( 6)  0.912
  36 Q   0.38915 0.27172 0.17617 0.10084 0.04210 0.02003 ( 1)  0.175
  37 D   0.00182 0.03963 0.13361 0.24197 0.27533 0.30764 ( 6)  0.601
  38 E   0.02391 0.15012 0.26037 0.27790 0.18182 0.10587 ( 4)  0.402
  39 K   0.42972 0.27869 0.16560 0.08497 0.03010 0.01092 ( 1)  0.153
  40 R   0.00115 0.02668 0.09769 0.19714 0.26676 0.41059 ( 6)  0.672
  41 H   0.48058 0.28264 0.14906 0.06546 0.01809 0.00416 ( 1)  0.130
  42 L   0.31238 0.24633 0.18489 0.12773 0.07151 0.05715 ( 1)  0.236
  43 T   0.01754 0.11848 0.22432 0.26775 0.20822 0.16368 ( 4)  0.459
  44 F   0.47607 0.28239 0.15060 0.06718 0.01909 0.00466 ( 1)  0.132
  45 A   0.00073 0.01815 0.07192 0.16028 0.25189 0.49703 ( 6)  0.728
  46 D   0.14797 0.28460 0.27246 0.18666 0.07937 0.02894 ( 2)  0.254
  47 D   0.49924 0.28223 0.14201 0.05876 0.01483 0.00292 ( 1)  0.123
  48 Q   0.10370 0.22688 0.25378 0.21253 0.12385 0.07927 ( 3)  0.327
  49 Y   0.43948 0.27983 0.16267 0.08117 0.02756 0.00929 ( 1)  0.148
  50 R   0.41455 0.27685 0.17014 0.09092 0.03411 0.01343 ( 1)  0.160
  51 R   0.00004 0.00300 0.02217 0.07972 0.20284 0.69223 ( 6)  0.850
  52 P   0.39555 0.27328 0.17488 0.09837 0.03992 0.01799 ( 1)  0.171
  53 W   0.30722 0.24419 0.18502 0.12933 0.07368 0.06057 ( 1)  0.241
  54 T   0.01515 0.10567 0.20790 0.26041 0.21776 0.19312 ( 4)  0.486
  55 R   0.49568 0.28209 0.14326 0.06012 0.01558 0.00327 ( 1)  0.125
  56 L   0.00069 0.02019 0.08854 0.20388 0.29367 0.39302 ( 6)  0.670
  57 T   0.00000 0.00096 0.01157 0.05720 0.18577 0.74449 ( 6)  0.880
  58 D   0.00000 0.00005 0.00133 0.01281 0.08756 0.89825 ( 6)  0.956
  59 I   0.00157 0.03489 0.12051 0.22577 0.27255 0.34471 ( 6)  0.627
  60 S   0.09069 0.20676 0.24287 0.21639 0.13865 0.10465 ( 3)  0.357
  61 V   0.12814 0.26094 0.26756 0.20020 0.09768 0.04548 ( 3)  0.282
  62 L   0.25563 0.20497 0.16301 0.12855 0.09762 0.15021 ( 1)  0.332
  63 D   0.16377 0.30130 0.27338 0.17479 0.06670 0.02005 ( 2)  0.236
  64 L   0.00806 0.06310 0.14251 0.21309 0.23478 0.33847 ( 6)  0.602
  65 W   0.31220 0.24636 0.18504 0.12788 0.07156 0.05696 ( 1)  0.236
  66 K   0.43179 0.27918 0.16515 0.08415 0.02941 0.01032 ( 1)  0.152
  67 K   0.02972 0.17533 0.28293 0.27642 0.15919 0.07642 ( 3)  0.367
  68 S   0.15805 0.29532 0.27314 0.17912 0.07123 0.02315 ( 2)  0.242
  69 L   0.37766 0.26836 0.17796 0.10509 0.04631 0.02462 ( 1)  0.183
  70 S   0.00080 0.01972 0.07684 0.16772 0.25555 0.47937 ( 6)  0.717
  71 V   0.36569 0.26556 0.18050 0.10975 0.05032 0.02818 ( 1)  0.191
  72 E   0.40503 0.27513 0.17257 0.09466 0.03698 0.01563 ( 1)  0.166
  73 D   0.50590 0.28194 0.13944 0.05642 0.01375 0.00254 ( 1)  0.121
  74 F   0.40169 0.27455 0.17345 0.09597 0.03797 0.01637 ( 1)  0.167
  75 L   0.27234 0.22734 0.18278 0.13797 0.08874 0.09083 ( 1)  0.279
  76 E   0.50660 0.28174 0.13910 0.05625 0.01373 0.00257 ( 1)  0.121
  77 K   0.00122 0.02819 0.10196 0.20267 0.26816 0.39781 ( 6)  0.663
  78 K   0.56332 0.27441 0.11588 0.03854 0.00703 0.00082 ( 1)  0.104
  79 P   0.41566 0.27728 0.17004 0.09050 0.03363 0.01290 ( 1)  0.159
  80 I   0.00000 0.00050 0.00666 0.03744 0.14732 0.80808 ( 6)  0.912
  81 S   0.00000 0.00001 0.00036 0.00536 0.05614 0.93814 ( 6)  0.974
  82 S   0.00110 0.02593 0.09596 0.19584 0.26806 0.41311 ( 6)  0.674
  83 I   0.00000 0.00020 0.00435 0.03315 0.15553 0.80678 ( 6)  0.914
  84 K   0.00000 0.00009 0.00221 0.01884 0.10913 0.86974 ( 6)  0.943
  85 F   0.01618 0.11150 0.21606 0.26508 0.21408 0.17710 ( 4)  0.472
  86 N   0.00000 0.00000 0.00005 0.00149 0.03123 0.96724 ( 6)  0.987
  87 I   0.00000 0.00000 0.00020 0.00397 0.05178 0.94406 ( 6)  0.977
  88 N   0.00356 0.06863 0.19985 0.30004 0.25539 0.17252 ( 4)  0.495
  89 N   0.03822 0.20967 0.30962 0.26942 0.12897 0.04410 ( 3)  0.325
  90 E   0.00001 0.00174 0.01934 0.08523 0.23059 0.66308 ( 6)  0.838
  91 L   0.36848 0.26573 0.17942 0.10848 0.04963 0.02827 ( 1)  0.190
  92 I   0.00000 0.00026 0.00558 0.04054 0.17473 0.77888 ( 6)  0.900
  93 E   0.53641 0.27904 0.12715 0.04639 0.00966 0.00137 ( 1)  0.111
  94 V   0.00010 0.00740 0.04709 0.13988 0.26493 0.54060 ( 6)  0.764
  95 I   0.16751 0.30429 0.27244 0.17177 0.06461 0.01939 ( 2)  0.233
  96 P   0.01516 0.10599 0.20885 0.26169 0.21815 0.19016 ( 4)  0.484
  97 S   0.54010 0.27876 0.12567 0.04514 0.00913 0.00121 ( 1)  0.110
  98 S   0.42140 0.27775 0.16814 0.08822 0.03225 0.01223 ( 1)  0.157
  99 N   0.56471 0.27437 0.11533 0.03803 0.00681 0.00075 ( 1)  0.104
 100 P   0.00566 0.04691 0.11346 0.18493 0.23220 0.41684 ( 6)  0.659
 101 C   0.00000 0.00000 0.00000 0.00023 0.01080 0.98897 ( 6)  0.996
 102 S   0.45372 0.28165 0.15848 0.07560 0.02374 0.00681 ( 1)  0.141
 103 Q   0.00553 0.04593 0.11149 0.18263 0.23133 0.42310 ( 6)  0.663
 104 T   0.13496 0.26976 0.27025 0.19601 0.09082 0.03820 ( 3)  0.271
 105 D   0.00116 0.02713 0.09949 0.20066 0.26963 0.40192 ( 6)  0.667
 106 L   0.00000 0.00001 0.00055 0.00904 0.08563 0.90477 ( 6)  0.960
 107 E   0.53960 0.27865 0.12584 0.04538 0.00927 0.00127 ( 1)  0.111
 108 A   0.00000 0.00109 0.01337 0.06592 0.20595 0.71366 ( 6)  0.865
 109 A   0.00000 0.00000 0.00000 0.00002 0.00290 0.99709 ( 6)  0.999
 110 Y   0.02053 0.13368 0.24232 0.27379 0.19591 0.13376 ( 4)  0.430
 111 L   0.40614 0.27500 0.17201 0.09419 0.03685 0.01581 ( 1)  0.165
 112 Q   0.00078 0.01927 0.07547 0.16572 0.25470 0.48406 ( 6)  0.720
 113 T   0.00000 0.00000 0.00000 0.00001 0.00219 0.99780 ( 6)  0.999
 114 E   0.00215 0.04529 0.14681 0.25392 0.27159 0.28023 ( 6)  0.580
 115 N   0.00026 0.01664 0.09030 0.21930 0.30527 0.36823 ( 6)  0.658
 116 I   0.00000 0.00018 0.00398 0.03003 0.14365 0.82215 ( 6)  0.921
 117 Y   0.00000 0.00001 0.00039 0.00684 0.07265 0.92012 ( 6)  0.966
 118 K   0.00000 0.00083 0.01031 0.05262 0.17846 0.75778 ( 6)  0.887
 119 E   0.03756 0.20771 0.30921 0.27110 0.13043 0.04398 ( 3)  0.326
 120 E   0.00000 0.00043 0.00818 0.05264 0.19720 0.74155 ( 6)  0.882
 121 S   0.00000 0.00000 0.00018 0.00323 0.04231 0.95427 ( 6)  0.981
 122 T   0.01629 0.11203 0.21651 0.26495 0.21347 0.17674 ( 4)  0.471
 123 E   0.00000 0.00098 0.01197 0.05941 0.19185 0.73578 ( 6)  0.876
 124 D   0.00142 0.03215 0.11377 0.21916 0.27405 0.35945 ( 6)  0.638
 125 K   0.00528 0.09269 0.24216 0.31888 0.22531 0.11568 ( 4)  0.441
 126 Y   0.00219 0.04596 0.14873 0.25637 0.27206 0.27470 ( 6)  0.576
 127 F   0.00802 0.06272 0.14161 0.21187 0.23415 0.34164 ( 6)  0.604
 128 K   0.47382 0.28237 0.15143 0.06802 0.01952 0.00483 ( 1)  0.133
 129 T   0.00000 0.00015 0.00330 0.02612 0.13333 0.83710 ( 6)  0.928
 130 D   0.00007 0.00520 0.03522 0.11324 0.24193 0.60436 ( 6)  0.801
 131 I   0.00000 0.00000 0.00008 0.00229 0.04091 0.95672 ( 6)  0.982
 132 E   0.19170 0.32607 0.26950 0.15312 0.04881 0.01081 ( 2)  0.211
 133 L   0.02311 0.14679 0.25779 0.27884 0.18511 0.10835 ( 4)  0.406
 134 K   0.03956 0.21422 0.31188 0.26707 0.12531 0.04196 ( 3)  0.321
 135 E   0.00419 0.07794 0.21768 0.31036 0.24460 0.14524 ( 4)  0.471
 136 Q   0.01268 0.09176 0.18849 0.24935 0.22657 0.23115 ( 4)  0.518
 137 C   0.00000 0.00000 0.00004 0.00116 0.02424 0.97455 ( 6)  0.990
 138 Q   0.11184 0.23935 0.26032 0.20979 0.11451 0.06419 ( 3)  0.309
 139 D   0.20217 0.33463 0.26727 0.14500 0.04279 0.00814 ( 2)  0.203
 140 L   0.09632 0.21549 0.24765 0.21479 0.13227 0.09348 ( 3)  0.344
 141 Y   0.00000 0.00000 0.00008 0.00239 0.04209 0.95543 ( 6)  0.982
 142 I   0.00000 0.00088 0.01057 0.05267 0.17611 0.75976 ( 6)  0.888
 143 G   0.00291 0.05828 0.17792 0.28398 0.26582 0.21109 ( 4)  0.528
 144 D   0.02433 0.15200 0.26222 0.27800 0.18013 0.10332 ( 4)  0.399
 145 E   0.18198 0.31792 0.27133 0.16064 0.05459 0.01353 ( 2)  0.219
 146 L   0.00213 0.04520 0.14766 0.25685 0.27439 0.27377 ( 5)  0.576
 147 V   0.00001 0.00148 0.01699 0.07784 0.22189 0.68178 ( 6)  0.848
 148 F   0.53134 0.27983 0.12926 0.04791 0.01018 0.00148 ( 1)  0.113
 149 V   0.00232 0.04828 0.15468 0.26284 0.27190 0.25998 ( 5)  0.565
 150 D   0.55409 0.27668 0.11985 0.04088 0.00762 0.00088 ( 1)  0.106
 151 N   0.00049 0.02854 0.13653 0.28257 0.30781 0.24406 ( 5)  0.571
 152 L   0.43667 0.28003 0.16388 0.08223 0.02795 0.00923 ( 1)  0.149
 153 E   0.03655 0.20383 0.30655 0.27237 0.13382 0.04687 ( 3)  0.330
 154 N   0.00000 0.00065 0.01160 0.06872 0.22707 0.69196 ( 6)  0.857
 155 Y   0.00014 0.00996 0.05992 0.16595 0.28259 0.48144 ( 6)  0.729
 156 G   0.00000 0.00000 0.00001 0.00060 0.01980 0.97958 ( 6)  0.992
 157 K   0.04432 0.23107 0.32146 0.25976 0.11144 0.03195 ( 3)  0.305
 158 N   0.00014 0.01096 0.07105 0.19923 0.31325 0.40537 ( 6)  0.687
 159 L   0.36817 0.26623 0.18005 0.10880 0.04944 0.02731 ( 1)  0.189
 160 P   0.43651 0.28021 0.16407 0.08228 0.02787 0.00907 ( 1)  0.149
 161 T   0.00000 0.00000 0.00024 0.00460 0.05675 0.93841 ( 6)  0.974
 162 L   0.00005 0.00380 0.02699 0.09242 0.21841 0.65833 ( 6)  0.831
 163 H   0.00152 0.03407 0.11892 0.22521 0.27458 0.34570 ( 6)  0.628
 164 A   0.00000 0.00000 0.00002 0.00098 0.02673 0.97227 ( 6)  0.989
 165 L   0.13290 0.26725 0.26970 0.19745 0.09279 0.03991 ( 3)  0.274
 166 V   0.00001 0.00072 0.00655 0.03074 0.11847 0.84351 ( 6)  0.928
 167 D   0.00006 0.00493 0.03367 0.10938 0.23774 0.61420 ( 6)  0.807
 168 R   0.18756 0.32268 0.27036 0.15632 0.05119 0.01188 ( 2)  0.214
 169 L   0.07862 0.18653 0.22981 0.21752 0.15286 0.13466 ( 3)  0.390
 170 Q   0.00005 0.00376 0.02662 0.09085 0.21510 0.66362 ( 6)  0.834
 171 F   0.00331 0.06460 0.19135 0.29392 0.25956 0.18727 ( 4)  0.508
 172 F   0.18094 0.31735 0.27185 0.16144 0.05492 0.01350 ( 2)  0.220
 173 L   0.00001 0.00148 0.01333 0.05767 0.17851 0.74900 ( 6)  0.881
 174 V   0.40294 0.27482 0.17316 0.09549 0.03757 0.01601 ( 1)  0.167
 175 K   0.00450 0.08233 0.22569 0.31428 0.23905 0.13416 ( 4)  0.461
 176 D   0.55613 0.27635 0.11899 0.04028 0.00742 0.00083 ( 1)  0.106
 177 P   0.36173 0.26453 0.18124 0.11126 0.05171 0.02953 ( 1)  0.194
 178 L   0.01976 0.13030 0.23945 0.27448 0.19937 0.13665 ( 4)  0.434
 179 V   0.00079 0.01934 0.07547 0.16524 0.25359 0.48558 ( 6)  0.721
 180 D   0.00036 0.02234 0.11417 0.25607 0.31294 0.29413 ( 5)  0.609
 181 S   0.13168 0.26573 0.26931 0.19824 0.09397 0.04106 ( 3)  0.275
 182 E   0.00000 0.00078 0.01361 0.07804 0.24403 0.66354 ( 6)  0.843
 183 G   0.47751 0.28270 0.15022 0.06657 0.01863 0.00437 ( 1)  0.131
 184 K   0.00002 0.00187 0.01480 0.05834 0.17139 0.75358 ( 6)  0.882
 185 S   0.00003 0.00570 0.05157 0.17530 0.31703 0.45037 ( 6)  0.720
 186 L   0.01209 0.08803 0.18241 0.24446 0.22760 0.24541 ( 6)  0.529
 187 T   0.00021 0.01412 0.07984 0.20354 0.30279 0.39950 ( 6)  0.679
 188 E   0.03325 0.19083 0.29708 0.27594 0.14532 0.05758 ( 3)  0.345
 189 E   0.01541 0.10732 0.21058 0.26250 0.21718 0.18702 ( 4)  0.481
 190 T   0.00000 0.00029 0.00585 0.04041 0.16945 0.78400 ( 6)  0.902
 191 I   0.00301 0.05975 0.18058 0.28506 0.26351 0.20810 ( 4)  0.524
 192 F   0.13179 0.26558 0.26889 0.19792 0.09409 0.04173 ( 3)  0.276
 193 R   0.48017 0.28271 0.14925 0.06559 0.01813 0.00414 ( 1)  0.130
 194 K   0.00022 0.01495 0.08433 0.21274 0.30787 0.37988 ( 6)  0.667
 195 C   0.00000 0.00003 0.00118 0.01389 0.10102 0.88388 ( 6)  0.950
 196 L   0.07340 0.17730 0.22314 0.21701 0.15893 0.15022 ( 3)  0.406
 197 T   0.00014 0.00985 0.05949 0.16533 0.28255 0.48264 ( 6)  0.730
 198 F   0.11622 0.24510 0.26215 0.20710 0.10999 0.05944 ( 3)  0.302
 199 Q   0.00098 0.02340 0.08834 0.18499 0.26381 0.43848 ( 6)  0.691
 200 N   0.04385 0.23000 0.32174 0.26106 0.11195 0.03140 ( 3)  0.305
 201 E   0.00025 0.01625 0.08872 0.21705 0.30511 0.37262 ( 6)  0.661
 202 M   0.00059 0.03313 0.15341 0.30329 0.30503 0.20455 ( 5)  0.543
 203 E   0.00000 0.00018 0.00357 0.02681 0.13312 0.83632 ( 6)  0.927
 204 M   0.04981 0.25049 0.33234 0.25097 0.09537 0.02102 ( 3)  0.286
 205 Q   0.00005 0.00394 0.02780 0.09450 0.22077 0.65294 ( 6)  0.828
 206 S   0.00031 0.01939 0.10234 0.23920 0.31155 0.32720 ( 6)  0.631
 207 K   0.03120 0.18128 0.28749 0.27511 0.15393 0.07098 ( 3)  0.360
 208 T   0.00036 0.02215 0.11229 0.25064 0.30828 0.30628 ( 5)  0.615
 209 E   0.00410 0.07656 0.21493 0.30862 0.24614 0.14965 ( 4)  0.475
 210 A   0.00047 0.01226 0.05190 0.12614 0.22781 0.58142 ( 6)  0.780
 211 Q   0.36227 0.26454 0.18101 0.11100 0.05159 0.02960 ( 1)  0.193
 212 G   0.00000 0.00009 0.00209 0.01811 0.10682 0.87289 ( 6)  0.944
 213 V   0.16474 0.30185 0.27284 0.17394 0.06638 0.02024 ( 2)  0.236
 214 K   0.19260 0.32569 0.26820 0.15251 0.04932 0.01168 ( 2)  0.212
 215 E   0.44386 0.28066 0.16157 0.07944 0.02621 0.00826 ( 1)  0.146
 216 N   0.00000 0.00000 0.00007 0.00214 0.03925 0.95854 ( 6)  0.983
 217 F   0.43697 0.28009 0.16380 0.08211 0.02786 0.00917 ( 1)  0.149
 218 S   0.00016 0.01087 0.06447 0.17505 0.28844 0.46100 ( 6)  0.717
 219 P   0.00163 0.03597 0.12365 0.23001 0.27384 0.33491 ( 6)  0.620
 220 M   0.00000 0.00131 0.01750 0.08674 0.24614 0.64831 ( 6)  0.833
 221 S   0.00156 0.03482 0.12069 0.22678 0.27391 0.34223 ( 6)  0.625
 222 L   0.00001 0.00147 0.01675 0.07656 0.21870 0.68651 ( 6)  0.851
 223 K   0.03674 0.20410 0.30595 0.27133 0.13374 0.04815 ( 3)  0.331
 224 D   0.00422 0.07851 0.21915 0.31185 0.24424 0.14204 ( 4)  0.469
 225 E   0.00429 0.07941 0.22040 0.31179 0.24281 0.14130 ( 4)  0.467
 226 E   0.43565 0.27997 0.16423 0.08263 0.02818 0.00934 ( 1)  0.149
 227 Y   0.02232 0.14251 0.25226 0.27641 0.18845 0.11805 ( 4)  0.415
 228 L   0.00114 0.02583 0.09490 0.19347 0.26611 0.41855 ( 6)  0.677
 229 M   0.00408 0.07627 0.21459 0.30874 0.24658 0.14975 ( 4)  0.475
 230 L   0.37147 0.26715 0.17950 0.10757 0.04825 0.02607 ( 1)  0.187
 231 P   0.42892 0.27932 0.16637 0.08526 0.02986 0.01028 ( 1)  0.152
 232 V   0.00000 0.00000 0.00027 0.00513 0.06097 0.93363 ( 6)  0.972
 233 E   0.01578 0.10940 0.21339 0.26396 0.21574 0.18173 ( 4)  0.476
 234 L   0.01079 0.08020 0.17039 0.23579 0.23081 0.27203 ( 6)  0.551
 235 E   0.19666 0.33007 0.26839 0.14929 0.04601 0.00958 ( 2)  0.207
 236 D   0.00100 0.02392 0.08997 0.18741 0.26496 0.43274 ( 6)  0.687
 237 Y   0.00000 0.00000 0.00000 0.00029 0.01234 0.98737 ( 6)  0.995
 238 R   0.00002 0.00479 0.04480 0.15870 0.30593 0.48575 ( 6)  0.740
 239 -   0.00001 0.00131 0.01089 0.04581 0.14919 0.79278 ( 6)  0.902
 240 -   0.00000 0.00070 0.00895 0.04733 0.16890 0.77412 ( 6)  0.896
 241 T   0.00000 0.00009 0.00238 0.02246 0.13169 0.84339 ( 6)  0.931
 242 I   0.00000 0.00007 0.00184 0.01634 0.10024 0.88150 ( 6)  0.948
 243 G   0.00037 0.02247 0.11434 0.25545 0.31160 0.29577 ( 5)  0.609
 244 S   0.44350 0.28064 0.16169 0.07958 0.02629 0.00830 ( 1)  0.146
 245 E   0.00477 0.08646 0.23372 0.31914 0.23437 0.12155 ( 4)  0.449
 246 M   0.00000 0.00000 0.00000 0.00011 0.00808 0.99180 ( 6)  0.997
 247 K   0.02156 0.13906 0.24897 0.27639 0.19165 0.12237 ( 4)  0.419
 248 I   0.00000 0.00042 0.00803 0.05203 0.19654 0.74298 ( 6)  0.882
 249 P   0.46577 0.28254 0.15450 0.07094 0.02093 0.00533 ( 1)  0.136
 250 S   0.11026 0.23678 0.25881 0.21017 0.11642 0.06756 ( 3)  0.313
 251 Y   0.00090 0.02166 0.08275 0.17620 0.25898 0.45950 ( 6)  0.704
 252 L   0.00002 0.00213 0.01657 0.06365 0.17966 0.73796 ( 6)  0.874
 253 K   0.00000 0.00074 0.01305 0.07567 0.24034 0.67019 ( 6)  0.846
 254 L   0.00451 0.03855 0.09679 0.16573 0.22527 0.46915 ( 6)  0.695
 255 K   0.03328 0.19009 0.29502 0.27422 0.14616 0.06123 ( 3)  0.348
 256 E   0.01512 0.10572 0.20843 0.26141 0.21830 0.19102 ( 4)  0.484
 257 L   0.00000 0.00033 0.00464 0.02813 0.12465 0.84226 ( 6)  0.929
 258 L   0.10296 0.22576 0.25320 0.21279 0.12469 0.08059 ( 3)  0.329
 259 K   0.00619 0.10513 0.26346 0.32760 0.20975 0.08786 ( 4)  0.414
 260 L   0.00004 0.00359 0.02570 0.08899 0.21414 0.66754 ( 6)  0.836
 261 S   0.00007 0.00574 0.03827 0.12064 0.24949 0.58579 ( 6)  0.791
 262 P   0.00157 0.03511 0.12193 0.22917 0.27559 0.33663 ( 6)  0.622
 263 E   0.02927 0.17429 0.28360 0.27873 0.16019 0.07392 ( 3)  0.366
 264 T   0.00001 0.00213 0.02299 0.09775 0.24859 0.62854 ( 6)  0.820
 265 M   0.00023 0.01601 0.09313 0.23540 0.32364 0.33160 ( 6)  0.639
 266 G   0.00159 0.03552 0.12310 0.23066 0.27590 0.33323 ( 6)  0.620
 267 D   0.20239 0.33479 0.26720 0.14483 0.04268 0.00810 ( 2)  0.203
 268 E   0.20107 0.33344 0.26724 0.14592 0.04369 0.00864 ( 2)  0.204
 269 A   0.00008 0.00584 0.03880 0.12170 0.25010 0.58349 ( 6)  0.789
 270 T   0.00000 0.00000 0.00015 0.00363 0.05316 0.94306 ( 6)  0.976
 271 F   0.00008 0.00595 0.03933 0.12273 0.25061 0.58130 ( 6)  0.788
 272 K   0.00473 0.08542 0.23073 0.31593 0.23505 0.12815 ( 4)  0.454
 273 E   0.00126 0.02902 0.10470 0.20703 0.27055 0.38744 ( 6)  0.657
 274 L   0.00000 0.00043 0.00596 0.03447 0.14116 0.81798 ( 6)  0.917
 275 I   0.00084 0.02050 0.07928 0.17137 0.25727 0.47075 ( 6)  0.711
 276 K   0.00506 0.08988 0.23793 0.31809 0.22910 0.11993 ( 4)  0.446
 277 D   0.03805 0.20962 0.31056 0.27054 0.12875 0.04248 ( 3)  0.324
 278 T   0.00000 0.00002 0.00097 0.01227 0.09656 0.89018 ( 6)  0.953
 279 L   0.06661 0.16471 0.21323 0.21500 0.16658 0.17386 ( 4)  0.429
 280 N   0.00437 0.08009 0.22052 0.30994 0.24105 0.14405 ( 4)  0.468
 281 A   0.13512 0.26998 0.27036 0.19596 0.09066 0.03792 ( 3)  0.270
 282 E   0.00346 0.06688 0.19572 0.29639 0.25678 0.18076 ( 4)  0.502
 283 I   0.02547 0.15725 0.26739 0.27836 0.17543 0.09609 ( 4)  0.391
 284 E   0.00000 0.00000 0.00000 0.00006 0.00563 0.99431 ( 6)  0.998
 285 K   0.00106 0.02503 0.09287 0.19059 0.26463 0.42581 ( 6)  0.682
 286 K   0.00039 0.02344 0.11704 0.25654 0.30757 0.29501 ( 5)  0.607
 287 L   0.00000 0.00000 0.00008 0.00239 0.04228 0.95525 ( 6)  0.982
 288 E   0.54019 0.27856 0.12559 0.04520 0.00921 0.00125 ( 1)  0.110
 289 I   0.00000 0.00026 0.00544 0.03844 0.16593 0.78993 ( 6)  0.905
 290 F   0.00038 0.01035 0.04523 0.11430 0.21860 0.61113 ( 6)  0.797
 291 T   0.00019 0.01246 0.07130 0.18584 0.29066 0.43955 ( 6)  0.703
 292 Y   0.37616 0.26832 0.17857 0.10577 0.04664 0.02454 ( 1)  0.184
 293 Y   0.00001 0.00151 0.01723 0.07858 0.22275 0.67993 ( 6)  0.847
 294 S   0.00002 0.00152 0.01242 0.05092 0.15888 0.77624 ( 6)  0.894
 295 K   0.00000 0.00000 0.00020 0.00384 0.04921 0.94675 ( 6)  0.978
 296 E   0.00006 0.00437 0.03039 0.10123 0.22883 0.63512 ( 6)  0.818
 297 V   0.00000 0.00014 0.00317 0.02524 0.13032 0.84113 ( 6)  0.930
 298 Y   0.00004 0.00360 0.02579 0.08935 0.21488 0.66634 ( 6)  0.836
 299 C   0.06661 0.16481 0.21346 0.21528 0.16666 0.17317 ( 4)  0.429
 300 S   0.03370 0.19300 0.29932 0.27614 0.14328 0.05456 ( 3)  0.342
 301 N   0.00026 0.01655 0.08963 0.21745 0.30346 0.37264 ( 6)  0.660
 302 S   0.11894 0.24928 0.26434 0.20615 0.10682 0.05446 ( 3)  0.296
 303 R   0.00024 0.01547 0.08551 0.21220 0.30429 0.38229 ( 6)  0.667
 304 S   0.03493 0.19783 0.30282 0.27476 0.13898 0.05068 ( 3)  0.336
 305 A   0.00002 0.00496 0.04648 0.16432 0.31270 0.47151 ( 6)  0.733
 306 L   0.35722 0.26283 0.18155 0.11278 0.05355 0.03207 ( 1)  0.197
 307 D   0.00386 0.07308 0.20829 0.30487 0.25026 0.15964 ( 4)  0.484
 308 F   0.00004 0.00360 0.02589 0.08976 0.21579 0.66491 ( 6)  0.835
 309 F   0.01992 0.13107 0.24018 0.27445 0.19860 0.13578 ( 4)  0.433
 310 E   0.12112 0.25197 0.26499 0.20466 0.10470 0.05256 ( 3)  0.293
 311 S   0.00082 0.01999 0.07753 0.16840 0.25523 0.47803 ( 6)  0.716
 312 A   0.10884 0.23519 0.25871 0.21141 0.11776 0.06808 ( 3)  0.314
 313 E   0.00341 0.06626 0.19485 0.29653 0.25803 0.18093 ( 4)  0.503
 314 V   0.01948 0.13811 0.26127 0.29348 0.19137 0.09630 ( 4)  0.402
 315 M   0.05120 0.25498 0.33420 0.24836 0.09196 0.01929 ( 3)  0.282
 316 E   0.03732 0.20681 0.30865 0.27147 0.13120 0.04455 ( 3)  0.327
 317 E   0.00018 0.01198 0.06970 0.18476 0.29342 0.43996 ( 6)  0.704
 318 P   0.42499 0.27876 0.16749 0.08681 0.03095 0.01101 ( 1)  0.154
 319 L   0.41493 0.27661 0.16980 0.09076 0.03419 0.01372 ( 1)  0.160
 320 S   0.00201 0.04304 0.14226 0.25121 0.27485 0.28664 ( 6)  0.586
 321 P   0.42499 0.27876 0.16749 0.08681 0.03095 0.01101 ( 1)  0.154
 322 P   0.00000 0.00038 0.00544 0.03259 0.13844 0.82314 ( 6)  0.920
 323 Y   0.08961 0.20546 0.24276 0.21753 0.13997 0.10467 ( 3)  0.358
 324 Q   0.00000 0.00067 0.00999 0.05755 0.20355 0.72824 ( 6)  0.875
 325 Q   0.42938 0.27916 0.16607 0.08509 0.02987 0.01043 ( 1)  0.152
 326 Q   0.11028 0.23712 0.25937 0.21055 0.11623 0.06645 ( 3)  0.312
 327 *   0.19211 0.32630 0.26930 0.15281 0.04868 0.01081 ( 2)  0.211
 328 F   0.00097 0.02316 0.08739 0.18309 0.26209 0.44330 ( 6)  0.693
 329 H   0.00000 0.00054 0.00553 0.02852 0.11831 0.84709 ( 6)  0.930
 330 L   0.00094 0.02273 0.08635 0.18224 0.26289 0.44484 ( 6)  0.695
 331 N   0.00051 0.02939 0.13973 0.28667 0.30752 0.23618 ( 5)  0.566
 332 L   0.00299 0.05960 0.18097 0.28666 0.26483 0.20496 ( 4)  0.523
 333 L   0.00001 0.00116 0.00985 0.04227 0.14233 0.80438 ( 6)  0.908
 334 N   0.00000 0.00000 0.00011 0.00251 0.03894 0.95844 ( 6)  0.983
 335 T   0.00000 0.00040 0.00787 0.05164 0.19719 0.74289 ( 6)  0.883
 336 V   0.00179 0.03908 0.13201 0.23989 0.27491 0.31231 ( 6)  0.604
 337 L   0.11692 0.24647 0.26324 0.20722 0.10900 0.05715 ( 3)  0.299
 338 Q   0.00100 0.02381 0.08956 0.18671 0.26447 0.43445 ( 6)  0.688
 339 E   0.53208 0.27958 0.12892 0.04775 0.01017 0.00149 ( 1)  0.113
 340 E   0.55139 0.27696 0.12095 0.04176 0.00797 0.00096 ( 1)  0.107
 341 P   0.00005 0.00392 0.02784 0.09500 0.22239 0.65079 ( 6)  0.827
 342 L   0.00001 0.00171 0.01909 0.08477 0.23106 0.66337 ( 6)  0.839
 343 S   0.00000 0.00012 0.00271 0.02227 0.12109 0.85381 ( 6)  0.936
 344 -   0.00082 0.01999 0.07773 0.16911 0.25632 0.47604 ( 6)  0.715
 345 -   0.00007 0.00526 0.03553 0.11387 0.24225 0.60303 ( 6)  0.800
 346 G   0.00000 0.00003 0.00114 0.01343 0.09912 0.88628 ( 6)  0.951
 347 N   0.02181 0.14043 0.25083 0.27732 0.19062 0.11899 ( 4)  0.416
 348 S   0.55063 0.27722 0.12129 0.04192 0.00798 0.00095 ( 1)  0.107
 349 I   0.16942 0.30639 0.27264 0.17035 0.06301 0.01818 ( 2)  0.231
 350 F   0.01260 0.09104 0.18698 0.24763 0.22619 0.23556 ( 4)  0.521
 351 I   0.17047 0.30741 0.27260 0.16955 0.06225 0.01772 ( 2)  0.230
 352 T   0.00314 0.06191 0.18567 0.28977 0.26225 0.19726 ( 4)  0.516
 353 E   0.00115 0.02695 0.09888 0.19966 0.26903 0.40433 ( 6)  0.668
 354 P   0.00001 0.00135 0.01123 0.04708 0.15205 0.78827 ( 6)  0.900
 355 S   0.12979 0.26336 0.26869 0.19948 0.09583 0.04286 ( 3)  0.278
 356 R   0.14267 0.27835 0.27127 0.19035 0.08422 0.03314 ( 2)  0.261
 357 E   0.03829 0.21051 0.31112 0.27019 0.12798 0.04190 ( 3)  0.323
 358 Y   0.00064 0.01610 0.06511 0.14904 0.24470 0.52442 ( 6)  0.745
 359 L   0.40908 0.27538 0.17114 0.09302 0.03605 0.01533 ( 1)  0.164
 360 E   0.00002 0.00366 0.03601 0.13603 0.28865 0.53563 ( 6)  0.769
 361 C   0.00000 0.00056 0.00754 0.04215 0.16055 0.78919 ( 6)  0.903
 362 L   0.00716 0.05712 0.13203 0.20332 0.23445 0.36592 ( 6)  0.622
 363 V   0.02892 0.17302 0.28294 0.27947 0.16134 0.07432 ( 3)  0.367
 364 W   0.34118 0.25776 0.18367 0.11859 0.05963 0.03916 ( 1)  0.210
 365 Q   0.10147 0.22388 0.25276 0.21390 0.12625 0.08173 ( 3)  0.331
 366 S   0.01327 0.09503 0.19298 0.25176 0.22434 0.22262 ( 4)  0.511
 367 E   0.44438 0.28089 0.16153 0.07922 0.02597 0.00802 ( 1)  0.145
 368 K   0.48197 0.28222 0.14835 0.06508 0.01809 0.00429 ( 1)  0.130
 369 Y   0.44611 0.28082 0.16082 0.07857 0.02569 0.00799 ( 1)  0.145
 370 Q   0.00000 0.00021 0.00315 0.02074 0.10410 0.87181 ( 6)  0.943
 371 D   0.19625 0.32999 0.26873 0.14957 0.04600 0.00945 ( 2)  0.207
 372 S   0.00049 0.02790 0.13264 0.27441 0.30410 0.26047 ( 5)  0.582
 373 M   0.00018 0.01258 0.07283 0.19136 0.29813 0.42492 ( 6)  0.695
 374 K   0.00000 0.00000 0.00006 0.00187 0.03629 0.96179 ( 6)  0.984
 375 S   0.13072 0.26453 0.26899 0.19887 0.09491 0.04197 ( 3)  0.277
 376 L   0.46615 0.28240 0.15429 0.07084 0.02094 0.00538 ( 1)  0.136
 377 L   0.36964 0.26656 0.17973 0.10823 0.04895 0.02689 ( 1)  0.188
 378 L   0.07672 0.18742 0.23667 0.22671 0.15534 0.11714 ( 3)  0.379
 379 K   0.00000 0.00037 0.00518 0.03105 0.13339 0.83001 ( 6)  0.923
 380 C   0.00000 0.00004 0.00151 0.01664 0.11106 0.87074 ( 6)  0.944
 381 Q   0.00000 0.00001 0.00028 0.00440 0.04968 0.94563 ( 6)  0.977
 382 T   0.00000 0.00040 0.00584 0.03548 0.14826 0.81001 ( 6)  0.914
 383 V   0.00183 0.03971 0.13348 0.24119 0.27440 0.30939 ( 6)  0.602
 384 K   0.03646 0.20255 0.30410 0.27095 0.13529 0.05065 ( 3)  0.334
 385 L   0.00139 0.03166 0.11224 0.21692 0.27313 0.36466 ( 6)  0.641
 386 T   0.00000 0.00020 0.00425 0.03174 0.14882 0.81499 ( 6)  0.917
 387 C   0.00001 0.00193 0.02116 0.09171 0.24062 0.64457 ( 6)  0.829
 388 P   0.00032 0.00892 0.03997 0.10425 0.20938 0.63716 ( 6)  0.813
 389 H   0.00000 0.00032 0.00634 0.04329 0.17730 0.77276 ( 6)  0.897
 390 H   0.00025 0.01636 0.08965 0.21972 0.30775 0.36626 ( 6)  0.657
 391 S   0.40947 0.27590 0.17141 0.09290 0.03566 0.01465 ( 1)  0.163
 392 L   0.08334 0.19465 0.23536 0.21753 0.14735 0.12177 ( 3)  0.376
 393 A   0.00019 0.01293 0.07426 0.19338 0.29804 0.42120 ( 6)  0.692
 394 E   0.54086 0.27845 0.12531 0.04500 0.00914 0.00124 ( 1)  0.110
 395 L   0.29370 0.23797 0.18455 0.13297 0.07949 0.07132 ( 1)  0.255
 396 K   0.00009 0.00695 0.04437 0.13283 0.25692 0.55883 ( 6)  0.775
 397 E   0.00028 0.01792 0.09610 0.22931 0.30901 0.34737 ( 6)  0.644
 398 L   0.00000 0.00000 0.00000 0.00001 0.00231 0.99768 ( 6)  0.999
 399 L   0.03399 0.10348 0.16381 0.20320 0.20253 0.29299 ( 6)  0.545
 400 S   0.00000 0.00011 0.00251 0.02087 0.11578 0.86073 ( 6)  0.939
 401 A   0.00000 0.00000 0.00005 0.00172 0.03415 0.96407 ( 6)  0.985
 402 D   0.01802 0.12109 0.22777 0.26947 0.20641 0.15725 ( 4)  0.453
 403 I   0.00000 0.00050 0.00935 0.05814 0.20739 0.72462 ( 6)  0.873
 404 E   0.54858 0.27738 0.12212 0.04262 0.00827 0.00103 ( 1)  0.108
 405 T   0.00016 0.01089 0.06468 0.17589 0.28974 0.45865 ( 6)  0.716
 406 P   0.12268 0.25439 0.26625 0.20408 0.10284 0.04977 ( 3)  0.289
 407 V   0.00000 0.00000 0.00028 0.00626 0.07585 0.91761 ( 6)  0.966
 408 L   0.01777 0.12007 0.22708 0.27004 0.20768 0.15737 ( 4)  0.454
 409 S   0.00000 0.00008 0.00188 0.01663 0.10141 0.88000 ( 6)  0.948
 410 S   0.11049 0.23707 0.25885 0.20996 0.11616 0.06748 ( 3)  0.313
 411 L   0.34611 0.25938 0.18308 0.11682 0.05773 0.03688 ( 1)  0.206
 412 E   0.01850 0.12355 0.23071 0.27047 0.20440 0.15236 ( 4)  0.448
 413 V   0.00000 0.00001 0.00043 0.00617 0.06173 0.93165 ( 6)  0.971
 414 D   0.00848 0.06635 0.14930 0.22102 0.23717 0.31768 ( 6)  0.588
 415 W   0.33783 0.25654 0.18394 0.11973 0.06098 0.04098 ( 1)  0.212
 416 W   0.06130 0.15460 0.20487 0.21277 0.17240 0.19406 ( 4)  0.449
 417 L   0.00128 0.02954 0.10638 0.20960 0.27180 0.38139 ( 6)  0.653
 418 H   0.00324 0.06368 0.18975 0.29336 0.26097 0.18900 ( 4)  0.510
 419 L   0.00000 0.00000 0.00002 0.00066 0.01960 0.97972 ( 6)  0.992
 420 G   0.13621 0.27130 0.27065 0.19522 0.08964 0.03698 ( 2)  0.269
 421 L   0.09746 0.21725 0.24860 0.21445 0.13097 0.09127 ( 3)  0.341
 422 R   0.00000 0.00002 0.00116 0.01639 0.12332 0.85911 ( 6)  0.940
 423 P   0.00084 0.02049 0.07938 0.17181 0.25796 0.46952 ( 6)  0.711
 424 V   0.00000 0.00006 0.00155 0.01429 0.09260 0.89150 ( 6)  0.953
 425 S   0.00052 0.01341 0.05607 0.13389 0.23449 0.56162 ( 6)  0.768
 426 L   0.00000 0.00002 0.00085 0.01086 0.08826 0.90000 ( 6)  0.957
 427 E   0.00001 0.00269 0.02803 0.11354 0.26737 0.58835 ( 6)  0.799
 428 I   0.00207 0.04404 0.14453 0.25311 0.27393 0.28233 ( 6)  0.582
 429 L   0.37337 0.26737 0.17888 0.10676 0.04774 0.02588 ( 1)  0.186
 430 E   0.46513 0.28228 0.15459 0.07124 0.02121 0.00554 ( 1)  0.136
 431 Q   0.01278 0.09228 0.18923 0.24977 0.22623 0.22971 ( 4)  0.517
 432 L   0.00007 0.00404 0.02690 0.09017 0.21341 0.66540 ( 6)  0.834
 433 S   0.00000 0.00010 0.00338 0.03172 0.16393 0.80086 ( 6)  0.912
 434 L   0.00000 0.00015 0.00371 0.03017 0.15039 0.81558 ( 6)  0.918
 435 D   0.00452 0.08290 0.22740 0.31630 0.23889 0.12999 ( 4)  0.458
 436 S   0.00065 0.01634 0.06595 0.15055 0.24586 0.52064 ( 6)  0.743
 437 S   0.00002 0.00454 0.04316 0.15555 0.30580 0.49092 ( 6)  0.744
 438 S   0.00000 0.00116 0.01910 0.10077 0.27698 0.60198 ( 6)  0.811
 439 T   0.00000 0.00032 0.00635 0.04331 0.17724 0.77278 ( 6)  0.897
 440 N   0.16128 0.29813 0.27257 0.17652 0.06921 0.02230 ( 2)  0.240
 441 I   0.00001 0.00275 0.02878 0.11675 0.27291 0.57880 ( 6)  0.794
 442 F   0.00003 0.00269 0.02011 0.07362 0.19359 0.70996 ( 6)  0.859
 443 F   0.00151 0.03352 0.11590 0.21846 0.26903 0.36157 ( 6)  0.637
 444 L   0.00005 0.00436 0.03041 0.10153 0.22980 0.63386 ( 6)  0.818
 445 T   0.00322 0.06326 0.18851 0.29184 0.26092 0.19225 ( 4)  0.512
 446 E   0.03598 0.20162 0.30499 0.27303 0.13576 0.04860 ( 3)  0.333
 447 V   0.00021 0.01413 0.07965 0.20268 0.30162 0.40171 ( 6)  0.680
 448 E   0.54858 0.27738 0.12212 0.04262 0.00827 0.00103 ( 1)  0.108
 449 T   0.00311 0.06154 0.18481 0.28898 0.26246 0.19910 ( 4)  0.518
 450 F   0.43582 0.28006 0.16423 0.08255 0.02809 0.00925 ( 1)  0.149
 451 S   0.00218 0.04593 0.14921 0.25790 0.27338 0.27141 ( 5)  0.574
 452 L   0.00000 0.00001 0.00037 0.00550 0.05703 0.93709 ( 6)  0.973
 453 F   0.52653 0.28033 0.13122 0.04947 0.01080 0.00165 ( 1)  0.114
 454 T   0.00017 0.01193 0.06946 0.18426 0.29303 0.44114 ( 6)  0.705
 455 P   0.00000 0.00001 0.00056 0.00760 0.06968 0.92215 ( 6)  0.967
 456 Y   0.00015 0.01019 0.06099 0.16789 0.28347 0.47732 ( 6)  0.727
 457 Q   0.37173 0.26722 0.17946 0.10747 0.04816 0.02596 ( 1)  0.187
 458 L   0.01042 0.07793 0.16686 0.23318 0.23166 0.27995 ( 6)  0.557
 459 E   0.54858 0.27738 0.12212 0.04262 0.00827 0.00103 ( 1)  0.108
 460 W   0.00016 0.01115 0.06550 0.17608 0.28730 0.45980 ( 6)  0.716
 461 W   0.34425 0.25885 0.18340 0.11753 0.05841 0.03756 ( 1)  0.207
 462 L   0.12988 0.26350 0.26875 0.19944 0.09572 0.04271 ( 3)  0.278
 463 E   0.53593 0.27913 0.12735 0.04653 0.00970 0.00137 ( 1)  0.112
 464 E   0.01764 0.11934 0.22614 0.26962 0.20823 0.15904 ( 4)  0.455
 465 -   0.00128 0.02942 0.10569 0.20798 0.27023 0.38539 ( 6)  0.655
 466 N   0.04850 0.24572 0.32949 0.25304 0.09945 0.02380 ( 3)  0.291
 467 S   0.00982 0.07454 0.16214 0.23064 0.23417 0.28869 ( 6)  0.565
 468 M   0.00000 0.00000 0.00019 0.00471 0.06366 0.93143 ( 6)  0.971
 469 A   0.00000 0.00006 0.00201 0.02110 0.12975 0.84708 ( 6)  0.933
 470 N   0.00283 0.05682 0.17417 0.27991 0.26602 0.22025 ( 4)  0.534
 471 L   0.00049 0.01285 0.05418 0.13076 0.23250 0.56922 ( 6)  0.773
 472 E   0.15153 0.28828 0.27256 0.18396 0.07660 0.02707 ( 2)  0.250
 473 L   0.33979 0.25696 0.18345 0.11889 0.06031 0.04060 ( 1)  0.211
 474 L   0.00174 0.03810 0.12974 0.23791 0.27570 0.31681 ( 6)  0.608
 475 S   0.13293 0.26733 0.26977 0.19745 0.09273 0.03979 ( 3)  0.273
 476 E   0.00480 0.08672 0.23394 0.31885 0.23390 0.12180 ( 4)  0.449
 477 K   0.00000 0.00043 0.00805 0.05095 0.19212 0.74844 ( 6)  0.885
 478 H   0.53942 0.27899 0.12598 0.04528 0.00914 0.00120 ( 1)  0.110
 479 Q   0.00000 0.00000 0.00022 0.00363 0.04409 0.95206 ( 6)  0.980
 480 D   0.01951 0.12909 0.23810 0.27416 0.20043 0.13871 ( 4)  0.436
 481 K   0.00003 0.00556 0.05060 0.17317 0.31613 0.45450 ( 6)  0.722
 482 K   0.00000 0.00001 0.00074 0.01151 0.09972 0.88802 ( 6)  0.952
 483 N   0.00013 0.00935 0.05700 0.16045 0.27962 0.49345 ( 6)  0.736
 484 N   0.00519 0.09174 0.24141 0.31986 0.22671 0.11509 ( 4)  0.441
 485 I   0.00000 0.00000 0.00003 0.00093 0.02277 0.97627 ( 6)  0.990
 486 N   0.00000 0.00000 0.00007 0.00168 0.03023 0.96802 ( 6)  0.987
 487 M   0.02425 0.15211 0.26317 0.27934 0.18026 0.10086 ( 4)  0.397
 488 F   0.00025 0.00771 0.03769 0.10498 0.21838 0.63099 ( 6)  0.812
 489 H   0.00000 0.00004 0.00102 0.01020 0.07522 0.91352 ( 6)  0.963
 490 E   0.00000 0.00000 0.00018 0.00304 0.03941 0.95737 ( 6)  0.982
 491 A   0.00000 0.00011 0.00267 0.02195 0.11984 0.85543 ( 6)  0.936
 492 K   0.00005 0.00425 0.02946 0.09802 0.22322 0.64499 ( 6)  0.823
 493 T   0.00000 0.00052 0.00704 0.03988 0.15553 0.79703 ( 6)  0.907
 494 H   0.00517 0.04337 0.10651 0.17713 0.22971 0.43811 ( 6)  0.674
 495 H   0.00000 0.00005 0.00124 0.01190 0.08270 0.90411 ( 6)  0.959
 496 F   0.02367 0.14947 0.26065 0.27930 0.18269 0.10422 ( 4)  0.401
 497 S   0.00000 0.00003 0.00090 0.00926 0.07087 0.91894 ( 6)  0.965
 498 L   0.00000 0.00000 0.00004 0.00117 0.02506 0.97374 ( 6)  0.989
 499 H   0.00000 0.00063 0.00820 0.04412 0.16202 0.78503 ( 6)  0.901
 500 V   0.00000 0.00014 0.00310 0.02491 0.13000 0.84185 ( 6)  0.930
 501 S   0.00000 0.00000 0.00023 0.00542 0.07026 0.92409 ( 6)  0.968
 502 A   0.00130 0.02990 0.10754 0.21145 0.27279 0.37702 ( 6)  0.650
 503 A   0.00001 0.00153 0.01746 0.07963 0.22498 0.67640 ( 6)  0.846
 504 S   0.00143 0.03241 0.11428 0.21935 0.27340 0.35914 ( 6)  0.637
 505 S   0.00155 0.03454 0.12021 0.22674 0.27475 0.34222 ( 6)  0.626
 506 V   0.00043 0.01144 0.04913 0.12149 0.22472 0.59280 ( 6)  0.787
 507 Q   0.00050 0.02882 0.13734 0.28308 0.30705 0.24321 ( 5)  0.571
 508 S   0.00000 0.00013 0.00420 0.03773 0.18190 0.77604 ( 6)  0.900
 509 A   0.00000 0.00000 0.00031 0.00604 0.07006 0.92358 ( 6)  0.968
 510 N   0.00000 0.00011 0.00349 0.03288 0.16898 0.79454 ( 6)  0.909
 511 A   0.00026 0.01696 0.09214 0.22352 0.30846 0.35866 ( 6)  0.652
 512 S   0.00009 0.00640 0.04187 0.12871 0.25643 0.56649 ( 6)  0.780
 513 I   0.00000 0.00001 0.00057 0.00767 0.06994 0.92180 ( 6)  0.967
 514 E   0.00457 0.08338 0.22781 0.31574 0.23801 0.13050 ( 4)  0.457
 515 E   0.00001 0.00139 0.01610 0.07461 0.21675 0.69114 ( 6)  0.853
 516 P   0.00000 0.00000 0.00027 0.00512 0.06096 0.93364 ( 6)  0.972
 517 H   0.00000 0.00000 0.00002 0.00084 0.02428 0.97487 ( 6)  0.990
 518 G   0.00014 0.01008 0.06083 0.16859 0.28579 0.47457 ( 6)  0.725
 519 E   0.00001 0.00228 0.02438 0.10234 0.25473 0.61626 ( 6)  0.814
 520 E   0.55770 0.27592 0.11831 0.03990 0.00734 0.00083 ( 1)  0.105
 521 E   0.13898 0.27402 0.27048 0.19294 0.08757 0.03602 ( 2)  0.266
 522 P   0.00000 0.00000 0.00024 0.00412 0.05026 0.94538 ( 6)  0.977
 523 I   0.00001 0.00212 0.02281 0.09683 0.24652 0.63172 ( 6)  0.822
 524 Y   0.00013 0.00913 0.05575 0.15746 0.27678 0.50076 ( 6)  0.741
 525 L   0.00007 0.00519 0.03519 0.11327 0.24213 0.60415 ( 6)  0.801
 526 L   0.01216 0.08843 0.18300 0.24483 0.22737 0.24422 ( 4)  0.528
 527 N   0.49942 0.28220 0.14193 0.05871 0.01482 0.00292 ( 1)  0.123
 528 E   0.00005 0.00432 0.03015 0.10072 0.22856 0.63620 ( 6)  0.819
 529 E   0.00036 0.02192 0.11237 0.25318 0.31224 0.29994 ( 5)  0.612
 530 K   0.00001 0.00136 0.01569 0.07295 0.21360 0.69640 ( 6)  0.856
 531 K   0.03675 0.20395 0.30557 0.27111 0.13398 0.04864 ( 3)  0.332
 532 I   0.00000 0.00000 0.00016 0.00339 0.04682 0.94962 ( 6)  0.979
 533 P   0.00000 0.00000 0.00000 0.00021 0.01012 0.98966 ( 6)  0.996
 534 K   0.00003 0.00570 0.05120 0.17307 0.31304 0.45696 ( 6)  0.723
 535 S   0.00000 0.00011 0.00264 0.02174 0.11886 0.85665 ( 6)  0.937
 536 L   0.00152 0.03395 0.11841 0.22423 0.27392 0.34797 ( 6)  0.629
 537 E   0.00026 0.01684 0.09136 0.22149 0.30666 0.36338 ( 6)  0.655
 538 S   0.00112 0.02613 0.09619 0.19530 0.26649 0.41477 ( 6)  0.675
 539 V   0.00000 0.00045 0.00618 0.03547 0.14341 0.81449 ( 6)  0.915
 540 C   0.00000 0.00000 0.00034 0.00626 0.06913 0.92426 ( 6)  0.968
 541 K   0.00003 0.00630 0.05567 0.18384 0.32007 0.43409 ( 6)  0.710
 542 D   0.00038 0.02307 0.11710 0.26024 0.31327 0.28594 ( 5)  0.603
 543 I   0.00000 0.00105 0.01260 0.06164 0.19523 0.72948 ( 6)  0.873
 544 S   0.00009 0.00685 0.04427 0.13403 0.26087 0.55390 ( 6)  0.772
 545 F   0.02106 0.13640 0.24562 0.27498 0.19369 0.12825 ( 4)  0.425
 546 K   0.00003 0.00650 0.05702 0.18681 0.32135 0.42828 ( 6)  0.706
 547 Q   0.00000 0.00000 0.00013 0.00286 0.04231 0.95469 ( 6)  0.981
 548 D   0.00008 0.00618 0.04071 0.12615 0.25432 0.57256 ( 6)  0.783
 549 N   0.00000 0.00001 0.00055 0.00907 0.08578 0.90459 ( 6)  0.960
 550 S   0.00000 0.00087 0.01072 0.05436 0.18206 0.75200 ( 6)  0.884
 551 P   0.00003 0.00257 0.01944 0.07210 0.19244 0.71342 ( 6)  0.861
 552 R   0.00000 0.00003 0.00117 0.01382 0.10118 0.88380 ( 6)  0.950
 553 S   0.00000 0.00000 0.00009 0.00265 0.04510 0.95215 ( 6)  0.980
 554 Q   0.00007 0.00548 0.03672 0.11649 0.24445 0.59679 ( 6)  0.797
 555 K   0.48099 0.28245 0.14883 0.06537 0.01813 0.00423 ( 1)  0.130
 556 P   0.00095 0.02291 0.08699 0.18337 0.26371 0.44207 ( 6)  0.693
 557 P   0.00000 0.00014 0.00321 0.02565 0.13235 0.83865 ( 6)  0.928
 558 V   0.00000 0.00000 0.00005 0.00166 0.03341 0.96488 ( 6)  0.986
 559 A   0.00000 0.00000 0.00024 0.00464 0.05725 0.93787 ( 6)  0.974
 560 L   0.00000 0.00008 0.00188 0.01684 0.10330 0.87791 ( 6)  0.947
 561 T   0.00168 0.03710 0.12719 0.23518 0.27587 0.32298 ( 6)  0.612
 562 T   0.00017 0.01185 0.06902 0.18323 0.29203 0.44369 ( 6)  0.706
 563 T   0.00000 0.00014 0.00437 0.03871 0.18350 0.77328 ( 6)  0.899
 564 W   0.34425 0.25885 0.18340 0.11753 0.05841 0.03756 ( 1)  0.207
 565 D   0.00000 0.00010 0.00329 0.03095 0.16130 0.80436 ( 6)  0.914
 566 D   0.03973 0.21617 0.31520 0.26854 0.12295 0.03741 ( 3)  0.317
 567 D   0.56020 0.27565 0.11729 0.03909 0.00703 0.00075 ( 1)  0.105
 568 S   0.46933 0.28253 0.15318 0.06963 0.02027 0.00507 ( 1)  0.134
 569 D   0.20711 0.33827 0.26585 0.14124 0.04032 0.00722 ( 2)  0.199
 570 L   0.29386 0.23804 0.18456 0.13293 0.07942 0.07120 ( 1)  0.255
 571 S   0.01936 0.12848 0.23764 0.27439 0.20111 0.13902 ( 4)  0.437
 572 T   0.01825 0.12243 0.22973 0.27071 0.20565 0.15323 ( 4)  0.450
 573 F   0.53391 0.27953 0.12821 0.04709 0.00987 0.00140 ( 1)  0.112
 574 I   0.47598 0.28234 0.15062 0.06724 0.01914 0.00469 ( 1)  0.132
 575 M   0.03982 0.22113 0.32371 0.27056 0.11571 0.02907 ( 3)  0.307
 576 L   0.09451 0.21338 0.24746 0.21649 0.13420 0.09395 ( 3)  0.346
 577 R   0.54630 0.27773 0.12307 0.04330 0.00851 0.00109 ( 1)  0.109
 578 S   0.01892 0.12607 0.23452 0.27297 0.20293 0.14460 ( 4)  0.442
 579 K   0.22098 0.34635 0.26015 0.13134 0.03522 0.00596 ( 2)  0.191
 580 N   0.00000 0.00000 0.00021 0.00434 0.05599 0.93945 ( 6)  0.975
 581 T   0.00114 0.02845 0.10877 0.22183 0.28525 0.35457 ( 6)  0.639
 582 P   0.00003 0.00251 0.01923 0.07197 0.19345 0.71280 ( 6)  0.861
 583 Q   0.11227 0.23999 0.26064 0.20963 0.11403 0.06345 ( 3)  0.308
 584 K   0.00000 0.00089 0.01520 0.08505 0.25545 0.64342 ( 6)  0.832
 585 E   0.11371 0.24189 0.26126 0.20876 0.11254 0.06184 ( 3)  0.306
 586 R   0.00000 0.00036 0.00720 0.04896 0.19378 0.74970 ( 6)  0.886
 587 E   0.00000 0.00018 0.00533 0.04508 0.19927 0.75014 ( 6)  0.888
 588 N   0.00003 0.00592 0.05313 0.17885 0.31886 0.44321 ( 6)  0.715
 589 Y   0.00000 0.00003 0.00121 0.01411 0.10185 0.88280 ( 6)  0.950
 590 I   0.00035 0.02138 0.10974 0.24832 0.31005 0.31015 ( 6)  0.619
 591 D   0.00000 0.00013 0.00423 0.03802 0.18300 0.77462 ( 6)  0.900
 592 S   0.00452 0.08278 0.22698 0.31577 0.23892 0.13102 ( 4)  0.458
 593 P   0.00107 0.02528 0.09415 0.19358 0.26772 0.41821 ( 6)  0.678
 594 E   0.00039 0.02339 0.11796 0.26049 0.31186 0.28592 ( 5)  0.602
 595 K   0.20945 0.33889 0.26423 0.13974 0.04013 0.00757 ( 2)  0.199
 596 V   0.42836 0.27890 0.16627 0.08547 0.03022 0.01078 ( 1)  0.153
 597 L   0.00000 0.00001 0.00029 0.00443 0.04998 0.94529 ( 6)  0.977
 598 Q   0.38390 0.27034 0.17714 0.10284 0.04394 0.02185 ( 1)  0.179
 599 L   0.00000 0.00010 0.00247 0.02068 0.11584 0.86091 ( 6)  0.939
 600 E   0.00466 0.08473 0.23037 0.31715 0.23639 0.12670 ( 4)  0.454
 601 E   0.18610 0.32145 0.27062 0.15745 0.05208 0.01231 ( 2)  0.216
 602 E   0.00045 0.01200 0.05114 0.12521 0.22790 0.58330 ( 6)  0.781
 603 P   0.00001 0.00275 0.02850 0.11496 0.26897 0.58480 ( 6)  0.797
 604 L   0.00000 0.00000 0.00002 0.00101 0.02616 0.97281 ( 6)  0.989
 605 H   0.00000 0.00000 0.00008 0.00223 0.04033 0.95736 ( 6)  0.982
 606 V   0.00000 0.00002 0.00094 0.01164 0.09165 0.89575 ( 6)  0.955
 607 H   0.01453 0.10255 0.20428 0.25945 0.22064 0.19854 ( 4)  0.491
 608 K   0.00049 0.02850 0.13594 0.28081 0.30651 0.24774 ( 5)  0.574
 609 E   0.12313 0.25474 0.26604 0.20357 0.10255 0.04996 ( 3)  0.289
 610 D   0.00013 0.00902 0.05556 0.15815 0.27931 0.49783 ( 6)  0.739
 611 S   0.00000 0.00072 0.01278 0.07466 0.23935 0.67249 ( 6)  0.847
 612 P   0.01840 0.12336 0.23122 0.27176 0.20511 0.15015 ( 4)  0.447
 613 V   0.02178 0.14032 0.25070 0.27725 0.19065 0.11930 ( 4)  0.417
 614 S   0.00181 0.03943 0.13307 0.24138 0.27536 0.30895 ( 6)  0.602
 615 E   0.00125 0.02880 0.10421 0.20668 0.27092 0.38815 ( 6)  0.657
 616 T   0.00165 0.03651 0.12532 0.23244 0.27479 0.32929 ( 6)  0.616
 617 V   0.00274 0.05544 0.17153 0.27855 0.26794 0.22380 ( 4)  0.538
 618 T   0.00404 0.07569 0.21345 0.30807 0.24730 0.15145 ( 4)  0.477
 619 A   0.00000 0.00000 0.00013 0.00335 0.05194 0.94458 ( 6)  0.977
 620 A   0.00000 0.00099 0.01201 0.05930 0.19080 0.73689 ( 6)  0.877
 621 K   0.00037 0.02230 0.11247 0.25009 0.30717 0.30762 ( 6)  0.616
 622 T   0.00022 0.01426 0.07980 0.20175 0.29923 0.40474 ( 6)  0.681
 623 E   0.00002 0.00215 0.01693 0.06560 0.18473 0.73057 ( 6)  0.870
 624 Q   0.00000 0.00000 0.00011 0.00255 0.03932 0.95802 ( 6)  0.983
 625 K   0.13667 0.27134 0.27001 0.19455 0.08963 0.03779 ( 2)  0.269
 626 N   0.00057 0.03239 0.15019 0.29834 0.30441 0.21410 ( 5)  0.549
 627 E   0.00016 0.01076 0.06377 0.17334 0.28681 0.46516 ( 6)  0.719
 628 S   0.00022 0.01452 0.08151 0.20616 0.30342 0.39417 ( 6)  0.675
 629 I   0.00002 0.00208 0.01630 0.06306 0.17922 0.73932 ( 6)  0.875
 630 T   0.00028 0.01781 0.09555 0.22825 0.30858 0.34953 ( 6)  0.646
 631 V   0.00053 0.01377 0.05735 0.13619 0.23636 0.55579 ( 6)  0.764
 632 N   0.00000 0.00000 0.00038 0.00806 0.08872 0.90283 ( 6)  0.959
 633 I   0.17187 0.30873 0.27249 0.16847 0.06128 0.01717 ( 2)  0.229
 634 Q   0.01360 0.09710 0.19629 0.25431 0.22362 0.21508 ( 4)  0.505
 635 A   0.14281 0.27922 0.27232 0.19067 0.08347 0.03151 ( 2)  0.260
 636 S   0.43355 0.27948 0.16470 0.08346 0.02889 0.00992 ( 1)  0.151
 637 G   0.20388 0.33563 0.26655 0.14376 0.04217 0.00801 ( 2)  0.202
 638 S   0.12797 0.26130 0.26843 0.20085 0.09744 0.04402 ( 3)  0.281
 639 Q   0.42658 0.27869 0.16682 0.08619 0.03069 0.01103 ( 1)  0.154
 640 C   0.00004 0.00306 0.02257 0.08090 0.20469 0.68874 ( 6)  0.848
 641 Q   0.36780 0.26609 0.18008 0.10893 0.04959 0.02750 ( 1)  0.190
 642 A   0.13993 0.27586 0.27172 0.19271 0.08607 0.03370 ( 2)  0.263
 643 Y   0.08800 0.20250 0.24050 0.21720 0.14188 0.10992 ( 3)  0.364
 644 C   0.00000 0.00096 0.01177 0.05862 0.19044 0.73821 ( 6)  0.877
 645 L   0.35228 0.26146 0.18240 0.11465 0.05533 0.03389 ( 1)  0.201
 646 L   0.36201 0.26443 0.18101 0.11108 0.05170 0.02978 ( 1)  0.194
 647 E   0.19408 0.32803 0.26901 0.15128 0.04742 0.01017 ( 2)  0.209
 648 A   0.00001 0.00167 0.01886 0.08459 0.23232 0.66255 ( 6)  0.839
 649 A   0.14401 0.28066 0.27260 0.18983 0.08235 0.03055 ( 2)  0.258
 650 A   0.38443 0.27078 0.17732 0.10271 0.04359 0.02118 ( 1)  0.178
 651 A   0.00000 0.00000 0.00035 0.00627 0.06890 0.92448 ( 6)  0.968
 652 P   0.11010 0.23708 0.25964 0.21092 0.11632 0.06594 ( 3)  0.312
 653 V   0.00000 0.00030 0.00606 0.04193 0.17486 0.77685 ( 6)  0.899
 654 L   0.38894 0.27134 0.17592 0.10084 0.04236 0.02060 ( 1)  0.176
 655 K   0.04278 0.22589 0.31892 0.26241 0.11555 0.03445 ( 3)  0.309
 656 D   0.55687 0.27620 0.11868 0.04007 0.00735 0.00082 ( 1)  0.106
 657 L   0.36974 0.26663 0.17976 0.10820 0.04889 0.02678 ( 1)  0.188
 658 S   0.00026 0.01656 0.09045 0.22088 0.30786 0.36399 ( 6)  0.656
 659 H   0.00000 0.00001 0.00059 0.00961 0.08976 0.90004 ( 6)  0.958
 660 L   0.00271 0.02498 0.06847 0.13063 0.20844 0.56477 ( 6)  0.759
 661 G   0.01683 0.11514 0.22106 0.26782 0.21170 0.16746 ( 4)  0.463
 662 I   0.00002 0.00330 0.03292 0.12692 0.27912 0.55773 ( 6)  0.781
 663 L   0.01911 0.12705 0.23573 0.27343 0.20213 0.14255 ( 4)  0.440
 664 A   0.01686 0.11531 0.22128 0.26793 0.21156 0.16706 ( 4)  0.463
 665 A   0.01745 0.11846 0.22528 0.26962 0.20911 0.16007 ( 4)  0.457
 666 V   0.03091 0.18151 0.29022 0.27848 0.15365 0.06524 ( 3)  0.356
 667 S   0.00000 0.00073 0.01296 0.07538 0.24018 0.67074 ( 6)  0.846
 668 W   0.34425 0.25885 0.18340 0.11753 0.05841 0.03756 ( 1)  0.207
 669 N   0.01702 0.11624 0.22260 0.26870 0.21096 0.16448 ( 4)  0.461
 670 F   0.53310 0.27961 0.12854 0.04736 0.00997 0.00143 ( 1)  0.112
 671 I   0.00000 0.00002 0.00077 0.00987 0.08222 0.90711 ( 6)  0.960
 672 N   0.00017 0.01140 0.06714 0.18059 0.29234 0.44837 ( 6)  0.709
 673 I   0.00018 0.01180 0.06787 0.17863 0.28546 0.45607 ( 6)  0.712
 674 K   0.21311 0.34112 0.26281 0.13710 0.03870 0.00717 ( 2)  0.197
 675 F   0.18324 0.31934 0.27146 0.15965 0.05350 0.01281 ( 2)  0.218
 676 D   0.53958 0.27885 0.12589 0.04529 0.00918 0.00122 ( 1)  0.110
 677 H   0.48373 0.28269 0.14793 0.06430 0.01747 0.00389 ( 1)  0.129
 678 T   0.53836 0.27898 0.12638 0.04568 0.00933 0.00126 ( 1)  0.111
 679 R   0.14596 0.28259 0.27252 0.18826 0.08089 0.02978 ( 2)  0.256
 680 F   0.53652 0.27924 0.12715 0.04625 0.00954 0.00131 ( 1)  0.111
 681 F   0.44636 0.28111 0.16091 0.07844 0.02546 0.00773 ( 1)  0.144
 682 L   0.41107 0.27588 0.17075 0.09226 0.03537 0.01467 ( 1)  0.163
 683 K   0.21369 0.34155 0.26265 0.13667 0.03840 0.00704 ( 2)  0.196
 684 Q   0.36324 0.26489 0.18092 0.11067 0.05119 0.02908 ( 1)  0.193
 685 Q   0.39392 0.27300 0.17532 0.09903 0.04041 0.01832 ( 1)  0.172
 686 E   0.44254 0.28076 0.16213 0.07993 0.02640 0.00825 ( 1)  0.146
 687 K   0.56545 0.27407 0.11500 0.03791 0.00681 0.00077 ( 1)  0.104
 688 V   0.10074 0.22301 0.25262 0.21450 0.12700 0.08212 ( 3)  0.332
 689 I   0.00724 0.11783 0.28131 0.32949 0.19334 0.07080 ( 4)  0.393
 690 S   0.00018 0.01218 0.07073 0.18686 0.29481 0.43525 ( 6)  0.701
 691 D   0.55544 0.27646 0.11928 0.04048 0.00749 0.00085 ( 1)  0.106
 692 H   0.00000 0.00000 0.00002 0.00105 0.02787 0.97105 ( 6)  0.988
 693 F   0.52919 0.28005 0.13014 0.04861 0.01046 0.00155 ( 1)  0.114
 694 K   0.00544 0.09499 0.24643 0.32117 0.22262 0.10935 ( 4)  0.435
 695 E   0.02873 0.17198 0.28159 0.27895 0.16228 0.07647 ( 3)  0.369
 696 G   0.13508 0.27010 0.27060 0.19611 0.09057 0.03754 ( 3)  0.270
 697 K   0.00045 0.02625 0.12770 0.27061 0.30755 0.26744 ( 5)  0.588
 698 I   0.00003 0.00585 0.05284 0.17870 0.31978 0.44279 ( 6)  0.715
 699 D   0.03595 0.20184 0.30570 0.27361 0.13543 0.04747 ( 3)  0.332
 700 E   0.44254 0.28076 0.16213 0.07993 0.02640 0.00825 ( 1)  0.146
 701 K   0.18045 0.31574 0.27064 0.16178 0.05635 0.01505 ( 2)  0.222
 702 E   0.12047 0.25121 0.26487 0.20516 0.10530 0.05298 ( 3)  0.293
 703 M   0.17674 0.32552 0.28150 0.16060 0.04761 0.00803 ( 2)  0.213
 704 L   0.28806 0.23533 0.18432 0.13446 0.08192 0.07591 ( 1)  0.261
 705 F   0.11505 0.24397 0.26237 0.20829 0.11095 0.05937 ( 3)  0.303
 706 R   0.55204 0.27683 0.12068 0.04159 0.00792 0.00096 ( 1)  0.107
 707 H   0.52497 0.28056 0.13187 0.04995 0.01097 0.00168 ( 1)  0.115
 708 A   0.44696 0.28129 0.16081 0.07819 0.02523 0.00753 ( 1)  0.144
 709 A   0.44696 0.28129 0.16081 0.07819 0.02523 0.00753 ( 1)  0.144
 710 L   0.28938 0.23591 0.18433 0.13408 0.08135 0.07495 ( 1)  0.260
 711 V   0.11317 0.24129 0.26122 0.20923 0.11304 0.06206 ( 3)  0.306
 712 H   0.49002 0.28263 0.14558 0.06200 0.01633 0.00344 ( 1)  0.126
 713 L   0.29579 0.23891 0.18461 0.13239 0.07859 0.06971 ( 1)  0.253
 714 L   0.31464 0.24713 0.18469 0.12695 0.07061 0.05598 ( 1)  0.234
 715 V   0.40147 0.27454 0.17353 0.09608 0.03802 0.01636 ( 1)  0.167
 716 T   0.16150 0.29910 0.27351 0.17656 0.06833 0.02099 ( 2)  0.238
 717 I   0.00000 0.00023 0.00480 0.03487 0.15709 0.80301 ( 6)  0.912
 718 R   0.35384 0.26191 0.18215 0.11406 0.05476 0.03328 ( 1)  0.200
 719 D   0.50803 0.28208 0.13870 0.05558 0.01327 0.00233 ( 1)  0.120
 720 L   0.42664 0.27873 0.16682 0.08617 0.03066 0.01099 ( 1)  0.154
 721 L   0.38213 0.26993 0.17752 0.10352 0.04453 0.02237 ( 1)  0.180
 722 L   0.40666 0.27505 0.17185 0.09398 0.03672 0.01575 ( 1)  0.165
 723 T   0.17769 0.31443 0.27226 0.16398 0.05704 0.01459 ( 2)  0.223
 724 C   0.49914 0.28240 0.14212 0.05874 0.01475 0.00285 ( 1)  0.123
 725 G   0.36364 0.26514 0.18100 0.11057 0.05098 0.02867 ( 1)  0.192
 726 L   0.07561 0.18116 0.22585 0.21711 0.15634 0.14393 ( 3)  0.399
 727 D   0.47642 0.28280 0.15069 0.06695 0.01877 0.00437 ( 1)  0.131
 728 T   0.18053 0.31696 0.27189 0.16177 0.05521 0.01364 ( 2)  0.220
 729 A   0.46969 0.28263 0.15309 0.06947 0.02014 0.00498 ( 1)  0.134
 730 L   0.08302 0.19385 0.23447 0.21701 0.14767 0.12398 ( 3)  0.378
 731 G   0.01980 0.13058 0.23990 0.27478 0.19918 0.13577 ( 4)  0.433
 732 Y   0.02269 0.14427 0.25413 0.27674 0.18691 0.11526 ( 4)  0.412
 733 L   0.35946 0.26361 0.18133 0.11200 0.05267 0.03093 ( 1)  0.196
 734 S   0.07892 0.18717 0.23042 0.21780 0.15255 0.13315 ( 3)  0.389
 735 K   0.14550 0.28101 0.27096 0.18802 0.08222 0.03229 ( 2)  0.259
 736 A   0.12239 0.25395 0.26604 0.20421 0.10319 0.05023 ( 3)  0.290
 737 K   0.46442 0.28197 0.15469 0.07157 0.02154 0.00582 ( 1)  0.137
 738 D   0.54298 0.27839 0.12448 0.04423 0.00879 0.00113 ( 1)  0.109
 739 I   0.09441 0.21292 0.24681 0.21603 0.13438 0.09546 ( 3)  0.347
 740 Y   0.14244 0.27784 0.27086 0.19035 0.08463 0.03388 ( 2)  0.262
 741 K   0.20873 0.33810 0.26420 0.14033 0.04072 0.00792 ( 2)  0.200
 742 N   0.47824 0.28258 0.14990 0.06634 0.01857 0.00437 ( 1)  0.131
 743 I   0.43035 0.27920 0.16573 0.08471 0.02966 0.01035 ( 1)  0.152
 744 L   0.40604 0.27497 0.17203 0.09423 0.03689 0.01585 ( 1)  0.165
 745 E   0.54041 0.27856 0.12550 0.04511 0.00917 0.00124 ( 1)  0.110
 746 S   0.35381 0.26199 0.18225 0.11412 0.05473 0.03310 ( 1)  0.200
 747 C   0.48761 0.28266 0.14648 0.06288 0.01676 0.00361 ( 1)  0.127
 748 L   0.35870 0.26343 0.18150 0.11230 0.05293 0.03114 ( 1)  0.196
 749 D   0.20535 0.33653 0.26596 0.14268 0.04160 0.00788 ( 2)  0.201
 750 K   0.00028 0.01761 0.09426 0.22516 0.30611 0.35660 ( 6)  0.650
 751 I   0.42724 0.27835 0.16631 0.08594 0.03078 0.01137 ( 1)  0.154
 752 W   0.33275 0.25465 0.18431 0.12143 0.06303 0.04383 ( 1)  0.217
 753 R   0.44986 0.28139 0.15977 0.07708 0.02462 0.00727 ( 1)  0.143
 754 Q   0.34416 0.25873 0.18331 0.11752 0.05849 0.03779 ( 1)  0.207
 755 L   0.33578 0.25531 0.18356 0.12013 0.06199 0.04325 ( 1)  0.215
 756 K   0.12989 0.26306 0.26806 0.19905 0.09605 0.04388 ( 3)  0.279
 757 I   0.00016 0.01108 0.06535 0.17640 0.28857 0.45843 ( 6)  0.715
 758 V   0.16594 0.30340 0.27327 0.17311 0.06515 0.01913 ( 2)  0.234
 759 Q   0.34424 0.25877 0.18330 0.11749 0.05845 0.03775 ( 1)  0.207
 760 Y   0.37497 0.26802 0.17880 0.10622 0.04705 0.02493 ( 1)  0.185
 761 S   0.44340 0.28092 0.16192 0.07958 0.02613 0.00805 ( 1)  0.145
 762 S   0.44340 0.28092 0.16192 0.07958 0.02613 0.00805 ( 1)  0.145
 763 Q   0.34245 0.25819 0.18353 0.11814 0.05914 0.03856 ( 1)  0.209
 764 K   0.20945 0.33856 0.26394 0.13981 0.04042 0.00782 ( 2)  0.199
 765 K   0.13353 0.26741 0.26896 0.19656 0.09268 0.04086 ( 3)  0.274
 766 H   0.51532 0.28140 0.13575 0.05317 0.01230 0.00207 ( 1)  0.118
 767 E   0.54041 0.27856 0.12550 0.04511 0.00917 0.00124 ( 1)  0.110
 768 T   0.00145 0.03266 0.11503 0.22041 0.27379 0.35667 ( 6)  0.636
 769 N   0.00352 0.06804 0.19874 0.29947 0.25615 0.17408 ( 4)  0.497
 770 P   0.32453 0.25151 0.18481 0.12413 0.06638 0.04863 ( 1)  0.224
 771 K   0.04046 0.21783 0.31461 0.26618 0.12209 0.03883 ( 3)  0.317
 772 I   0.00457 0.08285 0.22501 0.31130 0.23735 0.13892 ( 4)  0.463
 773 T   0.02918 0.17407 0.28371 0.27917 0.16041 0.07347 ( 3)  0.366
 774 E   0.01582 0.10915 0.21210 0.26189 0.21491 0.18614 ( 4)  0.479
 775 L   0.45441 0.28172 0.15827 0.07533 0.02357 0.00671 ( 1)  0.141
 776 Q   0.00557 0.04622 0.11207 0.18331 0.23159 0.42124 ( 6)  0.662
 777 S   0.00001 0.00164 0.01846 0.08288 0.22909 0.66792 ( 6)  0.841
 778 Q   0.01422 0.10060 0.20112 0.25700 0.22135 0.20571 ( 4)  0.497
 779 M   0.00000 0.00134 0.02155 0.11075 0.29084 0.57552 ( 6)  0.797
 780 L   0.39646 0.27291 0.17418 0.09792 0.03996 0.01856 ( 1)  0.171
 781 N   0.21417 0.34234 0.26287 0.13618 0.03779 0.00667 ( 2)  0.195
 782 Y   0.00034 0.00924 0.04116 0.10660 0.21169 0.63097 ( 6)  0.809
 783 M   0.22714 0.35135 0.25870 0.12648 0.03176 0.00456 ( 2)  0.187
 784 R   0.00151 0.03381 0.11800 0.22367 0.27369 0.34932 ( 6)  0.630
 785 S   0.03121 0.18284 0.29145 0.27842 0.15242 0.06366 ( 3)  0.354
 786 E   0.00000 0.00050 0.00927 0.05784 0.20718 0.72522 ( 6)  0.874
 787 C   0.00000 0.00007 0.00173 0.01558 0.09761 0.88501 ( 6)  0.950
 788 S   0.00031 0.01942 0.10241 0.23915 0.31131 0.32740 ( 6)  0.631
 789 V   0.01953 0.12913 0.23803 0.27395 0.20031 0.13906 ( 4)  0.436
 790 K   0.46130 0.28190 0.15580 0.07274 0.02217 0.00610 ( 1)  0.138
 791 I   0.59018 0.26871 0.10456 0.03129 0.00483 0.00042 ( 1)  0.097
 792 L   0.37225 0.26739 0.17938 0.10728 0.04796 0.02573 ( 1)  0.186
 793 I   0.01088 0.08086 0.17168 0.23715 0.23103 0.26839 ( 6)  0.548
 794 I   0.04157 0.22142 0.31608 0.26401 0.11932 0.03759 ( 3)  0.314
 795 T   0.00020 0.01365 0.07759 0.19936 0.30065 0.40856 ( 6)  0.684
 796 R   0.49688 0.28213 0.14284 0.05966 0.01534 0.00315 ( 1)  0.124
 797 M   0.00002 0.00368 0.03777 0.14600 0.30599 0.50654 ( 6)  0.755
 798 D   0.44339 0.28092 0.16192 0.07958 0.02613 0.00805 ( 1)  0.145
 799 S   0.12020 0.25083 0.26468 0.20525 0.10559 0.05345 ( 3)  0.294
 800 D   0.02127 0.13772 0.24764 0.27632 0.19290 0.12416 ( 4)  0.421
 801 R   0.03184 0.18510 0.29261 0.27715 0.15044 0.06285 ( 3)  0.352
 802 E   0.18670 0.32197 0.27053 0.15698 0.05170 0.01212 ( 2)  0.215
 803 K   0.55589 0.27568 0.11898 0.04070 0.00776 0.00098 ( 1)  0.106
 804 A   0.00123 0.02853 0.10352 0.20596 0.27102 0.38973 ( 6)  0.658
 805 A   0.07150 0.17393 0.22073 0.21686 0.16118 0.15580 ( 3)  0.412
 806 L   0.07667 0.18334 0.22788 0.21794 0.15523 0.13894 ( 3)  0.395
 807 I   0.02488 0.15479 0.26547 0.27898 0.17777 0.09812 ( 4)  0.394
 808 H   0.11136 0.23874 0.26016 0.21012 0.11500 0.06462 ( 3)  0.310
 809 S   0.00000 0.00017 0.00368 0.02830 0.13926 0.82859 ( 6)  0.924
 810 L   0.10210 0.22461 0.25281 0.21332 0.12561 0.08155 ( 3)  0.330
 811 S   0.45241 0.28157 0.15892 0.07610 0.02404 0.00696 ( 1)  0.142
 812 A   0.00000 0.00001 0.00035 0.00636 0.06944 0.92384 ( 6)  0.968
 813 V   0.00253 0.05197 0.16352 0.27133 0.27010 0.24054 ( 4)  0.551
 814 E   0.00002 0.00347 0.03445 0.13160 0.28435 0.54611 ( 6)  0.775
 815 G   0.10209 0.22664 0.25638 0.21583 0.12448 0.07458 ( 3)  0.325
 816 L   0.39148 0.27185 0.17532 0.09986 0.04156 0.01993 ( 1)  0.174
 817 K   0.55836 0.27527 0.11795 0.03998 0.00751 0.00092 ( 1)  0.105
 818 A   0.00104 0.02463 0.09212 0.19050 0.26621 0.42550 ( 6)  0.682
 819 A   0.00000 0.00000 0.00007 0.00180 0.03389 0.96424 ( 6)  0.985
 820 D   0.53742 0.27911 0.12677 0.04597 0.00944 0.00129 ( 1)  0.111
 821 L   0.35343 0.26168 0.18211 0.11417 0.05496 0.03365 ( 1)  0.200
 822 N   0.00497 0.08877 0.23646 0.31814 0.23065 0.12101 ( 4)  0.447
 823 A   0.00000 0.00006 0.00163 0.01505 0.09673 0.88653 ( 6)  0.951
 824 E   0.01332 0.09550 0.19404 0.25303 0.22466 0.21945 ( 4)  0.509
 825 K   0.00035 0.02134 0.10883 0.24514 0.30679 0.31754 ( 6)  0.623
 826 K   0.55549 0.27572 0.11914 0.04084 0.00781 0.00100 ( 1)  0.106
 827 G   0.00001 0.00123 0.01453 0.06899 0.20804 0.70720 ( 6)  0.862
 828 G   0.00000 0.00001 0.00041 0.00596 0.05999 0.93362 ( 6)  0.972
 829 S   0.00000 0.00000 0.00000 0.00026 0.01283 0.98691 ( 6)  0.995
 830 L   0.38188 0.26933 0.17706 0.10345 0.04490 0.02337 ( 1)  0.181
 831 R   0.00000 0.00000 0.00022 0.00442 0.05554 0.93981 ( 6)  0.975
 832 C   0.00011 0.00829 0.05170 0.14968 0.27240 0.51781 ( 6)  0.751
 833 K   0.55836 0.27527 0.11795 0.03998 0.00751 0.00092 ( 1)  0.105
 834 D   0.00288 0.05768 0.17636 0.28225 0.26582 0.21502 ( 4)  0.530
 835 I   0.10025 0.22135 0.25054 0.21330 0.12788 0.08668 ( 3)  0.336
 836 I   0.21044 0.33947 0.26380 0.13900 0.03977 0.00751 ( 2)  0.198
 837 S   0.00118 0.02741 0.10030 0.20175 0.26995 0.39942 ( 6)  0.665
 838 Y   0.00001 0.00211 0.02273 0.09665 0.24648 0.63203 ( 6)  0.822
 839 R   0.03186 0.18507 0.29242 0.27694 0.15048 0.06322 ( 3)  0.352
 840 Y   0.13923 0.27401 0.27006 0.19253 0.08759 0.03659 ( 2)  0.267
 841 S   0.00035 0.00944 0.04189 0.10796 0.21286 0.62750 ( 6)  0.807
 842 C   0.45881 0.28188 0.15671 0.07366 0.02265 0.00629 ( 1)  0.139
 843 V   0.00000 0.00018 0.00392 0.02971 0.14294 0.82326 ( 6)  0.921
 844 I   0.00238 0.04917 0.15631 0.26350 0.27038 0.25827 ( 5)  0.563
 845 V   0.02934 0.17468 0.28413 0.27896 0.15984 0.07304 ( 3)  0.365
 846 H   0.00015 0.01072 0.06390 0.17441 0.28889 0.46192 ( 6)  0.718
 847 N   0.56193 0.27489 0.11650 0.03882 0.00706 0.00080 ( 1)  0.104
 848 Q   0.33893 0.25691 0.18382 0.11934 0.06055 0.04046 ( 1)  0.212
 849 H   0.00081 0.02013 0.07904 0.17287 0.26074 0.46641 ( 6)  0.709
 850 I   0.15586 0.29265 0.27253 0.18061 0.07331 0.02503 ( 2)  0.246
 851 G   0.46364 0.28222 0.15512 0.07181 0.02152 0.00569 ( 1)  0.137
 852 A   0.01397 0.09925 0.19950 0.25645 0.22253 0.20830 ( 4)  0.499
 853 D   0.43875 0.28042 0.16335 0.08140 0.02732 0.00876 ( 1)  0.148
 854 F   0.42759 0.27889 0.16657 0.08579 0.03038 0.01079 ( 1)  0.153
 855 P   0.41142 0.27652 0.17113 0.09217 0.03490 0.01385 ( 1)  0.162
 856 W   0.32934 0.25334 0.18451 0.12254 0.06442 0.04585 ( 1)  0.220
 857 T   0.00003 0.00286 0.02312 0.08810 0.22460 0.66129 ( 6)  0.835
 858 H   0.10481 0.22914 0.25569 0.21295 0.12234 0.07506 ( 3)  0.323
 859 F   0.42460 0.27856 0.16749 0.08696 0.03114 0.01124 ( 1)  0.155
 860 S   0.41637 0.27693 0.16949 0.09019 0.03371 0.01331 ( 1)  0.159
 861 L   0.39740 0.27313 0.17399 0.09757 0.03965 0.01825 ( 1)  0.171
 862 V   0.12528 0.25751 0.26689 0.20225 0.10039 0.04768 ( 3)  0.286
 863 M   0.00000 0.00018 0.00561 0.04731 0.20667 0.74023 ( 6)  0.883
 864 E   0.53484 0.27923 0.12779 0.04688 0.00984 0.00142 ( 1)  0.112
 865 Y   0.13335 0.26693 0.26850 0.19647 0.09306 0.04169 ( 3)  0.275
 866 D   0.18685 0.32243 0.27085 0.15685 0.05129 0.01174 ( 2)  0.215
 867 Y   0.47384 0.28213 0.15130 0.06808 0.01967 0.00499 ( 1)  0.133
 868 L   0.00599 0.05436 0.13728 0.22160 0.25146 0.32932 ( 6)  0.604
 869 E   0.16672 0.30384 0.27287 0.17246 0.06488 0.01923 ( 2)  0.234
 870 N   0.02611 0.16015 0.27023 0.27857 0.17289 0.09206 ( 4)  0.387
 871 S   0.44760 0.28114 0.16047 0.07797 0.02520 0.00761 ( 1)  0.144
 872 C   0.07836 0.18626 0.22986 0.21789 0.15321 0.13442 ( 3)  0.390
 873 W   0.05865 0.14934 0.20021 0.21106 0.17510 0.20564 ( 4)  0.459
 874 K   0.20446 0.33489 0.26533 0.14355 0.04293 0.00884 ( 2)  0.203
 875 N   0.00002 0.00470 0.04407 0.15667 0.30405 0.49048 ( 6)  0.743
 876 L   0.00000 0.00001 0.00025 0.00337 0.03841 0.95796 ( 6)  0.982
 877 C   0.41037 0.27604 0.17117 0.09256 0.03540 0.01447 ( 1)  0.163
 878 K   0.00438 0.08036 0.22136 0.31094 0.24102 0.14195 ( 4)  0.467
 879 N   0.20981 0.33931 0.26425 0.13942 0.03982 0.00740 ( 2)  0.198
 880 L   0.30427 0.24273 0.18479 0.13003 0.07496 0.06322 ( 1)  0.244
 881 N   0.56880 0.27363 0.11361 0.03686 0.00642 0.00068 ( 1)  0.103
 882 I   0.01842 0.12339 0.23103 0.27128 0.20479 0.15110 ( 4)  0.448
 883 T   0.00012 0.00834 0.05199 0.15036 0.27306 0.51614 ( 6)  0.750
 884 Y   0.37225 0.26724 0.17924 0.10723 0.04804 0.02599 ( 1)  0.187
 885 M   0.22377 0.34922 0.25996 0.12893 0.03314 0.00497 ( 2)  0.189
 886 T   0.13912 0.27452 0.27097 0.19302 0.08715 0.03522 ( 2)  0.265
 887 F   0.16526 0.30265 0.27319 0.17361 0.06572 0.01958 ( 2)  0.235
 888 K   0.55651 0.27557 0.11872 0.04053 0.00770 0.00097 ( 1)  0.106
 889 T   0.37513 0.26825 0.17896 0.10622 0.04690 0.02455 ( 1)  0.184
 890 I   0.00003 0.00250 0.01895 0.07047 0.18953 0.71852 ( 6)  0.864
 891 L   0.00693 0.05565 0.12958 0.20128 0.23480 0.37177 ( 6)  0.627
 892 P   0.41190 0.27662 0.17102 0.09198 0.03475 0.01373 ( 1)  0.161
 893 E   0.00025 0.01592 0.08728 0.21463 0.30430 0.37762 ( 6)  0.664
 894 T   0.00018 0.01247 0.07195 0.18877 0.29514 0.43149 ( 6)  0.698
 895 I   0.00000 0.00009 0.00314 0.02962 0.15618 0.81097 ( 6)  0.917
 896 P   0.00000 0.00001 0.00038 0.00556 0.05744 0.93662 ( 6)  0.973
 897 M   0.04411 0.23157 0.32360 0.26125 0.11022 0.02926 ( 3)  0.302
 898 G   0.00056 0.01437 0.05937 0.13964 0.23875 0.54730 ( 6)  0.759
 899 D   0.00042 0.02509 0.12439 0.26881 0.31137 0.26992 ( 5)  0.591
 900 L   0.00000 0.00001 0.00063 0.00836 0.07421 0.91678 ( 6)  0.965
 901 S   0.00000 0.00000 0.00006 0.00188 0.03609 0.96197 ( 6)  0.984
 902 G   0.00000 0.00000 0.00001 0.00068 0.02120 0.97812 ( 6)  0.991
 903 S   0.37170 0.26729 0.17953 0.10749 0.04812 0.02588 ( 1)  0.187
 904 I   0.00000 0.00025 0.00520 0.03724 0.16346 0.79386 ( 6)  0.907
 905 L   0.12329 0.25494 0.26611 0.20348 0.10240 0.04979 ( 3)  0.289
 906 L   0.28125 0.23196 0.18378 0.13608 0.08488 0.08205 ( 1)  0.269
 907 E   0.47086 0.28234 0.15250 0.06912 0.02010 0.00508 ( 1)  0.134
 908 V   0.14447 0.28066 0.27191 0.18915 0.08239 0.03141 ( 2)  0.258
 909 Q   0.06315 0.15823 0.20804 0.21385 0.17047 0.18627 ( 4)  0.441
 910 I   0.50591 0.28172 0.13935 0.05650 0.01387 0.00264 ( 1)  0.121
 911 P   0.41062 0.27642 0.17137 0.09249 0.03512 0.01399 ( 1)  0.162
 912 Y   0.48113 0.28228 0.14869 0.06537 0.01821 0.00432 ( 1)  0.130
 913 V   0.14936 0.28624 0.27274 0.18565 0.07810 0.02791 ( 2)  0.252
 914 F   0.51861 0.28107 0.13441 0.05209 0.01187 0.00195 ( 1)  0.117
 915 L   0.04609 0.12306 0.17482 0.19870 0.18579 0.27154 ( 6)  0.517
 916 T   0.02482 0.15466 0.26556 0.27932 0.17796 0.09768 ( 4)  0.394
 917 S   0.01910 0.12685 0.23516 0.27275 0.20207 0.14407 ( 4)  0.441
 918 E   0.54041 0.27856 0.12550 0.04511 0.00917 0.00124 ( 1)  0.110
 919 G   0.12734 0.26028 0.26781 0.20097 0.09819 0.04541 ( 3)  0.282
 920 L   0.45441 0.28172 0.15827 0.07533 0.02357 0.00671 ( 1)  0.141
 921 V   0.01500 0.10513 0.20777 0.26124 0.21882 0.19204 ( 4)  0.485
 922 N   0.03618 0.20210 0.30481 0.27228 0.13546 0.04916 ( 3)  0.333
 923 M   0.22923 0.35257 0.25785 0.12499 0.03099 0.00436 ( 2)  0.185
 924 P   0.45012 0.28153 0.15976 0.07696 0.02449 0.00714 ( 1)  0.142
 925 D   0.54123 0.27861 0.12520 0.04478 0.00900 0.00118 ( 1)  0.110
 926 M   0.00000 0.00003 0.00131 0.01497 0.10525 0.87844 ( 6)  0.948
 927 L   0.45441 0.28172 0.15827 0.07533 0.02357 0.00671 ( 1)  0.141
 928 Q   0.34736 0.25979 0.18293 0.11638 0.05725 0.03629 ( 1)  0.205
 929 L   0.44706 0.28113 0.16066 0.07817 0.02531 0.00766 ( 1)  0.144
 930 L   0.09440 0.21297 0.24692 0.21615 0.13439 0.09518 ( 3)  0.347
 931 E   0.53746 0.27891 0.12672 0.04605 0.00953 0.00133 ( 1)  0.111
 932 S   0.00044 0.01178 0.05036 0.12378 0.22673 0.58691 ( 6)  0.783
 933 K   0.00000 0.00002 0.00090 0.01110 0.08767 0.90031 ( 6)  0.957
 934 Y   0.38145 0.26971 0.17760 0.10376 0.04479 0.02269 ( 1)  0.180
 935 N   0.00008 0.00600 0.03967 0.12370 0.25192 0.57863 ( 6)  0.787
 936 I   0.15574 0.29259 0.27261 0.18073 0.07334 0.02498 ( 2)  0.246
 937 T   0.00900 0.06922 0.15311 0.22272 0.23469 0.31127 ( 6)  0.582
 938 L   0.02588 0.15947 0.27025 0.27953 0.17358 0.09129 ( 4)  0.387
 939 V   0.13055 0.26413 0.26864 0.19882 0.09522 0.04264 ( 3)  0.278
 940 E   0.52855 0.27995 0.13035 0.04890 0.01063 0.00162 ( 1)  0.114
 941 R   0.53126 0.27966 0.12925 0.04802 0.01028 0.00153 ( 1)  0.113
 942 S   0.00102 0.02437 0.09132 0.18936 0.26576 0.42817 ( 6)  0.684
 943 C   0.00010 0.00737 0.04694 0.13960 0.26482 0.54117 ( 6)  0.765
 944 N   0.00359 0.06909 0.20072 0.30064 0.25506 0.17088 ( 4)  0.494
 945 H   0.00052 0.01352 0.05641 0.13438 0.23465 0.56052 ( 6)  0.767
 946 S   0.35620 0.26262 0.18179 0.11318 0.05387 0.03234 ( 1)  0.198
 947 L   0.39856 0.27343 0.17377 0.09713 0.03925 0.01786 ( 1)  0.170
 948 C   0.00000 0.00062 0.00814 0.04398 0.16222 0.78504 ( 6)  0.901
 949 L   0.35025 0.26071 0.18255 0.11533 0.05615 0.03501 ( 1)  0.203
 950 F   0.00216 0.04553 0.14805 0.25644 0.27316 0.27467 ( 6)  0.576
 951 G   0.45977 0.28203 0.15645 0.07328 0.02237 0.00610 ( 1)  0.138
 952 S   0.00001 0.00315 0.03189 0.12486 0.27915 0.56094 ( 6)  0.783
 953 P   0.00019 0.01302 0.07455 0.19354 0.29752 0.42117 ( 6)  0.692
 954 D   0.51997 0.28095 0.13387 0.05164 0.01168 0.00189 ( 1)  0.116
 955 K   0.00000 0.00000 0.00001 0.00043 0.01387 0.98569 ( 6)  0.994
 956 Y   0.46395 0.28190 0.15482 0.07176 0.02167 0.00590 ( 1)  0.137
 957 V   0.46241 0.28210 0.15550 0.07228 0.02183 0.00587 ( 1)  0.137
 958 V   0.40600 0.27528 0.17229 0.09425 0.03669 0.01548 ( 1)  0.165
 959 L   0.35403 0.26146 0.18159 0.11377 0.05493 0.03423 ( 1)  0.201
 960 T   0.51025 0.28165 0.13772 0.05494 0.01311 0.00234 ( 1)  0.120
 961 I   0.00300 0.05917 0.17846 0.28235 0.26351 0.21350 ( 4)  0.528
 962 D   0.53305 0.27965 0.12857 0.04735 0.00996 0.00141 ( 1)  0.112
 963 E   0.17924 0.31550 0.27173 0.16277 0.05634 0.01442 ( 2)  0.222
 964 C   0.12551 0.25770 0.26678 0.20198 0.10023 0.04780 ( 3)  0.285
 965 T   0.46005 0.28195 0.15630 0.07319 0.02237 0.00615 ( 1)  0.138
 966 A   0.41658 0.27738 0.16975 0.09013 0.03340 0.01277 ( 1)  0.159
 967 I   0.08687 0.20025 0.23853 0.21659 0.14319 0.11457 ( 3)  0.368
 968 F   0.14152 0.27709 0.27113 0.19117 0.08517 0.03392 ( 2)  0.263
 969 L   0.33848 0.25645 0.18352 0.11931 0.06085 0.04139 ( 1)  0.213
 970 Q   0.32798 0.25280 0.18456 0.12297 0.06499 0.04670 ( 1)  0.221
 971 N   0.00017 0.01163 0.06807 0.18173 0.29166 0.44674 ( 6)  0.708
 972 I   0.00033 0.02059 0.10692 0.24513 0.31100 0.31603 ( 6)  0.623
 973 D   0.16754 0.30489 0.27311 0.17185 0.06406 0.01855 ( 2)  0.232
 974 E   0.51334 0.28128 0.13645 0.05395 0.01273 0.00225 ( 1)  0.119
 975 L   0.35885 0.26294 0.18091 0.11200 0.05312 0.03218 ( 1)  0.197
 976 K   0.00400 0.07482 0.21093 0.30516 0.24747 0.15762 ( 4)  0.481
 977 Y   0.00000 0.00100 0.01206 0.05947 0.19109 0.73638 ( 6)  0.876
 978 E   0.10369 0.22723 0.25444 0.21307 0.12372 0.07785 ( 3)  0.326
 979 K   0.00015 0.01022 0.06067 0.16579 0.27938 0.48379 ( 6)  0.730
 980 S   0.00548 0.04558 0.11077 0.18180 0.23102 0.42536 ( 6)  0.665
 981 S   0.00123 0.02841 0.10301 0.20491 0.27013 0.39231 ( 6)  0.660
 982 E   0.00000 0.00002 0.00080 0.01008 0.08263 0.90648 ( 6)  0.960
 983 N   0.02966 0.17553 0.28390 0.27751 0.15903 0.07438 ( 3)  0.366
 984 L   0.00000 0.00003 0.00133 0.01516 0.10621 0.87728 ( 6)  0.947
 985 I   0.03969 0.21475 0.31228 0.26692 0.12482 0.04154 ( 3)  0.320
 986 L   0.00000 0.00017 0.00259 0.01775 0.09484 0.88465 ( 6)  0.949
 987 K   0.01505 0.10503 0.20684 0.25955 0.21796 0.19557 ( 4)  0.487
 988 L   0.27116 0.22678 0.18274 0.13829 0.08926 0.09177 ( 1)  0.281
 989 M   0.00191 0.04405 0.15255 0.27294 0.28497 0.24358 ( 5)  0.560
 990 A   0.01568 0.10884 0.21267 0.26363 0.21615 0.18303 ( 4)  0.477
 991 L   0.38528 0.27039 0.17660 0.10223 0.04363 0.02186 ( 1)  0.178
 992 S   0.39808 0.27347 0.17400 0.09733 0.03932 0.01780 ( 1)  0.170
 993 L   0.33527 0.25551 0.18404 0.12053 0.06204 0.04261 ( 1)  0.215
 994 Q   0.38874 0.27155 0.17620 0.10098 0.04228 0.02025 ( 1)  0.175
 995 Y   0.45848 0.28149 0.15661 0.07386 0.02295 0.00661 ( 1)  0.139
 996 S   0.00012 0.00524 0.03192 0.10256 0.23054 0.62963 ( 6)  0.815
 997 C   0.07866 0.18672 0.23012 0.21781 0.15285 0.13384 ( 3)  0.389
 998 C   0.46175 0.28208 0.15574 0.07253 0.02197 0.00593 ( 1)  0.138
 999 W   0.31879 0.24913 0.18494 0.12589 0.06879 0.05246 ( 1)  0.229
1000 I   0.01989 0.13072 0.23937 0.27359 0.19863 0.13780 ( 4)  0.435
1001 V   0.00109 0.02568 0.09505 0.19417 0.26684 0.41718 ( 6)  0.676
1002 F   0.41055 0.27627 0.17127 0.09250 0.03523 0.01419 ( 1)  0.162
1003 Y   0.12047 0.25056 0.26377 0.20446 0.10574 0.05501 ( 3)  0.295
1004 S   0.33873 0.25680 0.18378 0.11937 0.06064 0.04067 ( 1)  0.212
1005 R   0.51834 0.28093 0.13447 0.05225 0.01200 0.00202 ( 1)  0.117
1006 E   0.02856 0.17117 0.28075 0.27884 0.16301 0.07767 ( 3)  0.370
1007 R   0.00281 0.05642 0.17318 0.27891 0.26614 0.22254 ( 4)  0.536
1008 L   0.00281 0.02557 0.06925 0.13070 0.20688 0.56479 ( 6)  0.758
1009 N   0.00001 0.00267 0.02773 0.11229 0.26515 0.59215 ( 6)  0.801
1010 S   0.00055 0.01412 0.05835 0.13748 0.23645 0.55305 ( 6)  0.762
1011 V   0.00077 0.01902 0.07462 0.16427 0.25370 0.48761 ( 6)  0.722
1012 Y   0.35879 0.26328 0.18130 0.11219 0.05298 0.03147 ( 1)  0.196
1013 S   0.17159 0.30889 0.27301 0.16874 0.06107 0.01670 ( 2)  0.228
1014 L   0.06739 0.16628 0.21464 0.21555 0.16579 0.17034 ( 4)  0.426
1015 R   0.01419 0.10035 0.20067 0.25657 0.22135 0.20687 ( 4)  0.498
1016 G   0.45737 0.28190 0.15727 0.07420 0.02290 0.00637 ( 1)  0.139
1017 P   0.00016 0.01133 0.06672 0.17945 0.29107 0.45126 ( 6)  0.711
1018 V   0.01928 0.12784 0.23640 0.27327 0.20130 0.14191 ( 4)  0.439
1019 V   0.00024 0.00689 0.03217 0.08842 0.19278 0.67950 ( 6)  0.837
1020 H   0.01307 0.09400 0.19178 0.25145 0.22536 0.22435 ( 4)  0.513
1021 H   0.00121 0.02806 0.10207 0.20385 0.27012 0.39469 ( 6)  0.662
1022 L   0.11077 0.23776 0.25957 0.21025 0.11573 0.06592 ( 3)  0.311
1023 V   0.00731 0.05815 0.13392 0.20523 0.23473 0.36065 ( 6)  0.618
1024 L   0.00074 0.01819 0.07167 0.15896 0.24954 0.50090 ( 6)  0.730
1025 I   0.02248 0.14324 0.25304 0.27652 0.18778 0.11694 ( 4)  0.413
1026 Y   0.46962 0.28205 0.15280 0.06964 0.02051 0.00537 ( 1)  0.135
1027 A   0.33947 0.25715 0.18382 0.11917 0.06031 0.04008 ( 1)  0.211
1028 S   0.00000 0.00106 0.01279 0.06247 0.19699 0.72668 ( 6)  0.872
1029 L   0.06578 0.16285 0.21126 0.21387 0.16721 0.17902 ( 4)  0.434
1030 V   0.02447 0.15254 0.26252 0.27770 0.17961 0.10315 ( 4)  0.399
1031 Q   0.02407 0.15120 0.26218 0.27914 0.18108 0.10233 ( 4)  0.399
1032 F   0.01615 0.11142 0.21602 0.26517 0.21421 0.17703 ( 4)  0.472
1033 A   0.00236 0.04919 0.15712 0.26571 0.27213 0.25348 ( 5)  0.561
1034 Q   0.06180 0.15552 0.20561 0.21291 0.17183 0.19233 ( 4)  0.447
1035 R   0.01619 0.11135 0.21539 0.26406 0.21372 0.17930 ( 4)  0.473
1036 S   0.09663 0.21622 0.24839 0.21511 0.13186 0.09180 ( 3)  0.343
1037 E   0.52779 0.28007 0.13067 0.04913 0.01070 0.00164 ( 1)  0.114
1038 D   0.11112 0.23844 0.26010 0.21030 0.11524 0.06480 ( 3)  0.310
1039 F   0.50121 0.28210 0.14123 0.05808 0.01454 0.00284 ( 1)  0.123
1040 D   0.03062 0.18004 0.28857 0.27813 0.15500 0.06764 ( 3)  0.358
1041 V   0.40781 0.27556 0.17179 0.09354 0.03618 0.01512 ( 1)  0.164
1042 K   0.45023 0.28114 0.15947 0.07698 0.02471 0.00746 ( 1)  0.143
1043 V   0.46593 0.28229 0.15430 0.07094 0.02105 0.00548 ( 1)  0.136
1044 V   0.00000 0.00012 0.00283 0.02301 0.12318 0.85085 ( 6)  0.934
1045 L   0.43861 0.28025 0.16329 0.08147 0.02745 0.00893 ( 1)  0.148
1046 T   0.00000 0.00028 0.00388 0.02322 0.10846 0.86415 ( 6)  0.939
1047 P   0.11047 0.23748 0.25965 0.21057 0.11597 0.06586 ( 3)  0.311
1048 G   0.37191 0.26742 0.17957 0.10745 0.04802 0.02563 ( 1)  0.186
1049 V   0.02214 0.14155 0.25104 0.27583 0.18910 0.12034 ( 4)  0.417
1050 E   0.52205 0.28059 0.13298 0.05102 0.01149 0.00187 ( 1)  0.116
1051 E   0.43746 0.27980 0.16342 0.08195 0.02795 0.00941 ( 1)  0.149
1052 A   0.00002 0.00239 0.02227 0.09062 0.23395 0.65074 ( 6)  0.831
1053 A   0.12566 0.25816 0.26728 0.20216 0.09989 0.04685 ( 3)  0.285
1054 L   0.28012 0.23118 0.18339 0.13612 0.08537 0.08381 ( 1)  0.270
1055 V   0.00003 0.00254 0.01915 0.07089 0.19013 0.71725 ( 6)  0.863
1056 I   0.48844 0.28225 0.14599 0.06271 0.01685 0.00377 ( 1)  0.127
1057 R   0.42026 0.27796 0.16875 0.08868 0.03234 0.01202 ( 1)  0.157
1058 Q   0.06300 0.15763 0.20708 0.21293 0.17034 0.18903 ( 4)  0.443
1059 I   0.50156 0.28159 0.14090 0.05814 0.01477 0.00304 ( 1)  0.123
1060 A   0.42028 0.27797 0.16874 0.08867 0.03233 0.01201 ( 1)  0.157
1061 D   0.43136 0.27943 0.16550 0.08431 0.02933 0.01007 ( 1)  0.151
1062 N   0.12641 0.25863 0.26678 0.20123 0.09950 0.04745 ( 3)  0.285
1063 I   0.00204 0.04347 0.14276 0.25063 0.27320 0.28790 ( 6)  0.586
1064 L   0.06641 0.16408 0.21235 0.21427 0.16660 0.17627 ( 4)  0.431
1065 I   0.00000 0.00109 0.01806 0.09647 0.27064 0.61374 ( 6)  0.817
1066 A   0.00154 0.03452 0.12012 0.22661 0.27468 0.34252 ( 6)  0.626
1067 S   0.11329 0.24127 0.26096 0.20893 0.11301 0.06254 ( 3)  0.307
1068 N   0.00000 0.00009 0.00297 0.02861 0.15422 0.81411 ( 6)  0.918
1069 I   0.00000 0.00039 0.00545 0.03197 0.13438 0.82780 ( 6)  0.922
1070 S   0.00213 0.04613 0.15254 0.26575 0.27800 0.25544 ( 5)  0.565
1071 P   0.40181 0.27469 0.17352 0.09595 0.03787 0.01617 ( 1)  0.167
1072 H   0.02411 0.15146 0.26253 0.27932 0.18088 0.10171 ( 4)  0.398
1073 E   0.11339 0.24123 0.26072 0.20867 0.11300 0.06299 ( 3)  0.307
1074 W   0.32152 0.25024 0.18485 0.12504 0.06765 0.05069 ( 1)  0.227
1075 L   0.30524 0.24293 0.18452 0.12957 0.07461 0.06314 ( 1)  0.244
1076 D   0.43151 0.27947 0.16547 0.08425 0.02928 0.01003 ( 1)  0.151
1077 K   0.17440 0.31018 0.27123 0.16640 0.06040 0.01739 ( 2)  0.227
1078 S   0.35873 0.26350 0.18155 0.11231 0.05288 0.03101 ( 1)  0.196
1079 W   0.32152 0.25024 0.18485 0.12504 0.06765 0.05069 ( 1)  0.227
1080 L   0.43494 0.27983 0.16441 0.08291 0.02840 0.00951 ( 1)  0.150
1081 S   0.43627 0.27998 0.16399 0.08238 0.02806 0.00931 ( 1)  0.149
1082 V   0.00682 0.05485 0.12801 0.19953 0.23425 0.37653 ( 6)  0.630
1083 L   0.34538 0.25893 0.18294 0.11698 0.05810 0.03767 ( 1)  0.207
1084 P   0.43220 0.27964 0.16532 0.08397 0.02904 0.00983 ( 1)  0.151
1085 S   0.43830 0.28021 0.16338 0.08159 0.02753 0.00898 ( 1)  0.148
1086 E   0.41608 0.27716 0.16978 0.09032 0.03363 0.01303 ( 1)  0.159
1087 P   0.00000 0.00055 0.00782 0.04566 0.17523 0.77074 ( 6)  0.895
1088 E   0.42462 0.27844 0.16740 0.08696 0.03122 0.01136 ( 1)  0.155
1089 K   0.19522 0.32802 0.26784 0.15049 0.04765 0.01078 ( 2)  0.209
1090 C   0.00000 0.00031 0.00449 0.02752 0.12340 0.84428 ( 6)  0.930
1091 L   0.28883 0.23556 0.18417 0.13413 0.08160 0.07572 ( 1)  0.260
1092 L   0.44351 0.28079 0.16179 0.07955 0.02619 0.00816 ( 1)  0.146
1093 T   0.13324 0.26747 0.26949 0.19705 0.09262 0.04013 ( 3)  0.274
1094 F   0.50639 0.28192 0.13925 0.05625 0.01367 0.00252 ( 1)  0.121
1095 P   0.43946 0.28052 0.16315 0.08112 0.02712 0.00864 ( 1)  0.147
1096 C   0.13805 0.27337 0.27090 0.19384 0.08803 0.03581 ( 2)  0.267
1097 I   0.08846 0.20327 0.24096 0.21711 0.14133 0.10887 ( 3)  0.362
1098 N   0.14892 0.28565 0.27258 0.18597 0.07857 0.02831 ( 2)  0.253
1099 P   0.40468 0.27528 0.17284 0.09482 0.03696 0.01542 ( 1)  0.165
1100 L   0.31056 0.24538 0.18470 0.12814 0.07232 0.05889 ( 1)  0.238
1101 V   0.45897 0.28193 0.15668 0.07359 0.02258 0.00624 ( 1)  0.139
1102 A   0.42017 0.27797 0.16879 0.08872 0.03235 0.01201 ( 1)  0.157
1103 Q   0.33439 0.25526 0.18418 0.12087 0.06237 0.04293 ( 1)  0.215
1104 F   0.00010 0.00712 0.04551 0.13623 0.26155 0.54950 ( 6)  0.770
1105 M   0.21813 0.34570 0.26208 0.13302 0.03542 0.00564 ( 2)  0.192
1106 L   0.39557 0.27278 0.17444 0.09828 0.04021 0.01870 ( 1)  0.172
1107 K   0.12326 0.25445 0.26536 0.20306 0.10274 0.05113 ( 3)  0.290
1108 K   0.45430 0.28134 0.15807 0.07543 0.02383 0.00702 ( 1)  0.141
1109 G   0.00146 0.03289 0.11560 0.22097 0.27367 0.35542 ( 6)  0.635
1110 S   0.11744 0.24708 0.26333 0.20681 0.10851 0.05683 ( 3)  0.299
1111 S   0.41199 0.27627 0.17068 0.09189 0.03495 0.01422 ( 1)  0.162
1112 L   0.29440 0.23794 0.18413 0.13246 0.07923 0.07184 ( 1)  0.255
1113 K   0.00001 0.00126 0.01474 0.06944 0.20777 0.70679 ( 6)  0.861
1114 R   0.00006 0.00457 0.03154 0.10392 0.23144 0.62847 ( 6)  0.815
1115 L   0.34898 0.25873 0.18110 0.11513 0.05740 0.03866 ( 1)  0.206
1116 F   0.50639 0.28192 0.13925 0.05625 0.01367 0.00252 ( 1)  0.121
1117 H   0.11620 0.24534 0.26262 0.20745 0.10986 0.05854 ( 3)  0.301
1118 A   0.46147 0.28225 0.15594 0.07260 0.02191 0.00582 ( 1)  0.138
1119 S   0.11463 0.24312 0.26168 0.20822 0.11157 0.06077 ( 3)  0.304
1120 F   0.50359 0.28203 0.14032 0.05724 0.01414 0.00269 ( 1)  0.122
1121 N   0.00001 0.00300 0.03062 0.12118 0.27541 0.56978 ( 6)  0.788
1122 Q   0.09661 0.21646 0.24889 0.21555 0.13181 0.09068 ( 3)  0.342
1123 L   0.41551 0.27702 0.16989 0.09054 0.03382 0.01321 ( 1)  0.160
1124 Q   0.33553 0.25564 0.18406 0.12047 0.06192 0.04238 ( 1)  0.215
1125 E   0.02822 0.16968 0.27944 0.27897 0.16437 0.07933 ( 3)  0.372
1126 L   0.01106 0.08219 0.17423 0.23980 0.23142 0.26130 ( 6)  0.543
1127 L   0.29009 0.23627 0.18439 0.13391 0.08104 0.07431 ( 1)  0.259
1128 P   0.44127 0.28072 0.16259 0.08041 0.02666 0.00836 ( 1)  0.146
1129 Q   0.00071 0.01770 0.07039 0.15766 0.25004 0.50349 ( 6)  0.732
1130 V   0.01738 0.11785 0.22407 0.26845 0.20919 0.16307 ( 4)  0.459
1131 P   0.44026 0.28061 0.16290 0.08081 0.02692 0.00851 ( 1)  0.147
1132 K   0.19808 0.33025 0.26716 0.14832 0.04609 0.01009 ( 2)  0.207
1133 K   0.54980 0.27672 0.12152 0.04248 0.00836 0.00111 ( 1)  0.108
1134 V   0.12717 0.25984 0.26744 0.20097 0.09856 0.04601 ( 3)  0.283
1135 L   0.39030 0.27148 0.17547 0.10028 0.04201 0.02046 ( 1)  0.175
1136 K   0.45023 0.28114 0.15947 0.07698 0.02471 0.00746 ( 1)  0.143
1137 H   0.04686 0.12947 0.20380 0.24559 0.20573 0.16856 ( 4)  0.452
1138 F   0.46264 0.28197 0.15533 0.07222 0.02187 0.00596 ( 1)  0.137
1139 S   0.50626 0.28198 0.13932 0.05628 0.01366 0.00250 ( 1)  0.121
1140 D   0.41372 0.27686 0.17048 0.09125 0.03426 0.01343 ( 1)  0.160
1141 I   0.00000 0.00000 0.00029 0.00544 0.06396 0.93031 ( 6)  0.971
1142 T   0.00000 0.00000 0.00026 0.00499 0.05954 0.93520 ( 6)  0.973
1143 S   0.01162 0.08544 0.17900 0.24286 0.22962 0.25147 ( 6)  0.535
1144 L   0.00647 0.05234 0.12317 0.19426 0.23284 0.39093 ( 6)  0.640
1145 Y   0.00043 0.01133 0.04863 0.12028 0.22311 0.59622 ( 6)  0.788
1146 S   0.00000 0.00010 0.00228 0.01943 0.11150 0.86669 ( 6)  0.941
1147 L   0.00002 0.00140 0.01158 0.04801 0.15313 0.78586 ( 6)  0.899
1148 N   0.00391 0.07357 0.20865 0.30400 0.24900 0.16087 ( 4)  0.484
1149 A   0.00000 0.00002 0.00079 0.01038 0.08693 0.90189 ( 6)  0.958
1150 G   0.00000 0.00000 0.00001 0.00035 0.01455 0.98509 ( 6)  0.994
1151 V   0.00070 0.01745 0.06948 0.15594 0.24849 0.50793 ( 6)  0.735
1152 K   0.02482 0.15477 0.26565 0.27897 0.17741 0.09837 ( 4)  0.394
1153 C   0.00000 0.00000 0.00001 0.00041 0.01545 0.98413 ( 6)  0.994
1154 A   0.00000 0.00047 0.00655 0.03785 0.15133 0.80381 ( 6)  0.910
1155 S   0.01028 0.07717 0.16577 0.23252 0.23212 0.28213 ( 6)  0.559
1156 P   0.00000 0.00024 0.00352 0.02271 0.11010 0.86343 ( 6)  0.939
1157 A   0.10724 0.23285 0.25761 0.21210 0.11955 0.07066 ( 3)  0.318
1158 K   0.02604 0.15998 0.27037 0.27900 0.17308 0.09153 ( 4)  0.386
1159 K   0.00000 0.00095 0.01159 0.05777 0.18844 0.74125 ( 6)  0.879
1160 W   0.00000 0.00005 0.00090 0.00796 0.05990 0.93119 ( 6)  0.970
1161 D   0.00320 0.06268 0.18658 0.28915 0.26038 0.19802 ( 4)  0.516
1162 I   0.00000 0.00001 0.00051 0.00711 0.06688 0.92548 ( 6)  0.968
1163 L   0.00000 0.00043 0.00584 0.03375 0.13869 0.82130 ( 6)  0.919
1164 N   0.00133 0.03031 0.10810 0.21085 0.27056 0.37885 ( 6)  0.650
1165 T   0.00161 0.03585 0.12376 0.23094 0.27511 0.33273 ( 6)  0.619
1166 P   0.05188 0.13976 0.19675 0.21592 0.18398 0.21171 ( 4)  0.470
1167 N   0.00021 0.01382 0.07769 0.19763 0.29673 0.41392 ( 6)  0.687
1168 Y   0.00000 0.00009 0.00220 0.01879 0.10894 0.86998 ( 6)  0.943
1169 Q   0.00439 0.03772 0.09526 0.16420 0.22511 0.47332 ( 6)  0.698
1170 S   0.00103 0.02452 0.09163 0.18945 0.26522 0.42815 ( 6)  0.684
1171 *   0.00626 0.05109 0.12134 0.19319 0.23383 0.39429 ( 6)  0.643
1172 E   0.00075 0.01865 0.07339 0.16227 0.25245 0.49248 ( 6)  0.725
1173 L   0.03820 0.10552 0.15618 0.18718 0.19023 0.32270 ( 6)  0.560
1174 -   0.00038 0.01014 0.04435 0.11240 0.21651 0.61623 ( 6)  0.800
1175 -   0.00000 0.00003 0.00091 0.00931 0.07133 0.91842 ( 6)  0.965
1176 -   0.08496 0.19681 0.23595 0.21621 0.14533 0.12074 ( 3)  0.374
1177 -   0.00000 0.00004 0.00115 0.01123 0.07977 0.90781 ( 6)  0.960
1178 -   0.06420 0.15998 0.20911 0.21358 0.16905 0.18408 ( 4)  0.439
1179 Q   0.00000 0.00005 0.00124 0.01182 0.08187 0.90503 ( 6)  0.959
1180 D   0.00000 0.00005 0.00125 0.01196 0.08279 0.90395 ( 6)  0.958
1181 K   0.01581 0.10920 0.21239 0.26233 0.21503 0.18523 ( 4)  0.478
1182 G   0.10856 0.23450 0.25803 0.21119 0.11822 0.06951 ( 3)  0.316
1183 P   0.00000 0.00015 0.00335 0.02622 0.13272 0.83756 ( 6)  0.928
1184 S   0.10900 0.23524 0.25849 0.21110 0.11767 0.06849 ( 3)  0.315
1185 D   0.00001 0.00137 0.01585 0.07379 0.21565 0.69333 ( 6)  0.854
1186 V   0.00000 0.00107 0.01290 0.06329 0.19963 0.72311 ( 6)  0.870
1187 N   0.00028 0.01753 0.09389 0.22446 0.30571 0.35814 ( 6)  0.651
1188 T   0.00000 0.00030 0.00452 0.02886 0.13096 0.83536 ( 6)  0.926
1189 E   0.00276 0.05565 0.17151 0.27761 0.26684 0.22563 ( 4)  0.538
1190 A   0.00000 0.00015 0.00240 0.01673 0.09150 0.88922 ( 6)  0.951
1191 S   0.00000 0.00000 0.00001 0.00054 0.01785 0.98160 ( 6)  0.993
1192 I   0.00146 0.03286 0.11525 0.21998 0.27260 0.35785 ( 6)  0.636
1193 P   0.01051 0.07881 0.16888 0.23572 0.23259 0.27348 ( 6)  0.553
1194 P   0.42707 0.27897 0.16683 0.08599 0.03042 0.01072 ( 1)  0.153
1195 L   0.03732 0.10527 0.15839 0.19172 0.19400 0.31330 ( 6)  0.555
1196 S   0.03304 0.18970 0.29576 0.27561 0.14637 0.05953 ( 3)  0.347
1197 H   0.00000 0.00003 0.00105 0.01256 0.09482 0.89155 ( 6)  0.953
1198 H   0.00000 0.00000 0.00001 0.00057 0.01935 0.98007 ( 6)  0.992
1199 Q   0.00000 0.00005 0.00124 0.01186 0.08238 0.90447 ( 6)  0.959
1200 S   0.46071 0.28193 0.15604 0.07295 0.02226 0.00611 ( 1)  0.138
1201 Y   0.00000 0.00103 0.01246 0.06099 0.19377 0.73175 ( 6)  0.874
1202 V   0.00001 0.00156 0.01880 0.08818 0.24487 0.64658 ( 6)  0.831
1203 Q   0.00004 0.00347 0.02503 0.08741 0.21267 0.67138 ( 6)  0.838
1204 Q   0.00006 0.00441 0.03057 0.10143 0.22852 0.63501 ( 6)  0.818
1205 N   0.00278 0.05570 0.17082 0.27558 0.26532 0.22981 ( 4)  0.541
1206 S   0.00004 0.00308 0.02265 0.08093 0.20420 0.68910 ( 6)  0.848
1207 C   0.44240 0.28057 0.16206 0.08000 0.02654 0.00843 ( 1)  0.146
1208 S   0.01316 0.09452 0.19250 0.25186 0.22501 0.22295 ( 4)  0.511
1209 S   0.40158 0.27423 0.17320 0.09596 0.03818 0.01686 ( 1)  0.168
1210 K   0.11458 0.24252 0.26075 0.20762 0.11193 0.06261 ( 3)  0.306
1211 D   0.01354 0.09655 0.19510 0.25298 0.22340 0.21843 ( 4)  0.507
1212 Y   0.00008 0.00576 0.03825 0.12010 0.24794 0.58788 ( 6)  0.792
1213 K   0.00021 0.01392 0.07850 0.20001 0.29941 0.40796 ( 6)  0.683
1214 D   0.16652 0.30414 0.27346 0.17270 0.06456 0.01862 ( 2)  0.233
1215 L   0.00211 0.04462 0.14580 0.25408 0.27330 0.28009 ( 6)  0.580
1216 A   0.00005 0.00397 0.02811 0.09557 0.22278 0.64952 ( 6)  0.826
1217 H   0.00250 0.05154 0.16276 0.27113 0.27096 0.24111 ( 4)  0.551
1218 P   0.00001 0.00083 0.00788 0.03750 0.13851 0.81527 ( 6)  0.914
1219 D   0.00281 0.05667 0.17433 0.28096 0.26704 0.21819 ( 4)  0.533
1220 V   0.00118 0.02748 0.10033 0.20141 0.26925 0.40035 ( 6)  0.665
1221 R   0.00000 0.00000 0.00001 0.00047 0.01539 0.98413 ( 6)  0.994
1222 N   0.19017 0.32442 0.26939 0.15429 0.05007 0.01167 ( 2)  0.213
1223 S   0.43101 0.27935 0.16557 0.08444 0.02945 0.01018 ( 1)  0.152
1224 V   0.00002 0.00196 0.01585 0.06289 0.18177 0.73750 ( 6)  0.874
1225 V   0.01507 0.10534 0.20760 0.26047 0.21814 0.19338 ( 4)  0.486
1226 Q   0.10114 0.22340 0.25252 0.21402 0.12661 0.08232 ( 3)  0.332
1227 Q   0.01161 0.08762 0.18620 0.25230 0.23147 0.23079 ( 4)  0.521
1228 Q   0.00483 0.04091 0.10161 0.17151 0.22773 0.45341 ( 6)  0.684
1229 P   0.07754 0.18495 0.22913 0.21815 0.15422 0.13600 ( 3)  0.392
1230 F   0.00032 0.00907 0.04181 0.11080 0.22050 0.61751 ( 6)  0.803
1231 S   0.34450 0.25874 0.18314 0.11732 0.05838 0.03792 ( 1)  0.207
1232 R   0.03298 0.18901 0.29440 0.27470 0.14706 0.06184 ( 3)  0.349
1233 N   0.00011 0.00783 0.04899 0.14293 0.26524 0.53489 ( 6)  0.761
1234 S   0.00100 0.02392 0.08986 0.18708 0.26451 0.43363 ( 6)  0.687
1235 E   0.51677 0.28108 0.13510 0.05277 0.01220 0.00208 ( 1)  0.117
1236 -   0.00205 0.04342 0.14192 0.24836 0.27124 0.29300 ( 6)  0.589
1237 D   0.00002 0.00156 0.01342 0.05650 0.17387 0.75463 ( 6)  0.884
1238 N   0.00018 0.01209 0.07026 0.18591 0.29414 0.43742 ( 6)  0.702
1239 F   0.09808 0.21884 0.25031 0.21525 0.13007 0.08745 ( 3)  0.338
1240 F   0.02301 0.14608 0.25660 0.27794 0.18547 0.11090 ( 4)  0.408
1241 S   0.00008 0.00622 0.04090 0.12651 0.25448 0.57181 ( 6)  0.783
1242 T   0.00000 0.00091 0.01120 0.05630 0.18590 0.74568 ( 6)  0.881
1243 S   0.09602 0.21570 0.24870 0.21599 0.13245 0.09114 ( 3)  0.343
1244 N   0.00020 0.01329 0.07600 0.19670 0.29987 0.41394 ( 6)  0.688
1245 E   0.00007 0.00524 0.03534 0.11318 0.24107 0.60511 ( 6)  0.801
1246 Y   0.00000 0.00071 0.00912 0.04844 0.17236 0.76937 ( 6)  0.893
1247 A   0.00000 0.00000 0.00001 0.00069 0.02138 0.97792 ( 6)  0.991
1248 S   0.00004 0.00313 0.02298 0.08199 0.20602 0.68585 ( 6)  0.846
1249 -   0.02082 0.13525 0.24435 0.27470 0.19469 0.13018 ( 4)  0.427
1250 E   0.51478 0.28121 0.13589 0.05345 0.01250 0.00217 ( 1)  0.118
1251 F   0.14911 0.28580 0.27251 0.18578 0.07846 0.02834 ( 2)  0.253
1252 K   0.00020 0.01358 0.07696 0.19739 0.29844 0.41343 ( 6)  0.687
1253 N   0.00000 0.00077 0.00965 0.05002 0.17370 0.76586 ( 6)  0.891
1254 A   0.00000 0.00012 0.00278 0.02276 0.12292 0.85142 ( 6)  0.934
1255 T   0.00181 0.03947 0.13310 0.24121 0.27498 0.30942 ( 6)  0.602
1256 S   0.00000 0.00009 0.00225 0.01984 0.11582 0.86200 ( 6)  0.939
1257 R   0.00000 0.00037 0.00587 0.03723 0.15602 0.80051 ( 6)  0.910
1258 S   0.01251 0.09086 0.18739 0.24897 0.22739 0.23287 ( 4)  0.520
1259 P   0.01218 0.08890 0.18441 0.24690 0.22829 0.23932 ( 4)  0.525
1260 K   0.02848 0.17089 0.28064 0.27905 0.16327 0.07768 ( 3)  0.371
1261 M   0.00195 0.04174 0.13821 0.24541 0.27288 0.29981 ( 6)  0.594
1262 L   0.00000 0.00011 0.00175 0.01300 0.07842 0.90672 ( 6)  0.959
1263 I   0.00178 0.03865 0.13023 0.23657 0.27273 0.32005 ( 6)  0.609
1264 D   0.00006 0.00466 0.03201 0.10502 0.23242 0.62584 ( 6)  0.813
1265 K   0.00372 0.03332 0.08775 0.15770 0.22593 0.49159 ( 6)  0.712
1266 T   0.00002 0.00176 0.01406 0.05602 0.16741 0.76073 ( 6)  0.886
1267 P   0.00000 0.00037 0.00522 0.03097 0.13219 0.83126 ( 6)  0.924
1268 W   0.31828 0.24893 0.18496 0.12605 0.06900 0.05278 ( 1)  0.230
1269 N   0.18897 0.32349 0.26970 0.15523 0.05071 0.01191 ( 2)  0.214
1270 D   0.01322 0.09501 0.19348 0.25288 0.22513 0.22028 ( 4)  0.509
1271 H   0.00000 0.00010 0.00246 0.02056 0.11498 0.86189 ( 6)  0.939
1272 S   0.01006 0.07577 0.16347 0.23062 0.23243 0.28764 ( 6)  0.563
1273 P   0.00545 0.04538 0.11032 0.18118 0.23065 0.42702 ( 6)  0.666
1274 T   0.00161 0.03564 0.12282 0.22913 0.27390 0.33690 ( 6)  0.622
1275 C   0.00000 0.00000 0.00022 0.00357 0.04350 0.95271 ( 6)  0.980
1276 A   0.00000 0.00081 0.01005 0.05154 0.17625 0.76135 ( 6)  0.889
1277 Y   0.00000 0.00000 0.00002 0.00071 0.01968 0.97960 ( 6)  0.992
1278 D   0.00014 0.00983 0.05991 0.16762 0.28631 0.47618 ( 6)  0.727
1279 S   0.38951 0.27156 0.17588 0.10065 0.04212 0.02029 ( 1)  0.175
1280 F   0.15043 0.28727 0.27267 0.18481 0.07733 0.02748 ( 2)  0.251
1281 V   0.00084 0.02042 0.07915 0.17148 0.25785 0.47028 ( 6)  0.711
1282 P   0.00000 0.00001 0.00030 0.00480 0.05374 0.94115 ( 6)  0.975
1283 -   0.40298 0.27453 0.17290 0.09543 0.03774 0.01642 ( 1)  0.167
1284 -   0.00184 0.03985 0.13343 0.24032 0.27306 0.31150 ( 6)  0.603
1285 E   0.10786 0.23327 0.25718 0.21120 0.11909 0.07139 ( 3)  0.318
1286 L   0.00005 0.00434 0.03019 0.10047 0.22747 0.63747 ( 6)  0.820
1287 Q   0.00069 0.01731 0.06913 0.15566 0.24890 0.50829 ( 6)  0.735
1288 S   0.00020 0.01325 0.07542 0.19462 0.29718 0.41934 ( 6)  0.691
1289 L   0.00001 0.00058 0.00543 0.02645 0.10826 0.85928 ( 6)  0.936
1290 S   0.00000 0.00034 0.00677 0.04544 0.18175 0.76570 ( 6)  0.894
1291 F   0.14066 0.27599 0.27079 0.19170 0.08603 0.03483 ( 2)  0.264
1292 A   0.00081 0.01986 0.07747 0.16907 0.25690 0.47589 ( 6)  0.715
1293 T   0.03133 0.18225 0.28902 0.27594 0.15304 0.06842 ( 3)  0.358
1294 N   0.00009 0.00681 0.04610 0.14298 0.27490 0.52913 ( 6)  0.760
1295 V   0.00000 0.00000 0.00006 0.00174 0.03408 0.96412 ( 6)  0.985
1296 T   0.02309 0.14645 0.25695 0.27798 0.18520 0.11032 ( 4)  0.407
1297 D   0.02682 0.16379 0.27451 0.27985 0.16973 0.08530 ( 4)  0.380
1298 L   0.00000 0.00000 0.00008 0.00189 0.03243 0.96560 ( 6)  0.986
1299 G   0.00127 0.02918 0.10523 0.20791 0.27107 0.38533 ( 6)  0.655
1300 I   0.00138 0.03173 0.11380 0.22121 0.27684 0.35504 ( 6)  0.636
1301 K   0.00000 0.00012 0.00281 0.02287 0.12267 0.85153 ( 6)  0.934
1302 E   0.02768 0.16732 0.27726 0.27901 0.16647 0.08226 ( 4)  0.376
1303 V   0.00011 0.00804 0.05037 0.14678 0.27005 0.52464 ( 6)  0.755
1304 P   0.00077 0.01901 0.07467 0.16454 0.25414 0.48687 ( 6)  0.722
1305 Q   0.00000 0.00000 0.00009 0.00207 0.03436 0.96348 ( 6)  0.985
1306 G   0.00000 0.00000 0.00001 0.00038 0.01369 0.98592 ( 6)  0.994
1307 K   0.53345 0.27898 0.12824 0.04751 0.01023 0.00158 ( 1)  0.113
1308 K   0.53779 0.27841 0.12646 0.04616 0.00972 0.00145 ( 1)  0.111
1309 R   0.01271 0.09177 0.18819 0.24864 0.22606 0.23261 ( 4)  0.519
1310 R   0.02903 0.17332 0.28286 0.27896 0.16107 0.07476 ( 3)  0.367
1311 L   0.31676 0.24776 0.18434 0.12611 0.06979 0.05525 ( 1)  0.233
1312 T   0.00003 0.00257 0.02214 0.08837 0.23114 0.65576 ( 6)  0.833
1313 F   0.01703 0.11575 0.22081 0.26616 0.21023 0.17001 ( 4)  0.465
1314 E   0.51558 0.28116 0.13557 0.05317 0.01238 0.00213 ( 1)  0.118
1315 R   0.51753 0.28101 0.13480 0.05252 0.01210 0.00205 ( 1)  0.117
1316 V   0.07073 0.17243 0.21944 0.21644 0.16199 0.15897 ( 3)  0.415
1317 P   0.39762 0.27383 0.17451 0.09759 0.03920 0.01726 ( 1)  0.170
1318 G   0.44764 0.28115 0.16046 0.07796 0.02519 0.00760 ( 1)  0.144
1319 R   0.51753 0.28101 0.13480 0.05252 0.01210 0.00205 ( 1)  0.117
1320 S   0.00000 0.00004 0.00162 0.01778 0.11701 0.86355 ( 6)  0.941
1321 D   0.51433 0.28140 0.13612 0.05353 0.01248 0.00213 ( 1)  0.118
1322 G   0.44542 0.28095 0.16117 0.07882 0.02574 0.00791 ( 1)  0.145
1323 Q   0.40390 0.27496 0.17289 0.09511 0.03730 0.01585 ( 1)  0.166
1324 T   0.49629 0.28232 0.14314 0.05981 0.01533 0.00310 ( 1)  0.124
1325 R   0.09976 0.22157 0.25197 0.21495 0.12811 0.08364 ( 3)  0.334
1326 L   0.42984 0.27920 0.16592 0.08491 0.02976 0.01037 ( 1)  0.152
1327 K   0.52655 0.27962 0.13100 0.04978 0.01117 0.00187 ( 1)  0.115

Positively selected sites

	Prob(w>1)  mean w



lnL = -32886.544651

