

TREE # 1

  0  0.0000   8627.321184  x:  0.05960   0.06328   0.08781   0.08607   0.09998   0.05518   0.09111   0.07873   0.08515   0.06088   0.07898   0.06304   0.08467   0.02786   0.06885   0.02750   0.02594   0.02050   0.02153   0.07631   0.07188   0.04771   0.10527   0.08185   0.04741   0.05552   0.10768   0.04175   0.08176   0.05765   0.05025   0.05150   0.10896   0.05283   0.03530   0.07851   0.04356   0.05211   0.02988   0.09861   0.02390   0.01475   0.06632   0.03079   0.08997   2.00000   0.90000   0.75912   1.04281  
  1 99.0000   8212.359637  x:  0.01733   0.03266   0.10869   0.12133   0.06693   0.09050   0.10393   0.04087   0.19921   0.15204   0.19055   0.10270   0.17700   0.10829   0.07002   0.26808   0.03560   0.09830   0.20462   0.10676   0.16697   0.01234   0.12563   0.04877   0.10008   0.12347   0.15446   0.07742   0.15009   0.09463   0.10083   0.00000   0.07281   0.04955   0.02546   0.06853   0.02501   0.05071   0.04110   0.09478   0.06913   0.06053   0.05145   0.11848   0.10046   2.01445   0.92309   0.73453   1.05631  
  2 2929.4486   8171.075066  x:  0.00522   0.02629   0.11319   0.13086   0.05264   0.09399   0.09893   0.02091   0.20787   0.16616   0.20727   0.10605   0.18900   0.10191   0.06570   0.26076   0.02262   0.08706   0.19586   0.11052   0.17677   0.00000   0.13419   0.03549   0.10229   0.13309   0.16198   0.08322   0.16044   0.09911   0.10606   0.00000   0.06016   0.05484   0.02845   0.06431   0.02322   0.05732   0.04386   0.09778   0.06007   0.04671   0.04878   0.11435   0.10370   2.02122   0.92765   0.72609   1.05984  
  3 803.7558   8149.011974  x:  0.02355   0.02946   0.11487   0.13795   0.04146   0.09654   0.09139   0.00000   0.21254   0.17798   0.22050   0.10657   0.19714   0.09773   0.06439   0.25540   0.01794   0.08018   0.18891   0.11221   0.18402   0.00000   0.14087   0.02672   0.10432   0.13873   0.16674   0.08708   0.16663   0.10189   0.10984   0.00000   0.05101   0.05346   0.02467   0.06008   0.01864   0.05772   0.04505   0.10013   0.05666   0.04065   0.04973   0.11170   0.10582   2.02830   0.93204   0.71724   1.06341  
  4 1270.4411   8120.052182  x:  0.01181   0.04066   0.10600   0.15486   0.00000   0.10743   0.01489   0.00000   0.20217   0.23603   0.27835   0.08778   0.21657   0.08805   0.07777   0.22779   0.06374   0.07258   0.15246   0.10381   0.20458   0.00000   0.16465   0.02001   0.11263   0.14219   0.17431   0.09525   0.17214   0.09312   0.10550   0.00000   0.05297   0.04124   0.00830   0.03269   0.00387   0.04729   0.04276   0.09587   0.07614   0.06958   0.05720   0.10587   0.10527   2.07836   0.95475   0.65675   1.08552  
  5 414.1302   8120.052182  x:  0.01181   0.04066   0.10600   0.15486   0.00000   0.10743   0.01489   0.00000   0.20217   0.23603   0.27835   0.08778   0.21657   0.08805   0.07777   0.22779   0.06374   0.07258   0.15246   0.10381   0.20458   0.00000   0.16465   0.02001   0.11263   0.14219   0.17431   0.09525   0.17214   0.09312   0.10550   0.00000   0.05297   0.04124   0.00830   0.03269   0.00387   0.04729   0.04276   0.09587   0.07614   0.06958   0.05720   0.10587   0.10527   2.07836   0.95475   0.65675   1.08552  
  6 1403.0621   8093.756196  x:  0.00000   0.03017   0.11045   0.15969   0.01514   0.11207   0.00533   0.00000   0.20056   0.24645   0.28985   0.09249   0.22280   0.08391   0.07038   0.22097   0.04545   0.06318   0.14608   0.10658   0.20970   0.00950   0.16866   0.01395   0.11253   0.14731   0.17893   0.09786   0.17793   0.09777   0.10915   0.00000   0.04364   0.06201   0.04377   0.03082   0.02727   0.06628   0.04556   0.09838   0.06337   0.05161   0.05235   0.10266   0.10714   2.08500   0.95554   0.64969   1.08767  
  7 802.6511   8086.357297  x:  0.01138   0.02688   0.11238   0.16173   0.01633   0.11365   0.00000   0.00000   0.19944   0.25173   0.29566   0.09430   0.22591   0.08214   0.06728   0.21768   0.03685   0.05933   0.14307   0.10755   0.21177   0.00859   0.17044   0.01128   0.11237   0.14976   0.18104   0.09929   0.18049   0.10016   0.11134   0.00000   0.03953   0.06524   0.04872   0.02988   0.02991   0.06992   0.04660   0.09973   0.05787   0.04360   0.05053   0.10124   0.10809   2.08841   0.95567   0.64620   1.08867  
  8 970.1348   8072.814816  x:  0.00758   0.02068   0.11657   0.16592   0.01173   0.11665   0.00000   0.00000   0.19590   0.26517   0.31031   0.09769   0.23358   0.07846   0.06109   0.20973   0.01733   0.05206   0.13597   0.10914   0.21624   0.00000   0.17462   0.00697   0.11205   0.15558   0.18593   0.10298   0.18653   0.10461   0.11547   0.00000   0.03196   0.06376   0.04504   0.02760   0.02479   0.07081   0.04861   0.10267   0.04673   0.02698   0.04692   0.09825   0.11025   2.09723   0.95552   0.63743   1.09107  
  9 815.0263   8061.985394  x:  0.00634   0.03427   0.12382   0.17902   0.02651   0.12636   0.00000   0.00000   0.18437   0.30415   0.35190   0.10045   0.25381   0.07293   0.05578   0.18720   0.00534   0.05383   0.11742   0.11127   0.23020   0.00000   0.18760   0.03082   0.11492   0.17041   0.19896   0.11243   0.20190   0.11348   0.12444   0.00000   0.03672   0.06416   0.03853   0.02216   0.01477   0.07655   0.05296   0.10863   0.04250   0.03864   0.04535   0.09162   0.11508   2.12849   0.95569   0.60558   1.09996  
 10 362.6399   8054.945254  x:  0.00544   0.03248   0.12907   0.18999   0.02861   0.13446   0.00000   0.00000   0.17132   0.34521   0.39567   0.09958   0.27438   0.07081   0.05570   0.16637   0.03608   0.05850   0.10173   0.11171   0.24284   0.00000   0.19972   0.02970   0.11426   0.18373   0.21105   0.12262   0.21615   0.11949   0.13208   0.00000   0.03639   0.06596   0.03326   0.01846   0.00746   0.08337   0.05652   0.11280   0.04243   0.03780   0.04604   0.08744   0.11926   2.16489   0.95159   0.57136   1.10868  
 11 637.9573   8048.014680  x:  0.00632   0.02710   0.12400   0.19253   0.01768   0.13802   0.00000   0.00000   0.15668   0.38261   0.43460   0.08287   0.28846   0.07853   0.06568   0.15815   0.02786   0.06273   0.10344   0.10498   0.24885   0.00000   0.20687   0.00816   0.11041   0.18787   0.21633   0.13124   0.22134   0.11413   0.13113   0.00000   0.04410   0.06909   0.02903   0.02428   0.01591   0.08705   0.05591   0.10893   0.06546   0.05151   0.05540   0.09379   0.11880   2.21296   0.93159   0.53710   1.11481  
 12 280.0170   8040.617936  x:  0.00815   0.03040   0.10911   0.18710   0.01784   0.14589   0.00000   0.00000   0.13804   0.42223   0.47389   0.05004   0.29362   0.08418   0.07285   0.17214   0.02763   0.06547   0.12582   0.09518   0.24790   0.00000   0.20888   0.01660   0.11527   0.17979   0.21304   0.13848   0.21453   0.09985   0.11999   0.00000   0.03634   0.07442   0.03564   0.03099   0.00534   0.07414   0.04873   0.09787   0.05875   0.04603   0.05023   0.10266   0.11113   2.29534   0.88157   0.49573   1.11865  
 13 235.5016   8036.713714  x:  0.00862   0.03477   0.10572   0.18090   0.02219   0.15776   0.00000   0.00000   0.12466   0.44130   0.49119   0.04576   0.28929   0.07994   0.06853   0.18558   0.03066   0.06290   0.13542   0.09738   0.24212   0.00000   0.20492   0.01790   0.11736   0.16829   0.20648   0.14098   0.20580   0.09909   0.11332   0.00000   0.04236   0.06436   0.02172   0.03030   0.02401   0.07339   0.04787   0.09815   0.04823   0.04292   0.04761   0.10204   0.10795   2.36003   0.84482   0.46912   1.12089  
 14 293.9125   8032.764539  x:  0.00878   0.03170   0.11388   0.17457   0.02450   0.17339   0.00000   0.00000   0.11502   0.45053   0.49657   0.05644   0.27673   0.07270   0.05975   0.19721   0.03086   0.05791   0.13392   0.10464   0.23134   0.00000   0.19505   0.01166   0.11606   0.15285   0.19768   0.14131   0.19550   0.10776   0.11370   0.00000   0.04563   0.06187   0.02752   0.02517   0.01459   0.06339   0.04950   0.10712   0.05472   0.04908   0.05082   0.09605   0.10983   2.44083   0.80853   0.44136   1.12406  
 15 245.0051   8028.918876  x:  0.00838   0.02617   0.12684   0.17242   0.01306   0.17896   0.00000   0.00000   0.12540   0.44389   0.48372   0.05133   0.25937   0.07935   0.06547   0.19781   0.02899   0.06215   0.11817   0.10192   0.21999   0.00000   0.18220   0.02395   0.11448   0.14346   0.19498   0.14060   0.19151   0.11474   0.12321   0.00000   0.03576   0.06060   0.02453   0.02100   0.01181   0.07899   0.05376   0.11085   0.05940   0.04760   0.05420   0.09193   0.11630   2.54753   0.78054   0.41121   1.12990  
 16 196.4300   8025.174568  x:  0.00773   0.03852   0.12916   0.17545   0.01633   0.17351   0.00000   0.00000   0.13797   0.42552   0.45948   0.05132   0.24807   0.08230   0.06794   0.18803   0.02724   0.06545   0.10539   0.09896   0.21841   0.00000   0.17459   0.01187   0.11115   0.14416   0.20151   0.14000   0.19507   0.11180   0.12877   0.00000   0.04840   0.06491   0.02222   0.02550   0.00347   0.08342   0.05492   0.10546   0.05027   0.04131   0.04969   0.09437   0.11808   2.66829   0.76435   0.38446   1.13755  
 17 252.6186   8019.279309  x:  0.00784   0.02757   0.11757   0.18363   0.01835   0.14994   0.00000   0.00000   0.14798   0.38688   0.41437   0.07134   0.24470   0.07476   0.05999   0.16439   0.02735   0.06248   0.10222   0.10140   0.22758   0.00000   0.17446   0.01576   0.11255   0.15576   0.22038   0.13995   0.20627   0.09854   0.12824   0.00000   0.04015   0.06698   0.01893   0.03083   0.01361   0.06406   0.05200   0.09549   0.05184   0.04255   0.04509   0.09968   0.11275   2.88545   0.75162   0.34828   1.15229  
 18 364.3816   8016.748205  x:  0.00712   0.03596   0.11040   0.18370   0.00987   0.13239   0.00000   0.00000   0.14807   0.36915   0.40032   0.07581   0.25747   0.07306   0.06133   0.16276   0.02771   0.05760   0.11432   0.10303   0.23443   0.00000   0.18440   0.01483   0.11231   0.15834   0.22516   0.13968   0.20796   0.10736   0.12000   0.00000   0.03764   0.06132   0.02679   0.02380   0.01252   0.07092   0.04971   0.10541   0.04932   0.04302   0.05161   0.09165   0.10838   2.98853   0.75604   0.34837   1.15967  
 19 217.7357   8015.313364  x:  0.00722   0.02600   0.11074   0.18264   0.02088   0.12825   0.00000   0.00000   0.15042   0.36022   0.39816   0.07542   0.26943   0.07534   0.06451   0.16804   0.02636   0.05781   0.11917   0.10278   0.23889   0.00000   0.19365   0.01344   0.11203   0.15663   0.22429   0.13859   0.20618   0.10988   0.11567   0.00000   0.04023   0.05822   0.02446   0.02015   0.00733   0.07793   0.04984   0.10746   0.05172   0.04187   0.04929   0.08842   0.10843   3.05253   0.76394   0.36293   1.16417  
 20 178.0630   8012.926905  x:  0.00666   0.03135   0.12154   0.17791   0.01643   0.13483   0.00000   0.00000   0.15378   0.35214   0.40825   0.07760   0.29035   0.07373   0.06036   0.18097   0.02694   0.06172   0.11460   0.10272   0.24045   0.00000   0.20866   0.01333   0.11159   0.15018   0.21691   0.13648   0.20108   0.10746   0.11714   0.00000   0.03786   0.06807   0.02497   0.02538   0.01114   0.07695   0.05332   0.09983   0.05349   0.04166   0.04500   0.09557   0.11434   3.17210   0.78726   0.41478   1.17275  
 21 162.3823   8012.250366  x:  0.00671   0.02804   0.11820   0.17869   0.01594   0.13964   0.00000   0.00000   0.15417   0.35465   0.41346   0.07574   0.28679   0.07607   0.06233   0.17949   0.02739   0.05898   0.11318   0.10219   0.23789   0.00000   0.20598   0.01471   0.11356   0.15161   0.21631   0.13583   0.20143   0.10454   0.12087   0.00000   0.04199   0.06770   0.02743   0.02581   0.01236   0.07383   0.05163   0.10251   0.04800   0.04233   0.05371   0.09660   0.11283   3.20776   0.79742   0.43684   1.17589  
 22 98.5866   8011.616720  x:  0.00649   0.03109   0.11235   0.18107   0.01836   0.14388   0.00000   0.00000   0.15281   0.36091   0.41888   0.07248   0.27556   0.07702   0.06374   0.17515   0.02758   0.05768   0.11480   0.10207   0.23418   0.00000   0.19781   0.01196   0.11522   0.15547   0.21702   0.13488   0.20344   0.10449   0.12343   0.00000   0.03794   0.06401   0.02845   0.02459   0.01358   0.07303   0.04892   0.10552   0.05135   0.04228   0.04925   0.09421   0.10904   3.24130   0.80967   0.46111   1.17973  
 23 105.0417   8011.438392  x:  0.00671   0.02933   0.11264   0.18180   0.01640   0.14198   0.00000   0.00000   0.14982   0.36482   0.41975   0.07166   0.26955   0.07502   0.06227   0.17446   0.02737   0.05997   0.11762   0.10261   0.23337   0.00000   0.19360   0.01329   0.11467   0.15737   0.21720   0.13405   0.20432   0.10617   0.12088   0.00000   0.04084   0.06432   0.02892   0.02434   0.01290   0.07424   0.04971   0.10348   0.05176   0.04155   0.04763   0.09439   0.10989   3.25092   0.81567   0.46784   1.18214  
 24 45.3371   8011.376659  x:  0.00674   0.02975   0.11395   0.18170   0.01745   0.14046   0.00000   0.00000   0.14817   0.36715   0.41925   0.07178   0.26696   0.07511   0.06234   0.17509   0.02731   0.05960   0.11829   0.10287   0.23376   0.00000   0.19191   0.01270   0.11385   0.15794   0.21671   0.13315   0.20429   0.10621   0.11882   0.00000   0.03895   0.06452   0.02781   0.02453   0.01234   0.07463   0.05031   0.10213   0.05099   0.04212   0.04952   0.09521   0.11087   3.25416   0.81919   0.46966   1.18408  
 25 25.1362   8011.342865  x:  0.00686   0.02981   0.11433   0.18057   0.01678   0.13930   0.00000   0.00000   0.14753   0.36939   0.41782   0.07183   0.26623   0.07598   0.06289   0.17602   0.02743   0.05781   0.11721   0.10251   0.23445   0.00000   0.19157   0.01312   0.11351   0.15805   0.21533   0.13182   0.20346   0.10505   0.11790   0.00000   0.03942   0.06509   0.02711   0.02466   0.01242   0.07380   0.05025   0.10301   0.05115   0.04202   0.04855   0.09453   0.11062   3.25571   0.82230   0.47007   1.18694  
 26 11.1647   8011.309438  x:  0.00696   0.02974   0.11330   0.17911   0.01634   0.13930   0.00000   0.00000   0.14782   0.37151   0.41555   0.07124   0.26665   0.07493   0.06203   0.17603   0.02708   0.05974   0.11628   0.10180   0.23483   0.00000   0.19205   0.01280   0.11349   0.15823   0.21298   0.12982   0.20210   0.10469   0.11834   0.00000   0.03918   0.06432   0.02666   0.02437   0.01239   0.07294   0.04957   0.10323   0.05106   0.04174   0.04904   0.09400   0.10969   3.25692   0.82505   0.47058   1.19163  
 27 10.7803   8011.272121  x:  0.00703   0.02966   0.11255   0.17896   0.01537   0.14076   0.00000   0.00000   0.14737   0.37215   0.41341   0.07132   0.26808   0.07524   0.06232   0.17436   0.02720   0.05829   0.11691   0.10208   0.23372   0.00000   0.19294   0.01295   0.11363   0.15974   0.21013   0.12753   0.20149   0.10584   0.11895   0.00000   0.03939   0.06286   0.02643   0.02443   0.01181   0.07296   0.04960   0.10099   0.05102   0.04209   0.04869   0.09491   0.10962   3.25784   0.82526   0.47216   1.19915  
 28  9.1493   8011.179360  x:  0.00718   0.03008   0.11443   0.18104   0.01452   0.14213   0.00000   0.00000   0.14534   0.37053   0.41137   0.07087   0.27027   0.07516   0.06280   0.17208   0.02698   0.05912   0.11907   0.10192   0.23091   0.00000   0.19376   0.01303   0.11358   0.16633   0.20432   0.12310   0.20264   0.10407   0.11783   0.00000   0.03935   0.06381   0.02428   0.02486   0.01144   0.07192   0.05040   0.10367   0.05148   0.04110   0.04913   0.09466   0.11069   3.25961   0.82064   0.47719   1.22150  
 29 15.0511   8010.963033  x:  0.00716   0.02851   0.11392   0.18219   0.01266   0.13956   0.00000   0.00000   0.14599   0.36695   0.41357   0.07008   0.27039   0.07469   0.06173   0.17620   0.02680   0.05892   0.11656   0.10066   0.23119   0.00000   0.19254   0.01121   0.11393   0.18180   0.19287   0.11629   0.20448   0.10524   0.11699   0.00000   0.03847   0.06393   0.02324   0.02408   0.01128   0.07095   0.04932   0.10289   0.04889   0.04459   0.04785   0.09298   0.11020   3.26365   0.80866   0.48574   1.27808  
 30 34.9375   8010.660311  x:  0.00702   0.02965   0.11197   0.18166   0.01289   0.13693   0.00000   0.00000   0.14776   0.36340   0.41764   0.07203   0.26882   0.07533   0.06168   0.18136   0.02645   0.05830   0.11489   0.10121   0.23365   0.00000   0.19048   0.01185   0.11485   0.20048   0.17698   0.10845   0.20519   0.10665   0.11704   0.00000   0.03922   0.06230   0.02348   0.02425   0.01140   0.06992   0.04856   0.10118   0.05260   0.03905   0.05034   0.09422   0.10941   3.26948   0.79418   0.49471   1.35915  
 31 156.1155   8010.263734  x:  0.00662   0.02830   0.11167   0.17827   0.01203   0.13810   0.00000   0.00000   0.15040   0.36248   0.42093   0.07503   0.26510   0.07665   0.06400   0.18022   0.02540   0.05996   0.12142   0.10453   0.23663   0.00000   0.18875   0.01044   0.11466   0.21534   0.15650   0.10290   0.20208   0.10367   0.11929   0.00000   0.03783   0.06093   0.02578   0.02609   0.01124   0.07134   0.05054   0.10390   0.04963   0.03886   0.04738   0.09771   0.10929   3.27747   0.78002   0.50159   1.46957  
 32 120.9769   8009.898996  x:  0.00609   0.02752   0.11330   0.17706   0.01354   0.14014   0.00000   0.00000   0.15070   0.36346   0.41936   0.06844   0.26270   0.07351   0.06041   0.17554   0.02565   0.05477   0.12542   0.10140   0.23527   0.00000   0.18881   0.00915   0.11450   0.22104   0.14310   0.10317   0.19897   0.10344   0.11860   0.00000   0.03735   0.06394   0.02569   0.02517   0.01227   0.07102   0.04958   0.10232   0.04985   0.03723   0.04813   0.09459   0.10940   3.28455   0.76761   0.50820   1.57014  
 33 131.5557   8009.536786  x:  0.00584   0.02648   0.11169   0.17848   0.01428   0.14282   0.00000   0.00000   0.14224   0.36533   0.41418   0.06793   0.26329   0.07642   0.06364   0.17573   0.02421   0.05744   0.12245   0.09995   0.22805   0.00000   0.18901   0.00810   0.11435   0.22008   0.14038   0.10876   0.19825   0.10566   0.11472   0.00000   0.03617   0.06507   0.02728   0.02431   0.01390   0.06880   0.04697   0.09994   0.04805   0.03447   0.04732   0.09236   0.10771   3.29125   0.75551   0.51648   1.67116  
 34 112.1007   8009.189518  x:  0.00566   0.02551   0.10864   0.18001   0.01380   0.14350   0.00000   0.00000   0.13866   0.36637   0.40977   0.06532   0.26506   0.07421   0.06005   0.18157   0.02401   0.05528   0.12103   0.09989   0.22162   0.00000   0.18774   0.00759   0.11460   0.21465   0.14867   0.11594   0.20030   0.10265   0.11487   0.00000   0.03541   0.06172   0.02847   0.02642   0.01244   0.07168   0.04856   0.10286   0.04848   0.03371   0.04652   0.09779   0.10713   3.29722   0.74402   0.52647   1.76806  
 35 117.1884   8008.730007  x:  0.00545   0.02540   0.11065   0.17988   0.01104   0.14367   0.00000   0.00000   0.14623   0.36531   0.41028   0.06642   0.26590   0.07503   0.06172   0.18697   0.02331   0.05499   0.12970   0.10177   0.22213   0.00000   0.18404   0.00667   0.11569   0.19922   0.16999   0.12340   0.20346   0.10291   0.11918   0.00000   0.03552   0.06185   0.02617   0.02571   0.01331   0.06672   0.04907   0.10078   0.04814   0.03223   0.04695   0.09369   0.10846   3.30459   0.72803   0.54265   1.89475  
 36 103.6119   8008.582709  x:  0.00547   0.02497   0.10993   0.17907   0.00975   0.14249   0.00000   0.00000   0.14724   0.36257   0.41345   0.06828   0.26387   0.07528   0.06125   0.18303   0.02316   0.05479   0.12925   0.10025   0.22583   0.00000   0.18414   0.00704   0.11568   0.19020   0.17678   0.12287   0.20152   0.10482   0.11643   0.00000   0.03522   0.06337   0.02419   0.02638   0.01256   0.06709   0.04625   0.10234   0.04790   0.03187   0.04669   0.09651   0.10742   3.30679   0.72101   0.54953   1.93261  
 37 59.9364   8008.546895  x:  0.00554   0.02503   0.10975   0.17920   0.00942   0.14173   0.00000   0.00000   0.14597   0.36067   0.41540   0.06757   0.26265   0.07494   0.06148   0.18154   0.02303   0.05483   0.12799   0.10070   0.22672   0.00000   0.18518   0.00694   0.11563   0.18730   0.17855   0.12093   0.20061   0.10327   0.11582   0.00000   0.03512   0.06174   0.02501   0.02618   0.01249   0.06690   0.04827   0.10150   0.04785   0.03164   0.04673   0.09526   0.10750   3.30741   0.71976   0.55071   1.94004  
 38 16.5414   8008.507032  x:  0.00546   0.02481   0.10980   0.17980   0.00941   0.14231   0.00000   0.00000   0.14386   0.35751   0.41860   0.06582   0.26121   0.07508   0.06121   0.18225   0.02291   0.05464   0.12827   0.10138   0.22505   0.00000   0.18676   0.00673   0.11544   0.18533   0.18113   0.11603   0.20054   0.10377   0.11706   0.00000   0.03505   0.06188   0.02485   0.02618   0.01277   0.06637   0.04675   0.10170   0.04768   0.03135   0.04645   0.09555   0.10784   3.30851   0.72198   0.54869   1.94351  
 39  6.0432   8008.463381  x:  0.00545   0.02469   0.10889   0.17920   0.00910   0.14454   0.00000   0.00000   0.14419   0.35677   0.42085   0.06718   0.26170   0.07452   0.06125   0.18271   0.02280   0.05433   0.12870   0.09889   0.22295   0.00000   0.18612   0.00664   0.11579   0.18478   0.18351   0.11215   0.20081   0.10335   0.11546   0.00000   0.03481   0.06278   0.02452   0.02613   0.01230   0.06726   0.04809   0.10119   0.04764   0.03121   0.04669   0.09486   0.10637   3.31004   0.72372   0.54679   1.94261  
 40  5.6912   8008.210421  x:  0.00535   0.02421   0.11167   0.17477   0.01006   0.14518   0.00000   0.00000   0.14583   0.36298   0.42361   0.06451   0.26977   0.07598   0.06000   0.17980   0.02258   0.05448   0.12680   0.10022   0.22142   0.00000   0.17867   0.00633   0.11566   0.18345   0.18985   0.10328   0.20123   0.10420   0.11120   0.00000   0.03466   0.05983   0.02726   0.02570   0.01345   0.06579   0.04717   0.10221   0.04721   0.03041   0.04600   0.09600   0.10892   3.31963   0.72499   0.54316   1.92159  
 41  7.0009   8007.416579  x:  0.00419   0.02312   0.11150   0.17442   0.00995   0.14250   0.00000   0.00000   0.13737   0.38277   0.42703   0.06574   0.27915   0.07125   0.06311   0.17862   0.02134   0.05303   0.12523   0.10380   0.22696   0.00000   0.17450   0.00611   0.11517   0.17768   0.19882   0.09419   0.19977   0.10283   0.12215   0.00000   0.03329   0.06605   0.02482   0.02593   0.01109   0.07248   0.04583   0.10104   0.04710   0.02795   0.04695   0.09350   0.10833   3.34988   0.72540   0.53660   1.84753  
 42 39.5257   8006.024260  x:  0.00270   0.02115   0.11515   0.18491   0.00792   0.14780   0.00000   0.00000   0.13575   0.41055   0.43630   0.06422   0.27676   0.07980   0.05704   0.18080   0.01984   0.05364   0.12435   0.09662   0.23904   0.00000   0.19098   0.00411   0.11567   0.17116   0.20732   0.10070   0.20152   0.11117   0.12588   0.00000   0.03204   0.06478   0.02592   0.02519   0.01205   0.07006   0.05654   0.10543   0.04628   0.02375   0.04638   0.09699   0.10917   3.40352   0.73545   0.52056   1.71434  
 43 108.7451   8005.383804  x:  0.00260   0.02032   0.11758   0.18422   0.00500   0.15433   0.00000   0.00000   0.13934   0.41679   0.44543   0.06428   0.27380   0.07357   0.06109   0.18074   0.01865   0.05232   0.12113   0.10090   0.24003   0.00000   0.20013   0.00379   0.11446   0.17047   0.20872   0.11401   0.20397   0.10742   0.11871   0.00000   0.03151   0.06169   0.02684   0.02552   0.01054   0.07260   0.04927   0.10458   0.04653   0.02203   0.04655   0.09556   0.11265   3.42744   0.74422   0.51160   1.65450  
 44 102.6924   8005.122990  x:  0.00252   0.02005   0.11676   0.17482   0.00563   0.15209   0.00000   0.00000   0.13619   0.41171   0.45437   0.06365   0.27597   0.07635   0.05778   0.17721   0.01821   0.05236   0.12029   0.10229   0.23589   0.00000   0.19750   0.00407   0.11329   0.17038   0.20613   0.12765   0.20414   0.10725   0.12004   0.00000   0.03094   0.06313   0.02467   0.02513   0.00943   0.07288   0.05085   0.10405   0.04626   0.02134   0.04687   0.09428   0.11135   3.43708   0.75106   0.50698   1.63007  
 45 34.3883   8005.078607  x:  0.00250   0.01994   0.11755   0.17510   0.00600   0.15112   0.00000   0.00000   0.13524   0.40987   0.45650   0.06334   0.27735   0.07421   0.05988   0.17681   0.01810   0.05199   0.12014   0.10010   0.23569   0.00000   0.19499   0.00408   0.11341   0.16966   0.20471   0.13066   0.20347   0.10819   0.12093   0.00000   0.03093   0.06233   0.02482   0.02507   0.00982   0.07172   0.05158   0.10446   0.04604   0.02110   0.04647   0.09531   0.11129   3.43874   0.75305   0.50574   1.62605  
 46 17.9474   8005.066807  x:  0.00250   0.01997   0.11754   0.17722   0.00571   0.15142   0.00000   0.00000   0.13498   0.40903   0.45724   0.06354   0.27837   0.07474   0.05918   0.17694   0.01807   0.05202   0.12026   0.09976   0.23632   0.00000   0.19309   0.00411   0.11337   0.16896   0.20377   0.13159   0.20269   0.10756   0.12088   0.00000   0.03096   0.06193   0.02492   0.02513   0.00971   0.07199   0.05093   0.10420   0.04606   0.02107   0.04648   0.09495   0.11133   3.43922   0.75398   0.50514   1.62511  
 47  6.6866   8005.064200  x:  0.00249   0.01994   0.11701   0.17762   0.00562   0.15186   0.00000   0.00000   0.13506   0.40882   0.45726   0.06311   0.27857   0.07461   0.05930   0.17704   0.01804   0.05200   0.12010   0.10040   0.23669   0.00000   0.19267   0.00414   0.11315   0.16888   0.20365   0.13173   0.20256   0.10785   0.12059   0.00000   0.03090   0.06235   0.02470   0.02509   0.00971   0.07186   0.05136   0.10432   0.04607   0.02107   0.04651   0.09498   0.11127   3.43936   0.75416   0.50501   1.62502  
 48  1.7897   8005.017486  x:  0.00254   0.01994   0.11783   0.17544   0.00498   0.15644   0.00000   0.00000   0.13173   0.40782   0.45676   0.06167   0.27865   0.07468   0.05928   0.17774   0.01788   0.05201   0.12008   0.09947   0.24146   0.00000   0.19143   0.00419   0.11391   0.16959   0.20463   0.13249   0.20461   0.10799   0.12075   0.00000   0.03091   0.06198   0.02489   0.02494   0.00955   0.07222   0.05121   0.10441   0.04606   0.02150   0.04654   0.09480   0.11149   3.44269   0.75404   0.50466   1.62481  
 49  0.6245   8004.274581  x:  0.00281   0.02140   0.11978   0.17949   0.00560   0.15934   0.00000   0.00000   0.13124   0.42086   0.47268   0.06138   0.28161   0.07413   0.05896   0.17759   0.01561   0.05128   0.11785   0.09813   0.23832   0.00000   0.19533   0.00754   0.10402   0.16854   0.20957   0.13907   0.20448   0.10957   0.12327   0.00000   0.03075   0.06072   0.02537   0.02205   0.00920   0.07148   0.05143   0.10537   0.04384   0.02792   0.04600   0.09425   0.11215   3.49812   0.74780   0.50066   1.62283  
 50  4.3343   8004.077180  x:  0.00285   0.02158   0.12037   0.18109   0.00555   0.15846   0.00000   0.00000   0.13159   0.42456   0.47695   0.06092   0.28228   0.07396   0.05902   0.17731   0.01493   0.05132   0.11665   0.10006   0.23658   0.00000   0.19636   0.00665   0.11424   0.16712   0.20974   0.14076   0.20459   0.11106   0.12271   0.00000   0.03060   0.06166   0.02468   0.02384   0.00870   0.07196   0.05222   0.10594   0.04348   0.02990   0.04607   0.09356   0.11329   3.51272   0.74687   0.49901   1.62250  
 51 40.7905   8004.075666  x:  0.00286   0.02162   0.12030   0.18112   0.00552   0.15839   0.00000   0.00000   0.13163   0.42461   0.47700   0.06096   0.28229   0.07398   0.05902   0.17730   0.01491   0.05132   0.11663   0.10010   0.23656   0.00000   0.19634   0.00661   0.11438   0.16678   0.20945   0.14070   0.20518   0.11088   0.12270   0.00000   0.03063   0.06175   0.02466   0.02313   0.00870   0.07195   0.05222   0.10589   0.04349   0.02991   0.04604   0.09382   0.11331   3.51285   0.74686   0.49900   1.62257  
 52  2.4715   8004.074773  x:  0.00286   0.02160   0.12018   0.18113   0.00556   0.15830   0.00000   0.00000   0.13169   0.42467   0.47705   0.06098   0.28231   0.07397   0.05901   0.17729   0.01491   0.05131   0.11663   0.10010   0.23655   0.00000   0.19631   0.00666   0.11426   0.16635   0.20907   0.14059   0.20597   0.11096   0.12269   0.00000   0.03062   0.06171   0.02467   0.02344   0.00870   0.07195   0.05221   0.10590   0.04347   0.02991   0.04605   0.09370   0.11329   3.51295   0.74683   0.49901   1.62275  
 53  1.2950   8003.788842  x:  0.00329   0.02424   0.11691   0.18240   0.00775   0.16286   0.00000   0.00000   0.12992   0.42997   0.48133   0.06005   0.28220   0.07426   0.05835   0.17717   0.01339   0.05222   0.11555   0.09865   0.23762   0.00000   0.19584   0.00702   0.11463   0.16963   0.21124   0.14108   0.20817   0.11147   0.12384   0.00000   0.03296   0.06247   0.02398   0.02343   0.00940   0.07246   0.05201   0.10660   0.04359   0.02754   0.04583   0.09246   0.11867   3.56039   0.73245   0.51264   1.75821  
 54  0.3055   8003.728757  x:  0.00341   0.02463   0.12003   0.18329   0.00805   0.16373   0.00000   0.00000   0.12980   0.43105   0.48218   0.05896   0.28227   0.07424   0.05823   0.17708   0.01308   0.05245   0.11528   0.10018   0.23786   0.00000   0.19574   0.00713   0.11479   0.17036   0.21173   0.14119   0.20903   0.11156   0.12378   0.00000   0.03366   0.06224   0.02401   0.02357   0.00948   0.07270   0.05191   0.10626   0.04367   0.02708   0.04608   0.09295   0.11333   3.57016   0.72954   0.51543   1.78617  
 55 58.9371   8003.484179  x:  0.00386   0.02158   0.12000   0.18384   0.00733   0.16367   0.00000   0.00000   0.12898   0.43493   0.48280   0.05852   0.28259   0.07417   0.05820   0.17384   0.01407   0.05271   0.11473   0.09891   0.23790   0.00000   0.19500   0.00625   0.11491   0.17032   0.21500   0.14072   0.21027   0.11096   0.12515   0.00000   0.03219   0.06340   0.02488   0.02362   0.00894   0.07183   0.05183   0.10549   0.04589   0.02706   0.04623   0.09366   0.11337   3.62065   0.71099   0.55453   2.10146  
 56  0.1704   8003.348945  x:  0.00371   0.02347   0.11987   0.18261   0.00656   0.16190   0.00000   0.00000   0.12903   0.43535   0.48275   0.05886   0.28328   0.07383   0.05876   0.17346   0.01601   0.05204   0.11434   0.09976   0.23949   0.00000   0.19567   0.00608   0.11456   0.16577   0.21693   0.14199   0.20872   0.11063   0.12404   0.00000   0.03236   0.06256   0.02393   0.02402   0.00907   0.07317   0.05234   0.10576   0.04360   0.02715   0.04625   0.09364   0.11304   3.62016   0.70955   0.58218   2.31067  
 57  0.1323   8003.264265  x:  0.00332   0.02261   0.12020   0.18262   0.00727   0.16166   0.00000   0.00000   0.12909   0.43556   0.48292   0.05914   0.28368   0.07404   0.05895   0.17483   0.01442   0.05288   0.11378   0.09975   0.24006   0.00000   0.19628   0.00745   0.11441   0.16711   0.21367   0.14183   0.20789   0.11086   0.12364   0.00000   0.03253   0.06216   0.02437   0.02321   0.00874   0.07333   0.05259   0.10599   0.04468   0.02723   0.04653   0.09307   0.11357   3.60353   0.70168   0.61917   2.58276  
 58  0.1501   8003.246260  x:  0.00333   0.02296   0.12011   0.18262   0.00743   0.16199   0.00000   0.00000   0.12896   0.43540   0.48275   0.05906   0.28368   0.07401   0.05869   0.17419   0.01428   0.05263   0.11384   0.09953   0.23981   0.00000   0.19599   0.00637   0.11407   0.16835   0.21322   0.14191   0.20840   0.11103   0.12398   0.00000   0.03273   0.06248   0.02434   0.02361   0.00887   0.07307   0.05244   0.10591   0.04478   0.02761   0.04642   0.09318   0.11335   3.59735   0.69892   0.63593   2.69593  
 59  0.1154   8003.240536  x:  0.00344   0.02306   0.12018   0.18285   0.00722   0.16238   0.00000   0.00000   0.12898   0.43550   0.48251   0.05900   0.28341   0.07396   0.05848   0.17394   0.01469   0.05239   0.11401   0.09951   0.23960   0.00000   0.19597   0.00667   0.11438   0.16826   0.21404   0.14148   0.20879   0.11109   0.12424   0.00000   0.03256   0.06264   0.02441   0.02357   0.00893   0.07280   0.05239   0.10589   0.04455   0.02740   0.04631   0.09332   0.11336   3.59384   0.69837   0.64591   2.75804  
 60  0.0685   8003.239812  x:  0.00348   0.02292   0.12018   0.18287   0.00725   0.16243   0.00000   0.00000   0.12891   0.43561   0.48288   0.05893   0.28353   0.07398   0.05860   0.17404   0.01461   0.05253   0.11394   0.09955   0.23960   0.00000   0.19601   0.00664   0.11440   0.16790   0.21434   0.14156   0.20873   0.11105   0.12421   0.00000   0.03260   0.06258   0.02432   0.02354   0.00892   0.07297   0.05238   0.10589   0.04449   0.02741   0.04636   0.09330   0.11340   3.59388   0.69825   0.64989   2.78247  
 61  0.0232   8003.239747  x:  0.00347   0.02294   0.12019   0.18287   0.00725   0.16245   0.00000   0.00000   0.12888   0.43566   0.48300   0.05892   0.28359   0.07397   0.05860   0.17410   0.01460   0.05250   0.11393   0.09954   0.23959   0.00000   0.19602   0.00664   0.11440   0.16790   0.21429   0.14156   0.20871   0.11106   0.12419   0.00000   0.03257   0.06258   0.02435   0.02354   0.00891   0.07300   0.05239   0.10591   0.04452   0.02739   0.04636   0.09329   0.11341   3.59454   0.69789   0.65119   2.79069  
 62  0.0092   8003.239739  x:  0.00347   0.02295   0.12019   0.18287   0.00726   0.16245   0.00000   0.00000   0.12889   0.43565   0.48302   0.05892   0.28359   0.07397   0.05860   0.17410   0.01460   0.05250   0.11394   0.09954   0.23960   0.00000   0.19602   0.00664   0.11440   0.16790   0.21427   0.14156   0.20870   0.11106   0.12419   0.00000   0.03258   0.06258   0.02436   0.02354   0.00891   0.07299   0.05240   0.10591   0.04453   0.02739   0.04636   0.09329   0.11340   3.59479   0.69798   0.65133   2.79089  
 63  0.0004   8003.239738  x:  0.00346   0.02294   0.12019   0.18286   0.00726   0.16245   0.00000   0.00000   0.12889   0.43564   0.48301   0.05892   0.28359   0.07397   0.05860   0.17409   0.01460   0.05250   0.11394   0.09954   0.23959   0.00000   0.19602   0.00664   0.11440   0.16791   0.21426   0.14155   0.20870   0.11106   0.12419   0.00000   0.03258   0.06258   0.02436   0.02354   0.00891   0.07298   0.05240   0.10591   0.04453   0.02739   0.04636   0.09329   0.11340   3.59492   0.69798   0.65139   2.79086  
 64  0.0001   8003.239738  x:  0.00346   0.02295   0.12019   0.18286   0.00725   0.16245   0.00000   0.00000   0.12889   0.43564   0.48300   0.05892   0.28358   0.07397   0.05860   0.17409   0.01460   0.05250   0.11394   0.09954   0.23959   0.00000   0.19602   0.00664   0.11440   0.16791   0.21426   0.14155   0.20870   0.11106   0.12419   0.00000   0.03258   0.06258   0.02436   0.02354   0.00891   0.07298   0.05240   0.10591   0.04453   0.02739   0.04636   0.09329   0.11340   3.59491   0.69800   0.65137   2.79058  
 65  0.0002   8003.239738  x:  0.00346   0.02294   0.12019   0.18286   0.00726   0.16245   0.00000   0.00000   0.12889   0.43564   0.48300   0.05892   0.28359   0.07397   0.05860   0.17409   0.01460   0.05250   0.11394   0.09954   0.23959   0.00000   0.19602   0.00664   0.11440   0.16791   0.21426   0.14155   0.20870   0.11106   0.12419   0.00000   0.03258   0.06258   0.02436   0.02354   0.00891   0.07298   0.05240   0.10591   0.04453   0.02739   0.04636   0.09329   0.11340   3.59488   0.69800   0.65137   2.79048  
 66  0.0001   8003.239738  x:  0.00346   0.02294   0.12019   0.18286   0.00726   0.16245   0.00000   0.00000   0.12889   0.43564   0.48300   0.05892   0.28359   0.07397   0.05860   0.17409   0.01460   0.05250   0.11394   0.09954   0.23959   0.00000   0.19602   0.00664   0.11440   0.16791   0.21426   0.14155   0.20870   0.11106   0.12419   0.00000   0.03258   0.06258   0.02436   0.02354   0.00891   0.07298   0.05240   0.10591   0.04453   0.02739   0.04636   0.09329   0.11340   3.59488   0.69800   0.65137   2.79046  
 67  0.0000   8003.239738  x:  0.00346   0.02294   0.12019   0.18286   0.00726   0.16245   0.00000   0.00000   0.12889   0.43564   0.48300   0.05892   0.28359   0.07397   0.05860   0.17409   0.01460   0.05250   0.11394   0.09954   0.23959   0.00000   0.19602   0.00664   0.11440   0.16791   0.21426   0.14155   0.20870   0.11106   0.12419   0.00000   0.03258   0.06258   0.02436   0.02354   0.00891   0.07298   0.05240   0.10591   0.04453   0.02739   0.04636   0.09329   0.11340   3.59488   0.69800   0.65137   2.79046  
 68  0.0000   8003.239738  x:  0.00346   0.02294   0.12019   0.18286   0.00726   0.16245   0.00000   0.00000   0.12889   0.43564   0.48300   0.05892   0.28359   0.07397   0.05860   0.17409   0.01460   0.05250   0.11394   0.09954   0.23959   0.00000   0.19602   0.00664   0.11440   0.16791   0.21426   0.14155   0.20870   0.11106   0.12419   0.00000   0.03258   0.06258   0.02436   0.02354   0.00891   0.07298   0.05240   0.10591   0.04453   0.02739   0.04636   0.09329   0.11340   3.59488   0.69800   0.65137   2.79046  