

TREE # 1

  0  0.0000   5433.054725  x:  0.07193   0.04535   0.10728   0.05657   0.10999   0.05220   0.04663   0.07095   0.08869   0.05120   0.07453   0.01953   0.04982   0.10485   0.02702   0.06316   0.06046   0.10401   0.06942   0.01227   0.07737   0.10039   0.03885   0.10259   0.01554   0.07500   0.10880   0.09019   0.07565   0.05330   2.00000   0.90000   0.28099   1.04550  
  1 99.0000   5237.467133  x:  0.06990   0.03719   0.10050   0.07363   0.10664   0.05015   0.06982   0.06647   0.07960   0.07333   0.08837   0.01750   0.11014   0.11389   0.08469   0.05909   0.06956   0.10069   0.06559   0.00000   0.06558   0.08726   0.02581   0.08815   0.00056   0.06599   0.09399   0.08770   0.06574   0.09200   2.00058   0.90705   0.27333   1.04721  
  2 2717.2380   5235.466185  x:  0.06969   0.03685   0.10026   0.07402   0.10652   0.05007   0.07003   0.06632   0.07928   0.07355   0.08869   0.01730   0.11028   0.11407   0.08425   0.05879   0.06959   0.10058   0.06548   0.00000   0.06518   0.08679   0.02538   0.08761   0.00000   0.06570   0.09344   0.08761   0.06541   0.09235   2.00059   0.90725   0.27308   1.04726  
  3 1417.3721   5129.095963  x:  0.05423   0.00705   0.07847   0.08283   0.09455   0.04540   0.06343   0.05565   0.05392   0.06676   0.09387   0.00183   0.11871   0.12018   0.08207   0.03065   0.06131   0.09094   0.05851   0.00000   0.03449   0.04481   0.00000   0.03774   0.00000   0.04678   0.04095   0.07898   0.04157   0.08804   2.00240   0.93108   0.24933   1.05240  
  4 3462.1169   5116.597855  x:  0.05240   0.00357   0.07586   0.08404   0.09314   0.04484   0.06287   0.05437   0.05089   0.06619   0.09464   0.00000   0.11974   0.12095   0.08158   0.02732   0.06040   0.08979   0.05766   0.00000   0.03088   0.03983   0.00032   0.03178   0.00000   0.04450   0.03467   0.07795   0.03873   0.08784   2.00262   0.93391   0.24648   1.05301  
  5 16704.3834   5067.152317  x:  0.04924   0.00851   0.06326   0.08645   0.08658   0.04474   0.06402   0.04990   0.03937   0.06673   0.09589   0.00000   0.12109   0.12089   0.07887   0.01412   0.05624   0.08420   0.05448   0.00000   0.01829   0.01661   0.00062   0.00074   0.00000   0.03734   0.00000   0.07232   0.03044   0.09038   2.00376   0.95129   0.22989   1.05652  
  6 5228.5681   5058.516839  x:  0.04767   0.01144   0.05549   0.08727   0.08269   0.04468   0.06454   0.04748   0.03319   0.06679   0.09595   0.00000   0.12160   0.12026   0.07776   0.00742   0.05380   0.08080   0.05275   0.00000   0.01231   0.00415   0.00082   0.00351   0.00000   0.03380   0.00000   0.06871   0.02671   0.09161   2.00448   0.96235   0.21918   1.05874  
  7 1292.9139   5048.522801  x:  0.04404   0.01185   0.03957   0.08916   0.07528   0.04382   0.06529   0.04300   0.02285   0.06656   0.09581   0.00000   0.12288   0.11880   0.07540   0.00000   0.04986   0.07403   0.04955   0.00000   0.00693   0.01081   0.00072   0.00476   0.00000   0.02799   0.00000   0.06093   0.02192   0.09400   2.00594   0.98415   0.19669   1.06323  
  8 1014.3111   5043.878711  x:  0.04161   0.00965   0.02956   0.09069   0.07102   0.04299   0.06531   0.04039   0.01807   0.06601   0.09584   0.00000   0.12386   0.11806   0.07359   0.00566   0.04807   0.06989   0.04767   0.00000   0.00880   0.01071   0.00059   0.00461   0.00000   0.02496   0.00000   0.05574   0.02004   0.09515   2.00686   0.99581   0.18265   1.06592  
  9 1567.3723   5039.180219  x:  0.03697   0.00563   0.01228   0.09401   0.06656   0.04162   0.06567   0.03794   0.02250   0.06536   0.09572   0.00000   0.12606   0.11638   0.07170   0.00123   0.04638   0.06335   0.04510   0.00000   0.01741   0.00881   0.00035   0.00391   0.00000   0.02513   0.00000   0.04425   0.02333   0.09669   2.00858   0.99249   0.15926   1.06985  
 10 458.8342   5034.933821  x:  0.03413   0.00589   0.00000   0.09652   0.06555   0.04103   0.06505   0.03654   0.02429   0.06408   0.09549   0.00000   0.12767   0.11512   0.07070   0.00357   0.04576   0.05865   0.04337   0.00000   0.01331   0.00911   0.00039   0.00388   0.00000   0.02547   0.00000   0.03385   0.02361   0.09664   2.01005   0.98409   0.14073   1.07294  
 11 816.2370   5034.933821  x:  0.03413   0.00589   0.00000   0.09652   0.06555   0.04103   0.06505   0.03654   0.02429   0.06408   0.09549   0.00000   0.12767   0.11512   0.07070   0.00357   0.04576   0.05865   0.04337   0.00000   0.01331   0.00911   0.00039   0.00388   0.00000   0.02547   0.00000   0.03385   0.02361   0.09664   2.01005   0.98409   0.14073   1.07294  
 12 370.2573   5030.947167  x:  0.03417   0.00571   0.00016   0.09693   0.06584   0.04103   0.06558   0.03656   0.02426   0.06462   0.09585   0.00000   0.12849   0.11529   0.07123   0.00397   0.04609   0.05870   0.04336   0.00000   0.01327   0.00910   0.00817   0.00350   0.00000   0.02542   0.00000   0.03371   0.02350   0.09742   2.01007   0.98372   0.14068   1.07295  
 13 4257.2776   5018.432588  x:  0.03455   0.00411   0.00167   0.10092   0.06861   0.04103   0.07063   0.03676   0.02392   0.06973   0.09925   0.00000   0.13638   0.11700   0.07629   0.00732   0.04921   0.05923   0.04325   0.00000   0.01271   0.00873   0.00807   0.00023   0.00000   0.02497   0.00000   0.03230   0.02242   0.10487   2.01020   0.98025   0.14019   1.07298  
 14 975.7657   4991.999324  x:  0.03553   0.00000   0.00561   0.11146   0.07586   0.04103   0.08390   0.03726   0.02306   0.08315   0.10822   0.00000   0.15716   0.12151   0.08959   0.01581   0.05735   0.06063   0.04296   0.00000   0.01129   0.00781   0.00789   0.00203   0.00000   0.02380   0.00000   0.02858   0.01961   0.12450   2.01054   0.97121   0.13888   1.07309  
 15 16597.6898   4969.310160  x:  0.03757   0.05004   0.01327   0.14325   0.09371   0.04104   0.11746   0.03880   0.02196   0.11705   0.13398   0.00000   0.21561   0.13464   0.12445   0.02162   0.07540   0.06475   0.04223   0.00000   0.01325   0.01060   0.00755   0.00517   0.00000   0.02259   0.00000   0.01632   0.01614   0.17696   2.01172   0.95150   0.13445   1.07365  
 16 2923.9096   4960.130934  x:  0.02995   0.04766   0.00559   0.15746   0.09247   0.03718   0.12006   0.03992   0.02579   0.11924   0.14060   0.00000   0.23405   0.13885   0.12985   0.00000   0.07146   0.06590   0.04382   0.00000   0.01818   0.00758   0.00765   0.00473   0.00000   0.02809   0.00000   0.00790   0.02769   0.18836   2.01268   0.95019   0.13749   1.07385  
 17 456.0164   4960.130934  x:  0.02995   0.04766   0.00559   0.15746   0.09247   0.03718   0.12006   0.03992   0.02579   0.11924   0.14060   0.00000   0.23405   0.13885   0.12985   0.00000   0.07146   0.06590   0.04382   0.00000   0.01818   0.00758   0.00765   0.00473   0.00000   0.02809   0.00000   0.00790   0.02769   0.18836   2.01268   0.95019   0.13749   1.07385  
 18 326.0418   4957.344001  x:  0.02990   0.04298   0.00484   0.15905   0.09244   0.03704   0.12004   0.03989   0.02543   0.11915   0.14113   0.00000   0.23588   0.13917   0.13007   0.00221   0.07136   0.06592   0.04400   0.00000   0.01649   0.00916   0.00478   0.00097   0.00000   0.02746   0.00000   0.00667   0.02601   0.18938   2.01283   0.95001   0.13806   1.07387  
 19 488.4313   4954.779431  x:  0.02977   0.03543   0.00367   0.16162   0.09243   0.03683   0.12001   0.03983   0.02490   0.11900   0.14198   0.00000   0.23881   0.13969   0.13042   0.00496   0.07114   0.06596   0.04429   0.00000   0.01403   0.01093   0.00152   0.00234   0.00000   0.02653   0.00000   0.00468   0.02348   0.19101   2.01307   0.94978   0.13895   1.07392  
 20 1197.5696   4949.179208  x:  0.02945   0.01785   0.00104   0.16763   0.09244   0.03640   0.11995   0.03972   0.02375   0.11865   0.14396   0.00000   0.24562   0.14087   0.13121   0.01018   0.07053   0.06606   0.04490   0.00000   0.00908   0.01390   0.00393   0.00338   0.00000   0.02454   0.00000   0.00000   0.01807   0.19476   2.01363   0.94934   0.14094   1.07402  
 21 2173.0591   4946.340365  x:  0.02945   0.00858   0.00000   0.17104   0.09268   0.03645   0.11994   0.03972   0.02357   0.11850   0.14502   0.00000   0.24934   0.14151   0.13159   0.01011   0.06999   0.06619   0.04508   0.00000   0.01105   0.01238   0.00381   0.00328   0.00000   0.02424   0.00000   0.00000   0.01781   0.19668   2.01397   0.94941   0.14179   1.07412  
 22 907.8283   4945.146761  x:  0.03207   0.00409   0.00038   0.17650   0.09387   0.03774   0.12000   0.03984   0.02429   0.11845   0.14662   0.00000   0.25476   0.14240   0.13188   0.00666   0.06965   0.06627   0.04485   0.00000   0.00681   0.01069   0.00341   0.00294   0.00000   0.02559   0.00000   0.00000   0.02090   0.19916   2.01459   0.95035   0.14234   1.07440  
 23 279.0396   4943.820807  x:  0.03636   0.00104   0.00094   0.18514   0.09565   0.03963   0.12007   0.03997   0.02504   0.11840   0.14912   0.00000   0.26330   0.14376   0.13228   0.00342   0.06933   0.06648   0.04460   0.00671   0.00460   0.01133   0.00324   0.00279   0.00000   0.02693   0.00000   0.00000   0.02348   0.20309   2.01558   0.95172   0.14328   1.07485  
 24 549.4993   4941.788335  x:  0.04015   0.00325   0.00000   0.19906   0.09764   0.04128   0.12013   0.04006   0.02494   0.11825   0.15305   0.00000   0.27719   0.14596   0.13307   0.00244   0.06882   0.06687   0.04471   0.00760   0.00447   0.00927   0.00314   0.00267   0.00000   0.02666   0.00000   0.00000   0.02240   0.20967   2.01718   0.95280   0.14589   1.07545  
 25 373.7799   4940.990919  x:  0.04072   0.00426   0.00000   0.21039   0.09933   0.04157   0.12035   0.04037   0.02566   0.11863   0.15516   0.00000   0.28702   0.14717   0.13307   0.00040   0.06980   0.06717   0.04455   0.00427   0.00690   0.01575   0.00352   0.00301   0.00000   0.02769   0.00000   0.00000   0.02471   0.21361   2.01881   0.95365   0.14826   1.07607  
 26 289.4085   4940.389937  x:  0.03613   0.00469   0.00000   0.22259   0.10079   0.03890   0.12131   0.04104   0.02697   0.12073   0.15378   0.00000   0.29250   0.14654   0.13104   0.00526   0.07546   0.06772   0.04425   0.00439   0.00719   0.01510   0.00386   0.00331   0.00000   0.02960   0.00000   0.00000   0.02842   0.21320   2.02181   0.95367   0.15216   1.07716  
 27 84.4546   4939.652772  x:  0.02922   0.00461   0.00000   0.23773   0.10178   0.03621   0.12282   0.04129   0.02617   0.12372   0.15101   0.00000   0.29681   0.14536   0.12829   0.00204   0.08041   0.06854   0.04439   0.00499   0.00677   0.01464   0.00358   0.00306   0.00000   0.02817   0.00000   0.00000   0.02486   0.21072   2.02631   0.95367   0.15746   1.07882  
 28 149.4123   4938.970646  x:  0.02957   0.00355   0.00000   0.25497   0.10185   0.03627   0.12466   0.04102   0.02482   0.12669   0.14771   0.00802   0.29939   0.14409   0.12575   0.00185   0.08325   0.06884   0.04503   0.00333   0.00806   0.01450   0.00358   0.00305   0.00000   0.02614   0.00000   0.00000   0.02045   0.20695   2.03256   0.95518   0.16182   1.08140  
 29 153.3087   4938.176594  x:  0.02248   0.00304   0.00000   0.27331   0.09761   0.04296   0.12507   0.03992   0.02392   0.12565   0.14821   0.00982   0.29981   0.14558   0.12830   0.00585   0.07218   0.06709   0.04672   0.00182   0.00913   0.01464   0.00376   0.00322   0.00000   0.02463   0.00000   0.00000   0.01864   0.20592   2.04223   0.95935   0.16235   1.08596  
 30 77.1078   4937.855532  x:  0.01914   0.00321   0.00000   0.28022   0.09487   0.03697   0.12313   0.04089   0.02410   0.12242   0.15075   0.01395   0.29955   0.14704   0.13129   0.00612   0.06633   0.06730   0.04597   0.00191   0.00904   0.01458   0.00373   0.00320   0.00000   0.02514   0.00000   0.00000   0.01783   0.20835   2.04814   0.95859   0.16344   1.08861  
 31 66.6547   4937.740906  x:  0.01609   0.00331   0.00000   0.28165   0.09498   0.03702   0.12200   0.04020   0.02295   0.12066   0.15298   0.01718   0.29939   0.14778   0.13317   0.00584   0.06736   0.06806   0.04622   0.00216   0.00882   0.01455   0.00372   0.00318   0.00000   0.02268   0.00000   0.00000   0.01862   0.21158   2.05213   0.95727   0.16342   1.09047  
 32 39.7828   4937.565699  x:  0.01010   0.00335   0.00000   0.28312   0.09591   0.03899   0.12048   0.03958   0.02329   0.11829   0.15682   0.02329   0.29939   0.14889   0.13614   0.00500   0.07019   0.06916   0.04672   0.00245   0.00870   0.01433   0.00363   0.00310   0.00000   0.02419   0.00000   0.00000   0.01679   0.21770   2.05966   0.95498   0.16294   1.09406  
 33 97.6900   4937.467645  x:  0.00495   0.00363   0.00000   0.28295   0.09660   0.04000   0.12182   0.04220   0.02450   0.12029   0.15773   0.02897   0.30145   0.14892   0.13621   0.00432   0.06944   0.06751   0.04653   0.00311   0.00825   0.01419   0.00354   0.00303   0.00000   0.02326   0.00000   0.00000   0.01652   0.22120   2.06670   0.95325   0.16321   1.09746  
 34 36.4274   4937.383674  x:  0.00000   0.00399   0.00000   0.28243   0.09697   0.04018   0.12342   0.04171   0.02231   0.12266   0.15790   0.03440   0.30426   0.14888   0.13570   0.00376   0.06798   0.06654   0.04669   0.00384   0.00772   0.01409   0.00347   0.00296   0.00000   0.02418   0.00000   0.00000   0.01673   0.22374   2.07410   0.95203   0.16353   1.10110  
 35 76.4786   4937.383674  x:  0.00000   0.00399   0.00000   0.28243   0.09697   0.04018   0.12342   0.04171   0.02231   0.12266   0.15790   0.03440   0.30426   0.14888   0.13570   0.00376   0.06798   0.06654   0.04669   0.00384   0.00772   0.01409   0.00347   0.00296   0.00000   0.02418   0.00000   0.00000   0.01673   0.22374   2.07410   0.95203   0.16353   1.10110  
 36 55.4434   4936.704882  x:  0.00002   0.00348   0.00000   0.28264   0.09710   0.04009   0.12338   0.04163   0.02299   0.12260   0.15793   0.03442   0.30463   0.14892   0.13566   0.00349   0.06812   0.06671   0.04660   0.00404   0.00990   0.01199   0.00582   0.00162   0.00000   0.02477   0.00000   0.00000   0.01865   0.22379   2.07422   0.95223   0.16343   1.10117  
 37 296.8995   4936.399712  x:  0.00006   0.00311   0.00000   0.28289   0.09726   0.04000   0.12333   0.04153   0.02368   0.12254   0.15797   0.03446   0.30506   0.14896   0.13562   0.00322   0.06830   0.06690   0.04651   0.00353   0.01145   0.01000   0.00614   0.00307   0.00000   0.02535   0.00000   0.00000   0.02031   0.22384   2.07435   0.95244   0.16333   1.10126  
 38 332.0815   4936.103529  x:  0.00018   0.00301   0.00000   0.28334   0.09753   0.03986   0.12325   0.04136   0.02462   0.12242   0.15804   0.03458   0.30585   0.14905   0.13554   0.00289   0.06862   0.06722   0.04635   0.00150   0.01271   0.00805   0.00445   0.00243   0.00000   0.02612   0.00000   0.00000   0.02211   0.22395   2.07460   0.95278   0.16319   1.10141  
 39 224.2125   4935.956276  x:  0.00026   0.00313   0.00000   0.28366   0.09771   0.03978   0.12319   0.04126   0.02501   0.12235   0.15809   0.03466   0.30639   0.14911   0.13549   0.00276   0.06882   0.06742   0.04625   0.00000   0.01332   0.00838   0.00455   0.00245   0.00000   0.02643   0.00000   0.00000   0.02270   0.22403   2.07477   0.95299   0.16312   1.10152  
 40 141.7241   4935.906957  x:  0.00036   0.00317   0.00000   0.28431   0.09804   0.03965   0.12307   0.04107   0.02546   0.12221   0.15818   0.03476   0.30747   0.14922   0.13538   0.00261   0.06916   0.06781   0.04609   0.00000   0.01495   0.00891   0.00460   0.00246   0.00000   0.02677   0.00000   0.00000   0.02329   0.22417   2.07513   0.95336   0.16302   1.10173  
 41 366.8361   4935.751315  x:  0.00065   0.00284   0.00000   0.28923   0.10018   0.03896   0.12233   0.04013   0.02613   0.12130   0.15882   0.03505   0.31553   0.15003   0.13460   0.00240   0.07141   0.06995   0.04520   0.00000   0.01501   0.00806   0.00543   0.00251   0.00000   0.02703   0.00000   0.00000   0.02195   0.22529   2.07786   0.95525   0.16311   1.10324  
 42 38.8028   4935.538698  x:  0.00000   0.00312   0.00000   0.29672   0.10213   0.03883   0.12155   0.04019   0.02440   0.12037   0.15960   0.03440   0.32699   0.15103   0.13348   0.00201   0.07308   0.07118   0.04491   0.00000   0.01469   0.00891   0.00397   0.00243   0.00000   0.02561   0.00000   0.00000   0.02157   0.22680   2.08216   0.95644   0.16460   1.10543  
 43 101.1681   4935.400100  x:  0.00052   0.00405   0.00000   0.30384   0.10150   0.03997   0.12168   0.04200   0.02444   0.12052   0.15994   0.03492   0.33593   0.15153   0.13268   0.00316   0.07164   0.06925   0.04618   0.00000   0.01492   0.00868   0.00417   0.00247   0.00000   0.02647   0.00000   0.00000   0.02164   0.22782   2.08664   0.95518   0.16763   1.10751  
 44 61.6165   4935.344177  x:  0.00040   0.00288   0.00000   0.30680   0.10105   0.04030   0.12186   0.04244   0.02471   0.12073   0.16005   0.03480   0.33928   0.15170   0.13245   0.00287   0.07085   0.06846   0.04661   0.00000   0.01483   0.00890   0.00423   0.00246   0.00000   0.02672   0.00000   0.00000   0.02188   0.22819   2.08858   0.95460   0.16887   1.10841  
 45 156.7060   4935.318081  x:  0.00013   0.00324   0.00000   0.30868   0.10054   0.04025   0.12222   0.04193   0.02489   0.12116   0.16008   0.03453   0.34060   0.15175   0.13254   0.00190   0.07022   0.06825   0.04659   0.00000   0.01489   0.00877   0.00439   0.00247   0.00000   0.02630   0.00000   0.00000   0.02195   0.22831   2.09003   0.95424   0.16945   1.10912  
 46 46.5845   4935.278515  x:  0.00049   0.00315   0.00000   0.31233   0.09925   0.03968   0.12331   0.04024   0.02504   0.12247   0.16003   0.03489   0.34135   0.15172   0.13317   0.00263   0.06948   0.06844   0.04616   0.00000   0.01482   0.00881   0.00436   0.00247   0.00000   0.02565   0.00000   0.00000   0.02229   0.22841   2.09335   0.95377   0.16988   1.11082  
 47 35.4189   4935.219425  x:  0.00019   0.00328   0.00000   0.31878   0.09783   0.03905   0.12505   0.04045   0.02474   0.12455   0.15988   0.03459   0.34051   0.15148   0.13456   0.00258   0.06909   0.06943   0.04580   0.00000   0.01483   0.00887   0.00418   0.00246   0.00000   0.02735   0.00000   0.00000   0.02155   0.22834   2.10004   0.95362   0.16958   1.11438  
 48 41.3408   4935.135155  x:  0.00031   0.00319   0.00000   0.32878   0.09778   0.03916   0.12639   0.04279   0.02489   0.12614   0.15970   0.03471   0.33832   0.15102   0.13625   0.00251   0.06999   0.07038   0.04610   0.00000   0.01479   0.00880   0.00435   0.00247   0.00000   0.02583   0.00000   0.00000   0.02217   0.22821   2.11127   0.95361   0.16895   1.12041  
 49 68.7877   4934.979623  x:  0.00054   0.00308   0.00000   0.34669   0.10134   0.04061   0.12478   0.04095   0.02419   0.12436   0.15945   0.03494   0.33162   0.14989   0.13746   0.00207   0.07185   0.06843   0.04701   0.00000   0.01490   0.00880   0.00438   0.00247   0.00000   0.02647   0.00000   0.00000   0.02217   0.22781   2.13484   0.95123   0.17032   1.13288  
 50 68.2326   4934.939737  x:  0.00013   0.00322   0.00000   0.35021   0.10146   0.03981   0.12361   0.04123   0.02568   0.12308   0.15953   0.03453   0.32975   0.14986   0.13694   0.00254   0.07119   0.06829   0.04634   0.00000   0.01492   0.00887   0.00422   0.00246   0.00000   0.02622   0.00000   0.00000   0.02156   0.22782   2.14167   0.95071   0.17098   1.13656  
 51 55.5615   4934.892546  x:  0.00035   0.00319   0.00000   0.35296   0.10060   0.03858   0.12184   0.04168   0.02456   0.12116   0.15985   0.03475   0.32835   0.15033   0.13531   0.00253   0.06960   0.06906   0.04543   0.00000   0.01481   0.00880   0.00436   0.00247   0.00000   0.02632   0.00000   0.00000   0.02214   0.22807   2.15098   0.95111   0.17161   1.14179  
 52 48.8462   4934.824828  x:  0.00039   0.00315   0.00000   0.35350   0.09850   0.04060   0.12079   0.04096   0.02494   0.12013   0.16016   0.03478   0.32708   0.15154   0.13237   0.00257   0.06834   0.06981   0.04690   0.00000   0.01471   0.00881   0.00425   0.00245   0.00000   0.02620   0.00000   0.00000   0.02187   0.22837   2.16642   0.95330   0.17183   1.15087  
 53 42.6710   4934.757098  x:  0.00000   0.00320   0.00000   0.35242   0.09819   0.04056   0.12105   0.04093   0.02481   0.12054   0.16003   0.03440   0.32710   0.15213   0.13130   0.00278   0.06905   0.06912   0.04649   0.00000   0.01474   0.00878   0.00431   0.00245   0.00000   0.02621   0.00000   0.00000   0.02200   0.22833   2.17611   0.95366   0.17272   1.15662  
 54 59.2978   4934.608844  x:  0.00213   0.00303   0.00000   0.34658   0.09840   0.03934   0.12236   0.04147   0.02526   0.12222   0.15935   0.03653   0.32715   0.15365   0.12927   0.00098   0.07030   0.06782   0.04607   0.00000   0.01484   0.00890   0.00402   0.00244   0.00000   0.02612   0.00000   0.00000   0.02104   0.22774   2.21373   0.95306   0.17673   1.17906  
 55 224.3131   4934.364091  x:  0.00141   0.00318   0.00000   0.33519   0.10211   0.03816   0.12369   0.04131   0.02526   0.12327   0.15850   0.03580   0.32971   0.15401   0.13203   0.00173   0.06879   0.07222   0.04919   0.00000   0.01473   0.00891   0.00416   0.00245   0.00000   0.02626   0.00000   0.00000   0.02161   0.22680   2.27720   0.94815   0.18288   1.21755  
 56 175.0788   4934.260210  x:  0.00152   0.00308   0.00000   0.32989   0.10241   0.04087   0.12321   0.04148   0.02523   0.12234   0.15921   0.03592   0.33175   0.15243   0.13641   0.00174   0.06736   0.07214   0.04620   0.00000   0.01469   0.00891   0.00414   0.00245   0.00000   0.02624   0.00000   0.00000   0.02160   0.22717   2.30368   0.94597   0.18236   1.23464  
 57 104.5783   4934.206229  x:  0.00147   0.00314   0.00000   0.32706   0.10068   0.03953   0.12197   0.04126   0.02519   0.12113   0.16017   0.03587   0.33337   0.15018   0.13932   0.00154   0.06800   0.07039   0.04739   0.00000   0.01471   0.00888   0.00413   0.00244   0.00000   0.02617   0.00000   0.00000   0.02148   0.22798   2.31712   0.94453   0.17986   1.24442  
 58 55.9381   4934.193346  x:  0.00150   0.00312   0.00000   0.32651   0.10014   0.03980   0.12177   0.04128   0.02519   0.12134   0.16001   0.03589   0.33383   0.14844   0.13789   0.00139   0.06862   0.07094   0.04723   0.00000   0.01471   0.00889   0.00413   0.00244   0.00000   0.02617   0.00000   0.00000   0.02147   0.22838   2.31954   0.94214   0.17852   1.24810  
 59  9.7236   4934.186018  x:  0.00147   0.00312   0.00000   0.32636   0.10101   0.03954   0.12214   0.04123   0.02517   0.12167   0.15976   0.03587   0.33408   0.14867   0.13699   0.00146   0.06781   0.07047   0.04726   0.00000   0.01469   0.00888   0.00412   0.00244   0.00000   0.02614   0.00000   0.00000   0.02147   0.22856   2.32003   0.94114   0.17687   1.25177  
 60  6.8541   4934.166942  x:  0.00149   0.00311   0.00000   0.32631   0.10035   0.03971   0.12214   0.04124   0.02518   0.12098   0.15902   0.03589   0.33428   0.15210   0.13701   0.00135   0.06843   0.07060   0.04725   0.00000   0.01471   0.00888   0.00412   0.00244   0.00000   0.02615   0.00000   0.00000   0.02145   0.22806   2.31874   0.93810   0.17598   1.26531  
 61  7.7284   4933.856489  x:  0.00138   0.00297   0.00000   0.32644   0.10128   0.03969   0.11820   0.04115   0.02522   0.12580   0.16836   0.03577   0.33283   0.15273   0.13673   0.00150   0.06834   0.07038   0.04722   0.00000   0.01470   0.00892   0.00419   0.00244   0.00000   0.02614   0.00000   0.00000   0.02145   0.22545   2.28074   0.92753   0.19703   1.51912  
 62 20.0839   4933.613474  x:  0.00127   0.00299   0.00000   0.32662   0.10097   0.03930   0.12473   0.04093   0.02510   0.11944   0.16231   0.03566   0.33201   0.14850   0.13685   0.00153   0.06809   0.06984   0.04711   0.00000   0.01466   0.00892   0.00423   0.00243   0.00000   0.02607   0.00000   0.00000   0.02142   0.22734   2.25135   0.92276   0.21434   1.71355  
 63 232.4608   4933.587481  x:  0.00128   0.00300   0.00000   0.32662   0.10092   0.03930   0.12246   0.04088   0.02509   0.12078   0.15840   0.03566   0.33204   0.14807   0.13741   0.00152   0.06785   0.06972   0.04705   0.00000   0.01464   0.00891   0.00423   0.00242   0.00000   0.02605   0.00000   0.00000   0.02141   0.22835   2.24827   0.92274   0.21615   1.73399  
 64 44.1776   4933.585343  x:  0.00128   0.00300   0.00000   0.32659   0.10099   0.03932   0.12258   0.04091   0.02510   0.12091   0.15872   0.03566   0.33182   0.14840   0.13748   0.00148   0.06795   0.06977   0.04707   0.00000   0.01465   0.00892   0.00424   0.00242   0.00000   0.02606   0.00000   0.00000   0.02141   0.23005   2.24863   0.92259   0.21646   1.73524  
 65  0.2464   4933.266314  x:  0.00000   0.00321   0.00000   0.32869   0.09921   0.03972   0.12378   0.04129   0.02449   0.12327   0.15822   0.03432   0.33513   0.15119   0.13292   0.00219   0.07182   0.06760   0.04536   0.00000   0.01494   0.00926   0.00500   0.00233   0.00000   0.02625   0.00000   0.00000   0.02131   0.22813   2.32181   0.92864   0.23736   1.94846  
 66  1.5759   4933.125927  x:  0.00078   0.00313   0.00000   0.32975   0.09967   0.03956   0.12240   0.04106   0.02510   0.12260   0.16022   0.03499   0.33427   0.15178   0.13360   0.00112   0.07077   0.06914   0.04619   0.00000   0.01438   0.00933   0.00465   0.00231   0.00000   0.02637   0.00000   0.00000   0.02193   0.22854   2.31638   0.91636   0.25471   2.23874  
 67  0.1491   4933.046721  x:  0.00118   0.00317   0.00000   0.33002   0.10044   0.03948   0.12262   0.04103   0.02532   0.12241   0.16005   0.03526   0.33484   0.15077   0.13489   0.00079   0.07046   0.06930   0.04629   0.00000   0.01401   0.00968   0.00466   0.00241   0.00000   0.02649   0.00000   0.00000   0.02182   0.22845   2.30248   0.91788   0.27806   2.54934  
 68  0.1329   4933.023516  x:  0.00096   0.00316   0.00000   0.32871   0.09999   0.03953   0.12271   0.04102   0.02522   0.12265   0.15976   0.03499   0.33532   0.15119   0.13379   0.00074   0.07121   0.06882   0.04585   0.00000   0.01401   0.00978   0.00479   0.00239   0.00000   0.02654   0.00000   0.00000   0.02194   0.22843   2.31281   0.91282   0.28943   2.74417  
 69  0.1461   4933.016450  x:  0.00097   0.00315   0.00000   0.32954   0.09994   0.03956   0.12275   0.04105   0.02522   0.12266   0.15978   0.03498   0.33520   0.15133   0.13389   0.00070   0.07120   0.06899   0.04608   0.00000   0.01416   0.00965   0.00477   0.00234   0.00000   0.02652   0.00000   0.00000   0.02208   0.22875   2.31475   0.91202   0.29842   2.89422  
 70  0.0616   4933.015282  x:  0.00103   0.00312   0.00000   0.32907   0.10002   0.03954   0.12271   0.04104   0.02517   0.12263   0.15980   0.03504   0.33517   0.15119   0.13401   0.00064   0.07110   0.06895   0.04602   0.00000   0.01417   0.00963   0.00475   0.00237   0.00000   0.02646   0.00000   0.00000   0.02184   0.22862   2.31317   0.91134   0.30033   2.92920  
 71  0.0285   4933.015128  x:  0.00100   0.00311   0.00000   0.32895   0.09999   0.03956   0.12272   0.04105   0.02514   0.12266   0.15980   0.03503   0.33517   0.15120   0.13396   0.00064   0.07111   0.06891   0.04600   0.00000   0.01422   0.00957   0.00473   0.00237   0.00000   0.02645   0.00000   0.00000   0.02185   0.22858   2.31326   0.91142   0.30037   2.92923  
 72  0.0001   4933.015108  x:  0.00099   0.00311   0.00000   0.32903   0.09999   0.03956   0.12272   0.04105   0.02514   0.12265   0.15980   0.03504   0.33512   0.15121   0.13397   0.00065   0.07110   0.06892   0.04602   0.00000   0.01423   0.00957   0.00473   0.00237   0.00000   0.02644   0.00000   0.00000   0.02183   0.22860   2.31345   0.91144   0.30031   2.92627  
 73  0.0020   4933.015105  x:  0.00098   0.00311   0.00000   0.32901   0.09999   0.03956   0.12272   0.04105   0.02514   0.12265   0.15981   0.03505   0.33513   0.15121   0.13397   0.00065   0.07110   0.06892   0.04601   0.00000   0.01422   0.00957   0.00473   0.00237   0.00000   0.02644   0.00000   0.00000   0.02183   0.22859   2.31340   0.91145   0.30042   2.92682  
 74  0.0003   4933.015105  x:  0.00097   0.00311   0.00000   0.32902   0.09999   0.03956   0.12272   0.04105   0.02514   0.12265   0.15981   0.03506   0.33513   0.15121   0.13397   0.00065   0.07110   0.06892   0.04601   0.00000   0.01422   0.00957   0.00473   0.00237   0.00000   0.02644   0.00000   0.00000   0.02183   0.22860   2.31341   0.91145   0.30049   2.92775  
 75  0.0007   4933.015105  x:  0.00096   0.00311   0.00000   0.32902   0.09999   0.03956   0.12272   0.04105   0.02514   0.12265   0.15981   0.03507   0.33513   0.15121   0.13397   0.00065   0.07110   0.06892   0.04601   0.00000   0.01422   0.00957   0.00473   0.00237   0.00000   0.02644   0.00000   0.00000   0.02183   0.22860   2.31341   0.91144   0.30051   2.92797  
 76  0.0002   4933.015105  x:  0.00096   0.00311   0.00000   0.32902   0.09999   0.03956   0.12272   0.04105   0.02514   0.12265   0.15981   0.03507   0.33513   0.15121   0.13397   0.00065   0.07110   0.06892   0.04601   0.00000   0.01422   0.00957   0.00473   0.00237   0.00000   0.02644   0.00000   0.00000   0.02183   0.22860   2.31341   0.91144   0.30051   2.92797  
 77  0.0001   4933.015105  x:  0.00096   0.00311   0.00000   0.32902   0.09999   0.03956   0.12272   0.04105   0.02514   0.12265   0.15981   0.03507   0.33513   0.15121   0.13397   0.00065   0.07110   0.06892   0.04601   0.00000   0.01422   0.00957   0.00473   0.00237   0.00000   0.02644   0.00000   0.00000   0.02183   0.22860   2.31341   0.91144   0.30051   2.92797  
check convergence!
