

TREE # 1

  0  0.0000  26237.535570  x:  0.04365   0.09711   0.08193   0.02609   0.06875   0.10803   0.06297   0.04919   0.05561   0.04351   0.05816   0.03253   0.06252   0.09650   0.07053   0.08804   0.08980   0.03460   0.09029   0.09053   0.08246   0.10774   0.02982   0.05940   0.01746   0.08788   0.07999   0.09955   0.01781   0.08896   0.01766   0.08761   0.01077   0.09076   0.06882   0.06423   0.02226   0.06495   0.10731   0.06849   0.07463   0.07686   0.04354   0.02541   0.03016   0.01133   0.03315   0.07227   0.09724   0.04616   0.01011   0.08499   0.09155   2.00000   0.90000   0.81520   1.14052  
  1 99.0000  24884.626697  x:  0.01316   0.06261   0.08863   0.09994   0.04556   0.09861   0.07507   0.01499   0.17354   0.15834   0.07094   0.35830   0.06188   0.10613   0.07418   0.07161   0.10854   0.06191   0.07107   0.08662   0.04575   0.07712   0.01511   0.05111   0.08109   0.09269   0.12080   0.07746   0.18793   0.06700   0.02198   0.10575   0.31916   0.08652   0.09977   0.07392   0.16770   0.05331   0.09194   0.03178   0.04377   0.05681   0.02446   0.02158   0.02554   0.16414   0.08190   0.05533   0.06477   0.01629   0.08905   0.10318   0.06812   2.01818   0.95471   0.76338   1.16654  
  2 13323.8460  24707.298052  x:  0.00183   0.04856   0.08755   0.09832   0.03319   0.09434   0.07795   0.00000   0.18216   0.16224   0.07055   0.36629   0.05653   0.10932   0.07765   0.06745   0.11442   0.06376   0.06459   0.08781   0.02989   0.06529   0.01858   0.04970   0.07496   0.09557   0.13127   0.06244   0.18533   0.05248   0.01344   0.10416   0.31501   0.08620   0.10593   0.07755   0.16579   0.05243   0.08792   0.01524   0.03535   0.05075   0.02550   0.02672   0.02668   0.15455   0.08012   0.05252   0.05320   0.01535   0.08171   0.10786   0.05928   2.02662   0.97203   0.73311   1.17756  
  3 2996.5113  24538.850113  x:  0.01919   0.03247   0.08591   0.09676   0.01820   0.08887   0.08176   0.00000   0.19245   0.16630   0.06948   0.37686   0.05022   0.11192   0.08048   0.06246   0.12004   0.06524   0.05708   0.08915   0.01047   0.05123   0.01854   0.04801   0.06794   0.09788   0.14219   0.04309   0.18245   0.03434   0.00516   0.10259   0.31005   0.08630   0.11158   0.08038   0.16335   0.05214   0.08421   0.00000   0.02782   0.04467   0.02398   0.02618   0.02759   0.14227   0.07802   0.05059   0.04053   0.01606   0.07382   0.11229   0.04944   2.03781   0.99524   0.69306   1.19163  
  4 14483.6504  24508.255902  x:  0.02098   0.02949   0.08558   0.09651   0.01548   0.08779   0.08251   0.00000   0.19442   0.16697   0.06916   0.37904   0.04898   0.11231   0.08088   0.06151   0.12096   0.06548   0.05571   0.08943   0.00714   0.04868   0.01854   0.04770   0.06666   0.09822   0.14415   0.03927   0.18192   0.03087   0.00403   0.10237   0.30909   0.08638   0.11250   0.08079   0.16287   0.05210   0.08348   0.00292   0.02680   0.04379   0.02365   0.02593   0.02763   0.13981   0.07760   0.05046   0.03838   0.01617   0.07237   0.11299   0.04775   2.04012   0.99999   0.68479   1.19445  
  5 14204.3797  24328.539021  x:  0.01559   0.01462   0.08151   0.09819   0.00514   0.07670   0.09046   0.00000   0.21021   0.16471   0.05888   0.40629   0.03745   0.10684   0.07364   0.05453   0.11661   0.06422   0.05033   0.09381   0.01747   0.03764   0.01175   0.04588   0.06046   0.09343   0.15009   0.00000   0.17921   0.00378   0.02721   0.10559   0.29987   0.09149   0.10761   0.07358   0.15721   0.05372   0.07868   0.00213   0.04034   0.05178   0.01512   0.00438   0.02018   0.11086   0.07364   0.05733   0.04106   0.01856   0.06195   0.10887   0.04664   2.07004   0.99999   0.57635   1.22590  
  6 3983.1740  24328.539021  x:  0.01559   0.01462   0.08151   0.09819   0.00514   0.07670   0.09046   0.00000   0.21021   0.16471   0.05888   0.40629   0.03745   0.10684   0.07364   0.05453   0.11661   0.06422   0.05033   0.09381   0.01747   0.03764   0.01175   0.04588   0.06046   0.09343   0.15009   0.00000   0.17921   0.00378   0.02721   0.10559   0.29987   0.09149   0.10761   0.07358   0.15721   0.05372   0.07868   0.00213   0.04034   0.05178   0.01512   0.00438   0.02018   0.11086   0.07364   0.05733   0.04106   0.01856   0.06195   0.10887   0.04664   2.07004   0.99999   0.57635   1.22590  
  7 17889.1053  24264.365736  x:  0.00852   0.01458   0.08112   0.09706   0.00850   0.07599   0.09281   0.00000   0.21211   0.16223   0.05727   0.40442   0.03550   0.10795   0.07551   0.05417   0.11849   0.06407   0.04860   0.09336   0.00861   0.03559   0.02161   0.04575   0.05721   0.09486   0.15353   0.00409   0.17496   0.00753   0.02099   0.10418   0.29048   0.09165   0.10959   0.07504   0.15296   0.05375   0.07762   0.00617   0.03459   0.04861   0.02827   0.08054   0.02368   0.10246   0.07202   0.05523   0.03626   0.01624   0.05773   0.11026   0.04377   2.07564   0.99999   0.55512   1.23161  
  8 5097.4338  24195.576959  x:  0.00350   0.01468   0.08062   0.09521   0.00803   0.07464   0.09618   0.00000   0.21490   0.15859   0.05481   0.40188   0.03296   0.10929   0.07766   0.05367   0.12075   0.06426   0.04661   0.09328   0.00000   0.03301   0.02303   0.04542   0.05317   0.09658   0.15765   0.00266   0.16898   0.00721   0.01302   0.10244   0.27732   0.09152   0.11196   0.07674   0.14728   0.05376   0.07659   0.00201   0.02739   0.04458   0.02590   0.07998   0.02684   0.09116   0.07006   0.05252   0.03151   0.01556   0.05276   0.11200   0.04074   2.08351   0.99999   0.52511   1.23927  
  9 2070.1788  24081.824666  x:  0.00497   0.01518   0.07969   0.09191   0.00741   0.07212   0.10244   0.00000   0.22013   0.15148   0.04986   0.39708   0.02828   0.11151   0.08119   0.05269   0.12451   0.06490   0.04377   0.09374   0.00348   0.02919   0.02543   0.04476   0.04624   0.09951   0.16500   0.00127   0.15793   0.00756   0.00000   0.09954   0.25262   0.09131   0.11600   0.07955   0.13674   0.05373   0.07486   0.00714   0.01614   0.03798   0.02222   0.07889   0.03154   0.07048   0.06657   0.04825   0.02414   0.01490   0.04447   0.11495   0.03584   2.09835   0.99999   0.46841   1.25355  
 10 16094.8640  23834.663011  x:  0.01697   0.01249   0.07745   0.08423   0.00962   0.06469   0.12084   0.00000   0.23605   0.12604   0.03056   0.38237   0.01540   0.11424   0.08539   0.05024   0.13064   0.06499   0.03779   0.09338   0.00303   0.02710   0.02459   0.04245   0.03592   0.10473   0.18209   0.01585   0.12735   0.02190   0.01802   0.09873   0.17966   0.09135   0.12246   0.08331   0.10745   0.05080   0.07084   0.00000   0.02403   0.03363   0.02375   0.07645   0.03163   0.01901   0.06007   0.04202   0.02871   0.01971   0.03240   0.11961   0.03222   2.14383   0.99999   0.29347   1.29443  
 11 9713.1413  23804.520017  x:  0.01567   0.01208   0.07710   0.08311   0.00914   0.06346   0.12344   0.00000   0.23831   0.12188   0.02735   0.38026   0.01370   0.11421   0.08537   0.04984   0.13098   0.06474   0.03703   0.09297   0.00000   0.02717   0.02400   0.04206   0.03554   0.10504   0.18382   0.01670   0.12328   0.02240   0.02031   0.09844   0.16942   0.09099   0.12283   0.08326   0.10376   0.05022   0.07019   0.00538   0.02537   0.03404   0.02402   0.07561   0.03103   0.01784   0.05957   0.04178   0.02950   0.01957   0.03211   0.11978   0.03240   2.15032   0.99999   0.26907   1.29972  
 12 12861.1338  23698.221560  x:  0.00278   0.01067   0.07524   0.07762   0.00397   0.05717   0.13532   0.00000   0.24863   0.10058   0.01109   0.37041   0.00633   0.11260   0.08314   0.04765   0.13055   0.06315   0.03495   0.09073   0.00743   0.02849   0.02135   0.04001   0.03695   0.10489   0.18925   0.01494   0.10549   0.01806   0.02409   0.09562   0.12279   0.08774   0.12268   0.08090   0.08865   0.04703   0.06683   0.00413   0.02691   0.03741   0.02532   0.07555   0.02715   0.03689   0.05840   0.04115   0.03086   0.01523   0.03412   0.11884   0.03419   2.18037   0.99999   0.16025   1.32198  
 13 13064.3163  23682.945639  x:  0.01677   0.01242   0.07365   0.07568   0.00202   0.05440   0.13902   0.00000   0.25179   0.08912   0.00559   0.36636   0.00571   0.10933   0.07867   0.04616   0.12683   0.06044   0.03387   0.08736   0.00174   0.02775   0.01932   0.03841   0.03897   0.10198   0.18686   0.01038   0.10163   0.01082   0.02173   0.09332   0.10871   0.08442   0.11911   0.07651   0.08659   0.04560   0.06522   0.00158   0.02588   0.03728   0.02413   0.07744   0.02326   0.03960   0.05753   0.04148   0.02928   0.01333   0.03739   0.11521   0.03407   2.19138   0.99999   0.14341   1.32558  
 14 1869.7992  23670.406293  x:  0.02106   0.01287   0.07302   0.07496   0.00154   0.05338   0.14044   0.00000   0.25300   0.08466   0.00376   0.36477   0.00559   0.10803   0.07691   0.04560   0.12532   0.05941   0.03351   0.08607   0.00000   0.02748   0.01861   0.03780   0.03967   0.10082   0.18585   0.00877   0.10025   0.00820   0.02100   0.09247   0.10343   0.08316   0.11767   0.07479   0.08587   0.04503   0.06457   0.00078   0.02557   0.03721   0.02367   0.07808   0.02184   0.04015   0.05717   0.04161   0.02874   0.01283   0.03848   0.11375   0.03399   2.19566   0.99426   0.13779   1.32687  
 15 10508.0820  23651.359949  x:  0.01665   0.00999   0.06967   0.07268   0.00654   0.04999   0.14625   0.00000   0.25784   0.06318   0.00578   0.35701   0.00944   0.10056   0.06740   0.04360   0.11588   0.05441   0.03332   0.07939   0.00208   0.02613   0.01757   0.03518   0.04116   0.09386   0.17795   0.00330   0.09745   0.00098   0.02219   0.08882   0.08523   0.07759   0.10874   0.06557   0.08563   0.04174   0.06061   0.00106   0.02600   0.03585   0.02084   0.07923   0.01864   0.03155   0.05493   0.04214   0.02713   0.01544   0.04032   0.10476   0.03218   2.21553   0.99373   0.12864   1.33029  
 16 1464.5004  23643.502541  x:  0.01502   0.01148   0.06749   0.07183   0.00630   0.04793   0.14988   0.00000   0.26093   0.05017   0.00431   0.35092   0.00814   0.09550   0.06139   0.04268   0.10904   0.05159   0.03350   0.07516   0.00254   0.02536   0.01801   0.03430   0.04087   0.08922   0.17131   0.00287   0.09669   0.01104   0.02202   0.08627   0.07561   0.07478   0.10258   0.06018   0.08601   0.04090   0.05849   0.00135   0.02367   0.03472   0.01963   0.07876   0.02076   0.02981   0.05370   0.04162   0.02519   0.01385   0.04000   0.09854   0.03080   2.23096   0.99343   0.12564   1.33247  
 17 1814.5207  23636.204936  x:  0.01527   0.01272   0.06599   0.07192   0.00247   0.04706   0.15423   0.00000   0.26508   0.04707   0.00773   0.34061   0.00189   0.09186   0.05947   0.04460   0.10138   0.05173   0.03468   0.07312   0.00216   0.02632   0.02000   0.03635   0.03655   0.08597   0.16105   0.01064   0.09681   0.00705   0.02130   0.08537   0.07410   0.07251   0.09686   0.05956   0.08625   0.04275   0.05858   0.00149   0.02201   0.03431   0.02383   0.07753   0.02588   0.03034   0.05341   0.03910   0.02775   0.01396   0.03477   0.09302   0.03082   2.25844   0.99329   0.12412   1.33673  
 18 659.8439  23622.490844  x:  0.01709   0.01009   0.06426   0.07099   0.01127   0.04695   0.16386   0.00000   0.27505   0.05324   0.00781   0.31405   0.00981   0.08940   0.06327   0.04928   0.08792   0.05417   0.03519   0.07322   0.00093   0.02573   0.01799   0.03808   0.03228   0.08296   0.13837   0.01413   0.09703   0.00867   0.01908   0.08474   0.08096   0.07206   0.08888   0.06437   0.08631   0.04465   0.06038   0.00135   0.01997   0.03279   0.02292   0.07723   0.02166   0.03322   0.05379   0.03673   0.02650   0.01083   0.02990   0.08626   0.03285   2.33570   0.99280   0.12154   1.34922  
 19 1052.0081  23610.686225  x:  0.01534   0.01084   0.06397   0.06951   0.00885   0.04543   0.16912   0.00000   0.28165   0.05749   0.00000   0.29350   0.00685   0.08894   0.06539   0.05069   0.08199   0.05527   0.03434   0.07441   0.00146   0.02535   0.01804   0.03730   0.03464   0.08255   0.12381   0.01008   0.09690   0.00866   0.01802   0.08451   0.08609   0.07238   0.08591   0.06761   0.08624   0.04457   0.06110   0.00131   0.02146   0.03305   0.02072   0.07818   0.01959   0.03100   0.05382   0.03821   0.02549   0.01699   0.03240   0.08465   0.03332   2.40117   0.99292   0.12293   1.35967  
 20 2570.1937  23602.130148  x:  0.01517   0.01252   0.06425   0.06821   0.00355   0.04377   0.17270   0.00000   0.28700   0.06058   0.00629   0.27578   0.00534   0.08948   0.06680   0.05075   0.07977   0.05566   0.03308   0.07583   0.00157   0.02515   0.01830   0.03570   0.03874   0.08338   0.11381   0.00419   0.09680   0.01064   0.01791   0.08448   0.08978   0.07310   0.08519   0.06985   0.08614   0.04368   0.06134   0.00101   0.02360   0.03420   0.01888   0.07913   0.01938   0.02997   0.05387   0.04053   0.02464   0.01919   0.03704   0.08533   0.03317   2.46329   0.99274   0.12439   1.36963  
 21 4806.6853  23584.482845  x:  0.01529   0.01107   0.06590   0.06893   0.00925   0.04337   0.17420   0.00000   0.29325   0.05772   0.00572   0.25011   0.00000   0.09184   0.06483   0.04754   0.08654   0.05385   0.03171   0.07738   0.00201   0.02558   0.01900   0.03272   0.04394   0.08723   0.11172   0.00185   0.09818   0.00783   0.01982   0.08467   0.09139   0.07381   0.08912   0.06892   0.08688   0.04005   0.05960   0.00088   0.02568   0.03677   0.02117   0.07811   0.02618   0.03026   0.05362   0.04326   0.02593   0.00752   0.04341   0.09139   0.02993   2.58175   0.99310   0.13370   1.38776  
 22 2588.2461  23563.376571  x:  0.01747   0.01320   0.06826   0.07208   0.01149   0.04432   0.17312   0.00000   0.29956   0.04869   0.00485   0.22185   0.01012   0.09585   0.06027   0.04191   0.10031   0.05064   0.03198   0.07782   0.00095   0.02619   0.01963   0.03197   0.04601   0.09257   0.11934   0.00868   0.10157   0.00675   0.02023   0.08449   0.08997   0.07419   0.09646   0.06410   0.08896   0.03796   0.05663   0.00076   0.02268   0.03807   0.02496   0.07661   0.03168   0.03870   0.05353   0.04418   0.02851   0.01608   0.04731   0.10041   0.02636   2.75477   0.99381   0.14808   1.41337  
 23 5264.2713  23540.833030  x:  0.01550   0.01251   0.06852   0.07482   0.00000   0.04713   0.16758   0.00000   0.30053   0.04466   0.00359   0.21613   0.01066   0.09669   0.05395   0.03990   0.10897   0.05036   0.03713   0.07504   0.00169   0.02705   0.01607   0.03853   0.03947   0.09293   0.13526   0.00823   0.10556   0.00580   0.02410   0.08523   0.08689   0.07354   0.10026   0.05684   0.09292   0.04295   0.05715   0.00122   0.02310   0.03457   0.02177   0.07790   0.01468   0.04067   0.05460   0.04037   0.02765   0.01051   0.04181   0.10241   0.03439   2.92343   0.99476   0.16186   1.43579  
 24 3237.7962  23523.128971  x:  0.01736   0.01363   0.06688   0.07597   0.00799   0.05122   0.16033   0.00000   0.29698   0.04885   0.00690   0.23075   0.00231   0.09449   0.05057   0.04192   0.10926   0.05117   0.04030   0.07139   0.00085   0.02778   0.01696   0.04132   0.03729   0.08852   0.14993   0.00000   0.10876   0.00699   0.02528   0.08561   0.08488   0.07265   0.09919   0.05232   0.09727   0.04780   0.06018   0.00102   0.02661   0.03441   0.01721   0.07877   0.01483   0.04617   0.05674   0.03946   0.02551   0.01672   0.03783   0.09733   0.04105   3.06403   0.99497   0.16912   1.45176  
 25 3388.4381  23523.128971  x:  0.01736   0.01363   0.06688   0.07597   0.00799   0.05122   0.16033   0.00000   0.29698   0.04885   0.00690   0.23075   0.00231   0.09449   0.05057   0.04192   0.10926   0.05117   0.04030   0.07139   0.00085   0.02778   0.01696   0.04132   0.03729   0.08852   0.14993   0.00000   0.10876   0.00699   0.02528   0.08561   0.08488   0.07265   0.09919   0.05232   0.09727   0.04780   0.06018   0.00102   0.02661   0.03441   0.01721   0.07877   0.01483   0.04617   0.05674   0.03946   0.02551   0.01672   0.03783   0.09733   0.04105   3.06403   0.99497   0.16912   1.45176  
 26 4286.1119  23483.606911  x:  0.00454   0.00986   0.06683   0.07560   0.00338   0.05087   0.15996   0.00000   0.29537   0.05185   0.00814   0.23831   0.01105   0.09572   0.05635   0.04294   0.10826   0.05229   0.03840   0.07380   0.01098   0.02630   0.01816   0.03849   0.03809   0.08880   0.14995   0.00307   0.10788   0.00342   0.01596   0.08488   0.08624   0.07343   0.09972   0.05708   0.09603   0.04547   0.05995   0.01082   0.01991   0.03444   0.01725   0.06061   0.02618   0.04474   0.05588   0.04023   0.02341   0.01173   0.03652   0.09725   0.03562   3.06615   0.96837   0.16693   1.45162  
 27 2252.7395  23459.815031  x:  0.00000   0.01136   0.06726   0.07545   0.00323   0.05091   0.15943   0.00000   0.29306   0.05571   0.00484   0.24827   0.01070   0.09703   0.06149   0.04452   0.10749   0.05304   0.03588   0.07551   0.00382   0.02510   0.01822   0.03638   0.03899   0.08951   0.15059   0.00356   0.10721   0.00652   0.00786   0.08458   0.08861   0.07520   0.10054   0.06231   0.09495   0.04413   0.06082   0.00234   0.01487   0.03410   0.01792   0.03677   0.02901   0.04298   0.05534   0.04033   0.02340   0.01345   0.03624   0.09759   0.03077   3.06930   0.96277   0.15764   1.45231  
 28 1665.9948  23454.520085  x:  0.00143   0.01183   0.06738   0.07540   0.00313   0.05091   0.15926   0.00000   0.29234   0.05689   0.00393   0.25137   0.01071   0.09743   0.06308   0.04500   0.10724   0.05329   0.03512   0.07606   0.00195   0.02475   0.01826   0.03574   0.03926   0.08973   0.15078   0.00373   0.10700   0.00732   0.00544   0.08449   0.08933   0.07574   0.10078   0.06391   0.09460   0.04372   0.06110   0.00060   0.01344   0.03400   0.01812   0.02942   0.02996   0.04244   0.05518   0.04040   0.02336   0.01384   0.03617   0.09769   0.02931   3.07029   0.96082   0.15478   1.45252  
 29 14628.9781  23449.828062  x:  0.00167   0.01246   0.06753   0.07535   0.00340   0.05093   0.15908   0.00000   0.29159   0.05797   0.00306   0.25448   0.01009   0.09778   0.06441   0.04547   0.10701   0.05355   0.03448   0.07656   0.00000   0.02457   0.01824   0.03528   0.03948   0.08995   0.15102   0.00369   0.10681   0.00834   0.00390   0.08448   0.09009   0.07629   0.10100   0.06534   0.09428   0.04346   0.06142   0.00285   0.01299   0.03396   0.01835   0.02257   0.03006   0.04194   0.05508   0.04052   0.02348   0.01444   0.03626   0.09780   0.02826   3.07133   0.96070   0.15151   1.45278  
 30 4475.3411  23446.009655  x:  0.00174   0.01295   0.06769   0.07526   0.00385   0.05091   0.15881   0.00000   0.29057   0.05911   0.00288   0.25861   0.00908   0.09812   0.06572   0.04598   0.10666   0.05403   0.03413   0.07737   0.00355   0.02471   0.01831   0.03500   0.03964   0.09020   0.15136   0.00348   0.10655   0.00924   0.00401   0.08461   0.09110   0.07694   0.10118   0.06685   0.09386   0.04325   0.06178   0.00319   0.01404   0.03396   0.01870   0.01575   0.02934   0.04140   0.05503   0.04063   0.02365   0.01475   0.03653   0.09796   0.02769   3.07282   0.96192   0.14692   1.45317  
 31 2069.4873  23441.222596  x:  0.00165   0.01112   0.06778   0.07469   0.00266   0.05031   0.15790   0.00000   0.28740   0.06108   0.00711   0.27074   0.00935   0.09866   0.06853   0.04691   0.10542   0.05502   0.03307   0.07887   0.00177   0.02503   0.01819   0.03481   0.03947   0.09066   0.15210   0.00299   0.10559   0.00704   0.00774   0.08501   0.09355   0.07804   0.10121   0.06992   0.09243   0.04255   0.06212   0.00255   0.01841   0.03400   0.02006   0.01429   0.02808   0.04036   0.05489   0.04078   0.02312   0.01148   0.03725   0.09823   0.02805   3.07761   0.96030   0.13576   1.45405  
 32 734.8121  23436.256798  x:  0.00180   0.01170   0.06781   0.07401   0.00378   0.04959   0.15620   0.00000   0.28225   0.06266   0.00444   0.28863   0.00676   0.09893   0.07124   0.04776   0.10362   0.05621   0.03219   0.08059   0.00262   0.02519   0.01801   0.03478   0.03902   0.09097   0.15306   0.00243   0.10422   0.00482   0.00682   0.08487   0.09620   0.07902   0.10101   0.07301   0.09042   0.04235   0.06212   0.00289   0.01758   0.03361   0.02039   0.01981   0.02589   0.03974   0.05447   0.04074   0.02324   0.01405   0.03781   0.09843   0.02849   3.08538   0.95651   0.12216   1.45513  
 33 1007.5645  23434.249019  x:  0.00186   0.01221   0.06756   0.07379   0.00361   0.04898   0.15499   0.00000   0.27841   0.06089   0.00400   0.30018   0.00584   0.09803   0.06994   0.04731   0.10254   0.05604   0.03292   0.08011   0.00266   0.02511   0.01777   0.03567   0.03831   0.09065   0.15330   0.00331   0.10372   0.00956   0.00818   0.08453   0.09640   0.07871   0.10015   0.07169   0.08955   0.04308   0.06144   0.00299   0.01617   0.03335   0.01756   0.02055   0.02410   0.04082   0.05439   0.04011   0.02333   0.01226   0.03738   0.09811   0.03003   3.09220   0.95429   0.12052   1.45541  
 34 486.1606  23431.320154  x:  0.00182   0.01211   0.06711   0.07327   0.00320   0.04805   0.15319   0.00000   0.27169   0.05638   0.00663   0.31950   0.00601   0.09600   0.06587   0.04614   0.10115   0.05506   0.03460   0.07822   0.00260   0.02520   0.01778   0.03700   0.03759   0.08988   0.15335   0.00105   0.10299   0.00866   0.00553   0.08350   0.09509   0.07683   0.09837   0.06719   0.08879   0.04434   0.06029   0.00290   0.01709   0.03358   0.01730   0.01919   0.02263   0.04276   0.05463   0.03938   0.02407   0.01408   0.03640   0.09729   0.03182   3.10601   0.95403   0.12304   1.45565  
 35 662.8916  23429.673159  x:  0.00180   0.01144   0.06706   0.07349   0.00525   0.04834   0.15231   0.00000   0.26744   0.05422   0.00513   0.33142   0.00570   0.09491   0.06370   0.04586   0.10079   0.05426   0.03509   0.07702   0.00246   0.02515   0.01805   0.03668   0.03793   0.08954   0.15331   0.00400   0.10297   0.00679   0.00661   0.08318   0.09402   0.07582   0.09755   0.06466   0.08885   0.04440   0.06003   0.00282   0.01722   0.03383   0.01990   0.01856   0.02455   0.04296   0.05478   0.03951   0.02364   0.01334   0.03610   0.09680   0.03088   3.11678   0.95556   0.12619   1.45577  
 36 747.7883  23428.272347  x:  0.00181   0.01218   0.06731   0.07368   0.00231   0.04882   0.15238   0.00000   0.26438   0.05491   0.00415   0.34031   0.00700   0.09481   0.06392   0.04614   0.10137   0.05372   0.03436   0.07662   0.00288   0.02506   0.01795   0.03505   0.03902   0.08956   0.15273   0.00289   0.10338   0.00641   0.00782   0.08338   0.09283   0.07586   0.09779   0.06423   0.08977   0.04351   0.06069   0.00305   0.01576   0.03371   0.01939   0.01944   0.02706   0.04137   0.05473   0.04041   0.02294   0.01281   0.03678   0.09665   0.02820   3.12945   0.95925   0.13012   1.45589  
 37 452.0691  23427.244714  x:  0.00186   0.01164   0.06749   0.07410   0.00491   0.04998   0.15307   0.00000   0.26265   0.05716   0.00539   0.34571   0.00862   0.09529   0.06560   0.04665   0.10242   0.05376   0.03349   0.07688   0.00306   0.02496   0.01786   0.03430   0.03943   0.08974   0.15223   0.00279   0.10402   0.00720   0.00729   0.08367   0.09182   0.07645   0.09867   0.06531   0.09088   0.04242   0.06139   0.00312   0.01615   0.03349   0.01744   0.02038   0.02781   0.03988   0.05458   0.04091   0.02314   0.01333   0.03752   0.09681   0.02789   3.14301   0.96094   0.13412   1.45597  
 38 475.6321  23425.241890  x:  0.00189   0.01110   0.06774   0.07492   0.00384   0.05124   0.15465   0.00000   0.26083   0.06187   0.00337   0.35177   0.00674   0.09653   0.06924   0.04709   0.10500   0.05490   0.03302   0.07815   0.00305   0.02531   0.01817   0.03575   0.03881   0.09008   0.15090   0.00245   0.10537   0.00722   0.00636   0.08457   0.09059   0.07787   0.10094   0.06849   0.09297   0.04187   0.06230   0.00305   0.01829   0.03347   0.01888   0.02073   0.02580   0.03961   0.05452   0.04072   0.02399   0.01224   0.03807   0.09757   0.03174   3.17458   0.96087   0.14181   1.45620  
 39 576.2016  23423.253321  x:  0.00190   0.01328   0.06799   0.07574   0.00289   0.05180   0.15642   0.00000   0.26066   0.06426   0.00600   0.35465   0.00638   0.09773   0.07162   0.04708   0.10737   0.05635   0.03389   0.07956   0.00294   0.02562   0.01842   0.03747   0.03822   0.09049   0.15018   0.00455   0.10671   0.00655   0.00866   0.08580   0.09085   0.07901   0.10285   0.07083   0.09447   0.04369   0.06243   0.00318   0.01589   0.03395   0.02069   0.02061   0.02435   0.04210   0.05492   0.04034   0.02392   0.01490   0.03724   0.09851   0.03284   3.21126   0.96063   0.14575   1.45679  
 40 913.9189  23416.248118  x:  0.00190   0.01169   0.06829   0.07690   0.00555   0.05133   0.16139   0.00000   0.26420   0.06287   0.00547   0.35547   0.00313   0.10022   0.07271   0.04546   0.11284   0.05945   0.03762   0.08292   0.00251   0.02593   0.01779   0.03952   0.03821   0.09152   0.15017   0.00124   0.10961   0.00285   0.00868   0.08847   0.09463   0.08053   0.10674   0.07282   0.09682   0.04961   0.06152   0.00313   0.01474   0.03617   0.01631   0.02043   0.02502   0.05018   0.05741   0.03995   0.02201   0.01149   0.03381   0.10141   0.02812   3.34080   0.96093   0.14751   1.45970  
 41 1363.8580  23405.124350  x:  0.00207   0.00674   0.06846   0.07833   0.00344   0.04957   0.16882   0.00000   0.27236   0.05591   0.00375   0.35285   0.00514   0.10294   0.07086   0.04294   0.11880   0.06070   0.03927   0.08594   0.00231   0.02537   0.01792   0.03766   0.03971   0.09275   0.15120   0.00094   0.11315   0.01112   0.00590   0.09099   0.10088   0.08135   0.11042   0.07195   0.09835   0.05325   0.06023   0.00297   0.02129   0.03732   0.02041   0.02255   0.02906   0.05430   0.05971   0.04093   0.02374   0.01551   0.03391   0.10495   0.02352   3.57182   0.95875   0.14493   1.46525  
 42 4644.5450  23388.428387  x:  0.00144   0.02005   0.06894   0.07885   0.00419   0.04804   0.17763   0.00000   0.28601   0.04552   0.00334   0.34465   0.00858   0.10429   0.06411   0.04182   0.12253   0.05728   0.03543   0.08584   0.00227   0.02480   0.01850   0.03195   0.04161   0.09381   0.15421   0.00258   0.11523   0.00995   0.00160   0.09185   0.10713   0.07938   0.11140   0.06631   0.09769   0.05080   0.06008   0.00255   0.02322   0.03370   0.02106   0.02216   0.02901   0.04752   0.05870   0.04253   0.02515   0.01070   0.04122   0.10750   0.03036   3.93038   0.95483   0.13827   1.47406  
 43 7450.2735  23375.570886  x:  0.00157   0.01337   0.06797   0.07726   0.00353   0.04759   0.18042   0.00000   0.29491   0.04421   0.00189   0.33656   0.00550   0.10245   0.05823   0.04326   0.11996   0.05287   0.03124   0.08175   0.00188   0.02517   0.01813   0.03254   0.04066   0.09342   0.15654   0.00117   0.11333   0.00576   0.00849   0.09019   0.10775   0.07675   0.10807   0.06106   0.09463   0.04244   0.06043   0.00249   0.01794   0.03034   0.01740   0.01859   0.02487   0.03770   0.05526   0.04153   0.02492   0.01547   0.04352   0.10598   0.03335   4.17957   0.94997   0.13470   1.48014  
 44 7294.5629  23369.096902  x:  0.00176   0.01070   0.06713   0.07566   0.00273   0.04816   0.17813   0.00000   0.29807   0.04992   0.00547   0.33098   0.00332   0.09949   0.05734   0.04559   0.11382   0.05123   0.03104   0.07699   0.00294   0.02526   0.01800   0.03539   0.03891   0.09217   0.15755   0.00253   0.10966   0.00734   0.00425   0.08625   0.10332   0.07508   0.10331   0.05930   0.09138   0.03838   0.06126   0.00300   0.01337   0.03201   0.02048   0.01950   0.02307   0.03502   0.05303   0.04002   0.02337   0.01214   0.04065   0.10209   0.03147   4.30444   0.95190   0.13121   1.48341  
 45 3885.8757  23363.927506  x:  0.00162   0.01459   0.06629   0.07325   0.00213   0.04873   0.17198   0.00000   0.29865   0.05641   0.00345   0.32482   0.00477   0.09545   0.05974   0.04802   0.10410   0.05084   0.03205   0.07177   0.00263   0.02482   0.01770   0.03662   0.03703   0.08996   0.15776   0.00354   0.10391   0.00732   0.00570   0.08150   0.09567   0.07385   0.09671   0.06024   0.08738   0.03823   0.06183   0.00271   0.01810   0.03447   0.01822   0.01943   0.02534   0.03642   0.05180   0.03923   0.02278   0.01362   0.03603   0.09608   0.02983   4.40863   0.95115   0.12933   1.48608  
 46 2921.6331  23362.045970  x:  0.00165   0.01293   0.06631   0.07231   0.00316   0.04851   0.16603   0.00000   0.29641   0.05645   0.00239   0.32137   0.00751   0.09363   0.06231   0.04815   0.09861   0.05190   0.03270   0.07178   0.00251   0.02481   0.01809   0.03408   0.03811   0.08882   0.15711   0.00190   0.10101   0.00728   0.00680   0.08003   0.09122   0.07415   0.09396   0.06269   0.08631   0.04055   0.06145   0.00273   0.01609   0.03234   0.01941   0.01898   0.02522   0.03884   0.05269   0.03991   0.02447   0.01288   0.03744   0.09360   0.03178   4.44594   0.95223   0.12873   1.48709  
 47 1031.3245  23361.300628  x:  0.00164   0.01218   0.06672   0.07260   0.00218   0.04807   0.16039   0.00000   0.29287   0.05479   0.00325   0.31887   0.00627   0.09289   0.06321   0.04771   0.09622   0.05250   0.03231   0.07366   0.00246   0.02460   0.01770   0.03343   0.03877   0.08857   0.15606   0.00390   0.10018   0.00683   0.00577   0.08024   0.08944   0.07466   0.09338   0.06435   0.08658   0.04121   0.06085   0.00270   0.01652   0.03162   0.01812   0.01891   0.02468   0.03821   0.05330   0.04037   0.02306   0.01329   0.03870   0.09320   0.03151   4.46088   0.95269   0.12884   1.48752  
 48 417.9679  23360.793992  x:  0.00163   0.01312   0.06701   0.07268   0.00313   0.04787   0.15449   0.00000   0.28804   0.05357   0.00379   0.31631   0.00579   0.09269   0.06333   0.04738   0.09526   0.05255   0.03160   0.07541   0.00238   0.02469   0.01775   0.03448   0.03838   0.08875   0.15479   0.00242   0.09998   0.00740   0.00633   0.08111   0.08923   0.07519   0.09360   0.06503   0.08711   0.04038   0.06045   0.00271   0.01648   0.03242   0.01906   0.01895   0.02502   0.03688   0.05313   0.04010   0.02313   0.01315   0.03856   0.09360   0.03048   4.47104   0.95206   0.12902   1.48783  
 49 298.5291  23360.483432  x:  0.00163   0.01282   0.06696   0.07289   0.00275   0.04826   0.15012   0.00000   0.28282   0.05426   0.00333   0.31397   0.00744   0.09303   0.06285   0.04770   0.09605   0.05236   0.03184   0.07550   0.00234   0.02465   0.01813   0.03474   0.03772   0.08923   0.15368   0.00300   0.10049   0.00698   0.00605   0.08175   0.09027   0.07514   0.09425   0.06422   0.08740   0.03940   0.06068   0.00270   0.01629   0.03274   0.01845   0.01880   0.02514   0.03731   0.05268   0.03962   0.02420   0.01306   0.03782   0.09443   0.03103   4.47742   0.95263   0.12809   1.48815  
 50 183.6562  23360.346952  x:  0.00162   0.01282   0.06673   0.07282   0.00291   0.04864   0.14861   0.00000   0.27946   0.05539   0.00334   0.31260   0.00764   0.09317   0.06247   0.04783   0.09691   0.05214   0.03199   0.07475   0.00237   0.02447   0.01763   0.03402   0.03791   0.08932   0.15326   0.00265   0.10078   0.00717   0.00608   0.08171   0.09103   0.07491   0.09459   0.06345   0.08725   0.03980   0.06086   0.00270   0.01642   0.03212   0.01874   0.01874   0.02500   0.03757   0.05257   0.03979   0.02298   0.01320   0.03777   0.09467   0.03128   4.48019   0.95232   0.12772   1.48831  
 51 135.8941  23360.298893  x:  0.00162   0.01287   0.06660   0.07275   0.00288   0.04876   0.14875   0.00000   0.27747   0.05578   0.00356   0.31188   0.00724   0.09313   0.06246   0.04763   0.09740   0.05206   0.03193   0.07420   0.00236   0.02471   0.01805   0.03397   0.03833   0.08910   0.15329   0.00269   0.10081   0.00715   0.00612   0.08139   0.09123   0.07475   0.09466   0.06328   0.08701   0.04028   0.06084   0.00268   0.01648   0.03200   0.01865   0.01874   0.02498   0.03741   0.05271   0.04003   0.02355   0.01315   0.03812   0.09451   0.03093   4.48119   0.95206   0.12756   1.48840  
 52 64.8369  23360.265021  x:  0.00162   0.01283   0.06657   0.07273   0.00286   0.04874   0.14975   0.00000   0.27536   0.05551   0.00349   0.31117   0.00744   0.09304   0.06271   0.04730   0.09773   0.05210   0.03187   0.07399   0.00239   0.02450   0.01754   0.03428   0.03824   0.08873   0.15356   0.00274   0.10074   0.00710   0.00615   0.08103   0.09115   0.07468   0.09461   0.06352   0.08680   0.04021   0.06070   0.00268   0.01640   0.03234   0.01865   0.01870   0.02495   0.03731   0.05286   0.03997   0.02357   0.01313   0.03842   0.09421   0.03093   4.48191   0.95210   0.12734   1.48852  
 53 45.2556  23360.252247  x:  0.00162   0.01283   0.06659   0.07272   0.00286   0.04869   0.15038   0.00000   0.27440   0.05532   0.00347   0.31086   0.00750   0.09298   0.06276   0.04725   0.09775   0.05213   0.03186   0.07410   0.00237   0.02463   0.01793   0.03420   0.03811   0.08859   0.15372   0.00271   0.10067   0.00713   0.00614   0.08095   0.09105   0.07468   0.09453   0.06366   0.08677   0.04001   0.06065   0.00269   0.01640   0.03228   0.01865   0.01869   0.02496   0.03732   0.05283   0.03987   0.02330   0.01315   0.03825   0.09412   0.03100   4.48218   0.95215   0.12725   1.48860  
 54 40.9972  23360.247806  x:  0.00162   0.01285   0.06662   0.07272   0.00285   0.04864   0.15070   0.00000   0.27401   0.05531   0.00352   0.31074   0.00740   0.09296   0.06268   0.04735   0.09761   0.05212   0.03185   0.07429   0.00238   0.02459   0.01781   0.03404   0.03807   0.08862   0.15380   0.00272   0.10062   0.00713   0.00614   0.08103   0.09098   0.07471   0.09446   0.06368   0.08682   0.03996   0.06068   0.00269   0.01642   0.03212   0.01866   0.01870   0.02499   0.03735   0.05272   0.03986   0.02344   0.01314   0.03802   0.09414   0.03099   4.48228   0.95214   0.12724   1.48865  
 55 18.7240  23360.245822  x:  0.00162   0.01283   0.06664   0.07271   0.00285   0.04858   0.15089   0.00000   0.27383   0.05539   0.00349   0.31068   0.00745   0.09298   0.06258   0.04749   0.09740   0.05211   0.03185   0.07441   0.00237   0.02460   0.01782   0.03414   0.03817   0.08872   0.15384   0.00273   0.10059   0.00714   0.00612   0.08117   0.09096   0.07473   0.09440   0.06360   0.08689   0.04005   0.06073   0.00268   0.01642   0.03219   0.01865   0.01870   0.02498   0.03736   0.05266   0.03992   0.02341   0.01314   0.03808   0.09423   0.03101   4.48233   0.95213   0.12724   1.48872  
 56  7.8200  23360.244053  x:  0.00162   0.01285   0.06662   0.07270   0.00286   0.04851   0.15098   0.00000   0.27375   0.05543   0.00349   0.31066   0.00744   0.09303   0.06260   0.04749   0.09717   0.05214   0.03190   0.07431   0.00237   0.02460   0.01784   0.03408   0.03803   0.08887   0.15385   0.00273   0.10061   0.00713   0.00612   0.08127   0.09099   0.07476   0.09441   0.06354   0.08693   0.04002   0.06072   0.00269   0.01642   0.03219   0.01866   0.01870   0.02495   0.03736   0.05281   0.03985   0.02342   0.01314   0.03819   0.09432   0.03094   4.48239   0.95211   0.12729   1.48890  
 57  3.3346  23360.236308  x:  0.00162   0.01284   0.06654   0.07266   0.00286   0.04843   0.15108   0.00000   0.27367   0.05536   0.00353   0.31065   0.00736   0.09316   0.06278   0.04726   0.09676   0.05213   0.03179   0.07397   0.00239   0.02462   0.01780   0.03420   0.03823   0.08926   0.15382   0.00274   0.10072   0.00713   0.00611   0.08128   0.09112   0.07482   0.09458   0.06356   0.08695   0.03997   0.06061   0.00269   0.01639   0.03211   0.01864   0.01871   0.02515   0.03734   0.05291   0.03985   0.02340   0.01315   0.03798   0.09443   0.03113   4.48269   0.95217   0.12738   1.48986  
 58  4.9449  23360.195493  x:  0.00163   0.01281   0.06646   0.07259   0.00287   0.04857   0.15124   0.00000   0.27359   0.05505   0.00343   0.31069   0.00757   0.09331   0.06298   0.04684   0.09626   0.05205   0.03191   0.07372   0.00241   0.02452   0.01785   0.03392   0.03835   0.09010   0.15362   0.00279   0.10101   0.00704   0.00615   0.08092   0.09132   0.07483   0.09502   0.06376   0.08685   0.04009   0.06059   0.00270   0.01645   0.03237   0.01870   0.01875   0.02442   0.03726   0.05218   0.04014   0.02343   0.01308   0.03766   0.09433   0.03084   4.48428   0.95209   0.12795   1.49507  
 59 21.4061  23359.906522  x:  0.00166   0.01263   0.06662   0.07250   0.00281   0.04950   0.15181   0.00000   0.27342   0.05494   0.00381   0.31105   0.00680   0.09315   0.06246   0.04629   0.09588   0.05171   0.03288   0.07474   0.00238   0.02503   0.01777   0.03409   0.03712   0.09258   0.15253   0.00259   0.10198   0.00706   0.00643   0.07925   0.09150   0.07447   0.09628   0.06430   0.08641   0.04036   0.06134   0.00274   0.01643   0.03248   0.01853   0.01898   0.02572   0.03808   0.05078   0.04016   0.02341   0.01318   0.03903   0.09329   0.03130   4.49576   0.95193   0.13085   1.53278  
 60 139.6728  23358.760559  x:  0.00185   0.01270   0.06742   0.07311   0.00290   0.05006   0.15336   0.00000   0.27332   0.05591   0.00355   0.31268   0.00787   0.09262   0.06129   0.04615   0.09768   0.05189   0.03274   0.07781   0.00256   0.02347   0.01824   0.03642   0.03853   0.09471   0.14987   0.00249   0.10342   0.00669   0.00722   0.07831   0.09083   0.07359   0.09735   0.06408   0.08648   0.04075   0.06161   0.00302   0.01704   0.03051   0.01862   0.01999   0.02420   0.03861   0.05501   0.03863   0.02337   0.01289   0.03797   0.09176   0.03068   4.54177   0.95056   0.14236   1.68392  
 61 764.7432  23357.373125  x:  0.00213   0.01201   0.06745   0.07404   0.00303   0.04868   0.15444   0.00000   0.27329   0.05643   0.00399   0.31462   0.00719   0.09287   0.06208   0.04619   0.10065   0.05352   0.03244   0.07758   0.00278   0.02669   0.01721   0.03415   0.03851   0.09194   0.14877   0.00247   0.10350   0.00643   0.00791   0.08146   0.09004   0.07406   0.09674   0.06318   0.08809   0.04151   0.06003   0.00326   0.01678   0.03459   0.01837   0.02103   0.02371   0.03892   0.05652   0.03994   0.02346   0.01290   0.03631   0.09340   0.03256   4.59801   0.94896   0.15656   1.86836  
 62 2206.9937  23356.766475  x:  0.00223   0.01179   0.06686   0.07416   0.00303   0.04808   0.15451   0.00000   0.27328   0.05576   0.00437   0.31545   0.00661   0.09372   0.06341   0.04646   0.10175   0.05408   0.03309   0.07549   0.00302   0.02426   0.01819   0.03530   0.03750   0.08882   0.14989   0.00237   0.10288   0.00621   0.00804   0.08386   0.09017   0.07529   0.09622   0.06335   0.08939   0.04220   0.05979   0.00340   0.01705   0.03351   0.01830   0.02157   0.02417   0.03959   0.05389   0.04044   0.02343   0.01278   0.03698   0.09561   0.03248   4.62180   0.94867   0.16278   1.94604  
 63 1522.7248  23356.694185  x:  0.00223   0.01185   0.06666   0.07403   0.00296   0.04841   0.15436   0.00000   0.27327   0.05546   0.00429   0.31556   0.00687   0.09403   0.06354   0.04666   0.10169   0.05379   0.03318   0.07517   0.00304   0.02536   0.01773   0.03576   0.03768   0.08819   0.15079   0.00246   0.10268   0.00618   0.00796   0.08397   0.09042   0.07565   0.09629   0.06363   0.08964   0.04218   0.06012   0.00343   0.01722   0.03283   0.01834   0.02166   0.02396   0.03993   0.05348   0.03987   0.02340   0.01274   0.03721   0.09609   0.03205   4.62469   0.94858   0.16371   1.95521  
 64 269.9845  23356.668192  x:  0.00224   0.01184   0.06657   0.07384   0.00285   0.04894   0.15408   0.00000   0.27324   0.05542   0.00436   0.31560   0.00674   0.09430   0.06332   0.04683   0.10147   0.05343   0.03325   0.07528   0.00306   0.02511   0.01783   0.03552   0.03793   0.08791   0.15219   0.00243   0.10254   0.00617   0.00800   0.08362   0.09079   0.07590   0.09653   0.06391   0.08976   0.04211   0.06040   0.00345   0.01721   0.03322   0.01833   0.02171   0.02393   0.04009   0.05379   0.03961   0.02342   0.01276   0.03722   0.09634   0.03217   4.62574   0.94855   0.16419   1.95803  
 65 50.6053  23356.658762  x:  0.00224   0.01182   0.06662   0.07385   0.00281   0.04900   0.15390   0.00000   0.27324   0.05554   0.00432   0.31562   0.00684   0.09440   0.06326   0.04677   0.10142   0.05356   0.03336   0.07545   0.00304   0.02518   0.01782   0.03566   0.03770   0.08794   0.15310   0.00243   0.10257   0.00617   0.00800   0.08344   0.09092   0.07590   0.09664   0.06388   0.08978   0.04223   0.06028   0.00344   0.01719   0.03311   0.01833   0.02171   0.02396   0.03989   0.05392   0.04001   0.02342   0.01276   0.03709   0.09633   0.03222   4.62614   0.94860   0.16436   1.95863  
 66 21.0465  23356.651512  x:  0.00225   0.01184   0.06676   0.07399   0.00281   0.04877   0.15374   0.00000   0.27323   0.05570   0.00432   0.31563   0.00684   0.09434   0.06337   0.04662   0.10153   0.05381   0.03318   0.07555   0.00304   0.02516   0.01782   0.03562   0.03781   0.08818   0.15383   0.00242   0.10271   0.00617   0.00802   0.08349   0.09086   0.07576   0.09665   0.06369   0.08973   0.04217   0.06012   0.00345   0.01722   0.03311   0.01833   0.02172   0.02395   0.04003   0.05373   0.03980   0.02342   0.01276   0.03720   0.09616   0.03219   4.62649   0.94862   0.16441   1.95832  
 67  9.4332  23356.615060  x:  0.00225   0.01178   0.06666   0.07423   0.00278   0.04878   0.15356   0.00000   0.27315   0.05524   0.00436   0.31569   0.00675   0.09379   0.06373   0.04706   0.10216   0.05350   0.03331   0.07510   0.00307   0.02518   0.01782   0.03567   0.03772   0.08914   0.15466   0.00233   0.10316   0.00619   0.00800   0.08435   0.09023   0.07575   0.09650   0.06395   0.08941   0.04236   0.06083   0.00345   0.01721   0.03316   0.01834   0.02175   0.02392   0.03997   0.05397   0.03989   0.02341   0.01277   0.03705   0.09586   0.03224   4.62837   0.94863   0.16403   1.95303  
 68 10.2389  23355.908263  x:  0.00239   0.01203   0.06628   0.07403   0.00278   0.04975   0.15393   0.00000   0.27230   0.05655   0.00459   0.31746   0.00668   0.09200   0.06182   0.04507   0.10337   0.05180   0.03622   0.07523   0.00307   0.02525   0.01765   0.03594   0.03889   0.09054   0.15464   0.00213   0.10421   0.00595   0.00832   0.08597   0.08882   0.07733   0.09613   0.06612   0.08896   0.04044   0.05728   0.00358   0.01766   0.03302   0.01840   0.02181   0.02341   0.04134   0.05416   0.04089   0.02343   0.01271   0.03767   0.09694   0.03183   4.66515   0.95081   0.15737   1.84140  
 69 76.4996  23353.990013  x:  0.00273   0.01085   0.06649   0.07373   0.00273   0.05061   0.15509   0.00000   0.26996   0.05704   0.00511   0.32212   0.00683   0.09231   0.06148   0.04180   0.10386   0.05189   0.03401   0.07692   0.00346   0.02526   0.01779   0.03620   0.03665   0.09079   0.15225   0.00203   0.10511   0.00534   0.00919   0.08511   0.08941   0.07794   0.09641   0.06600   0.08971   0.04569   0.05809   0.00405   0.01817   0.03352   0.01834   0.02209   0.02306   0.04080   0.05415   0.03777   0.02324   0.01238   0.03619   0.09831   0.03198   4.76266   0.95794   0.14056   1.54473  
 70 1861.1161  23353.352756  x:  0.00283   0.01095   0.06670   0.07404   0.00285   0.05005   0.15535   0.00000   0.26902   0.05554   0.00566   0.32361   0.00586   0.09390   0.06311   0.04393   0.10361   0.05459   0.03468   0.07718   0.00345   0.02532   0.01766   0.03670   0.03753   0.09035   0.15105   0.00180   0.10481   0.00540   0.00972   0.08363   0.09075   0.07662   0.09741   0.06449   0.09026   0.04361   0.06008   0.00415   0.01845   0.03355   0.01835   0.02224   0.02246   0.04259   0.05479   0.03958   0.02321   0.01239   0.03620   0.09726   0.03174   4.79584   0.95990   0.13533   1.44368  
 71 1775.8828  23353.323730  x:  0.00284   0.01092   0.06664   0.07434   0.00288   0.04945   0.15535   0.00000   0.26896   0.05545   0.00567   0.32369   0.00587   0.09424   0.06315   0.04493   0.10355   0.05414   0.03489   0.07707   0.00347   0.02532   0.01766   0.03667   0.03752   0.09023   0.15098   0.00178   0.10463   0.00540   0.00973   0.08367   0.09099   0.07633   0.09817   0.06471   0.09028   0.04384   0.05935   0.00416   0.01846   0.03357   0.01835   0.02226   0.02249   0.04244   0.05474   0.03932   0.02321   0.01237   0.03621   0.09656   0.03178   4.79737   0.96008   0.13516   1.43907  
 72 79.5454  23353.322503  x:  0.00284   0.01092   0.06662   0.07437   0.00290   0.04932   0.15534   0.00000   0.26897   0.05550   0.00567   0.32369   0.00588   0.09424   0.06306   0.04483   0.10350   0.05406   0.03484   0.07706   0.00348   0.02532   0.01766   0.03668   0.03749   0.09013   0.15099   0.00179   0.10458   0.00540   0.00972   0.08377   0.09097   0.07631   0.09837   0.06475   0.09026   0.04382   0.05946   0.00416   0.01846   0.03357   0.01835   0.02226   0.02248   0.04251   0.05475   0.03939   0.02321   0.01237   0.03621   0.09645   0.03177   4.79744   0.96009   0.13514   1.43890  
 73  6.8363  23353.322210  x:  0.00284   0.01092   0.06662   0.07437   0.00290   0.04935   0.15535   0.00000   0.26897   0.05550   0.00567   0.32370   0.00588   0.09422   0.06305   0.04480   0.10348   0.05411   0.03490   0.07706   0.00347   0.02532   0.01766   0.03667   0.03752   0.09010   0.15099   0.00179   0.10454   0.00540   0.00972   0.08383   0.09094   0.07631   0.09847   0.06472   0.09024   0.04382   0.05948   0.00416   0.01846   0.03357   0.01835   0.02226   0.02249   0.04246   0.05474   0.03936   0.02321   0.01238   0.03620   0.09643   0.03178   4.79746   0.96008   0.13513   1.43890  
 74  1.9734  23353.321428  x:  0.00284   0.01092   0.06664   0.07435   0.00288   0.04951   0.15537   0.00000   0.26897   0.05548   0.00567   0.32370   0.00587   0.09417   0.06309   0.04483   0.10346   0.05412   0.03481   0.07707   0.00348   0.02532   0.01766   0.03668   0.03749   0.09009   0.15099   0.00179   0.10448   0.00540   0.00972   0.08389   0.09086   0.07631   0.09863   0.06462   0.09022   0.04382   0.05941   0.00416   0.01846   0.03357   0.01835   0.02225   0.02248   0.04251   0.05474   0.03938   0.02321   0.01237   0.03621   0.09644   0.03176   4.79756   0.96008   0.13511   1.43899  
 75  1.3285  23353.278745  x:  0.00284   0.01094   0.06711   0.07474   0.00296   0.04878   0.15540   0.00000   0.26903   0.05550   0.00565   0.32389   0.00578   0.09392   0.06374   0.04489   0.10380   0.05350   0.03517   0.07719   0.00345   0.02532   0.01766   0.03664   0.03756   0.09030   0.15104   0.00179   0.10372   0.00540   0.00980   0.08298   0.09015   0.07676   0.09933   0.06397   0.09020   0.04381   0.05960   0.00416   0.01844   0.03356   0.01836   0.02219   0.02250   0.04243   0.05477   0.03936   0.02321   0.01242   0.03617   0.09753   0.03169   4.80306   0.96001   0.13533   1.44532  
 76  2.1614  23352.632837  x:  0.00294   0.01132   0.06573   0.07486   0.00324   0.04788   0.15576   0.00000   0.26979   0.05548   0.00512   0.32709   0.00542   0.09395   0.06214   0.04699   0.10461   0.05701   0.03298   0.07608   0.00323   0.02522   0.01763   0.03636   0.03745   0.09092   0.15112   0.00177   0.10163   0.00560   0.00900   0.08225   0.09135   0.07792   0.09999   0.06609   0.08954   0.04378   0.06012   0.00414   0.01810   0.03354   0.01844   0.02151   0.02286   0.04227   0.05443   0.03954   0.02317   0.01281   0.03622   0.09821   0.03073   4.88762   0.96026   0.14159   1.54277  
 77 105.3906  23352.208915  x:  0.00301   0.01150   0.06671   0.07441   0.00335   0.04897   0.15610   0.00000   0.27032   0.05586   0.00481   0.32916   0.00467   0.09560   0.06495   0.04620   0.10360   0.05495   0.03397   0.07712   0.00300   0.02515   0.01760   0.03615   0.03762   0.08926   0.15125   0.00161   0.10334   0.00574   0.00843   0.08401   0.09295   0.07644   0.09874   0.06508   0.09034   0.04363   0.06052   0.00413   0.01786   0.03350   0.01850   0.02104   0.02302   0.04198   0.05439   0.03968   0.02317   0.01310   0.03622   0.09625   0.03026   4.94285   0.96023   0.14521   1.60645  
 78 722.2157  23352.202361  x:  0.00300   0.01150   0.06678   0.07452   0.00335   0.04896   0.15610   0.00000   0.27033   0.05586   0.00480   0.32919   0.00466   0.09566   0.06480   0.04634   0.10343   0.05503   0.03394   0.07697   0.00300   0.02515   0.01759   0.03614   0.03761   0.08897   0.15127   0.00156   0.10410   0.00573   0.00847   0.08382   0.09254   0.07639   0.09891   0.06514   0.09064   0.04365   0.06054   0.00412   0.01786   0.03350   0.01851   0.02102   0.02301   0.04199   0.05439   0.03968   0.02318   0.01311   0.03621   0.09635   0.03024   4.94370   0.96015   0.14508   1.60743  
 79 18.8849  23352.202271  x:  0.00300   0.01151   0.06669   0.07449   0.00335   0.04894   0.15610   0.00000   0.27033   0.05586   0.00480   0.32919   0.00466   0.09565   0.06482   0.04634   0.10342   0.05503   0.03394   0.07700   0.00300   0.02515   0.01759   0.03614   0.03761   0.08896   0.15127   0.00156   0.10413   0.00573   0.00847   0.08381   0.09253   0.07638   0.09892   0.06512   0.09062   0.04364   0.06053   0.00412   0.01786   0.03350   0.01851   0.02102   0.02301   0.04198   0.05438   0.03968   0.02318   0.01311   0.03621   0.09636   0.03024   4.94371   0.96015   0.14508   1.60743  
 80  1.2374  23352.199781  x:  0.00301   0.01150   0.06683   0.07426   0.00336   0.04885   0.15610   0.00000   0.27035   0.05587   0.00479   0.32916   0.00468   0.09517   0.06489   0.04642   0.10336   0.05503   0.03393   0.07699   0.00299   0.02515   0.01759   0.03614   0.03761   0.08889   0.15128   0.00158   0.10423   0.00574   0.00846   0.08380   0.09276   0.07626   0.09900   0.06518   0.09064   0.04364   0.06053   0.00412   0.01786   0.03350   0.01850   0.02102   0.02301   0.04197   0.05438   0.03967   0.02318   0.01311   0.03622   0.09646   0.03024   4.94435   0.96018   0.14509   1.60688  
 81  0.1485  23351.953670  x:  0.00326   0.01147   0.06585   0.07623   0.00326   0.04940   0.15606   0.00000   0.27198   0.05540   0.00451   0.32653   0.00516   0.09339   0.06388   0.04579   0.10254   0.05425   0.03369   0.07653   0.00266   0.02505   0.01757   0.03563   0.03766   0.08892   0.15202   0.00124   0.10376   0.00573   0.00827   0.08335   0.09305   0.07706   0.09800   0.06423   0.09063   0.04340   0.06025   0.00411   0.01806   0.03330   0.01847   0.02059   0.02297   0.04106   0.05412   0.03955   0.02319   0.01305   0.03659   0.09614   0.03029   5.00788   0.96060   0.14025   1.55192  
 82  9.5249  23351.878369  x:  0.00334   0.01143   0.06660   0.07407   0.00330   0.04897   0.15592   0.00000   0.27245   0.05514   0.00444   0.32575   0.00523   0.09460   0.06326   0.04571   0.10286   0.05402   0.03356   0.07637   0.00257   0.02504   0.01755   0.03548   0.03766   0.08919   0.15228   0.00139   0.10357   0.00582   0.00821   0.08348   0.09206   0.07639   0.09787   0.06435   0.08967   0.04333   0.06012   0.00412   0.01812   0.03323   0.01844   0.02046   0.02298   0.04080   0.05403   0.03951   0.02319   0.01302   0.03667   0.09657   0.03026   5.02728   0.96080   0.13883   1.53513  
 83 239.4432  23351.878332  x:  0.00334   0.01143   0.06659   0.07408   0.00330   0.04898   0.15592   0.00000   0.27245   0.05514   0.00444   0.32575   0.00523   0.09460   0.06326   0.04570   0.10286   0.05402   0.03357   0.07637   0.00257   0.02504   0.01755   0.03548   0.03766   0.08920   0.15228   0.00139   0.10355   0.00583   0.00821   0.08348   0.09205   0.07633   0.09787   0.06437   0.08971   0.04333   0.06011   0.00412   0.01812   0.03323   0.01844   0.02046   0.02298   0.04080   0.05403   0.03950   0.02319   0.01302   0.03667   0.09658   0.03026   5.02729   0.96080   0.13883   1.53512  
 84  0.8295  23351.877936  x:  0.00334   0.01143   0.06655   0.07397   0.00331   0.04896   0.15592   0.00000   0.27244   0.05513   0.00444   0.32574   0.00523   0.09458   0.06326   0.04569   0.10290   0.05402   0.03357   0.07636   0.00257   0.02504   0.01755   0.03548   0.03766   0.08924   0.15229   0.00140   0.10352   0.00582   0.00821   0.08346   0.09203   0.07641   0.09788   0.06434   0.08989   0.04333   0.06011   0.00412   0.01812   0.03322   0.01844   0.02046   0.02297   0.04080   0.05403   0.03951   0.02319   0.01302   0.03667   0.09649   0.03026   5.02732   0.96079   0.13880   1.53516  
 85  0.0363  23351.751481  x:  0.00391   0.01148   0.06667   0.07431   0.00312   0.04886   0.15620   0.00000   0.27133   0.05459   0.00457   0.32454   0.00538   0.09507   0.06335   0.04568   0.10311   0.05428   0.03389   0.07694   0.00218   0.02510   0.01766   0.03584   0.03774   0.08944   0.15181   0.00185   0.10412   0.00608   0.00819   0.08359   0.09249   0.07598   0.09850   0.06446   0.09014   0.04302   0.05992   0.00403   0.01817   0.03333   0.01848   0.02071   0.02266   0.04145   0.05435   0.03964   0.02329   0.01283   0.03641   0.09640   0.03096   5.03765   0.95970   0.14043   1.54621  
 86  0.5411  23351.623527  x:  0.00471   0.01146   0.06678   0.07423   0.00324   0.04909   0.15607   0.00000   0.27144   0.05552   0.00439   0.32703   0.00524   0.09482   0.06371   0.04578   0.10324   0.05429   0.03371   0.07685   0.00218   0.02507   0.01761   0.03570   0.03766   0.08941   0.15170   0.00143   0.10401   0.00588   0.00791   0.08372   0.09201   0.07656   0.09829   0.06478   0.09005   0.04330   0.05999   0.00382   0.01771   0.03335   0.01849   0.02065   0.02314   0.04119   0.05419   0.03963   0.02322   0.01309   0.03632   0.09643   0.03045   5.01184   0.96016   0.13959   1.52899  
 87  0.0109  23351.592798  x:  0.00501   0.01134   0.06672   0.07418   0.00323   0.04896   0.15597   0.00000   0.27199   0.05508   0.00451   0.32573   0.00529   0.09489   0.06353   0.04585   0.10292   0.05426   0.03375   0.07661   0.00234   0.02506   0.01760   0.03565   0.03769   0.08915   0.15197   0.00158   0.10378   0.00583   0.00809   0.08356   0.09214   0.07618   0.09811   0.06441   0.09001   0.04320   0.06000   0.00372   0.01783   0.03340   0.01843   0.02071   0.02289   0.04115   0.05416   0.03973   0.02317   0.01294   0.03633   0.09634   0.03050   5.00267   0.96018   0.14015   1.54697  
 88  0.0149  23351.587555  x:  0.00509   0.01143   0.06671   0.07418   0.00323   0.04897   0.15598   0.00000   0.27170   0.05513   0.00450   0.32563   0.00523   0.09485   0.06351   0.04576   0.10298   0.05424   0.03373   0.07670   0.00234   0.02507   0.01760   0.03569   0.03769   0.08932   0.15198   0.00159   0.10382   0.00594   0.00811   0.08357   0.09221   0.07629   0.09821   0.06457   0.08996   0.04316   0.05993   0.00361   0.01788   0.03339   0.01845   0.02055   0.02279   0.04116   0.05419   0.03970   0.02320   0.01299   0.03631   0.09643   0.03055   5.00346   0.96027   0.13977   1.54237  
 89  0.0035  23351.586136  x:  0.00508   0.01141   0.06672   0.07417   0.00323   0.04898   0.15596   0.00000   0.27162   0.05513   0.00451   0.32578   0.00526   0.09485   0.06349   0.04577   0.10299   0.05422   0.03373   0.07668   0.00237   0.02507   0.01760   0.03570   0.03768   0.08929   0.15192   0.00153   0.10384   0.00590   0.00814   0.08357   0.09217   0.07628   0.09819   0.06453   0.08997   0.04316   0.05994   0.00353   0.01792   0.03337   0.01846   0.02056   0.02284   0.04116   0.05417   0.03970   0.02321   0.01299   0.03634   0.09638   0.03059   5.00503   0.96036   0.13999   1.54331  
 90  0.0010  23351.585801  x:  0.00506   0.01141   0.06672   0.07418   0.00323   0.04898   0.15598   0.00000   0.27172   0.05512   0.00450   0.32575   0.00524   0.09484   0.06349   0.04577   0.10299   0.05423   0.03374   0.07667   0.00238   0.02507   0.01760   0.03569   0.03768   0.08928   0.15193   0.00157   0.10383   0.00590   0.00812   0.08357   0.09216   0.07627   0.09818   0.06452   0.08997   0.04318   0.05994   0.00351   0.01790   0.03339   0.01845   0.02059   0.02283   0.04117   0.05418   0.03971   0.02320   0.01298   0.03633   0.09638   0.03055   5.00571   0.96033   0.13994   1.54271  
 91  0.0007  23351.585785  x:  0.00506   0.01141   0.06672   0.07418   0.00323   0.04898   0.15598   0.00000   0.27171   0.05512   0.00451   0.32573   0.00525   0.09485   0.06350   0.04577   0.10299   0.05423   0.03373   0.07668   0.00238   0.02507   0.01760   0.03569   0.03768   0.08928   0.15194   0.00156   0.10383   0.00590   0.00812   0.08357   0.09218   0.07627   0.09819   0.06453   0.08997   0.04318   0.05994   0.00351   0.01789   0.03339   0.01845   0.02060   0.02283   0.04117   0.05418   0.03971   0.02320   0.01298   0.03633   0.09639   0.03056   5.00575   0.96031   0.13992   1.54271  
 92  0.0001  23351.585785  x:  0.00506   0.01141   0.06672   0.07418   0.00323   0.04898   0.15598   0.00000   0.27171   0.05512   0.00451   0.32573   0.00524   0.09485   0.06350   0.04577   0.10299   0.05423   0.03373   0.07668   0.00238   0.02507   0.01760   0.03569   0.03768   0.08928   0.15194   0.00157   0.10383   0.00590   0.00812   0.08357   0.09218   0.07627   0.09819   0.06453   0.08997   0.04318   0.05994   0.00351   0.01789   0.03339   0.01845   0.02060   0.02283   0.04117   0.05418   0.03971   0.02320   0.01298   0.03633   0.09639   0.03056   5.00577   0.96031   0.13991   1.54269  
 93  0.0000  23351.585785  x:  0.00506   0.01141   0.06672   0.07418   0.00323   0.04898   0.15598   0.00000   0.27171   0.05512   0.00451   0.32573   0.00524   0.09485   0.06350   0.04577   0.10299   0.05423   0.03373   0.07668   0.00238   0.02507   0.01760   0.03569   0.03768   0.08928   0.15194   0.00157   0.10383   0.00590   0.00812   0.08357   0.09218   0.07627   0.09819   0.06453   0.08997   0.04318   0.05994   0.00351   0.01789   0.03339   0.01845   0.02060   0.02283   0.04117   0.05418   0.03971   0.02320   0.01298   0.03633   0.09639   0.03056   5.00578   0.96031   0.13991   1.54270  
 94  0.0000  23351.585785  x:  0.00506   0.01141   0.06672   0.07418   0.00323   0.04898   0.15598   0.00000   0.27171   0.05512   0.00451   0.32573   0.00524   0.09485   0.06350   0.04577   0.10299   0.05423   0.03373   0.07668   0.00238   0.02507   0.01760   0.03569   0.03768   0.08928   0.15194   0.00157   0.10383   0.00590   0.00812   0.08357   0.09218   0.07627   0.09819   0.06453   0.08997   0.04318   0.05994   0.00351   0.01789   0.03339   0.01845   0.02060   0.02283   0.04117   0.05418   0.03971   0.02320   0.01298   0.03633   0.09639   0.03056   5.00578   0.96031   0.13991   1.54270  
 95  0.0000  23351.585785  x:  0.00506   0.01141   0.06672   0.07418   0.00323   0.04898   0.15598   0.00000   0.27171   0.05512   0.00451   0.32573   0.00524   0.09485   0.06350   0.04577   0.10299   0.05423   0.03373   0.07668   0.00238   0.02507   0.01760   0.03569   0.03768   0.08928   0.15194   0.00157   0.10383   0.00590   0.00812   0.08357   0.09218   0.07627   0.09819   0.06453   0.08997   0.04318   0.05994   0.00351   0.01789   0.03339   0.01845   0.02060   0.02283   0.04117   0.05418   0.03971   0.02320   0.01298   0.03633   0.09639   0.03056   5.00578   0.96031   0.13991   1.54270  
 96  0.0079  23351.585785  x:  0.00506   0.01141   0.06672   0.07418   0.00323   0.04898   0.15598   0.00000   0.27171   0.05512   0.00451   0.32573   0.00524   0.09485   0.06350   0.04577   0.10299   0.05423   0.03373   0.07668   0.00238   0.02507   0.01760   0.03569   0.03768   0.08928   0.15194   0.00157   0.10383   0.00590   0.00812   0.08357   0.09218   0.07627   0.09819   0.06453   0.08997   0.04318   0.05994   0.00351   0.01789   0.03339   0.01845   0.02060   0.02283   0.04117   0.05418   0.03971   0.02320   0.01298   0.03633   0.09639   0.03056   5.00578   0.96031   0.13991   1.54270  
 97  0.2465  23351.585785  x:  0.00506   0.01141   0.06672   0.07418   0.00323   0.04898   0.15598   0.00000   0.27171   0.05512   0.00451   0.32573   0.00524   0.09485   0.06350   0.04577   0.10299   0.05423   0.03373   0.07668   0.00238   0.02507   0.01760   0.03569   0.03768   0.08928   0.15194   0.00157   0.10383   0.00590   0.00812   0.08357   0.09218   0.07627   0.09819   0.06453   0.08997   0.04318   0.05994   0.00351   0.01789   0.03339   0.01845   0.02060   0.02283   0.04117   0.05418   0.03971   0.02320   0.01298   0.03633   0.09639   0.03056   5.00578   0.96031   0.13991   1.54270  
check convergence!
