

TREE # 1

  0  0.0000  16489.810049  x:  0.01172   0.07348   0.10335   0.01205   0.07039   0.07520   0.01119   0.01940   0.10652   0.01874   0.06958   0.01249   0.08254   0.09934   0.08830   0.08384   0.03279   0.06096   0.10475   0.07011   0.06311   0.05342   0.09881   0.05968   0.01334   0.03705   0.03222   0.10028   0.07480   0.03341   0.09212   0.04233   0.02985   0.09536   0.09356   0.02919   0.05593   0.04508   0.07049   0.01998   0.01101   0.10334   0.06010   0.10618   0.09288   0.10852   0.06001   0.05775   0.03931   0.09888   0.01321   0.10978   0.01130   0.10634   0.05020   2.00000   0.90000   0.85648   1.66681  
  1 99.0000  15434.866583  x:  0.00000   0.06350   0.09865   0.02900   0.06164   0.07547   0.06313   0.01675   0.13686   0.11077   0.07703   0.39831   0.08524   0.09934   0.08667   0.08788   0.06570   0.06446   0.09435   0.07343   0.05248   0.05432   0.08739   0.05327   0.04131   0.10945   0.08298   0.09318   0.09835   0.02509   0.08580   0.05909   0.07812   0.11922   0.12551   0.07889   0.07057   0.05473   0.07256   0.00645   0.00814   0.09399   0.05074   0.09625   0.07711   0.09803   0.04562   0.05660   0.04445   0.08824   0.00806   0.09514   0.04337   0.09838   0.06376   2.00480   0.91870   0.84138   1.67257  
  2 14838.9562  15326.025508  x:  0.01579   0.05752   0.09590   0.02999   0.05423   0.07289   0.06288   0.00785   0.15164   0.11186   0.07192   0.39346   0.07958   0.09897   0.08641   0.08831   0.07186   0.06563   0.08740   0.07621   0.04541   0.05571   0.07952   0.04873   0.04084   0.11998   0.09228   0.08738   0.11030   0.01817   0.08059   0.06424   0.08753   0.13151   0.13968   0.08678   0.07677   0.05933   0.07512   0.00000   0.01066   0.08825   0.04552   0.09001   0.06621   0.09144   0.03616   0.05646   0.04703   0.08165   0.01039   0.08507   0.04192   0.09323   0.06841   2.00798   0.92742   0.83047   1.67607  
  3 2550.0079  15242.199881  x:  0.01553   0.05199   0.09351   0.03067   0.04758   0.07060   0.06301   0.00000   0.16369   0.11239   0.06724   0.38881   0.07455   0.09863   0.08617   0.08863   0.07648   0.06643   0.08125   0.07850   0.03922   0.05687   0.07257   0.04500   0.04051   0.12820   0.09953   0.08202   0.11978   0.01186   0.07571   0.06804   0.09486   0.14145   0.15084   0.09268   0.08146   0.06273   0.07674   0.00877   0.01197   0.08325   0.04128   0.08460   0.05642   0.08573   0.02805   0.05627   0.04887   0.07597   0.01093   0.07602   0.04099   0.08877   0.07191   2.01082   0.93499   0.82065   1.67917  
  4 11531.4483  15143.898180  x:  0.00000   0.04449   0.09019   0.03123   0.03828   0.06761   0.06434   0.00000   0.17775   0.11220   0.06048   0.38248   0.06770   0.09809   0.08580   0.08886   0.08085   0.06697   0.07289   0.08116   0.03107   0.05824   0.06317   0.04079   0.04035   0.13688   0.10713   0.07408   0.13018   0.00283   0.06829   0.07149   0.10265   0.15279   0.16287   0.09830   0.08602   0.06602   0.07764   0.00263   0.01051   0.07663   0.03668   0.07753   0.04261   0.07842   0.01793   0.05584   0.05028   0.06835   0.00960   0.06333   0.03952   0.08292   0.07513   2.01479   0.94495   0.80672   1.68343  
  5 10273.4000  15127.624761  x:  0.00050   0.04310   0.08933   0.03109   0.03544   0.06690   0.06623   0.00000   0.17898   0.11138   0.05809   0.38269   0.06581   0.09784   0.08559   0.08868   0.07992   0.06648   0.07059   0.08134   0.02933   0.05836   0.06068   0.04072   0.04073   0.13671   0.10684   0.07112   0.13024   0.00000   0.06532   0.07056   0.10248   0.15345   0.16262   0.09727   0.08520   0.06526   0.07707   0.00273   0.00892   0.07510   0.03695   0.07598   0.03834   0.07698   0.01718   0.05550   0.04948   0.06665   0.00825   0.05936   0.03964   0.08160   0.07429   2.01606   0.94752   0.80200   1.68475  
  6 2460.3887  15020.448158  x:  0.00106   0.03217   0.08175   0.03105   0.00980   0.06040   0.08406   0.00000   0.18844   0.10144   0.03441   0.38646   0.04837   0.09510   0.08324   0.08644   0.07062   0.06192   0.04986   0.08235   0.01568   0.05910   0.03874   0.04063   0.04301   0.13376   0.10310   0.04330   0.12978   0.00000   0.03736   0.06258   0.09984   0.15817   0.15821   0.08716   0.07733   0.05825   0.07222   0.00250   0.01939   0.06212   0.04026   0.06263   0.00000   0.06493   0.01701   0.05209   0.04316   0.05255   0.01985   0.02289   0.04079   0.07008   0.06629   2.02836   0.97217   0.75626   1.69745  
  7 11891.9599  14992.240942  x:  0.00126   0.02789   0.07875   0.03110   0.00000   0.05785   0.09099   0.00000   0.19238   0.09748   0.02502   0.38783   0.04150   0.09401   0.08231   0.08558   0.06716   0.06021   0.04173   0.08279   0.01045   0.05941   0.03018   0.04047   0.04383   0.13280   0.10183   0.03242   0.12982   0.00000   0.02640   0.05967   0.09898   0.16020   0.15675   0.08340   0.07444   0.05570   0.07038   0.00240   0.02264   0.05705   0.04138   0.05737   0.00162   0.06022   0.01684   0.05074   0.04087   0.04697   0.02335   0.00873   0.04115   0.06553   0.06333   2.03322   0.98185   0.73814   1.70249  
  8 7760.3415  14950.974979  x:  0.00147   0.02388   0.07247   0.03544   0.02066   0.05412   0.10636   0.00000   0.20111   0.08341   0.00072   0.39104   0.02684   0.09072   0.07989   0.08358   0.06198   0.05840   0.02721   0.08366   0.01251   0.06007   0.01819   0.03860   0.04235   0.13109   0.10172   0.01190   0.13120   0.00000   0.00340   0.05908   0.09793   0.16466   0.15371   0.07768   0.07152   0.05440   0.06742   0.00233   0.02521   0.04826   0.04138   0.04815   0.00229   0.05271   0.01886   0.04760   0.04156   0.03833   0.02442   0.00698   0.04013   0.05691   0.05993   2.04551   0.99999   0.69094   1.71515  
  9 2213.7054  14946.130940  x:  0.00148   0.02379   0.07200   0.03584   0.01982   0.05356   0.10810   0.00000   0.20217   0.08143   0.00000   0.39141   0.02582   0.09038   0.07967   0.08336   0.06164   0.05836   0.02638   0.08369   0.01284   0.06013   0.01829   0.03842   0.04213   0.13096   0.10154   0.01095   0.13142   0.00000   0.00252   0.05975   0.09787   0.16515   0.15342   0.07728   0.07128   0.05448   0.06719   0.00234   0.02530   0.04762   0.04129   0.04749   0.00230   0.05215   0.01896   0.04737   0.04168   0.03789   0.02438   0.00849   0.03999   0.05619   0.05978   2.04701   0.99908   0.68507   1.71660  
 10 1565.4307  14890.352902  x:  0.00155   0.02434   0.06555   0.04297   0.01933   0.04595   0.13460   0.00000   0.21765   0.04923   0.01153   0.39627   0.01430   0.08516   0.07643   0.08009   0.05714   0.05834   0.01749   0.08358   0.02046   0.06053   0.02203   0.03563   0.03790   0.12829   0.09905   0.00413   0.13444   0.00000   0.00000   0.07117   0.09669   0.17186   0.14827   0.07190   0.06840   0.05651   0.06414   0.00239   0.02621   0.03990   0.03936   0.03952   0.00222   0.04561   0.02152   0.04410   0.04443   0.03351   0.02257   0.00671   0.03739   0.04660   0.05843   2.07109   0.99128   0.58982   1.74009  
 11 5515.2422  14838.603440  x:  0.00165   0.02342   0.06017   0.04760   0.01699   0.03830   0.16493   0.00000   0.23469   0.02072   0.00243   0.40042   0.00146   0.08048   0.07187   0.07688   0.05397   0.05847   0.02083   0.08195   0.01956   0.05923   0.02013   0.03390   0.03504   0.12496   0.09572   0.02140   0.13704   0.00000   0.01225   0.07836   0.09512   0.17862   0.14254   0.06727   0.06552   0.05686   0.06154   0.00238   0.02619   0.03618   0.03758   0.03594   0.00207   0.04145   0.02224   0.04202   0.04392   0.03273   0.02089   0.00531   0.03540   0.04010   0.05724   2.10323   0.99324   0.45943   1.77133  
 12 5237.9466  14785.393282  x:  0.00177   0.02101   0.05434   0.04860   0.01742   0.03082   0.19774   0.00000   0.25381   0.01300   0.00000   0.39873   0.02241   0.07730   0.06731   0.07349   0.05132   0.05763   0.02425   0.07965   0.01438   0.05714   0.01350   0.03214   0.03274   0.12117   0.09231   0.02989   0.13896   0.00000   0.01301   0.07978   0.09276   0.18552   0.13746   0.06258   0.06318   0.05579   0.05912   0.00240   0.02731   0.03393   0.03543   0.03390   0.00219   0.03789   0.02138   0.04027   0.04188   0.03193   0.02102   0.00799   0.03324   0.03542   0.05581   2.14213   0.99079   0.30048   1.80860  
 13 6706.4878  14785.393282  x:  0.00177   0.02101   0.05434   0.04860   0.01742   0.03082   0.19774   0.00000   0.25381   0.01300   0.00000   0.39873   0.02241   0.07730   0.06731   0.07349   0.05132   0.05763   0.02425   0.07965   0.01438   0.05714   0.01350   0.03214   0.03274   0.12117   0.09231   0.02989   0.13896   0.00000   0.01301   0.07978   0.09276   0.18552   0.13746   0.06258   0.06318   0.05579   0.05912   0.00240   0.02731   0.03393   0.03543   0.03390   0.00219   0.03789   0.02138   0.04027   0.04188   0.03193   0.02102   0.00799   0.03324   0.03542   0.05581   2.14213   0.99079   0.30048   1.80860  
 14 8337.6390  14705.390638  x:  0.00734   0.01943   0.05633   0.04173   0.00783   0.03256   0.18980   0.00000   0.26183   0.07542   0.00118   0.39817   0.01726   0.07953   0.06636   0.07528   0.06283   0.05812   0.02403   0.08023   0.01102   0.05697   0.02422   0.02800   0.03420   0.13328   0.10195   0.02148   0.14653   0.00000   0.00471   0.07987   0.10174   0.19193   0.15368   0.07572   0.07243   0.06034   0.06305   0.00279   0.01262   0.03703   0.02839   0.03688   0.02392   0.03925   0.00726   0.04211   0.04388   0.03203   0.00698   0.01698   0.03284   0.04084   0.06291   2.14520   0.94528   0.29139   1.80918  
 15 2780.6338  14683.852257  x:  0.00007   0.01893   0.05745   0.03897   0.00428   0.03425   0.18417   0.00000   0.26685   0.07923   0.00042   0.39805   0.01576   0.08037   0.06717   0.07619   0.06808   0.05887   0.02444   0.08094   0.01084   0.05700   0.02396   0.02701   0.03504   0.14022   0.10802   0.01769   0.15157   0.00000   0.00162   0.08074   0.10717   0.19629   0.16307   0.08228   0.07716   0.06284   0.06493   0.00000   0.00858   0.03829   0.02613   0.03812   0.01588   0.03988   0.00656   0.04371   0.04472   0.03251   0.01052   0.01348   0.03290   0.04283   0.06628   2.14754   0.94411   0.28338   1.81008  
 16 1321.3342  14683.299408  x:  0.00000   0.01892   0.05747   0.03891   0.00421   0.03429   0.18404   0.00000   0.26696   0.07929   0.00041   0.39805   0.01573   0.08039   0.06719   0.07621   0.06820   0.05889   0.02445   0.08096   0.01083   0.05701   0.02395   0.02699   0.03506   0.14036   0.10815   0.01761   0.15168   0.00000   0.00156   0.08076   0.10728   0.19638   0.16327   0.08242   0.07726   0.06290   0.06497   0.00009   0.00851   0.03832   0.02608   0.03814   0.01569   0.03989   0.00655   0.04374   0.04474   0.03252   0.01059   0.01341   0.03290   0.04287   0.06635   2.14759   0.94410   0.28320   1.81010  
 17 11613.4649  14671.401041  x:  0.00133   0.01883   0.05812   0.03741   0.00242   0.03526   0.18076   0.00000   0.26987   0.08069   0.00011   0.39799   0.01499   0.08085   0.06769   0.07672   0.07110   0.05931   0.02468   0.08137   0.01078   0.05703   0.02365   0.02648   0.03552   0.14430   0.11162   0.01556   0.15459   0.00000   0.00000   0.08130   0.11039   0.19890   0.16862   0.08608   0.07991   0.06428   0.06609   0.00038   0.00683   0.03900   0.02491   0.03880   0.01071   0.04024   0.00649   0.04461   0.04521   0.03280   0.01232   0.01139   0.03296   0.04394   0.06821   2.14896   0.94400   0.27851   1.81063  
 18 17103.7926  14653.669486  x:  0.00120   0.01852   0.05961   0.03514   0.00363   0.03770   0.17121   0.00000   0.27823   0.08264   0.00371   0.39789   0.01518   0.08188   0.06912   0.07776   0.07724   0.06014   0.02486   0.08229   0.01077   0.05703   0.02302   0.02607   0.03616   0.15425   0.12069   0.01301   0.16249   0.00000   0.00164   0.08326   0.11875   0.20595   0.18236   0.09434   0.08587   0.06697   0.06860   0.00016   0.01757   0.04015   0.02400   0.03968   0.00184   0.04089   0.00962   0.04568   0.04636   0.03304   0.00603   0.01209   0.03311   0.04561   0.07197   2.15320   0.94356   0.26516   1.81208  
 19 2412.9804  14638.250237  x:  0.00159   0.01821   0.06202   0.03255   0.00666   0.04160   0.15266   0.00000   0.29403   0.07646   0.00569   0.39776   0.01533   0.08339   0.07180   0.07922   0.08654   0.06144   0.02500   0.08389   0.01128   0.05710   0.02043   0.02634   0.03683   0.17171   0.13669   0.01042   0.17697   0.00000   0.00519   0.08690   0.13373   0.21912   0.20681   0.10757   0.09536   0.07097   0.07245   0.00003   0.03052   0.04142   0.02439   0.04047   0.01608   0.04202   0.01331   0.04656   0.04811   0.03353   0.00651   0.01285   0.03330   0.04738   0.07750   2.16165   0.94777   0.24004   1.81479  
 20 2584.8377  14629.778416  x:  0.00183   0.01785   0.06164   0.03640   0.00840   0.04002   0.13846   0.00000   0.30532   0.06678   0.00000   0.39771   0.01491   0.08304   0.07181   0.07791   0.08474   0.06028   0.02339   0.08374   0.01077   0.05716   0.02203   0.02847   0.03478   0.17859   0.14254   0.01560   0.18440   0.00000   0.00782   0.08762   0.14083   0.22709   0.21806   0.10779   0.09494   0.06908   0.07145   0.00007   0.03134   0.03815   0.02914   0.03785   0.01464   0.04018   0.00330   0.04331   0.04628   0.03337   0.00789   0.02025   0.03259   0.04399   0.07526   2.16936   0.93794   0.22844   1.81568  
 21 712.7297  14629.778416  x:  0.00183   0.01785   0.06164   0.03640   0.00840   0.04002   0.13846   0.00000   0.30532   0.06678   0.00000   0.39771   0.01491   0.08304   0.07181   0.07791   0.08474   0.06028   0.02339   0.08374   0.01077   0.05716   0.02203   0.02847   0.03478   0.17859   0.14254   0.01560   0.18440   0.00000   0.00782   0.08762   0.14083   0.22709   0.21806   0.10779   0.09494   0.06908   0.07145   0.00007   0.03134   0.03815   0.02914   0.03785   0.01464   0.04018   0.00330   0.04331   0.04628   0.03337   0.00789   0.02025   0.03259   0.04399   0.07526   2.16936   0.93794   0.22844   1.81568  
 22 1127.7966  14624.982524  x:  0.00318   0.01801   0.06157   0.03597   0.00641   0.03986   0.13748   0.00000   0.30631   0.06590   0.00112   0.39774   0.01515   0.08305   0.07179   0.07783   0.08460   0.06026   0.02364   0.08375   0.01091   0.05722   0.02176   0.02815   0.03491   0.17904   0.14274   0.01447   0.18478   0.00000   0.00592   0.08730   0.14119   0.22764   0.21887   0.10763   0.09480   0.06907   0.07140   0.00950   0.02715   0.03822   0.02825   0.03808   0.01085   0.04041   0.00928   0.04379   0.04635   0.03356   0.00915   0.01741   0.03272   0.04413   0.07519   2.17020   0.93738   0.22779   1.81573  
 23 1424.4399  14616.757573  x:  0.00146   0.01815   0.06123   0.03517   0.00242   0.03963   0.13520   0.00000   0.30863   0.06390   0.00165   0.39780   0.01517   0.08305   0.07171   0.07766   0.08430   0.06023   0.02413   0.08378   0.01113   0.05733   0.02128   0.02751   0.03519   0.18010   0.14323   0.01220   0.18570   0.00000   0.00186   0.08666   0.14207   0.22896   0.22080   0.10726   0.09450   0.06915   0.07105   0.00776   0.01727   0.03857   0.02648   0.03853   0.00243   0.04070   0.01147   0.04448   0.04632   0.03323   0.01028   0.01164   0.03259   0.04440   0.07503   2.17219   0.93596   0.22631   1.81583  
 24 1018.1932  14614.363200  x:  0.00304   0.01830   0.06104   0.03486   0.00096   0.03965   0.13376   0.00000   0.31013   0.06271   0.00162   0.39782   0.01507   0.08304   0.07164   0.07757   0.08410   0.06020   0.02436   0.08377   0.01117   0.05738   0.02109   0.02719   0.03534   0.18076   0.14359   0.01127   0.18630   0.00000   0.00000   0.08639   0.14266   0.22984   0.22203   0.10701   0.09433   0.06918   0.07088   0.00695   0.01203   0.03889   0.02566   0.03875   0.00411   0.04089   0.01201   0.04474   0.04636   0.03299   0.01036   0.00965   0.03253   0.04454   0.07492   2.17353   0.93530   0.22521   1.81592  
 25 910.8007  14614.363200  x:  0.00304   0.01830   0.06104   0.03486   0.00096   0.03965   0.13376   0.00000   0.31013   0.06271   0.00162   0.39782   0.01507   0.08304   0.07164   0.07757   0.08410   0.06020   0.02436   0.08377   0.01117   0.05738   0.02109   0.02719   0.03534   0.18076   0.14359   0.01127   0.18630   0.00000   0.00000   0.08639   0.14266   0.22984   0.22203   0.10701   0.09433   0.06918   0.07088   0.00695   0.01203   0.03889   0.02566   0.03875   0.00411   0.04089   0.01201   0.04474   0.04636   0.03299   0.01036   0.00965   0.03253   0.04454   0.07492   2.17353   0.93530   0.22521   1.81592  
 26 413.3748  14612.112462  x:  0.00118   0.01818   0.06088   0.03497   0.00180   0.03992   0.13274   0.00000   0.31130   0.06200   0.00099   0.39783   0.01483   0.08302   0.07157   0.07755   0.08397   0.06017   0.02439   0.08375   0.01106   0.05738   0.02113   0.02712   0.03539   0.18124   0.14395   0.01148   0.18678   0.00000   0.00012   0.08642   0.14317   0.23055   0.22296   0.10682   0.09423   0.06921   0.07069   0.00228   0.01089   0.03917   0.02553   0.03881   0.00541   0.04089   0.00935   0.04468   0.04635   0.03275   0.00959   0.01122   0.03242   0.04458   0.07485   2.17465   0.93508   0.22422   1.81600  
 27 542.9495  14611.655369  x:  0.00267   0.01821   0.06080   0.03502   0.00210   0.04007   0.13200   0.00000   0.31216   0.06149   0.00087   0.39784   0.01476   0.08300   0.07153   0.07752   0.08386   0.06015   0.02442   0.08373   0.01101   0.05738   0.02115   0.02707   0.03542   0.18159   0.14419   0.01155   0.18713   0.00000   0.00016   0.08644   0.14354   0.23107   0.22364   0.10667   0.09416   0.06921   0.07062   0.00139   0.01046   0.03930   0.02544   0.03884   0.00567   0.04089   0.00811   0.04467   0.04635   0.03267   0.00932   0.01169   0.03240   0.04462   0.07479   2.17548   0.93495   0.22348   1.81606  
 28 495.8348  14610.718947  x:  0.00279   0.01812   0.06055   0.03517   0.00277   0.04053   0.12945   0.00000   0.31513   0.05982   0.00075   0.39787   0.01460   0.08295   0.07139   0.07742   0.08349   0.06006   0.02449   0.08366   0.01086   0.05737   0.02119   0.02691   0.03551   0.18279   0.14498   0.01178   0.18831   0.00000   0.00024   0.08651   0.14479   0.23286   0.22598   0.10616   0.09389   0.06918   0.07035   0.00299   0.00962   0.03965   0.02517   0.03894   0.00624   0.04089   0.00519   0.04466   0.04637   0.03251   0.00877   0.01273   0.03240   0.04472   0.07460   2.17838   0.93448   0.22095   1.81628  
 29 525.9283  14605.345524  x:  0.00259   0.01754   0.05881   0.03588   0.00394   0.04336   0.11079   0.00000   0.33736   0.04835   0.00244   0.39809   0.01426   0.08265   0.07039   0.07659   0.08075   0.05942   0.02492   0.08316   0.01024   0.05732   0.02127   0.02599   0.03600   0.19160   0.15060   0.01233   0.19690   0.00000   0.00007   0.08685   0.15394   0.24607   0.24327   0.10220   0.09194   0.06899   0.06840   0.00295   0.00947   0.04163   0.02359   0.03955   0.00331   0.04106   0.00810   0.04515   0.04685   0.03151   0.00907   0.01390   0.03227   0.04537   0.07323   2.20046   0.93065   0.20240   1.81785  
 30 757.3230  14604.940240  x:  0.00262   0.01755   0.05876   0.03587   0.00370   0.04343   0.11000   0.00000   0.33849   0.04812   0.00228   0.39809   0.01420   0.08264   0.07034   0.07656   0.08063   0.05939   0.02492   0.08314   0.01028   0.05732   0.02124   0.02600   0.03599   0.19201   0.15083   0.01223   0.19728   0.00000   0.00000   0.08684   0.15437   0.24672   0.24411   0.10198   0.09186   0.06898   0.06833   0.00295   0.00969   0.04164   0.02363   0.03954   0.00399   0.04106   0.00825   0.04514   0.04685   0.03150   0.00916   0.01358   0.03226   0.04537   0.07318   2.20168   0.93033   0.20161   1.81792  
 31 991.6262  14603.786604  x:  0.00231   0.01784   0.05881   0.03555   0.00102   0.04329   0.10717   0.00000   0.34440   0.04962   0.00036   0.39808   0.01374   0.08263   0.07009   0.07643   0.08016   0.05925   0.02479   0.08305   0.01086   0.05729   0.02094   0.02642   0.03569   0.19383   0.15163   0.01100   0.19893   0.00000   0.00000   0.08668   0.15629   0.24995   0.24823   0.10061   0.09158   0.06891   0.06831   0.00247   0.01068   0.04097   0.02450   0.03923   0.00316   0.04085   0.00673   0.04486   0.04661   0.03190   0.00940   0.01052   0.03219   0.04512   0.07309   2.20889   0.92767   0.19877   1.81818  
 32 669.6856  14602.507607  x:  0.00220   0.01826   0.05924   0.03528   0.00000   0.04310   0.10623   0.00000   0.35114   0.05444   0.00281   0.39809   0.01486   0.08273   0.07009   0.07651   0.07993   0.05918   0.02451   0.08300   0.01121   0.05726   0.02067   0.02712   0.03518   0.19541   0.15215   0.00977   0.20029   0.00000   0.00000   0.08631   0.15804   0.25344   0.25250   0.09884   0.09158   0.06884   0.06873   0.00232   0.00980   0.03954   0.02572   0.03870   0.00334   0.04062   0.00651   0.04444   0.04622   0.03260   0.00893   0.01045   0.03214   0.04463   0.07324   2.21851   0.92387   0.19720   1.81836  
 33 486.0109  14600.922037  x:  0.00251   0.01865   0.06022   0.03543   0.00304   0.04320   0.10673   0.00000   0.36238   0.06305   0.00000   0.39811   0.01472   0.08286   0.07027   0.07700   0.07999   0.05928   0.02423   0.08306   0.01115   0.05733   0.02070   0.02797   0.03463   0.19761   0.15284   0.00939   0.20218   0.00000   0.00000   0.08574   0.16060   0.25918   0.25926   0.09586   0.09200   0.06881   0.06978   0.00289   0.00956   0.03755   0.02683   0.03809   0.00326   0.04047   0.00824   0.04401   0.04583   0.03353   0.00927   0.01323   0.03227   0.04400   0.07379   2.23637   0.91745   0.19607   1.81858  
 34 830.3615  14599.595575  x:  0.00244   0.01779   0.06149   0.03675   0.00523   0.04349   0.11128   0.00000   0.37216   0.06658   0.00128   0.39853   0.01543   0.08320   0.07159   0.07801   0.08112   0.06013   0.02508   0.08373   0.01028   0.05796   0.02204   0.02715   0.03570   0.19867   0.15278   0.01262   0.20306   0.00000   0.00000   0.08602   0.16193   0.26402   0.26436   0.09379   0.09328   0.06933   0.07113   0.00254   0.01345   0.03925   0.02451   0.03919   0.00312   0.04132   0.00696   0.04487   0.04657   0.03294   0.01063   0.01204   0.03302   0.04475   0.07491   2.25678   0.91338   0.19799   1.81867  
 35 393.0864  14597.311714  x:  0.00256   0.01722   0.06337   0.03825   0.00276   0.04327   0.12052   0.00000   0.38669   0.06675   0.00000   0.39970   0.01532   0.08401   0.07412   0.07975   0.08360   0.06185   0.02669   0.08539   0.01055   0.05934   0.02327   0.02582   0.03794   0.19960   0.15213   0.01535   0.20367   0.00000   0.00000   0.08717   0.16312   0.27101   0.27128   0.09161   0.09572   0.07073   0.07314   0.00286   0.00980   0.04340   0.02181   0.04158   0.00340   0.04313   0.00830   0.04695   0.04846   0.03187   0.00807   0.01075   0.03415   0.04670   0.07691   2.29243   0.90873   0.20342   1.81872  
 36 727.0974  14597.311714  x:  0.00256   0.01722   0.06337   0.03825   0.00276   0.04327   0.12052   0.00000   0.38669   0.06675   0.00000   0.39970   0.01532   0.08401   0.07412   0.07975   0.08360   0.06185   0.02669   0.08539   0.01055   0.05934   0.02327   0.02582   0.03794   0.19960   0.15213   0.01535   0.20367   0.00000   0.00000   0.08717   0.16312   0.27101   0.27128   0.09161   0.09572   0.07073   0.07314   0.00286   0.00980   0.04340   0.02181   0.04158   0.00340   0.04313   0.00830   0.04695   0.04846   0.03187   0.00807   0.01075   0.03415   0.04670   0.07691   2.29243   0.90873   0.20342   1.81872  
 37 897.4552  14596.410116  x:  0.00203   0.01764   0.06319   0.03788   0.00198   0.04317   0.12037   0.00000   0.38663   0.06591   0.00105   0.39984   0.01543   0.08409   0.07402   0.07968   0.08357   0.06176   0.02641   0.08541   0.01078   0.05928   0.02278   0.02626   0.03768   0.19957   0.15216   0.01422   0.20363   0.00000   0.00000   0.08720   0.16304   0.27095   0.27118   0.09184   0.09567   0.07076   0.07298   0.00279   0.01060   0.04304   0.02307   0.04131   0.00684   0.04294   0.00825   0.04676   0.04836   0.03217   0.00958   0.01139   0.03395   0.04658   0.07682   2.29322   0.90905   0.20350   1.81874  
 38 446.7369  14595.730620  x:  0.00287   0.01857   0.06272   0.03708   0.00066   0.04300   0.11996   0.00000   0.38645   0.06374   0.00133   0.40021   0.01513   0.08428   0.07371   0.07954   0.08350   0.06154   0.02575   0.08547   0.01123   0.05916   0.02171   0.02723   0.03703   0.19950   0.15228   0.01163   0.20355   0.00000   0.00000   0.08730   0.16284   0.27079   0.27090   0.09248   0.09556   0.07083   0.07259   0.00162   0.01132   0.04204   0.02556   0.04067   0.00595   0.04241   0.00795   0.04637   0.04802   0.03294   0.01067   0.01216   0.03348   0.04628   0.07660   2.29538   0.90985   0.20377   1.81876  
 39 271.9097  14595.374451  x:  0.00236   0.01907   0.06235   0.03653   0.00026   0.04294   0.11962   0.00000   0.38629   0.06193   0.00124   0.40054   0.01481   0.08443   0.07344   0.07944   0.08345   0.06136   0.02524   0.08551   0.01146   0.05906   0.02102   0.02787   0.03653   0.19942   0.15241   0.00989   0.20349   0.00000   0.00000   0.08740   0.16267   0.27066   0.27063   0.09302   0.09547   0.07086   0.07227   0.00310   0.01154   0.04121   0.02709   0.04016   0.00528   0.04201   0.00790   0.04607   0.04775   0.03351   0.01075   0.01236   0.03317   0.04605   0.07641   2.29735   0.91058   0.20399   1.81879  
 40 477.5042  14595.063205  x:  0.00134   0.01916   0.06189   0.03621   0.00120   0.04306   0.11923   0.00000   0.38606   0.05985   0.00100   0.40097   0.01444   0.08461   0.07310   0.07934   0.08338   0.06115   0.02480   0.08552   0.01146   0.05894   0.02070   0.02826   0.03605   0.19931   0.15264   0.00896   0.20346   0.00000   0.00000   0.08755   0.16245   0.27048   0.27025   0.09372   0.09537   0.07084   0.07186   0.00254   0.01107   0.04038   0.02776   0.03966   0.00547   0.04166   0.00813   0.04575   0.04750   0.03382   0.00976   0.01189   0.03286   0.04581   0.07618   2.30015   0.91161   0.20425   1.81883  
 41 261.4595  14594.778569  x:  0.00236   0.01914   0.06139   0.03596   0.00232   0.04319   0.11878   0.00000   0.38576   0.05749   0.00094   0.40151   0.01413   0.08482   0.07269   0.07921   0.08328   0.06092   0.02439   0.08552   0.01137   0.05879   0.02057   0.02851   0.03556   0.19915   0.15290   0.00843   0.20342   0.00000   0.00000   0.08774   0.16218   0.27024   0.26975   0.09455   0.09524   0.07080   0.07143   0.00265   0.01051   0.03953   0.02800   0.03916   0.00609   0.04132   0.00838   0.04541   0.04723   0.03404   0.00880   0.01130   0.03259   0.04555   0.07590   2.30377   0.91295   0.20455   1.81889  
 42 528.3307  14593.976736  x:  0.00228   0.01787   0.06008   0.03591   0.00292   0.04329   0.11730   0.00000   0.38461   0.05115   0.00237   0.40344   0.01401   0.08544   0.07134   0.07870   0.08285   0.06028   0.02400   0.08537   0.01090   0.05836   0.02148   0.02806   0.03474   0.19851   0.15355   0.01026   0.20329   0.00000   0.00000   0.08844   0.16112   0.26925   0.26775   0.09723   0.09471   0.07050   0.07011   0.00273   0.01038   0.03793   0.02594   0.03825   0.00537   0.04066   0.00795   0.04466   0.04652   0.03375   0.01079   0.01116   0.03226   0.04494   0.07500   2.31766   0.91773   0.20559   1.81911  
 43 300.7139  14593.270683  x:  0.00225   0.01749   0.05939   0.03583   0.00054   0.04286   0.11612   0.00000   0.38343   0.04843   0.00035   0.40512   0.01324   0.08578   0.07018   0.07818   0.08239   0.05985   0.02436   0.08510   0.01102   0.05801   0.02178   0.02734   0.03477   0.19779   0.15380   0.01130   0.20298   0.00000   0.00000   0.08875   0.16005   0.26808   0.26567   0.09920   0.09416   0.07020   0.06925   0.00260   0.01145   0.03801   0.02449   0.03826   0.00592   0.04059   0.00803   0.04442   0.04623   0.03306   0.00975   0.01206   0.03233   0.04467   0.07433   2.33167   0.92139   0.20673   1.81930  
 44 424.4156  14592.711509  x:  0.00219   0.01773   0.05921   0.03576   0.00000   0.04268   0.11570   0.00000   0.38276   0.04856   0.00111   0.40596   0.01354   0.08586   0.06974   0.07794   0.08214   0.05968   0.02464   0.08489   0.01113   0.05784   0.02156   0.02706   0.03502   0.19735   0.15385   0.01125   0.20271   0.00000   0.00000   0.08869   0.15945   0.26734   0.26447   0.09996   0.09386   0.07003   0.06899   0.00259   0.01138   0.03851   0.02446   0.03850   0.00586   0.04070   0.00809   0.04445   0.04620   0.03273   0.00903   0.01206   0.03244   0.04463   0.07406   2.33968   0.92287   0.20740   1.81940  
 45 572.4856  14590.299353  x:  0.00220   0.01892   0.05868   0.03553   0.00147   0.04224   0.11401   0.00000   0.37934   0.05134   0.00000   0.40989   0.01379   0.08588   0.06792   0.07693   0.08094   0.05897   0.02566   0.08376   0.01127   0.05710   0.02038   0.02628   0.03614   0.19511   0.15402   0.01042   0.20127   0.00000   0.00000   0.08800   0.15652   0.26350   0.25842   0.10306   0.09253   0.06916   0.06811   0.00268   0.01039   0.04089   0.02535   0.03964   0.00578   0.04121   0.00786   0.04473   0.04623   0.03167   0.01050   0.01146   0.03283   0.04458   0.07297   2.38054   0.92867   0.21089   1.81986  
 46 1719.1018  14586.764415  x:  0.00248   0.01429   0.05939   0.03539   0.00389   0.04234   0.11236   0.00000   0.37148   0.05868   0.00054   0.41675   0.01379   0.08388   0.06842   0.07592   0.07933   0.05828   0.02243   0.08178   0.00856   0.05684   0.02363   0.02909   0.03416   0.19054   0.15275   0.00947   0.19767   0.00000   0.00000   0.08568   0.15100   0.25451   0.24563   0.10531   0.09089   0.06763   0.06893   0.00252   0.01590   0.03778   0.02482   0.03745   0.00540   0.03990   0.00851   0.04435   0.04624   0.03464   0.00947   0.01298   0.03124   0.04439   0.07260   2.47713   0.92825   0.21933   1.82070  
 47 1030.9598  14584.031583  x:  0.00228   0.01552   0.06115   0.03575   0.00043   0.04279   0.11236   0.00000   0.36551   0.06047   0.00000   0.42067   0.01360   0.08172   0.07158   0.07631   0.07951   0.05933   0.02132   0.08171   0.01304   0.05768   0.02532   0.03026   0.03181   0.18792   0.15089   0.01117   0.19524   0.00000   0.00000   0.08463   0.14805   0.24800   0.23726   0.10443   0.09107   0.06812   0.07071   0.00243   0.01068   0.03315   0.02334   0.03523   0.00620   0.03888   0.00665   0.04378   0.04617   0.03666   0.00996   0.01101   0.03044   0.04445   0.07386   2.55743   0.92210   0.22382   1.82149  
 48 1415.8729  14581.592112  x:  0.00216   0.01956   0.06297   0.03646   0.00099   0.04444   0.11432   0.00000   0.36108   0.05596   0.00001   0.42210   0.01400   0.08009   0.07651   0.07849   0.08185   0.06166   0.02318   0.08342   0.01204   0.05894   0.02308   0.02904   0.03199   0.18757   0.14915   0.01383   0.19423   0.00000   0.00000   0.08521   0.14798   0.24400   0.23349   0.10109   0.09332   0.07040   0.07286   0.00252   0.01038   0.03306   0.02435   0.03581   0.00574   0.03942   0.01278   0.04398   0.04641   0.03595   0.01063   0.01334   0.03160   0.04497   0.07647   2.63417   0.91388   0.22231   1.82267  
 49 1079.1209  14581.395582  x:  0.00216   0.01956   0.06301   0.03647   0.00103   0.04450   0.11443   0.00000   0.36096   0.05574   0.00000   0.42211   0.01401   0.08007   0.07668   0.07859   0.08197   0.06174   0.02324   0.08352   0.01194   0.05899   0.02299   0.02899   0.03206   0.18762   0.14910   0.01384   0.19423   0.00000   0.00000   0.08527   0.14805   0.24392   0.23348   0.10094   0.09344   0.07049   0.07293   0.00252   0.01048   0.03318   0.02442   0.03588   0.00574   0.03946   0.01255   0.04400   0.04642   0.03590   0.01058   0.01329   0.03165   0.04499   0.07657   2.63709   0.91357   0.22211   1.82273  
 50 1591.3054  14579.289674  x:  0.00231   0.01454   0.06234   0.03549   0.00000   0.04398   0.11727   0.00000   0.36086   0.05516   0.00004   0.42027   0.01332   0.08177   0.07692   0.08007   0.08413   0.06168   0.02204   0.08563   0.01148   0.05941   0.02470   0.02967   0.03380   0.19079   0.14896   0.01000   0.19595   0.00000   0.00000   0.08712   0.15191   0.24594   0.23867   0.09844   0.09559   0.07094   0.07290   0.00253   0.00695   0.03533   0.02396   0.03708   0.00588   0.04056   0.01315   0.04500   0.04707   0.03541   0.01103   0.01524   0.03134   0.04522   0.07723   2.69650   0.90973   0.21289   1.82435  
 51 859.3438  14577.015700  x:  0.00227   0.01561   0.06117   0.03509   0.00071   0.04268   0.12056   0.00000   0.36256   0.05748   0.00030   0.41677   0.01274   0.08473   0.07478   0.08096   0.08575   0.06076   0.02089   0.08754   0.01639   0.05923   0.02719   0.03021   0.03367   0.19568   0.14968   0.00778   0.19926   0.00000   0.00000   0.08929   0.15789   0.25106   0.24849   0.09619   0.09742   0.07105   0.07169   0.00246   0.01024   0.03467   0.02179   0.03683   0.00551   0.04098   0.01495   0.04578   0.04761   0.03540   0.01151   0.01266   0.03032   0.04513   0.07673   2.76856   0.90635   0.19968   1.82653  
 52 1390.0299  14575.296024  x:  0.00215   0.01839   0.06043   0.03598   0.00039   0.04137   0.12177   0.00000   0.36552   0.06051   0.00000   0.41328   0.01321   0.08644   0.07158   0.08021   0.08508   0.05935   0.02079   0.08677   0.01336   0.05793   0.02639   0.03020   0.03143   0.19922   0.15080   0.01110   0.20224   0.00000   0.00000   0.08978   0.16233   0.25685   0.25769   0.09555   0.09709   0.07020   0.07025   0.00251   0.00930   0.03233   0.02348   0.03530   0.00570   0.03970   0.01340   0.04498   0.04710   0.03626   0.01078   0.01431   0.02998   0.04471   0.07517   2.81593   0.90332   0.19228   1.82790  
 53 883.3466  14575.296024  x:  0.00215   0.01839   0.06043   0.03598   0.00039   0.04137   0.12177   0.00000   0.36552   0.06051   0.00000   0.41328   0.01321   0.08644   0.07158   0.08021   0.08508   0.05935   0.02079   0.08677   0.01336   0.05793   0.02639   0.03020   0.03143   0.19922   0.15080   0.01110   0.20224   0.00000   0.00000   0.08978   0.16233   0.25685   0.25769   0.09555   0.09709   0.07020   0.07025   0.00251   0.00930   0.03233   0.02348   0.03530   0.00570   0.03970   0.01340   0.04498   0.04710   0.03626   0.01078   0.01431   0.02998   0.04471   0.07517   2.81593   0.90332   0.19228   1.82790  
 54 338.4202  14572.678785  x:  0.00212   0.01821   0.06050   0.03598   0.00159   0.04179   0.12134   0.00000   0.36595   0.05975   0.00254   0.41316   0.01469   0.08609   0.07169   0.07999   0.08470   0.05969   0.02297   0.08632   0.01148   0.05785   0.02345   0.02884   0.03342   0.19903   0.15099   0.01049   0.20220   0.00000   0.00000   0.08931   0.16212   0.25724   0.25795   0.09578   0.09666   0.07013   0.07033   0.00195   0.01165   0.03624   0.02501   0.03720   0.00488   0.04024   0.00753   0.04496   0.04689   0.03472   0.00871   0.01108   0.03130   0.04494   0.07518   2.81650   0.90381   0.19337   1.82787  
 55 460.5986  14572.189398  x:  0.00226   0.01815   0.06058   0.03597   0.00160   0.04197   0.12091   0.00000   0.36629   0.05922   0.00109   0.41303   0.01451   0.08579   0.07166   0.07979   0.08440   0.05988   0.02405   0.08601   0.01086   0.05785   0.02194   0.02805   0.03450   0.19889   0.15110   0.01018   0.20216   0.00000   0.00000   0.08899   0.16195   0.25755   0.25815   0.09596   0.09633   0.07008   0.07041   0.00359   0.01140   0.03812   0.02555   0.03822   0.00577   0.04066   0.00687   0.04502   0.04686   0.03385   0.00929   0.01079   0.03202   0.04507   0.07517   2.81698   0.90422   0.19425   1.82784  
 56 301.4974  14571.843537  x:  0.00203   0.01811   0.06065   0.03597   0.00148   0.04215   0.12046   0.00000   0.36667   0.05870   0.00000   0.41289   0.01443   0.08549   0.07165   0.07958   0.08408   0.06005   0.02490   0.08571   0.01058   0.05788   0.02084   0.02740   0.03540   0.19874   0.15121   0.00996   0.20213   0.00000   0.00000   0.08867   0.16176   0.25790   0.25838   0.09614   0.09599   0.07005   0.07045   0.00260   0.01088   0.03961   0.02584   0.03904   0.00559   0.04104   0.00735   0.04512   0.04687   0.03308   0.00972   0.01102   0.03255   0.04518   0.07515   2.81752   0.90465   0.19519   1.82782  
 57 325.2135  14571.701397  x:  0.00256   0.01814   0.06074   0.03600   0.00129   0.04234   0.11998   0.00000   0.36714   0.05823   0.00081   0.41273   0.01480   0.08519   0.07167   0.07934   0.08371   0.06017   0.02534   0.08543   0.01079   0.05797   0.02053   0.02702   0.03598   0.19856   0.15133   0.00991   0.20209   0.00000   0.00000   0.08834   0.16153   0.25832   0.25865   0.09634   0.09563   0.07001   0.07052   0.00278   0.01049   0.04047   0.02579   0.03955   0.00537   0.04131   0.00827   0.04522   0.04689   0.03262   0.00972   0.01155   0.03286   0.04525   0.07512   2.81820   0.90522   0.19626   1.82779  
 58 168.4000  14571.613355  x:  0.00179   0.01815   0.06082   0.03606   0.00119   0.04253   0.11947   0.00000   0.36767   0.05784   0.00106   0.41254   0.01491   0.08490   0.07167   0.07910   0.08335   0.06023   0.02540   0.08517   0.01114   0.05807   0.02082   0.02692   0.03623   0.19839   0.15147   0.01001   0.20207   0.00000   0.00000   0.08804   0.16130   0.25879   0.25896   0.09653   0.09527   0.06997   0.07057   0.00300   0.01048   0.04076   0.02552   0.03974   0.00538   0.04144   0.00843   0.04526   0.04691   0.03248   0.00951   0.01179   0.03295   0.04528   0.07508   2.81899   0.90582   0.19743   1.82776  
 59 135.7781  14571.366989  x:  0.00232   0.01832   0.06110   0.03630   0.00107   0.04319   0.11757   0.00000   0.36976   0.05662   0.00052   0.41181   0.01473   0.08385   0.07164   0.07827   0.08205   0.06037   0.02513   0.08425   0.01215   0.05843   0.02237   0.02695   0.03662   0.19772   0.15198   0.01047   0.20197   0.00000   0.00000   0.08698   0.16039   0.26062   0.26014   0.09724   0.09401   0.06986   0.07076   0.00282   0.01082   0.04105   0.02447   0.03996   0.00551   0.04168   0.00783   0.04535   0.04695   0.03241   0.00898   0.01192   0.03292   0.04533   0.07494   2.82216   0.90810   0.20187   1.82767  
 60 243.5707  14571.196653  x:  0.00224   0.01828   0.06123   0.03640   0.00132   0.04359   0.11620   0.00000   0.37169   0.05623   0.00091   0.41114   0.01473   0.08323   0.07165   0.07780   0.08122   0.06037   0.02460   0.08363   0.01127   0.05849   0.02242   0.02723   0.03625   0.19719   0.15241   0.01046   0.20188   0.00000   0.00000   0.08631   0.15963   0.26222   0.26117   0.09768   0.09320   0.06981   0.07086   0.00277   0.01071   0.04049   0.02454   0.03966   0.00533   0.04157   0.00780   0.04535   0.04698   0.03280   0.01035   0.01113   0.03266   0.04530   0.07486   2.82524   0.91013   0.20546   1.82762  
 61 178.3593  14571.069396  x:  0.00224   0.01816   0.06123   0.03634   0.00133   0.04366   0.11535   0.00000   0.37344   0.05653   0.00080   0.41051   0.01461   0.08304   0.07164   0.07768   0.08087   0.06034   0.02439   0.08343   0.01037   0.05835   0.02146   0.02745   0.03560   0.19679   0.15272   0.01010   0.20180   0.00000   0.00000   0.08606   0.15904   0.26357   0.26203   0.09785   0.09287   0.06979   0.07085   0.00278   0.01065   0.03970   0.02532   0.03918   0.00556   0.04130   0.00813   0.04528   0.04699   0.03318   0.00931   0.01126   0.03242   0.04524   0.07485   2.82831   0.91187   0.20811   1.82762  
 62 158.6681  14570.987636  x:  0.00224   0.01809   0.06110   0.03622   0.00115   0.04344   0.11515   0.00000   0.37492   0.05734   0.00077   0.40994   0.01461   0.08328   0.07165   0.07791   0.08107   0.06033   0.02475   0.08373   0.01122   0.05817   0.02075   0.02741   0.03522   0.19656   0.15284   0.00981   0.20173   0.00000   0.00000   0.08629   0.15865   0.26458   0.26264   0.09764   0.09305   0.06982   0.07074   0.00286   0.01072   0.03926   0.02584   0.03890   0.00517   0.04104   0.00764   0.04517   0.04691   0.03320   0.00958   0.01183   0.03241   0.04518   0.07489   2.83136   0.91320   0.20951   1.82770  
 63 101.6652  14570.912472  x:  0.00224   0.01810   0.06091   0.03615   0.00128   0.04315   0.11529   0.00000   0.37651   0.05825   0.00090   0.40929   0.01473   0.08374   0.07166   0.07833   0.08155   0.06025   0.02514   0.08423   0.01178   0.05797   0.02075   0.02727   0.03520   0.19639   0.15289   0.00980   0.20168   0.00000   0.00000   0.08676   0.15834   0.26555   0.26323   0.09718   0.09351   0.06987   0.07057   0.00258   0.01085   0.03924   0.02584   0.03885   0.00596   0.04094   0.00787   0.04507   0.04684   0.03294   0.00970   0.01139   0.03252   0.04512   0.07494   2.83508   0.91432   0.21047   1.82784  
 64 128.7743  14570.797309  x:  0.00225   0.01816   0.06064   0.03608   0.00151   0.04269   0.11578   0.00000   0.37900   0.05938   0.00058   0.40824   0.01474   0.08449   0.07166   0.07903   0.08242   0.06005   0.02538   0.08500   0.01149   0.05771   0.02139   0.02709   0.03551   0.19618   0.15287   0.00999   0.20159   0.00000   0.00000   0.08759   0.15796   0.26697   0.26405   0.09626   0.09437   0.06993   0.07032   0.00291   0.01070   0.03953   0.02533   0.03902   0.00522   0.04093   0.00825   0.04501   0.04672   0.03257   0.00943   0.01077   0.03274   0.04507   0.07501   2.84145   0.91547   0.21158   1.82810  
 65 207.3540  14570.683767  x:  0.00225   0.01819   0.06045   0.03605   0.00128   0.04231   0.11647   0.00000   0.38152   0.05978   0.00075   0.40715   0.01479   0.08512   0.07165   0.07962   0.08322   0.05983   0.02508   0.08557   0.01040   0.05758   0.02202   0.02709   0.03591   0.19602   0.15274   0.01011   0.20152   0.00000   0.00000   0.08831   0.15768   0.26827   0.26480   0.09519   0.09517   0.06995   0.07015   0.00277   0.01049   0.03998   0.02479   0.03928   0.00549   0.04109   0.00774   0.04501   0.04668   0.03246   0.00960   0.01178   0.03279   0.04505   0.07504   2.84869   0.91569   0.21237   1.82841  
 66 213.9509  14570.329001  x:  0.00228   0.01805   0.06051   0.03614   0.00053   0.04224   0.11900   0.00000   0.38908   0.05742   0.00079   0.40379   0.01429   0.08594   0.07154   0.08043   0.08466   0.05967   0.02340   0.08619   0.01104   0.05800   0.02132   0.02770   0.03641   0.19579   0.15202   0.00968   0.20140   0.00000   0.00000   0.08934   0.15741   0.27166   0.26677   0.09187   0.09671   0.06989   0.07026   0.00284   0.01193   0.04093   0.02525   0.03989   0.00539   0.04189   0.00828   0.04547   0.04703   0.03368   0.00980   0.01159   0.03222   0.04524   0.07494   2.87483   0.91215   0.21345   1.82955  
 67 181.6849  14570.089366  x:  0.00226   0.01818   0.06075   0.03639   0.00175   0.04263   0.12055   0.00000   0.39375   0.05591   0.00095   0.40183   0.01416   0.08615   0.07153   0.08064   0.08515   0.05993   0.02346   0.08623   0.01172   0.05844   0.02107   0.02785   0.03620   0.19580   0.15171   0.00986   0.20149   0.00000   0.00000   0.08955   0.15749   0.27367   0.26798   0.09025   0.09724   0.06995   0.07055   0.00280   0.01012   0.04078   0.02562   0.03988   0.00553   0.04206   0.00784   0.04568   0.04727   0.03402   0.00952   0.01140   0.03215   0.04543   0.07498   2.89289   0.90964   0.21339   1.83040  
 68 501.1897  14569.662382  x:  0.00223   0.01875   0.06174   0.03682   0.00183   0.04344   0.12242   0.00000   0.40106   0.05497   0.00072   0.39933   0.01458   0.08572   0.07173   0.07995   0.08458   0.06123   0.02670   0.08536   0.01081   0.05933   0.02174   0.02721   0.03497   0.19645   0.15152   0.01057   0.20221   0.00000   0.00000   0.08866   0.15839   0.27652   0.26999   0.08964   0.09657   0.07047   0.07158   0.00283   0.01129   0.03903   0.02576   0.03896   0.00548   0.04124   0.00814   0.04574   0.04761   0.03273   0.00978   0.01187   0.03326   0.04589   0.07551   2.92814   0.90599   0.21076   1.83228  
 69 345.7316  14569.349757  x:  0.00223   0.01836   0.06211   0.03669   0.00000   0.04342   0.12260   0.00000   0.40426   0.05597   0.00078   0.39873   0.01464   0.08532   0.07186   0.07922   0.08370   0.06147   0.02663   0.08481   0.01084   0.05938   0.02185   0.02734   0.03527   0.19716   0.15167   0.01005   0.20285   0.00000   0.00000   0.08783   0.15921   0.27755   0.27095   0.09061   0.09561   0.07073   0.07198   0.00276   0.01046   0.03889   0.02554   0.03891   0.00553   0.04105   0.00785   0.04562   0.04753   0.03260   0.00960   0.01115   0.03340   0.04588   0.07584   2.94944   0.90490   0.20830   1.83351  
 70 395.8836  14568.826208  x:  0.00223   0.01754   0.06234   0.03655   0.00193   0.04364   0.12204   0.00000   0.40964   0.05895   0.00064   0.39843   0.01439   0.08445   0.07209   0.07781   0.08163   0.06128   0.02454   0.08387   0.01124   0.05887   0.02148   0.02777   0.03658   0.19889   0.15263   0.00928   0.20437   0.00000   0.00000   0.08605   0.16119   0.27893   0.27260   0.09372   0.09345   0.07105   0.07232   0.00280   0.01109   0.03990   0.02521   0.03945   0.00547   0.04115   0.00810   0.04533   0.04713   0.03310   0.00970   0.01180   0.03296   0.04553   0.07630   2.99566   0.90383   0.20260   1.83624  
 71 778.5665  14568.383182  x:  0.00213   0.02060   0.06099   0.03695   0.00149   0.04264   0.11853   0.00000   0.40912   0.05831   0.00069   0.40105   0.01433   0.08435   0.07183   0.07829   0.08122   0.05988   0.02432   0.08462   0.01126   0.05755   0.02133   0.02635   0.03490   0.20021   0.15375   0.01113   0.20526   0.00000   0.00000   0.08677   0.16246   0.27703   0.27203   0.09646   0.09333   0.07034   0.07036   0.00283   0.01101   0.04090   0.02607   0.03973   0.00544   0.04209   0.00805   0.04542   0.04684   0.03351   0.00967   0.01172   0.03169   0.04497   0.07522   3.03655   0.90325   0.20118   1.83851  
 72 244.0897  14567.693029  x:  0.00232   0.01734   0.05880   0.03651   0.00186   0.04205   0.11299   0.00000   0.40440   0.05588   0.00059   0.40681   0.01480   0.08467   0.07139   0.08001   0.08186   0.05852   0.02599   0.08620   0.01108   0.05685   0.02155   0.02775   0.03459   0.20162   0.15521   0.00975   0.20571   0.00000   0.00000   0.08849   0.16362   0.27185   0.26957   0.09929   0.09443   0.06851   0.06809   0.00284   0.01102   0.04024   0.02510   0.03926   0.00544   0.04197   0.00806   0.04550   0.04693   0.03288   0.00967   0.01171   0.03231   0.04500   0.07368   3.09996   0.90231   0.20240   1.84189  
 73 487.6324  14567.069569  x:  0.00214   0.01979   0.06066   0.03612   0.00179   0.04418   0.11185   0.00000   0.39587   0.05652   0.00060   0.41329   0.01466   0.08513   0.07142   0.08117   0.08311   0.05989   0.02465   0.08625   0.01109   0.05894   0.02133   0.02787   0.03750   0.20153   0.15541   0.00897   0.20497   0.00000   0.00000   0.08933   0.16323   0.26543   0.26576   0.09903   0.09602   0.06965   0.07025   0.00276   0.01105   0.03884   0.02565   0.03910   0.00548   0.04032   0.00804   0.04530   0.04738   0.03293   0.00966   0.01171   0.03396   0.04588   0.07445   3.15981   0.90345   0.20620   1.84506  
 74 380.7160  14566.757099  x:  0.00223   0.01767   0.06195   0.03643   0.00153   0.04478   0.11367   0.00000   0.39015   0.05798   0.00051   0.41653   0.01478   0.08512   0.07179   0.08082   0.08335   0.06098   0.02449   0.08553   0.01107   0.05944   0.02124   0.02668   0.03602   0.20073   0.15491   0.01072   0.20424   0.00000   0.00000   0.08901   0.16238   0.26241   0.26367   0.09795   0.09621   0.07041   0.07185   0.00276   0.01105   0.03977   0.02565   0.03940   0.00546   0.04115   0.00803   0.04537   0.04724   0.03330   0.00967   0.01172   0.03264   0.04561   0.07534   3.18965   0.90430   0.20885   1.84667  
 75 365.0564  14566.634746  x:  0.00218   0.01849   0.06175   0.03619   0.00179   0.04387   0.11593   0.00000   0.38686   0.05834   0.00042   0.41754   0.01493   0.08485   0.07204   0.07989   0.08300   0.06088   0.02508   0.08499   0.01107   0.05863   0.02152   0.02766   0.03501   0.19979   0.15428   0.00938   0.20360   0.00000   0.00000   0.08815   0.16154   0.26182   0.26301   0.09710   0.09557   0.07058   0.07161   0.00280   0.01102   0.04038   0.02523   0.03945   0.00544   0.04186   0.00805   0.04546   0.04699   0.03306   0.00967   0.01172   0.03212   0.04522   0.07560   3.20144   0.90480   0.20998   1.84740  
 76 148.1632  14566.558413  x:  0.00221   0.01830   0.06095   0.03642   0.00179   0.04273   0.11812   0.00000   0.38378   0.05781   0.00046   0.41769   0.01470   0.08450   0.07205   0.07891   0.08253   0.06011   0.02486   0.08469   0.01114   0.05770   0.02141   0.02752   0.03575   0.19868   0.15349   0.01013   0.20304   0.00000   0.00000   0.08752   0.16057   0.26243   0.26293   0.09646   0.09473   0.07018   0.07058   0.00277   0.01102   0.03981   0.02556   0.03922   0.00544   0.04135   0.00802   0.04538   0.04699   0.03295   0.00965   0.01169   0.03287   0.04523   0.07538   3.20893   0.90569   0.21015   1.84803  
 77 79.8819  14566.531169  x:  0.00220   0.01827   0.06078   0.03627   0.00179   0.04296   0.11853   0.00000   0.38192   0.05719   0.00045   0.41711   0.01472   0.08442   0.07173   0.07887   0.08251   0.05999   0.02484   0.08479   0.01107   0.05815   0.02130   0.02677   0.03571   0.19802   0.15299   0.00966   0.20269   0.00000   0.00000   0.08750   0.15996   0.26347   0.26323   0.09625   0.09452   0.06984   0.07037   0.00277   0.01101   0.03965   0.02520   0.03924   0.00543   0.04106   0.00799   0.04523   0.04702   0.03310   0.00962   0.01165   0.03241   0.04530   0.07494   3.21163   0.90658   0.20945   1.84845  
 78 33.0088  14566.513274  x:  0.00220   0.01826   0.06086   0.03627   0.00171   0.04325   0.11823   0.00000   0.38024   0.05694   0.00046   0.41624   0.01469   0.08438   0.07140   0.07901   0.08253   0.06007   0.02486   0.08482   0.01104   0.05845   0.02133   0.02742   0.03557   0.19745   0.15257   0.00989   0.20239   0.00000   0.00000   0.08761   0.15942   0.26456   0.26356   0.09603   0.09450   0.06968   0.07046   0.00277   0.01099   0.03983   0.02547   0.03923   0.00542   0.04118   0.00799   0.04516   0.04691   0.03290   0.00962   0.01165   0.03234   0.04524   0.07467   3.21344   0.90714   0.20875   1.84885  
 79 33.6332  14566.498163  x:  0.00219   0.01827   0.06098   0.03625   0.00177   0.04319   0.11720   0.00000   0.37836   0.05728   0.00050   0.41483   0.01471   0.08433   0.07129   0.07915   0.08250   0.06012   0.02465   0.08467   0.01107   0.05811   0.02121   0.02722   0.03540   0.19693   0.15223   0.00982   0.20204   0.00000   0.00000   0.08761   0.15891   0.26572   0.26390   0.09564   0.09458   0.06977   0.07065   0.00276   0.01100   0.03980   0.02522   0.03909   0.00542   0.04133   0.00798   0.04520   0.04676   0.03282   0.00961   0.01164   0.03277   0.04507   0.07475   3.21497   0.90668   0.20848   1.84932  
 80 23.0972  14566.493880  x:  0.00219   0.01824   0.06096   0.03626   0.00179   0.04312   0.11685   0.00000   0.37773   0.05745   0.00047   0.41423   0.01482   0.08431   0.07145   0.07915   0.08249   0.06012   0.02481   0.08463   0.01106   0.05801   0.02139   0.02718   0.03560   0.19686   0.15222   0.00978   0.20197   0.00000   0.00000   0.08756   0.15883   0.26602   0.26400   0.09550   0.09461   0.06984   0.07062   0.00276   0.01100   0.03978   0.02544   0.03919   0.00542   0.04121   0.00799   0.04521   0.04686   0.03296   0.00962   0.01165   0.03251   0.04511   0.07485   3.21541   0.90647   0.20848   1.84953  
 81 16.9812  14566.492416  x:  0.00219   0.01828   0.06091   0.03630   0.00178   0.04313   0.11681   0.00000   0.37746   0.05749   0.00048   0.41381   0.01481   0.08430   0.07164   0.07911   0.08249   0.06010   0.02484   0.08465   0.01106   0.05808   0.02126   0.02726   0.03562   0.19697   0.15234   0.00986   0.20203   0.00000   0.00000   0.08754   0.15891   0.26604   0.26402   0.09545   0.09461   0.06987   0.07054   0.00277   0.01100   0.03976   0.02529   0.03922   0.00542   0.04117   0.00799   0.04521   0.04694   0.03293   0.00962   0.01165   0.03241   0.04522   0.07492   3.21556   0.90646   0.20853   1.84971  
 82  6.6147  14566.490806  x:  0.00220   0.01825   0.06085   0.03629   0.00176   0.04319   0.11687   0.00000   0.37712   0.05748   0.00049   0.41315   0.01476   0.08428   0.07181   0.07904   0.08252   0.06006   0.02477   0.08471   0.01106   0.05820   0.02133   0.02721   0.03552   0.19723   0.15259   0.00979   0.20216   0.00000   0.00000   0.08752   0.15912   0.26596   0.26403   0.09543   0.09461   0.06988   0.07045   0.00277   0.01100   0.03980   0.02539   0.03920   0.00542   0.04122   0.00799   0.04521   0.04693   0.03289   0.00962   0.01165   0.03252   0.04527   0.07498   3.21573   0.90654   0.20864   1.85005  
 83  7.7503  14566.489686  x:  0.00219   0.01826   0.06090   0.03628   0.00175   0.04319   0.11698   0.00000   0.37690   0.05743   0.00049   0.41259   0.01481   0.08428   0.07167   0.07902   0.08253   0.06008   0.02482   0.08472   0.01105   0.05813   0.02131   0.02722   0.03559   0.19744   0.15276   0.00980   0.20228   0.00000   0.00000   0.08753   0.15931   0.26582   0.26401   0.09547   0.09461   0.06984   0.07052   0.00276   0.01100   0.03978   0.02535   0.03917   0.00542   0.04123   0.00799   0.04520   0.04683   0.03298   0.00962   0.01165   0.03252   0.04510   0.07490   3.21584   0.90662   0.20876   1.85043  
 84  6.1398  14566.489269  x:  0.00219   0.01826   0.06093   0.03627   0.00176   0.04314   0.11701   0.00000   0.37686   0.05743   0.00050   0.41237   0.01479   0.08429   0.07154   0.07904   0.08250   0.06009   0.02479   0.08468   0.01106   0.05806   0.02131   0.02722   0.03557   0.19748   0.15276   0.00979   0.20230   0.00000   0.00000   0.08755   0.15936   0.26571   0.26399   0.09550   0.09460   0.06982   0.07057   0.00276   0.01100   0.03977   0.02536   0.03921   0.00542   0.04118   0.00799   0.04520   0.04689   0.03288   0.00962   0.01165   0.03248   0.04515   0.07485   3.21587   0.90664   0.20882   1.85071  
 85  3.7226  14566.488651  x:  0.00219   0.01826   0.06091   0.03627   0.00177   0.04309   0.11700   0.00000   0.37688   0.05743   0.00049   0.41207   0.01482   0.08432   0.07146   0.07911   0.08243   0.06009   0.02481   0.08461   0.01106   0.05807   0.02131   0.02723   0.03554   0.19741   0.15260   0.00980   0.20225   0.00000   0.00000   0.08755   0.15936   0.26547   0.26390   0.09559   0.09459   0.06984   0.07055   0.00276   0.01100   0.03980   0.02535   0.03918   0.00542   0.04121   0.00799   0.04520   0.04694   0.03299   0.00961   0.01165   0.03253   0.04529   0.07485   3.21592   0.90671   0.20885   1.85139  
 86  3.2126  14566.487194  x:  0.00219   0.01825   0.06084   0.03626   0.00178   0.04309   0.11694   0.00000   0.37702   0.05740   0.00050   0.41148   0.01479   0.08434   0.07152   0.07920   0.08232   0.06005   0.02479   0.08454   0.01106   0.05814   0.02130   0.02720   0.03559   0.19717   0.15220   0.00981   0.20207   0.00000   0.00000   0.08753   0.15927   0.26493   0.26367   0.09575   0.09456   0.06985   0.07045   0.00276   0.01100   0.03975   0.02536   0.03913   0.00542   0.04123   0.00798   0.04519   0.04682   0.03288   0.00961   0.01164   0.03246   0.04515   0.07489   3.21602   0.90678   0.20894   1.85328  
 87  8.4760  14566.485914  x:  0.00219   0.01825   0.06087   0.03625   0.00178   0.04315   0.11686   0.00000   0.37714   0.05736   0.00051   0.41119   0.01477   0.08423   0.07165   0.07907   0.08239   0.06005   0.02478   0.08466   0.01105   0.05803   0.02130   0.02722   0.03549   0.19701   0.15210   0.00982   0.20195   0.00000   0.00000   0.08748   0.15913   0.26463   0.26348   0.09574   0.09454   0.06977   0.07049   0.00276   0.01099   0.03977   0.02533   0.03928   0.00542   0.04108   0.00798   0.04516   0.04687   0.03293   0.00961   0.01164   0.03253   0.04504   0.07485   3.21609   0.90685   0.20897   1.85520  
 88  8.4511  14566.483196  x:  0.00219   0.01825   0.06092   0.03622   0.00178   0.04317   0.11671   0.00000   0.37733   0.05736   0.00050   0.41092   0.01480   0.08403   0.07166   0.07872   0.08262   0.06005   0.02477   0.08484   0.01104   0.05789   0.02129   0.02718   0.03558   0.19681   0.15224   0.00982   0.20178   0.00000   0.00000   0.08741   0.15885   0.26433   0.26316   0.09560   0.09450   0.06966   0.07058   0.00276   0.01099   0.03975   0.02534   0.03905   0.00541   0.04125   0.00797   0.04516   0.04690   0.03287   0.00960   0.01163   0.03244   0.04519   0.07472   3.21623   0.90688   0.20909   1.85953  
 89 15.9182  14566.474924  x:  0.00219   0.01824   0.06073   0.03617   0.00176   0.04302   0.11653   0.00000   0.37762   0.05749   0.00053   0.41074   0.01474   0.08400   0.07116   0.07835   0.08285   0.05996   0.02481   0.08451   0.01103   0.05830   0.02126   0.02719   0.03552   0.19662   0.15300   0.00986   0.20156   0.00000   0.00000   0.08739   0.15828   0.26422   0.26258   0.09531   0.09439   0.06979   0.07034   0.00275   0.01098   0.03969   0.02533   0.03929   0.00541   0.04115   0.00798   0.04515   0.04656   0.03291   0.00960   0.01163   0.03246   0.04522   0.07473   3.21661   0.90655   0.20978   1.87318  
 90 28.8546  14566.457463  x:  0.00219   0.01822   0.06070   0.03625   0.00166   0.04321   0.11671   0.00000   0.37791   0.05731   0.00040   0.41086   0.01512   0.08443   0.07121   0.07880   0.08261   0.05989   0.02466   0.08397   0.01108   0.05812   0.02125   0.02719   0.03551   0.19666   0.15392   0.00983   0.20149   0.00000   0.00000   0.08751   0.15773   0.26462   0.26201   0.09531   0.09436   0.06996   0.07022   0.00276   0.01096   0.03989   0.02533   0.03896   0.00540   0.04103   0.00797   0.04513   0.04720   0.03279   0.00960   0.01162   0.03247   0.04476   0.07496   3.21742   0.90597   0.21150   1.90240  
 91 84.2367  14566.433229  x:  0.00218   0.01821   0.06092   0.03622   0.00159   0.04330   0.11709   0.00000   0.37808   0.05719   0.00064   0.41128   0.01427   0.08467   0.07169   0.07961   0.08207   0.06005   0.02491   0.08407   0.01106   0.05766   0.02131   0.02716   0.03563   0.19693   0.15423   0.00975   0.20165   0.00000   0.00000   0.08755   0.15763   0.26543   0.26184   0.09569   0.09446   0.06983   0.07049   0.00272   0.01097   0.03970   0.02534   0.03916   0.00539   0.04134   0.00797   0.04517   0.04697   0.03294   0.00959   0.01161   0.03243   0.04508   0.07501   3.21852   0.90502   0.21421   1.94282  
 92 205.6374  14566.414375  x:  0.00218   0.01825   0.06101   0.03620   0.00163   0.04306   0.11733   0.00000   0.37811   0.05730   0.00041   0.41174   0.01502   0.08445   0.07191   0.07975   0.08185   0.06016   0.02468   0.08471   0.01107   0.05787   0.02127   0.02721   0.03556   0.19726   0.15364   0.00980   0.20194   0.00000   0.00000   0.08750   0.15811   0.26605   0.26223   0.09602   0.09458   0.06969   0.07069   0.00272   0.01097   0.03968   0.02538   0.03931   0.00540   0.04121   0.00799   0.04520   0.04646   0.03284   0.00959   0.01162   0.03244   0.04542   0.07482   3.21938   0.90403   0.21667   1.97453  
 93 215.8943  14566.401901  x:  0.00218   0.01827   0.06092   0.03626   0.00168   0.04294   0.11729   0.00000   0.37808   0.05757   0.00051   0.41215   0.01474   0.08411   0.07161   0.07934   0.08214   0.06017   0.02478   0.08507   0.01104   0.05829   0.02126   0.02722   0.03561   0.19752   0.15273   0.00979   0.20224   0.00000   0.00000   0.08747   0.15885   0.26634   0.26296   0.09606   0.09465   0.06979   0.07061   0.00272   0.01096   0.03990   0.02537   0.03908   0.00539   0.04116   0.00799   0.04522   0.04692   0.03291   0.00959   0.01162   0.03247   0.04511   0.07478   3.21994   0.90340   0.21838   1.99539  
 94 148.4511  14566.397738  x:  0.00218   0.01825   0.06089   0.03631   0.00168   0.04316   0.11715   0.00000   0.37807   0.05749   0.00048   0.41234   0.01483   0.08421   0.07155   0.07903   0.08250   0.06009   0.02478   0.08480   0.01105   0.05809   0.02125   0.02721   0.03562   0.19761   0.15232   0.00975   0.20238   0.00000   0.00000   0.08753   0.15930   0.26628   0.26354   0.09583   0.09465   0.06993   0.07052   0.00272   0.01097   0.03969   0.02539   0.03928   0.00539   0.04136   0.00798   0.04524   0.04693   0.03289   0.00959   0.01162   0.03247   0.04512   0.07495   3.22014   0.90341   0.21883   2.00236  
 95 48.9005  14566.396809  x:  0.00218   0.01825   0.06091   0.03628   0.00168   0.04316   0.11708   0.00000   0.37806   0.05744   0.00049   0.41240   0.01479   0.08430   0.07160   0.07899   0.08257   0.06007   0.02478   0.08466   0.01106   0.05803   0.02126   0.02721   0.03560   0.19759   0.15228   0.00976   0.20239   0.00000   0.00000   0.08753   0.15944   0.26618   0.26381   0.09567   0.09462   0.06990   0.07053   0.00272   0.01096   0.03981   0.02538   0.03916   0.00539   0.04121   0.00799   0.04522   0.04681   0.03289   0.00959   0.01162   0.03244   0.04518   0.07496   3.22018   0.90343   0.21891   2.00390  
 96 15.6327  14566.396347  x:  0.00218   0.01825   0.06092   0.03627   0.00168   0.04307   0.11704   0.00000   0.37806   0.05745   0.00049   0.41243   0.01479   0.08434   0.07166   0.07905   0.08249   0.06009   0.02477   0.08463   0.01106   0.05810   0.02125   0.02721   0.03561   0.19750   0.15236   0.00977   0.20236   0.00000   0.00000   0.08749   0.15950   0.26602   0.26412   0.09549   0.09459   0.06982   0.07057   0.00271   0.01096   0.03978   0.02538   0.03919   0.00539   0.04125   0.00798   0.04521   0.04685   0.03288   0.00959   0.01162   0.03245   0.04515   0.07488   3.22021   0.90344   0.21892   2.00464  
 97  4.5336  14566.396184  x:  0.00218   0.01825   0.06090   0.03629   0.00167   0.04314   0.11706   0.00000   0.37805   0.05746   0.00049   0.41244   0.01479   0.08429   0.07161   0.07910   0.08243   0.06008   0.02477   0.08469   0.01106   0.05807   0.02125   0.02721   0.03561   0.19745   0.15244   0.00976   0.20231   0.00000   0.00000   0.08748   0.15949   0.26593   0.26431   0.09546   0.09459   0.06986   0.07054   0.00271   0.01096   0.03978   0.02538   0.03919   0.00539   0.04124   0.00798   0.04522   0.04684   0.03288   0.00959   0.01162   0.03245   0.04516   0.07490   3.22022   0.90341   0.21892   2.00488  
 98  1.9509  14566.396117  x:  0.00218   0.01825   0.06092   0.03626   0.00167   0.04310   0.11708   0.00000   0.37804   0.05744   0.00049   0.41244   0.01479   0.08428   0.07162   0.07908   0.08247   0.06010   0.02477   0.08469   0.01106   0.05807   0.02125   0.02721   0.03561   0.19743   0.15247   0.00977   0.20229   0.00000   0.00000   0.08751   0.15943   0.26589   0.26441   0.09554   0.09461   0.06988   0.07055   0.00271   0.01096   0.03978   0.02538   0.03919   0.00539   0.04125   0.00798   0.04520   0.04684   0.03288   0.00959   0.01162   0.03245   0.04516   0.07494   3.22024   0.90339   0.21893   2.00494  
 99  0.5562  14566.396053  x:  0.00218   0.01825   0.06092   0.03630   0.00167   0.04312   0.11710   0.00000   0.37804   0.05746   0.00049   0.41243   0.01479   0.08431   0.07163   0.07906   0.08250   0.06009   0.02478   0.08468   0.01106   0.05808   0.02125   0.02721   0.03561   0.19744   0.15248   0.00977   0.20228   0.00000   0.00000   0.08752   0.15938   0.26587   0.26446   0.09559   0.09462   0.06985   0.07056   0.00271   0.01096   0.03978   0.02538   0.03919   0.00539   0.04124   0.00798   0.04526   0.04684   0.03289   0.00959   0.01162   0.03245   0.04516   0.07491   3.22026   0.90337   0.21894   2.00495  
100  0.5160  14566.395846  x:  0.00218   0.01826   0.06090   0.03628   0.00167   0.04318   0.11712   0.00000   0.37805   0.05750   0.00049   0.41242   0.01479   0.08437   0.07164   0.07905   0.08253   0.06007   0.02478   0.08467   0.01106   0.05808   0.02126   0.02721   0.03561   0.19749   0.15246   0.00978   0.20231   0.00000   0.00000   0.08749   0.15928   0.26585   0.26452   0.09562   0.09459   0.06983   0.07055   0.00271   0.01096   0.03979   0.02538   0.03919   0.00539   0.04126   0.00799   0.04516   0.04685   0.03289   0.00959   0.01162   0.03246   0.04517   0.07484   3.22036   0.90331   0.21896   2.00494  
101  0.4820  14566.393143  x:  0.00218   0.01823   0.06091   0.03619   0.00167   0.04310   0.11703   0.00000   0.37824   0.05741   0.00049   0.41236   0.01479   0.08450   0.07159   0.07908   0.08244   0.06014   0.02478   0.08483   0.01105   0.05807   0.02125   0.02721   0.03562   0.19809   0.15222   0.00979   0.20275   0.00000   0.00000   0.08734   0.15854   0.26575   0.26477   0.09542   0.09442   0.07001   0.07055   0.00270   0.01095   0.03980   0.02537   0.03920   0.00539   0.04124   0.00798   0.04530   0.04685   0.03288   0.00958   0.01161   0.03246   0.04516   0.07490   3.22161   0.90335   0.21886   2.00464  
102  1.2453  14566.387844  x:  0.00217   0.01823   0.06100   0.03670   0.00164   0.04302   0.11701   0.00000   0.37864   0.05744   0.00048   0.41222   0.01480   0.08413   0.07159   0.07906   0.08222   0.06005   0.02481   0.08465   0.01106   0.05810   0.02124   0.02720   0.03564   0.19850   0.15209   0.00963   0.20305   0.00000   0.00000   0.08756   0.15811   0.26581   0.26495   0.09521   0.09462   0.06978   0.07057   0.00267   0.01092   0.03982   0.02536   0.03921   0.00537   0.04125   0.00799   0.04503   0.04680   0.03286   0.00957   0.01159   0.03246   0.04516   0.07508   3.22408   0.90341   0.21873   2.00400  
103  6.2921  14566.370440  x:  0.00214   0.01824   0.06080   0.03587   0.00150   0.04332   0.11716   0.00000   0.37992   0.05770   0.00045   0.41175   0.01486   0.08337   0.07171   0.07898   0.08186   0.05993   0.02491   0.08408   0.01108   0.05808   0.02124   0.02719   0.03570   0.19865   0.15210   0.00974   0.20319   0.00000   0.00000   0.08797   0.15814   0.26639   0.26524   0.09504   0.09501   0.06938   0.07060   0.00258   0.01085   0.03990   0.02535   0.03925   0.00534   0.04123   0.00797   0.04536   0.04688   0.03283   0.00954   0.01154   0.03251   0.04517   0.07503   3.23217   0.90333   0.21851   2.00182  
104 20.0853  14566.333218  x:  0.00209   0.01807   0.06092   0.03633   0.00120   0.04319   0.11730   0.00000   0.38260   0.05757   0.00043   0.41071   0.01486   0.08409   0.07179   0.07881   0.08211   0.06034   0.02496   0.08437   0.01107   0.05808   0.02124   0.02717   0.03584   0.19783   0.15268   0.00958   0.20262   0.00000   0.00000   0.08736   0.15940   0.26792   0.26558   0.09535   0.09458   0.07025   0.07061   0.00240   0.01070   0.04010   0.02531   0.03936   0.00527   0.04126   0.00796   0.04521   0.04686   0.03276   0.00946   0.01144   0.03263   0.04519   0.07460   3.24953   0.90315   0.21812   1.99711  
105 48.6921  14566.331170  x:  0.00208   0.01809   0.06102   0.03631   0.00118   0.04323   0.11730   0.00000   0.38274   0.05758   0.00043   0.41065   0.01487   0.08425   0.07164   0.07886   0.08220   0.06017   0.02499   0.08453   0.01106   0.05812   0.02124   0.02717   0.03585   0.19773   0.15272   0.00961   0.20259   0.00000   0.00000   0.08724   0.15949   0.26801   0.26559   0.09538   0.09434   0.06992   0.07066   0.00238   0.01069   0.04012   0.02531   0.03937   0.00526   0.04127   0.00796   0.04523   0.04687   0.03276   0.00946   0.01143   0.03262   0.04520   0.07499   3.25048   0.90309   0.21813   1.99685  
106  9.9737  14566.331156  x:  0.00208   0.01810   0.06101   0.03631   0.00118   0.04323   0.11730   0.00000   0.38274   0.05758   0.00043   0.41065   0.01487   0.08423   0.07165   0.07888   0.08222   0.06019   0.02499   0.08453   0.01106   0.05812   0.02124   0.02717   0.03585   0.19772   0.15273   0.00960   0.20262   0.00000   0.00000   0.08726   0.15949   0.26801   0.26559   0.09538   0.09431   0.06992   0.07066   0.00238   0.01069   0.04012   0.02531   0.03937   0.00526   0.04127   0.00796   0.04523   0.04687   0.03276   0.00946   0.01143   0.03262   0.04520   0.07500   3.25049   0.90308   0.21813   1.99685  
107  0.4168  14566.331153  x:  0.00208   0.01809   0.06102   0.03631   0.00118   0.04323   0.11730   0.00000   0.38274   0.05758   0.00043   0.41065   0.01487   0.08423   0.07165   0.07888   0.08223   0.06018   0.02499   0.08453   0.01106   0.05812   0.02124   0.02717   0.03585   0.19769   0.15273   0.00960   0.20265   0.00000   0.00000   0.08726   0.15949   0.26800   0.26559   0.09538   0.09431   0.06993   0.07066   0.00238   0.01069   0.04012   0.02531   0.03937   0.00526   0.04127   0.00796   0.04523   0.04687   0.03276   0.00946   0.01143   0.03262   0.04520   0.07499   3.25049   0.90308   0.21813   1.99685  
108  0.1719  14566.331151  x:  0.00208   0.01810   0.06101   0.03631   0.00117   0.04323   0.11730   0.00000   0.38274   0.05758   0.00043   0.41065   0.01487   0.08423   0.07165   0.07888   0.08222   0.06018   0.02499   0.08453   0.01106   0.05812   0.02124   0.02717   0.03585   0.19768   0.15273   0.00960   0.20267   0.00000   0.00000   0.08726   0.15949   0.26800   0.26559   0.09538   0.09432   0.06992   0.07066   0.00238   0.01069   0.04012   0.02531   0.03937   0.00526   0.04127   0.00796   0.04523   0.04687   0.03276   0.00946   0.01143   0.03262   0.04520   0.07500   3.25050   0.90308   0.21813   1.99685  
109  0.1024  14566.331044  x:  0.00208   0.01810   0.06107   0.03630   0.00117   0.04323   0.11730   0.00000   0.38275   0.05759   0.00043   0.41065   0.01487   0.08425   0.07164   0.07886   0.08221   0.06026   0.02498   0.08453   0.01106   0.05811   0.02124   0.02717   0.03585   0.19768   0.15273   0.00960   0.20267   0.00000   0.00000   0.08727   0.15949   0.26800   0.26559   0.09538   0.09432   0.06989   0.07057   0.00239   0.01069   0.04011   0.02531   0.03937   0.00527   0.04127   0.00796   0.04523   0.04687   0.03276   0.00946   0.01143   0.03262   0.04520   0.07500   3.25080   0.90307   0.21813   1.99684  
110  0.0097  14566.329705  x:  0.00209   0.01810   0.06100   0.03630   0.00113   0.04321   0.11728   0.00000   0.38285   0.05760   0.00041   0.41075   0.01485   0.08428   0.07165   0.07885   0.08221   0.06019   0.02497   0.08457   0.01108   0.05813   0.02126   0.02718   0.03582   0.19766   0.15276   0.00960   0.20266   0.00000   0.00000   0.08737   0.15951   0.26799   0.26566   0.09544   0.09429   0.06993   0.07067   0.00247   0.01068   0.04007   0.02530   0.03935   0.00530   0.04125   0.00798   0.04521   0.04688   0.03277   0.00949   0.01145   0.03262   0.04520   0.07501   3.25463   0.90302   0.21811   1.99680  
111  2.7209  14566.329652  x:  0.00209   0.01810   0.06100   0.03630   0.00113   0.04320   0.11729   0.00000   0.38286   0.05760   0.00041   0.41075   0.01485   0.08424   0.07165   0.07890   0.08226   0.06019   0.02497   0.08455   0.01108   0.05813   0.02126   0.02718   0.03582   0.19767   0.15276   0.00961   0.20266   0.00000   0.00000   0.08730   0.15951   0.26799   0.26566   0.09545   0.09432   0.06993   0.07066   0.00247   0.01068   0.04007   0.02530   0.03935   0.00530   0.04125   0.00798   0.04521   0.04688   0.03277   0.00949   0.01145   0.03262   0.04520   0.07501   3.25478   0.90302   0.21810   1.99679  
112  1.2949  14566.329612  x:  0.00209   0.01811   0.06101   0.03629   0.00113   0.04319   0.11727   0.00000   0.38280   0.05759   0.00042   0.41081   0.01485   0.08425   0.07164   0.07890   0.08225   0.06018   0.02497   0.08455   0.01108   0.05813   0.02126   0.02718   0.03582   0.19768   0.15276   0.00961   0.20264   0.00000   0.00000   0.08730   0.15951   0.26794   0.26565   0.09545   0.09435   0.06993   0.07065   0.00246   0.01069   0.04006   0.02530   0.03935   0.00530   0.04125   0.00798   0.04521   0.04688   0.03277   0.00950   0.01145   0.03262   0.04520   0.07500   3.25556   0.90302   0.21809   1.99677  
113  0.0008  14566.329612  x:  0.00209   0.01811   0.06101   0.03629   0.00113   0.04319   0.11727   0.00000   0.38281   0.05759   0.00042   0.41081   0.01485   0.08425   0.07164   0.07890   0.08225   0.06018   0.02497   0.08456   0.01108   0.05813   0.02126   0.02718   0.03582   0.19768   0.15276   0.00961   0.20264   0.00000   0.00000   0.08730   0.15951   0.26794   0.26565   0.09545   0.09435   0.06993   0.07065   0.00246   0.01069   0.04006   0.02530   0.03935   0.00530   0.04125   0.00798   0.04521   0.04688   0.03277   0.00950   0.01145   0.03262   0.04520   0.07500   3.25558   0.90302   0.21809   1.99673  
114  0.0001  14566.329612  x:  0.00209   0.01811   0.06101   0.03629   0.00113   0.04319   0.11727   0.00000   0.38281   0.05759   0.00042   0.41081   0.01485   0.08425   0.07164   0.07890   0.08225   0.06018   0.02497   0.08456   0.01108   0.05813   0.02126   0.02718   0.03582   0.19768   0.15276   0.00961   0.20264   0.00000   0.00000   0.08730   0.15951   0.26794   0.26565   0.09545   0.09435   0.06993   0.07065   0.00246   0.01069   0.04006   0.02530   0.03935   0.00530   0.04125   0.00798   0.04521   0.04688   0.03277   0.00950   0.01145   0.03262   0.04520   0.07500   3.25558   0.90302   0.21809   1.99673  