Supplemental results for CODEML (seqf: brcc3.fasta  treef: brcc3_tree.txt)


MLEs of dN/dS (w) for site classes (K=6)

p:   0.19716  0.19716  0.19716  0.19716  0.19716  0.01421
w:   0.00000  0.00013  0.00285  0.02324  0.13894  1.00000

Naive Empirical Bayes (NEB) probabilities for 6 classes & postmean_w
(amino acids refer to 1st sequence: Boleophthalmus_pectinirostris)

   1 M   0.29495 0.29375 0.26893 0.13895 0.00342 0.00000 ( 1)  0.005
   2 A   0.00000 0.00001 0.00714 0.29236 0.70049 0.00000 ( 5)  0.104
   3 V   0.00000 0.00000 0.00000 0.00196 0.99795 0.00008 ( 5)  0.139
   4 S   0.00001 0.00795 0.16551 0.70929 0.11725 0.00000 ( 4)  0.033
   5 A   0.00001 0.00661 0.13962 0.66144 0.19231 0.00000 ( 4)  0.042
   6 C   0.00000 0.00001 0.00475 0.21121 0.78403 0.00000 ( 5)  0.114
   7 H   0.00001 0.00691 0.14547 0.67529 0.17232 0.00000 ( 4)  0.040
   8 L   0.27256 0.27192 0.25835 0.17628 0.02089 0.00000 ( 1)  0.008
   9 E   0.00001 0.00769 0.16063 0.70188 0.12979 0.00000 ( 4)  0.035
  10 S   0.00001 0.00456 0.09826 0.54049 0.35668 0.00000 ( 4)  0.062
  11 D   0.29337 0.29222 0.26834 0.14197 0.00410 0.00000 ( 1)  0.005
  12 A   0.28289 0.28203 0.26394 0.16089 0.01025 0.00000 ( 1)  0.006
  13 F   0.27882 0.27806 0.26194 0.16757 0.01361 0.00000 ( 1)  0.007
  14 L   0.27656 0.27584 0.26068 0.17085 0.01608 0.00000 ( 1)  0.007
  15 V   0.28198 0.28114 0.26352 0.16244 0.01091 0.00000 ( 1)  0.006
  16 C   0.28086 0.28005 0.26297 0.16431 0.01182 0.00000 ( 1)  0.006
  17 M   0.29495 0.29375 0.26893 0.13895 0.00342 0.00000 ( 1)  0.005
  18 S   0.00001 0.00625 0.13240 0.64518 0.21617 0.00000 ( 4)  0.045
  19 H   0.29058 0.28951 0.26731 0.14729 0.00530 0.00000 ( 1)  0.005
  20 A   0.28560 0.28467 0.26520 0.15627 0.00826 0.00000 ( 1)  0.006
  21 L   0.27055 0.26994 0.25708 0.17862 0.02381 0.00000 ( 1)  0.008
  22 S   0.29413 0.29296 0.26861 0.14051 0.00379 0.00000 ( 1)  0.005
  23 T   0.28083 0.28001 0.26294 0.16433 0.01189 0.00000 ( 1)  0.006
  24 E   0.29375 0.29259 0.26847 0.14123 0.00397 0.00000 ( 1)  0.005
  25 K   0.28671 0.28576 0.26572 0.15437 0.00744 0.00000 ( 1)  0.005
  26 E   0.29161 0.29051 0.26768 0.14531 0.00489 0.00000 ( 1)  0.005
  27 E   0.29256 0.29144 0.26804 0.14350 0.00446 0.00000 ( 1)  0.005
  28 V   0.28251 0.28165 0.26376 0.16156 0.01051 0.00000 ( 1)  0.006
  29 M   0.29495 0.29375 0.26893 0.13895 0.00342 0.00000 ( 1)  0.005
  30 G   0.28175 0.28092 0.26337 0.16272 0.01124 0.00000 ( 1)  0.006
  31 L   0.27759 0.27685 0.26124 0.16932 0.01501 0.00000 ( 1)  0.007
  32 C   0.28429 0.28339 0.26463 0.15862 0.00908 0.00000 ( 1)  0.006
  33 I   0.00001 0.00567 0.12089 0.61450 0.25893 0.00000 ( 4)  0.051
  34 G   0.28260 0.28174 0.26378 0.16134 0.01054 0.00000 ( 1)  0.006
  35 E   0.29447 0.29329 0.26872 0.13984 0.00368 0.00000 ( 1)  0.005
  36 L   0.00000 0.00002 0.00761 0.30825 0.68413 0.00000 ( 5)  0.102
  37 E   0.00001 0.00768 0.16036 0.70142 0.13053 0.00000 ( 4)  0.035
  38 P   0.00000 0.00000 0.00000 0.00000 0.02961 0.97039 ( 6)  0.975
  39 S   0.00000 0.00000 0.00000 0.00952 0.99048 0.00000 ( 5)  0.138
  40 R   0.28244 0.28158 0.26372 0.16163 0.01063 0.00000 ( 1)  0.006
  41 V   0.00000 0.00000 0.00013 0.04782 0.95204 0.00000 ( 5)  0.133
  42 V   0.28126 0.28044 0.26316 0.16365 0.01149 0.00000 ( 1)  0.006
  43 H   0.29142 0.29033 0.26765 0.14572 0.00488 0.00000 ( 1)  0.005
  44 V   0.00001 0.00521 0.11159 0.58617 0.29702 0.00000 ( 4)  0.055
  45 H   0.29028 0.28923 0.26720 0.14785 0.00544 0.00000 ( 1)  0.005
  46 S   0.27445 0.27378 0.25949 0.17384 0.01844 0.00000 ( 1)  0.007
  47 V   0.28195 0.28111 0.26351 0.16252 0.01092 0.00000 ( 1)  0.006
  48 I   0.28043 0.27962 0.26275 0.16501 0.01219 0.00000 ( 1)  0.006
  49 I   0.28026 0.27946 0.26266 0.16525 0.01238 0.00000 ( 1)  0.006
  50 L   0.27857 0.27781 0.26178 0.16789 0.01396 0.00000 ( 1)  0.007
  51 R   0.28031 0.27950 0.26256 0.16481 0.01281 0.00000 ( 1)  0.006
  52 R   0.28181 0.28098 0.26337 0.16254 0.01129 0.00000 ( 1)  0.006
  53 S   0.27371 0.27304 0.25904 0.17481 0.01940 0.00000 ( 1)  0.008
  54 D   0.29460 0.29341 0.26877 0.13960 0.00362 0.00000 ( 1)  0.005
  55 K   0.28942 0.28839 0.26686 0.14947 0.00586 0.00000 ( 1)  0.005
  56 R   0.29017 0.28911 0.26706 0.14788 0.00577 0.00000 ( 1)  0.005
  57 K   0.28863 0.28762 0.26653 0.15091 0.00631 0.00000 ( 1)  0.005
  58 D   0.29227 0.29115 0.26795 0.14409 0.00454 0.00000 ( 1)  0.005
  59 R   0.27664 0.27591 0.26065 0.17048 0.01632 0.00000 ( 1)  0.007
  60 V   0.28623 0.28528 0.26551 0.15523 0.00776 0.00000 ( 1)  0.005
  61 E   0.29356 0.29241 0.26841 0.14159 0.00404 0.00000 ( 1)  0.005
  62 I   0.28135 0.28053 0.26322 0.16354 0.01136 0.00000 ( 1)  0.006
  63 S   0.27445 0.27377 0.25949 0.17383 0.01846 0.00000 ( 1)  0.007
  64 P   0.28377 0.28288 0.26436 0.15944 0.00955 0.00000 ( 1)  0.006
  65 E   0.29398 0.29281 0.26855 0.14079 0.00387 0.00000 ( 1)  0.005
  66 Q   0.28850 0.28750 0.26649 0.15116 0.00636 0.00000 ( 1)  0.005
  67 L   0.27707 0.27634 0.26096 0.17010 0.01552 0.00000 ( 1)  0.007
  68 S   0.27150 0.27088 0.25774 0.17774 0.02214 0.00000 ( 1)  0.008
  69 A   0.00001 0.00567 0.12088 0.61318 0.26026 0.00000 ( 4)  0.051
  70 A   0.28427 0.28337 0.26460 0.15857 0.00918 0.00000 ( 1)  0.006
  71 S   0.00000 0.00000 0.00013 0.04502 0.95485 0.00000 ( 5)  0.134
  72 T   0.28095 0.28014 0.26301 0.16413 0.01177 0.00000 ( 1)  0.006
  73 E   0.29274 0.29161 0.26811 0.14317 0.00437 0.00000 ( 1)  0.005
  74 A   0.00000 0.00002 0.00796 0.31881 0.67321 0.00000 ( 5)  0.101
  75 E   0.00000 0.00000 0.00051 0.14559 0.85389 0.00000 ( 5)  0.122
  76 R   0.28797 0.28698 0.26618 0.15194 0.00693 0.00000 ( 1)  0.005
  77 L   0.27425 0.27358 0.25934 0.17397 0.01885 0.00000 ( 1)  0.007
  78 A   0.27945 0.27867 0.26222 0.16646 0.01321 0.00000 ( 1)  0.006
  79 D   0.00000 0.00000 0.00046 0.13255 0.86700 0.00000 ( 5)  0.124
  80 S   0.00000 0.00000 0.00000 0.00000 0.97776 0.02224 ( 5)  0.158
  81 T   0.00001 0.00537 0.11481 0.59573 0.28408 0.00000 ( 4)  0.054
  82 G   0.00001 0.00626 0.13264 0.64417 0.21691 0.00000 ( 4)  0.045
  83 R   0.00000 0.00000 0.00013 0.04698 0.95288 0.00001 ( 5)  0.134
  84 P   0.28151 0.28068 0.26328 0.16320 0.01133 0.00000 ( 1)  0.006
  85 M   0.00000 0.00000 0.00037 0.11086 0.88877 0.00000 ( 5)  0.126
  86 R   0.28560 0.28467 0.26512 0.15606 0.00855 0.00000 ( 1)  0.006
  87 V   0.28275 0.28190 0.26389 0.16118 0.01028 0.00000 ( 1)  0.006
  88 V   0.28204 0.28120 0.26354 0.16236 0.01086 0.00000 ( 1)  0.006
  89 G   0.28368 0.28280 0.26430 0.15950 0.00971 0.00000 ( 1)  0.006
  90 W   0.28868 0.28767 0.26658 0.15087 0.00621 0.00000 ( 1)  0.005
  91 Y   0.27715 0.27642 0.26103 0.17006 0.01533 0.00000 ( 1)  0.007
  92 H   0.29151 0.29042 0.26768 0.14554 0.00484 0.00000 ( 1)  0.005
  93 S   0.27362 0.27296 0.25901 0.17499 0.01941 0.00000 ( 1)  0.008
  94 H   0.29127 0.29019 0.26759 0.14599 0.00496 0.00000 ( 1)  0.005
  95 P   0.28235 0.28150 0.26369 0.16183 0.01062 0.00000 ( 1)  0.006
  96 H   0.29205 0.29094 0.26788 0.14454 0.00459 0.00000 ( 1)  0.005
  97 I   0.28317 0.28231 0.26412 0.16055 0.00985 0.00000 ( 1)  0.006
  98 T   0.28025 0.27945 0.26264 0.16524 0.01243 0.00000 ( 1)  0.006
  99 V   0.28640 0.28545 0.26558 0.15491 0.00765 0.00000 ( 1)  0.005
 100 W   0.28868 0.28767 0.26658 0.15087 0.00621 0.00000 ( 1)  0.005
 101 P   0.28085 0.28003 0.26294 0.16427 0.01190 0.00000 ( 1)  0.006
 102 S   0.27378 0.27312 0.25909 0.17471 0.01929 0.00000 ( 1)  0.008
 103 H   0.28857 0.28756 0.26651 0.15103 0.00633 0.00000 ( 1)  0.005
 104 V   0.28123 0.28041 0.26314 0.16367 0.01155 0.00000 ( 1)  0.006
 105 D   0.29127 0.29019 0.26758 0.14599 0.00497 0.00000 ( 1)  0.005
 106 V   0.28436 0.28346 0.26466 0.15849 0.00904 0.00000 ( 1)  0.006
 107 R   0.28447 0.28357 0.26460 0.15798 0.00938 0.00000 ( 1)  0.006
 108 T   0.27768 0.27694 0.26129 0.16919 0.01489 0.00000 ( 1)  0.007
 109 Q   0.28664 0.28568 0.26569 0.15451 0.00748 0.00000 ( 1)  0.005
 110 A   0.28350 0.28263 0.26424 0.15988 0.00976 0.00000 ( 1)  0.006
 111 M   0.29495 0.29375 0.26893 0.13895 0.00342 0.00000 ( 1)  0.005
 112 Y   0.27687 0.27615 0.26087 0.17046 0.01565 0.00000 ( 1)  0.007
 113 Q   0.28758 0.28660 0.26609 0.15280 0.00692 0.00000 ( 1)  0.005
 114 M   0.29495 0.29375 0.26893 0.13895 0.00342 0.00000 ( 1)  0.005
 115 L   0.00001 0.00611 0.12979 0.64055 0.22354 0.00000 ( 4)  0.046
 116 D   0.29339 0.29224 0.26835 0.14194 0.00408 0.00000 ( 1)  0.005
 117 Q   0.28822 0.28722 0.26637 0.15167 0.00653 0.00000 ( 1)  0.005
 118 G   0.00000 0.00001 0.00687 0.28288 0.71024 0.00000 ( 5)  0.105
 119 F   0.27786 0.27711 0.26142 0.16904 0.01457 0.00000 ( 1)  0.007
 120 V   0.27961 0.27883 0.26232 0.16625 0.01300 0.00000 ( 1)  0.006
 121 G   0.28338 0.28251 0.26416 0.16003 0.00991 0.00000 ( 1)  0.006
 122 L   0.27760 0.27686 0.26126 0.16935 0.01494 0.00000 ( 1)  0.007
 123 I   0.28207 0.28123 0.26358 0.16235 0.01077 0.00000 ( 1)  0.006
 124 F   0.28181 0.28098 0.26348 0.16286 0.01088 0.00000 ( 1)  0.006
 125 S   0.27682 0.27610 0.26084 0.17050 0.01574 0.00000 ( 1)  0.007
 126 C   0.28644 0.28549 0.26561 0.15488 0.00758 0.00000 ( 1)  0.005
 127 F   0.28181 0.28098 0.26347 0.16283 0.01091 0.00000 ( 1)  0.006
 128 I   0.27952 0.27874 0.26229 0.16645 0.01300 0.00000 ( 1)  0.006
 129 E   0.29248 0.29136 0.26801 0.14366 0.00449 0.00000 ( 1)  0.005
 130 D   0.29171 0.29061 0.26774 0.14516 0.00479 0.00000 ( 1)  0.005
 131 K   0.28665 0.28569 0.26568 0.15446 0.00751 0.00000 ( 1)  0.005
 132 N   0.29071 0.28965 0.26738 0.14707 0.00518 0.00000 ( 1)  0.005
 133 T   0.27928 0.27851 0.26215 0.16678 0.01328 0.00000 ( 1)  0.007
 134 R   0.00000 0.00000 0.00025 0.08049 0.91925 0.00000 ( 5)  0.130
 135 T   0.28105 0.28023 0.26305 0.16395 0.01173 0.00000 ( 1)  0.006
 136 G   0.28286 0.28200 0.26391 0.16091 0.01032 0.00000 ( 1)  0.006
 137 R   0.27633 0.27562 0.26051 0.17103 0.01652 0.00000 ( 1)  0.007
 138 V   0.00001 0.00520 0.11125 0.58509 0.29846 0.00000 ( 4)  0.055
 139 L   0.27744 0.27670 0.26116 0.16956 0.01514 0.00000 ( 1)  0.007
 140 Y   0.27799 0.27724 0.26148 0.16881 0.01448 0.00000 ( 1)  0.007
 141 T   0.28096 0.28014 0.26301 0.16411 0.01178 0.00000 ( 1)  0.006
 142 C   0.28649 0.28554 0.26563 0.15478 0.00755 0.00000 ( 1)  0.005
 143 F   0.28065 0.27984 0.26288 0.16471 0.01192 0.00000 ( 1)  0.006
 144 Q   0.28849 0.28748 0.26648 0.15118 0.00637 0.00000 ( 1)  0.005
 145 S   0.27401 0.27334 0.25924 0.17446 0.01895 0.00000 ( 1)  0.007
 146 -   0.00000 0.00000 0.00000 0.00141 0.99843 0.00016 ( 5)  0.139
 147 -   0.28057 0.27976 0.26282 0.16476 0.01209 0.00000 ( 1)  0.006
 148 T   0.00001 0.00625 0.13245 0.64468 0.21661 0.00000 ( 4)  0.045
 149 A   0.00000 0.00002 0.00849 0.33692 0.65458 0.00000 ( 5)  0.099
 150 K   0.28625 0.28530 0.26552 0.15520 0.00773 0.00000 ( 1)  0.005
 151 G   0.28575 0.28481 0.26525 0.15596 0.00823 0.00000 ( 1)  0.006
 152 N   0.00000 0.00000 0.00009 0.03557 0.96433 0.00001 ( 5)  0.135
 153 E   0.00000 0.00000 0.00050 0.14372 0.85577 0.00000 ( 5)  0.122
 154 R   0.28070 0.27989 0.26281 0.16432 0.01228 0.00000 ( 1)  0.006
 155 L   0.00000 0.00001 0.00580 0.24835 0.74584 0.00000 ( 5)  0.109
 156 E   0.29447 0.29329 0.26872 0.13984 0.00368 0.00000 ( 1)  0.005
 157 I   0.00001 0.00546 0.11668 0.60188 0.27597 0.00000 ( 4)  0.053
 158 P   0.28071 0.27990 0.26288 0.16449 0.01201 0.00000 ( 1)  0.006
 159 I   0.00000 0.00000 0.00000 0.00912 0.99087 0.00001 ( 5)  0.138
 160 H   0.28820 0.28720 0.26636 0.15172 0.00652 0.00000 ( 1)  0.005
 161 V   0.28385 0.28296 0.26442 0.15936 0.00940 0.00000 ( 1)  0.006
 162 L   0.00000 0.00000 0.00015 0.05135 0.94850 0.00000 ( 5)  0.133
 163 P   0.28023 0.27943 0.26264 0.16527 0.01243 0.00000 ( 1)  0.006
 164 R   0.00001 0.00605 0.12848 0.63250 0.23297 0.00000 ( 4)  0.047
 165 E   0.00000 0.00000 0.00001 0.02500 0.97499 0.00000 ( 5)  0.136
 166 A   0.00001 0.00605 0.12849 0.63430 0.23115 0.00000 ( 4)  0.047
 167 I   0.00001 0.00520 0.11144 0.58621 0.29714 0.00000 ( 4)  0.055
 168 S   0.00001 0.00646 0.13667 0.65458 0.20228 0.00000 ( 4)  0.044
 169 K   0.00001 0.00634 0.13434 0.64997 0.20934 0.00000 ( 4)  0.045
 170 A   0.00000 0.00000 0.00001 0.01364 0.98636 0.00000 ( 5)  0.137
 171 C   0.28588 0.28494 0.26536 0.15586 0.00796 0.00000 ( 1)  0.006
 172 L   0.27588 0.27518 0.26029 0.17178 0.01687 0.00000 ( 1)  0.007
 173 E   0.29387 0.29271 0.26852 0.14099 0.00391 0.00000 ( 1)  0.005
 174 S   0.27417 0.27350 0.25933 0.17422 0.01879 0.00000 ( 1)  0.007
 175 A   0.28226 0.28142 0.26364 0.16195 0.01072 0.00000 ( 1)  0.006
 176 V   0.28625 0.28530 0.26552 0.15519 0.00774 0.00000 ( 1)  0.005
 177 E   0.29126 0.29017 0.26756 0.14600 0.00502 0.00000 ( 1)  0.005
 178 L   0.27354 0.27288 0.25893 0.17498 0.01967 0.00000 ( 1)  0.008
 179 P   0.28343 0.28256 0.26422 0.16003 0.00976 0.00000 ( 1)  0.006
 180 R   0.00000 0.00001 0.00663 0.27407 0.71929 0.00000 ( 5)  0.106
 181 I   0.28163 0.28080 0.26336 0.16307 0.01114 0.00000 ( 1)  0.006
 182 L   0.27721 0.27648 0.26104 0.16990 0.01538 0.00000 ( 1)  0.007
 183 C   0.28507 0.28416 0.26500 0.15727 0.00850 0.00000 ( 1)  0.006
 184 Q   0.28738 0.28641 0.26601 0.15317 0.00703 0.00000 ( 1)  0.005
 185 E   0.29275 0.29162 0.26811 0.14313 0.00438 0.00000 ( 1)  0.005
 186 E   0.29286 0.29172 0.26815 0.14294 0.00433 0.00000 ( 1)  0.005
 187 Q   0.28873 0.28772 0.26658 0.15074 0.00623 0.00000 ( 1)  0.005
 188 D   0.29446 0.29327 0.26872 0.13987 0.00368 0.00000 ( 1)  0.005
 189 T   0.28260 0.28175 0.26382 0.16143 0.01040 0.00000 ( 1)  0.006
 190 Y   0.27854 0.27778 0.26178 0.16798 0.01393 0.00000 ( 1)  0.007
 191 R   0.28353 0.28264 0.26415 0.15958 0.01010 0.00000 ( 1)  0.006
 192 K   0.00000 0.00002 0.00982 0.37597 0.61419 0.00000 ( 5)  0.094
 193 I   0.27867 0.27790 0.26184 0.16777 0.01381 0.00000 ( 1)  0.007
 194 H   0.29173 0.29063 0.26776 0.14513 0.00474 0.00000 ( 1)  0.005
 195 A   0.00000 0.00000 0.00000 0.00312 0.99687 0.00000 ( 5)  0.139
 196 L   0.26852 0.26795 0.25587 0.18126 0.02639 0.00000 ( 1)  0.009
 197 S   0.00000 0.00000 0.00000 0.00138 0.99830 0.00033 ( 5)  0.139
 198 H   0.28895 0.28794 0.26668 0.15033 0.00610 0.00000 ( 1)  0.005
 199 L   0.27608 0.27537 0.26040 0.17151 0.01665 0.00000 ( 1)  0.007
 200 D   0.29171 0.29061 0.26774 0.14516 0.00479 0.00000 ( 1)  0.005
 201 P   0.00001 0.00577 0.12287 0.61929 0.25206 0.00000 ( 4)  0.050
 202 V   0.00000 0.00001 0.00700 0.28849 0.70450 0.00000 ( 5)  0.105
 203 T   0.28032 0.27952 0.26269 0.16514 0.01233 0.00000 ( 1)  0.006
 204 R   0.00001 0.00663 0.13991 0.65877 0.19467 0.00000 ( 4)  0.043
 205 I   0.28281 0.28195 0.26394 0.16114 0.01015 0.00000 ( 1)  0.006
 206 H   0.29115 0.29007 0.26754 0.14622 0.00501 0.00000 ( 1)  0.005
 207 N   0.28690 0.28594 0.26581 0.15404 0.00731 0.00000 ( 1)  0.005
 208 G   0.28298 0.28212 0.26396 0.16068 0.01026 0.00000 ( 1)  0.006
 209 S   0.27119 0.27058 0.25755 0.17811 0.02257 0.00000 ( 1)  0.008
 210 V   0.28489 0.28398 0.26491 0.15757 0.00865 0.00000 ( 1)  0.006
 211 F   0.28202 0.28118 0.26358 0.16251 0.01071 0.00000 ( 1)  0.006
 212 T   0.27701 0.27628 0.26092 0.17017 0.01562 0.00000 ( 1)  0.007
 213 K   0.28775 0.28677 0.26617 0.15251 0.00680 0.00000 ( 1)  0.005
 214 N   0.28987 0.28883 0.26705 0.14864 0.00560 0.00000 ( 1)  0.005
 215 L   0.27642 0.27570 0.26059 0.17103 0.01625 0.00000 ( 1)  0.007
 216 C   0.28711 0.28614 0.26591 0.15370 0.00714 0.00000 ( 1)  0.005
 217 S   0.29157 0.29047 0.26769 0.14543 0.00484 0.00000 ( 1)  0.005
 218 Q   0.28817 0.28718 0.26635 0.15176 0.00654 0.00000 ( 1)  0.005
 219 M   0.29424 0.29307 0.26868 0.14033 0.00367 0.00000 ( 1)  0.005
 220 S   0.27364 0.27298 0.25901 0.17492 0.01946 0.00000 ( 1)  0.008
 221 A   0.28201 0.28117 0.26351 0.16233 0.01098 0.00000 ( 1)  0.006
 222 V   0.00001 0.00597 0.12694 0.63077 0.23630 0.00000 ( 4)  0.048
 223 S   0.29361 0.29246 0.26843 0.14151 0.00399 0.00000 ( 1)  0.005
 224 G   0.28617 0.28522 0.26543 0.15522 0.00796 0.00000 ( 1)  0.006
 225 P   0.28309 0.28222 0.26405 0.16059 0.01005 0.00000 ( 1)  0.006
 226 L   0.27671 0.27598 0.26076 0.17063 0.01592 0.00000 ( 1)  0.007
 227 L   0.27385 0.27318 0.25912 0.17458 0.01927 0.00000 ( 1)  0.008
 228 Q   0.28817 0.28718 0.26635 0.15176 0.00654 0.00000 ( 1)  0.005
 229 W   0.28799 0.28700 0.26629 0.15212 0.00660 0.00000 ( 1)  0.005
 230 L   0.27694 0.27622 0.26089 0.17028 0.01567 0.00000 ( 1)  0.007
 231 E   0.29375 0.29259 0.26848 0.14122 0.00395 0.00000 ( 1)  0.005
 232 H   0.00001 0.00772 0.16124 0.70335 0.12768 0.00000 ( 4)  0.035
 233 R   0.27829 0.27753 0.26149 0.16786 0.01483 0.00000 ( 1)  0.007
 234 L   0.27598 0.27528 0.26035 0.17166 0.01673 0.00000 ( 1)  0.007
 235 S   0.00000 0.00000 0.00000 0.00045 0.99954 0.00001 ( 5)  0.139
 236 H   0.00000 0.00002 0.01025 0.38935 0.60038 0.00000 ( 5)  0.092
 237 N   0.28994 0.28890 0.26708 0.14851 0.00557 0.00000 ( 1)  0.005
 238 Q   0.00000 0.00000 0.00000 0.00001 0.99182 0.00817 ( 5)  0.146
 239 H   0.00000 0.00000 0.00030 0.09345 0.90625 0.00000 ( 5)  0.128
 240 C   0.00000 0.00003 0.01316 0.46995 0.51686 0.00000 ( 5)  0.083
 241 I   0.00000 0.00000 0.00000 0.00164 0.99831 0.00005 ( 5)  0.139
 242 S   0.00000 0.00000 0.00000 0.00000 0.00001 0.99999 ( 6)  1.000
 243 E   0.00000 0.00000 0.00000 0.00063 0.99937 0.00001 ( 5)  0.139
 244 L   0.27670 0.27598 0.26076 0.17064 0.01592 0.00000 ( 1)  0.007
 245 Q   0.00001 0.00686 0.14445 0.67307 0.17562 0.00000 ( 4)  0.040
 246 R   0.00000 0.00000 0.00000 0.00071 0.99826 0.00103 ( 5)  0.140
 247 E   0.00001 0.00791 0.16487 0.70830 0.11890 0.00000 ( 4)  0.033
 248 R   0.00001 0.00667 0.14075 0.66459 0.18798 0.00000 ( 4)  0.042
 249 Q   0.00001 0.00774 0.16149 0.70352 0.12725 0.00000 ( 4)  0.034
 250 Q   0.00000 0.00000 0.00000 0.00000 0.36536 0.63464 ( 6)  0.685
 251 L   0.27658 0.27586 0.26069 0.17081 0.01606 0.00000 ( 1)  0.007
 252 R   0.00000 0.00000 0.00000 0.00000 0.01270 0.98730 ( 6)  0.989
 253 E   0.00000 0.00000 0.00000 0.00035 0.99949 0.00016 ( 5)  0.139
 254 E   0.00001 0.00779 0.16257 0.70476 0.12487 0.00000 ( 4)  0.034
 255 L   0.27620 0.27549 0.26048 0.17137 0.01645 0.00000 ( 1)  0.007

Positively selected sites

	Prob(w>1)  mean w



lnL = -6431.541041

Bayes Empirical Bayes (BEB) probabilities for 11 classes (class) & postmean_w
(amino acids refer to 1st sequence: Boleophthalmus_pectinirostris)

   1 M   0.99734 0.00259 0.00006 0.00000 0.00000 0.00000 0.00000 0.00000 0.00000 0.00000 0.00000 ( 1)  0.050 +-  0.005
   2 A   0.93776 0.05232 0.00849 0.00123 0.00017 0.00002 0.00000 0.00000 0.00000 0.00000 0.00000 ( 1)  0.057 +-  0.031
   3 V   0.21207 0.33938 0.27845 0.11935 0.03773 0.01004 0.00237 0.00050 0.00009 0.00001 0.00000 ( 2)  0.197 +-  0.115
   4 S   0.99098 0.00860 0.00040 0.00002 0.00000 0.00000 0.00000 0.00000 0.00000 0.00000 0.00000 ( 1)  0.051 +-  0.010
   5 A   0.98496 0.01391 0.00104 0.00008 0.00001 0.00000 0.00000 0.00000 0.00000 0.00000 0.00000 ( 1)  0.052 +-  0.014
   6 C   0.90617 0.07331 0.01661 0.00322 0.00058 0.00010 0.00002 0.00000 0.00000 0.00000 0.00000 ( 1)  0.062 +-  0.041
   7 H   0.98673 0.01240 0.00081 0.00006 0.00000 0.00000 0.00000 0.00000 0.00000 0.00000 0.00000 ( 1)  0.051 +-  0.013
   8 L   0.98896 0.00999 0.00093 0.00011 0.00001 0.00000 0.00000 0.00000 0.00000 0.00000 0.00000 ( 1)  0.051 +-  0.012
   9 E   0.99002 0.00947 0.00048 0.00003 0.00000 0.00000 0.00000 0.00000 0.00000 0.00000 0.00000 ( 1)  0.051 +-  0.011
  10 S   0.96774 0.02756 0.00400 0.00060 0.00009 0.00001 0.00000 0.00000 0.00000 0.00000 0.00000 ( 1)  0.054 +-  0.022
  11 D   0.99691 0.00300 0.00009 0.00000 0.00000 0.00000 0.00000 0.00000 0.00000 0.00000 0.00000 ( 1)  0.050 +-  0.006
  12 A   0.99374 0.00590 0.00033 0.00002 0.00000 0.00000 0.00000 0.00000 0.00000 0.00000 0.00000 ( 1)  0.051 +-  0.009
  13 F   0.99227 0.00721 0.00047 0.00004 0.00000 0.00000 0.00000 0.00000 0.00000 0.00000 0.00000 ( 1)  0.051 +-  0.010
  14 L   0.99112 0.00820 0.00062 0.00006 0.00001 0.00000 0.00000 0.00000 0.00000 0.00000 0.00000 ( 1)  0.051 +-  0.011
  15 V   0.99346 0.00615 0.00035 0.00003 0.00000 0.00000 0.00000 0.00000 0.00000 0.00000 0.00000 ( 1)  0.051 +-  0.009
  16 C   0.99306 0.00652 0.00039 0.00003 0.00000 0.00000 0.00000 0.00000 0.00000 0.00000 0.00000 ( 1)  0.051 +-  0.009
  17 M   0.99734 0.00259 0.00006 0.00000 0.00000 0.00000 0.00000 0.00000 0.00000 0.00000 0.00000 ( 1)  0.050 +-  0.005
  18 S   0.98298 0.01562 0.00128 0.00011 0.00001 0.00000 0.00000 0.00000 0.00000 0.00000 0.00000 ( 1)  0.052 +-  0.015
  19 H   0.99626 0.00361 0.00012 0.00001 0.00000 0.00000 0.00000 0.00000 0.00000 0.00000 0.00000 ( 1)  0.050 +-  0.006
  20 A   0.99471 0.00503 0.00024 0.00001 0.00000 0.00000 0.00000 0.00000 0.00000 0.00000 0.00000 ( 1)  0.051 +-  0.008
  21 L   0.98758 0.01108 0.00116 0.00015 0.00002 0.00000 0.00000 0.00000 0.00000 0.00000 0.00000 ( 1)  0.051 +-  0.013
  22 S   0.99710 0.00282 0.00008 0.00000 0.00000 0.00000 0.00000 0.00000 0.00000 0.00000 0.00000 ( 1)  0.050 +-  0.006
  23 T   0.99301 0.00656 0.00040 0.00003 0.00000 0.00000 0.00000 0.00000 0.00000 0.00000 0.00000 ( 1)  0.051 +-  0.009
  24 E   0.99698 0.00293 0.00008 0.00000 0.00000 0.00000 0.00000 0.00000 0.00000 0.00000 0.00000 ( 1)  0.050 +-  0.006
  25 K   0.99515 0.00463 0.00020 0.00001 0.00000 0.00000 0.00000 0.00000 0.00000 0.00000 0.00000 ( 1)  0.051 +-  0.007
  26 E   0.99646 0.00342 0.00011 0.00000 0.00000 0.00000 0.00000 0.00000 0.00000 0.00000 0.00000 ( 1)  0.050 +-  0.006
  27 E   0.99670 0.00319 0.00010 0.00000 0.00000 0.00000 0.00000 0.00000 0.00000 0.00000 0.00000 ( 1)  0.050 +-  0.006
  28 V   0.99364 0.00600 0.00034 0.00002 0.00000 0.00000 0.00000 0.00000 0.00000 0.00000 0.00000 ( 1)  0.051 +-  0.009
  29 M   0.99734 0.00259 0.00006 0.00000 0.00000 0.00000 0.00000 0.00000 0.00000 0.00000 0.00000 ( 1)  0.050 +-  0.005
  30 G   0.99326 0.00633 0.00038 0.00003 0.00000 0.00000 0.00000 0.00000 0.00000 0.00000 0.00000 ( 1)  0.051 +-  0.009
  31 L   0.99159 0.00779 0.00056 0.00005 0.00000 0.00000 0.00000 0.00000 0.00000 0.00000 0.00000 ( 1)  0.051 +-  0.010
  32 C   0.99435 0.00536 0.00027 0.00002 0.00000 0.00000 0.00000 0.00000 0.00000 0.00000 0.00000 ( 1)  0.051 +-  0.008
  33 I   0.97901 0.01892 0.00186 0.00019 0.00002 0.00000 0.00000 0.00000 0.00000 0.00000 0.00000 ( 1)  0.052 +-  0.017
  34 G   0.99359 0.00603 0.00035 0.00003 0.00000 0.00000 0.00000 0.00000 0.00000 0.00000 0.00000 ( 1)  0.051 +-  0.009
  35 E   0.99716 0.00276 0.00007 0.00000 0.00000 0.00000 0.00000 0.00000 0.00000 0.00000 0.00000 ( 1)  0.050 +-  0.006
  36 L   0.94255 0.04906 0.00730 0.00095 0.00012 0.00001 0.00000 0.00000 0.00000 0.00000 0.00000 ( 1)  0.057 +-  0.029
  37 E   0.98996 0.00952 0.00049 0.00003 0.00000 0.00000 0.00000 0.00000 0.00000 0.00000 0.00000 ( 1)  0.051 +-  0.011
  38 P   0.00000 0.00191 0.03891 0.14533 0.23938 0.24284 0.17689 0.09883 0.04167 0.00964 0.00460 ( 6)  0.543 +-  0.165
  39 S   0.51464 0.29718 0.13934 0.03861 0.00835 0.00157 0.00027 0.00004 0.00001 0.00000 0.00000 ( 1)  0.123 +-  0.092
  40 R   0.99356 0.00606 0.00035 0.00003 0.00000 0.00000 0.00000 0.00000 0.00000 0.00000 0.00000 ( 1)  0.051 +-  0.009
  41 V   0.75977 0.16716 0.05626 0.01347 0.00273 0.00050 0.00008 0.00001 0.00000 0.00000 0.00000 ( 1)  0.083 +-  0.068
  42 V   0.99321 0.00638 0.00038 0.00003 0.00000 0.00000 0.00000 0.00000 0.00000 0.00000 0.00000 ( 1)  0.051 +-  0.009
  43 H   0.99650 0.00339 0.00011 0.00000 0.00000 0.00000 0.00000 0.00000 0.00000 0.00000 0.00000 ( 1)  0.050 +-  0.006
  44 V   0.97503 0.02209 0.00254 0.00030 0.00004 0.00000 0.00000 0.00000 0.00000 0.00000 0.00000 ( 1)  0.053 +-  0.019
  45 H   0.99618 0.00368 0.00013 0.00001 0.00000 0.00000 0.00000 0.00000 0.00000 0.00000 0.00000 ( 1)  0.050 +-  0.007
  46 S   0.99009 0.00907 0.00076 0.00008 0.00001 0.00000 0.00000 0.00000 0.00000 0.00000 0.00000 ( 1)  0.051 +-  0.011
  47 V   0.99347 0.00615 0.00035 0.00003 0.00000 0.00000 0.00000 0.00000 0.00000 0.00000 0.00000 ( 1)  0.051 +-  0.009
  48 I   0.99290 0.00666 0.00041 0.00003 0.00000 0.00000 0.00000 0.00000 0.00000 0.00000 0.00000 ( 1)  0.051 +-  0.009
  49 I   0.99279 0.00675 0.00042 0.00003 0.00000 0.00000 0.00000 0.00000 0.00000 0.00000 0.00000 ( 1)  0.051 +-  0.009
  50 L   0.99208 0.00737 0.00050 0.00004 0.00000 0.00000 0.00000 0.00000 0.00000 0.00000 0.00000 ( 1)  0.051 +-  0.010
  51 R   0.99241 0.00705 0.00049 0.00004 0.00000 0.00000 0.00000 0.00000 0.00000 0.00000 0.00000 ( 1)  0.051 +-  0.010
  52 R   0.99320 0.00638 0.00039 0.00003 0.00000 0.00000 0.00000 0.00000 0.00000 0.00000 0.00000 ( 1)  0.051 +-  0.009
  53 S   0.98964 0.00944 0.00082 0.00009 0.00001 0.00000 0.00000 0.00000 0.00000 0.00000 0.00000 ( 1)  0.051 +-  0.012
  54 D   0.99720 0.00273 0.00007 0.00000 0.00000 0.00000 0.00000 0.00000 0.00000 0.00000 0.00000 ( 1)  0.050 +-  0.006
  55 K   0.99597 0.00388 0.00014 0.00001 0.00000 0.00000 0.00000 0.00000 0.00000 0.00000 0.00000 ( 1)  0.050 +-  0.007
  56 R   0.99592 0.00392 0.00016 0.00001 0.00000 0.00000 0.00000 0.00000 0.00000 0.00000 0.00000 ( 1)  0.050 +-  0.007
  57 K   0.99573 0.00410 0.00016 0.00001 0.00000 0.00000 0.00000 0.00000 0.00000 0.00000 0.00000 ( 1)  0.050 +-  0.007
  58 D   0.99667 0.00323 0.00010 0.00000 0.00000 0.00000 0.00000 0.00000 0.00000 0.00000 0.00000 ( 1)  0.050 +-  0.006
  59 R   0.99088 0.00837 0.00067 0.00007 0.00001 0.00000 0.00000 0.00000 0.00000 0.00000 0.00000 ( 1)  0.051 +-  0.011
  60 V   0.99499 0.00478 0.00021 0.00001 0.00000 0.00000 0.00000 0.00000 0.00000 0.00000 0.00000 ( 1)  0.051 +-  0.008
  61 E   0.99695 0.00296 0.00008 0.00000 0.00000 0.00000 0.00000 0.00000 0.00000 0.00000 0.00000 ( 1)  0.050 +-  0.006
  62 I   0.99329 0.00632 0.00037 0.00003 0.00000 0.00000 0.00000 0.00000 0.00000 0.00000 0.00000 ( 1)  0.051 +-  0.009
  63 S   0.99007 0.00908 0.00076 0.00008 0.00001 0.00000 0.00000 0.00000 0.00000 0.00000 0.00000 ( 1)  0.051 +-  0.011
  64 P   0.99409 0.00559 0.00030 0.00002 0.00000 0.00000 0.00000 0.00000 0.00000 0.00000 0.00000 ( 1)  0.051 +-  0.008
  65 E   0.99704 0.00287 0.00008 0.00000 0.00000 0.00000 0.00000 0.00000 0.00000 0.00000 0.00000 ( 1)  0.050 +-  0.006
  66 Q   0.99571 0.00412 0.00016 0.00001 0.00000 0.00000 0.00000 0.00000 0.00000 0.00000 0.00000 ( 1)  0.050 +-  0.007
  67 L   0.99137 0.00798 0.00059 0.00005 0.00001 0.00000 0.00000 0.00000 0.00000 0.00000 0.00000 ( 1)  0.051 +-  0.010
  68 S   0.98849 0.01039 0.00099 0.00011 0.00001 0.00000 0.00000 0.00000 0.00000 0.00000 0.00000 ( 1)  0.051 +-  0.012
  69 A   0.97869 0.01912 0.00195 0.00021 0.00002 0.00000 0.00000 0.00000 0.00000 0.00000 0.00000 ( 1)  0.052 +-  0.017
  70 A   0.99427 0.00543 0.00028 0.00002 0.00000 0.00000 0.00000 0.00000 0.00000 0.00000 0.00000 ( 1)  0.051 +-  0.008
  71 S   0.74239 0.17330 0.06309 0.01657 0.00371 0.00076 0.00014 0.00002 0.00000 0.00000 0.00000 ( 1)  0.087 +-  0.072
  72 T   0.99307 0.00650 0.00039 0.00003 0.00000 0.00000 0.00000 0.00000 0.00000 0.00000 0.00000 ( 1)  0.051 +-  0.009
  73 E   0.99675 0.00315 0.00010 0.00000 0.00000 0.00000 0.00000 0.00000 0.00000 0.00000 0.00000 ( 1)  0.050 +-  0.006
  74 A   0.94476 0.04729 0.00691 0.00091 0.00012 0.00001 0.00000 0.00000 0.00000 0.00000 0.00000 ( 1)  0.056 +-  0.029
  75 E   0.91859 0.07131 0.00912 0.00089 0.00008 0.00001 0.00000 0.00000 0.00000 0.00000 0.00000 ( 1)  0.059 +-  0.033
  76 R   0.99533 0.00446 0.00020 0.00001 0.00000 0.00000 0.00000 0.00000 0.00000 0.00000 0.00000 ( 1)  0.050 +-  0.007
  77 L   0.98983 0.00927 0.00080 0.00009 0.00001 0.00000 0.00000 0.00000 0.00000 0.00000 0.00000 ( 1)  0.051 +-  0.012
  78 A   0.99238 0.00710 0.00047 0.00004 0.00000 0.00000 0.00000 0.00000 0.00000 0.00000 0.00000 ( 1)  0.051 +-  0.010
  79 D   0.91021 0.07761 0.01089 0.00117 0.00011 0.00001 0.00000 0.00000 0.00000 0.00000 0.00000 ( 1)  0.060 +-  0.035
  80 S   0.00004 0.02586 0.22501 0.35512 0.24631 0.10549 0.03270 0.00787 0.00145 0.00015 0.00000 ( 4)  0.382 +-  0.117
  81 T   0.97633 0.02103 0.00233 0.00027 0.00003 0.00000 0.00000 0.00000 0.00000 0.00000 0.00000 ( 1)  0.053 +-  0.018
  82 G   0.98273 0.01578 0.00135 0.00013 0.00001 0.00000 0.00000 0.00000 0.00000 0.00000 0.00000 ( 1)  0.052 +-  0.015
  83 R   0.74757 0.16867 0.06151 0.01689 0.00413 0.00096 0.00021 0.00004 0.00001 0.00000 0.00000 ( 1)  0.087 +-  0.073
  84 P   0.99326 0.00633 0.00038 0.00003 0.00000 0.00000 0.00000 0.00000 0.00000 0.00000 0.00000 ( 1)  0.051 +-  0.009
  85 M   0.89379 0.09009 0.01428 0.00166 0.00017 0.00002 0.00000 0.00000 0.00000 0.00000 0.00000 ( 1)  0.062 +-  0.039
  86 R   0.99446 0.00524 0.00028 0.00002 0.00000 0.00000 0.00000 0.00000 0.00000 0.00000 0.00000 ( 1)  0.051 +-  0.008
  87 V   0.99377 0.00588 0.00032 0.00002 0.00000 0.00000 0.00000 0.00000 0.00000 0.00000 0.00000 ( 1)  0.051 +-  0.009
  88 V   0.99349 0.00613 0.00035 0.00003 0.00000 0.00000 0.00000 0.00000 0.00000 0.00000 0.00000 ( 1)  0.051 +-  0.009
  89 G   0.99398 0.00569 0.00031 0.00002 0.00000 0.00000 0.00000 0.00000 0.00000 0.00000 0.00000 ( 1)  0.051 +-  0.008
  90 W   0.99581 0.00403 0.00015 0.00001 0.00000 0.00000 0.00000 0.00000 0.00000 0.00000 0.00000 ( 1)  0.050 +-  0.007
  91 Y   0.99149 0.00788 0.00057 0.00005 0.00000 0.00000 0.00000 0.00000 0.00000 0.00000 0.00000 ( 1)  0.051 +-  0.010
  92 H   0.99652 0.00337 0.00011 0.00000 0.00000 0.00000 0.00000 0.00000 0.00000 0.00000 0.00000 ( 1)  0.050 +-  0.006
  93 S   0.98967 0.00942 0.00081 0.00009 0.00001 0.00000 0.00000 0.00000 0.00000 0.00000 0.00000 ( 1)  0.051 +-  0.012
  94 H   0.99645 0.00343 0.00011 0.00000 0.00000 0.00000 0.00000 0.00000 0.00000 0.00000 0.00000 ( 1)  0.050 +-  0.006
  95 P   0.99359 0.00604 0.00034 0.00002 0.00000 0.00000 0.00000 0.00000 0.00000 0.00000 0.00000 ( 1)  0.051 +-  0.009
  96 H   0.99666 0.00324 0.00010 0.00000 0.00000 0.00000 0.00000 0.00000 0.00000 0.00000 0.00000 ( 1)  0.050 +-  0.006
  97 I   0.99401 0.00568 0.00030 0.00002 0.00000 0.00000 0.00000 0.00000 0.00000 0.00000 0.00000 ( 1)  0.051 +-  0.008
  98 T   0.99276 0.00678 0.00043 0.00003 0.00000 0.00000 0.00000 0.00000 0.00000 0.00000 0.00000 ( 1)  0.051 +-  0.009
  99 V   0.99505 0.00473 0.00021 0.00001 0.00000 0.00000 0.00000 0.00000 0.00000 0.00000 0.00000 ( 1)  0.051 +-  0.008
 100 W   0.99581 0.00403 0.00015 0.00001 0.00000 0.00000 0.00000 0.00000 0.00000 0.00000 0.00000 ( 1)  0.050 +-  0.007
 101 P   0.99300 0.00657 0.00040 0.00003 0.00000 0.00000 0.00000 0.00000 0.00000 0.00000 0.00000 ( 1)  0.051 +-  0.009
 102 S   0.98970 0.00939 0.00081 0.00009 0.00001 0.00000 0.00000 0.00000 0.00000 0.00000 0.00000 ( 1)  0.051 +-  0.012
 103 H   0.99572 0.00411 0.00016 0.00001 0.00000 0.00000 0.00000 0.00000 0.00000 0.00000 0.00000 ( 1)  0.050 +-  0.007
 104 V   0.99316 0.00642 0.00039 0.00003 0.00000 0.00000 0.00000 0.00000 0.00000 0.00000 0.00000 ( 1)  0.051 +-  0.009
 105 D   0.99644 0.00344 0.00011 0.00000 0.00000 0.00000 0.00000 0.00000 0.00000 0.00000 0.00000 ( 1)  0.050 +-  0.006
 106 V   0.99437 0.00535 0.00027 0.00002 0.00000 0.00000 0.00000 0.00000 0.00000 0.00000 0.00000 ( 1)  0.051 +-  0.008
 107 R   0.99404 0.00561 0.00032 0.00002 0.00000 0.00000 0.00000 0.00000 0.00000 0.00000 0.00000 ( 1)  0.051 +-  0.008
 108 T   0.99165 0.00774 0.00056 0.00005 0.00000 0.00000 0.00000 0.00000 0.00000 0.00000 0.00000 ( 1)  0.051 +-  0.010
 109 Q   0.99514 0.00465 0.00020 0.00001 0.00000 0.00000 0.00000 0.00000 0.00000 0.00000 0.00000 ( 1)  0.051 +-  0.007
 110 A   0.99399 0.00568 0.00031 0.00002 0.00000 0.00000 0.00000 0.00000 0.00000 0.00000 0.00000 ( 1)  0.051 +-  0.008
 111 M   0.99734 0.00259 0.00006 0.00000 0.00000 0.00000 0.00000 0.00000 0.00000 0.00000 0.00000 ( 1)  0.050 +-  0.005
 112 Y   0.99135 0.00801 0.00059 0.00005 0.00001 0.00000 0.00000 0.00000 0.00000 0.00000 0.00000 ( 1)  0.051 +-  0.010
 113 Q   0.99541 0.00439 0.00018 0.00001 0.00000 0.00000 0.00000 0.00000 0.00000 0.00000 0.00000 ( 1)  0.050 +-  0.007
 114 M   0.99734 0.00259 0.00006 0.00000 0.00000 0.00000 0.00000 0.00000 0.00000 0.00000 0.00000 ( 1)  0.050 +-  0.005
 115 L   0.98251 0.01606 0.00131 0.00011 0.00001 0.00000 0.00000 0.00000 0.00000 0.00000 0.00000 ( 1)  0.052 +-  0.015
 116 D   0.99693 0.00298 0.00009 0.00000 0.00000 0.00000 0.00000 0.00000 0.00000 0.00000 0.00000 ( 1)  0.050 +-  0.006
 117 Q   0.99562 0.00421 0.00017 0.00001 0.00000 0.00000 0.00000 0.00000 0.00000 0.00000 0.00000 ( 1)  0.050 +-  0.007
 118 G   0.93436 0.05449 0.00941 0.00147 0.00022 0.00003 0.00001 0.00000 0.00000 0.00000 0.00000 ( 1)  0.058 +-  0.032
 119 F   0.99185 0.00758 0.00052 0.00004 0.00000 0.00000 0.00000 0.00000 0.00000 0.00000 0.00000 ( 1)  0.051 +-  0.010
 120 V   0.99250 0.00700 0.00046 0.00004 0.00000 0.00000 0.00000 0.00000 0.00000 0.00000 0.00000 ( 1)  0.051 +-  0.010
 121 G   0.99389 0.00577 0.00032 0.00002 0.00000 0.00000 0.00000 0.00000 0.00000 0.00000 0.00000 ( 1)  0.051 +-  0.009
 122 L   0.99164 0.00775 0.00055 0.00005 0.00000 0.00000 0.00000 0.00000 0.00000 0.00000 0.00000 ( 1)  0.051 +-  0.010
 123 I   0.99356 0.00608 0.00034 0.00002 0.00000 0.00000 0.00000 0.00000 0.00000 0.00000 0.00000 ( 1)  0.051 +-  0.009
 124 F   0.99354 0.00609 0.00034 0.00002 0.00000 0.00000 0.00000 0.00000 0.00000 0.00000 0.00000 ( 1)  0.051 +-  0.009
 125 S   0.99129 0.00805 0.00060 0.00005 0.00001 0.00000 0.00000 0.00000 0.00000 0.00000 0.00000 ( 1)  0.051 +-  0.010
 126 C   0.99509 0.00469 0.00021 0.00001 0.00000 0.00000 0.00000 0.00000 0.00000 0.00000 0.00000 ( 1)  0.051 +-  0.007
 127 F   0.99352 0.00611 0.00034 0.00002 0.00000 0.00000 0.00000 0.00000 0.00000 0.00000 0.00000 ( 1)  0.051 +-  0.009
 128 I   0.99253 0.00698 0.00045 0.00003 0.00000 0.00000 0.00000 0.00000 0.00000 0.00000 0.00000 ( 1)  0.051 +-  0.010
 129 E   0.99669 0.00321 0.00010 0.00000 0.00000 0.00000 0.00000 0.00000 0.00000 0.00000 0.00000 ( 1)  0.050 +-  0.006
 130 D   0.99654 0.00335 0.00011 0.00000 0.00000 0.00000 0.00000 0.00000 0.00000 0.00000 0.00000 ( 1)  0.050 +-  0.006
 131 K   0.99511 0.00467 0.00021 0.00001 0.00000 0.00000 0.00000 0.00000 0.00000 0.00000 0.00000 ( 1)  0.051 +-  0.007
 132 N   0.99634 0.00353 0.00012 0.00000 0.00000 0.00000 0.00000 0.00000 0.00000 0.00000 0.00000 ( 1)  0.050 +-  0.006
 133 T   0.99238 0.00711 0.00047 0.00004 0.00000 0.00000 0.00000 0.00000 0.00000 0.00000 0.00000 ( 1)  0.051 +-  0.010
 134 R   0.84811 0.11825 0.02780 0.00494 0.00077 0.00011 0.00001 0.00000 0.00000 0.00000 0.00000 ( 1)  0.069 +-  0.050
 135 T   0.99308 0.00649 0.00039 0.00003 0.00000 0.00000 0.00000 0.00000 0.00000 0.00000 0.00000 ( 1)  0.051 +-  0.009
 136 G   0.99370 0.00594 0.00034 0.00002 0.00000 0.00000 0.00000 0.00000 0.00000 0.00000 0.00000 ( 1)  0.051 +-  0.009
 137 R   0.99084 0.00841 0.00067 0.00007 0.00001 0.00000 0.00000 0.00000 0.00000 0.00000 0.00000 ( 1)  0.051 +-  0.011
 138 V   0.97486 0.02221 0.00258 0.00031 0.00004 0.00000 0.00000 0.00000 0.00000 0.00000 0.00000 ( 1)  0.053 +-  0.019
 139 L   0.99154 0.00784 0.00057 0.00005 0.00001 0.00000 0.00000 0.00000 0.00000 0.00000 0.00000 ( 1)  0.051 +-  0.010
 140 Y   0.99188 0.00755 0.00052 0.00004 0.00000 0.00000 0.00000 0.00000 0.00000 0.00000 0.00000 ( 1)  0.051 +-  0.010
 141 T   0.99306 0.00651 0.00040 0.00003 0.00000 0.00000 0.00000 0.00000 0.00000 0.00000 0.00000 ( 1)  0.051 +-  0.009
 142 C   0.99511 0.00468 0.00020 0.00001 0.00000 0.00000 0.00000 0.00000 0.00000 0.00000 0.00000 ( 1)  0.051 +-  0.007
 143 F   0.99305 0.00653 0.00039 0.00003 0.00000 0.00000 0.00000 0.00000 0.00000 0.00000 0.00000 ( 1)  0.051 +-  0.009
 144 Q   0.99571 0.00412 0.00016 0.00001 0.00000 0.00000 0.00000 0.00000 0.00000 0.00000 0.00000 ( 1)  0.050 +-  0.007
 145 S   0.98987 0.00925 0.00078 0.00008 0.00001 0.00000 0.00000 0.00000 0.00000 0.00000 0.00000 ( 1)  0.051 +-  0.011
 146 -   0.16104 0.31808 0.30276 0.14695 0.05152 0.01489 0.00375 0.00083 0.00016 0.00002 0.00000 ( 2)  0.217 +-  0.120
 147 -   0.99293 0.00663 0.00041 0.00003 0.00000 0.00000 0.00000 0.00000 0.00000 0.00000 0.00000 ( 1)  0.051 +-  0.009
 148 T   0.98287 0.01569 0.00131 0.00012 0.00001 0.00000 0.00000 0.00000 0.00000 0.00000 0.00000 ( 1)  0.052 +-  0.015
 149 A   0.94969 0.04389 0.00570 0.00064 0.00007 0.00001 0.00000 0.00000 0.00000 0.00000 0.00000 ( 1)  0.056 +-  0.027
 150 K   0.99501 0.00476 0.00021 0.00001 0.00000 0.00000 0.00000 0.00000 0.00000 0.00000 0.00000 ( 1)  0.051 +-  0.008
 151 G   0.99470 0.00503 0.00025 0.00002 0.00000 0.00000 0.00000 0.00000 0.00000 0.00000 0.00000 ( 1)  0.051 +-  0.008
 152 N   0.68108 0.19596 0.08650 0.02713 0.00717 0.00170 0.00037 0.00007 0.00001 0.00000 0.00000 ( 1)  0.099 +-  0.085
 153 E   0.91750 0.07215 0.00934 0.00092 0.00008 0.00001 0.00000 0.00000 0.00000 0.00000 0.00000 ( 1)  0.059 +-  0.033
 154 R   0.99273 0.00679 0.00044 0.00004 0.00000 0.00000 0.00000 0.00000 0.00000 0.00000 0.00000 ( 1)  0.051 +-  0.009
 155 L   0.92380 0.06222 0.01174 0.00191 0.00029 0.00004 0.00001 0.00000 0.00000 0.00000 0.00000 ( 1)  0.059 +-  0.035
 156 E   0.99716 0.00276 0.00007 0.00000 0.00000 0.00000 0.00000 0.00000 0.00000 0.00000 0.00000 ( 1)  0.050 +-  0.006
 157 I   0.97727 0.02032 0.00215 0.00023 0.00003 0.00000 0.00000 0.00000 0.00000 0.00000 0.00000 ( 1)  0.053 +-  0.018
 158 P   0.99295 0.00661 0.00041 0.00003 0.00000 0.00000 0.00000 0.00000 0.00000 0.00000 0.00000 ( 1)  0.051 +-  0.009
 159 I   0.48323 0.29568 0.15589 0.04959 0.01235 0.00265 0.00051 0.00009 0.00001 0.00000 0.00000 ( 1)  0.132 +-  0.099
 160 H   0.99563 0.00420 0.00016 0.00001 0.00000 0.00000 0.00000 0.00000 0.00000 0.00000 0.00000 ( 1)  0.050 +-  0.007
 161 V   0.99419 0.00551 0.00028 0.00002 0.00000 0.00000 0.00000 0.00000 0.00000 0.00000 0.00000 ( 1)  0.051 +-  0.008
 162 L   0.77251 0.16014 0.05202 0.01227 0.00249 0.00046 0.00008 0.00001 0.00000 0.00000 0.00000 ( 1)  0.081 +-  0.066
 163 P   0.99276 0.00678 0.00043 0.00003 0.00000 0.00000 0.00000 0.00000 0.00000 0.00000 0.00000 ( 1)  0.051 +-  0.009
 164 R   0.98115 0.01707 0.00160 0.00016 0.00002 0.00000 0.00000 0.00000 0.00000 0.00000 0.00000 ( 1)  0.052 +-  0.016
 165 E   0.75456 0.19267 0.04504 0.00676 0.00085 0.00010 0.00001 0.00000 0.00000 0.00000 0.00000 ( 1)  0.081 +-  0.060
 166 A   0.98152 0.01681 0.00151 0.00014 0.00001 0.00000 0.00000 0.00000 0.00000 0.00000 0.00000 ( 1)  0.052 +-  0.015
 167 I   0.97511 0.02205 0.00251 0.00029 0.00003 0.00000 0.00000 0.00000 0.00000 0.00000 0.00000 ( 1)  0.053 +-  0.019
 168 S   0.98410 0.01464 0.00115 0.00010 0.00001 0.00000 0.00000 0.00000 0.00000 0.00000 0.00000 ( 1)  0.052 +-  0.014
 169 K   0.98359 0.01511 0.00120 0.00010 0.00001 0.00000 0.00000 0.00000 0.00000 0.00000 0.00000 ( 1)  0.052 +-  0.014
 170 A   0.60742 0.26279 0.10052 0.02382 0.00454 0.00077 0.00012 0.00002 0.00000 0.00000 0.00000 ( 1)  0.106 +-  0.082
 171 C   0.99491 0.00486 0.00022 0.00001 0.00000 0.00000 0.00000 0.00000 0.00000 0.00000 0.00000 ( 1)  0.051 +-  0.008
 172 L   0.99075 0.00850 0.00067 0.00007 0.00001 0.00000 0.00000 0.00000 0.00000 0.00000 0.00000 ( 1)  0.051 +-  0.011
 173 E   0.99702 0.00290 0.00008 0.00000 0.00000 0.00000 0.00000 0.00000 0.00000 0.00000 0.00000 ( 1)  0.050 +-  0.006
 174 S   0.98993 0.00920 0.00078 0.00008 0.00001 0.00000 0.00000 0.00000 0.00000 0.00000 0.00000 ( 1)  0.051 +-  0.011
 175 A   0.99354 0.00609 0.00035 0.00003 0.00000 0.00000 0.00000 0.00000 0.00000 0.00000 0.00000 ( 1)  0.051 +-  0.009
 176 V   0.99500 0.00477 0.00021 0.00001 0.00000 0.00000 0.00000 0.00000 0.00000 0.00000 0.00000 ( 1)  0.051 +-  0.008
 177 E   0.99640 0.00348 0.00012 0.00000 0.00000 0.00000 0.00000 0.00000 0.00000 0.00000 0.00000 ( 1)  0.050 +-  0.006
 178 L   0.98950 0.00955 0.00085 0.00009 0.00001 0.00000 0.00000 0.00000 0.00000 0.00000 0.00000 ( 1)  0.051 +-  0.012
 179 P   0.99400 0.00567 0.00030 0.00002 0.00000 0.00000 0.00000 0.00000 0.00000 0.00000 0.00000 ( 1)  0.051 +-  0.008
 180 R   0.93063 0.05669 0.01050 0.00180 0.00031 0.00005 0.00001 0.00000 0.00000 0.00000 0.00000 ( 1)  0.058 +-  0.034
 181 I   0.99338 0.00623 0.00036 0.00003 0.00000 0.00000 0.00000 0.00000 0.00000 0.00000 0.00000 ( 1)  0.051 +-  0.009
 182 L   0.99143 0.00793 0.00058 0.00005 0.00001 0.00000 0.00000 0.00000 0.00000 0.00000 0.00000 ( 1)  0.051 +-  0.010
 183 C   0.99464 0.00511 0.00024 0.00001 0.00000 0.00000 0.00000 0.00000 0.00000 0.00000 0.00000 ( 1)  0.051 +-  0.008
 184 Q   0.99536 0.00445 0.00019 0.00001 0.00000 0.00000 0.00000 0.00000 0.00000 0.00000 0.00000 ( 1)  0.050 +-  0.007
 185 E   0.99675 0.00315 0.00010 0.00000 0.00000 0.00000 0.00000 0.00000 0.00000 0.00000 0.00000 ( 1)  0.050 +-  0.006
 186 E   0.99678 0.00312 0.00009 0.00000 0.00000 0.00000 0.00000 0.00000 0.00000 0.00000 0.00000 ( 1)  0.050 +-  0.006
 187 Q   0.99578 0.00406 0.00015 0.00001 0.00000 0.00000 0.00000 0.00000 0.00000 0.00000 0.00000 ( 1)  0.050 +-  0.007
 188 D   0.99716 0.00276 0.00007 0.00000 0.00000 0.00000 0.00000 0.00000 0.00000 0.00000 0.00000 ( 1)  0.050 +-  0.006
 189 T   0.99371 0.00594 0.00033 0.00002 0.00000 0.00000 0.00000 0.00000 0.00000 0.00000 0.00000 ( 1)  0.051 +-  0.009
 190 Y   0.99212 0.00734 0.00049 0.00004 0.00000 0.00000 0.00000 0.00000 0.00000 0.00000 0.00000 ( 1)  0.051 +-  0.010
 191 R   0.99369 0.00593 0.00035 0.00003 0.00000 0.00000 0.00000 0.00000 0.00000 0.00000 0.00000 ( 1)  0.051 +-  0.009
 192 K   0.95669 0.03833 0.00447 0.00047 0.00005 0.00000 0.00000 0.00000 0.00000 0.00000 0.00000 ( 1)  0.055 +-  0.024
 193 I   0.99217 0.00730 0.00049 0.00004 0.00000 0.00000 0.00000 0.00000 0.00000 0.00000 0.00000 ( 1)  0.051 +-  0.010
 194 H   0.99658 0.00332 0.00010 0.00000 0.00000 0.00000 0.00000 0.00000 0.00000 0.00000 0.00000 ( 1)  0.050 +-  0.006
 195 A   0.37575 0.37596 0.18739 0.04929 0.00970 0.00163 0.00025 0.00003 0.00000 0.00000 0.00000 ( 2)  0.145 +-  0.094
 196 L   0.98661 0.01188 0.00130 0.00017 0.00003 0.00000 0.00000 0.00000 0.00000 0.00000 0.00000 ( 1)  0.052 +-  0.014
 197 S   0.15104 0.30636 0.30361 0.15561 0.05843 0.01833 0.00507 0.00125 0.00026 0.00003 0.00000 ( 2)  0.225 +-  0.123
 198 H   0.99584 0.00400 0.00015 0.00001 0.00000 0.00000 0.00000 0.00000 0.00000 0.00000 0.00000 ( 1)  0.050 +-  0.007
 199 L   0.99085 0.00842 0.00066 0.00006 0.00001 0.00000 0.00000 0.00000 0.00000 0.00000 0.00000 ( 1)  0.051 +-  0.011
 200 D   0.99654 0.00335 0.00011 0.00000 0.00000 0.00000 0.00000 0.00000 0.00000 0.00000 0.00000 ( 1)  0.050 +-  0.006
 201 P   0.97956 0.01843 0.00180 0.00018 0.00002 0.00000 0.00000 0.00000 0.00000 0.00000 0.00000 ( 1)  0.052 +-  0.016
 202 V   0.93710 0.05297 0.00854 0.00120 0.00016 0.00002 0.00000 0.00000 0.00000 0.00000 0.00000 ( 1)  0.057 +-  0.031
 203 T   0.99281 0.00673 0.00042 0.00003 0.00000 0.00000 0.00000 0.00000 0.00000 0.00000 0.00000 ( 1)  0.051 +-  0.009
 204 R   0.98454 0.01424 0.00112 0.00009 0.00001 0.00000 0.00000 0.00000 0.00000 0.00000 0.00000 ( 1)  0.052 +-  0.014
 205 I   0.99385 0.00581 0.00031 0.00002 0.00000 0.00000 0.00000 0.00000 0.00000 0.00000 0.00000 ( 1)  0.051 +-  0.009
 206 H   0.99642 0.00346 0.00011 0.00000 0.00000 0.00000 0.00000 0.00000 0.00000 0.00000 0.00000 ( 1)  0.050 +-  0.006
 207 N   0.99523 0.00457 0.00020 0.00001 0.00000 0.00000 0.00000 0.00000 0.00000 0.00000 0.00000 ( 1)  0.050 +-  0.007
 208 G   0.99372 0.00592 0.00034 0.00002 0.00000 0.00000 0.00000 0.00000 0.00000 0.00000 0.00000 ( 1)  0.051 +-  0.009
 209 S   0.98829 0.01055 0.00102 0.00012 0.00002 0.00000 0.00000 0.00000 0.00000 0.00000 0.00000 ( 1)  0.051 +-  0.013
 210 V   0.99456 0.00517 0.00025 0.00002 0.00000 0.00000 0.00000 0.00000 0.00000 0.00000 0.00000 ( 1)  0.051 +-  0.008
 211 F   0.99362 0.00602 0.00033 0.00002 0.00000 0.00000 0.00000 0.00000 0.00000 0.00000 0.00000 ( 1)  0.051 +-  0.009
 212 T   0.99131 0.00803 0.00060 0.00005 0.00001 0.00000 0.00000 0.00000 0.00000 0.00000 0.00000 ( 1)  0.051 +-  0.010
 213 K   0.99548 0.00433 0.00018 0.00001 0.00000 0.00000 0.00000 0.00000 0.00000 0.00000 0.00000 ( 1)  0.050 +-  0.007
 214 N   0.99611 0.00375 0.00013 0.00001 0.00000 0.00000 0.00000 0.00000 0.00000 0.00000 0.00000 ( 1)  0.050 +-  0.007
 215 L   0.99103 0.00827 0.00063 0.00006 0.00001 0.00000 0.00000 0.00000 0.00000 0.00000 0.00000 ( 1)  0.051 +-  0.011
 216 C   0.99532 0.00448 0.00019 0.00001 0.00000 0.00000 0.00000 0.00000 0.00000 0.00000 0.00000 ( 1)  0.050 +-  0.007
 217 S   0.99651 0.00338 0.00011 0.00000 0.00000 0.00000 0.00000 0.00000 0.00000 0.00000 0.00000 ( 1)  0.050 +-  0.006
 218 Q   0.99562 0.00421 0.00017 0.00001 0.00000 0.00000 0.00000 0.00000 0.00000 0.00000 0.00000 ( 1)  0.050 +-  0.007
 219 M   0.99719 0.00273 0.00007 0.00000 0.00000 0.00000 0.00000 0.00000 0.00000 0.00000 0.00000 ( 1)  0.050 +-  0.006
 220 S   0.98963 0.00945 0.00082 0.00009 0.00001 0.00000 0.00000 0.00000 0.00000 0.00000 0.00000 ( 1)  0.051 +-  0.012
 221 A   0.99340 0.00621 0.00037 0.00003 0.00000 0.00000 0.00000 0.00000 0.00000 0.00000 0.00000 ( 1)  0.051 +-  0.009
 222 V   0.98111 0.01717 0.00155 0.00015 0.00001 0.00000 0.00000 0.00000 0.00000 0.00000 0.00000 ( 1)  0.052 +-  0.016
 223 S   0.99698 0.00293 0.00008 0.00000 0.00000 0.00000 0.00000 0.00000 0.00000 0.00000 0.00000 ( 1)  0.050 +-  0.006
 224 G   0.99484 0.00491 0.00023 0.00001 0.00000 0.00000 0.00000 0.00000 0.00000 0.00000 0.00000 ( 1)  0.051 +-  0.008
 225 P   0.99386 0.00580 0.00032 0.00002 0.00000 0.00000 0.00000 0.00000 0.00000 0.00000 0.00000 ( 1)  0.051 +-  0.009
 226 L   0.99119 0.00814 0.00061 0.00006 0.00001 0.00000 0.00000 0.00000 0.00000 0.00000 0.00000 ( 1)  0.051 +-  0.011
 227 L   0.98968 0.00940 0.00082 0.00009 0.00001 0.00000 0.00000 0.00000 0.00000 0.00000 0.00000 ( 1)  0.051 +-  0.012
 228 Q   0.99562 0.00421 0.00017 0.00001 0.00000 0.00000 0.00000 0.00000 0.00000 0.00000 0.00000 ( 1)  0.050 +-  0.007
 229 W   0.99560 0.00422 0.00017 0.00001 0.00000 0.00000 0.00000 0.00000 0.00000 0.00000 0.00000 ( 1)  0.050 +-  0.007
 230 L   0.99130 0.00804 0.00060 0.00005 0.00001 0.00000 0.00000 0.00000 0.00000 0.00000 0.00000 ( 1)  0.051 +-  0.010
 231 E   0.99700 0.00291 0.00008 0.00000 0.00000 0.00000 0.00000 0.00000 0.00000 0.00000 0.00000 ( 1)  0.050 +-  0.006
 232 H   0.99021 0.00930 0.00046 0.00002 0.00000 0.00000 0.00000 0.00000 0.00000 0.00000 0.00000 ( 1)  0.051 +-  0.011
 233 R   0.99145 0.00786 0.00061 0.00006 0.00001 0.00000 0.00000 0.00000 0.00000 0.00000 0.00000 ( 1)  0.051 +-  0.010
 234 L   0.99082 0.00845 0.00066 0.00006 0.00001 0.00000 0.00000 0.00000 0.00000 0.00000 0.00000 ( 1)  0.051 +-  0.011
 235 S   0.11701 0.39066 0.33467 0.12148 0.02942 0.00567 0.00094 0.00014 0.00002 0.00000 0.00000 ( 2)  0.208 +-  0.099
 236 H   0.95914 0.03647 0.00398 0.00038 0.00003 0.00000 0.00000 0.00000 0.00000 0.00000 0.00000 ( 1)  0.055 +-  0.023
 237 N   0.99614 0.00373 0.00013 0.00001 0.00000 0.00000 0.00000 0.00000 0.00000 0.00000 0.00000 ( 1)  0.050 +-  0.007
 238 Q   0.00251 0.09604 0.30985 0.30900 0.17648 0.07308 0.02441 0.00685 0.00156 0.00021 0.00001 ( 3)  0.342 +-  0.125
 239 H   0.87321 0.10399 0.01968 0.00274 0.00033 0.00004 0.00000 0.00000 0.00000 0.00000 0.00000 ( 1)  0.065 +-  0.044
 240 C   0.96991 0.02761 0.00229 0.00017 0.00001 0.00000 0.00000 0.00000 0.00000 0.00000 0.00000 ( 1)  0.053 +-  0.019
 241 I   0.19872 0.34465 0.28674 0.12123 0.03693 0.00926 0.00202 0.00039 0.00006 0.00001 0.00000 ( 2)  0.199 +-  0.113
 242 S   0.00000 0.00000 0.00076 0.01243 0.06173 0.15018 0.22465 0.23041 0.16383 0.05964 0.09636 ( 8)  0.776 +-  0.279
 243 E   0.16013 0.41288 0.30020 0.09875 0.02280 0.00437 0.00075 0.00012 0.00002 0.00000 0.00000 ( 2)  0.193 +-  0.099
 244 L   0.99119 0.00813 0.00061 0.00006 0.00001 0.00000 0.00000 0.00000 0.00000 0.00000 0.00000 ( 1)  0.051 +-  0.011
 245 Q   0.98646 0.01264 0.00084 0.00006 0.00000 0.00000 0.00000 0.00000 0.00000 0.00000 0.00000 ( 1)  0.051 +-  0.013
 246 R   0.08081 0.26229 0.33102 0.19913 0.08477 0.02970 0.00912 0.00249 0.00058 0.00008 0.00001 ( 3)  0.259 +-  0.127
 247 E   0.99085 0.00872 0.00041 0.00002 0.00000 0.00000 0.00000 0.00000 0.00000 0.00000 0.00000 ( 1)  0.051 +-  0.010
 248 R   0.98539 0.01356 0.00097 0.00007 0.00001 0.00000 0.00000 0.00000 0.00000 0.00000 0.00000 ( 1)  0.052 +-  0.013
 249 Q   0.99023 0.00928 0.00046 0.00002 0.00000 0.00000 0.00000 0.00000 0.00000 0.00000 0.00000 ( 1)  0.051 +-  0.011
 250 Q   0.00024 0.01861 0.11809 0.22535 0.24203 0.18619 0.11450 0.05865 0.02425 0.00581 0.00627 ( 5)  0.477 +-  0.180
 251 L   0.99113 0.00819 0.00062 0.00006 0.00001 0.00000 0.00000 0.00000 0.00000 0.00000 0.00000 ( 1)  0.051 +-  0.011
 252 R   0.00000 0.00125 0.02833 0.11786 0.21566 0.24232 0.19495 0.11997 0.05558 0.01407 0.01001 ( 6)  0.571 +-  0.180
 253 E   0.07205 0.30591 0.35549 0.18113 0.06273 0.01744 0.00418 0.00088 0.00016 0.00002 0.00000 ( 3)  0.243 +-  0.113
 254 E   0.99039 0.00913 0.00045 0.00002 0.00000 0.00000 0.00000 0.00000 0.00000 0.00000 0.00000 ( 1)  0.051 +-  0.011
 255 L   0.99096 0.00833 0.00064 0.00006 0.00001 0.00000 0.00000 0.00000 0.00000 0.00000 0.00000 ( 1)  0.051 +-  0.011

Positively selected sites

	Prob(w>1)  mean w


