

TREE # 1

  0  0.0000   8607.456781  x:  0.09938   0.10940   0.01058   0.03540   0.01235   0.01965   0.05214   0.07960   0.08140   0.09840   0.08039   0.07904   0.04634   0.10294   0.06086   0.08808   0.06998   0.10018   0.07697   0.01886   0.03253   0.09263   0.02872   0.07570   0.02941   0.02023   0.02145   0.04259   0.01467   0.08619   0.07447   0.10955   0.10725   0.03042   0.05417   0.09899   0.05214   0.04895   0.01135   0.02783   0.10377   0.03280   0.07744   0.01642   2.00000   0.90000   0.83698   1.64749   2.39258  
  1 99.0000   7592.774320  x:  0.11306   0.11498   0.10969   0.07082   0.07120   0.04708   0.04920   0.11406   0.08714   0.10393   0.08891   0.08695   0.07898   0.10477   0.05664   0.09941   0.09577   0.09774   0.07170   0.06566   0.05259   0.09953   0.07359   0.07237   0.10522   0.04502   0.19000   0.07579   0.05479   0.10864   0.08522   0.11996   0.11593   0.06951   0.07968   0.10026   0.08111   0.06552   0.11455   0.08166   0.12171   0.07840   0.11059   0.03010   2.00083   0.99999   0.82156   1.65482   2.38830  
  2 7382.7191   6888.124659  x:  0.29533   0.18893   1.41122   0.53838   0.84365   0.40887   0.00951   0.57115   0.16368   0.17736   0.20078   0.19081   0.51287   0.12862   0.00000   0.25077   0.43958   0.06521   0.00090   0.68170   0.31798   0.19171   0.66562   0.02760   1.10354   0.37117   2.40242   0.51602   0.58342   0.40789   0.22878   0.25870   0.23159   0.58713   0.41885   0.11706   0.46630   0.28540   1.46769   0.79019   0.36125   0.68225   0.55235   0.21237   2.01172   0.80275   0.61238   1.75389   2.33227  
  3 48016.9201   6881.436038  x:  0.29617   0.18906   1.41106   0.53776   0.84279   0.40802   0.00812   0.57218   0.16402   0.17728   0.19989   0.18998   0.51394   0.12781   0.00000   0.25269   0.44080   0.06677   0.00000   0.68091   0.31768   0.19258   0.66526   0.02742   1.10330   0.37021   2.40256   0.51650   0.58316   0.40951   0.22947   0.25935   0.23216   0.58768   0.41946   0.11679   0.46695   0.28503   1.46693   0.78961   0.36271   0.68308   0.55435   0.21321   2.01117   0.80279   0.60134   1.75578   2.33209  
  4 534.1944   6858.106647  x:  0.29824   0.18988   1.41229   0.53187   0.83528   0.40258   0.00000   0.58120   0.16235   0.17488   0.19067   0.18209   0.52141   0.11409   0.00000   0.23504   0.44632   0.01978   0.00000   0.67424   0.31400   0.18922   0.66177   0.02271   1.10267   0.35852   2.40898   0.52094   0.58088   0.41648   0.22985   0.26090   0.23271   0.59196   0.42273   0.11243   0.47188   0.28174   1.46063   0.78428   0.36851   0.68987   0.56378   0.21528   1.99910   0.80294   0.54567   1.73080   2.32933  
  5 439.3499   6754.877699  x:  0.29357   0.19392   1.43520   0.48350   0.77597   0.36929   0.00000   0.65231   0.13147   0.14752   0.11159   0.11845   0.58198   0.00000   0.00000   0.05064   0.45995   0.05357   0.00000   0.62401   0.29294   0.13175   0.63350   0.04017   1.10815   0.27047   2.48617   0.56137   0.56161   0.44268   0.21075   0.25608   0.21873   0.62422   0.44045   0.06931   0.50797   0.25560   1.41293   0.74124   0.38533   0.74285   0.60546   0.21061   1.87358   0.80288   0.25653   1.35563   2.29221  
  6 457.7507   6702.808733  x:  0.28860   0.19551   1.44902   0.45401   0.73977   0.35032   0.00000   0.69309   0.11160   0.13197   0.06615   0.08239   0.61533   0.00000   0.03681   0.04749   0.46725   0.05761   0.00000   0.59383   0.28162   0.10207   0.61644   0.04812   1.11096   0.21701   2.53298   0.58469   0.54978   0.45409   0.19658   0.25075   0.20803   0.64213   0.44925   0.04278   0.52800   0.24000   1.38316   0.71476   0.39098   0.77289   0.62483   0.20563   1.79587   0.80285   0.10538   1.10620   2.26692  
  7 1802.9286   6680.275460  x:  0.30283   0.19799   1.45218   0.42630   0.70458   0.32296   0.00000   0.73057   0.11057   0.12450   0.02932   0.05324   0.64754   0.00000   0.00000   0.05813   0.49532   0.05987   0.00000   0.56320   0.27001   0.12449   0.60099   0.04364   1.10630   0.17253   2.55869   0.60335   0.53754   0.49088   0.20345   0.26013   0.21331   0.65990   0.46358   0.02374   0.54801   0.22418   1.35331   0.68973   0.42084   0.80157   0.67200   0.21986   1.74915   0.80340   0.09569   1.01363   2.25299  
  8 299.2187   6658.170749  x:  0.32401   0.20034   1.45394   0.39030   0.65793   0.28698   0.00000   0.77962   0.11176   0.12019   0.00000   0.03300   0.69022   0.00000   0.04075   0.05015   0.53058   0.06547   0.00000   0.52294   0.25267   0.14498   0.57983   0.04293   1.09841   0.12276   2.58875   0.62829   0.52231   0.54316   0.21532   0.27437   0.22268   0.68312   0.48438   0.00076   0.57493   0.20404   1.31309   0.65699   0.46437   0.83901   0.73905   0.24104   1.69608   0.80421   0.10590   0.94032   2.23773  
  9 660.1715   6657.395229  x:  0.32452   0.20025   1.45393   0.38902   0.65615   0.28605   0.00000   0.78130   0.11166   0.12055   0.00191   0.03471   0.69155   0.00000   0.04084   0.05018   0.53165   0.06552   0.00000   0.52163   0.25202   0.14472   0.57899   0.04359   1.09809   0.12192   2.58986   0.62926   0.52180   0.54473   0.21547   0.27463   0.22279   0.68385   0.48514   0.00000   0.57586   0.20346   1.31142   0.65576   0.46564   0.84025   0.74112   0.24154   1.69440   0.80424   0.10593   0.93815   2.23710  
 10 325.3971   6656.240440  x:  0.32453   0.19912   1.45391   0.38641   0.65168   0.28622   0.00000   0.78533   0.11028   0.12162   0.00000   0.03592   0.69373   0.00000   0.04024   0.05104   0.53299   0.06505   0.00000   0.51923   0.25083   0.14027   0.57696   0.04856   1.09736   0.12569   2.59342   0.63098   0.52066   0.54666   0.21439   0.27401   0.22195   0.68526   0.48726   0.00000   0.57811   0.20311   1.30656   0.65286   0.46727   0.84293   0.74461   0.24156   1.69186   0.80428   0.10635   0.93722   2.23547  
 11 146.3738   6643.348937  x:  0.30028   0.14661   1.45785   0.33508   0.53483   0.33685   0.00000   0.87921   0.05540   0.14840   0.02475   0.00000   0.71213   0.00000   0.04102   0.05243   0.52078   0.06752   0.00000   0.47282   0.26654   0.17309   0.54054   0.01921   1.07864   0.20384   2.71830   0.66144   0.49723   0.54482   0.15480   0.22571   0.17181   0.70692   0.53250   0.00000   0.62349   0.21906   1.16001   0.57859   0.46371   0.90040   0.78422   0.21731   1.66054   0.80482   0.10782   0.95471   2.18678  
 12 104.8813   6638.217737  x:  0.28921   0.12207   1.45980   0.31251   0.48147   0.36067   0.00000   0.92216   0.03049   0.15795   0.02033   0.00699   0.71927   0.00000   0.04168   0.05225   0.51399   0.06919   0.00000   0.45190   0.27519   0.19416   0.52458   0.00000   1.07006   0.23697   2.77673   0.67388   0.48628   0.54240   0.12711   0.20303   0.14843   0.71638   0.55257   0.00000   0.64364   0.22715   1.09196   0.54453   0.46091   0.92649   0.80101   0.20624   1.64700   0.80505   0.10776   0.96287   2.16425  
 13 1559.2409   6638.217737  x:  0.28921   0.12207   1.45980   0.31251   0.48147   0.36067   0.00000   0.92216   0.03049   0.15795   0.02033   0.00699   0.71927   0.00000   0.04168   0.05225   0.51399   0.06919   0.00000   0.45190   0.27519   0.19416   0.52458   0.00000   1.07006   0.23697   2.77673   0.67388   0.48628   0.54240   0.12711   0.20303   0.14843   0.71638   0.55257   0.00000   0.64364   0.22715   1.09196   0.54453   0.46091   0.92649   0.80101   0.20624   1.64700   0.80505   0.10776   0.96287   2.16425  
 14 104.1212   6590.808061  x:  0.29576   0.12220   1.45756   0.31049   0.47721   0.35383   0.00000   0.92519   0.03942   0.15974   0.02603   0.03103   0.72124   0.00000   0.05064   0.14659   0.52129   0.09056   0.00000   0.44879   0.27290   0.20028   0.52248   0.00552   1.06754   0.23188   2.77638   0.67466   0.48427   0.55031   0.13238   0.20696   0.15251   0.71715   0.55317   0.00000   0.64416   0.22516   1.08568   0.54064   0.46715   0.92861   0.80885   0.21279   1.64643   0.89090   0.10662   0.96946   2.16088  
 15 739.0700   6581.378480  x:  0.30068   0.12082   1.45419   0.30550   0.47025   0.34302   0.00000   0.92733   0.04459   0.15762   0.02474   0.03676   0.72130   0.00000   0.04706   0.19117   0.52556   0.10079   0.00000   0.44255   0.26756   0.20314   0.51773   0.00389   1.06298   0.22259   2.77590   0.67309   0.47997   0.55647   0.13552   0.20905   0.15438   0.71638   0.55131   0.00000   0.64263   0.22082   1.07707   0.53399   0.47192   0.92941   0.81569   0.21771   1.64393   0.88130   0.14969   0.97273   2.16412  
 16 422.7450   6571.495627  x:  0.30901   0.11796   1.44794   0.29662   0.45773   0.32381   0.00000   0.93116   0.05130   0.15260   0.01972   0.03442   0.72142   0.00000   0.03112   0.22256   0.53166   0.10910   0.00000   0.43141   0.25796   0.20754   0.50918   0.00000   1.05454   0.20579   2.77491   0.67001   0.47192   0.56696   0.14053   0.21238   0.15720   0.71486   0.54797   0.00000   0.63990   0.21307   1.06121   0.52189   0.48032   0.93072   0.82782   0.22604   1.63914   0.86027   0.13407   0.97927   2.17155  
 17 247.7084   6561.323863  x:  0.32127   0.11350   1.43780   0.28447   0.43891   0.29606   0.00000   0.93763   0.05892   0.14530   0.01540   0.02532   0.72258   0.00000   0.00000   0.22269   0.54004   0.11252   0.00000   0.41583   0.24383   0.21494   0.49652   0.00199   1.04142   0.18313   2.77334   0.66605   0.46018   0.58300   0.14758   0.21735   0.16171   0.71288   0.54379   0.00000   0.63658   0.20259   1.03551   0.50341   0.49373   0.93316   0.84717   0.23829   1.63237   0.86914   0.13666   0.99330   2.18289  
 18 291.8578   6531.320114  x:  0.36994   0.06916   1.35350   0.20766   0.30594   0.12919   0.00000   0.97765   0.04930   0.11165   0.12304   0.14853   0.72340   0.00000   0.00000   0.20461   0.58160   0.12173   0.00000   0.31132   0.15325   0.23748   0.39820   0.08595   0.93368   0.06542   2.75941   0.63562   0.37698   0.66961   0.15985   0.22480   0.16774   0.68780   0.50852   0.00000   0.60879   0.13434   0.82870   0.36559   0.56811   0.93897   0.96578   0.28697   1.58505   0.89336   0.14098   1.10203   2.27289  
 19 444.7708   6511.117513  x:  0.37201   0.02353   1.26116   0.19805   0.22763   0.21011   0.00000   1.00651   0.00000   0.08363   0.11711   0.15133   0.70809   0.00000   0.00000   0.23261   0.58841   0.09802   0.00000   0.24809   0.14290   0.23125   0.32229   0.09252   0.82253   0.06358   2.74171   0.58770   0.30849   0.71048   0.12744   0.19682   0.14155   0.65088   0.47912   0.00000   0.58604   0.11622   0.61752   0.26192   0.60360   0.92927   1.04276   0.28904   1.55563   0.91734   0.14458   1.21176   2.35768  
 20 147.1987   6504.451605  x:  0.36789   0.00000   1.20681   0.20032   0.19012   0.24794   0.00000   1.02188   0.03567   0.07260   0.11635   0.15884   0.69734   0.00000   0.00000   0.24429   0.58709   0.08443   0.00000   0.21975   0.14257   0.22378   0.28369   0.09551   0.75860   0.07052   2.73109   0.55995   0.27238   0.72866   0.10402   0.17691   0.12318   0.62795   0.46280   0.00000   0.57320   0.11269   0.49709   0.20986   0.61890   0.92150   1.08139   0.28492   1.54095   0.92856   0.14626   1.27429   2.40556  
 21 741.5898   6488.912989  x:  0.34569   0.03665   1.06902   0.25976   0.16290   0.17820   0.00000   1.05040   0.02598   0.08219   0.08641   0.16009   0.65959   0.00000   0.00000   0.26966   0.55343   0.09192   0.00000   0.22241   0.16270   0.19783   0.25229   0.06450   0.61133   0.08490   2.70311   0.49663   0.21408   0.74017   0.04078   0.12188   0.07410   0.56463   0.43084   0.00000   0.54459   0.15764   0.24195   0.18017   0.63069   0.89298   1.14510   0.26271   1.52493   0.95478   0.14983   1.41791   2.50966  
 22 191.9263   6482.176346  x:  0.33590   0.00000   0.96962   0.25946   0.12704   0.15785   0.00000   1.05998   0.02310   0.08855   0.06007   0.16654   0.62622   0.00000   0.00000   0.28515   0.51928   0.06827   0.00000   0.21514   0.13634   0.19052   0.25826   0.05799   0.53125   0.07365   2.68347   0.46078   0.19926   0.72837   0.01254   0.10533   0.06491   0.52190   0.40534   0.00000   0.51417   0.15933   0.21078   0.23655   0.62703   0.87025   1.17063   0.25293   1.52729   0.96755   0.15119   1.51292   2.56338  
 23 94.1055   6480.521373  x:  0.33350   0.00710   0.92178   0.25681   0.11387   0.15536   0.03134   1.06395   0.02358   0.08784   0.04776   0.17008   0.61008   0.00000   0.00000   0.28922   0.50209   0.06887   0.00000   0.20969   0.12757   0.18788   0.25771   0.06194   0.49916   0.07295   2.67390   0.44529   0.19391   0.72031   0.00538   0.10308   0.06584   0.50204   0.39294   0.00000   0.49783   0.15444   0.20909   0.24907   0.62406   0.85868   1.18075   0.25052   1.53006   0.97148   0.15150   1.55821   2.58599  
 24 213.6933   6476.561294  x:  0.33157   0.02592   0.85132   0.25105   0.09744   0.15256   0.02392   1.06876   0.02466   0.08441   0.02987   0.17507   0.58681   0.00000   0.00000   0.29287   0.47678   0.07689   0.00000   0.20183   0.12279   0.18485   0.25411   0.07076   0.45999   0.07770   2.65974   0.42502   0.18855   0.70594   0.00000   0.10438   0.07144   0.47386   0.37603   0.00000   0.47353   0.14463   0.21579   0.25267   0.61829   0.84108   1.19307   0.24860   1.53557   0.97559   0.15170   1.62494   2.61516  
 25 220.2690   6469.526564  x:  0.33063   0.02317   0.66955   0.25439   0.11737   0.13207   0.02262   1.07164   0.02302   0.07694   0.00000   0.19732   0.53015   0.00000   0.00000   0.30131   0.42249   0.05917   0.00000   0.18662   0.13537   0.17585   0.23727   0.04103   0.41034   0.05410   2.62309   0.39163   0.18548   0.65953   0.00029   0.12026   0.09121   0.40683   0.34473   0.00000   0.41804   0.12494   0.23731   0.20320   0.59624   0.79160   1.21008   0.24765   1.55513   0.98787   0.15315   1.79109   2.67462  
 26 177.3520   6464.314895  x:  0.33482   0.00000   0.54216   0.23856   0.13006   0.10994   0.02733   1.06738   0.01980   0.07079   0.00000   0.15824   0.49803   0.00000   0.00000   0.31323   0.39949   0.06755   0.00000   0.18925   0.12099   0.17254   0.22787   0.04092   0.41323   0.08241   2.59684   0.37890   0.18303   0.62730   0.00369   0.13053   0.09804   0.36358   0.33377   0.00000   0.39208   0.12788   0.23744   0.17623   0.57980   0.75296   1.21495   0.25185   1.57024   0.99005   0.15274   1.90515   2.70434  
 27 141.1862   6456.932479  x:  0.33930   0.02727   0.38192   0.19008   0.13299   0.11024   0.02434   1.05389   0.02235   0.06684   0.00000   0.06830   0.46526   0.00000   0.00000   0.33714   0.38971   0.05278   0.00000   0.19019   0.08214   0.16645   0.22066   0.01819   0.44610   0.07939   2.56074   0.37461   0.17732   0.58502   0.00643   0.13660   0.09322   0.31262   0.32997   0.00000   0.37505   0.14657   0.21939   0.17653   0.55683   0.69567   1.21068   0.25633   1.58746   0.99280   0.15231   2.04813   2.73776  
 28 224.9178   6456.141478  x:  0.33975   0.02842   0.36188   0.18310   0.13332   0.11134   0.02422   1.05097   0.02275   0.06728   0.00000   0.05273   0.46169   0.00000   0.00000   0.34007   0.38950   0.05625   0.01349   0.18966   0.08414   0.16565   0.22013   0.01793   0.45077   0.07459   2.55538   0.37474   0.17645   0.57891   0.00681   0.13701   0.09191   0.30658   0.32928   0.00000   0.37332   0.14803   0.21658   0.17917   0.55354   0.68691   1.20856   0.25677   1.58884   0.99302   0.15224   2.06580   2.74349  
 29 228.0360   6455.087085  x:  0.33998   0.02468   0.34778   0.17722   0.13418   0.11440   0.02449   1.04552   0.02322   0.07068   0.00000   0.03178   0.46064   0.00000   0.00000   0.34210   0.39201   0.07061   0.00665   0.18564   0.09835   0.16448   0.22031   0.02206   0.45507   0.06279   2.54890   0.37660   0.17583   0.57213   0.00774   0.13685   0.08975   0.30327   0.32807   0.00000   0.37292   0.14650   0.21331   0.18706   0.55013   0.67606   1.20259   0.25701   1.58765   0.99313   0.15218   2.07859   2.75220  
 30 94.5469   6454.750817  x:  0.34083   0.02372   0.34367   0.17530   0.13449   0.11521   0.02453   1.04235   0.02338   0.07289   0.01449   0.02545   0.46085   0.00000   0.00000   0.34279   0.39413   0.07521   0.00481   0.18411   0.10248   0.16412   0.22004   0.02144   0.45633   0.06102   2.54537   0.37780   0.17570   0.56923   0.00948   0.13744   0.08951   0.30279   0.32721   0.00000   0.37280   0.14435   0.21206   0.19038   0.54896   0.67050   1.19901   0.25786   1.58609   0.99344   0.15223   2.08307   2.75767  
 31 72.6563   6454.259933  x:  0.34497   0.02560   0.35025   0.17973   0.13770   0.11281   0.02407   1.03184   0.02351   0.07513   0.01688   0.01436   0.46531   0.00000   0.00000   0.34761   0.40266   0.06970   0.00482   0.18268   0.10503   0.16385   0.21904   0.02068   0.45321   0.06992   2.53440   0.37996   0.17369   0.56341   0.01872   0.14124   0.09282   0.30837   0.32411   0.00000   0.37333   0.13235   0.21225   0.19681   0.54818   0.65552   1.18531   0.26200   1.57672   0.99464   0.15242   2.08419   2.77727  
 32 26.3577   6453.782603  x:  0.35403   0.02473   0.33952   0.18005   0.13976   0.11720   0.02302   1.01403   0.02427   0.07405   0.01341   0.01852   0.46860   0.00000   0.00000   0.34724   0.41070   0.07950   0.00511   0.18890   0.09724   0.16736   0.22110   0.01338   0.45446   0.06996   2.51099   0.38295   0.17124   0.55258   0.03069   0.14476   0.09682   0.31145   0.32400   0.00000   0.37579   0.13034   0.20867   0.20026   0.54566   0.62634   1.16347   0.27106   1.56547   0.99644   0.15280   2.10620   2.80977  
 33 32.1069   6453.407456  x:  0.36280   0.02578   0.32400   0.18168   0.14297   0.11887   0.02231   0.99715   0.02471   0.07384   0.01365   0.02082   0.46984   0.00000   0.00000   0.35056   0.41544   0.07564   0.00457   0.19492   0.09427   0.17011   0.22326   0.02420   0.45603   0.06418   2.48602   0.38464   0.17120   0.54332   0.04032   0.14658   0.10054   0.31266   0.32546   0.00000   0.37798   0.13378   0.20546   0.19907   0.54337   0.59822   1.14297   0.27983   1.55669   0.99662   0.15278   2.13541   2.84034  
 34 79.1846   6453.057592  x:  0.36981   0.02672   0.31784   0.17516   0.13129   0.11370   0.02400   0.98044   0.02431   0.07590   0.01186   0.02450   0.47434   0.00000   0.00000   0.35220   0.41666   0.06988   0.00411   0.19074   0.10531   0.17064   0.22196   0.02248   0.45961   0.06814   2.45619   0.38629   0.17593   0.54260   0.04420   0.14228   0.10241   0.31736   0.33066   0.00000   0.38291   0.14157   0.20839   0.19636   0.54445   0.57614   1.12098   0.28684   1.54972   0.99688   0.15282   2.17036   2.86635  
 35 34.3727   6452.425905  x:  0.37447   0.02679   0.33762   0.18893   0.12744   0.10968   0.02382   0.94990   0.02400   0.07353   0.01272   0.02161   0.48633   0.00000   0.00000   0.35216   0.40843   0.07502   0.00582   0.17723   0.09604   0.16012   0.21565   0.02305   0.46151   0.06416   2.38689   0.38816   0.18264   0.55829   0.04206   0.12368   0.10225   0.33324   0.33821   0.00000   0.39025   0.14491   0.21799   0.19165   0.55171   0.55414   1.07427   0.29149   1.54131   0.99612   0.15240   2.24507   2.90864  
 36 30.8064   6451.761159  x:  0.37531   0.02729   0.36974   0.18716   0.12705   0.10853   0.02439   0.91859   0.02410   0.06585   0.01408   0.02192   0.49311   0.00000   0.00000   0.35016   0.40299   0.07518   0.00474   0.19443   0.10010   0.17524   0.22247   0.02239   0.46535   0.06178   2.29967   0.38935   0.17879   0.58146   0.04650   0.10958   0.10218   0.34799   0.33563   0.00000   0.39036   0.13039   0.21704   0.19187   0.55919   0.55162   1.02471   0.29234   1.53636   0.99260   0.15172   2.33124   2.95245  
 37 46.1956   6451.207034  x:  0.36899   0.02857   0.38350   0.16918   0.13998   0.10708   0.02385   0.89517   0.02408   0.08540   0.01103   0.02509   0.48453   0.00000   0.00000   0.34793   0.41042   0.07685   0.00528   0.19334   0.09914   0.16518   0.22034   0.02303   0.47285   0.06135   2.20546   0.38839   0.17996   0.59342   0.06072   0.11222   0.10360   0.34877   0.32706   0.00000   0.38499   0.12506   0.21224   0.19387   0.55610   0.57248   0.98816   0.28601   1.53523   0.99180   0.15133   2.40628   3.00621  
 38 36.3908   6450.738711  x:  0.35834   0.02947   0.39332   0.16263   0.14705   0.10213   0.02346   0.87990   0.02423   0.06764   0.01183   0.02759   0.47687   0.00000   0.00000   0.34701   0.42332   0.07756   0.00521   0.18443   0.10124   0.16436   0.21896   0.02426   0.48092   0.06174   2.11740   0.38933   0.17246   0.59453   0.06843   0.11514   0.10138   0.34621   0.32615   0.00000   0.38565   0.13319   0.21602   0.19750   0.54775   0.60023   0.96340   0.27536   1.53397   0.99265   0.15107   2.45214   3.05765  
 39 43.9924   6450.125685  x:  0.34598   0.02991   0.40537   0.17677   0.12987   0.10108   0.02352   0.86904   0.02442   0.07519   0.01233   0.02271   0.47855   0.00000   0.00000   0.34498   0.43821   0.08091   0.00528   0.19051   0.09588   0.18249   0.22254   0.02502   0.48852   0.05800   1.97847   0.39553   0.18673   0.58748   0.06807   0.11621   0.09725   0.34285   0.33673   0.00000   0.39348   0.13638   0.22679   0.18582   0.53502   0.64320   0.94662   0.26300   1.53075   0.99228   0.15049   2.48447   3.13054  
 40 33.3032   6449.156088  x:  0.35640   0.03162   0.40586   0.20253   0.11666   0.10758   0.02295   0.87000   0.02546   0.07210   0.01235   0.02609   0.50414   0.00000   0.00000   0.33555   0.44443   0.08170   0.00435   0.20966   0.10516   0.16443   0.22398   0.02551   0.50443   0.05987   1.74153   0.41005   0.19399   0.58045   0.07152   0.12518   0.10358   0.34675   0.35865   0.00000   0.41115   0.12634   0.23149   0.19922   0.53407   0.69284   0.95782   0.27342   1.52916   0.98731   0.14944   2.52159   3.22893  
 41 41.5476   6448.494752  x:  0.36270   0.03478   0.40456   0.20139   0.13566   0.11149   0.02097   0.87800   0.02605   0.07869   0.01182   0.02915   0.51968   0.00000   0.00000   0.32787   0.43432   0.08209   0.00489   0.19609   0.10688   0.18160   0.23336   0.02639   0.51184   0.06597   1.56814   0.41346   0.19509   0.57780   0.06347   0.12133   0.10226   0.35459   0.36469   0.00000   0.41926   0.12488   0.23334   0.20697   0.53849   0.70321   0.97349   0.27972   1.52831   0.98489   0.14871   2.53452   3.29661  
 42 52.8637   6447.961256  x:  0.35781   0.03425   0.41025   0.17943   0.14323   0.10862   0.02005   0.88794   0.02567   0.07532   0.01316   0.02488   0.51928   0.00000   0.00000   0.32357   0.42011   0.08232   0.00378   0.20955   0.10461   0.17188   0.23061   0.02627   0.51219   0.06254   1.42592   0.40909   0.19426   0.57397   0.05043   0.11248   0.09920   0.36392   0.35816   0.00000   0.41641   0.12676   0.24085   0.19745   0.54004   0.69021   0.98169   0.27483   1.52833   0.98867   0.14829   2.52877   3.35304  
 43 41.0084   6447.442716  x:  0.35123   0.03282   0.41331   0.18774   0.12708   0.10529   0.01968   0.89524   0.02488   0.07241   0.01299   0.02473   0.48859   0.00000   0.00000   0.31050   0.42632   0.08216   0.00404   0.20255   0.10269   0.17270   0.21630   0.02592   0.50970   0.05885   1.29717   0.40013   0.19469   0.56567   0.05734   0.11856   0.10214   0.35778   0.33522   0.00000   0.39560   0.13115   0.22780   0.19848   0.53170   0.64934   0.97578   0.26825   1.53511   0.99127   0.14725   2.51955   3.38270  
 44 15.8769   6447.175665  x:  0.34698   0.03230   0.39984   0.18536   0.11910   0.09993   0.01951   0.88725   0.02413   0.07247   0.01300   0.02390   0.48143   0.00000   0.00000   0.30272   0.42757   0.08087   0.00431   0.19237   0.09976   0.16330   0.22956   0.02535   0.49786   0.05694   1.24406   0.39350   0.18133   0.55901   0.05902   0.11836   0.09494   0.34260   0.33471   0.00000   0.38775   0.11914   0.22072   0.18861   0.52000   0.63161   0.96193   0.26400   1.53200   0.99472   0.14673   2.51124   3.39676  
 45 13.7829   6446.715240  x:  0.34350   0.03161   0.37009   0.17445   0.11861   0.09248   0.01871   0.85856   0.02292   0.07510   0.01326   0.02177   0.47845   0.00000   0.00000   0.28761   0.41980   0.07899   0.00408   0.18835   0.09559   0.16446   0.20196   0.02452   0.45988   0.05312   1.17419   0.37757   0.16130   0.55073   0.06232   0.11700   0.08704   0.31384   0.33962   0.00000   0.38336   0.11012   0.21389   0.18405   0.50184   0.61546   0.93109   0.26051   1.51525   0.99999   0.14561   2.48687   3.42216  
 46 17.9557   6446.500327  x:  0.34393   0.03076   0.36371   0.16929   0.11890   0.09329   0.01817   0.84220   0.02273   0.07089   0.01419   0.01942   0.47476   0.00000   0.00000   0.27953   0.41582   0.07929   0.00399   0.18651   0.09403   0.16180   0.20560   0.02402   0.43770   0.05271   1.15385   0.36976   0.16673   0.55137   0.06626   0.11831   0.09444   0.30873   0.33440   0.00000   0.38148   0.11822   0.20835   0.18067   0.50198   0.61469   0.91906   0.26095   1.50189   0.99999   0.14496   2.46728   3.43724  
 47 13.2020   6446.169274  x:  0.33972   0.03259   0.34881   0.17572   0.12039   0.09470   0.01651   0.83276   0.02264   0.07633   0.01395   0.01958   0.45692   0.00000   0.00000   0.26869   0.42857   0.07961   0.00349   0.19001   0.09599   0.15892   0.20730   0.02308   0.43138   0.05504   1.15764   0.36930   0.15497   0.56680   0.06328   0.10935   0.08916   0.30578   0.32637   0.00000   0.37186   0.12348   0.22083   0.17910   0.51515   0.60351   0.92164   0.25674   1.49104   0.99999   0.14428   2.44984   3.47655  
 48  6.0700   6445.699232  x:  0.32260   0.03402   0.33653   0.17301   0.12063   0.09079   0.01445   0.83691   0.02230   0.07102   0.01297   0.02100   0.44538   0.00000   0.00000   0.25599   0.41467   0.07869   0.00326   0.18574   0.09544   0.15780   0.20031   0.02317   0.43058   0.05462   1.17713   0.36205   0.16243   0.56264   0.06704   0.11291   0.08389   0.29803   0.33586   0.00000   0.36160   0.10792   0.21443   0.18197   0.51222   0.57587   0.92379   0.23961   1.50621   0.99999   0.14328   2.43722   3.54643  
 49  9.9904   6445.334483  x:  0.31440   0.03276   0.35305   0.17305   0.11898   0.09285   0.01315   0.85885   0.02240   0.07781   0.01354   0.02003   0.44724   0.00000   0.00000   0.24792   0.40723   0.07926   0.00308   0.18657   0.09593   0.15780   0.20468   0.02330   0.42150   0.05430   1.20813   0.35775   0.14822   0.55986   0.07665   0.12549   0.08785   0.29698   0.34589   0.00000   0.36365   0.11784   0.21794   0.18115   0.50386   0.55594   0.93036   0.23141   1.53232   0.99999   0.14263   2.43011   3.59347  
 50 21.1253   6445.153400  x:  0.32194   0.03288   0.35786   0.16996   0.12161   0.09212   0.01232   0.87897   0.02233   0.07664   0.01314   0.02030   0.45488   0.00000   0.00000   0.24399   0.41482   0.07884   0.00308   0.18649   0.09595   0.15664   0.20374   0.02321   0.41260   0.05416   1.22263   0.36191   0.15101   0.55105   0.06845   0.12223   0.08424   0.29063   0.33031   0.00000   0.36681   0.11858   0.21989   0.17959   0.48775   0.54966   0.92633   0.23895   1.54580   0.99999   0.14239   2.43169   3.61196  
 51  8.5929   6445.039169  x:  0.32618   0.03331   0.35386   0.16917   0.12161   0.09110   0.01188   0.89825   0.02224   0.07877   0.01321   0.02034   0.45140   0.00000   0.00000   0.24245   0.41713   0.07864   0.00311   0.18525   0.09572   0.15707   0.20266   0.02323   0.41213   0.05371   1.22954   0.35947   0.14564   0.54252   0.05429   0.11939   0.09833   0.30041   0.33046   0.00000   0.36408   0.11607   0.21790   0.18031   0.47951   0.55224   0.91239   0.24319   1.54504   0.99999   0.14241   2.43075   3.61575  
 52  4.8373   6444.818245  x:  0.33532   0.03357   0.35319   0.17068   0.12415   0.09301   0.01077   0.94449   0.02228   0.07746   0.01357   0.02093   0.44217   0.00000   0.00000   0.24194   0.41358   0.07895   0.00291   0.18684   0.09716   0.15735   0.20582   0.02342   0.40899   0.05459   1.24211   0.35392   0.15327   0.54661   0.05327   0.12862   0.08582   0.31028   0.34013   0.00000   0.36057   0.11658   0.22061   0.18456   0.47782   0.55793   0.88575   0.25233   1.52793   0.99999   0.14296   2.42473   3.60663  
 53  4.8947   6444.555214  x:  0.32693   0.03409   0.34131   0.17527   0.12057   0.09223   0.00975   0.97443   0.02221   0.07891   0.01328   0.02123   0.45284   0.00000   0.00000   0.24336   0.39521   0.07746   0.00295   0.18573   0.09742   0.15838   0.20661   0.02381   0.41174   0.05418   1.24906   0.36814   0.15112   0.54535   0.05770   0.13859   0.08868   0.30420   0.32285   0.00000   0.36435   0.11832   0.22210   0.18736   0.49030   0.56064   0.86158   0.24394   1.51165   0.99999   0.14374   2.41938   3.58961  
 54  6.1250   6444.128590  x:  0.31648   0.03597   0.34197   0.17719   0.12794   0.09280   0.00775   0.97676   0.02312   0.07672   0.01302   0.02369   0.46878   0.00000   0.00000   0.24631   0.41077   0.07832   0.00283   0.18895   0.09985   0.15908   0.21279   0.02386   0.40596   0.05492   1.26363   0.35536   0.16618   0.53434   0.06032   0.12988   0.10657   0.29089   0.32529   0.00000   0.36582   0.11675   0.22908   0.19384   0.51962   0.56032   0.86351   0.23349   1.52288   0.99999   0.14540   2.41550   3.54258  
 55  4.7719   6443.421385  x:  0.33363   0.03870   0.35851   0.18236   0.12545   0.09346   0.00423   0.92445   0.02454   0.07909   0.01235   0.02542   0.44827   0.00000   0.00000   0.25093   0.38307   0.07740   0.00259   0.18690   0.10202   0.15965   0.21563   0.02428   0.40119   0.05493   1.27529   0.36067   0.16593   0.50187   0.06490   0.10815   0.11100   0.27827   0.32363   0.00000   0.35575   0.11696   0.23211   0.20044   0.52912   0.57461   0.88102   0.25064   1.54789   0.99999   0.14817   2.39341   3.47548  
 56 10.3173   6443.093532  x:  0.32924   0.04103   0.35051   0.18699   0.12585   0.09359   0.00292   0.88769   0.02497   0.07751   0.01179   0.02682   0.44943   0.00000   0.00000   0.25310   0.37901   0.07734   0.00252   0.18744   0.10330   0.16059   0.21891   0.02440   0.39412   0.05580   1.28448   0.36655   0.17272   0.52020   0.05641   0.12477   0.11085   0.31053   0.31542   0.00000   0.35864   0.11550   0.23508   0.20465   0.49071   0.57335   0.90805   0.24624   1.55732   0.99999   0.14941   2.38887   3.44176  
 57  7.6584   6443.051456  x:  0.32942   0.04130   0.35340   0.18839   0.12487   0.09350   0.00294   0.88272   0.02505   0.07818   0.01197   0.02712   0.45390   0.00000   0.00000   0.25261   0.37698   0.07721   0.00249   0.18754   0.10349   0.16052   0.21885   0.02438   0.40014   0.05514   1.28656   0.35641   0.17159   0.51768   0.05319   0.12856   0.10973   0.30985   0.31147   0.00000   0.35635   0.11659   0.23595   0.20509   0.48488   0.57313   0.91409   0.24643   1.54885   0.99999   0.14951   2.38965   3.44106  
 58  2.6325   6442.946415  x:  0.32628   0.04178   0.36473   0.18569   0.12795   0.09423   0.00359   0.87854   0.02532   0.07792   0.01188   0.02691   0.45177   0.00000   0.00000   0.25108   0.37827   0.07728   0.00257   0.18807   0.10380   0.16029   0.21940   0.02426   0.40028   0.05503   1.29750   0.36654   0.17404   0.50448   0.04240   0.13670   0.11134   0.30792   0.31591   0.00000   0.35375   0.11702   0.23696   0.20589   0.48103   0.56947   0.93207   0.24328   1.52685   0.99999   0.14961   2.39789   3.44289  
 59  2.3643   6442.667634  x:  0.32566   0.04217   0.36389   0.18664   0.12795   0.09782   0.00528   0.86972   0.02572   0.07775   0.01211   0.02696   0.43996   0.00000   0.00000   0.24477   0.37562   0.07632   0.00242   0.18743   0.10460   0.16037   0.22030   0.02422   0.40472   0.05508   1.32143   0.36077   0.17595   0.49331   0.04084   0.13570   0.10709   0.32133   0.30648   0.00000   0.38434   0.11104   0.23758   0.20615   0.48947   0.57454   0.93548   0.24267   1.53391   0.99999   0.14993   2.38585   3.46993  
 60  1.7988   6442.248391  x:  0.32877   0.04288   0.35785   0.18806   0.12676   0.10632   0.00739   0.85677   0.02622   0.07545   0.01200   0.02653   0.45732   0.00000   0.00000   0.23586   0.37142   0.07383   0.00220   0.18622   0.10583   0.16167   0.22063   0.02456   0.41312   0.05559   1.35373   0.36822   0.18105   0.50054   0.04407   0.12283   0.10706   0.33158   0.30568   0.00000   0.35678   0.11782   0.23485   0.20914   0.49166   0.58545   0.92511   0.24578   1.56008   0.99999   0.15051   2.35279   3.51826  
 61  7.8242   6442.220039  x:  0.32972   0.04306   0.35993   0.18826   0.12748   0.10741   0.00741   0.85694   0.02618   0.07485   0.01198   0.02665   0.45454   0.00000   0.00000   0.23576   0.36973   0.07375   0.00211   0.18646   0.10633   0.16163   0.22115   0.02458   0.41603   0.05605   1.35465   0.36873   0.18237   0.50978   0.04246   0.12008   0.11382   0.32240   0.30756   0.00000   0.35997   0.11687   0.23446   0.21015   0.48643   0.58376   0.92351   0.24673   1.56006   0.99999   0.15068   2.34892   3.51994  
 62  2.4186   6441.938428  x:  0.31802   0.04471   0.36073   0.18935   0.12884   0.11071   0.00802   0.85383   0.02680   0.07619   0.01167   0.02722   0.45176   0.00000   0.00000   0.25177   0.37191   0.07164   0.00180   0.18730   0.10788   0.15882   0.22085   0.02398   0.41710   0.05568   1.34488   0.36781   0.18013   0.49716   0.04607   0.11795   0.10923   0.32860   0.31041   0.00000   0.35935   0.11993   0.23615   0.20770   0.46822   0.57071   0.88890   0.23503   1.56620   0.99999   0.15576   2.37071   3.38823  
 63  0.4754   6441.928821  x:  0.31893   0.04519   0.36142   0.18939   0.12895   0.11075   0.00790   0.85159   0.02682   0.07619   0.01165   0.02721   0.45146   0.00000   0.00000   0.25172   0.37231   0.07172   0.00178   0.18749   0.10794   0.15876   0.22086   0.02395   0.41751   0.05587   1.34552   0.36776   0.18001   0.49775   0.03816   0.12617   0.10768   0.32653   0.31066   0.00000   0.35906   0.12038   0.23567   0.20745   0.47222   0.57036   0.88557   0.23594   1.56925   0.99999   0.15589   2.36911   3.38830  
 64  0.5701   6441.804454  x:  0.31491   0.04966   0.36361   0.18975   0.13049   0.10987   0.00661   0.85460   0.02664   0.07601   0.01169   0.02672   0.45196   0.00000   0.00000   0.24476   0.37624   0.07378   0.00151   0.19169   0.10849   0.15719   0.22191   0.02378   0.42675   0.05839   1.37107   0.37023   0.18162   0.49552   0.04022   0.11840   0.10399   0.33133   0.31395   0.00000   0.36428   0.12680   0.23071   0.20432   0.47466   0.57516   0.88070   0.23192   1.56205   0.99999   0.15677   2.34904   3.41685  
 65  0.2197   6441.777004  x:  0.31569   0.05328   0.36315   0.18862   0.12901   0.10881   0.00722   0.85012   0.02661   0.07629   0.01130   0.02746   0.45203   0.00000   0.00000   0.24315   0.37701   0.07425   0.00170   0.19180   0.10729   0.15771   0.22328   0.02431   0.42432   0.05822   1.37480   0.36943   0.18165   0.49795   0.04363   0.12088   0.10358   0.32879   0.31461   0.00000   0.36402   0.12611   0.23417   0.20425   0.47481   0.57768   0.87449   0.23270   1.56007   0.99999   0.15723   2.32292   3.39701  
 66  0.0322   6441.750986  x:  0.31473   0.06199   0.35850   0.18771   0.13043   0.11094   0.00626   0.85298   0.02664   0.07666   0.01125   0.02711   0.45266   0.00000   0.00000   0.24312   0.37643   0.07320   0.00180   0.19067   0.10697   0.15820   0.22343   0.02457   0.42542   0.05682   1.37047   0.37026   0.18219   0.49562   0.04150   0.12258   0.10264   0.32783   0.31408   0.00000   0.36413   0.12543   0.23495   0.20364   0.47498   0.57851   0.87165   0.23175   1.55874   0.99999   0.15628   2.32487   3.41659  
 67  0.0109   6441.739875  x:  0.31549   0.06663   0.35468   0.18916   0.13029   0.10915   0.00700   0.85330   0.02645   0.07707   0.01131   0.02703   0.45241   0.00000   0.00000   0.24442   0.37536   0.07353   0.00168   0.19131   0.10725   0.15796   0.22360   0.02436   0.42445   0.05713   1.36984   0.36991   0.18223   0.49645   0.04000   0.12161   0.10281   0.32824   0.31344   0.00000   0.36323   0.12678   0.23320   0.20460   0.47483   0.57787   0.87446   0.23250   1.56108   0.99999   0.15596   2.32087   3.41343  
 68  0.0140   6441.737448  x:  0.31559   0.06801   0.35370   0.18886   0.12917   0.10960   0.00698   0.85370   0.02636   0.07677   0.01141   0.02702   0.45238   0.00000   0.00000   0.24459   0.37653   0.07380   0.00163   0.19117   0.10722   0.15779   0.22288   0.02425   0.42418   0.05769   1.37002   0.36963   0.18169   0.49688   0.03944   0.12123   0.10316   0.32864   0.31366   0.00000   0.36347   0.12622   0.23323   0.20461   0.47524   0.57709   0.87620   0.23260   1.56103   0.99999   0.15599   2.31833   3.41051  
 69  0.0069   6441.737143  x:  0.31569   0.06841   0.35295   0.18874   0.12919   0.10952   0.00702   0.85375   0.02630   0.07670   0.01146   0.02694   0.45229   0.00000   0.00000   0.24429   0.37673   0.07371   0.00163   0.19131   0.10725   0.15767   0.22283   0.02415   0.42458   0.05747   1.36978   0.36972   0.18146   0.49675   0.03951   0.12132   0.10329   0.32868   0.31404   0.00000   0.36370   0.12618   0.23334   0.20469   0.47519   0.57706   0.87576   0.23270   1.56126   0.99999   0.15607   2.31949   3.41208  
 70  0.0027   6441.737055  x:  0.31559   0.06861   0.35310   0.18875   0.12923   0.10954   0.00703   0.85400   0.02622   0.07671   0.01148   0.02696   0.45227   0.00000   0.00000   0.24420   0.37652   0.07371   0.00165   0.19125   0.10728   0.15773   0.22277   0.02413   0.42450   0.05752   1.36989   0.36970   0.18127   0.49681   0.03948   0.12138   0.10332   0.32868   0.31393   0.00000   0.36368   0.12617   0.23331   0.20454   0.47526   0.57728   0.87547   0.23260   1.56111   0.99999   0.15618   2.32247   3.41284  
 71  0.0022   6441.737021  x:  0.31566   0.06860   0.35305   0.18872   0.12921   0.10954   0.00703   0.85400   0.02617   0.07675   0.01147   0.02694   0.45228   0.00000   0.00000   0.24422   0.37660   0.07371   0.00164   0.19124   0.10723   0.15776   0.22283   0.02415   0.42452   0.05749   1.37007   0.36972   0.18131   0.49688   0.03942   0.12135   0.10332   0.32864   0.31387   0.00000   0.36364   0.12621   0.23329   0.20464   0.47530   0.57719   0.87580   0.23267   1.56105   0.99999   0.15628   2.32456   3.41266  
 72  0.0015   6441.737016  x:  0.31568   0.06857   0.35302   0.18875   0.12921   0.10954   0.00702   0.85403   0.02615   0.07674   0.01146   0.02695   0.45231   0.00000   0.00000   0.24421   0.37658   0.07371   0.00164   0.19125   0.10724   0.15773   0.22281   0.02415   0.42448   0.05750   1.36994   0.36970   0.18135   0.49687   0.03943   0.12137   0.10331   0.32862   0.31392   0.00000   0.36365   0.12619   0.23329   0.20462   0.47529   0.57720   0.87584   0.23269   1.56110   0.99999   0.15630   2.32484   3.41261  
 73  0.0003   6441.737016  x:  0.31567   0.06857   0.35302   0.18875   0.12921   0.10954   0.00702   0.85403   0.02614   0.07673   0.01147   0.02695   0.45229   0.00000   0.00000   0.24421   0.37659   0.07371   0.00164   0.19125   0.10724   0.15774   0.22281   0.02416   0.42448   0.05750   1.36993   0.36970   0.18137   0.49689   0.03944   0.12135   0.10331   0.32863   0.31391   0.00000   0.36364   0.12619   0.23329   0.20462   0.47530   0.57719   0.87580   0.23268   1.56111   0.99999   0.15631   2.32483   3.41257  
 74  0.0001   6441.737016  x:  0.31567   0.06857   0.35302   0.18875   0.12921   0.10954   0.00702   0.85403   0.02613   0.07673   0.01147   0.02695   0.45230   0.00000   0.00000   0.24421   0.37659   0.07371   0.00164   0.19125   0.10724   0.15774   0.22281   0.02416   0.42448   0.05750   1.36993   0.36970   0.18137   0.49689   0.03944   0.12136   0.10330   0.32863   0.31391   0.00000   0.36365   0.12619   0.23329   0.20462   0.47529   0.57720   0.87580   0.23268   1.56111   0.99999   0.15630   2.32476   3.41250  
 75  0.0000   6441.737016  x:  0.31567   0.06857   0.35302   0.18875   0.12921   0.10954   0.00702   0.85403   0.02613   0.07673   0.01146   0.02695   0.45230   0.00000   0.00000   0.24421   0.37659   0.07371   0.00164   0.19125   0.10724   0.15774   0.22281   0.02416   0.42448   0.05750   1.36993   0.36970   0.18136   0.49689   0.03944   0.12136   0.10331   0.32863   0.31391   0.00000   0.36365   0.12619   0.23329   0.20462   0.47529   0.57719   0.87581   0.23268   1.56110   0.99999   0.15630   2.32473   3.41245  
 76  0.0001   6441.737016  x:  0.31567   0.06857   0.35302   0.18875   0.12921   0.10954   0.00702   0.85403   0.02613   0.07673   0.01146   0.02695   0.45230   0.00000   0.00000   0.24421   0.37659   0.07371   0.00164   0.19125   0.10724   0.15774   0.22281   0.02416   0.42449   0.05750   1.36993   0.36970   0.18136   0.49689   0.03944   0.12136   0.10331   0.32863   0.31391   0.00000   0.36365   0.12619   0.23329   0.20462   0.47529   0.57719   0.87580   0.23268   1.56111   0.99999   0.15630   2.32472   3.41238  
 77  0.0000   6441.737016  x:  0.31567   0.06856   0.35303   0.18875   0.12921   0.10954   0.00702   0.85403   0.02613   0.07673   0.01147   0.02695   0.45229   0.00000   0.00000   0.24421   0.37659   0.07371   0.00164   0.19125   0.10724   0.15774   0.22281   0.02416   0.42448   0.05750   1.36994   0.36970   0.18136   0.49689   0.03944   0.12135   0.10330   0.32863   0.31392   0.00000   0.36365   0.12619   0.23329   0.20462   0.47529   0.57719   0.87580   0.23268   1.56111   0.99999   0.15630   2.32479   3.41174  
 78  0.0001   6441.737015  x:  0.31568   0.06855   0.35302   0.18875   0.12921   0.10954   0.00703   0.85404   0.02612   0.07673   0.01147   0.02695   0.45229   0.00000   0.00000   0.24421   0.37658   0.07371   0.00164   0.19125   0.10724   0.15774   0.22281   0.02416   0.42449   0.05750   1.36995   0.36970   0.18137   0.49689   0.03944   0.12136   0.10330   0.32862   0.31392   0.00000   0.36365   0.12619   0.23329   0.20461   0.47530   0.57719   0.87581   0.23267   1.56111   0.99999   0.15631   2.32492   3.40557  
 79  0.0008   6441.736975  x:  0.31643   0.06835   0.35288   0.18851   0.12928   0.10955   0.00709   0.85445   0.02603   0.07655   0.01152   0.02707   0.45218   0.00000   0.00000   0.24414   0.37646   0.07364   0.00162   0.19119   0.10714   0.15778   0.22271   0.02415   0.42455   0.05744   1.37010   0.36977   0.18160   0.49704   0.03939   0.12144   0.10298   0.32832   0.31390   0.00000   0.36382   0.12616   0.23311   0.20447   0.47575   0.57722   0.87607   0.23183   1.56100   0.99999   0.15647   2.32975   2.91908  
 80  0.0608   6441.274594  x:  0.31940   0.06753   0.35232   0.18760   0.12956   0.10958   0.00735   0.85607   0.02565   0.07584   0.01173   0.02754   0.45175   0.00000   0.00000   0.24385   0.37599   0.07338   0.00155   0.19092   0.10674   0.15794   0.22232   0.02411   0.42482   0.05721   1.37071   0.37006   0.18251   0.49761   0.03921   0.12179   0.10174   0.32710   0.31382   0.00000   0.36450   0.12602   0.23240   0.20388   0.47751   0.57734   0.87713   0.22852   1.56055   0.99999   0.15712   2.34896   1.00000  
 81 530.7155   6441.274594  x:  0.31940   0.06753   0.35232   0.18760   0.12956   0.10958   0.00735   0.85607   0.02565   0.07584   0.01173   0.02754   0.45175   0.00000   0.00000   0.24385   0.37599   0.07338   0.00155   0.19092   0.10674   0.15794   0.22232   0.02411   0.42482   0.05721   1.37071   0.37006   0.18251   0.49761   0.03921   0.12179   0.10174   0.32710   0.31382   0.00000   0.36450   0.12602   0.23240   0.20388   0.47751   0.57734   0.87713   0.22852   1.56055   0.99999   0.15712   2.34896   1.00000  
 82 444827325.7791   6435.959737  x:  0.31940   0.06753   0.35232   0.18760   0.12956   0.10958   0.00735   0.85607   0.02565   0.07584   0.01173   0.02754   0.45175   0.00000   0.00000   0.24385   0.37599   0.07338   0.00155   0.19092   0.10674   0.15794   0.22232   0.02411   0.42482   0.05721   1.37071   0.37006   0.18251   0.49761   0.03921   0.12179   0.10174   0.32710   0.31382   0.00000   0.36450   0.12602   0.23240   0.20388   0.47751   0.57734   0.87713   0.22852   1.56055   0.99054   0.15711   2.34896   1.00000  
 83 37965.2401   6434.469421  x:  0.31921   0.06748   0.35208   0.18758   0.12951   0.10952   0.00722   0.85589   0.02533   0.07593   0.01157   0.02606   0.45159   0.00000   0.00000   0.24396   0.37587   0.07346   0.00283   0.19064   0.10687   0.15800   0.22250   0.02468   0.42453   0.05798   1.37046   0.36983   0.18251   0.49750   0.03908   0.12159   0.10164   0.32683   0.31378   0.00000   0.36418   0.12538   0.23250   0.20413   0.47722   0.57702   0.87696   0.22833   1.56122   0.99048   0.13031   2.35094   1.00000  
 84 103.5186   6434.397142  x:  0.31873   0.06696   0.35139   0.18683   0.12879   0.10867   0.00600   0.85563   0.02454   0.07554   0.01135   0.02456   0.45089   0.00000   0.00000   0.24350   0.37518   0.07236   0.00000   0.18935   0.10615   0.15718   0.22196   0.02353   0.42369   0.05751   1.37023   0.36901   0.18182   0.49703   0.03843   0.12094   0.10107   0.32608   0.31314   0.00000   0.36337   0.12410   0.23190   0.20366   0.47664   0.57637   0.87660   0.22786   1.56167   0.99048   0.12909   2.35205   1.00000  
 85 25.3276   6434.209896  x:  0.31630   0.06438   0.34786   0.18326   0.12572   0.10577   0.00759   0.85426   0.02101   0.07412   0.01271   0.01989   0.44722   0.00000   0.00000   0.24113   0.37156   0.06857   0.00300   0.18430   0.10428   0.15338   0.21927   0.02179   0.41929   0.05689   1.36900   0.36492   0.17841   0.49455   0.03515   0.11770   0.09823   0.32216   0.30985   0.00000   0.35920   0.11771   0.22884   0.20125   0.47359   0.57301   0.87469   0.22542   1.56405   0.99047   0.12692   2.35775   1.00000  
 86 34.9680   6434.110292  x:  0.31448   0.06277   0.34514   0.18115   0.12421   0.10476   0.00698   0.85308   0.02082   0.07427   0.01569   0.02325   0.44420   0.00000   0.00000   0.23980   0.36866   0.06906   0.00239   0.18122   0.10348   0.15151   0.21763   0.02504   0.41572   0.05820   1.36783   0.36186   0.17614   0.49255   0.03314   0.11555   0.09655   0.31901   0.30756   0.00000   0.35609   0.11387   0.22693   0.19991   0.47105   0.57015   0.87299   0.22360   1.56623   0.99047   0.12571   2.36301   1.00000  
 87 32.8780   6434.062678  x:  0.31342   0.06239   0.34343   0.18080   0.12468   0.10600   0.00912   0.85211   0.02278   0.07473   0.01378   0.02410   0.44186   0.00000   0.00000   0.23927   0.36661   0.07060   0.00135   0.18014   0.10423   0.15165   0.21730   0.02510   0.41304   0.05836   1.36672   0.35956   0.17482   0.49107   0.03268   0.11477   0.09627   0.31684   0.30651   0.00000   0.35429   0.11303   0.22638   0.19982   0.46918   0.56794   0.87153   0.22254   1.56825   0.99047   0.12532   2.36781   1.00000  
 88 20.3537   6434.000500  x:  0.31209   0.06228   0.34112   0.18063   0.12561   0.10716   0.00692   0.85064   0.02540   0.07557   0.01091   0.02470   0.43852   0.00000   0.00000   0.23866   0.36388   0.07259   0.00239   0.17941   0.10579   0.15236   0.21722   0.02424   0.40928   0.05831   1.36499   0.35642   0.17322   0.48892   0.03259   0.11408   0.09639   0.31389   0.30535   0.00000   0.35201   0.11279   0.22598   0.20007   0.46654   0.56476   0.86935   0.22121   1.57132   0.99046   0.12509   2.37521   1.00000  
 89 46.3540   6433.927889  x:  0.31084   0.06370   0.33833   0.18144   0.12813   0.10775   0.00680   0.84810   0.02523   0.07745   0.01435   0.02507   0.43397   0.00000   0.00000   0.23832   0.36118   0.07189   0.00224   0.18050   0.10688   0.15388   0.21810   0.02145   0.40451   0.05770   1.36194   0.35302   0.17224   0.48553   0.03446   0.11470   0.09841   0.31023   0.30495   0.00000   0.34979   0.11544   0.22657   0.20140   0.46296   0.56005   0.86574   0.21996   1.57657   0.99046   0.12498   2.38839   1.00000  
 90 21.3473   6433.852852  x:  0.30986   0.06583   0.33549   0.18212   0.13020   0.10727   0.00665   0.84515   0.02338   0.07842   0.01491   0.02220   0.42962   0.00000   0.00000   0.23826   0.35919   0.07045   0.00160   0.18229   0.10666   0.15484   0.21909   0.02484   0.40030   0.05913   1.35823   0.35001   0.17154   0.48186   0.03719   0.11595   0.10128   0.30674   0.30506   0.00000   0.34794   0.11891   0.22735   0.20276   0.45936   0.55494   0.86154   0.21898   1.58254   0.99046   0.12540   2.40442   1.00000  
 91 41.6032   6433.742518  x:  0.30980   0.07002   0.33156   0.18009   0.12673   0.10439   0.00747   0.84014   0.02170   0.07603   0.01128   0.02630   0.42750   0.00000   0.00000   0.23943   0.36087   0.06995   0.00229   0.18287   0.10216   0.15135   0.21932   0.02427   0.39938   0.05724   1.35087   0.35075   0.17260   0.47776   0.04207   0.11858   0.10657   0.30400   0.30654   0.00000   0.34732   0.12187   0.22706   0.20199   0.45576   0.54744   0.85393   0.21892   1.59196   0.99045   0.12592   2.43722   1.00000  
 92 17.8275   6433.576401  x:  0.31018   0.07408   0.32544   0.17871   0.12035   0.10627   0.00718   0.83230   0.02728   0.07357   0.01492   0.02204   0.42931   0.00000   0.00000   0.24091   0.36597   0.07269   0.00207   0.18053   0.10328   0.14910   0.21867   0.02357   0.40343   0.05954   1.33803   0.35602   0.17636   0.47487   0.04626   0.12007   0.11158   0.30231   0.30812   0.00000   0.34776   0.12033   0.22482   0.19848   0.45259   0.53692   0.84144   0.21930   1.60516   0.99045   0.12790   2.49619   1.00000  
 93 31.8969   6433.372863  x:  0.31041   0.07425   0.31897   0.18527   0.12254   0.10627   0.00697   0.82345   0.02396   0.07510   0.01253   0.02436   0.43533   0.00000   0.00000   0.23903   0.37056   0.06771   0.00169   0.17803   0.10977   0.15334   0.21802   0.02496   0.41079   0.05741   1.32162   0.36208   0.17901   0.47520   0.04530   0.11729   0.11096   0.30335   0.30788   0.00000   0.34946   0.11359   0.22325   0.19652   0.45208   0.52775   0.82704   0.21953   1.61671   0.99044   0.13048   2.57590   1.00000  
 94 38.9673   6433.170392  x:  0.31105   0.07156   0.31719   0.18853   0.12668   0.10436   0.00688   0.81735   0.02152   0.07723   0.01316   0.02262   0.44146   0.00000   0.00000   0.23674   0.36803   0.07483   0.00199   0.18118   0.10146   0.15327   0.21697   0.02333   0.41502   0.05768   1.30541   0.36233   0.17544   0.48051   0.04109   0.11289   0.10515   0.30823   0.30625   0.00000   0.35238   0.11136   0.22664   0.20146   0.45545   0.52652   0.81654   0.22018   1.62023   0.99043   0.13344   2.66334   1.00000  
 95 35.9901   6432.912985  x:  0.31306   0.06972   0.32173   0.18177   0.12434   0.10796   0.00647   0.81340   0.02688   0.07684   0.01372   0.02386   0.44492   0.00000   0.00000   0.23485   0.36146   0.06603   0.00209   0.18486   0.10045   0.15122   0.21699   0.02446   0.41459   0.05739   1.28598   0.35618   0.16910   0.48977   0.03851   0.11109   0.09867   0.31666   0.30417   0.00000   0.35506   0.11367   0.23048   0.20618   0.46214   0.53375   0.80928   0.22219   1.61605   0.99042   0.13685   2.78040   1.00000  
 96 52.0238   6432.644129  x:  0.31531   0.06998   0.33134   0.17477   0.12313   0.10419   0.00725   0.81265   0.02047   0.07487   0.01438   0.02384   0.44373   0.00000   0.00000   0.23809   0.35570   0.07114   0.00106   0.18137   0.11036   0.15089   0.21816   0.02446   0.40962   0.05665   1.26764   0.34850   0.16670   0.49713   0.03952   0.11372   0.09549   0.32450   0.30231   0.00000   0.35475   0.11570   0.22926   0.20325   0.46896   0.54718   0.80811   0.22443   1.60494   0.99040   0.14068   2.90708   1.00000  
 97 69.4564   6432.418766  x:  0.31488   0.06878   0.34099   0.17951   0.12891   0.10416   0.00679   0.81657   0.02266   0.07744   0.01396   0.02387   0.43707   0.00000   0.00000   0.24083   0.35741   0.06912   0.00204   0.17627   0.10402   0.15020   0.21815   0.02375   0.40299   0.05927   1.25618   0.34598   0.17350   0.49909   0.04008   0.11712   0.09592   0.32573   0.30158   0.00000   0.35059   0.11436   0.22344   0.19431   0.47149   0.56112   0.81519   0.22400   1.58905   0.99039   0.14399   3.01693   1.00000  
 98 50.3708   6432.262047  x:  0.31101   0.06370   0.34489   0.18175   0.12536   0.10957   0.00613   0.82328   0.02051   0.07312   0.01476   0.02306   0.43056   0.00000   0.00000   0.23873   0.36364   0.07084   0.00194   0.17900   0.10279   0.15198   0.21754   0.02555   0.40054   0.05358   1.25371   0.35105   0.17671   0.49408   0.03623   0.11641   0.09612   0.31935   0.30315   0.00000   0.34764   0.11531   0.22404   0.19578   0.46841   0.56936   0.82766   0.22014   1.57415   0.99039   0.14631   3.09558   1.00000  
 99 33.9415   6432.165129  x:  0.30831   0.06053   0.34646   0.18256   0.12281   0.10483   0.00698   0.82905   0.02160   0.07243   0.01393   0.02370   0.42787   0.00000   0.00000   0.23658   0.36736   0.07026   0.00150   0.18145   0.10511   0.15233   0.21693   0.02350   0.40129   0.05860   1.25484   0.35505   0.17717   0.48926   0.03367   0.11551   0.09653   0.31329   0.30466   0.00000   0.34676   0.11615   0.22590   0.19930   0.46513   0.57314   0.83831   0.21744   1.56434   0.99038   0.14791   3.14574   1.00000  
100 46.3670   6432.099986  x:  0.30824   0.06195   0.34656   0.18175   0.12389   0.10283   0.00720   0.83566   0.02345   0.07818   0.01430   0.02266   0.43081   0.00000   0.00000   0.23681   0.36577   0.07018   0.00164   0.17909   0.10606   0.14929   0.21701   0.02488   0.40562   0.05528   1.26161   0.35614   0.17334   0.48459   0.03496   0.11594   0.09834   0.30784   0.30582   0.00000   0.34873   0.11499   0.22662   0.20164   0.46206   0.57227   0.85038   0.21737   1.55893   0.99038   0.14902   3.18100   1.00000  
101 15.8535   6432.055760  x:  0.30894   0.06368   0.34553   0.18047   0.12498   0.10654   0.00668   0.84112   0.02105   0.07876   0.01394   0.02321   0.43426   0.00000   0.00000   0.23758   0.36353   0.06982   0.00177   0.17811   0.10531   0.14943   0.21736   0.02382   0.40891   0.05788   1.26906   0.35545   0.16969   0.48127   0.03618   0.11612   0.09974   0.30476   0.30643   0.00000   0.35067   0.11365   0.22600   0.20151   0.46041   0.57011   0.86001   0.21806   1.55635   0.99038   0.14985   3.20556   1.00000  
102 22.4274   6432.020689  x:  0.31018   0.06448   0.34258   0.17970   0.12655   0.10475   0.00685   0.84675   0.02254   0.07480   0.01466   0.02318   0.43714   0.00000   0.00000   0.23869   0.36142   0.06956   0.00174   0.17978   0.10436   0.15298   0.21774   0.02412   0.40962   0.05693   1.27923   0.35334   0.16901   0.48031   0.03584   0.11528   0.10039   0.30458   0.30654   0.00000   0.35217   0.11319   0.22455   0.19923   0.46059   0.56645   0.86859   0.21930   1.55646   0.99038   0.15045   3.22588   1.00000  
103 12.4808   6431.976911  x:  0.31231   0.06390   0.33648   0.17837   0.12602   0.10516   0.00688   0.85490   0.02144   0.07652   0.01417   0.02317   0.43873   0.00000   0.00000   0.23959   0.36044   0.06967   0.00156   0.18148   0.10514   0.15145   0.21652   0.02404   0.40700   0.05705   1.29777   0.35081   0.17528   0.48215   0.03323   0.11315   0.10026   0.30790   0.30610   0.00000   0.35279   0.11513   0.22473   0.19814   0.46334   0.56038   0.87915   0.22143   1.55975   0.99037   0.15138   3.25254   1.00000  
104 11.3824   6431.951434  x:  0.31404   0.06532   0.33409   0.18015   0.12676   0.10530   0.00675   0.85983   0.02153   0.07445   0.01439   0.02333   0.43638   0.00000   0.00000   0.23802   0.36228   0.06967   0.00174   0.17794   0.10552   0.15006   0.21702   0.02415   0.40481   0.05754   1.31246   0.35232   0.17402   0.48510   0.03303   0.11397   0.09994   0.31111   0.30477   0.00000   0.35075   0.11544   0.22650   0.20057   0.46626   0.55806   0.88336   0.22316   1.56358   0.99037   0.15201   3.26873   1.00000  
105  8.1307   6431.937689  x:  0.31442   0.06634   0.33381   0.17969   0.12511   0.10507   0.00687   0.86211   0.02125   0.07684   0.01412   0.02319   0.43380   0.00000   0.00000   0.23789   0.36359   0.06982   0.00167   0.17910   0.10496   0.15186   0.21816   0.02405   0.40454   0.05761   1.32284   0.35423   0.17159   0.48723   0.03298   0.11536   0.09903   0.31209   0.30393   0.00000   0.34898   0.11449   0.22573   0.20023   0.46772   0.55833   0.88333   0.22355   1.56630   0.99037   0.15237   3.27800   1.00000  
106  6.2235   6431.926107  x:  0.31326   0.06631   0.33472   0.18053   0.12599   0.10527   0.00674   0.86307   0.02125   0.07645   0.01416   0.02321   0.43245   0.00000   0.00000   0.23900   0.36355   0.06977   0.00155   0.18054   0.10580   0.14996   0.21701   0.02399   0.40616   0.05761   1.33461   0.35467   0.17010   0.48804   0.03186   0.11683   0.09746   0.31092   0.30462   0.00000   0.34913   0.11568   0.22451   0.19879   0.46779   0.56098   0.87946   0.22238   1.56870   0.99037   0.15260   3.28650   1.00000  
107  3.8781   6431.914508  x:  0.31188   0.06578   0.33630   0.17984   0.12563   0.10520   0.00677   0.86313   0.02128   0.07635   0.01410   0.02326   0.43303   0.00000   0.00000   0.23890   0.36265   0.06970   0.00176   0.17830   0.10510   0.15156   0.21728   0.02405   0.40749   0.05768   1.34788   0.35372   0.17183   0.48763   0.03081   0.11852   0.09697   0.30896   0.30545   0.00000   0.35003   0.11647   0.22530   0.19921   0.46727   0.56475   0.87348   0.22100   1.57037   0.99037   0.15294   3.29553   1.00000  
108  5.6100   6431.909998  x:  0.31208   0.06571   0.33728   0.17996   0.12574   0.10526   0.00675   0.86235   0.02139   0.07597   0.01411   0.02325   0.43437   0.00000   0.00000   0.23817   0.36243   0.06981   0.00166   0.17943   0.10535   0.15090   0.21788   0.02403   0.40655   0.05765   1.35339   0.35326   0.17270   0.48664   0.03124   0.11895   0.09813   0.30848   0.30500   0.00000   0.34996   0.11441   0.22585   0.19971   0.46703   0.56609   0.87051   0.22120   1.56993   0.99037   0.15308   3.29935   1.00000  
109  3.0027   6431.906715  x:  0.31296   0.06508   0.33772   0.18022   0.12552   0.10525   0.00677   0.86028   0.02152   0.07630   0.01410   0.02322   0.43534   0.00000   0.00000   0.23904   0.36311   0.06971   0.00170   0.17915   0.10532   0.15117   0.21719   0.02404   0.40472   0.05770   1.35734   0.35381   0.17170   0.48533   0.03172   0.11712   0.09916   0.30897   0.30507   0.00000   0.35042   0.11490   0.22549   0.19979   0.46670   0.56574   0.86797   0.22208   1.56773   0.99037   0.15316   3.30274   1.00000  
110  1.3666   6431.903984  x:  0.31323   0.06542   0.33805   0.17993   0.12580   0.10526   0.00679   0.85767   0.02159   0.07619   0.01410   0.02322   0.43430   0.00000   0.00000   0.23802   0.36275   0.06985   0.00170   0.17914   0.10534   0.15087   0.21826   0.02403   0.40561   0.05771   1.35991   0.35408   0.17210   0.48511   0.03316   0.11504   0.09881   0.30979   0.30524   0.00000   0.35028   0.11548   0.22527   0.19926   0.46613   0.56420   0.86656   0.22235   1.56512   0.99037   0.15322   3.30624   1.00000  
111  1.0643   6431.901490  x:  0.31265   0.06547   0.33804   0.17987   0.12585   0.10529   0.00681   0.85520   0.02162   0.07601   0.01409   0.02325   0.43326   0.00000   0.00000   0.23900   0.36263   0.06980   0.00172   0.17932   0.10532   0.15121   0.21696   0.02402   0.40676   0.05766   1.36129   0.35360   0.17253   0.48584   0.03481   0.11455   0.09907   0.31060   0.30512   0.00000   0.34984   0.11480   0.22595   0.19981   0.46571   0.56300   0.86629   0.22177   1.56356   0.99037   0.15335   3.30993   1.00000  
112  1.1783   6431.894047  x:  0.30984   0.06375   0.33723   0.18110   0.12498   0.10532   0.00686   0.84899   0.02169   0.07608   0.01409   0.02333   0.43439   0.00000   0.00000   0.23900   0.36332   0.06991   0.00173   0.17924   0.10538   0.15084   0.21850   0.02404   0.40638   0.05770   1.36228   0.35266   0.17182   0.48854   0.03663   0.11592   0.10018   0.31166   0.30542   0.00000   0.35075   0.11505   0.22527   0.19986   0.46468   0.56159   0.86795   0.21896   1.56321   0.99036   0.15383   3.32230   1.00000  
113  1.1442   6431.876677  x:  0.30952   0.06664   0.33942   0.18105   0.12506   0.10547   0.00691   0.83849   0.02201   0.07604   0.01392   0.02346   0.43648   0.00000   0.00000   0.23681   0.36350   0.07025   0.00172   0.17976   0.10544   0.15161   0.21584   0.02408   0.40403   0.05772   1.36154   0.35443   0.17271   0.49005   0.03728   0.11762   0.09757   0.31049   0.30510   0.00000   0.35186   0.11590   0.22526   0.19941   0.46229   0.56077   0.87193   0.21864   1.56691   0.99036   0.15492   3.35192   1.00000  
114  3.0051   6431.850946  x:  0.31181   0.06755   0.34103   0.18067   0.12589   0.10578   0.00693   0.82784   0.02273   0.07554   0.01376   0.02371   0.43538   0.00000   0.00000   0.24156   0.36320   0.06999   0.00181   0.18007   0.10549   0.15111   0.21923   0.02412   0.40516   0.05782   1.35845   0.35575   0.17365   0.48755   0.03304   0.11726   0.09743   0.30976   0.30528   0.00000   0.35076   0.11550   0.22715   0.19994   0.46141   0.56091   0.87544   0.22094   1.57361   0.99035   0.15673   3.39645   1.00000  
115  7.3445   6431.829074  x:  0.31406   0.06616   0.34036   0.18086   0.12601   0.10602   0.00696   0.82518   0.02325   0.07620   0.01378   0.02389   0.43306   0.00000   0.00000   0.23846   0.36270   0.07057   0.00182   0.18048   0.10562   0.15172   0.21716   0.02415   0.40871   0.05768   1.35444   0.35441   0.17301   0.48405   0.03101   0.11756   0.10273   0.31107   0.30653   0.00000   0.34997   0.11642   0.22609   0.19981   0.46344   0.56123   0.87508   0.22319   1.57824   0.99034   0.15806   3.43467   1.00000  
116  8.0601   6431.778963  x:  0.31390   0.06920   0.33447   0.18221   0.12552   0.10652   0.00711   0.84277   0.02387   0.07652   0.01380   0.02422   0.43319   0.00000   0.00000   0.23965   0.36732   0.07114   0.00187   0.18145   0.10591   0.15199   0.21777   0.02424   0.40978   0.05756   1.34127   0.35136   0.17374   0.48144   0.03837   0.11564   0.10121   0.30787   0.30430   0.00000   0.35223   0.11783   0.22388   0.20250   0.46695   0.55526   0.86135   0.22303   1.58079   0.99031   0.16121   3.52282   1.00000  
117  5.6477   6431.763938  x:  0.31288   0.06984   0.33146   0.18172   0.12622   0.10670   0.00714   0.84955   0.02388   0.07665   0.01368   0.02428   0.43414   0.00000   0.00000   0.24005   0.36459   0.07104   0.00189   0.18157   0.10602   0.15214   0.21763   0.02429   0.40848   0.05768   1.33703   0.35506   0.17331   0.48267   0.03962   0.11576   0.10282   0.30777   0.30635   0.00000   0.35115   0.11799   0.22773   0.19963   0.46657   0.55301   0.85620   0.22202   1.58041   0.99031   0.16215   3.54956   1.00000  
118  8.1664   6431.762544  x:  0.31324   0.07030   0.33087   0.18162   0.12635   0.10671   0.00714   0.85037   0.02381   0.07649   0.01366   0.02429   0.43426   0.00000   0.00000   0.24025   0.36375   0.07098   0.00189   0.18159   0.10603   0.15216   0.21764   0.02430   0.40842   0.05770   1.33661   0.35575   0.17364   0.48367   0.03873   0.11651   0.10328   0.30816   0.30675   0.00000   0.35070   0.11799   0.22641   0.20073   0.46496   0.55265   0.85542   0.22237   1.57982   0.99031   0.16225   3.55225   1.00000  
119  1.0257   6431.761999  x:  0.31369   0.07063   0.33050   0.18171   0.12630   0.10671   0.00713   0.85069   0.02377   0.07657   0.01369   0.02429   0.43422   0.00000   0.00000   0.24014   0.36433   0.07103   0.00189   0.18160   0.10604   0.15215   0.21763   0.02430   0.40861   0.05768   1.33646   0.35518   0.17346   0.48408   0.03779   0.11737   0.10328   0.30858   0.30650   0.00000   0.35077   0.11807   0.22681   0.20041   0.46345   0.55236   0.85501   0.22283   1.57926   0.99031   0.16227   3.55353   1.00000  
120  0.5090   6431.761571  x:  0.31347   0.07069   0.33037   0.18167   0.12631   0.10671   0.00713   0.85072   0.02383   0.07661   0.01369   0.02427   0.43395   0.00000   0.00000   0.24014   0.36412   0.07101   0.00189   0.18157   0.10603   0.15214   0.21764   0.02430   0.40844   0.05768   1.33635   0.35541   0.17346   0.48303   0.03736   0.11847   0.10269   0.30965   0.30634   0.00000   0.35139   0.11786   0.22679   0.20043   0.46339   0.55199   0.85484   0.22260   1.57892   0.99030   0.16229   3.55533   1.00000  
121  0.1529   6431.758942  x:  0.31307   0.07077   0.33091   0.18218   0.12572   0.10657   0.00710   0.85036   0.02376   0.07672   0.01377   0.02418   0.43563   0.00000   0.00000   0.23998   0.36404   0.07091   0.00188   0.18143   0.10598   0.15206   0.21766   0.02431   0.40858   0.05762   1.33572   0.35473   0.17323   0.48193   0.03671   0.11954   0.10154   0.31016   0.30651   0.00000   0.34849   0.11846   0.22666   0.20033   0.46429   0.55132   0.85449   0.22220   1.57835   0.99030   0.16247   3.56831   1.00000  
122  0.2998   6431.746160  x:  0.31334   0.06853   0.33168   0.18059   0.12641   0.10596   0.00693   0.84855   0.02290   0.07660   0.01402   0.02382   0.43506   0.00000   0.00000   0.23880   0.36381   0.07053   0.00181   0.18033   0.10580   0.15153   0.21808   0.02435   0.40720   0.05763   1.33247   0.35453   0.17275   0.48447   0.03541   0.11915   0.10207   0.30693   0.30442   0.00000   0.35031   0.11713   0.22650   0.19970   0.46656   0.55176   0.85341   0.22247   1.57783   0.99026   0.16340   3.63242   1.00000  
123  2.6428   6431.744521  x:  0.31324   0.06922   0.33164   0.18159   0.12545   0.10584   0.00694   0.84859   0.02280   0.07668   0.01408   0.02379   0.43472   0.00000   0.00000   0.23864   0.36355   0.07049   0.00179   0.18018   0.10578   0.15147   0.21815   0.02436   0.40672   0.05765   1.33202   0.35382   0.17254   0.48455   0.03575   0.11775   0.10181   0.30766   0.30601   0.00000   0.35098   0.11624   0.22661   0.19969   0.46576   0.55291   0.85351   0.22238   1.57842   0.99025   0.16355   3.64081   1.00000  
124  2.0091   6431.743997  x:  0.31298   0.06911   0.33116   0.18124   0.12573   0.10582   0.00693   0.84872   0.02281   0.07672   0.01408   0.02377   0.43497   0.00000   0.00000   0.23859   0.36372   0.07047   0.00179   0.18015   0.10577   0.15146   0.21817   0.02436   0.40677   0.05764   1.33188   0.35395   0.17252   0.48421   0.03650   0.11685   0.10176   0.30871   0.30550   0.00000   0.35073   0.11632   0.22656   0.19966   0.46461   0.55418   0.85369   0.22212   1.57904   0.99025   0.16360   3.64347   1.00000  
125  0.6152   6431.743969  x:  0.31300   0.06906   0.33126   0.18143   0.12557   0.10581   0.00693   0.84875   0.02280   0.07670   0.01408   0.02378   0.43497   0.00000   0.00000   0.23861   0.36355   0.07046   0.00179   0.18015   0.10577   0.15146   0.21817   0.02436   0.40682   0.05764   1.33188   0.35400   0.17254   0.48421   0.03655   0.11682   0.10179   0.30874   0.30528   0.00000   0.35075   0.11639   0.22657   0.19963   0.46453   0.55420   0.85371   0.22214   1.57907   0.99025   0.16360   3.64362   1.00000  
126  0.0641   6431.743507  x:  0.31287   0.06818   0.33342   0.18126   0.12569   0.10584   0.00693   0.84934   0.02278   0.07668   0.01406   0.02380   0.43505   0.00000   0.00000   0.23861   0.36368   0.07048   0.00179   0.18017   0.10577   0.15147   0.21822   0.02435   0.40682   0.05764   1.33201   0.35404   0.17258   0.48444   0.03652   0.11661   0.10197   0.30936   0.30542   0.00000   0.35085   0.11634   0.22646   0.19973   0.46382   0.55347   0.85393   0.22201   1.57944   0.99024   0.16371   3.64629   1.00000  
127  0.0438   6431.739747  x:  0.31437   0.06625   0.33338   0.18144   0.12563   0.10601   0.00701   0.84937   0.02285   0.07658   0.01388   0.02395   0.43547   0.00000   0.00000   0.23874   0.36335   0.07061   0.00180   0.18042   0.10577   0.15155   0.21858   0.02428   0.40714   0.05759   1.33334   0.35478   0.17308   0.48545   0.03697   0.11824   0.10072   0.30957   0.30679   0.00000   0.35083   0.11660   0.22586   0.20039   0.46379   0.55551   0.85570   0.22351   1.57732   0.99019   0.16448   3.66791   1.00000  
128  0.2967   6431.736195  x:  0.31372   0.06862   0.33356   0.18138   0.12570   0.10619   0.00708   0.84930   0.02290   0.07662   0.01371   0.02409   0.43610   0.00000   0.00000   0.23886   0.36349   0.07073   0.00180   0.18067   0.10580   0.15162   0.21892   0.02422   0.40750   0.05754   1.33461   0.35535   0.17342   0.48643   0.03477   0.11814   0.10182   0.31029   0.30634   0.00000   0.35120   0.11720   0.22514   0.20103   0.46489   0.55750   0.85727   0.22286   1.57485   0.99013   0.16519   3.68837   1.00000  
129  3.2333   6431.675157  x:  0.31343   0.06977   0.33114   0.18151   0.12577   0.10646   0.00701   0.85174   0.02344   0.07683   0.01412   0.02395   0.43430   0.00000   0.00000   0.23984   0.36345   0.07093   0.00183   0.18086   0.10628   0.15179   0.21875   0.02429   0.40768   0.05769   1.34057   0.35479   0.17322   0.48436   0.03681   0.11692   0.10291   0.30941   0.30716   0.00000   0.35046   0.11778   0.22542   0.20112   0.46269   0.55549   0.85866   0.22260   1.57729   0.98936   0.16676   3.74834   1.00000  
130  0.0076   6431.558218  x:  0.31438   0.07088   0.33044   0.18311   0.12627   0.10673   0.00696   0.85803   0.02361   0.07743   0.01456   0.02389   0.43573   0.00000   0.00000   0.24125   0.36551   0.07135   0.00186   0.18121   0.10738   0.15232   0.21979   0.02473   0.40969   0.05787   1.34773   0.35567   0.17364   0.48479   0.03872   0.11652   0.10417   0.30946   0.30901   0.00000   0.35191   0.11772   0.22737   0.20158   0.46471   0.55580   0.86166   0.22368   1.58350   0.98601   0.16663   3.78005   1.00000  
131  0.0186   6431.541172  x:  0.31537   0.06914   0.33480   0.18294   0.12654   0.10689   0.00706   0.85692   0.02310   0.07730   0.01413   0.02410   0.43846   0.00000   0.00000   0.24079   0.36651   0.07139   0.00182   0.18156   0.10702   0.15243   0.22046   0.02461   0.41054   0.05775   1.34381   0.35717   0.17441   0.48874   0.03630   0.11828   0.10288   0.31114   0.30834   0.00000   0.35355   0.11770   0.22788   0.20179   0.46878   0.55989   0.86248   0.22468   1.57841   0.98584   0.16412   3.68662   1.00000  
132  0.0630   6431.541042  x:  0.31532   0.06899   0.33475   0.18294   0.12653   0.10683   0.00706   0.85686   0.02305   0.07731   0.01412   0.02409   0.43843   0.00000   0.00000   0.24072   0.36656   0.07137   0.00182   0.18146   0.10704   0.15238   0.22049   0.02462   0.41046   0.05774   1.34318   0.35705   0.17433   0.48861   0.03632   0.11826   0.10286   0.31093   0.30820   0.00000   0.35352   0.11765   0.22795   0.20166   0.46887   0.55969   0.86220   0.22463   1.57889   0.98580   0.16390   3.68300   1.00000  
133  0.0036   6431.541041  x:  0.31532   0.06900   0.33475   0.18294   0.12653   0.10683   0.00706   0.85689   0.02305   0.07731   0.01412   0.02409   0.43844   0.00000   0.00000   0.24073   0.36657   0.07138   0.00182   0.18147   0.10705   0.15238   0.22049   0.02462   0.41048   0.05774   1.34325   0.35705   0.17434   0.48861   0.03634   0.11825   0.10287   0.31094   0.30821   0.00000   0.35354   0.11765   0.22796   0.20166   0.46887   0.55971   0.86222   0.22464   1.57887   0.98579   0.16391   3.68331   1.00000  
134  0.0003   6431.541041  x:  0.31532   0.06900   0.33475   0.18294   0.12653   0.10683   0.00706   0.85689   0.02305   0.07731   0.01412   0.02409   0.43844   0.00000   0.00000   0.24073   0.36657   0.07138   0.00182   0.18147   0.10705   0.15238   0.22049   0.02462   0.41048   0.05774   1.34325   0.35705   0.17434   0.48861   0.03633   0.11825   0.10287   0.31094   0.30821   0.00000   0.35353   0.11765   0.22796   0.20167   0.46887   0.55971   0.86222   0.22464   1.57887   0.98579   0.16391   3.68332   1.00000  
135  0.0000   6431.541041  x:  0.31532   0.06900   0.33475   0.18294   0.12653   0.10683   0.00706   0.85689   0.02305   0.07731   0.01412   0.02409   0.43844   0.00000   0.00000   0.24073   0.36657   0.07138   0.00182   0.18147   0.10705   0.15238   0.22049   0.02462   0.41048   0.05774   1.34325   0.35705   0.17434   0.48861   0.03633   0.11825   0.10287   0.31094   0.30821   0.00000   0.35353   0.11765   0.22796   0.20167   0.46887   0.55971   0.86222   0.22464   1.57887   0.98579   0.16391   3.68333   1.00000  
136  0.0000   6431.541041  x:  0.31532   0.06900   0.33475   0.18294   0.12653   0.10683   0.00706   0.85689   0.02305   0.07731   0.01412   0.02409   0.43844   0.00000   0.00000   0.24073   0.36657   0.07138   0.00182   0.18147   0.10705   0.15238   0.22049   0.02462   0.41048   0.05774   1.34325   0.35705   0.17434   0.48861   0.03633   0.11825   0.10287   0.31094   0.30821   0.00000   0.35353   0.11765   0.22796   0.20167   0.46887   0.55971   0.86222   0.22464   1.57887   0.98579   0.16391   3.68332   1.00000  
137  0.0000   6431.541041  x:  0.31532   0.06900   0.33475   0.18294   0.12653   0.10683   0.00706   0.85689   0.02305   0.07731   0.01412   0.02409   0.43844   0.00000   0.00000   0.24073   0.36657   0.07138   0.00182   0.18147   0.10705   0.15238   0.22049   0.02462   0.41048   0.05774   1.34325   0.35705   0.17434   0.48861   0.03633   0.11825   0.10287   0.31094   0.30821   0.00000   0.35353   0.11765   0.22796   0.20167   0.46887   0.55971   0.86222   0.22464   1.57887   0.98579   0.16391   3.68332   1.00000  
138  0.0000   6431.541041  x:  0.31532   0.06900   0.33475   0.18294   0.12653   0.10683   0.00706   0.85689   0.02305   0.07731   0.01412   0.02409   0.43844   0.00000   0.00000   0.24073   0.36657   0.07138   0.00182   0.18147   0.10705   0.15238   0.22049   0.02462   0.41048   0.05774   1.34325   0.35705   0.17434   0.48861   0.03633   0.11825   0.10287   0.31094   0.30821   0.00000   0.35353   0.11765   0.22796   0.20167   0.46887   0.55971   0.86222   0.22464   1.57887   0.98579   0.16391   3.68332   1.00000  