

TREE # 1

  0  0.0000  24882.817826  x:  0.04637   0.06528   0.05017   0.09862   0.05369   0.03073   0.02680   0.10429   0.02656   0.06937   0.01372   0.10368   0.01961   0.02396   0.07154   0.03725   0.03579   0.02549   0.08122   0.06109   0.02248   0.05711   0.03782   0.05784   0.09213   0.01793   0.09917   0.09359   0.04704   0.02266   0.05674   0.09429   0.06313   0.04808   0.07090   0.08996   0.06217   0.01213   0.08765   0.05020   0.07736   0.04673   0.02911   0.10953   0.09180   0.10019   2.00000   0.90000   0.34965   1.45834   2.94640  
  1 99.0000  22734.296039  x:  0.06098   0.06966   0.06005   0.10558   0.06121   0.02770   0.02426   0.10600   0.03358   0.07885   0.03490   0.10718   0.08577   0.03529   0.07175   0.06084   0.08253   0.03096   0.07946   0.06969   0.02422   0.05424   0.05136   0.08098   0.10278   0.01826   0.11224   0.09763   0.09169   0.08384   0.06862   0.10919   0.06871   0.06051   0.07692   0.09693   0.07908   0.02434   0.10032   0.05499   0.09694   0.06081   0.07857   0.12572   0.10674   0.11480   2.00080   0.99999   0.33575   1.46160   2.94251  
  2 16689.1202  20747.596560  x:  0.19465   0.10987   0.15046   0.16937   0.13008   0.00000   0.00109   0.12176   0.09767   0.16533   0.22707   0.13909   0.68624   0.13825   0.07366   0.27575   0.50777   0.08085   0.06333   0.14839   0.04012   0.02799   0.17510   0.29237   0.20034   0.02126   0.23200   0.13466   0.49838   0.63937   0.17721   0.24561   0.11973   0.17422   0.13187   0.16064   0.23367   0.13549   0.21631   0.09889   0.27606   0.18948   0.52851   0.27395   0.24354   0.24847   2.00799   0.98542   0.20733   1.49168   2.90732  
  3 39906.7967  20703.993602  x:  0.20080   0.11172   0.15462   0.17231   0.13325   0.00199   0.00020   0.12249   0.10061   0.16930   0.23590   0.14055   0.71384   0.14298   0.07375   0.28563   0.52732   0.08314   0.06259   0.15201   0.04086   0.02678   0.18079   0.30209   0.20482   0.02140   0.23751   0.13637   0.51707   0.66491   0.18220   0.25188   0.12208   0.17945   0.13440   0.16356   0.24078   0.14060   0.22165   0.10091   0.28429   0.19540   0.54919   0.28076   0.24983   0.25461   2.00832   0.98475   0.20143   1.49306   2.90571  
  4 4544185.1366  20623.599779  x:  0.22041   0.11751   0.16780   0.18192   0.14330   0.00411   0.06952   0.12487   0.10965   0.18142   0.26280   0.14476   0.79916   0.15718   0.07372   0.31606   0.58779   0.08997   0.06002   0.16348   0.04321   0.02330   0.19847   0.33250   0.21918   0.02167   0.25531   0.14203   0.57521   0.74385   0.19777   0.27201   0.12951   0.19590   0.14222   0.17263   0.26304   0.15608   0.23867   0.10712   0.31028   0.21379   0.61336   0.30267   0.26999   0.27423   2.00922   0.98269   0.18235   1.49752   2.90065  
  5 94875.4896  20416.853062  x:  0.28177   0.12098   0.19769   0.24008   0.16637   0.00406   0.06877   0.13688   0.09101   0.15109   0.20308   0.10020   0.76788   0.09704   0.03358   0.28684   0.56748   0.05122   0.02593   0.18744   0.05346   0.07229   0.19866   0.35875   0.26729   0.00000   0.33553   0.18549   0.59004   0.71435   0.20071   0.34719   0.14447   0.21985   0.13781   0.16603   0.28318   0.10805   0.29018   0.09612   0.35708   0.21286   0.61428   0.38881   0.34151   0.33559   1.99198   0.98321   0.18161   1.50986   2.89705  
  6 1047.0127  20349.368060  x:  0.31102   0.11299   0.20510   0.25666   0.16624   0.00405   0.06861   0.13590   0.07710   0.13518   0.15835   0.07250   0.75145   0.05753   0.03425   0.27827   0.55931   0.06113   0.02119   0.20171   0.02233   0.01418   0.19754   0.37411   0.28879   0.03090   0.36642   0.19644   0.61030   0.69879   0.20519   0.38199   0.14326   0.22505   0.13112   0.16086   0.29783   0.07361   0.31487   0.08700   0.38283   0.21221   0.62072   0.43062   0.37397   0.36484   1.97746   0.98342   0.21217   1.51718   2.89503  
  7 1265.5116  20308.282469  x:  0.33890   0.08349   0.19737   0.24823   0.14201   0.00404   0.06847   0.12161   0.05497   0.12351   0.07631   0.03805   0.72936   0.00000   0.07920   0.28230   0.55398   0.12377   0.03922   0.22173   0.07825   0.01714   0.19235   0.39491   0.30519   0.09073   0.37440   0.17607   0.66306   0.67791   0.21970   0.41348   0.12293   0.21451   0.11385   0.15268   0.32519   0.01541   0.33900   0.07308   0.41487   0.21276   0.64087   0.47258   0.40161   0.39272   1.94848   0.98365   0.23001   1.53636   2.89182  
  8 792.8774  20291.957957  x:  0.34724   0.07245   0.19410   0.24272   0.13446   0.00402   0.06805   0.11919   0.05273   0.13291   0.04338   0.04449   0.71490   0.00000   0.09392   0.28230   0.54891   0.13917   0.03645   0.22472   0.06521   0.01843   0.18547   0.40123   0.30661   0.09193   0.36905   0.16140   0.69007   0.66446   0.22897   0.42322   0.11396   0.20582   0.10633   0.15200   0.33850   0.00000   0.34652   0.07377   0.42476   0.21463   0.64934   0.48604   0.40975   0.40106   1.93325   0.98382   0.19998   1.55103   2.89032  
  9 487.1821  20278.759077  x:  0.35634   0.06163   0.18985   0.23452   0.12940   0.00402   0.06821   0.11837   0.05262   0.15477   0.00000   0.06154   0.69560   0.00000   0.10378   0.27883   0.54350   0.14840   0.02191   0.22103   0.04782   0.03235   0.17279   0.40812   0.30325   0.07307   0.35600   0.14304   0.73564   0.64737   0.23978   0.43212   0.10380   0.19060   0.09635   0.15477   0.35758   0.00480   0.35313   0.07750   0.43396   0.21701   0.66710   0.50127   0.41836   0.41015   1.90650   0.98389   0.22354   1.56967   2.88785  
 10 425.2615  20271.989110  x:  0.36172   0.06366   0.18933   0.23241   0.13441   0.00402   0.06814   0.12235   0.05418   0.17649   0.00000   0.07681   0.67265   0.00000   0.10526   0.27192   0.53681   0.15189   0.01850   0.21675   0.06671   0.01405   0.16611   0.41154   0.30051   0.05191   0.34660   0.14918   0.77586   0.62921   0.24462   0.43588   0.10396   0.17935   0.09070   0.15931   0.36926   0.01178   0.35453   0.07736   0.43688   0.21703   0.68234   0.51129   0.42468   0.41554   1.87956   0.98401   0.22955   1.59200   2.88510  
 11 311.0784  20264.044540  x:  0.36342   0.08007   0.18987   0.23288   0.14941   0.00401   0.06809   0.13055   0.05287   0.20081   0.00000   0.08225   0.63062   0.00000   0.10083   0.26004   0.52840   0.16090   0.05315   0.21769   0.05762   0.02134   0.16956   0.41505   0.29748   0.05058   0.33509   0.19101   0.84725   0.59915   0.24149   0.43109   0.11612   0.16663   0.08800   0.16840   0.37736   0.01340   0.34724   0.06853   0.43305   0.21436   0.71249   0.51881   0.42946   0.41724   1.82689   0.98415   0.23916   1.64054   2.87929  
 12 259.3069  20255.736091  x:  0.35561   0.08252   0.18645   0.24000   0.14706   0.00401   0.06808   0.12726   0.04123   0.18720   0.00000   0.04142   0.58764   0.00000   0.08508   0.25534   0.52739   0.14959   0.04593   0.20789   0.05453   0.01769   0.18319   0.41616   0.29740   0.04219   0.34299   0.18339   0.91452   0.57225   0.22371   0.41789   0.12339   0.17083   0.09660   0.17377   0.36675   0.00000   0.33784   0.07078   0.42393   0.21740   0.74562   0.51623   0.42604   0.40943   1.76537   0.98423   0.24232   1.71014   2.87196  
 13 160.1460  20249.985317  x:  0.35021   0.07515   0.19077   0.25380   0.13949   0.00401   0.06799   0.12760   0.05975   0.16714   0.00000   0.05209   0.54268   0.03045   0.07655   0.25776   0.52109   0.13857   0.03034   0.21057   0.05741   0.01812   0.19406   0.41100   0.30366   0.07174   0.37473   0.17539   0.95697   0.54888   0.21250   0.42018   0.12348   0.18435   0.10286   0.16745   0.34761   0.00676   0.34020   0.07738   0.41786   0.21681   0.76308   0.51369   0.42391   0.40403   1.70932   0.98436   0.24838   1.79476   2.86193  
 14 177.2135  20244.517059  x:  0.35515   0.06951   0.19823   0.25195   0.14228   0.00400   0.06795   0.12682   0.06287   0.16222   0.00000   0.06557   0.52785   0.00000   0.07833   0.26317   0.51566   0.12782   0.03268   0.22383   0.05884   0.01742   0.19009   0.40308   0.30903   0.08609   0.38614   0.17045   0.94573   0.54629   0.22449   0.43436   0.11891   0.19223   0.09504   0.14858   0.34096   0.01058   0.35194   0.07078   0.42373   0.21011   0.75272   0.51365   0.42604   0.40897   1.69557   0.98442   0.25594   1.85802   2.85328  
 15 100.2332  20235.937617  x:  0.37320   0.07387   0.20038   0.24775   0.14489   0.00400   0.06789   0.11627   0.02537   0.15830   0.00000   0.06395   0.51030   0.02228   0.09953   0.26346   0.50211   0.12441   0.03880   0.23290   0.05373   0.01387   0.17350   0.39408   0.31786   0.08117   0.38701   0.17524   0.90832   0.53950   0.23104   0.45518   0.12227   0.20623   0.09362   0.13211   0.34254   0.00000   0.36727   0.06910   0.44109   0.20927   0.72274   0.52738   0.43971   0.42701   1.67405   0.98452   0.27542   2.01617   2.83044  
 16 158.1333  20229.173499  x:  0.39239   0.07624   0.19739   0.24874   0.13717   0.00399   0.06772   0.12917   0.04387   0.15909   0.00000   0.03265   0.50185   0.02684   0.10875   0.25033   0.48644   0.14043   0.03793   0.22726   0.04865   0.01256   0.16220   0.39831   0.32628   0.08838   0.37901   0.18209   0.85799   0.52965   0.23581   0.47430   0.12123   0.20622   0.10072   0.14466   0.36088   0.01366   0.37493   0.07726   0.45794   0.21629   0.68755   0.55124   0.45578   0.44620   1.67115   0.98466   0.28886   2.16313   2.80758  
 17 273.6548  20225.908982  x:  0.39707   0.07363   0.19426   0.25401   0.13741   0.00399   0.06772   0.13315   0.04875   0.16292   0.00000   0.03685   0.50502   0.02492   0.10220   0.24360   0.48343   0.14691   0.03048   0.22089   0.04766   0.01302   0.16458   0.40533   0.32843   0.09323   0.37754   0.18486   0.84086   0.52843   0.23225   0.47571   0.11842   0.19954   0.10159   0.15350   0.36598   0.00000   0.37124   0.07189   0.45988   0.21629   0.67687   0.56031   0.46069   0.45089   1.67650   0.98468   0.29571   2.20980   2.79954  
 18 213.4056  20223.751077  x:  0.40068   0.06684   0.19074   0.26134   0.14065   0.00399   0.06768   0.12869   0.03214   0.16166   0.00000   0.04525   0.50959   0.01937   0.08865   0.23930   0.48181   0.15305   0.02562   0.22042   0.04654   0.01324   0.17394   0.41719   0.33013   0.10254   0.38236   0.18526   0.82426   0.52323   0.22312   0.47117   0.11481   0.18423   0.09638   0.16795   0.37330   0.01191   0.36783   0.07335   0.45822   0.21675   0.66637   0.57394   0.46748   0.45450   1.69060   0.98471   0.29836   2.26011   2.78919  
 19 140.7845  20221.272621  x:  0.39908   0.07632   0.20074   0.25865   0.14293   0.00398   0.06767   0.13593   0.03564   0.15938   0.00000   0.04305   0.51745   0.02793   0.07679   0.25502   0.48899   0.14223   0.02934   0.23401   0.04262   0.01146   0.18247   0.42663   0.32177   0.09611   0.39478   0.17385   0.81854   0.51106   0.22700   0.45973   0.12867   0.16335   0.07614   0.17557   0.36784   0.01120   0.36401   0.07325   0.44467   0.21073   0.66140   0.58931   0.47678   0.45290   1.72091   0.98474   0.30797   2.32488   2.77063  
 20 64.5845  20218.680862  x:  0.39222   0.07304   0.19654   0.25234   0.13813   0.00399   0.06770   0.12584   0.03806   0.16496   0.00000   0.04677   0.52751   0.02477   0.07517   0.26441   0.49895   0.11489   0.02442   0.22392   0.03754   0.01194   0.17341   0.41966   0.31184   0.09550   0.40243   0.19331   0.81977   0.50897   0.23389   0.45583   0.13471   0.17287   0.08519   0.18020   0.35615   0.01038   0.36839   0.08112   0.43495   0.21460   0.66372   0.59762   0.47943   0.44604   1.76168   0.98475   0.31788   2.39030   2.74454  
 21 60.2298  20216.824699  x:  0.38791   0.07007   0.20077   0.26430   0.15391   0.00399   0.06773   0.12921   0.04184   0.16212   0.00000   0.04929   0.53342   0.02906   0.06932   0.25131   0.50246   0.10655   0.03235   0.21948   0.03200   0.01103   0.17197   0.40841   0.31933   0.08486   0.39415   0.18716   0.82357   0.52030   0.22486   0.46040   0.12970   0.18839   0.09348   0.16992   0.35096   0.01593   0.37029   0.07491   0.43639   0.21460   0.66957   0.58895   0.47153   0.44173   1.78365   0.98474   0.32475   2.43664   2.72006  
 22 62.4342  20216.185143  x:  0.38935   0.08193   0.20235   0.26338   0.14552   0.00399   0.06773   0.13435   0.03843   0.16527   0.00000   0.05019   0.53481   0.02858   0.06622   0.24511   0.50093   0.10695   0.02305   0.22052   0.02971   0.01183   0.17585   0.40632   0.32547   0.08389   0.39391   0.19107   0.82117   0.53039   0.22095   0.46209   0.13185   0.19019   0.08984   0.16020   0.35263   0.01852   0.36708   0.07613   0.44086   0.21357   0.67205   0.57586   0.46580   0.44316   1.78338   0.98473   0.32599   2.44892   2.70708  
 23 37.1429  20215.791297  x:  0.39263   0.08073   0.20074   0.26694   0.14657   0.00399   0.06774   0.13174   0.03972   0.16794   0.00000   0.04923   0.53493   0.02933   0.06522   0.25063   0.49702   0.10430   0.02435   0.22642   0.02837   0.01141   0.17896   0.40985   0.32498   0.07778   0.39975   0.19433   0.81156   0.53728   0.22552   0.46223   0.12572   0.18665   0.09334   0.16352   0.35519   0.01682   0.36181   0.08074   0.44280   0.21327   0.67435   0.56330   0.46314   0.44645   1.76892   0.98473   0.32743   2.44945   2.68950  
 24 17.9804  20215.347524  x:  0.39592   0.08449   0.20293   0.26470   0.15253   0.00399   0.06773   0.13412   0.03736   0.16624   0.00000   0.05124   0.53759   0.02862   0.06387   0.25636   0.49527   0.10233   0.02243   0.22139   0.02766   0.01209   0.17371   0.41311   0.31852   0.08037   0.40057   0.19061   0.79920   0.54138   0.22686   0.46190   0.13008   0.18704   0.09773   0.17026   0.35643   0.01847   0.36254   0.07590   0.44125   0.21160   0.67691   0.55795   0.46742   0.44973   1.74771   0.98472   0.32623   2.44411   2.66112  
 25 24.6493  20214.592259  x:  0.39590   0.07886   0.20060   0.25943   0.14510   0.00399   0.06774   0.13508   0.03909   0.16348   0.00000   0.05559   0.54596   0.02904   0.05460   0.25208   0.49864   0.09566   0.03167   0.21685   0.02731   0.01134   0.17216   0.41547   0.31618   0.07751   0.39615   0.18969   0.78367   0.54221   0.22155   0.46244   0.13397   0.18592   0.09150   0.16833   0.35221   0.01747   0.36992   0.07886   0.43828   0.21544   0.67938   0.56353   0.47527   0.44971   1.71921   0.98468   0.32456   2.42904   2.60414  
 26 37.0275  20213.122580  x:  0.38917   0.06893   0.20123   0.26806   0.15112   0.00399   0.06771   0.13505   0.04148   0.16797   0.00000   0.05294   0.55653   0.02704   0.07040   0.24662   0.50803   0.09356   0.02250   0.21510   0.02430   0.01245   0.17805   0.41320   0.32042   0.07342   0.39316   0.19770   0.76456   0.53383   0.21783   0.45998   0.13803   0.18290   0.07752   0.15939   0.34293   0.02008   0.37295   0.07873   0.43128   0.21490   0.67995   0.58157   0.48064   0.44298   1.68769   0.98464   0.32081   2.39453   2.48237  
 27 73.1312  20208.194904  x:  0.37741   0.06925   0.20827   0.27654   0.14248   0.00398   0.06756   0.12899   0.03415   0.18105   0.00000   0.05654   0.56031   0.02525   0.05121   0.22630   0.51424   0.10259   0.00961   0.25155   0.02112   0.01342   0.17286   0.38944   0.33070   0.06720   0.39610   0.19041   0.74548   0.50055   0.23839   0.45869   0.14680   0.20168   0.09341   0.16117   0.34333   0.01738   0.35980   0.07849   0.43119   0.20616   0.67471   0.63374   0.47516   0.43121   1.65792   0.98460   0.31159   2.27727   2.04911  
 28 128.3652  20191.351754  x:  0.38960   0.07717   0.22328   0.28047   0.13938   0.00397   0.06721   0.13018   0.03050   0.15814   0.00000   0.06386   0.52927   0.02670   0.03832   0.23544   0.48897   0.06483   0.01285   0.23314   0.01552   0.01497   0.16190   0.36863   0.34397   0.05825   0.41497   0.18815   0.74781   0.44998   0.22154   0.47822   0.12603   0.19535   0.08054   0.15709   0.36922   0.00515   0.34496   0.08318   0.45488   0.19933   0.65563   0.69502   0.45342   0.44337   1.66208   0.98451   0.28872   2.01578   1.00000  
 29 423.8687  20189.511884  x:  0.39747   0.07224   0.21457   0.28528   0.13554   0.00396   0.06711   0.12653   0.03066   0.15920   0.00000   0.06223   0.50952   0.02679   0.03531   0.22486   0.47492   0.07358   0.01195   0.23248   0.01208   0.01579   0.16104   0.37765   0.33535   0.04621   0.42702   0.18688   0.75266   0.45268   0.22213   0.48370   0.12941   0.19775   0.07517   0.15693   0.35232   0.00613   0.35934   0.07679   0.44424   0.19642   0.64937   0.69475   0.46580   0.45124   1.67374   0.98448   0.28304   1.95427   1.00000  
 30 58.2504  20188.569416  x:  0.40116   0.06816   0.21251   0.28982   0.13885   0.00396   0.06705   0.13228   0.02698   0.16662   0.00000   0.06094   0.49990   0.02747   0.03755   0.21393   0.46864   0.06204   0.01027   0.23959   0.01312   0.01633   0.16311   0.38445   0.33340   0.05151   0.42161   0.18084   0.75515   0.45480   0.22430   0.48398   0.13393   0.19841   0.07468   0.15868   0.34660   0.00248   0.36411   0.08454   0.43853   0.20202   0.64595   0.68987   0.47731   0.45492   1.67955   0.98448   0.28216   1.93633   1.00000  
 31 50.1545  20186.845898  x:  0.40141   0.05462   0.21854   0.29179   0.13276   0.00396   0.06700   0.14391   0.02443   0.16045   0.00000   0.06828   0.49328   0.02261   0.03921   0.22301   0.47282   0.06537   0.00868   0.24474   0.01256   0.01698   0.16548   0.38180   0.34378   0.04027   0.41394   0.18312   0.75261   0.44978   0.21910   0.48369   0.14135   0.20276   0.08142   0.15886   0.34809   0.00000   0.35978   0.08985   0.43427   0.20381   0.64051   0.68133   0.49888   0.45517   1.68302   0.98447   0.28537   1.94979   1.00000  
 32 19.6955  20184.235040  x:  0.40083   0.03908   0.21841   0.29223   0.12971   0.00395   0.06693   0.13650   0.02614   0.16232   0.00913   0.06090   0.49424   0.03024   0.02362   0.22414   0.48320   0.05774   0.00432   0.24315   0.01303   0.01829   0.16019   0.37441   0.35134   0.03240   0.40854   0.18564   0.75104   0.43953   0.22491   0.48448   0.14109   0.19789   0.07869   0.14804   0.35194   0.00000   0.34946   0.07627   0.43646   0.19573   0.63562   0.67149   0.51573   0.45458   1.67881   0.98442   0.28677   1.99994   1.00000  
 33 52.3935  20180.038679  x:  0.39921   0.05546   0.21496   0.29957   0.12588   0.00395   0.06681   0.11892   0.03307   0.16223   0.00373   0.07152   0.50675   0.02243   0.03018   0.20483   0.49466   0.05423   0.01604   0.23297   0.01339   0.02089   0.15999   0.36556   0.35237   0.00842   0.43019   0.17022   0.73688   0.42157   0.22421   0.48653   0.14185   0.19450   0.08050   0.14440   0.34986   0.00000   0.34321   0.08008   0.44532   0.19587   0.62966   0.67554   0.51584   0.45294   1.67056   0.98434   0.29616   2.09530   1.00000  
 34 84.5071  20178.546061  x:  0.39598   0.05674   0.21930   0.29678   0.13382   0.00395   0.06677   0.12714   0.03042   0.16074   0.00283   0.07155   0.50946   0.02135   0.02134   0.20922   0.48862   0.06233   0.01131   0.23625   0.01376   0.02232   0.15663   0.36260   0.34439   0.00000   0.43028   0.17395   0.73146   0.42236   0.22185   0.48765   0.13239   0.19573   0.07629   0.14324   0.34303   0.00000   0.35494   0.09111   0.44471   0.20085   0.63042   0.68686   0.49872   0.44971   1.66594   0.98430   0.29988   2.13479   1.00000  
 35 68.4909  20178.546061  x:  0.39598   0.05674   0.21930   0.29678   0.13382   0.00395   0.06677   0.12714   0.03042   0.16074   0.00283   0.07155   0.50946   0.02135   0.02134   0.20922   0.48862   0.06233   0.01131   0.23625   0.01376   0.02232   0.15663   0.36260   0.34439   0.00000   0.43028   0.17395   0.73146   0.42236   0.22185   0.48765   0.13239   0.19573   0.07629   0.14324   0.34303   0.00000   0.35494   0.09111   0.44471   0.20085   0.63042   0.68686   0.49872   0.44971   1.66594   0.98430   0.29988   2.13479   1.00000  
 36 54.3228  20155.883552  x:  0.39684   0.05675   0.21940   0.29715   0.13431   0.02529   0.06137   0.12755   0.03085   0.16080   0.00298   0.07206   0.50922   0.02212   0.02466   0.21035   0.48828   0.06353   0.01195   0.23606   0.03095   0.03142   0.15720   0.36361   0.34470   0.00074   0.43094   0.17549   0.73179   0.42343   0.22200   0.48859   0.13225   0.19577   0.07600   0.14344   0.34332   0.00000   0.35583   0.09020   0.44508   0.20072   0.63046   0.68701   0.49925   0.45057   1.66655   0.99846   0.29215   2.13594   1.00000  
 37 1578.1101  20147.539561  x:  0.39984   0.05626   0.21915   0.29779   0.13443   0.02510   0.03755   0.12863   0.03162   0.16035   0.00234   0.07309   0.50804   0.02331   0.03398   0.21353   0.48662   0.06655   0.01290   0.23463   0.04792   0.04106   0.15864   0.36695   0.34544   0.00303   0.43293   0.18012   0.73278   0.42691   0.22207   0.49169   0.13131   0.19549   0.07480   0.14374   0.34398   0.00000   0.35867   0.08640   0.44609   0.19984   0.63044   0.68735   0.50092   0.45356   1.66820   0.98208   0.27160   2.13894   1.00000  
 38 624.4713  20140.446406  x:  0.40267   0.05582   0.21893   0.29838   0.13440   0.01679   0.01889   0.12965   0.03223   0.15988   0.00159   0.07373   0.50693   0.02388   0.04024   0.21599   0.48501   0.06842   0.01319   0.23321   0.05112   0.04194   0.15984   0.37001   0.34611   0.00332   0.43471   0.18395   0.73373   0.43015   0.22217   0.49459   0.13047   0.19527   0.07363   0.14409   0.34463   0.00000   0.36133   0.08309   0.44709   0.19913   0.63044   0.68772   0.50254   0.45639   1.66982   0.98765   0.25390   2.14174   1.00000  
 39 881.0117  20137.738656  x:  0.40538   0.05496   0.21834   0.29862   0.13385   0.01947   0.01996   0.13027   0.03212   0.15891   0.00000   0.07353   0.50554   0.02307   0.04340   0.21734   0.48303   0.06871   0.01225   0.23136   0.04774   0.03856   0.16042   0.37268   0.34640   0.00182   0.43609   0.18668   0.73450   0.43302   0.22186   0.49720   0.12931   0.19476   0.07219   0.14413   0.34492   0.00000   0.36362   0.07966   0.44781   0.19814   0.63027   0.68795   0.50394   0.45911   1.67129   0.98652   0.24278   2.14396   1.00000  
 40 281.2148  20136.972047  x:  0.40753   0.05403   0.21761   0.29856   0.13316   0.01852   0.02094   0.13048   0.03161   0.15794   0.00000   0.07313   0.50420   0.02196   0.04317   0.21738   0.48110   0.06806   0.01145   0.22995   0.04856   0.03954   0.16039   0.37443   0.34630   0.00000   0.43688   0.18799   0.73503   0.43508   0.22134   0.49908   0.12820   0.19420   0.07087   0.14403   0.34488   0.00000   0.36512   0.07728   0.44820   0.19734   0.62998   0.68804   0.50496   0.46125   1.67247   0.98671   0.24237   2.14525   1.00000  
 41 151.1400  20135.269094  x:  0.41922   0.04963   0.21372   0.29805   0.12968   0.02240   0.01458   0.13179   0.02917   0.15341   0.00000   0.07227   0.49687   0.01884   0.04051   0.21683   0.47022   0.06713   0.01194   0.22392   0.04581   0.03797   0.15986   0.38315   0.34534   0.00000   0.44099   0.19484   0.73789   0.44573   0.21877   0.50905   0.12273   0.19144   0.06446   0.14402   0.34448   0.00000   0.37257   0.06758   0.45015   0.19419   0.62821   0.68855   0.51052   0.47295   1.67910   0.98600   0.24884   2.15220   1.00000  
 42 318.8264  20133.808330  x:  0.43411   0.04836   0.21082   0.29814   0.12885   0.02134   0.01748   0.13583   0.03008   0.15167   0.00000   0.07662   0.48860   0.02724   0.04331   0.21744   0.45724   0.07535   0.02443   0.22225   0.04668   0.03677   0.15887   0.39215   0.34380   0.00000   0.44584   0.20109   0.74201   0.45784   0.21838   0.52137   0.11931   0.19025   0.06078   0.14737   0.34467   0.00000   0.38064   0.06785   0.45295   0.19572   0.62592   0.68967   0.51833   0.48784   1.68861   0.98632   0.25587   2.16309   1.00000  
 43 158.7389  20132.465300  x:  0.45253   0.05339   0.21057   0.30009   0.13361   0.02231   0.01716   0.14230   0.03082   0.15275   0.00000   0.07554   0.47956   0.02995   0.04190   0.21721   0.44458   0.07140   0.01757   0.22187   0.04552   0.03655   0.15395   0.39924   0.34135   0.00000   0.45055   0.19572   0.74772   0.46799   0.22244   0.53526   0.12154   0.19305   0.06424   0.15620   0.34635   0.00000   0.38729   0.08308   0.45700   0.20389   0.62350   0.69245   0.52963   0.50626   1.70204   0.98569   0.26039   2.18129   1.00000  
 44 97.4814  20131.810726  x:  0.46252   0.05238   0.21076   0.30213   0.13630   0.02278   0.01766   0.14085   0.02187   0.15435   0.00000   0.06819   0.47826   0.02552   0.04322   0.21873   0.44601   0.06983   0.02272   0.23141   0.04331   0.03754   0.15543   0.39850   0.34334   0.00000   0.45168   0.18844   0.75283   0.46687   0.22626   0.54011   0.12279   0.19394   0.06754   0.15767   0.34640   0.00000   0.38334   0.08237   0.45815   0.20195   0.62228   0.69563   0.53695   0.51625   1.71278   0.98599   0.26334   2.20164   1.00000  
 45 45.8046  20131.121094  x:  0.47160   0.04815   0.21130   0.30351   0.13522   0.02291   0.01848   0.14054   0.02226   0.15861   0.00000   0.06913   0.48070   0.03026   0.04170   0.21937   0.45270   0.07104   0.01586   0.23781   0.04518   0.03166   0.15599   0.39410   0.34602   0.00000   0.45175   0.18506   0.75963   0.46231   0.23052   0.54387   0.12272   0.19240   0.06904   0.15527   0.34592   0.00000   0.37561   0.07703   0.45854   0.19699   0.62116   0.69954   0.54399   0.52533   1.72546   0.98646   0.26881   2.23172   1.00000  
 46 68.6691  20130.678993  x:  0.47586   0.04562   0.21169   0.30360   0.13291   0.02400   0.01882   0.14119   0.02583   0.15942   0.00000   0.07064   0.48342   0.03182   0.03810   0.21856   0.45815   0.07178   0.01392   0.23877   0.03924   0.03781   0.15682   0.39043   0.34775   0.00000   0.45118   0.18771   0.76397   0.45823   0.23111   0.54481   0.12291   0.19063   0.06910   0.15310   0.34599   0.00000   0.37132   0.07669   0.45866   0.19603   0.62076   0.70207   0.54746   0.52958   1.73350   0.98685   0.27102   2.25606   1.00000  
 47 94.7013  20130.010363  x:  0.47813   0.04400   0.21176   0.30227   0.12907   0.02397   0.02014   0.14160   0.02842   0.15437   0.00000   0.06974   0.48802   0.02531   0.03442   0.21610   0.46601   0.06994   0.01676   0.23253   0.04015   0.03370   0.15876   0.38512   0.34939   0.00000   0.44905   0.19658   0.76910   0.45149   0.22615   0.54229   0.12442   0.18763   0.06784   0.15051   0.34685   0.00000   0.36908   0.08284   0.45845   0.19992   0.62101   0.70528   0.54959   0.53186   1.74347   0.98755   0.27522   2.30022   1.00000  
 48 82.5813  20129.544971  x:  0.47595   0.04494   0.21103   0.30082   0.12946   0.02441   0.02077   0.14039   0.02475   0.15055   0.00000   0.07207   0.49078   0.02482   0.04282   0.21645   0.46811   0.06977   0.01488   0.22423   0.03743   0.03424   0.15750   0.38340   0.34786   0.00000   0.44676   0.19545   0.77092   0.44942   0.22093   0.53764   0.12594   0.18628   0.06643   0.15014   0.34672   0.00000   0.37161   0.08294   0.45697   0.20140   0.62170   0.70636   0.54781   0.52968   1.74728   0.98865   0.28166   2.33805   1.00000  
 49 76.3097  20128.667262  x:  0.46618   0.04938   0.21008   0.29846   0.13455   0.02498   0.02142   0.14115   0.02447   0.14924   0.00000   0.07693   0.49266   0.02528   0.03484   0.21244   0.46265   0.06807   0.01999   0.21627   0.03561   0.03294   0.15331   0.38527   0.34202   0.00000   0.44257   0.18399   0.77022   0.45157   0.21711   0.52753   0.12823   0.18645   0.06489   0.15264   0.34504   0.00000   0.38079   0.07485   0.45254   0.19982   0.62339   0.70594   0.53948   0.51991   1.74776   0.98943   0.28544   2.41830   1.00000  
 50 91.3260  20127.761464  x:  0.45230   0.04678   0.20618   0.29522   0.13073   0.02528   0.02218   0.14011   0.03303   0.15438   0.00000   0.06785   0.48723   0.02128   0.03819   0.21466   0.44924   0.06918   0.01736   0.22407   0.03372   0.03192   0.15155   0.39085   0.33657   0.00000   0.44171   0.18467   0.76320   0.45611   0.22393   0.52013   0.12234   0.18684   0.06298   0.15441   0.34213   0.00000   0.38558   0.07521   0.44893   0.19857   0.62351   0.70194   0.52708   0.50604   1.74029   0.99064   0.29404   2.51326   1.00000  
 51 90.9625  20127.261369  x:  0.44662   0.04750   0.20547   0.29509   0.12987   0.02519   0.02235   0.13495   0.02416   0.15435   0.00000   0.06772   0.48203   0.02752   0.03457   0.21463   0.44225   0.06733   0.01352   0.22943   0.03342   0.03186   0.15351   0.39311   0.33697   0.00000   0.44261   0.19153   0.75733   0.45888   0.22337   0.51929   0.11973   0.18850   0.06271   0.15355   0.34088   0.00000   0.38202   0.07862   0.44887   0.19822   0.62201   0.69819   0.52241   0.50036   1.73270   0.99082   0.29636   2.57091   1.00000  
 52 90.6648  20126.423912  x:  0.44486   0.05821   0.21274   0.29819   0.13236   0.02475   0.02188   0.13895   0.02732   0.14876   0.00000   0.06818   0.46972   0.02741   0.03738   0.21450   0.43777   0.06627   0.01321   0.22861   0.03395   0.03187   0.15916   0.39194   0.34288   0.00000   0.44424   0.19318   0.74412   0.46026   0.21817   0.52859   0.12132   0.19372   0.06381   0.14831   0.33945   0.00000   0.36642   0.07615   0.45149   0.19357   0.61609   0.68930   0.52211   0.49860   1.71472   0.99078   0.30372   2.67948   1.00000  
 53 77.7994  20125.584519  x:  0.44865   0.04951   0.21109   0.29861   0.12614   0.02409   0.02047   0.13703   0.02555   0.14987   0.00000   0.07251   0.46423   0.02446   0.03702   0.21371   0.44304   0.07106   0.01582   0.22165   0.03585   0.03242   0.15505   0.38663   0.34426   0.00000   0.44448   0.18268   0.73413   0.45822   0.21781   0.53833   0.11381   0.19362   0.06421   0.14659   0.34173   0.00000   0.36211   0.07989   0.45503   0.19687   0.61108   0.68179   0.52561   0.50239   1.69885   0.99016   0.30646   2.79067   1.00000  
 54 97.4437  20124.917268  x:  0.45525   0.04703   0.20765   0.29793   0.12901   0.02337   0.01933   0.13903   0.02548   0.15418   0.00000   0.07097   0.47054   0.02834   0.04018   0.21424   0.45191   0.06265   0.01938   0.22118   0.03784   0.03301   0.15022   0.38326   0.34048   0.00000   0.44320   0.19009   0.73169   0.45307   0.22363   0.54022   0.11706   0.19267   0.06680   0.15195   0.34298   0.00000   0.37247   0.07566   0.45402   0.19697   0.60954   0.67903   0.53125   0.50900   1.69170   0.98918   0.31189   2.88508   1.00000  
 55 83.6275  20124.579743  x:  0.45891   0.04851   0.20670   0.29752   0.13246   0.02290   0.01865   0.14034   0.02434   0.15289   0.00000   0.06777   0.47710   0.02701   0.03836   0.21506   0.45494   0.07210   0.01527   0.22389   0.03912   0.03357   0.15267   0.38513   0.33920   0.00000   0.44315   0.19282   0.73431   0.45148   0.22399   0.53713   0.12165   0.19056   0.06606   0.15409   0.34286   0.00000   0.37960   0.07492   0.45267   0.19683   0.61063   0.68026   0.53411   0.51266   1.69237   0.98851   0.31471   2.93403   1.00000  
 56 79.9008  20124.342804  x:  0.46046   0.04780   0.20701   0.29723   0.13170   0.02266   0.01789   0.14040   0.02682   0.15198   0.00000   0.07117   0.48354   0.02664   0.03971   0.21677   0.45341   0.06913   0.01486   0.22841   0.04021   0.03378   0.16041   0.39051   0.34092   0.00000   0.44358   0.18974   0.74168   0.45416   0.22170   0.53149   0.12294   0.18678   0.06286   0.15237   0.34206   0.00000   0.38114   0.07746   0.45211   0.19698   0.61409   0.68501   0.53467   0.51421   1.69887   0.98786   0.31637   2.96797   1.00000  
 57 40.4104  20124.204710  x:  0.45906   0.04758   0.20907   0.29862   0.13033   0.02235   0.01749   0.13864   0.02754   0.15262   0.00000   0.07099   0.48498   0.02557   0.04071   0.21628   0.44944   0.06975   0.01577   0.22637   0.04105   0.03403   0.15591   0.39143   0.34097   0.00000   0.44564   0.19135   0.75064   0.45840   0.22146   0.52727   0.12279   0.18902   0.06661   0.15247   0.34222   0.00000   0.37530   0.07655   0.45294   0.19686   0.61926   0.69251   0.53325   0.51282   1.70860   0.98754   0.31683   2.98663   1.00000  
 58 18.7508  20124.175645  x:  0.45775   0.04790   0.20970   0.29897   0.13231   0.02230   0.01735   0.13884   0.02745   0.15283   0.00000   0.06891   0.48309   0.02695   0.04068   0.21623   0.44982   0.06965   0.01603   0.22557   0.04118   0.03409   0.15508   0.39046   0.34162   0.00000   0.44560   0.19118   0.75283   0.45834   0.22219   0.52846   0.12164   0.18926   0.06377   0.15057   0.34308   0.00000   0.37559   0.07680   0.45373   0.19724   0.62054   0.69451   0.53207   0.51150   1.71201   0.98748   0.31677   2.98928   1.00000  
 59  7.1496  20124.148312  x:  0.45605   0.04977   0.20851   0.29790   0.13040   0.02227   0.01727   0.13901   0.02707   0.15305   0.00000   0.06911   0.47982   0.02726   0.04058   0.21652   0.45132   0.06973   0.01584   0.22581   0.04129   0.03412   0.15629   0.38950   0.34253   0.00000   0.44518   0.19095   0.75436   0.45755   0.22226   0.53129   0.12151   0.19130   0.06332   0.15110   0.34378   0.00000   0.37755   0.07619   0.45410   0.19723   0.62172   0.69644   0.53093   0.50980   1.71557   0.98752   0.31677   2.99006   1.00000  
 60  5.7062  20124.117177  x:  0.45494   0.04835   0.20877   0.29862   0.13291   0.02223   0.01723   0.13914   0.02726   0.15228   0.00000   0.07133   0.47820   0.02588   0.04082   0.21638   0.45248   0.06979   0.01544   0.22687   0.04127   0.03408   0.15702   0.38961   0.34190   0.00000   0.44521   0.19169   0.75423   0.45672   0.22140   0.53373   0.11965   0.19180   0.06435   0.15257   0.34285   0.00000   0.37856   0.07613   0.45370   0.19688   0.62202   0.69735   0.53046   0.50870   1.71795   0.98771   0.31668   2.98849   1.00000  
 61  3.3789  20123.884788  x:  0.45448   0.04987   0.21059   0.30009   0.12843   0.02197   0.01673   0.14025   0.02589   0.14849   0.00000   0.06973   0.48153   0.02710   0.04123   0.21449   0.45356   0.06910   0.01580   0.22687   0.04134   0.03383   0.15406   0.39391   0.33503   0.00000   0.44648   0.19057   0.74768   0.45497   0.22095   0.53996   0.11909   0.18652   0.06329   0.15300   0.33661   0.00000   0.37727   0.07624   0.45118   0.19540   0.61892   0.69716   0.53338   0.50825   1.72538   0.98961   0.31281   2.96963   1.00000  
 62  4.0265  20123.682719  x:  0.45692   0.04936   0.20871   0.29921   0.13059   0.02182   0.01654   0.13921   0.02508   0.15418   0.00000   0.07045   0.48342   0.02505   0.04059   0.21728   0.45063   0.06959   0.01594   0.22174   0.04115   0.03365   0.15727   0.39382   0.33907   0.00000   0.44539   0.19170   0.74441   0.45678   0.22326   0.53813   0.12033   0.18534   0.06374   0.15220   0.34099   0.00000   0.37652   0.07456   0.45153   0.19627   0.61626   0.69539   0.53570   0.51071   1.72699   0.99125   0.31099   2.95239   1.00000  
 63 13.9316  20123.604828  x:  0.45952   0.04709   0.20749   0.29787   0.13079   0.02179   0.01640   0.13960   0.02663   0.15030   0.00000   0.06925   0.48265   0.02639   0.04096   0.21628   0.44969   0.06916   0.01535   0.22441   0.04107   0.03351   0.15557   0.39102   0.34207   0.00000   0.44455   0.19114   0.74637   0.45828   0.22075   0.53461   0.12020   0.18765   0.06423   0.15199   0.34438   0.00000   0.37797   0.07338   0.45319   0.19659   0.61652   0.69456   0.53564   0.51331   1.72412   0.99188   0.30989   2.94611   1.00000  
 64 11.2636  20123.568128  x:  0.46175   0.04756   0.20852   0.29816   0.13024   0.02178   0.01643   0.14000   0.02598   0.15111   0.00000   0.07105   0.48033   0.02477   0.04129   0.21557   0.45102   0.06922   0.01527   0.22529   0.04101   0.03347   0.15441   0.39028   0.34148   0.00000   0.44502   0.19172   0.75106   0.45884   0.22157   0.53248   0.12067   0.18933   0.06184   0.15107   0.34191   0.00000   0.37885   0.07398   0.45409   0.19571   0.61829   0.69438   0.53444   0.51555   1.71963   0.99212   0.30951   2.94422   1.00000  
 65  5.7001  20123.535074  x:  0.46317   0.04654   0.20901   0.29925   0.13006   0.02180   0.01649   0.13940   0.02643   0.15099   0.00000   0.06895   0.47948   0.02630   0.04074   0.21647   0.45240   0.06910   0.01541   0.22309   0.04095   0.03348   0.15675   0.39205   0.34062   0.00000   0.44556   0.19128   0.75590   0.45821   0.22160   0.53280   0.12008   0.19076   0.06228   0.15241   0.33999   0.00000   0.37866   0.07400   0.45401   0.19566   0.62072   0.69500   0.53307   0.51697   1.71500   0.99221   0.30951   2.94380   1.00000  
 66  5.3172  20123.435431  x:  0.46345   0.04784   0.20779   0.29912   0.13053   0.02184   0.01679   0.13887   0.02628   0.15242   0.00000   0.06923   0.48261   0.02489   0.04060   0.21788   0.45168   0.06888   0.01513   0.22484   0.04084   0.03341   0.15529   0.39534   0.33765   0.00000   0.44661   0.19165   0.76386   0.45750   0.21878   0.54082   0.12092   0.18789   0.06167   0.15184   0.34640   0.00000   0.37707   0.07239   0.45267   0.19750   0.62494   0.69783   0.53242   0.51727   1.70731   0.99221   0.30966   2.94699   1.00000  
 67  3.2406  20123.136957  x:  0.46229   0.04537   0.20901   0.29715   0.12961   0.02195   0.01752   0.14473   0.02203   0.14672   0.00000   0.07044   0.48914   0.02312   0.04225   0.21179   0.44727   0.06877   0.01401   0.22292   0.04058   0.03347   0.15670   0.39583   0.34427   0.00000   0.44604   0.19219   0.77073   0.46247   0.22840   0.55115   0.12077   0.18402   0.06526   0.14895   0.34746   0.00000   0.38084   0.07190   0.45257   0.19530   0.62840   0.70434   0.53651   0.51614   1.70092   0.99187   0.30955   2.96041   1.00000  
 68  6.1691  20122.239945  x:  0.46654   0.04551   0.20505   0.30053   0.12856   0.02198   0.01958   0.14199   0.02388   0.14787   0.00000   0.06653   0.48985   0.02094   0.03927   0.22614   0.44226   0.06648   0.01167   0.22116   0.04039   0.03355   0.15095   0.39127   0.35393   0.00000   0.44514   0.19309   0.76975   0.47568   0.21887   0.55668   0.11796   0.18156   0.06402   0.14687   0.33256   0.00000   0.39148   0.06799   0.45890   0.19266   0.62712   0.71312   0.55121   0.52050   1.70526   0.99051   0.30682   3.00374   1.00000  
 69 14.2219  20121.379261  x:  0.47740   0.04399   0.20496   0.30070   0.12693   0.02185   0.02148   0.13931   0.02522   0.15046   0.00000   0.06396   0.47710   0.01997   0.04262   0.21170   0.44418   0.06504   0.00831   0.21842   0.04018   0.03381   0.15663   0.40153   0.34506   0.00000   0.44741   0.19400   0.76194   0.47834   0.21563   0.54607   0.11363   0.18570   0.05459   0.15388   0.34181   0.00000   0.39026   0.06051   0.46169   0.19270   0.62179   0.71070   0.55475   0.53146   1.72129   0.98919   0.30308   3.04589   1.00000  
 70 28.3031  20121.237418  x:  0.48095   0.04225   0.20550   0.29852   0.12649   0.02179   0.02175   0.14175   0.02413   0.14511   0.00000   0.06598   0.47395   0.01955   0.04098   0.21904   0.44343   0.06440   0.00831   0.21724   0.04029   0.03384   0.15556   0.40427   0.34172   0.00000   0.44750   0.19404   0.76101   0.47563   0.21944   0.54385   0.11434   0.18716   0.05459   0.15221   0.34550   0.00000   0.38897   0.06052   0.45930   0.19081   0.62027   0.70668   0.54914   0.53503   1.72634   0.98898   0.30232   3.05304   1.00000  
 71 17.9990  20121.199968  x:  0.48340   0.04170   0.20393   0.29811   0.12689   0.02174   0.02178   0.14125   0.02425   0.14588   0.00000   0.06563   0.47423   0.01943   0.04142   0.21743   0.44151   0.06442   0.00821   0.21699   0.04033   0.03386   0.15496   0.40448   0.34305   0.00000   0.44663   0.19394   0.76158   0.47377   0.21842   0.54561   0.11586   0.18704   0.05675   0.14926   0.34361   0.00000   0.38937   0.06061   0.45692   0.19103   0.61986   0.70205   0.54222   0.53749   1.72926   0.98896   0.30166   3.05506   1.00000  
 72  7.3187  20121.196722  x:  0.48351   0.04184   0.20485   0.29840   0.12656   0.02174   0.02179   0.14130   0.02409   0.14593   0.00000   0.06555   0.47483   0.01937   0.04139   0.21758   0.44155   0.06443   0.00816   0.21708   0.04033   0.03386   0.15503   0.40376   0.34347   0.00000   0.44651   0.19397   0.76195   0.47440   0.21842   0.54608   0.11570   0.18645   0.05643   0.15051   0.34369   0.00000   0.38931   0.06043   0.45725   0.19115   0.62026   0.70024   0.54110   0.53760   1.72985   0.98894   0.30171   3.05533   1.00000  
 73  2.1080  20121.195821  x:  0.48329   0.04191   0.20446   0.29852   0.12669   0.02174   0.02180   0.14107   0.02421   0.14579   0.00000   0.06553   0.47508   0.01933   0.04139   0.21754   0.44184   0.06442   0.00819   0.21703   0.04032   0.03386   0.15512   0.40376   0.34318   0.00000   0.44667   0.19396   0.76232   0.47487   0.21853   0.54625   0.11577   0.18663   0.05656   0.15030   0.34379   0.00000   0.38931   0.06063   0.45771   0.19077   0.62051   0.69906   0.54137   0.53738   1.73012   0.98894   0.30175   3.05554   1.00000  
 74  0.7480  20121.194873  x:  0.48304   0.04179   0.20457   0.29824   0.12670   0.02175   0.02180   0.14153   0.02405   0.14593   0.00000   0.06547   0.47503   0.01936   0.04138   0.21760   0.44188   0.06442   0.00817   0.21710   0.04032   0.03386   0.15516   0.40396   0.34307   0.00000   0.44676   0.19398   0.76274   0.47485   0.21842   0.54621   0.11564   0.18682   0.05679   0.14997   0.34362   0.00000   0.38929   0.06040   0.45780   0.19133   0.62076   0.69804   0.54200   0.53712   1.73032   0.98893   0.30178   3.05591   1.00000  
 75  0.6378  20121.190884  x:  0.48277   0.04208   0.20479   0.29821   0.12659   0.02174   0.02182   0.14137   0.02409   0.14607   0.00000   0.06543   0.47423   0.01947   0.04144   0.21750   0.44116   0.06446   0.00831   0.21695   0.04030   0.03387   0.15472   0.40425   0.34377   0.00000   0.44641   0.19396   0.76359   0.47369   0.21823   0.54593   0.11512   0.18625   0.05690   0.15029   0.34379   0.00000   0.38944   0.06085   0.45663   0.19053   0.62132   0.69656   0.54361   0.53686   1.73047   0.98893   0.30171   3.05787   1.00000  
 76  0.5701  20121.166144  x:  0.48302   0.04313   0.20276   0.29999   0.12693   0.02177   0.02198   0.14003   0.02465   0.14436   0.00000   0.06618   0.47282   0.01965   0.04159   0.21743   0.44035   0.06457   0.00880   0.21725   0.04013   0.03389   0.15496   0.40358   0.34379   0.00000   0.44612   0.19386   0.76403   0.47310   0.22030   0.54585   0.11556   0.18462   0.05665   0.15108   0.34295   0.00000   0.38847   0.06003   0.45589   0.19327   0.62115   0.69594   0.54459   0.53710   1.73026   0.98883   0.30194   3.07063   1.00000  
 77  1.3604  20121.064524  x:  0.48496   0.04253   0.20315   0.29879   0.12718   0.02195   0.02270   0.14364   0.02342   0.14662   0.00000   0.06537   0.47217   0.02116   0.04189   0.21755   0.44060   0.06509   0.01099   0.21744   0.03938   0.03398   0.15662   0.40243   0.34095   0.00000   0.44718   0.19376   0.76208   0.47517   0.21891   0.54747   0.11643   0.18348   0.05837   0.15166   0.34335   0.00000   0.38781   0.06294   0.45744   0.19177   0.61857   0.69805   0.54313   0.53901   1.72911   0.98839   0.30330   3.12365   1.00000  
 78 11.8637  20121.052425  x:  0.48533   0.04268   0.20533   0.29846   0.12704   0.02199   0.02282   0.14158   0.02395   0.14651   0.00000   0.06571   0.47380   0.02104   0.04193   0.21767   0.44096   0.06516   0.01130   0.21767   0.03927   0.03398   0.15584   0.40432   0.34214   0.00000   0.44750   0.19379   0.76106   0.47474   0.21942   0.54838   0.11622   0.18626   0.05766   0.15125   0.34358   0.00000   0.38869   0.06300   0.45774   0.19229   0.61854   0.69819   0.54307   0.53938   1.72905   0.98832   0.30378   3.12996   1.00000  
 79  5.6928  20121.051787  x:  0.48536   0.04267   0.20494   0.29897   0.12698   0.02200   0.02283   0.14205   0.02381   0.14656   0.00000   0.06576   0.47415   0.02102   0.04194   0.21768   0.44097   0.06517   0.01131   0.21768   0.03926   0.03398   0.15566   0.40460   0.34246   0.00000   0.44751   0.19381   0.76079   0.47459   0.21938   0.54839   0.11608   0.18676   0.05734   0.15138   0.34360   0.00000   0.38856   0.06306   0.45772   0.19226   0.61890   0.69819   0.54302   0.53941   1.72906   0.98831   0.30383   3.13033   1.00000  
 80  1.0469  20121.051647  x:  0.48547   0.04277   0.20486   0.29873   0.12706   0.02200   0.02283   0.14203   0.02382   0.14653   0.00000   0.06577   0.47419   0.02102   0.04194   0.21767   0.44095   0.06517   0.01131   0.21768   0.03926   0.03398   0.15569   0.40454   0.34243   0.00000   0.44749   0.19381   0.76050   0.47456   0.21941   0.54839   0.11595   0.18675   0.05732   0.15136   0.34353   0.00000   0.38847   0.06307   0.45775   0.19225   0.61950   0.69822   0.54303   0.53952   1.72906   0.98831   0.30383   3.13050   1.00000  
 81  0.2267  20121.051454  x:  0.48551   0.04268   0.20503   0.29905   0.12695   0.02200   0.02284   0.14201   0.02382   0.14656   0.00000   0.06578   0.47407   0.02104   0.04193   0.21769   0.44096   0.06517   0.01129   0.21770   0.03926   0.03397   0.15575   0.40449   0.34236   0.00000   0.44749   0.19380   0.76023   0.47459   0.21940   0.54837   0.11610   0.18666   0.05747   0.15115   0.34366   0.00000   0.38864   0.06305   0.45772   0.19228   0.61999   0.69824   0.54305   0.53956   1.72906   0.98831   0.30387   3.13087   1.00000  
 82  0.1814  20121.047722  x:  0.48502   0.04156   0.20495   0.29861   0.12717   0.02201   0.02293   0.14195   0.02396   0.14659   0.00000   0.06575   0.47357   0.02107   0.04191   0.21767   0.44157   0.06515   0.01104   0.21772   0.03932   0.03394   0.15531   0.40488   0.34308   0.00000   0.44786   0.19370   0.75998   0.47488   0.21932   0.54860   0.11798   0.18633   0.05706   0.15163   0.34342   0.00000   0.38820   0.06315   0.45728   0.19222   0.62048   0.69823   0.54319   0.53907   1.72880   0.98829   0.30437   3.13896   1.00000  
 83  0.2270  20121.033790  x:  0.48420   0.04300   0.20493   0.29905   0.12720   0.02204   0.02325   0.14211   0.02409   0.14664   0.00000   0.06589   0.47460   0.02087   0.04190   0.21773   0.44145   0.06518   0.00994   0.21790   0.03957   0.03383   0.15548   0.40422   0.34276   0.00000   0.44688   0.19353   0.76062   0.47380   0.21945   0.54851   0.11627   0.18627   0.05786   0.15129   0.34335   0.00000   0.38815   0.06307   0.45765   0.19203   0.61930   0.69848   0.54316   0.53825   1.72762   0.98824   0.30613   3.16930   1.00000  
 84  4.4899  20121.033680  x:  0.48419   0.04296   0.20495   0.29905   0.12720   0.02204   0.02325   0.14209   0.02410   0.14663   0.00000   0.06588   0.47469   0.02086   0.04190   0.21772   0.44132   0.06517   0.00993   0.21788   0.03957   0.03383   0.15560   0.40394   0.34264   0.00000   0.44708   0.19351   0.76063   0.47382   0.21944   0.54855   0.11627   0.18646   0.05775   0.15128   0.34335   0.00000   0.38815   0.06308   0.45737   0.19204   0.61928   0.69847   0.54322   0.53824   1.72761   0.98824   0.30613   3.16955   1.00000  
 85  0.4261  20121.033674  x:  0.48420   0.04295   0.20495   0.29905   0.12719   0.02204   0.02325   0.14208   0.02410   0.14663   0.00000   0.06588   0.47469   0.02086   0.04190   0.21772   0.44133   0.06517   0.00993   0.21789   0.03957   0.03383   0.15561   0.40394   0.34261   0.00000   0.44698   0.19351   0.76064   0.47387   0.21944   0.54856   0.11627   0.18649   0.05774   0.15127   0.34335   0.00000   0.38813   0.06308   0.45732   0.19204   0.61928   0.69847   0.54323   0.53825   1.72761   0.98824   0.30613   3.16958   1.00000  
 86  0.0212  20121.032908  x:  0.48410   0.04297   0.20494   0.29886   0.12718   0.02212   0.02324   0.14194   0.02407   0.14659   0.00000   0.06577   0.47457   0.02076   0.04181   0.21770   0.44157   0.06512   0.01012   0.21784   0.03961   0.03383   0.15552   0.40381   0.34280   0.00000   0.44708   0.19353   0.76067   0.47403   0.21933   0.54823   0.11599   0.18645   0.05772   0.15106   0.34341   0.00000   0.38812   0.06283   0.45719   0.19199   0.61950   0.69852   0.54290   0.53815   1.72749   0.98826   0.30645   3.17438   1.00000  
 87  0.0240  20121.032832  x:  0.48407   0.04285   0.20496   0.29884   0.12717   0.02212   0.02324   0.14191   0.02407   0.14659   0.00000   0.06578   0.47459   0.02074   0.04181   0.21770   0.44137   0.06513   0.01014   0.21782   0.03961   0.03383   0.15556   0.40374   0.34271   0.00000   0.44696   0.19353   0.76069   0.47385   0.21931   0.54825   0.11611   0.18650   0.05764   0.15108   0.34337   0.00000   0.38811   0.06279   0.45741   0.19195   0.61954   0.69853   0.54290   0.53813   1.72749   0.98826   0.30647   3.17486   1.00000  
 88  0.4240  20121.032751  x:  0.48410   0.04285   0.20496   0.29881   0.12715   0.02218   0.02320   0.14190   0.02408   0.14658   0.00000   0.06578   0.47452   0.02078   0.04179   0.21768   0.44131   0.06512   0.01011   0.21781   0.03962   0.03384   0.15558   0.40371   0.34269   0.00000   0.44698   0.19355   0.76067   0.47386   0.21932   0.54818   0.11611   0.18652   0.05763   0.15109   0.34336   0.00000   0.38809   0.06288   0.45741   0.19201   0.61956   0.69850   0.54288   0.53816   1.72755   0.98828   0.30650   3.17531   1.00000  
 89  0.0004  20121.032745  x:  0.48410   0.04286   0.20496   0.29883   0.12716   0.02219   0.02319   0.14191   0.02408   0.14658   0.00000   0.06579   0.47454   0.02078   0.04180   0.21768   0.44132   0.06513   0.01011   0.21782   0.03963   0.03384   0.15557   0.40374   0.34268   0.00000   0.44698   0.19354   0.76066   0.47386   0.21932   0.54821   0.11613   0.18652   0.05764   0.15110   0.34336   0.00000   0.38809   0.06286   0.45740   0.19199   0.61953   0.69849   0.54290   0.53816   1.72755   0.98828   0.30649   3.17514   1.00000  
 90  0.0002  20121.032744  x:  0.48411   0.04286   0.20496   0.29883   0.12716   0.02219   0.02320   0.14191   0.02408   0.14658   0.00000   0.06579   0.47454   0.02078   0.04181   0.21768   0.44132   0.06513   0.01011   0.21782   0.03964   0.03384   0.15557   0.40374   0.34269   0.00000   0.44698   0.19354   0.76066   0.47386   0.21932   0.54821   0.11612   0.18652   0.05764   0.15110   0.34336   0.00000   0.38810   0.06286   0.45740   0.19199   0.61953   0.69850   0.54290   0.53816   1.72755   0.98828   0.30649   3.17506   1.00000  
 91  0.0001  20121.032744  x:  0.48411   0.04286   0.20496   0.29883   0.12716   0.02219   0.02320   0.14191   0.02408   0.14658   0.00000   0.06579   0.47454   0.02078   0.04181   0.21768   0.44132   0.06513   0.01011   0.21782   0.03964   0.03384   0.15557   0.40373   0.34269   0.00000   0.44698   0.19354   0.76066   0.47386   0.21932   0.54821   0.11612   0.18652   0.05764   0.15110   0.34336   0.00000   0.38809   0.06286   0.45740   0.19199   0.61953   0.69850   0.54290   0.53816   1.72755   0.98828   0.30649   3.17504   1.00000  