

TREE # 1

  0  0.0000  22696.274841  x:  0.05549   0.04002   0.06931   0.05124   0.05566   0.02289   0.02107   0.01084   0.09581   0.06783   0.01513   0.03010   0.10617   0.09027   0.06114   0.10918   0.02662   0.04461   0.01896   0.04580   0.10502   0.02351   0.03442   0.04953   0.09357   0.01190   0.04110   0.04432   0.09769   0.10644   2.00000   0.90000   0.80121   1.97712  
  1 99.0000  21678.269898  x:  0.05798   0.04578   0.06452   0.08836   0.07705   0.05027   0.10271   0.03449   0.08889   0.08734   0.15521   0.03259   0.12982   0.09266   0.07053   0.10427   0.03628   0.05543   0.02756   0.03707   0.09102   0.01435   0.01851   0.03534   0.07849   0.00000   0.02451   0.04043   0.09115   0.11166   2.00275   0.88623   0.80276   1.97615  
  2 17268.4081  21509.063664  x:  0.05868   0.04705   0.05827   0.12195   0.09704   0.07100   0.16180   0.04915   0.08096   0.10576   0.25314   0.03328   0.15484   0.09533   0.08035   0.09791   0.04550   0.06599   0.03423   0.02739   0.07464   0.00626   0.00000   0.01927   0.06123   0.09464   0.00637   0.03646   0.08384   0.11761   2.00604   0.87021   0.80486   1.97491  
  3 33184.2505  21463.496155  x:  0.05765   0.04449   0.05568   0.12680   0.10017   0.07166   0.16396   0.04737   0.07841   0.10888   0.25614   0.03225   0.16125   0.09613   0.08267   0.09522   0.04703   0.06781   0.03405   0.02503   0.06889   0.01205   0.01436   0.01528   0.05514   0.09804   0.00000   0.03584   0.08176   0.11955   2.00730   0.86449   0.80590   1.97438  
  4 5864.2656  21309.685757  x:  0.05309   0.03312   0.04558   0.14109   0.10964   0.07068   0.16234   0.03715   0.06897   0.11874   0.25118   0.02770   0.18406   0.09902   0.09055   0.08440   0.05174   0.07343   0.03194   0.01743   0.04655   0.01755   0.01088   0.00099   0.03139   0.09586   0.00000   0.03420   0.07431   0.12692   2.01231   0.84237   0.81008   1.97226  
  5 5717.3321  21175.285521  x:  0.04782   0.01985   0.03376   0.15787   0.12072   0.06971   0.16082   0.02555   0.05801   0.13031   0.24599   0.02243   0.21080   0.10235   0.09970   0.07153   0.05721   0.07998   0.02949   0.00912   0.02020   0.02328   0.00719   0.00531   0.00357   0.09376   0.00000   0.03236   0.06567   0.13561   2.01827   0.81627   0.81495   1.96978  
  6 34802.2439  21173.753461  x:  0.04767   0.01947   0.03342   0.15835   0.12104   0.06969   0.16078   0.02523   0.05770   0.13064   0.24584   0.02228   0.21157   0.10244   0.09996   0.07116   0.05737   0.08017   0.02942   0.00892   0.01945   0.02344   0.00709   0.00543   0.00286   0.09370   0.00037   0.03231   0.06543   0.13586   2.01845   0.81552   0.81509   1.96971  
  7 85957.0753  21126.969980  x:  0.04496   0.01197   0.02657   0.16842   0.12755   0.06943   0.15983   0.02076   0.05198   0.13767   0.24256   0.01957   0.22834   0.10420   0.10510   0.06207   0.06045   0.08395   0.02804   0.01147   0.00465   0.02409   0.00595   0.00696   0.01172   0.09254   0.00077   0.03181   0.06105   0.14158   2.02276   0.79814   0.81811   1.96812  
  8 6193.5162  21059.106348  x:  0.04119   0.00000   0.01382   0.19111   0.14185   0.06982   0.15672   0.02137   0.04335   0.15372   0.23324   0.01579   0.26879   0.10746   0.11562   0.03740   0.06708   0.09188   0.02481   0.03067   0.02264   0.01839   0.00611   0.00898   0.01681   0.09014   0.00108   0.03280   0.05416   0.15628   2.03508   0.75298   0.82537   1.96421  
  9 4548.1658  21001.858542  x:  0.04458   0.03419   0.01479   0.21528   0.15691   0.07171   0.14991   0.03318   0.04300   0.17099   0.21733   0.01919   0.31679   0.11006   0.12517   0.00673   0.07526   0.09906   0.02126   0.04384   0.02902   0.00821   0.00767   0.01055   0.01943   0.08718   0.00127   0.03546   0.05135   0.17509   2.05300   0.69381   0.83409   1.95933  
 10 5138.3611  20980.221614  x:  0.05016   0.03477   0.02388   0.22055   0.15866   0.07370   0.14935   0.04282   0.05458   0.17415   0.21225   0.02476   0.33422   0.10876   0.12429   0.00333   0.08171   0.09856   0.02566   0.04290   0.03222   0.02624   0.00177   0.01169   0.02222   0.08658   0.00142   0.03739   0.06006   0.18380   2.06566   0.66218   0.83747   1.95714  
 11 1911.1442  20946.694272  x:  0.05985   0.02171   0.03813   0.22024   0.15368   0.07698   0.15105   0.05255   0.07531   0.17264   0.20609   0.03446   0.35603   0.10433   0.11655   0.01565   0.09320   0.09269   0.03247   0.03045   0.03168   0.01096   0.00606   0.01180   0.02370   0.08579   0.00149   0.03991   0.07942   0.19802   2.09380   0.60273   0.84209   1.95356  
 12 1898.1557  20918.417902  x:  0.05591   0.02430   0.03719   0.19632   0.13077   0.08114   0.16037   0.03955   0.07301   0.15568   0.21392   0.03051   0.35367   0.10087   0.09982   0.00746   0.08291   0.07936   0.01979   0.01959   0.03634   0.01308   0.00579   0.01193   0.02675   0.08761   0.00161   0.03845   0.08479   0.20797   2.14483   0.52924   0.84096   1.95134  
 13 892.6084  20905.718218  x:  0.05372   0.02790   0.03539   0.18007   0.12065   0.08168   0.16382   0.03471   0.06849   0.14549   0.21770   0.02833   0.34441   0.10293   0.09573   0.01023   0.07850   0.08269   0.03722   0.03190   0.03310   0.01415   0.00589   0.01149   0.02347   0.08857   0.00147   0.03894   0.08217   0.21166   2.18400   0.48780   0.83622   1.95136  
 14 1279.0902  20888.751214  x:  0.05583   0.02655   0.03506   0.16625   0.12890   0.07883   0.16297   0.05114   0.06373   0.14071   0.21893   0.03043   0.31507   0.11508   0.10870   0.02461   0.07786   0.09563   0.02514   0.03705   0.03022   0.01652   0.00536   0.01133   0.02187   0.08911   0.00140   0.04087   0.06572   0.20989   2.26246   0.44065   0.81779   1.95537  
 15 785.1738  20865.317917  x:  0.05429   0.02457   0.03960   0.17726   0.15424   0.08023   0.15799   0.04579   0.06544   0.15464   0.21806   0.02889   0.26702   0.12051   0.12126   0.01246   0.07091   0.09962   0.03651   0.02234   0.03490   0.01379   0.00597   0.01164   0.02556   0.08843   0.00156   0.03761   0.07381   0.19801   2.40618   0.39935   0.77303   1.96748  
 16 903.1671  20841.709355  x:  0.05941   0.02875   0.03284   0.19790   0.16176   0.08195   0.15532   0.02902   0.06885   0.16971   0.21880   0.03402   0.24323   0.11123   0.11734   0.01804   0.08590   0.08721   0.02507   0.04200   0.03069   0.01562   0.00564   0.01117   0.02111   0.08835   0.00136   0.04254   0.08766   0.18474   2.58059   0.37745   0.71140   1.98506  
 17 1451.9008  20792.744616  x:  0.05296   0.02676   0.01002   0.21987   0.13648   0.07872   0.15283   0.05825   0.07212   0.17679   0.21150   0.02757   0.25687   0.09070   0.09566   0.00811   0.10326   0.07472   0.03103   0.03825   0.02564   0.01464   0.00591   0.01063   0.01912   0.08747   0.00125   0.03850   0.07441   0.16244   2.95503   0.37152   0.56693   2.02722  
 18 2024.1903  20741.693441  x:  0.04921   0.02032   0.05439   0.23474   0.10713   0.07894   0.15524   0.05223   0.05279   0.17296   0.20662   0.02382   0.30622   0.08683   0.08558   0.00567   0.11449   0.08226   0.03052   0.03326   0.02903   0.01281   0.00585   0.01089   0.02126   0.08609   0.00134   0.03714   0.05212   0.14643   3.43295   0.37837   0.37636   2.08280  
 19 5466.9566  20697.819306  x:  0.05423   0.02530   0.03957   0.21679   0.10412   0.07500   0.15880   0.03816   0.05745   0.15262   0.20795   0.02884   0.36689   0.11384   0.10795   0.01276   0.09770   0.09702   0.02756   0.02479   0.03364   0.01386   0.00505   0.01134   0.02420   0.08557   0.00147   0.03891   0.07956   0.15872   3.79968   0.39587   0.22157   2.12789  
 20 3487.9036  20688.238936  x:  0.05390   0.02128   0.04277   0.20116   0.12459   0.07842   0.15940   0.03776   0.06935   0.14728   0.20902   0.02851   0.38050   0.10928   0.10372   0.00765   0.08433   0.09022   0.02520   0.03248   0.02903   0.01199   0.00581   0.01081   0.02101   0.08573   0.00132   0.03792   0.07608   0.17399   3.87760   0.40192   0.18408   2.14006  
 21 1131.2228  20686.231930  x:  0.05463   0.02337   0.04047   0.19675   0.13147   0.07933   0.15812   0.03545   0.06611   0.15028   0.20934   0.02924   0.38338   0.10407   0.10145   0.01342   0.08357   0.08753   0.02753   0.02897   0.03147   0.01325   0.00530   0.01105   0.02257   0.08557   0.00139   0.03811   0.07218   0.18385   3.89341   0.40263   0.17388   2.14466  
 22 398.5670  20685.165162  x:  0.05397   0.02232   0.04196   0.19417   0.12842   0.07831   0.15627   0.03850   0.06167   0.15597   0.21049   0.02858   0.38068   0.10023   0.10271   0.01187   0.08377   0.08861   0.02670   0.02955   0.03039   0.01305   0.00542   0.01093   0.02196   0.08564   0.00136   0.03915   0.07608   0.19817   3.89911   0.40264   0.16330   2.15253  
 23 137.0323  20684.541294  x:  0.05430   0.02234   0.04188   0.19603   0.12461   0.07742   0.15553   0.03662   0.06557   0.15687   0.21126   0.02891   0.37809   0.10106   0.10430   0.01086   0.08569   0.08913   0.02658   0.02947   0.03066   0.01287   0.00545   0.01094   0.02208   0.08561   0.00136   0.03628   0.07320   0.20784   3.90026   0.40103   0.15341   2.16187  
 24 127.5720  20684.045156  x:  0.05377   0.02226   0.04168   0.19943   0.12368   0.07749   0.15595   0.03619   0.06675   0.15430   0.21088   0.02838   0.37655   0.10281   0.10373   0.01028   0.08622   0.08870   0.02693   0.02878   0.03072   0.01277   0.00548   0.01093   0.02217   0.08557   0.00137   0.04115   0.07166   0.21297   3.89937   0.39805   0.14243   2.17381  
 25 144.1799  20682.426447  x:  0.05303   0.02234   0.04184   0.20909   0.12550   0.07900   0.15816   0.03849   0.06245   0.14479   0.20766   0.02763   0.37492   0.10671   0.09908   0.01183   0.08575   0.08764   0.02673   0.02935   0.03034   0.01302   0.00534   0.01089   0.02190   0.08521   0.00135   0.03754   0.07383   0.22049   3.89353   0.38512   0.10391   2.21886  
 26 271.4405  20675.051374  x:  0.05784   0.02108   0.04056   0.20825   0.12393   0.07931   0.16018   0.03691   0.06314   0.14897   0.20567   0.03245   0.38007   0.10276   0.09823   0.01076   0.08139   0.09228   0.02603   0.02880   0.02984   0.01274   0.00533   0.01077   0.02157   0.08465   0.00134   0.03850   0.07320   0.21368   3.87513   0.34757   0.00500   2.34567  
 27 394.5419  20675.051374  x:  0.05784   0.02108   0.04056   0.20825   0.12393   0.07931   0.16018   0.03691   0.06314   0.14897   0.20567   0.03245   0.38007   0.10276   0.09823   0.01076   0.08139   0.09228   0.02603   0.02880   0.02984   0.01274   0.00533   0.01077   0.02157   0.08465   0.00134   0.03850   0.07320   0.21368   3.87513   0.34757   0.00500   2.34567  
 28 846.2596  20667.931214  x:  0.05757   0.02078   0.04010   0.20831   0.12424   0.07926   0.16025   0.03660   0.06292   0.14919   0.20597   0.03218   0.38007   0.10287   0.09852   0.01063   0.08144   0.09231   0.02599   0.02822   0.02868   0.01277   0.00394   0.01035   0.02037   0.08252   0.00000   0.03840   0.07297   0.21370   3.87517   0.34698   0.00500   2.34567  
 29 2291.8048  20653.690290  x:  0.05684   0.01996   0.03886   0.20849   0.12510   0.07913   0.16044   0.03577   0.06231   0.14978   0.20678   0.03145   0.38008   0.10318   0.09930   0.01028   0.08158   0.09239   0.02589   0.02666   0.02554   0.01286   0.00040   0.00927   0.01723   0.07672   0.00042   0.03813   0.07233   0.21377   3.87530   0.34540   0.00500   2.34567  
 30 12174.1351  20609.065219  x:  0.05365   0.01644   0.03341   0.20926   0.12888   0.07856   0.16129   0.03219   0.05966   0.15240   0.21039   0.02826   0.38014   0.10451   0.10275   0.00879   0.08221   0.09274   0.02546   0.01996   0.01194   0.01335   0.00163   0.00517   0.00379   0.05092   0.00114   0.03694   0.06957   0.21407   3.87586   0.33846   0.00500   2.34567  
 31 10232.3016  20579.528828  x:  0.05100   0.01378   0.02875   0.20999   0.13236   0.07812   0.16207   0.02944   0.05751   0.15483   0.21380   0.02561   0.38019   0.10566   0.10583   0.00766   0.08289   0.09311   0.02518   0.01544   0.00321   0.01350   0.00184   0.00762   0.00714   0.02614   0.00126   0.03611   0.06734   0.21436   3.87640   0.33239   0.00500   2.34567  
 32 5740.6521  20553.814846  x:  0.04885   0.01180   0.02491   0.21064   0.13543   0.07779   0.16277   0.02736   0.05578   0.15696   0.21683   0.02345   0.38025   0.10663   0.10850   0.00681   0.08354   0.09347   0.02500   0.01278   0.00532   0.01355   0.00191   0.00865   0.00764   0.00414   0.00138   0.03555   0.06558   0.21463   3.87689   0.32716   0.00500   2.34567  
 33 9412.6410  20551.850731  x:  0.04837   0.01283   0.02383   0.21123   0.13782   0.07784   0.16333   0.02788   0.05553   0.15864   0.21939   0.02298   0.38036   0.10715   0.11029   0.00711   0.08437   0.09393   0.02516   0.01746   0.00479   0.01327   0.00194   0.00764   0.00784   0.00267   0.00139   0.03563   0.06534   0.21490   3.87735   0.32367   0.00500   2.34567  
 34 566.1397  20546.112473  x:  0.04495   0.01427   0.01705   0.21421   0.14971   0.07776   0.16620   0.02785   0.05324   0.16701   0.23207   0.01956   0.38087   0.10998   0.11939   0.00752   0.08811   0.09580   0.02513   0.02197   0.00556   0.01317   0.00200   0.01040   0.00759   0.00533   0.00144   0.03567   0.06249   0.21623   3.87965   0.30518   0.00500   2.34567  
 35 1076.4392  20543.296377  x:  0.04544   0.01614   0.01843   0.21613   0.15567   0.07814   0.16784   0.02968   0.05384   0.17128   0.23894   0.02004   0.38139   0.11102   0.12340   0.00848   0.09022   0.09676   0.02505   0.02030   0.00595   0.01368   0.00217   0.00659   0.00948   0.00597   0.00148   0.03642   0.06239   0.21710   3.88111   0.29526   0.00500   2.34567  
 36 989.7360  20540.719066  x:  0.04814   0.01870   0.02391   0.21868   0.16176   0.07893   0.16982   0.03313   0.05633   0.17586   0.24685   0.02275   0.38232   0.11160   0.12689   0.00981   0.09259   0.09790   0.02527   0.01948   0.00584   0.01386   0.00212   0.00911   0.00847   0.00537   0.00149   0.03787   0.06430   0.21831   3.88313   0.28391   0.00500   2.34567  
 37 1110.8016  20539.605322  x:  0.05019   0.01372   0.02550   0.22074   0.16212   0.07915   0.17108   0.03148   0.05854   0.17735   0.25093   0.02479   0.38386   0.11062   0.12614   0.00728   0.09241   0.09836   0.02628   0.02035   0.00593   0.01268   0.00216   0.00887   0.00871   0.00571   0.00151   0.03819   0.06843   0.21953   3.88534   0.27636   0.00500   2.34567  
 38 270.2671  20539.417914  x:  0.05055   0.01362   0.02526   0.22138   0.16130   0.07928   0.17141   0.03106   0.05890   0.17738   0.25184   0.02516   0.38464   0.11018   0.12530   0.00705   0.09223   0.09842   0.02618   0.02059   0.00595   0.01447   0.00215   0.00891   0.00874   0.00573   0.00151   0.03813   0.06915   0.22006   3.88631   0.27449   0.00500   2.34567  
 39 183.4339  20539.013376  x:  0.05099   0.01588   0.02367   0.22342   0.15744   0.07983   0.17235   0.03059   0.05934   0.17682   0.25409   0.02559   0.38763   0.10887   0.12195   0.00765   0.09161   0.09851   0.02540   0.02039   0.00597   0.01370   0.00217   0.00893   0.00877   0.00571   0.00152   0.03782   0.06985   0.22202   3.89001   0.26946   0.00500   2.34567  
 40 178.3420  20538.807388  x:  0.04986   0.01505   0.02449   0.22493   0.15500   0.08017   0.17301   0.03232   0.05896   0.17612   0.25499   0.02447   0.39046   0.10913   0.12050   0.00820   0.09134   0.09885   0.02655   0.02057   0.00598   0.01378   0.00218   0.00895   0.00879   0.00574   0.00152   0.03831   0.06847   0.22376   3.89395   0.26717   0.00500   2.34567  
 41 106.1152  20538.632158  x:  0.04966   0.01486   0.02622   0.22627   0.15401   0.08036   0.17342   0.03103   0.05779   0.17549   0.25533   0.02426   0.39420   0.11094   0.12084   0.00816   0.09132   0.09891   0.02532   0.02097   0.00601   0.01376   0.00218   0.00898   0.00883   0.00581   0.00153   0.03836   0.06754   0.22598   3.90032   0.26662   0.00500   2.34567  
 42 83.7777  20538.198890  x:  0.05072   0.01526   0.02453   0.22851   0.15395   0.08008   0.17387   0.03162   0.05885   0.17460   0.25527   0.02533   0.40437   0.11533   0.12317   0.00728   0.09174   0.09918   0.02646   0.02064   0.00601   0.01378   0.00218   0.00895   0.00882   0.00578   0.00153   0.03772   0.06862   0.23196   3.92120   0.26798   0.00500   2.34567  
 43 145.0256  20537.705898  x:  0.04940   0.01449   0.02385   0.22810   0.15757   0.08004   0.17359   0.03225   0.06009   0.17560   0.25424   0.02401   0.41215   0.11223   0.12250   0.00822   0.09201   0.09873   0.02410   0.02054   0.00597   0.01379   0.00217   0.00894   0.00879   0.00573   0.00152   0.03988   0.07019   0.23675   3.95021   0.26949   0.00500   2.34567  
 44 159.0799  20537.123393  x:  0.04885   0.01563   0.02490   0.22656   0.16159   0.08029   0.17302   0.03042   0.05925   0.17722   0.25309   0.02346   0.41857   0.10721   0.12128   0.00785   0.09181   0.09895   0.02688   0.02044   0.00599   0.01378   0.00217   0.00895   0.00879   0.00575   0.00152   0.03866   0.06981   0.24087   3.98698   0.27048   0.00500   2.34567  
 45 471.5899  20536.343400  x:  0.05111   0.01433   0.02460   0.22344   0.16231   0.08012   0.17233   0.03296   0.05789   0.17866   0.25215   0.02572   0.42023   0.10419   0.12151   0.00625   0.09070   0.09900   0.02494   0.02079   0.00604   0.01374   0.00218   0.00896   0.00883   0.00578   0.00152   0.03532   0.06651   0.24231   4.03896   0.26983   0.00500   2.34567  
 46 378.4234  20533.724520  x:  0.05470   0.01370   0.02331   0.21410   0.15680   0.07954   0.17072   0.03155   0.05564   0.18075   0.25069   0.02930   0.41476   0.10438   0.12583   0.00899   0.08896   0.09992   0.02673   0.02102   0.00601   0.01377   0.00218   0.00896   0.00886   0.00577   0.00152   0.04280   0.06427   0.24054   4.22500   0.26659   0.00500   2.34567  
 47 862.4224  20530.708471  x:  0.04912   0.01635   0.02642   0.20954   0.15129   0.08022   0.17068   0.03172   0.05969   0.18082   0.25076   0.02372   0.40447   0.10867   0.12916   0.00731   0.08736   0.09970   0.02575   0.02072   0.00611   0.01377   0.00219   0.00902   0.00892   0.00579   0.00152   0.03905   0.07000   0.23546   4.43473   0.26422   0.00500   2.34567  
 48 2088.3513  20529.588806  x:  0.04927   0.01435   0.02577   0.21619   0.15289   0.08070   0.17249   0.03077   0.06009   0.17859   0.25266   0.02388   0.39879   0.11053   0.12590   0.01229   0.09164   0.09927   0.02589   0.02076   0.00613   0.01379   0.00219   0.00900   0.00892   0.00578   0.00151   0.03576   0.07050   0.23161   4.51525   0.26638   0.00500   2.34567  
 49 852.5379  20528.620241  x:  0.04973   0.01534   0.02473   0.22606   0.15634   0.08117   0.17469   0.03122   0.05935   0.17584   0.25541   0.02434   0.39338   0.11191   0.12099   0.00798   0.09347   0.09878   0.02581   0.02061   0.00608   0.01374   0.00217   0.00898   0.00887   0.00572   0.00150   0.03827   0.06894   0.22717   4.58235   0.26967   0.00500   2.34567  
 50 870.7577  20528.592523  x:  0.04974   0.01535   0.02476   0.22728   0.15632   0.08020   0.17411   0.03137   0.05889   0.17603   0.25580   0.02434   0.39363   0.11149   0.12149   0.00844   0.09196   0.09922   0.02580   0.02057   0.00608   0.01374   0.00217   0.00898   0.00887   0.00572   0.00150   0.03821   0.06928   0.22622   4.58427   0.26998   0.00500   2.34567  
 51 24.7917  20528.587334  x:  0.04973   0.01532   0.02476   0.22759   0.15617   0.08039   0.17388   0.03121   0.05935   0.17623   0.25592   0.02434   0.39394   0.11129   0.12177   0.00851   0.09174   0.09907   0.02582   0.02060   0.00609   0.01374   0.00217   0.00898   0.00887   0.00572   0.00150   0.03821   0.06896   0.22563   4.58460   0.27009   0.00500   2.34567  
 52 10.5933  20528.583415  x:  0.04973   0.01531   0.02475   0.22768   0.15598   0.08076   0.17374   0.03131   0.05908   0.17641   0.25597   0.02434   0.39446   0.11112   0.12197   0.00844   0.09198   0.09888   0.02583   0.02058   0.00609   0.01374   0.00217   0.00898   0.00887   0.00572   0.00150   0.03822   0.06913   0.22475   4.58481   0.27014   0.00500   2.34567  
 53  7.0654  20528.579170  x:  0.04972   0.01535   0.02478   0.22743   0.15601   0.08036   0.17378   0.03128   0.05918   0.17628   0.25590   0.02432   0.39511   0.11118   0.12181   0.00835   0.09236   0.09918   0.02579   0.02059   0.00609   0.01374   0.00217   0.00899   0.00887   0.00572   0.00150   0.03823   0.06908   0.22368   4.58496   0.26999   0.00500   2.34567  
 54  5.2211  20528.572019  x:  0.04976   0.01534   0.02475   0.22703   0.15648   0.08052   0.17427   0.03130   0.05916   0.17601   0.25574   0.02437   0.39559   0.11163   0.12140   0.00855   0.09173   0.09879   0.02587   0.02061   0.00610   0.01374   0.00217   0.00899   0.00888   0.00572   0.00150   0.03821   0.06908   0.22290   4.58509   0.26976   0.00500   2.34567  
 55  3.0431  20528.397865  x:  0.04986   0.01520   0.02442   0.22701   0.15679   0.08349   0.17574   0.03127   0.05929   0.17626   0.25471   0.02448   0.39588   0.11174   0.12126   0.00885   0.09063   0.10307   0.02542   0.02056   0.00628   0.01374   0.00218   0.00903   0.00899   0.00567   0.00149   0.03822   0.06926   0.22256   4.58684   0.27027   0.00500   2.34567  
 56  1.1823  20524.966187  x:  0.05080   0.01674   0.02540   0.23092   0.15395   0.07843   0.18010   0.03229   0.05977   0.17651   0.24232   0.02549   0.39754   0.10660   0.12432   0.00848   0.09269   0.09711   0.02598   0.02153   0.01029   0.01354   0.00232   0.01018   0.01153   0.00481   0.00126   0.03878   0.06950   0.22725   4.62384   0.27337   0.00500   2.34567  
 57 19.1160  20524.241560  x:  0.05077   0.01613   0.02560   0.22639   0.15469   0.07976   0.17033   0.03252   0.05959   0.17469   0.25157   0.02548   0.39844   0.10937   0.11956   0.00860   0.09223   0.09706   0.02594   0.02154   0.01102   0.01347   0.00233   0.01037   0.01196   0.00459   0.00121   0.03870   0.06942   0.22867   4.63090   0.27734   0.00500   2.34567  
 58 73.5262  20524.228265  x:  0.05074   0.01607   0.02563   0.22585   0.15430   0.07947   0.17156   0.03247   0.05958   0.17482   0.25295   0.02545   0.39854   0.10903   0.11973   0.00859   0.09218   0.09698   0.02593   0.02151   0.01103   0.01347   0.00233   0.01037   0.01195   0.00458   0.00121   0.03868   0.06939   0.22871   4.63103   0.27824   0.00500   2.34567  
 59 12.1010  20524.227944  x:  0.05074   0.01607   0.02563   0.22583   0.15433   0.07951   0.17156   0.03247   0.05958   0.17455   0.25299   0.02545   0.39854   0.10893   0.11986   0.00859   0.09218   0.09699   0.02593   0.02151   0.01103   0.01347   0.00233   0.01037   0.01195   0.00458   0.00121   0.03868   0.06940   0.22871   4.63104   0.27821   0.00500   2.34567  
 60  0.5610  20523.660969  x:  0.05037   0.01553   0.02554   0.22622   0.15722   0.08109   0.17380   0.03211   0.05944   0.17735   0.25658   0.02523   0.40024   0.11026   0.12166   0.00843   0.09179   0.09983   0.02584   0.02080   0.01241   0.01356   0.00193   0.00974   0.01145   0.00427   0.00089   0.03845   0.06916   0.22816   4.65104   0.27061   0.00500   2.34570  
 61  0.0566  20523.506465  x:  0.05077   0.01588   0.02619   0.22584   0.15617   0.08135   0.17382   0.03242   0.05972   0.17658   0.25549   0.02563   0.40000   0.11004   0.12085   0.00871   0.09143   0.10000   0.02581   0.02177   0.01290   0.01355   0.00178   0.00929   0.01113   0.00481   0.00077   0.03854   0.06942   0.22763   4.65244   0.27237   0.00500   2.34570  
 62  0.0058  20523.424250  x:  0.05053   0.01592   0.02553   0.22617   0.15551   0.08038   0.17310   0.03228   0.05954   0.17573   0.25436   0.02530   0.39893   0.10961   0.12078   0.00866   0.09186   0.09849   0.02587   0.02151   0.01360   0.01354   0.00183   0.00930   0.01074   0.00473   0.00086   0.03847   0.06927   0.22773   4.64048   0.27417   0.00500   2.34569  
 63  0.0074  20523.413861  x:  0.05057   0.01589   0.02567   0.22611   0.15585   0.08074   0.17344   0.03230   0.05957   0.17613   0.25462   0.02541   0.39941   0.10976   0.12086   0.00864   0.09173   0.09911   0.02584   0.02141   0.01386   0.01355   0.00188   0.00935   0.01064   0.00475   0.00089   0.03851   0.06928   0.22782   4.64101   0.27350   0.00500   2.34570  
 64  0.0010  20523.413456  x:  0.05058   0.01589   0.02570   0.22612   0.15579   0.08069   0.17340   0.03231   0.05959   0.17611   0.25465   0.02541   0.39932   0.10976   0.12083   0.00866   0.09173   0.09901   0.02584   0.02139   0.01389   0.01355   0.00189   0.00937   0.01065   0.00476   0.00088   0.03850   0.06930   0.22774   4.64245   0.27352   0.00500   2.34570  
 65  0.0009  20523.413400  x:  0.05059   0.01588   0.02569   0.22612   0.15580   0.08070   0.17342   0.03230   0.05958   0.17611   0.25462   0.02540   0.39936   0.10975   0.12085   0.00865   0.09173   0.09904   0.02584   0.02138   0.01388   0.01355   0.00190   0.00937   0.01065   0.00477   0.00087   0.03850   0.06929   0.22778   4.64223   0.27352   0.00500   2.34570  
 66  0.0001  20523.413398  x:  0.05059   0.01588   0.02569   0.22612   0.15580   0.08070   0.17341   0.03230   0.05958   0.17611   0.25463   0.02540   0.39935   0.10975   0.12084   0.00865   0.09173   0.09903   0.02584   0.02138   0.01388   0.01355   0.00190   0.00937   0.01065   0.00477   0.00087   0.03850   0.06929   0.22777   4.64215   0.27352   0.00500   2.34570  
 67  0.0001  20523.413397  x:  0.05059   0.01588   0.02569   0.22612   0.15580   0.08070   0.17341   0.03231   0.05958   0.17611   0.25463   0.02540   0.39935   0.10976   0.12084   0.00865   0.09173   0.09903   0.02584   0.02138   0.01388   0.01355   0.00190   0.00937   0.01065   0.00477   0.00087   0.03850   0.06929   0.22777   4.64213   0.27352   0.00500   2.34570  
 68  0.0000  20523.413397  x:  0.05060   0.01588   0.02569   0.22612   0.15580   0.08070   0.17341   0.03231   0.05958   0.17611   0.25463   0.02538   0.39935   0.10976   0.12084   0.00865   0.09173   0.09903   0.02584   0.02138   0.01388   0.01355   0.00190   0.00937   0.01065   0.00477   0.00087   0.03850   0.06929   0.22777   4.64218   0.27352   0.00500   2.34570  
 69  0.0000  20523.413397  x:  0.05060   0.01588   0.02569   0.22612   0.15580   0.08070   0.17341   0.03231   0.05958   0.17611   0.25463   0.02538   0.39935   0.10976   0.12084   0.00865   0.09173   0.09903   0.02584   0.02138   0.01388   0.01355   0.00190   0.00937   0.01065   0.00477   0.00087   0.03850   0.06929   0.22777   4.64218   0.27352   0.00500   2.34570  
 70  0.0000  20523.413397  x:  0.05060   0.01588   0.02569   0.22612   0.15580   0.08070   0.17341   0.03231   0.05958   0.17611   0.25463   0.02538   0.39935   0.10976   0.12084   0.00865   0.09173   0.09903   0.02584   0.02138   0.01388   0.01355   0.00190   0.00937   0.01065   0.00477   0.00087   0.03850   0.06929   0.22777   4.64218   0.27352   0.00500   2.34570  
 71  0.0026  20523.413397  x:  0.05060   0.01588   0.02569   0.22612   0.15580   0.08070   0.17341   0.03231   0.05958   0.17611   0.25463   0.02539   0.39935   0.10976   0.12084   0.00865   0.09173   0.09903   0.02584   0.02138   0.01388   0.01355   0.00190   0.00937   0.01065   0.00477   0.00087   0.03850   0.06929   0.22777   4.64218   0.27352   0.00500   2.34570  
 72  0.0001  20523.413397  x:  0.05060   0.01588   0.02569   0.22612   0.15580   0.08070   0.17341   0.03231   0.05958   0.17611   0.25463   0.02539   0.39935   0.10976   0.12084   0.00865   0.09173   0.09903   0.02584   0.02138   0.01388   0.01355   0.00190   0.00937   0.01065   0.00477   0.00087   0.03850   0.06929   0.22777   4.64218   0.27352   0.00500   2.34570  
 73  0.0001  20523.413397  x:  0.05060   0.01588   0.02569   0.22612   0.15580   0.08070   0.17341   0.03231   0.05958   0.17611   0.25463   0.02539   0.39935   0.10976   0.12084   0.00865   0.09173   0.09903   0.02584   0.02138   0.01388   0.01355   0.00190   0.00937   0.01065   0.00477   0.00087   0.03850   0.06929   0.22777   4.64218   0.27352   0.00500   2.34570  
check convergence!
