

TREE # 1

  0  0.0000  19516.541725  x:  0.03200   0.01280   0.08360   0.01778   0.05839   0.03904   0.06360   0.05154   0.03499   0.02578   0.05556   0.06380   0.06474   0.06688   0.03659   0.07761   0.08497   0.04980   0.05086   0.09407   0.06054   0.06886   0.08320   0.02928   0.07967   0.05417   0.09080   0.03785   0.08212   0.10185   0.01023   0.04649   0.02429   0.06686   0.03188   0.09610   0.06112   0.05397   0.10916   0.06580   0.09930   0.01812   0.04446   0.02728   0.05160   0.05999   0.06924   0.05302   0.09694   0.07769   2.00000   0.90000   0.20260   1.66764  
  1 99.0000  18643.722114  x:  0.06366   0.23862   0.06466   0.47358   0.03154   0.03883   0.05724   0.08319   0.05219   0.00000   0.09669   0.16420   0.01514   0.02147   0.10430   0.06279   0.05637   0.10149   0.09099   0.06848   0.10461   0.07155   0.09044   0.01259   0.07245   0.06742   0.08937   0.01769   0.04456   0.08229   0.03900   0.03940   0.09204   0.02368   0.04839   0.12431   0.12963   0.06771   0.10256   0.04280   0.05763   0.20365   0.03777   0.18597   0.01246   0.02266   0.03444   0.02962   0.06740   0.07940   2.00317   0.85674   0.27049   1.66265  
  2 10048.5491  18569.470667  x:  0.06486   0.23765   0.05091   0.48767   0.01553   0.04156   0.05692   0.08440   0.05414   0.06667   0.10480   0.17716   0.00000   0.01124   0.10798   0.06271   0.04827   0.10955   0.09635   0.06368   0.11274   0.07470   0.09486   0.00982   0.07465   0.07234   0.09246   0.02628   0.03036   0.07803   0.03103   0.04147   0.09829   0.01174   0.05015   0.13397   0.14076   0.06722   0.10148   0.04084   0.04402   0.20642   0.03059   0.18807   0.00318   0.02588   0.03432   0.03659   0.06241   0.08190   2.00476   0.83921   0.29742   1.66026  
  3 3214.8973  18510.261097  x:  0.06570   0.22895   0.03773   0.48789   0.00000   0.04531   0.05704   0.08524   0.05561   0.06140   0.10796   0.18512   0.00000   0.00974   0.10964   0.06464   0.04261   0.11606   0.10030   0.06093   0.11958   0.07776   0.09934   0.00802   0.07708   0.07643   0.09574   0.02999   0.01708   0.07609   0.02429   0.04378   0.10243   0.00643   0.05166   0.14270   0.14967   0.06645   0.10110   0.04122   0.03298   0.20330   0.02567   0.18561   0.00978   0.02960   0.03595   0.04009   0.05950   0.08532   2.00654   0.82419   0.32109   1.65801  
  4 1931.5362  18486.598564  x:  0.06695   0.22210   0.03018   0.48766   0.00000   0.04911   0.05723   0.08649   0.05686   0.05722   0.11009   0.19050   0.00000   0.01154   0.11090   0.06601   0.03983   0.12040   0.10283   0.05996   0.12400   0.07971   0.10255   0.00741   0.07856   0.07869   0.09783   0.03121   0.00865   0.07689   0.02353   0.04499   0.10527   0.01271   0.05285   0.14842   0.15554   0.06642   0.10131   0.04227   0.02842   0.20100   0.02367   0.18367   0.00000   0.02922   0.03608   0.04085   0.05838   0.08745   2.00812   0.81565   0.33571   1.65658  
  5 3068.2545  18467.274684  x:  0.06928   0.21426   0.02368   0.48878   0.00000   0.05450   0.05752   0.08882   0.05856   0.05719   0.11288   0.19702   0.00000   0.01564   0.11273   0.06734   0.03793   0.12530   0.10561   0.05986   0.12876   0.08170   0.10631   0.00739   0.07994   0.08059   0.09992   0.03112   0.00000   0.08033   0.02736   0.04584   0.10878   0.02856   0.05427   0.15458   0.16209   0.06709   0.10209   0.04422   0.02711   0.19905   0.02372   0.18203   0.00228   0.02574   0.03491   0.03990   0.05821   0.08967   2.01037   0.80811   0.35042   1.65508  
  6 2964.5572  18447.410353  x:  0.07951   0.18690   0.02800   0.49186   0.00000   0.06101   0.05918   0.09905   0.06157   0.05591   0.12008   0.21543   0.00000   0.00498   0.11836   0.06771   0.04150   0.13705   0.11205   0.06623   0.13921   0.08484   0.11756   0.01085   0.08304   0.08228   0.10466   0.01964   0.00000   0.10604   0.04166   0.04582   0.12093   0.02517   0.05185   0.16813   0.17847   0.07296   0.10857   0.05105   0.05018   0.19434   0.03954   0.18068   0.00153   0.02963   0.03671   0.03535   0.06717   0.09662   2.02037   0.79919   0.38144   1.65143  
  7 760.9504  18442.829939  x:  0.08288   0.17656   0.03194   0.49433   0.00000   0.06101   0.06002   0.10241   0.06237   0.05605   0.12257   0.22215   0.00485   0.01528   0.12101   0.06890   0.04392   0.14062   0.11392   0.06866   0.14232   0.08540   0.12161   0.01114   0.08437   0.08252   0.10619   0.02183   0.00000   0.11524   0.04416   0.04566   0.12575   0.02017   0.05149   0.17222   0.18393   0.07525   0.11118   0.05174   0.05700   0.19343   0.04325   0.18153   0.00119   0.02977   0.03753   0.03632   0.07032   0.09826   2.02510   0.79780   0.39123   1.65008  
  8 1048.0335  18439.340827  x:  0.08386   0.17140   0.03456   0.49571   0.00000   0.05979   0.06060   0.10340   0.06201   0.05560   0.12336   0.22494   0.00000   0.01725   0.12225   0.06920   0.04488   0.14138   0.11432   0.06959   0.14306   0.08523   0.12334   0.01048   0.08503   0.08246   0.10674   0.02617   0.00000   0.11878   0.04359   0.04561   0.12793   0.01925   0.05225   0.17338   0.18584   0.07612   0.11245   0.05076   0.05831   0.19334   0.04293   0.18265   0.00115   0.02823   0.03765   0.03815   0.07129   0.09824   2.02809   0.79829   0.39457   1.64941  
  9 581.4194  18431.839236  x:  0.08390   0.14551   0.04260   0.50285   0.00000   0.05234   0.06368   0.10344   0.06097   0.05554   0.12563   0.23536   0.00000   0.01987   0.12606   0.07267   0.04950   0.14066   0.11375   0.07015   0.14398   0.08300   0.13048   0.00460   0.08582   0.08273   0.10821   0.01595   0.00000   0.12702   0.03296   0.04626   0.13673   0.02112   0.05766   0.17539   0.19195   0.07750   0.11713   0.04291   0.05134   0.19393   0.03168   0.19045   0.00127   0.02978   0.03740   0.03886   0.07074   0.09531   2.04770   0.80322   0.40725   1.64529  
 10 324.7620  18423.053856  x:  0.08009   0.12270   0.04135   0.51116   0.00000   0.05389   0.06545   0.09963   0.06170   0.05441   0.12565   0.24177   0.00000   0.00994   0.12621   0.07363   0.05044   0.13670   0.11193   0.06683   0.14362   0.08366   0.13647   0.01498   0.08544   0.08357   0.10819   0.02065   0.00000   0.12545   0.02809   0.04822   0.14338   0.02520   0.05687   0.17454   0.19522   0.07583   0.11872   0.04430   0.03823   0.19533   0.02579   0.19814   0.00122   0.03796   0.03722   0.02948   0.06596   0.09419   2.07388   0.80995   0.41819   1.63985  
 11 401.5584  18414.017201  x:  0.07544   0.10456   0.03170   0.51863   0.00000   0.06019   0.06528   0.09497   0.06308   0.05292   0.12438   0.24607   0.00000   0.00432   0.12407   0.07290   0.04592   0.13336   0.11124   0.06274   0.14284   0.08307   0.14140   0.01500   0.08445   0.08510   0.10782   0.01739   0.00000   0.11608   0.03205   0.04939   0.14862   0.02316   0.05240   0.17409   0.19781   0.07281   0.11755   0.05186   0.02753   0.19552   0.03019   0.20294   0.00070   0.03382   0.03797   0.04450   0.06101   0.09644   2.10875   0.81525   0.43369   1.63214  
 12 498.2972  18408.848104  x:  0.07343   0.09407   0.02424   0.52349   0.00000   0.06376   0.06457   0.09297   0.06421   0.05272   0.12399   0.24988   0.00899   0.00994   0.12262   0.07263   0.04192   0.13316   0.11198   0.06090   0.14358   0.08316   0.14544   0.01292   0.08440   0.08659   0.10810   0.01786   0.00000   0.10881   0.03256   0.04952   0.15272   0.01825   0.05039   0.17559   0.20096   0.07102   0.11647   0.05619   0.02616   0.19428   0.03281   0.20467   0.00012   0.03384   0.03802   0.04348   0.05933   0.09898   2.13881   0.81698   0.45016   1.62515  
 13 847.2109  18405.706479  x:  0.07333   0.09400   0.02282   0.52388   0.00000   0.06429   0.06415   0.09286   0.06433   0.05262   0.12386   0.25038   0.00662   0.01083   0.12209   0.07249   0.04065   0.13373   0.11246   0.06079   0.14399   0.08331   0.14614   0.01134   0.08453   0.08700   0.10826   0.01833   0.00000   0.10640   0.03191   0.04936   0.15328   0.01743   0.05050   0.17631   0.20167   0.07065   0.11594   0.05661   0.02704   0.19347   0.03283   0.20414   0.00000   0.03398   0.03803   0.04216   0.05945   0.09967   2.14688   0.81669   0.45494   1.62319  
 14 895.2502  18405.706479  x:  0.07333   0.09400   0.02282   0.52388   0.00000   0.06429   0.06415   0.09286   0.06433   0.05262   0.12386   0.25038   0.00662   0.01083   0.12209   0.07249   0.04065   0.13373   0.11246   0.06079   0.14399   0.08331   0.14614   0.01134   0.08453   0.08700   0.10826   0.01833   0.00000   0.10640   0.03191   0.04936   0.15328   0.01743   0.05050   0.17631   0.20167   0.07065   0.11594   0.05661   0.02704   0.19347   0.03283   0.20414   0.00000   0.03398   0.03803   0.04216   0.05945   0.09967   2.14688   0.81669   0.45494   1.62319  
 15 591.1175  18399.871165  x:  0.07339   0.09420   0.02262   0.52262   0.00000   0.06411   0.06410   0.09293   0.06418   0.05082   0.12378   0.25022   0.00530   0.01086   0.12198   0.07255   0.04037   0.13404   0.11260   0.06086   0.14419   0.08348   0.14615   0.01099   0.08475   0.08712   0.10842   0.01997   0.00000   0.10608   0.03111   0.04942   0.15311   0.01676   0.05080   0.17666   0.20178   0.07061   0.11584   0.05632   0.02685   0.19281   0.03246   0.20347   0.01314   0.03406   0.03821   0.04235   0.05960   0.09981   2.14704   0.81600   0.45579   1.62307  
 16 3321.1247  18387.788471  x:  0.07369   0.09511   0.02182   0.51703   0.00000   0.06339   0.06388   0.09323   0.06362   0.04292   0.12346   0.24952   0.00000   0.01123   0.12152   0.07287   0.03921   0.13541   0.11323   0.06118   0.14513   0.08423   0.14620   0.00952   0.08569   0.08767   0.10912   0.02614   0.00000   0.10471   0.02777   0.04971   0.15232   0.01394   0.05210   0.17820   0.20227   0.07044   0.11542   0.05507   0.02608   0.18989   0.02987   0.20009   0.01297   0.03368   0.03889   0.04322   0.06001   0.10020   2.14775   0.81287   0.45960   1.62252  
 17 933.0762  18365.758838  x:  0.07505   0.09876   0.01993   0.48925   0.00000   0.06089   0.06299   0.09459   0.06283   0.00910   0.12304   0.24614   0.01472   0.02058   0.11930   0.07555   0.03649   0.14163   0.11577   0.06218   0.14958   0.08744   0.14652   0.00374   0.08855   0.08988   0.11194   0.03131   0.00000   0.09902   0.01943   0.05084   0.14836   0.00703   0.05661   0.18518   0.20456   0.07005   0.11368   0.05055   0.02461   0.17621   0.02154   0.18435   0.01310   0.03273   0.04043   0.04532   0.06134   0.10223   2.15142   0.79976   0.47668   1.62017  
 18 1586.7685  18350.650019  x:  0.07651   0.10284   0.02102   0.44281   0.00000   0.05981   0.06217   0.09605   0.06159   0.00000   0.12604   0.24267   0.01374   0.01231   0.11636   0.07575   0.03162   0.14961   0.11879   0.06264   0.15583   0.09267   0.14746   0.00562   0.09108   0.09227   0.11518   0.02515   0.00000   0.09324   0.02768   0.05239   0.14205   0.02400   0.06028   0.19513   0.20786   0.07109   0.11186   0.04767   0.02667   0.15660   0.02222   0.16169   0.01331   0.03320   0.04027   0.04534   0.06230   0.10576   2.15809   0.78395   0.50076   1.61712  
 19 825.3647  18334.490031  x:  0.07853   0.10844   0.02125   0.37750   0.00000   0.05803   0.06107   0.09806   0.06042   0.01209   0.13063   0.23828   0.01652   0.00974   0.11259   0.07728   0.02595   0.16090   0.12301   0.06345   0.16436   0.09941   0.14868   0.00453   0.09493   0.09559   0.11975   0.02276   0.00000   0.08502   0.02966   0.05418   0.13350   0.03122   0.06477   0.20883   0.21246   0.07246   0.10942   0.04351   0.02779   0.12966   0.02050   0.13076   0.01358   0.03325   0.04078   0.04621   0.06382   0.11031   2.16753   0.76195   0.53449   1.61289  
 20 3558.1423  18322.951966  x:  0.07835   0.10729   0.02443   0.31423   0.00000   0.06366   0.06259   0.09789   0.06281   0.01027   0.13349   0.23703   0.01057   0.01461   0.11423   0.07692   0.03359   0.16573   0.12330   0.06236   0.16842   0.10102   0.15042   0.01015   0.09400   0.09495   0.12015   0.01608   0.00000   0.08960   0.03066   0.05249   0.12880   0.01856   0.05574   0.21568   0.21527   0.07652   0.11156   0.05357   0.02954   0.12260   0.04218   0.12571   0.01333   0.03489   0.03893   0.04311   0.06281   0.11196   2.17903   0.75810   0.55582   1.61149  
 21 670.5284  18316.373239  x:  0.07718   0.10373   0.02362   0.26504   0.00000   0.06601   0.06417   0.09671   0.06482   0.01047   0.13514   0.23784   0.01706   0.00888   0.11696   0.07546   0.03577   0.16440   0.12186   0.06134   0.16846   0.09827   0.15166   0.00796   0.09205   0.09303   0.11860   0.02816   0.00000   0.09680   0.03449   0.05139   0.12719   0.02039   0.05173   0.21743   0.21658   0.07809   0.11475   0.05724   0.02760   0.12632   0.04191   0.13484   0.01313   0.03372   0.03915   0.04311   0.06233   0.11005   2.19043   0.76517   0.56721   1.61200  
 22 579.3970  18312.070860  x:  0.07616   0.10147   0.02253   0.23132   0.00000   0.06480   0.06472   0.09569   0.06411   0.01022   0.13500   0.23910   0.01311   0.01075   0.11877   0.07510   0.03233   0.16143   0.12060   0.06136   0.16691   0.09505   0.15239   0.00418   0.09040   0.09186   0.11709   0.01980   0.00000   0.09982   0.03245   0.05135   0.12689   0.02099   0.05373   0.21696   0.21682   0.07729   0.11645   0.05506   0.02586   0.13171   0.03170   0.14367   0.01335   0.03294   0.04026   0.04481   0.06261   0.10755   2.20093   0.77488   0.57426   1.61317  
 23 535.2632  18311.211517  x:  0.07591   0.10179   0.02452   0.22374   0.00000   0.06315   0.06397   0.09545   0.06275   0.01022   0.13392   0.23921   0.01315   0.01254   0.11786   0.07523   0.03153   0.15952   0.11999   0.06155   0.16579   0.09498   0.15261   0.01069   0.09054   0.09180   0.11650   0.02058   0.00000   0.09734   0.03089   0.05160   0.12713   0.02129   0.05540   0.21539   0.21627   0.07565   0.11535   0.05233   0.02823   0.13303   0.02984   0.14367   0.01335   0.03405   0.03865   0.04323   0.06210   0.10713   2.20737   0.78204   0.57676   1.61426  
 24 180.8723  18310.147667  x:  0.07549   0.10263   0.02434   0.21767   0.00000   0.06131   0.06233   0.09503   0.06089   0.00988   0.13145   0.23858   0.01391   0.00815   0.11493   0.07475   0.03205   0.15656   0.11903   0.06151   0.16331   0.09336   0.15214   0.00918   0.09073   0.09190   0.11569   0.01990   0.00000   0.09117   0.02953   0.05159   0.12744   0.01875   0.05566   0.21194   0.21475   0.07303   0.11206   0.04903   0.02844   0.13312   0.03218   0.13946   0.01330   0.03438   0.03801   0.04216   0.06088   0.10728   2.22069   0.79556   0.58189   1.61653  
 25 166.7451  18309.282275  x:  0.07494   0.10280   0.02319   0.21384   0.00000   0.06084   0.06105   0.09448   0.06005   0.00986   0.12933   0.23737   0.01307   0.01199   0.11243   0.07432   0.03266   0.15419   0.11801   0.06096   0.16091   0.09202   0.15138   0.00620   0.09059   0.09159   0.11482   0.02120   0.00000   0.08689   0.03113   0.05119   0.12732   0.02049   0.05468   0.20860   0.21293   0.07153   0.10910   0.04831   0.02758   0.13178   0.03421   0.13449   0.01328   0.03343   0.03830   0.04232   0.06007   0.10721   2.23512   0.80891   0.58778   1.61891  
 26 334.0820  18308.247669  x:  0.07409   0.10111   0.02272   0.21362   0.00000   0.06297   0.06075   0.09363   0.06166   0.00959   0.12759   0.23383   0.01295   0.01099   0.11063   0.07290   0.03215   0.15261   0.11676   0.05929   0.15873   0.09271   0.14975   0.00815   0.08904   0.09000   0.11355   0.02051   0.00000   0.08850   0.03011   0.04940   0.12575   0.01977   0.05168   0.20490   0.20996   0.07286   0.10757   0.05310   0.02658   0.12623   0.02989   0.12832   0.01342   0.03120   0.03868   0.04352   0.06091   0.10566   2.25865   0.82439   0.59944   1.62230  
 27 187.6091  18307.366375  x:  0.07328   0.09888   0.02392   0.21663   0.00000   0.06167   0.06139   0.09282   0.06184   0.00965   0.12779   0.22940   0.01285   0.01109   0.11155   0.07278   0.03089   0.15324   0.11624   0.05943   0.15781   0.09339   0.14738   0.00588   0.08743   0.08853   0.11264   0.02076   0.00000   0.09342   0.02914   0.05039   0.12301   0.01993   0.05398   0.20327   0.20692   0.07498   0.10913   0.05199   0.02690   0.12208   0.03063   0.12895   0.01335   0.03568   0.03698   0.04031   0.06074   0.10418   2.28550   0.83362   0.61457   1.62569  
 28 172.8924  18306.438061  x:  0.07299   0.09798   0.02280   0.22125   0.00000   0.05950   0.06194   0.09253   0.06029   0.00991   0.12884   0.22557   0.01308   0.01092   0.11321   0.07344   0.03145   0.15482   0.11626   0.06037   0.15804   0.09446   0.14497   0.00774   0.08715   0.08845   0.11241   0.02051   0.00000   0.09513   0.03050   0.05091   0.12024   0.01915   0.05525   0.20300   0.20422   0.07505   0.11138   0.04797   0.02689   0.12189   0.03301   0.13393   0.01334   0.03146   0.03856   0.04334   0.05916   0.10348   2.31847   0.83846   0.63322   1.62977  
 29 242.1521  18305.342384  x:  0.07446   0.10071   0.02475   0.22742   0.00000   0.06239   0.06176   0.09400   0.05957   0.01034   0.12994   0.22554   0.01306   0.01098   0.11416   0.07369   0.03256   0.15575   0.11675   0.06006   0.15909   0.09362   0.14310   0.00696   0.08920   0.09054   0.11336   0.02022   0.00000   0.08997   0.03089   0.04862   0.11945   0.02027   0.05168   0.20427   0.20307   0.07171   0.11247   0.05056   0.02812   0.12913   0.03105   0.14055   0.01333   0.03269   0.03790   0.04226   0.06097   0.10438   2.36377   0.83734   0.65583   1.63597  
 30 218.1033  18304.833046  x:  0.07481   0.10116   0.02114   0.22975   0.00000   0.06257   0.06164   0.09434   0.06209   0.01046   0.12973   0.22948   0.01334   0.01099   0.11381   0.07338   0.03190   0.15451   0.11712   0.05980   0.15958   0.09282   0.14383   0.00878   0.08951   0.09066   0.11376   0.02003   0.00000   0.08983   0.03047   0.05118   0.12196   0.02075   0.05332   0.20511   0.20456   0.07213   0.11146   0.05264   0.02574   0.13383   0.03159   0.14059   0.01331   0.03447   0.03830   0.04207   0.06081   0.10560   2.38787   0.83440   0.66293   1.64040  
 31 170.2124  18304.244945  x:  0.07494   0.10112   0.02483   0.23188   0.00000   0.06207   0.06175   0.09448   0.06427   0.01042   0.12923   0.23671   0.01339   0.01104   0.11332   0.07344   0.03186   0.15239   0.11763   0.06024   0.15990   0.09132   0.14606   0.00767   0.08891   0.08998   0.11401   0.02020   0.00000   0.09269   0.03065   0.05248   0.12702   0.02063   0.05537   0.20600   0.20803   0.07402   0.10999   0.05315   0.02785   0.13766   0.03182   0.13839   0.01336   0.03242   0.03831   0.04306   0.05995   0.10684   2.41930   0.82911   0.66670   1.64751  
 32 208.3297  18303.633357  x:  0.07425   0.10002   0.02325   0.23309   0.00000   0.06154   0.06245   0.09379   0.06155   0.01025   0.12956   0.24344   0.01323   0.01117   0.11392   0.07443   0.03415   0.15153   0.11799   0.06121   0.16028   0.09143   0.14946   0.00795   0.08832   0.08975   0.11413   0.02007   0.00000   0.09560   0.03176   0.04849   0.13208   0.02031   0.05298   0.20645   0.21234   0.07454   0.10967   0.04967   0.02784   0.13657   0.03089   0.13692   0.01336   0.03376   0.03849   0.04235   0.06127   0.10682   2.45441   0.82217   0.66418   1.65723  
 33 188.4863  18302.676954  x:  0.07476   0.10007   0.02392   0.23264   0.00000   0.06384   0.06308   0.09430   0.05743   0.01003   0.13139   0.24645   0.01366   0.01115   0.11609   0.07422   0.03167   0.15300   0.11753   0.05988   0.16023   0.09368   0.15433   0.00736   0.08941   0.09118   0.11425   0.02026   0.00000   0.09323   0.02967   0.05245   0.13497   0.02105   0.05258   0.20621   0.21692   0.07265   0.11254   0.05131   0.02631   0.12865   0.03244   0.14007   0.01333   0.03272   0.03770   0.04274   0.06138   0.10489   2.51376   0.81012   0.64892   1.67691  
 34 179.9659  18301.999002  x:  0.07573   0.10116   0.02260   0.23126   0.00000   0.06198   0.06237   0.09526   0.06212   0.00993   0.13178   0.24309   0.01332   0.01106   0.11589   0.07367   0.03237   0.15564   0.11760   0.06046   0.16026   0.09479   0.15598   0.00685   0.09006   0.09149   0.11437   0.02036   0.00000   0.09041   0.03113   0.05057   0.13290   0.02005   0.05482   0.20617   0.21713   0.07344   0.11438   0.05272   0.02936   0.12619   0.03185   0.14132   0.01332   0.03395   0.04003   0.04302   0.06053   0.10439   2.55746   0.80018   0.63437   1.69285  
 35 261.9784  18301.554038  x:  0.07585   0.10191   0.02390   0.23004   0.00000   0.06130   0.06177   0.09538   0.06459   0.00996   0.13132   0.23829   0.01301   0.01110   0.11471   0.07382   0.03274   0.15722   0.11795   0.06086   0.16048   0.09485   0.15547   0.00706   0.08996   0.09100   0.11453   0.02026   0.00000   0.09058   0.03131   0.04940   0.12929   0.01998   0.05474   0.20649   0.21522   0.07414   0.11396   0.05137   0.02589   0.12797   0.03146   0.14016   0.01334   0.03285   0.03735   0.04237   0.06057   0.10521   2.58562   0.79240   0.62412   1.70394  
 36 260.9155  18301.248687  x:  0.07495   0.10152   0.02335   0.22897   0.00000   0.06219   0.06175   0.09449   0.06263   0.01006   0.13050   0.23374   0.01314   0.01107   0.11359   0.07422   0.03176   0.15727   0.11816   0.06032   0.16076   0.09408   0.15350   0.00708   0.08942   0.09031   0.11460   0.02039   0.00000   0.09266   0.03024   0.05083   0.12549   0.02036   0.05318   0.20703   0.21226   0.07379   0.11228   0.05068   0.02749   0.13131   0.03161   0.13777   0.01333   0.03327   0.03848   0.04290   0.06116   0.10642   2.60515   0.78599   0.61670   1.71254  
 37 179.1792  18301.207445  x:  0.07488   0.10095   0.02325   0.22879   0.00000   0.06216   0.06205   0.09442   0.06138   0.01007   0.13037   0.23361   0.01315   0.01108   0.11399   0.07392   0.03209   0.15645   0.11799   0.06024   0.16102   0.09373   0.15202   0.00715   0.08938   0.09052   0.11453   0.02041   0.00000   0.09274   0.03101   0.05055   0.12501   0.01986   0.05424   0.20732   0.21113   0.07348   0.11160   0.05153   0.02739   0.13140   0.03128   0.13740   0.01334   0.03303   0.03838   0.04235   0.06066   0.10622   2.60749   0.78480   0.61593   1.71455  
 38 32.6667  18301.179830  x:  0.07508   0.10060   0.02359   0.22863   0.00000   0.06195   0.06224   0.09461   0.06145   0.01006   0.13033   0.23421   0.01320   0.01108   0.11450   0.07370   0.03225   0.15527   0.11776   0.06039   0.16133   0.09342   0.14989   0.00730   0.08941   0.09072   0.11442   0.02043   0.00000   0.09246   0.03061   0.05020   0.12493   0.02010   0.05423   0.20760   0.20989   0.07365   0.11122   0.05153   0.02711   0.13094   0.03154   0.13742   0.01333   0.03351   0.03850   0.04315   0.06071   0.10582   2.60863   0.78399   0.61569   1.71710  
 39 22.0886  18301.156553  x:  0.07518   0.10061   0.02320   0.22851   0.00000   0.06191   0.06221   0.09471   0.06197   0.01003   0.13035   0.23495   0.01314   0.01110   0.11466   0.07379   0.03218   0.15446   0.11766   0.06049   0.16157   0.09328   0.14783   0.00731   0.08944   0.09074   0.11436   0.02041   0.00000   0.09225   0.03050   0.05052   0.12506   0.02013   0.05369   0.20780   0.20893   0.07390   0.11127   0.05118   0.02749   0.13045   0.03152   0.13755   0.01333   0.03301   0.03824   0.04256   0.06087   0.10558   2.60928   0.78342   0.61572   1.72006  
 40 30.4719  18301.126853  x:  0.07492   0.10132   0.02361   0.22840   0.00000   0.06236   0.06183   0.09446   0.06207   0.00999   0.13045   0.23573   0.01310   0.01109   0.11400   0.07420   0.03219   0.15471   0.11781   0.06032   0.16169   0.09353   0.14572   0.00745   0.08943   0.09039   0.11443   0.02042   0.00000   0.09240   0.03113   0.05090   0.12551   0.01976   0.05368   0.20786   0.20848   0.07371   0.11188   0.05091   0.02708   0.13022   0.03131   0.13768   0.01333   0.03328   0.03892   0.04240   0.06089   0.10581   2.60949   0.78320   0.61621   1.72563  
 41 21.9707  18301.066472  x:  0.07446   0.10207   0.02307   0.22827   0.00000   0.06249   0.06136   0.09400   0.06169   0.00999   0.13064   0.23668   0.01312   0.01107   0.11289   0.07437   0.03222   0.15603   0.11819   0.06011   0.16167   0.09406   0.14280   0.00732   0.08938   0.08996   0.11462   0.02043   0.00000   0.09286   0.03067   0.05024   0.12634   0.02000   0.05430   0.20781   0.20842   0.07326   0.11289   0.05140   0.02744   0.13038   0.03148   0.13778   0.01332   0.03326   0.03789   0.04309   0.06070   0.10646   2.60940   0.78289   0.61776   1.73826  
 42 57.8561  18300.847832  x:  0.07506   0.10055   0.02360   0.22833   0.00000   0.06047   0.06208   0.09459   0.06111   0.01004   0.13068   0.23713   0.01325   0.01115   0.11318   0.07248   0.03114   0.15968   0.11854   0.06051   0.16087   0.09466   0.13866   0.00749   0.08926   0.09068   0.11481   0.02042   0.00000   0.09303   0.02938   0.04944   0.12787   0.02066   0.05354   0.20718   0.21011   0.07307   0.11293   0.05211   0.02679   0.13191   0.03186   0.13743   0.01331   0.03253   0.03957   0.04153   0.06046   0.10726   2.60776   0.78129   0.62512   1.78711  
 43 88.9102  18300.309917  x:  0.07636   0.09715   0.02356   0.22894   0.00000   0.06051   0.06386   0.09590   0.06135   0.01006   0.13014   0.23632   0.01293   0.01113   0.11572   0.07170   0.03077   0.16412   0.11802   0.06041   0.15905   0.09430   0.13408   0.00774   0.08896   0.09205   0.11449   0.02046   0.00000   0.09214   0.03224   0.05178   0.12976   0.01882   0.05223   0.20577   0.21383   0.07369   0.11092   0.05118   0.02753   0.13430   0.03063   0.13696   0.01331   0.03387   0.03721   0.04358   0.06127   0.10684   2.60298   0.77638   0.64466   1.91002  
 44 422.4628  18298.847496  x:  0.07579   0.09720   0.02294   0.23121   0.00000   0.06760   0.06440   0.09531   0.06294   0.01057   0.12868   0.23264   0.01213   0.01051   0.11989   0.07768   0.03421   0.16256   0.11552   0.05853   0.15629   0.09054   0.13283   0.00849   0.08834   0.09119   0.11271   0.02017   0.00000   0.09150   0.02920   0.04975   0.13034   0.02047   0.05600   0.20338   0.21943   0.07508   0.10595   0.04920   0.02753   0.13665   0.03123   0.13901   0.01328   0.03258   0.03884   0.04184   0.06062   0.10337   2.58887   0.76028   0.70074   2.25040  
 45 853.8651  18296.625162  x:  0.07266   0.10379   0.02284   0.23523   0.00000   0.06122   0.06067   0.09218   0.06141   0.01097   0.12831   0.22944   0.01148   0.01098   0.11793   0.07616   0.03132   0.14821   0.11571   0.06141   0.15595   0.08614   0.14044   0.00890   0.08866   0.08831   0.11214   0.02009   0.00000   0.09390   0.03087   0.04864   0.12737   0.01863   0.05257   0.20249   0.21999   0.07363   0.10635   0.05274   0.02673   0.13755   0.03165   0.14366   0.01318   0.03299   0.03786   0.04212   0.06060   0.10143   2.56772   0.73570   0.78401   2.75063  
 46 1702.7235  18295.810685  x:  0.07441   0.10153   0.02285   0.23678   0.00000   0.06219   0.06172   0.09391   0.06103   0.01108   0.12961   0.23176   0.01087   0.01130   0.11460   0.07180   0.03750   0.14340   0.11729   0.06125   0.15996   0.08802   0.14719   0.00807   0.08923   0.09025   0.11401   0.01973   0.00000   0.09501   0.02955   0.05101   0.12464   0.01916   0.05323   0.20494   0.21392   0.07286   0.11076   0.05149   0.02679   0.13894   0.03026   0.14404   0.01316   0.03288   0.03794   0.04195   0.06151   0.10478   2.55983   0.72936   0.81430   2.93996  
 47 954.9367  18295.505846  x:  0.07549   0.09962   0.02273   0.23737   0.00000   0.06341   0.06307   0.09500   0.06129   0.01095   0.13031   0.23486   0.01094   0.01117   0.11482   0.07410   0.03389   0.14332   0.11794   0.06074   0.16274   0.08981   0.15136   0.00765   0.08957   0.09129   0.11491   0.01994   0.00000   0.09489   0.03021   0.04907   0.12338   0.01834   0.05351   0.20753   0.20821   0.07300   0.11192   0.05117   0.02676   0.14034   0.03092   0.14374   0.01313   0.03284   0.03789   0.04195   0.06115   0.10661   2.55704   0.72845   0.82470   3.00873  
 48 420.3264  18295.415385  x:  0.07491   0.10042   0.02284   0.23756   0.00000   0.06240   0.06293   0.09442   0.06111   0.01094   0.13034   0.23680   0.01089   0.01096   0.11630   0.07517   0.03457   0.14576   0.11766   0.06138   0.16412   0.09015   0.15336   0.00746   0.08942   0.09069   0.11458   0.01992   0.00000   0.09472   0.02992   0.04981   0.12323   0.01859   0.05309   0.20918   0.20469   0.07316   0.11068   0.05190   0.02669   0.14075   0.03060   0.14370   0.01313   0.03287   0.03789   0.04196   0.06115   0.10602   2.55624   0.72856   0.82761   3.02905  
 49 116.9774  18295.402528  x:  0.07477   0.10079   0.02277   0.23759   0.00000   0.06277   0.06268   0.09427   0.06116   0.01094   0.13021   0.23711   0.01093   0.01103   0.11641   0.07411   0.03427   0.14640   0.11749   0.06102   0.16419   0.08994   0.15375   0.00749   0.08943   0.09055   0.11440   0.01993   0.00000   0.09480   0.02998   0.04962   0.12343   0.01848   0.05321   0.20955   0.20390   0.07322   0.11026   0.05153   0.02676   0.14073   0.03073   0.14382   0.01313   0.03282   0.03788   0.04193   0.06131   0.10561   2.55613   0.72846   0.82804   3.03162  
 50 22.7598  18295.392304  x:  0.07503   0.10042   0.02275   0.23757   0.00000   0.06284   0.06244   0.09454   0.06113   0.01097   0.12984   0.23687   0.01091   0.01103   0.11558   0.07428   0.03427   0.14677   0.11754   0.06118   0.16365   0.08936   0.15401   0.00759   0.08948   0.09089   0.11426   0.01992   0.00000   0.09499   0.02994   0.04965   0.12424   0.01853   0.05306   0.20977   0.20315   0.07310   0.11025   0.05155   0.02675   0.14051   0.03071   0.14401   0.01313   0.03289   0.03786   0.04194   0.06090   0.10513   2.55612   0.72818   0.82824   3.03226  
 51  3.0022  18295.353514  x:  0.07492   0.10014   0.02285   0.23748   0.00000   0.06228   0.06290   0.09442   0.06106   0.01100   0.12960   0.23590   0.01087   0.01100   0.11535   0.07469   0.03440   0.14670   0.11756   0.06063   0.16245   0.08930   0.15432   0.00763   0.08925   0.09078   0.11427   0.01997   0.00000   0.09465   0.02999   0.04964   0.12622   0.01845   0.05354   0.20997   0.20189   0.07319   0.11067   0.05179   0.02669   0.14047   0.03095   0.14409   0.01312   0.03262   0.03797   0.04192   0.06271   0.10530   2.55624   0.72789   0.82845   3.03310  
 52  4.4565  18295.137187  x:  0.07394   0.10095   0.02279   0.23738   0.00000   0.06290   0.06454   0.09344   0.06127   0.01100   0.13019   0.23257   0.01049   0.01111   0.11771   0.07385   0.03459   0.14535   0.11783   0.06104   0.15941   0.09174   0.15485   0.00720   0.08875   0.08959   0.11481   0.02006   0.00000   0.09353   0.02952   0.04968   0.13211   0.01826   0.05290   0.21008   0.19890   0.07360   0.11170   0.05137   0.02666   0.14094   0.03016   0.14347   0.01310   0.03297   0.03784   0.04202   0.06010   0.10714   2.55704   0.72765   0.82883   3.03639  
 53 13.9265  18293.284046  x:  0.07775   0.10284   0.02182   0.23882   0.00000   0.06317   0.05463   0.09721   0.06202   0.01087   0.13225   0.22756   0.00727   0.01181   0.12058   0.07421   0.03454   0.14195   0.11605   0.06440   0.15917   0.10141   0.15383   0.00451   0.09332   0.09340   0.11475   0.02119   0.00000   0.09990   0.02776   0.04970   0.13913   0.01479   0.05470   0.20658   0.19757   0.06893   0.10550   0.05105   0.02665   0.14240   0.02926   0.14438   0.01282   0.03238   0.03829   0.04240   0.06266   0.10654   2.56457   0.73450   0.82842   3.06132  
 54 18.3214  18289.014397  x:  0.07539   0.10131   0.02151   0.24438   0.00000   0.05817   0.05973   0.09477   0.06080   0.01048   0.12789   0.22902   0.00000   0.01390   0.11248   0.07402   0.03408   0.14196   0.11419   0.05613   0.16200   0.09880   0.15208   0.00247   0.09132   0.09115   0.11221   0.02412   0.00000   0.09510   0.02260   0.04958   0.13567   0.00793   0.05445   0.19950   0.20042   0.07200   0.10577   0.04946   0.02558   0.14313   0.02487   0.14729   0.01226   0.03244   0.03843   0.04299   0.05920   0.10070   2.58082   0.74650   0.82886   3.11456  
 55 128.1273  18289.014397  x:  0.07539   0.10131   0.02151   0.24438   0.00000   0.05817   0.05973   0.09477   0.06080   0.01048   0.12789   0.22902   0.00000   0.01390   0.11248   0.07402   0.03408   0.14196   0.11419   0.05613   0.16200   0.09880   0.15208   0.00247   0.09132   0.09115   0.11221   0.02412   0.00000   0.09510   0.02260   0.04958   0.13567   0.00793   0.05445   0.19950   0.20042   0.07200   0.10577   0.04946   0.02558   0.14313   0.02487   0.14729   0.01226   0.03244   0.03843   0.04299   0.05920   0.10070   2.58082   0.74650   0.82886   3.11456  
 56 103.4919  18287.267741  x:  0.07510   0.10089   0.02121   0.24433   0.00000   0.05878   0.06006   0.09448   0.06084   0.01384   0.12764   0.22953   0.00056   0.01390   0.11271   0.07389   0.03374   0.14283   0.11456   0.05762   0.16138   0.09779   0.15186   0.00387   0.09104   0.09077   0.11226   0.02996   0.00000   0.09471   0.02256   0.04974   0.13523   0.01186   0.05514   0.19950   0.20077   0.07179   0.10648   0.04932   0.02512   0.14273   0.02468   0.14718   0.00714   0.03222   0.03893   0.04352   0.05961   0.10103   2.58089   0.74669   0.82876   3.11462  
 57 354.7781  18287.084145  x:  0.07500   0.10075   0.02116   0.24432   0.00000   0.05899   0.06019   0.09438   0.06084   0.01395   0.12746   0.22973   0.00000   0.01378   0.11281   0.07382   0.03356   0.14319   0.11470   0.05810   0.16111   0.09730   0.15174   0.00383   0.09088   0.09063   0.11229   0.03092   0.00000   0.09452   0.02254   0.04981   0.13504   0.01135   0.05524   0.19949   0.20092   0.07172   0.10677   0.04929   0.02503   0.14256   0.02473   0.14723   0.00728   0.03228   0.03909   0.04365   0.05977   0.10122   2.58092   0.74673   0.82873   3.11464  
 58 150.4329  18286.846838  x:  0.07469   0.10026   0.02107   0.24428   0.00000   0.05960   0.06061   0.09406   0.06087   0.01387   0.12682   0.23040   0.00146   0.01395   0.11315   0.07373   0.03317   0.14447   0.11516   0.05953   0.16020   0.09560   0.15131   0.00363   0.09028   0.09020   0.11237   0.03310   0.00000   0.09388   0.02253   0.05000   0.13435   0.00972   0.05555   0.19946   0.20150   0.07149   0.10777   0.04922   0.02483   0.14198   0.02489   0.14739   0.00791   0.03243   0.03946   0.04397   0.06027   0.10185   2.58102   0.74684   0.82860   3.11472  
 59 257.9466  18286.648912  x:  0.07425   0.09955   0.02131   0.24422   0.00000   0.06015   0.06125   0.09363   0.06090   0.01217   0.12560   0.23177   0.00143   0.01387   0.11377   0.07355   0.03253   0.14692   0.11577   0.06076   0.15847   0.09242   0.15035   0.00377   0.08908   0.08959   0.11251   0.03212   0.00000   0.09300   0.02274   0.05008   0.13279   0.01062   0.05609   0.19944   0.20280   0.07113   0.10957   0.04925   0.02506   0.14088   0.02490   0.14769   0.00733   0.03227   0.03931   0.04394   0.06069   0.10293   2.58127   0.74691   0.82835   3.11490  
 60 85.1342  18286.572857  x:  0.07409   0.09928   0.02136   0.24417   0.00000   0.06007   0.06146   0.09347   0.06093   0.01355   0.12519   0.23269   0.00136   0.01401   0.11405   0.07351   0.03242   0.14824   0.11595   0.06062   0.15751   0.09083   0.14969   0.00449   0.08856   0.08939   0.11258   0.03112   0.00000   0.09267   0.02262   0.05001   0.13176   0.01077   0.05610   0.19942   0.20369   0.07100   0.11042   0.04926   0.02504   0.14025   0.02486   0.14786   0.00778   0.03221   0.03913   0.04379   0.06064   0.10341   2.58146   0.74697   0.82815   3.11505  
 61 82.2164  18286.552492  x:  0.07414   0.09933   0.02129   0.24414   0.00000   0.05975   0.06140   0.09352   0.06094   0.01360   0.12512   0.23315   0.00135   0.01389   0.11408   0.07353   0.03261   0.14869   0.11586   0.05991   0.15714   0.09038   0.14923   0.00450   0.08859   0.08946   0.11259   0.03108   0.00000   0.09273   0.02252   0.04995   0.13117   0.01031   0.05585   0.19939   0.20427   0.07100   0.11054   0.04926   0.02491   0.14001   0.02481   0.14789   0.00728   0.03224   0.03912   0.04375   0.06039   0.10343   2.58162   0.74699   0.82801   3.11516  
 62 32.9633  18286.535421  x:  0.07423   0.09944   0.02123   0.24409   0.00000   0.05940   0.06126   0.09361   0.06093   0.01337   0.12511   0.23367   0.00136   0.01381   0.11404   0.07356   0.03284   0.14907   0.11571   0.05909   0.15676   0.09006   0.14861   0.00446   0.08873   0.08960   0.11259   0.03150   0.00000   0.09290   0.02253   0.04988   0.13042   0.01059   0.05562   0.19935   0.20501   0.07101   0.11054   0.04925   0.02480   0.13978   0.02481   0.14793   0.00760   0.03232   0.03916   0.04375   0.06012   0.10338   2.58185   0.74705   0.82778   3.11534  
 63 40.4916  18286.526927  x:  0.07434   0.09961   0.02138   0.24403   0.00000   0.05953   0.06109   0.09372   0.06089   0.01331   0.12527   0.23409   0.00130   0.01419   0.11392   0.07360   0.03270   0.14905   0.11565   0.05920   0.15654   0.09026   0.14787   0.00456   0.08896   0.08974   0.11253   0.03154   0.00000   0.09310   0.02271   0.04994   0.12967   0.01052   0.05565   0.19929   0.20579   0.07106   0.11026   0.04928   0.02510   0.13969   0.02487   0.14789   0.00757   0.03225   0.03915   0.04382   0.06019   0.10315   2.58222   0.74717   0.82743   3.11561  
 64 14.2413  18286.521311  x:  0.07438   0.09968   0.02131   0.24397   0.00000   0.05968   0.06101   0.09376   0.06086   0.01336   0.12541   0.23437   0.00137   0.01384   0.11380   0.07357   0.03262   0.14893   0.11563   0.05948   0.15643   0.09050   0.14723   0.00448   0.08909   0.08980   0.11248   0.03144   0.00000   0.09321   0.02258   0.04995   0.12909   0.01053   0.05575   0.19924   0.20639   0.07109   0.11002   0.04925   0.02502   0.13969   0.02489   0.14785   0.00758   0.03224   0.03914   0.04382   0.06030   0.10298   2.58259   0.74723   0.82710   3.11589  
 65 21.0689  18286.519647  x:  0.07432   0.09961   0.02118   0.24396   0.00000   0.05964   0.06106   0.09370   0.06086   0.01332   0.12543   0.23439   0.00134   0.01398   0.11382   0.07356   0.03271   0.14879   0.11564   0.05957   0.15646   0.09062   0.14696   0.00450   0.08902   0.08972   0.11247   0.03141   0.00000   0.09313   0.02254   0.04991   0.12894   0.01054   0.05577   0.19922   0.20656   0.07110   0.10999   0.04923   0.02481   0.13976   0.02484   0.14782   0.00757   0.03229   0.03916   0.04375   0.06030   0.10299   2.58289   0.74719   0.82686   3.11611  
 66  7.4263  18286.516809  x:  0.07419   0.09944   0.02130   0.24392   0.00000   0.05952   0.06123   0.09357   0.06089   0.01334   0.12539   0.23429   0.00135   0.01390   0.11389   0.07351   0.03287   0.14846   0.11566   0.05954   0.15656   0.09076   0.14642   0.00448   0.08879   0.08952   0.11248   0.03145   0.00000   0.09290   0.02267   0.04987   0.12879   0.01053   0.05573   0.19918   0.20674   0.07109   0.11005   0.04926   0.02496   0.13995   0.02480   0.14778   0.00757   0.03229   0.03915   0.04369   0.06022   0.10308   2.58370   0.74703   0.82623   3.11671  
 67  9.2615  18286.514272  x:  0.07417   0.09938   0.02137   0.24389   0.00000   0.05955   0.06127   0.09355   0.06089   0.01333   0.12531   0.23412   0.00135   0.01396   0.11392   0.07353   0.03272   0.14824   0.11565   0.05940   0.15662   0.09070   0.14604   0.00448   0.08872   0.08949   0.11249   0.03146   0.00000   0.09284   0.02239   0.04989   0.12880   0.01055   0.05571   0.19914   0.20673   0.07105   0.11012   0.04924   0.02499   0.14004   0.02488   0.14775   0.00757   0.03222   0.03913   0.04385   0.06022   0.10316   2.58470   0.74684   0.82548   3.11745  
 68 10.4483  18286.508517  x:  0.07422   0.09941   0.02120   0.24383   0.00000   0.05968   0.06117   0.09360   0.06085   0.01336   0.12515   0.23370   0.00137   0.01390   0.11392   0.07356   0.03244   0.14802   0.11561   0.05923   0.15668   0.09039   0.14540   0.00458   0.08879   0.08961   0.11253   0.03143   0.00000   0.09293   0.02270   0.05002   0.12898   0.01053   0.05568   0.19908   0.20651   0.07094   0.11023   0.04916   0.02481   0.14010   0.02488   0.14773   0.00757   0.03220   0.03911   0.04397   0.06027   0.10325   2.58731   0.74636   0.82362   3.11939  
 69 23.1982  18286.500293  x:  0.07434   0.09957   0.02120   0.24375   0.00000   0.05968   0.06095   0.09372   0.06082   0.01339   0.12505   0.23326   0.00134   0.01394   0.11383   0.07355   0.03273   0.14817   0.11558   0.05945   0.15671   0.09000   0.14488   0.00452   0.08898   0.08980   0.11251   0.03145   0.00000   0.09314   0.02256   0.04989   0.12928   0.01053   0.05572   0.19902   0.20610   0.07088   0.11024   0.04919   0.02498   0.13996   0.02469   0.14771   0.00756   0.03234   0.03913   0.04357   0.06029   0.10319   2.59127   0.74567   0.82089   3.12234  
 70 36.7998  18286.495383  x:  0.07432   0.09959   0.02133   0.24373   0.00000   0.05951   0.06094   0.09370   0.06083   0.01331   0.12515   0.23328   0.00134   0.01388   0.11375   0.07349   0.03292   0.14850   0.11557   0.05961   0.15667   0.09009   0.14504   0.00478   0.08899   0.08973   0.11244   0.03145   0.00000   0.09312   0.02256   0.04980   0.12940   0.01050   0.05573   0.19902   0.20593   0.07099   0.11010   0.04923   0.02486   0.13978   0.02493   0.14772   0.00757   0.03218   0.03913   0.04375   0.06019   0.10305   2.59383   0.74521   0.81934   3.12427  
 71 26.9791  18286.490426  x:  0.07424   0.09953   0.02127   0.24374   0.00000   0.05940   0.06103   0.09362   0.06086   0.01339   0.12532   0.23350   0.00132   0.01395   0.11371   0.07344   0.03281   0.14883   0.11556   0.05959   0.15659   0.09029   0.14548   0.00440   0.08891   0.08958   0.11237   0.03141   0.00000   0.09301   0.02263   0.04982   0.12943   0.01054   0.05572   0.19905   0.20584   0.07111   0.10993   0.04925   0.02486   0.13960   0.02498   0.14773   0.00756   0.03215   0.03912   0.04392   0.06014   0.10288   2.59645   0.74470   0.81794   3.12625  
 72 38.8423  18286.486182  x:  0.07417   0.09944   0.02119   0.24377   0.00000   0.05949   0.06114   0.09355   0.06086   0.01331   0.12544   0.23383   0.00135   0.01391   0.11373   0.07346   0.03254   0.14900   0.11556   0.05942   0.15651   0.09061   0.14609   0.00455   0.08883   0.08947   0.11234   0.03145   0.00000   0.09290   0.02256   0.04991   0.12938   0.01052   0.05570   0.19909   0.20586   0.07115   0.10985   0.04923   0.02497   0.13950   0.02477   0.14773   0.00757   0.03230   0.03911   0.04378   0.06020   0.10280   2.59885   0.74421   0.81687   3.12807  
 73 36.2254  18286.483452  x:  0.07422   0.09944   0.02140   0.24381   0.00000   0.05970   0.06115   0.09360   0.06085   0.01332   0.12538   0.23413   0.00134   0.01392   0.11381   0.07353   0.03260   0.14888   0.11559   0.05934   0.15648   0.09072   0.14665   0.00447   0.08883   0.08957   0.11242   0.03148   0.00000   0.09292   0.02258   0.04991   0.12923   0.01052   0.05570   0.19913   0.20602   0.07105   0.10995   0.04916   0.02483   0.13964   0.02488   0.14773   0.00757   0.03222   0.03912   0.04357   0.06028   0.10295   2.60051   0.74385   0.81649   3.12938  
 74 15.2675  18286.480453  x:  0.07431   0.09947   0.02117   0.24388   0.00000   0.05970   0.06109   0.09368   0.06085   0.01333   0.12526   0.23442   0.00133   0.01391   0.11391   0.07359   0.03282   0.14861   0.11565   0.05942   0.15649   0.09074   0.14728   0.00447   0.08889   0.08974   0.11255   0.03145   0.00000   0.09303   0.02258   0.04987   0.12903   0.01052   0.05573   0.19918   0.20628   0.07094   0.11015   0.04918   0.02497   0.13989   0.02491   0.14773   0.00757   0.03221   0.03917   0.04375   0.06030   0.10318   2.60243   0.74343   0.81639   3.13093  
 75 19.7123  18286.478553  x:  0.07435   0.09957   0.02134   0.24395   0.00000   0.05952   0.06106   0.09373   0.06090   0.01333   0.12524   0.23448   0.00134   0.01392   0.11393   0.07354   0.03276   0.14845   0.11569   0.05955   0.15653   0.09061   0.14753   0.00448   0.08896   0.08976   0.11258   0.03146   0.00000   0.09310   0.02259   0.04991   0.12895   0.01052   0.05577   0.19923   0.20646   0.07098   0.11023   0.04926   0.02488   0.14002   0.02472   0.14777   0.00758   0.03233   0.03911   0.04388   0.06023   0.10321   2.60373   0.74311   0.81669   3.13203  
 76 12.4077  18286.474242  x:  0.07434   0.09972   0.02122   0.24412   0.00000   0.05938   0.06110   0.09372   0.06096   0.01333   0.12539   0.23436   0.00135   0.01394   0.11388   0.07344   0.03258   0.14834   0.11571   0.05963   0.15673   0.09028   0.14766   0.00451   0.08907   0.08962   0.11256   0.03151   0.00000   0.09317   0.02259   0.05001   0.12893   0.01051   0.05581   0.19933   0.20682   0.07123   0.11022   0.04936   0.02493   0.14017   0.02495   0.14793   0.00758   0.03224   0.03910   0.04361   0.06014   0.10312   2.60681   0.74240   0.81799   3.13477  
 77 15.6956  18286.466700  x:  0.07430   0.09977   0.02128   0.24440   0.00000   0.05983   0.06123   0.09368   0.06090   0.01334   0.12566   0.23407   0.00132   0.01396   0.11384   0.07354   0.03285   0.14856   0.11570   0.05949   0.15709   0.09002   0.14752   0.00455   0.08909   0.08951   0.11250   0.03147   0.00000   0.09315   0.02261   0.04992   0.12906   0.01052   0.05578   0.19950   0.20727   0.07135   0.11009   0.04924   0.02494   0.14014   0.02485   0.14812   0.00758   0.03229   0.03937   0.04384   0.06039   0.10295   2.61229   0.74148   0.82067   3.13980  
 78 34.7783  18286.460122  x:  0.07438   0.09959   0.02124   0.24451   0.00000   0.05976   0.06124   0.09376   0.06089   0.01334   0.12566   0.23399   0.00131   0.01394   0.11396   0.07377   0.03285   0.14895   0.11578   0.05952   0.15721   0.09036   0.14713   0.00451   0.08901   0.08979   0.11260   0.03155   0.00000   0.09310   0.02261   0.04995   0.12928   0.01051   0.05582   0.19959   0.20731   0.07108   0.11007   0.04923   0.02496   0.13997   0.02486   0.14809   0.00759   0.03228   0.03883   0.04387   0.06042   0.10308   2.61702   0.74131   0.82316   3.14439  
 79 33.1438  18286.454689  x:  0.07446   0.09950   0.02130   0.24450   0.00000   0.05955   0.06118   0.09384   0.06097   0.01336   0.12553   0.23408   0.00132   0.01392   0.11408   0.07377   0.03264   0.14919   0.11585   0.05957   0.15713   0.09078   0.14676   0.00448   0.08895   0.09000   0.11271   0.03150   0.00000   0.09310   0.02261   0.04999   0.12948   0.01052   0.05583   0.19960   0.20711   0.07092   0.11016   0.04929   0.02494   0.13986   0.02493   0.14798   0.00758   0.03236   0.03928   0.04379   0.06028   0.10328   2.62093   0.74158   0.82527   3.14840  
 80 46.3293  18286.450500  x:  0.07441   0.09965   0.02124   0.24433   0.00000   0.05968   0.06113   0.09378   0.06103   0.01334   0.12537   0.23436   0.00134   0.01393   0.11404   0.07343   0.03268   0.14907   0.11580   0.05950   0.15681   0.09090   0.14655   0.00447   0.08901   0.08977   0.11268   0.03151   0.00000   0.09315   0.02260   0.04992   0.12953   0.01051   0.05576   0.19951   0.20664   0.07118   0.11033   0.04931   0.02491   0.13994   0.02474   0.14787   0.00760   0.03210   0.03922   0.04379   0.06027   0.10330   2.62376   0.74229   0.82686   3.15174  
 81 21.2614  18286.448555  x:  0.07434   0.09969   0.02125   0.24420   0.00000   0.05969   0.06112   0.09372   0.06094   0.01334   0.12533   0.23448   0.00134   0.01393   0.11396   0.07342   0.03274   0.14890   0.11574   0.05947   0.15662   0.09081   0.14652   0.00448   0.08902   0.08963   0.11261   0.03150   0.00000   0.09314   0.02260   0.04991   0.12948   0.01051   0.05574   0.19943   0.20637   0.07122   0.11032   0.04926   0.02491   0.14000   0.02491   0.14784   0.00757   0.03238   0.03913   0.04379   0.06031   0.10324   2.62498   0.74271   0.82757   3.15343  
 82 22.5719  18286.446695  x:  0.07428   0.09958   0.02125   0.24402   0.00000   0.05956   0.06112   0.09365   0.06078   0.01332   0.12537   0.23450   0.00133   0.01391   0.11384   0.07366   0.03274   0.14863   0.11565   0.05950   0.15646   0.09054   0.14661   0.00450   0.08896   0.08958   0.11249   0.03150   0.00000   0.09303   0.02258   0.04993   0.12930   0.01050   0.05577   0.19929   0.20613   0.07103   0.11012   0.04920   0.02491   0.13997   0.02484   0.14783   0.00758   0.03224   0.03917   0.04376   0.06027   0.10306   2.62592   0.74314   0.82821   3.15526  
 83 12.5187  18286.444945  x:  0.07432   0.09937   0.02124   0.24383   0.00000   0.05964   0.06110   0.09369   0.06102   0.01332   0.12538   0.23423   0.00133   0.01392   0.11379   0.07344   0.03270   0.14848   0.11559   0.05948   0.15651   0.09035   0.14681   0.00451   0.08882   0.08974   0.11242   0.03150   0.00000   0.09293   0.02258   0.04982   0.12900   0.01050   0.05568   0.19911   0.20609   0.07093   0.10993   0.04927   0.02490   0.13981   0.02485   0.14778   0.00758   0.03226   0.03914   0.04375   0.06020   0.10297   2.62637   0.74345   0.82870   3.15740  
 84  6.8690  18286.440658  x:  0.07423   0.09941   0.02125   0.24351   0.00000   0.05949   0.06103   0.09361   0.06082   0.01335   0.12519   0.23342   0.00133   0.01392   0.11383   0.07329   0.03276   0.14859   0.11557   0.05942   0.15681   0.09040   0.14721   0.00447   0.08875   0.08970   0.11243   0.03150   0.00000   0.09297   0.02255   0.05011   0.12843   0.01049   0.05578   0.19878   0.20630   0.07111   0.11000   0.04906   0.02491   0.13950   0.02485   0.14761   0.00757   0.03222   0.03914   0.04373   0.06033   0.10307   2.62672   0.74386   0.82971   3.16336  
 85 10.7346  18286.434011  x:  0.07415   0.09960   0.02122   0.24331   0.00000   0.05958   0.06103   0.09353   0.06058   0.01337   0.12501   0.23276   0.00132   0.01389   0.11382   0.07364   0.03249   0.14878   0.11558   0.05945   0.15695   0.09055   0.14749   0.00444   0.08887   0.08942   0.11244   0.03152   0.00000   0.09304   0.02259   0.04950   0.12806   0.01047   0.05568   0.19858   0.20655   0.07117   0.11020   0.04924   0.02485   0.13941   0.02483   0.14750   0.00757   0.03224   0.03911   0.04372   0.06012   0.10315   2.62683   0.74403   0.83122   3.17294  
 86 30.6181  18286.371766  x:  0.07438   0.09976   0.02113   0.24324   0.00000   0.06012   0.06138   0.09375   0.06176   0.01343   0.12498   0.23149   0.00116   0.01380   0.11327   0.07448   0.03287   0.14964   0.11541   0.05964   0.15605   0.09091   0.14787   0.00440   0.08966   0.08831   0.11232   0.03152   0.00000   0.09279   0.02246   0.05084   0.12813   0.01051   0.05513   0.19861   0.20739   0.07011   0.11087   0.05013   0.02469   0.14050   0.02482   0.14774   0.00760   0.03229   0.03912   0.04378   0.05963   0.10276   2.62577   0.74261   0.84529   3.26511  
 87 64.9448  18286.134633  x:  0.07454   0.09920   0.02120   0.24374   0.00000   0.05873   0.06161   0.09388   0.06220   0.01345   0.12551   0.23038   0.00090   0.01392   0.11268   0.07287   0.03226   0.15056   0.11529   0.05937   0.15313   0.09104   0.14815   0.00442   0.08991   0.08870   0.11221   0.03204   0.00000   0.09227   0.02261   0.04910   0.12969   0.01021   0.05649   0.19950   0.20902   0.06887   0.11132   0.04795   0.02489   0.14298   0.02483   0.14854   0.00762   0.03208   0.03927   0.04374   0.06140   0.10201   2.62101   0.73474   0.89931   3.61783  
 88 687.2935  18285.870065  x:  0.07381   0.09870   0.02114   0.24448   0.00000   0.06011   0.06111   0.09312   0.05942   0.01344   0.12568   0.23237   0.00060   0.01397   0.11412   0.07268   0.03255   0.14954   0.11595   0.06004   0.15303   0.09008   0.14766   0.00458   0.08779   0.09099   0.11248   0.03266   0.00000   0.09278   0.02252   0.05000   0.13113   0.01007   0.05581   0.20028   0.20898   0.07134   0.10993   0.04937   0.02456   0.14170   0.02472   0.14829   0.00767   0.03228   0.03931   0.04390   0.05968   0.10288   2.61546   0.72496   0.95941   4.00955  
 89 1375.8311  18285.784952  x:  0.07419   0.09922   0.02112   0.24476   0.00000   0.05965   0.06136   0.09348   0.06118   0.01340   0.12551   0.23454   0.00042   0.01386   0.11474   0.07413   0.03256   0.14867   0.11621   0.06009   0.15564   0.08941   0.14717   0.00462   0.08797   0.09012   0.11271   0.03285   0.00000   0.09294   0.02255   0.04983   0.13095   0.01000   0.05596   0.20027   0.20797   0.07212   0.10963   0.04938   0.02454   0.13941   0.02482   0.14805   0.00768   0.03218   0.03942   0.04393   0.06087   0.10371   2.61364   0.72187   0.97870   4.13550  
 90 645.1722  18285.768682  x:  0.07425   0.09931   0.02109   0.24490   0.00000   0.05984   0.06162   0.09354   0.06085   0.01338   0.12567   0.23539   0.00042   0.01392   0.11453   0.07351   0.03248   0.14875   0.11621   0.06011   0.15718   0.08927   0.14698   0.00460   0.08855   0.08976   0.11282   0.03286   0.00000   0.09284   0.02256   0.04984   0.13056   0.00998   0.05614   0.20021   0.20742   0.07130   0.11004   0.04911   0.02457   0.13903   0.02485   0.14822   0.00768   0.03223   0.03939   0.04395   0.06032   0.10366   2.61328   0.72128   0.98237   4.15947  
 91 145.1425  18285.766608  x:  0.07421   0.09922   0.02111   0.24497   0.00000   0.05976   0.06157   0.09350   0.06076   0.01337   0.12575   0.23556   0.00042   0.01392   0.11442   0.07352   0.03242   0.14896   0.11617   0.06012   0.15762   0.08924   0.14693   0.00460   0.08851   0.08994   0.11280   0.03287   0.00000   0.09283   0.02256   0.04984   0.13033   0.00999   0.05598   0.20019   0.20720   0.07133   0.11028   0.04931   0.02453   0.13933   0.02486   0.14836   0.00767   0.03221   0.03940   0.04395   0.06056   0.10350   2.61324   0.72127   0.98282   4.16254  
 92 19.5380  18285.766294  x:  0.07421   0.09921   0.02111   0.24500   0.00000   0.05980   0.06155   0.09351   0.06083   0.01337   0.12576   0.23559   0.00041   0.01392   0.11442   0.07359   0.03241   0.14905   0.11617   0.06012   0.15771   0.08923   0.14692   0.00460   0.08845   0.08998   0.11279   0.03288   0.00000   0.09285   0.02256   0.04984   0.13024   0.00998   0.05605   0.20020   0.20712   0.07141   0.11029   0.04923   0.02455   0.13947   0.02485   0.14838   0.00768   0.03222   0.03940   0.04395   0.06047   0.10347   2.61324   0.72128   0.98289   4.16301  
 93  4.3259  18285.766233  x:  0.07422   0.09924   0.02111   0.24504   0.00000   0.05979   0.06156   0.09352   0.06082   0.01337   0.12576   0.23557   0.00041   0.01392   0.11446   0.07357   0.03241   0.14908   0.11619   0.06011   0.15771   0.08922   0.14691   0.00460   0.08844   0.08996   0.11279   0.03288   0.00000   0.09286   0.02256   0.04984   0.13017   0.00998   0.05604   0.20021   0.20706   0.07138   0.11021   0.04924   0.02455   0.13953   0.02485   0.14837   0.00768   0.03222   0.03940   0.04395   0.06048   0.10351   2.61323   0.72126   0.98291   4.16312  
 94  0.7969  18285.766178  x:  0.07421   0.09921   0.02111   0.24508   0.00000   0.05979   0.06156   0.09350   0.06082   0.01337   0.12575   0.23554   0.00041   0.01392   0.11445   0.07358   0.03241   0.14908   0.11619   0.06012   0.15766   0.08924   0.14690   0.00460   0.08850   0.08997   0.11281   0.03288   0.00000   0.09284   0.02256   0.04984   0.13009   0.00998   0.05604   0.20024   0.20699   0.07141   0.11022   0.04923   0.02455   0.13951   0.02485   0.14836   0.00768   0.03222   0.03940   0.04395   0.06048   0.10352   2.61324   0.72122   0.98294   4.16325  
 95  0.2932  18285.765982  x:  0.07424   0.09925   0.02110   0.24514   0.00000   0.05980   0.06154   0.09353   0.06082   0.01337   0.12576   0.23549   0.00041   0.01392   0.11442   0.07358   0.03242   0.14903   0.11617   0.06011   0.15759   0.08930   0.14689   0.00460   0.08839   0.08995   0.11279   0.03289   0.00000   0.09289   0.02256   0.04984   0.12998   0.00997   0.05608   0.20028   0.20690   0.07137   0.11031   0.04926   0.02454   0.13943   0.02486   0.14838   0.00768   0.03222   0.03940   0.04395   0.06049   0.10347   2.61326   0.72116   0.98304   4.16381  
 96  0.6037  18285.764391  x:  0.07425   0.09935   0.02110   0.24516   0.00000   0.05977   0.06153   0.09354   0.06085   0.01337   0.12578   0.23543   0.00040   0.01391   0.11451   0.07358   0.03240   0.14899   0.11621   0.06025   0.15751   0.08935   0.14687   0.00460   0.08832   0.08995   0.11274   0.03290   0.00000   0.09293   0.02256   0.04986   0.12988   0.01000   0.05571   0.20028   0.20685   0.07133   0.11042   0.04900   0.02459   0.13936   0.02487   0.14848   0.00768   0.03223   0.03940   0.04395   0.06045   0.10339   2.61347   0.72118   0.98377   4.16840  
 97  2.6852  18285.734572  x:  0.07403   0.09955   0.02118   0.24465   0.00000   0.05994   0.06157   0.09326   0.06098   0.01348   0.12559   0.23483   0.00014   0.01380   0.11542   0.07348   0.03251   0.14897   0.11638   0.06025   0.15687   0.08963   0.14661   0.00457   0.08893   0.08995   0.11244   0.03327   0.00000   0.09266   0.02258   0.05002   0.12930   0.00990   0.05613   0.19984   0.20681   0.07111   0.11074   0.04931   0.02469   0.13920   0.02496   0.14917   0.00769   0.03234   0.03941   0.04401   0.06053   0.10310   2.61741   0.72239   0.99738   4.25482  
 98 45.3788  18285.718565  x:  0.07427   0.09915   0.02121   0.24419   0.00000   0.05998   0.06133   0.09347   0.06090   0.01355   0.12516   0.23472   0.00000   0.01379   0.11420   0.07343   0.03247   0.14920   0.11600   0.06041   0.15665   0.08966   0.14649   0.00457   0.08870   0.08949   0.11263   0.03346   0.00000   0.09281   0.02258   0.05008   0.12909   0.00986   0.05599   0.19952   0.20682   0.07108   0.11067   0.04921   0.02478   0.13935   0.02495   0.14823   0.00773   0.03238   0.03941   0.04402   0.06052   0.10348   2.61931   0.72255   1.00408   4.29683  
 99 177.0694  18285.718565  x:  0.07427   0.09915   0.02121   0.24419   0.00000   0.05998   0.06133   0.09347   0.06090   0.01355   0.12516   0.23472   0.00000   0.01379   0.11420   0.07343   0.03247   0.14920   0.11600   0.06041   0.15665   0.08966   0.14649   0.00457   0.08870   0.08949   0.11263   0.03346   0.00000   0.09281   0.02258   0.05008   0.12909   0.00986   0.05599   0.19952   0.20682   0.07108   0.11067   0.04921   0.02478   0.13935   0.02495   0.14823   0.00773   0.03238   0.03941   0.04402   0.06052   0.10348   2.61931   0.72255   1.00408   4.29683  
100  7.7771  18285.717010  x:  0.07427   0.09916   0.02121   0.24418   0.00000   0.05997   0.06133   0.09347   0.06090   0.01355   0.12516   0.23471   0.00016   0.01381   0.11419   0.07343   0.03248   0.14920   0.11600   0.06041   0.15665   0.08967   0.14649   0.00457   0.08870   0.08949   0.11263   0.03345   0.00000   0.09281   0.02258   0.05008   0.12909   0.00988   0.05599   0.19951   0.20682   0.07107   0.11067   0.04921   0.02477   0.13936   0.02495   0.14821   0.00772   0.03238   0.03940   0.04402   0.06052   0.10348   2.61931   0.72255   1.00408   4.29683  
101 19.8751  18285.716550  x:  0.07425   0.09923   0.02120   0.24412   0.00000   0.05994   0.06134   0.09345   0.06092   0.01353   0.12515   0.23468   0.00017   0.01375   0.11414   0.07342   0.03246   0.14925   0.11597   0.06037   0.15660   0.08969   0.14650   0.00459   0.08871   0.08950   0.11263   0.03338   0.00000   0.09280   0.02258   0.05006   0.12909   0.00997   0.05598   0.19949   0.20682   0.07100   0.11065   0.04920   0.02474   0.13944   0.02494   0.14810   0.00771   0.03235   0.03940   0.04400   0.06053   0.10345   2.61931   0.72252   1.00406   4.29684  
102  3.5969  18285.716168  x:  0.07423   0.09930   0.02119   0.24404   0.00000   0.05991   0.06135   0.09343   0.06093   0.01354   0.12514   0.23463   0.00016   0.01377   0.11407   0.07341   0.03244   0.14930   0.11594   0.06033   0.15652   0.08973   0.14653   0.00458   0.08871   0.08951   0.11263   0.03332   0.00000   0.09279   0.02258   0.05004   0.12908   0.00990   0.05597   0.19946   0.20682   0.07092   0.11063   0.04920   0.02473   0.13954   0.02494   0.14795   0.00774   0.03234   0.03940   0.04400   0.06054   0.10342   2.61931   0.72249   1.00404   4.29685  
103  5.6401  18285.716063  x:  0.07423   0.09931   0.02120   0.24400   0.00000   0.05992   0.06135   0.09342   0.06094   0.01355   0.12513   0.23460   0.00016   0.01381   0.11405   0.07341   0.03244   0.14933   0.11593   0.06034   0.15648   0.08974   0.14654   0.00457   0.08872   0.08951   0.11263   0.03336   0.00000   0.09279   0.02258   0.05005   0.12908   0.00991   0.05597   0.19944   0.20681   0.07090   0.11063   0.04920   0.02476   0.13958   0.02494   0.14790   0.00771   0.03235   0.03940   0.04400   0.06054   0.10340   2.61932   0.72249   1.00401   4.29686  
104  2.6573  18285.716013  x:  0.07423   0.09931   0.02120   0.24397   0.00000   0.05993   0.06135   0.09342   0.06094   0.01355   0.12513   0.23458   0.00016   0.01380   0.11404   0.07341   0.03245   0.14934   0.11593   0.06035   0.15645   0.08975   0.14655   0.00457   0.08872   0.08950   0.11263   0.03340   0.00000   0.09279   0.02258   0.05006   0.12908   0.00992   0.05597   0.19942   0.20681   0.07090   0.11062   0.04920   0.02477   0.13960   0.02495   0.14787   0.00774   0.03236   0.03940   0.04400   0.06053   0.10340   2.61932   0.72249   1.00399   4.29687  
105  2.2523  18285.715987  x:  0.07423   0.09929   0.02120   0.24394   0.00000   0.05994   0.06134   0.09342   0.06094   0.01354   0.12512   0.23456   0.00016   0.01378   0.11404   0.07341   0.03245   0.14935   0.11593   0.06036   0.15643   0.08975   0.14656   0.00458   0.08871   0.08950   0.11262   0.03341   0.00000   0.09279   0.02258   0.05006   0.12907   0.00990   0.05597   0.19941   0.20681   0.07091   0.11062   0.04920   0.02476   0.13961   0.02495   0.14786   0.00773   0.03236   0.03940   0.04400   0.06053   0.10339   2.61932   0.72250   1.00397   4.29688  
106  1.3396  18285.715954  x:  0.07423   0.09926   0.02120   0.24389   0.00000   0.05995   0.06134   0.09343   0.06093   0.01355   0.12512   0.23453   0.00016   0.01379   0.11405   0.07341   0.03245   0.14935   0.11594   0.06037   0.15639   0.08976   0.14657   0.00457   0.08870   0.08949   0.11262   0.03339   0.00000   0.09279   0.02257   0.05006   0.12907   0.00991   0.05598   0.19939   0.20680   0.07094   0.11062   0.04919   0.02474   0.13962   0.02494   0.14785   0.00773   0.03235   0.03940   0.04400   0.06053   0.10339   2.61933   0.72251   1.00391   4.29691  
107  1.2182  18285.715933  x:  0.07423   0.09925   0.02120   0.24385   0.00000   0.05994   0.06134   0.09343   0.06093   0.01355   0.12512   0.23450   0.00016   0.01379   0.11406   0.07341   0.03245   0.14934   0.11594   0.06036   0.15637   0.08976   0.14658   0.00457   0.08870   0.08949   0.11262   0.03337   0.00000   0.09278   0.02258   0.05005   0.12906   0.00991   0.05597   0.19937   0.20679   0.07095   0.11062   0.04920   0.02477   0.13961   0.02494   0.14787   0.00773   0.03236   0.03940   0.04400   0.06053   0.10339   2.61934   0.72253   1.00384   4.29694  
108  0.9687  18285.715907  x:  0.07423   0.09925   0.02120   0.24381   0.00000   0.05992   0.06133   0.09342   0.06092   0.01356   0.12511   0.23448   0.00016   0.01379   0.11406   0.07340   0.03245   0.14932   0.11593   0.06033   0.15636   0.08976   0.14660   0.00458   0.08870   0.08949   0.11261   0.03339   0.00000   0.09278   0.02257   0.05005   0.12905   0.00991   0.05596   0.19935   0.20678   0.07093   0.11061   0.04919   0.02475   0.13958   0.02494   0.14789   0.00773   0.03236   0.03940   0.04400   0.06053   0.10340   2.61935   0.72255   1.00373   4.29699  
109  0.9979  18285.715888  x:  0.07422   0.09927   0.02120   0.24380   0.00000   0.05992   0.06134   0.09342   0.06092   0.01354   0.12511   0.23447   0.00016   0.01379   0.11406   0.07339   0.03245   0.14931   0.11593   0.06033   0.15636   0.08975   0.14660   0.00456   0.08870   0.08949   0.11261   0.03339   0.00000   0.09278   0.02258   0.05005   0.12905   0.00991   0.05596   0.19934   0.20677   0.07091   0.11060   0.04919   0.02475   0.13956   0.02494   0.14789   0.00773   0.03235   0.03940   0.04400   0.06053   0.10340   2.61936   0.72257   1.00363   4.29704  
110  1.4282  18285.715855  x:  0.07421   0.09928   0.02119   0.24380   0.00000   0.05994   0.06134   0.09341   0.06093   0.01355   0.12510   0.23446   0.00016   0.01379   0.11403   0.07340   0.03246   0.14929   0.11592   0.06036   0.15637   0.08974   0.14660   0.00458   0.08870   0.08949   0.11261   0.03338   0.00000   0.09277   0.02258   0.05006   0.12904   0.00991   0.05597   0.19934   0.20676   0.07090   0.11060   0.04919   0.02476   0.13954   0.02494   0.14789   0.00773   0.03234   0.03939   0.04399   0.06052   0.10339   2.61939   0.72259   1.00343   4.29714  
111  1.5890  18285.715822  x:  0.07421   0.09927   0.02120   0.24382   0.00000   0.05994   0.06133   0.09341   0.06094   0.01355   0.12510   0.23447   0.00016   0.01378   0.11402   0.07340   0.03245   0.14929   0.11591   0.06036   0.15639   0.08973   0.14659   0.00457   0.08869   0.08948   0.11260   0.03337   0.00000   0.09277   0.02257   0.05005   0.12903   0.00991   0.05597   0.19934   0.20675   0.07091   0.11061   0.04918   0.02475   0.13954   0.02495   0.14786   0.00773   0.03237   0.03940   0.04400   0.06052   0.10338   2.61942   0.72259   1.00321   4.29726  
112  1.6496  18285.715787  x:  0.07422   0.09925   0.02120   0.24385   0.00000   0.05992   0.06133   0.09341   0.06093   0.01354   0.12509   0.23449   0.00016   0.01379   0.11401   0.07340   0.03244   0.14929   0.11591   0.06035   0.15641   0.08973   0.14657   0.00458   0.08869   0.08948   0.11260   0.03338   0.00000   0.09277   0.02258   0.05004   0.12903   0.00991   0.05596   0.19935   0.20674   0.07093   0.11061   0.04919   0.02475   0.13956   0.02494   0.14783   0.00773   0.03235   0.03940   0.04399   0.06052   0.10337   2.61945   0.72255   1.00296   4.29740  
113  2.4462  18285.715772  x:  0.07422   0.09925   0.02120   0.24386   0.00000   0.05992   0.06133   0.09341   0.06092   0.01355   0.12510   0.23450   0.00016   0.01378   0.11402   0.07340   0.03245   0.14930   0.11591   0.06034   0.15641   0.08973   0.14656   0.00457   0.08869   0.08948   0.11260   0.03339   0.00000   0.09277   0.02257   0.05005   0.12903   0.00991   0.05596   0.19936   0.20675   0.07093   0.11061   0.04919   0.02476   0.13957   0.02494   0.14783   0.00773   0.03234   0.03939   0.04399   0.06052   0.10337   2.61947   0.72252   1.00286   4.29746  
114  1.6295  18285.715750  x:  0.07422   0.09925   0.02120   0.24388   0.00000   0.05993   0.06133   0.09342   0.06092   0.01354   0.12511   0.23451   0.00016   0.01379   0.11405   0.07339   0.03246   0.14932   0.11592   0.06034   0.15640   0.08974   0.14654   0.00458   0.08870   0.08949   0.11261   0.03338   0.00000   0.09278   0.02257   0.05006   0.12904   0.00991   0.05597   0.19936   0.20676   0.07092   0.11060   0.04919   0.02475   0.13959   0.02494   0.14785   0.00773   0.03235   0.03940   0.04400   0.06052   0.10338   2.61949   0.72244   1.00271   4.29757  
115  1.4677  18285.715739  x:  0.07422   0.09926   0.02120   0.24388   0.00000   0.05993   0.06134   0.09342   0.06092   0.01355   0.12511   0.23451   0.00016   0.01378   0.11406   0.07339   0.03245   0.14933   0.11593   0.06034   0.15640   0.08975   0.14654   0.00457   0.08870   0.08949   0.11261   0.03338   0.00000   0.09278   0.02258   0.05006   0.12905   0.00991   0.05597   0.19937   0.20676   0.07092   0.11060   0.04919   0.02475   0.13959   0.02494   0.14786   0.00773   0.03236   0.03940   0.04400   0.06052   0.10339   2.61950   0.72239   1.00264   4.29762  
116  1.2242  18285.715733  x:  0.07422   0.09927   0.02120   0.24388   0.00000   0.05993   0.06134   0.09342   0.06093   0.01355   0.12511   0.23451   0.00016   0.01379   0.11406   0.07340   0.03244   0.14933   0.11593   0.06035   0.15639   0.08975   0.14654   0.00457   0.08870   0.08949   0.11262   0.03339   0.00000   0.09278   0.02258   0.05005   0.12905   0.00991   0.05597   0.19937   0.20677   0.07092   0.11060   0.04919   0.02476   0.13959   0.02494   0.14787   0.00773   0.03236   0.03940   0.04400   0.06053   0.10339   2.61951   0.72236   1.00260   4.29766  
117  0.9192  18285.715730  x:  0.07422   0.09927   0.02121   0.24387   0.00000   0.05993   0.06134   0.09342   0.06094   0.01355   0.12511   0.23451   0.00016   0.01379   0.11405   0.07341   0.03245   0.14933   0.11593   0.06035   0.15639   0.08975   0.14655   0.00457   0.08870   0.08949   0.11262   0.03338   0.00000   0.09278   0.02258   0.05005   0.12905   0.00991   0.05597   0.19937   0.20678   0.07093   0.11061   0.04919   0.02475   0.13959   0.02494   0.14788   0.00773   0.03235   0.03940   0.04400   0.06053   0.10339   2.61952   0.72234   1.00259   4.29769  
118  0.3473  18285.715728  x:  0.07422   0.09927   0.02120   0.24387   0.00000   0.05993   0.06134   0.09342   0.06093   0.01355   0.12512   0.23451   0.00016   0.01379   0.11404   0.07341   0.03245   0.14932   0.11593   0.06035   0.15640   0.08975   0.14657   0.00457   0.08870   0.08949   0.11262   0.03338   0.00000   0.09278   0.02258   0.05006   0.12906   0.00991   0.05597   0.19938   0.20679   0.07093   0.11062   0.04919   0.02476   0.13958   0.02494   0.14788   0.00773   0.03236   0.03940   0.04400   0.06053   0.10339   2.61953   0.72232   1.00258   4.29772  
119  0.3982  18285.715723  x:  0.07423   0.09927   0.02120   0.24386   0.00000   0.05994   0.06134   0.09342   0.06092   0.01355   0.12512   0.23452   0.00016   0.01379   0.11404   0.07340   0.03245   0.14932   0.11593   0.06035   0.15640   0.08975   0.14659   0.00457   0.08871   0.08949   0.11262   0.03339   0.00000   0.09278   0.02258   0.05005   0.12906   0.00991   0.05597   0.19938   0.20680   0.07093   0.11062   0.04919   0.02476   0.13958   0.02494   0.14787   0.00773   0.03236   0.03940   0.04400   0.06052   0.10339   2.61956   0.72231   1.00259   4.29780  
120  0.3216  18285.715713  x:  0.07423   0.09926   0.02120   0.24386   0.00000   0.05993   0.06134   0.09343   0.06093   0.01355   0.12512   0.23452   0.00016   0.01379   0.11406   0.07340   0.03245   0.14932   0.11594   0.06036   0.15642   0.08974   0.14664   0.00457   0.08871   0.08949   0.11262   0.03339   0.00000   0.09278   0.02258   0.05005   0.12907   0.00991   0.05597   0.19939   0.20682   0.07092   0.11061   0.04919   0.02476   0.13958   0.02494   0.14786   0.00773   0.03235   0.03941   0.04400   0.06053   0.10339   2.61963   0.72230   1.00261   4.29801  
121  0.5575  18285.715699  x:  0.07423   0.09927   0.02120   0.24387   0.00000   0.05993   0.06134   0.09342   0.06095   0.01355   0.12512   0.23453   0.00016   0.01379   0.11407   0.07341   0.03245   0.14933   0.11594   0.06035   0.15643   0.08974   0.14668   0.00457   0.08871   0.08950   0.11262   0.03338   0.00000   0.09278   0.02258   0.05006   0.12907   0.00991   0.05597   0.19939   0.20683   0.07092   0.11061   0.04920   0.02476   0.13959   0.02495   0.14786   0.00773   0.03236   0.03938   0.04400   0.06053   0.10340   2.61972   0.72230   1.00265   4.29832  
122  1.5231  18285.715646  x:  0.07422   0.09930   0.02120   0.24390   0.00000   0.05995   0.06134   0.09341   0.06094   0.01355   0.12512   0.23454   0.00016   0.01378   0.11406   0.07343   0.03244   0.14936   0.11593   0.06032   0.15643   0.08974   0.14675   0.00457   0.08871   0.08949   0.11262   0.03339   0.00000   0.09278   0.02258   0.05006   0.12906   0.00991   0.05597   0.19939   0.20682   0.07095   0.11060   0.04919   0.02476   0.13963   0.02493   0.14789   0.00773   0.03236   0.03941   0.04400   0.06052   0.10341   2.62010   0.72229   1.00283   4.29950  
123  2.9281  18285.715528  x:  0.07422   0.09929   0.02120   0.24395   0.00000   0.05993   0.06133   0.09341   0.06090   0.01355   0.12512   0.23455   0.00016   0.01379   0.11402   0.07339   0.03246   0.14940   0.11592   0.06036   0.15639   0.08976   0.14679   0.00457   0.08871   0.08948   0.11262   0.03339   0.00000   0.09278   0.02258   0.05004   0.12905   0.00991   0.05597   0.19938   0.20678   0.07095   0.11061   0.04919   0.02476   0.13965   0.02498   0.14794   0.00773   0.03234   0.03941   0.04400   0.06052   0.10341   2.62093   0.72222   1.00324   4.30216  
124  8.0448  18285.715395  x:  0.07424   0.09925   0.02120   0.24397   0.00000   0.05990   0.06133   0.09343   0.06091   0.01354   0.12512   0.23455   0.00016   0.01379   0.11400   0.07337   0.03245   0.14939   0.11592   0.06038   0.15636   0.08978   0.14677   0.00457   0.08870   0.08949   0.11262   0.03338   0.00000   0.09278   0.02257   0.05005   0.12903   0.00990   0.05598   0.19937   0.20674   0.07092   0.11062   0.04920   0.02476   0.13963   0.02491   0.14793   0.00773   0.03238   0.03938   0.04400   0.06055   0.10340   2.62187   0.72213   1.00373   4.30520  
125 18.6023  18285.715243  x:  0.07425   0.09923   0.02120   0.24395   0.00000   0.05992   0.06134   0.09344   0.06096   0.01354   0.12512   0.23454   0.00016   0.01378   0.11403   0.07341   0.03243   0.14933   0.11592   0.06034   0.15636   0.08979   0.14667   0.00457   0.08870   0.08950   0.11262   0.03339   0.00000   0.09279   0.02257   0.05007   0.12903   0.00990   0.05597   0.19936   0.20672   0.07090   0.11063   0.04920   0.02476   0.13957   0.02496   0.14788   0.00773   0.03235   0.03940   0.04400   0.06053   0.10338   2.62291   0.72200   1.00429   4.30870  
126 20.5438  18285.715190  x:  0.07423   0.09926   0.02120   0.24391   0.00000   0.05993   0.06134   0.09342   0.06093   0.01354   0.12511   0.23453   0.00016   0.01378   0.11406   0.07342   0.03247   0.14932   0.11593   0.06034   0.15638   0.08977   0.14661   0.00457   0.08870   0.08949   0.11262   0.03339   0.00000   0.09278   0.02257   0.05003   0.12904   0.00990   0.05597   0.19937   0.20674   0.07093   0.11062   0.04919   0.02476   0.13956   0.02495   0.14785   0.00773   0.03236   0.03939   0.04399   0.06053   0.10339   2.62323   0.72197   1.00448   4.30990  
127  7.3790  18285.715161  x:  0.07422   0.09928   0.02120   0.24387   0.00000   0.05992   0.06133   0.09342   0.06092   0.01354   0.12511   0.23452   0.00016   0.01378   0.11406   0.07340   0.03244   0.14931   0.11594   0.06035   0.15641   0.08975   0.14657   0.00458   0.08871   0.08949   0.11262   0.03338   0.00000   0.09278   0.02257   0.05005   0.12905   0.00990   0.05597   0.19938   0.20677   0.07095   0.11061   0.04920   0.02476   0.13958   0.02495   0.14785   0.00773   0.03235   0.03939   0.04400   0.06053   0.10339   2.62337   0.72196   1.00458   4.31058  
128  3.9606  18285.715130  x:  0.07424   0.09926   0.02120   0.24383   0.00000   0.05992   0.06133   0.09343   0.06094   0.01354   0.12512   0.23451   0.00016   0.01378   0.11404   0.07339   0.03244   0.14933   0.11593   0.06035   0.15644   0.08973   0.14653   0.00458   0.08870   0.08949   0.11262   0.03339   0.00000   0.09278   0.02257   0.05005   0.12907   0.00990   0.05596   0.19939   0.20683   0.07093   0.11061   0.04920   0.02476   0.13961   0.02494   0.14788   0.00773   0.03235   0.03940   0.04398   0.06053   0.10340   2.62344   0.72197   1.00470   4.31134  
129  2.4933  18285.715095  x:  0.07424   0.09924   0.02121   0.24382   0.00000   0.05992   0.06133   0.09344   0.06094   0.01354   0.12512   0.23451   0.00016   0.01378   0.11402   0.07341   0.03246   0.14935   0.11592   0.06034   0.15645   0.08973   0.14651   0.00458   0.08870   0.08949   0.11262   0.03338   0.00000   0.09278   0.02257   0.05003   0.12908   0.00990   0.05597   0.19940   0.20687   0.07092   0.11061   0.04919   0.02476   0.13962   0.02494   0.14789   0.00773   0.03235   0.03938   0.04402   0.06053   0.10340   2.62345   0.72198   1.00483   4.31221  
130  3.8021  18285.714744  x:  0.07420   0.09920   0.02122   0.24385   0.00000   0.05988   0.06136   0.09339   0.06085   0.01354   0.12511   0.23454   0.00016   0.01376   0.11405   0.07352   0.03242   0.14942   0.11592   0.06035   0.15638   0.08978   0.14647   0.00457   0.08868   0.08951   0.11260   0.03339   0.00000   0.09278   0.02256   0.05006   0.12911   0.00990   0.05602   0.19940   0.20704   0.07085   0.11068   0.04915   0.02477   0.13957   0.02495   0.14790   0.00773   0.03235   0.03940   0.04396   0.06052   0.10334   2.62333   0.72194   1.00616   4.32095  
131  7.5289  18285.713357  x:  0.07417   0.09926   0.02122   0.24401   0.00000   0.05993   0.06136   0.09336   0.06095   0.01354   0.12509   0.23460   0.00016   0.01376   0.11414   0.07333   0.03246   0.14948   0.11595   0.06033   0.15613   0.08986   0.14645   0.00457   0.08866   0.08949   0.11258   0.03338   0.00000   0.09276   0.02254   0.05000   0.12915   0.00990   0.05589   0.19936   0.20737   0.07098   0.11080   0.04926   0.02476   0.13942   0.02496   0.14781   0.00774   0.03235   0.03939   0.04396   0.06055   0.10325   2.62270   0.72164   1.01147   4.35587  
132 63.7954  18285.711201  x:  0.07432   0.09928   0.02122   0.24408   0.00000   0.05983   0.06124   0.09350   0.06092   0.01354   0.12510   0.23457   0.00016   0.01373   0.11403   0.07335   0.03252   0.14925   0.11591   0.06028   0.15610   0.08970   0.14652   0.00459   0.08873   0.08942   0.11261   0.03338   0.00000   0.09276   0.02252   0.04996   0.12909   0.00987   0.05607   0.19931   0.20722   0.07106   0.11055   0.04910   0.02481   0.13946   0.02494   0.14772   0.00774   0.03236   0.03939   0.04390   0.06049   0.10343   2.62163   0.72083   1.01980   4.41036  
133 120.0605  18285.710327  x:  0.07425   0.09922   0.02123   0.24400   0.00000   0.05989   0.06128   0.09343   0.06083   0.01354   0.12511   0.23453   0.00016   0.01372   0.11401   0.07346   0.03252   0.14919   0.11591   0.06034   0.15627   0.08967   0.14657   0.00459   0.08870   0.08946   0.11262   0.03338   0.00000   0.09278   0.02251   0.04995   0.12904   0.00987   0.05590   0.19932   0.20696   0.07101   0.11051   0.04925   0.02480   0.13956   0.02494   0.14776   0.00774   0.03236   0.03940   0.04388   0.06056   0.10344   2.62118   0.72044   1.02317   4.43236  
134 123.7717  18285.710056  x:  0.07421   0.09920   0.02125   0.24392   0.00000   0.05986   0.06133   0.09338   0.06089   0.01354   0.12511   0.23451   0.00016   0.01372   0.11405   0.07341   0.03251   0.14925   0.11592   0.06032   0.15641   0.08972   0.14659   0.00458   0.08868   0.08948   0.11261   0.03339   0.00000   0.09278   0.02251   0.04994   0.12903   0.00987   0.05595   0.19935   0.20680   0.07103   0.11062   0.04921   0.02480   0.13960   0.02494   0.14780   0.00774   0.03236   0.03940   0.04387   0.06054   0.10337   2.62104   0.72032   1.02422   4.43914  
135 37.7434  18285.710031  x:  0.07424   0.09922   0.02124   0.24389   0.00000   0.05987   0.06131   0.09341   0.06088   0.01354   0.12511   0.23451   0.00016   0.01372   0.11406   0.07341   0.03250   0.14929   0.11593   0.06032   0.15644   0.08973   0.14659   0.00458   0.08869   0.08947   0.11261   0.03339   0.00000   0.09278   0.02251   0.04994   0.12904   0.00987   0.05595   0.19937   0.20676   0.07102   0.11064   0.04921   0.02480   0.13958   0.02494   0.14780   0.00774   0.03236   0.03940   0.04387   0.06055   0.10336   2.62103   0.72032   1.02431   4.43977  
136  3.4452  18285.710030  x:  0.07423   0.09922   0.02124   0.24389   0.00000   0.05987   0.06131   0.09341   0.06088   0.01354   0.12511   0.23451   0.00016   0.01372   0.11406   0.07341   0.03250   0.14930   0.11593   0.06032   0.15644   0.08973   0.14659   0.00458   0.08869   0.08947   0.11261   0.03339   0.00000   0.09278   0.02251   0.04994   0.12904   0.00987   0.05595   0.19938   0.20676   0.07102   0.11064   0.04921   0.02480   0.13957   0.02494   0.14780   0.00774   0.03236   0.03940   0.04387   0.06054   0.10337   2.62103   0.72032   1.02432   4.43981  
137  0.2928  18285.710029  x:  0.07423   0.09922   0.02124   0.24388   0.00000   0.05987   0.06132   0.09340   0.06088   0.01354   0.12511   0.23452   0.00016   0.01372   0.11406   0.07341   0.03250   0.14931   0.11593   0.06032   0.15643   0.08973   0.14659   0.00458   0.08869   0.08947   0.11261   0.03339   0.00000   0.09278   0.02251   0.04994   0.12905   0.00987   0.05595   0.19939   0.20675   0.07102   0.11063   0.04921   0.02480   0.13956   0.02494   0.14780   0.00774   0.03236   0.03940   0.04387   0.06054   0.10337   2.62103   0.72032   1.02432   4.43983  
138  0.1249  18285.710028  x:  0.07423   0.09922   0.02124   0.24388   0.00000   0.05987   0.06132   0.09341   0.06088   0.01354   0.12511   0.23453   0.00016   0.01372   0.11406   0.07341   0.03250   0.14930   0.11592   0.06032   0.15643   0.08973   0.14659   0.00458   0.08869   0.08947   0.11261   0.03339   0.00000   0.09278   0.02251   0.04994   0.12906   0.00987   0.05595   0.19939   0.20675   0.07102   0.11063   0.04921   0.02480   0.13957   0.02494   0.14780   0.00774   0.03236   0.03940   0.04387   0.06054   0.10337   2.62103   0.72032   1.02432   4.43986  
139  0.0411  18285.710021  x:  0.07423   0.09922   0.02124   0.24388   0.00000   0.05987   0.06130   0.09340   0.06088   0.01354   0.12511   0.23453   0.00016   0.01372   0.11406   0.07341   0.03250   0.14928   0.11593   0.06032   0.15642   0.08975   0.14659   0.00458   0.08872   0.08948   0.11262   0.03338   0.00000   0.09279   0.02251   0.04994   0.12908   0.00987   0.05595   0.19939   0.20675   0.07102   0.11064   0.04921   0.02480   0.13958   0.02494   0.14780   0.00774   0.03236   0.03940   0.04387   0.06054   0.10337   2.62103   0.72033   1.02435   4.44004  
140  0.0915  18285.709878  x:  0.07423   0.09923   0.02123   0.24390   0.00000   0.05988   0.06135   0.09342   0.06089   0.01354   0.12512   0.23450   0.00016   0.01373   0.11405   0.07341   0.03249   0.14928   0.11594   0.06031   0.15647   0.08982   0.14658   0.00457   0.08869   0.08945   0.11264   0.03338   0.00000   0.09278   0.02252   0.04996   0.12921   0.00987   0.05600   0.19928   0.20675   0.07100   0.11064   0.04926   0.02479   0.13958   0.02494   0.14780   0.00774   0.03236   0.03940   0.04390   0.06053   0.10344   2.62103   0.72029   1.02494   4.44388  
141  1.0580  18285.709649  x:  0.07423   0.09925   0.02122   0.24392   0.00000   0.05991   0.06136   0.09344   0.06091   0.01354   0.12512   0.23447   0.00015   0.01376   0.11405   0.07341   0.03247   0.14931   0.11594   0.06034   0.15648   0.08979   0.14658   0.00458   0.08866   0.08947   0.11263   0.03338   0.00000   0.09277   0.02254   0.05000   0.12927   0.00989   0.05592   0.19921   0.20676   0.07098   0.11062   0.04914   0.02479   0.13958   0.02494   0.14783   0.00773   0.03235   0.03940   0.04394   0.06056   0.10342   2.62103   0.72018   1.02590   4.45001  
142 18.1254  18285.709392  x:  0.07421   0.09926   0.02120   0.24390   0.00000   0.05993   0.06131   0.09344   0.06092   0.01355   0.12511   0.23446   0.00015   0.01378   0.11406   0.07340   0.03245   0.14935   0.11592   0.06034   0.15644   0.08968   0.14657   0.00459   0.08871   0.08952   0.11260   0.03339   0.00000   0.09278   0.02257   0.05004   0.12919   0.00990   0.05599   0.19927   0.20679   0.07094   0.11061   0.04920   0.02476   0.13957   0.02495   0.14788   0.00773   0.03235   0.03940   0.04398   0.06054   0.10333   2.62104   0.72006   1.02697   4.45688  
143 25.0299  18285.709312  x:  0.07420   0.09927   0.02120   0.24386   0.00000   0.05993   0.06134   0.09345   0.06093   0.01354   0.12511   0.23449   0.00015   0.01379   0.11405   0.07340   0.03245   0.14932   0.11593   0.06035   0.15641   0.08973   0.14657   0.00459   0.08871   0.08947   0.11262   0.03339   0.00000   0.09279   0.02258   0.05005   0.12906   0.00990   0.05599   0.19938   0.20681   0.07092   0.11063   0.04919   0.02475   0.13959   0.02494   0.14788   0.00773   0.03235   0.03940   0.04400   0.06055   0.10338   2.62104   0.72005   1.02729   4.45897  
144  7.3397  18285.709310  x:  0.07421   0.09927   0.02120   0.24386   0.00000   0.05994   0.06134   0.09345   0.06093   0.01354   0.12511   0.23450   0.00015   0.01379   0.11405   0.07340   0.03245   0.14931   0.11593   0.06035   0.15641   0.08974   0.14657   0.00459   0.08871   0.08949   0.11262   0.03339   0.00000   0.09279   0.02258   0.05005   0.12906   0.00990   0.05599   0.19938   0.20681   0.07092   0.11062   0.04919   0.02475   0.13959   0.02494   0.14788   0.00773   0.03235   0.03940   0.04400   0.06055   0.10338   2.62104   0.72005   1.02730   4.45903  
145  0.4068  18285.709310  x:  0.07421   0.09927   0.02120   0.24386   0.00000   0.05994   0.06134   0.09345   0.06093   0.01354   0.12511   0.23450   0.00015   0.01379   0.11405   0.07340   0.03245   0.14931   0.11593   0.06035   0.15642   0.08974   0.14657   0.00459   0.08871   0.08949   0.11262   0.03339   0.00000   0.09279   0.02258   0.05005   0.12906   0.00990   0.05599   0.19938   0.20681   0.07092   0.11062   0.04919   0.02475   0.13959   0.02494   0.14788   0.00773   0.03235   0.03940   0.04400   0.06055   0.10338   2.62104   0.72005   1.02730   4.45903  
146  0.0203  18285.709310  x:  0.07421   0.09927   0.02120   0.24385   0.00000   0.05994   0.06134   0.09345   0.06093   0.01354   0.12511   0.23450   0.00015   0.01379   0.11405   0.07340   0.03245   0.14931   0.11593   0.06035   0.15642   0.08974   0.14657   0.00459   0.08871   0.08949   0.11262   0.03339   0.00000   0.09279   0.02258   0.05005   0.12906   0.00990   0.05599   0.19938   0.20681   0.07092   0.11062   0.04919   0.02475   0.13959   0.02494   0.14788   0.00773   0.03235   0.03940   0.04400   0.06055   0.10338   2.62104   0.72005   1.02730   4.45903  
147  0.0078  18285.709310  x:  0.07421   0.09927   0.02120   0.24385   0.00000   0.05994   0.06133   0.09345   0.06093   0.01354   0.12511   0.23450   0.00015   0.01379   0.11405   0.07340   0.03245   0.14931   0.11593   0.06035   0.15642   0.08974   0.14657   0.00459   0.08871   0.08949   0.11262   0.03339   0.00000   0.09279   0.02258   0.05005   0.12906   0.00990   0.05599   0.19938   0.20681   0.07092   0.11062   0.04919   0.02475   0.13959   0.02494   0.14788   0.00773   0.03235   0.03940   0.04400   0.06055   0.10338   2.62104   0.72005   1.02730   4.45903  
148  0.0021  18285.709305  x:  0.07422   0.09927   0.02120   0.24385   0.00000   0.05993   0.06134   0.09343   0.06093   0.01354   0.12513   0.23451   0.00015   0.01379   0.11406   0.07340   0.03245   0.14933   0.11591   0.06035   0.15641   0.08974   0.14657   0.00459   0.08871   0.08949   0.11262   0.03339   0.00000   0.09278   0.02258   0.05006   0.12906   0.00990   0.05598   0.19938   0.20681   0.07092   0.11062   0.04919   0.02475   0.13959   0.02494   0.14787   0.00773   0.03235   0.03940   0.04400   0.06054   0.10339   2.62113   0.72004   1.02735   4.45916  
149  0.0046  18285.709300  x:  0.07423   0.09926   0.02120   0.24386   0.00000   0.05993   0.06134   0.09342   0.06093   0.01354   0.12512   0.23452   0.00015   0.01379   0.11405   0.07340   0.03245   0.14933   0.11593   0.06035   0.15641   0.08974   0.14657   0.00459   0.08871   0.08950   0.11262   0.03339   0.00000   0.09279   0.02258   0.05006   0.12907   0.00990   0.05598   0.19939   0.20681   0.07092   0.11061   0.04919   0.02475   0.13958   0.02494   0.14787   0.00773   0.03236   0.03940   0.04400   0.06053   0.10339   2.62121   0.72004   1.02739   4.45926  
150  0.4513  18285.709300  x:  0.07423   0.09926   0.02120   0.24386   0.00000   0.05993   0.06134   0.09342   0.06093   0.01354   0.12512   0.23452   0.00015   0.01379   0.11405   0.07340   0.03245   0.14933   0.11593   0.06035   0.15641   0.08974   0.14657   0.00459   0.08871   0.08950   0.11262   0.03339   0.00000   0.09279   0.02258   0.05006   0.12907   0.00990   0.05598   0.19939   0.20681   0.07092   0.11061   0.04919   0.02475   0.13958   0.02494   0.14787   0.00773   0.03236   0.03940   0.04400   0.06053   0.10339   2.62121   0.72004   1.02739   4.45926  
151  0.0099  18285.709300  x:  0.07423   0.09926   0.02120   0.24386   0.00000   0.05993   0.06134   0.09342   0.06093   0.01354   0.12512   0.23452   0.00015   0.01379   0.11405   0.07340   0.03245   0.14933   0.11593   0.06035   0.15641   0.08974   0.14657   0.00459   0.08871   0.08950   0.11262   0.03339   0.00000   0.09279   0.02258   0.05006   0.12907   0.00990   0.05598   0.19939   0.20681   0.07092   0.11061   0.04919   0.02475   0.13958   0.02494   0.14787   0.00773   0.03236   0.03940   0.04400   0.06053   0.10339   2.62121   0.72004   1.02739   4.45927  
152  0.0019  18285.709299  x:  0.07423   0.09926   0.02120   0.24386   0.00000   0.05993   0.06134   0.09341   0.06093   0.01354   0.12511   0.23452   0.00015   0.01379   0.11405   0.07340   0.03245   0.14933   0.11593   0.06035   0.15641   0.08974   0.14657   0.00459   0.08871   0.08950   0.11262   0.03339   0.00000   0.09279   0.02258   0.05006   0.12907   0.00990   0.05598   0.19939   0.20681   0.07092   0.11061   0.04919   0.02475   0.13958   0.02494   0.14787   0.00773   0.03236   0.03940   0.04400   0.06053   0.10339   2.62125   0.72003   1.02760   4.46054  
153  0.0088  18285.709299  x:  0.07423   0.09926   0.02120   0.24386   0.00000   0.05993   0.06134   0.09341   0.06093   0.01354   0.12512   0.23452   0.00015   0.01379   0.11405   0.07340   0.03245   0.14933   0.11593   0.06035   0.15641   0.08974   0.14657   0.00459   0.08871   0.08950   0.11262   0.03339   0.00000   0.09279   0.02258   0.05006   0.12907   0.00990   0.05598   0.19939   0.20681   0.07092   0.11061   0.04919   0.02475   0.13958   0.02494   0.14787   0.00773   0.03236   0.03940   0.04400   0.06053   0.10339   2.62127   0.72002   1.02768   4.46103  
154  1.9970  18285.709299  x:  0.07424   0.09926   0.02120   0.24386   0.00000   0.05993   0.06134   0.09340   0.06093   0.01354   0.12512   0.23452   0.00015   0.01379   0.11405   0.07340   0.03245   0.14933   0.11593   0.06035   0.15641   0.08974   0.14657   0.00459   0.08871   0.08950   0.11263   0.03339   0.00000   0.09279   0.02258   0.05006   0.12907   0.00990   0.05598   0.19939   0.20681   0.07092   0.11061   0.04919   0.02475   0.13958   0.02494   0.14787   0.00773   0.03236   0.03940   0.04400   0.06053   0.10339   2.62127   0.72002   1.02771   4.46123  
155  0.0017  18285.709299  x:  0.07424   0.09926   0.02120   0.24386   0.00000   0.05993   0.06134   0.09340   0.06093   0.01354   0.12512   0.23451   0.00015   0.01379   0.11405   0.07340   0.03245   0.14933   0.11593   0.06035   0.15641   0.08974   0.14657   0.00459   0.08871   0.08949   0.11262   0.03339   0.00000   0.09279   0.02258   0.05006   0.12907   0.00990   0.05598   0.19939   0.20681   0.07092   0.11061   0.04919   0.02475   0.13958   0.02494   0.14787   0.00773   0.03235   0.03940   0.04400   0.06053   0.10339   2.62125   0.72002   1.02769   4.46114  
156  0.0001  18285.709299  x:  0.07424   0.09926   0.02120   0.24386   0.00000   0.05993   0.06134   0.09340   0.06093   0.01354   0.12512   0.23451   0.00015   0.01379   0.11405   0.07340   0.03245   0.14933   0.11593   0.06035   0.15641   0.08974   0.14657   0.00459   0.08871   0.08950   0.11262   0.03339   0.00000   0.09279   0.02258   0.05006   0.12907   0.00990   0.05598   0.19939   0.20681   0.07092   0.11061   0.04919   0.02475   0.13958   0.02494   0.14787   0.00773   0.03235   0.03940   0.04400   0.06053   0.10339   2.62125   0.72002   1.02769   4.46116  
157  0.0000  18285.709299  x:  0.07424   0.09926   0.02120   0.24386   0.00000   0.05993   0.06134   0.09340   0.06093   0.01354   0.12512   0.23451   0.00015   0.01379   0.11405   0.07340   0.03245   0.14933   0.11593   0.06035   0.15641   0.08974   0.14657   0.00459   0.08871   0.08950   0.11262   0.03339   0.00000   0.09279   0.02258   0.05006   0.12907   0.00990   0.05598   0.19939   0.20681   0.07092   0.11061   0.04919   0.02475   0.13958   0.02494   0.14787   0.00773   0.03235   0.03940   0.04400   0.06053   0.10339   2.62125   0.72002   1.02769   4.46115  
158  0.0000  18285.709299  x:  0.07424   0.09926   0.02120   0.24386   0.00000   0.05993   0.06134   0.09340   0.06093   0.01354   0.12512   0.23451   0.00015   0.01379   0.11405   0.07340   0.03245   0.14933   0.11593   0.06035   0.15641   0.08974   0.14657   0.00459   0.08871   0.08950   0.11262   0.03339   0.00000   0.09279   0.02258   0.05006   0.12907   0.00990   0.05598   0.19939   0.20681   0.07092   0.11061   0.04919   0.02475   0.13958   0.02494   0.14787   0.00773   0.03235   0.03940   0.04400   0.06053   0.10339   2.62125   0.72002   1.02769   4.46115  
159  0.0000  18285.709299  x:  0.07424   0.09926   0.02120   0.24386   0.00000   0.05993   0.06134   0.09340   0.06093   0.01354   0.12512   0.23451   0.00015   0.01379   0.11405   0.07340   0.03245   0.14933   0.11593   0.06035   0.15641   0.08974   0.14657   0.00459   0.08871   0.08950   0.11262   0.03339   0.00000   0.09279   0.02258   0.05006   0.12907   0.00990   0.05598   0.19939   0.20681   0.07092   0.11061   0.04919   0.02475   0.13958   0.02494   0.14787   0.00773   0.03235   0.03940   0.04400   0.06053   0.10339   2.62125   0.72002   1.02769   4.46115  
check convergence!
