Supplemental results for CODEML (seqf: sycp2_noMNM.fasta  treef: sycp2_tree.txt)


MLEs of dN/dS (w) for site classes (K=6)

p:   0.13212  0.13212  0.13212  0.13212  0.13212  0.33940
w:   0.02185  0.08456  0.16914  0.28790  0.49490  1.00000

Naive Empirical Bayes (NEB) probabilities for 6 classes & postmean_w
(amino acids refer to 1st sequence: Parus_major)

   1 M   0.45513 0.29307 0.16223 0.07104 0.01707 0.00145 ( 1)  0.093
   2 P   0.00023 0.00980 0.05196 0.14411 0.27031 0.52358 ( 6)  0.708
   3 L   0.00005 0.00260 0.01618 0.05624 0.15585 0.76908 ( 6)  0.865
   4 R   0.38074 0.28040 0.18591 0.10474 0.03887 0.00934 ( 1)  0.122
   5 N   0.00000 0.00000 0.00019 0.00391 0.05006 0.94583 ( 6)  0.972
   6 E   0.00459 0.05146 0.13940 0.23432 0.27042 0.29981 ( 6)  0.529
   7 Q   0.00221 0.02682 0.08109 0.15885 0.23849 0.49254 ( 6)  0.672
   8 F   0.00000 0.00040 0.00476 0.02639 0.11244 0.85601 ( 6)  0.920
   9 E   0.46525 0.29331 0.15807 0.06689 0.01528 0.00121 ( 1)  0.090
  10 K   0.39847 0.28436 0.18098 0.09657 0.03289 0.00672 ( 1)  0.114
  11 L   0.03862 0.12248 0.18768 0.22047 0.20034 0.23041 ( 6)  0.436
  12 V   0.06096 0.17813 0.24435 0.24566 0.17015 0.10076 ( 4)  0.313
  13 D   0.42126 0.28920 0.17446 0.08612 0.02543 0.00353 ( 1)  0.104
  14 E   0.46525 0.29331 0.15807 0.06689 0.01528 0.00121 ( 1)  0.090
  15 A   0.04229 0.13269 0.20017 0.22951 0.19872 0.19661 ( 4)  0.407
  16 T   0.00894 0.09060 0.21484 0.30013 0.25229 0.13320 ( 4)  0.389
  17 V   0.00001 0.00200 0.01976 0.08479 0.23379 0.65964 ( 6)  0.803
  18 K   0.01396 0.12876 0.26982 0.31922 0.20510 0.06315 ( 4)  0.313
  19 K   0.01155 0.11074 0.24445 0.31110 0.22700 0.09516 ( 4)  0.348
  20 D   0.00572 0.06310 0.16630 0.26639 0.27684 0.22164 ( 5)  0.469
  21 F   0.04204 0.13194 0.19914 0.22861 0.19863 0.19964 ( 4)  0.410
  22 R   0.00019 0.00837 0.04530 0.12938 0.25546 0.56130 ( 6)  0.733
  23 S   0.02417 0.08249 0.13902 0.18532 0.20640 0.36260 ( 6)  0.549
  24 L   0.30723 0.25262 0.19421 0.13452 0.07132 0.04010 ( 1)  0.175
  25 E   0.10792 0.26785 0.29559 0.22008 0.09161 0.01694 ( 3)  0.201
  26 Q   0.00000 0.00001 0.00032 0.00464 0.04806 0.94697 ( 6)  0.972
  27 F   0.00297 0.03498 0.10157 0.18801 0.25583 0.41664 ( 6)  0.618
  28 L   0.24450 0.21743 0.18564 0.14876 0.10125 0.10241 ( 1)  0.250
  29 A   0.00015 0.00682 0.03779 0.11170 0.23476 0.60879 ( 6)  0.764
  30 T   0.00858 0.08753 0.20944 0.29637 0.25494 0.14314 ( 4)  0.398
  31 E   0.01250 0.11849 0.25719 0.31841 0.21891 0.07451 ( 4)  0.328
  32 E   0.00599 0.06483 0.16772 0.26412 0.27165 0.22568 ( 5)  0.470
  33 C   0.00305 0.03587 0.10382 0.19125 0.25782 0.40819 ( 6)  0.612
  34 E   0.10796 0.26791 0.29562 0.22005 0.09156 0.01690 ( 3)  0.201
  35 N   0.10186 0.25803 0.29258 0.22608 0.10016 0.02131 ( 3)  0.209
  36 V   0.00000 0.00000 0.00001 0.00038 0.00995 0.98966 ( 6)  0.995
  37 S   0.30624 0.25239 0.19454 0.13511 0.07176 0.03996 ( 1)  0.175
  38 H   0.00011 0.00500 0.02884 0.09000 0.20753 0.66851 ( 6)  0.802
  39 K   0.12160 0.28776 0.29867 0.20518 0.07547 0.01132 ( 3)  0.185
  40 C   0.03600 0.11582 0.18070 0.21720 0.20412 0.24617 ( 6)  0.451
  41 S   0.06322 0.18351 0.24935 0.24710 0.16638 0.09044 ( 3)  0.303
  42 K   0.01385 0.12778 0.26796 0.31783 0.20606 0.06652 ( 4)  0.316
  43 Q   0.29692 0.24775 0.19417 0.13802 0.07632 0.04682 ( 1)  0.185
  44 F   0.05528 0.16516 0.23326 0.24395 0.18022 0.12212 ( 4)  0.336
  45 V   0.03089 0.10156 0.16314 0.20423 0.20593 0.29425 ( 6)  0.492
  46 N   0.40427 0.28602 0.17970 0.09393 0.03065 0.00544 ( 1)  0.111
  47 K   0.46840 0.29288 0.15652 0.06580 0.01509 0.00131 ( 1)  0.089
  48 L   0.03567 0.11462 0.17868 0.21485 0.20289 0.25329 ( 6)  0.456
  49 D   0.37327 0.27845 0.18774 0.10817 0.04162 0.01074 ( 1)  0.126
  50 K   0.39260 0.28317 0.18271 0.09927 0.03478 0.00747 ( 1)  0.117
  51 L   0.30689 0.25271 0.19456 0.13490 0.07144 0.03950 ( 1)  0.175
  52 L   0.24538 0.21799 0.18588 0.14867 0.10086 0.10123 ( 1)  0.249
  53 C   0.34246 0.26803 0.19276 0.12155 0.05467 0.02053 ( 1)  0.145
  54 W   0.00004 0.00180 0.01171 0.04305 0.13140 0.81200 ( 6)  0.892
  55 A   0.09808 0.25142 0.28981 0.22933 0.10609 0.02527 ( 3)  0.216
  56 L   0.00006 0.00290 0.01786 0.06112 0.16464 0.75342 ( 6)  0.856
  57 D   0.06618 0.19003 0.25453 0.24728 0.16099 0.08098 ( 3)  0.292
  58 K   0.47711 0.29309 0.15298 0.06226 0.01352 0.00104 ( 1)  0.087
  59 S   0.31300 0.25549 0.19444 0.13272 0.06850 0.03585 ( 1)  0.169
  60 T   0.00341 0.03965 0.11280 0.20288 0.26260 0.37866 ( 6)  0.590
  61 L   0.03894 0.12358 0.18941 0.22231 0.20108 0.22469 ( 6)  0.432
  62 L   0.30352 0.25101 0.19438 0.13592 0.07309 0.04207 ( 1)  0.178
  63 N   0.00057 0.02198 0.10209 0.23599 0.32541 0.31396 ( 5)  0.562
  64 A   0.00006 0.00272 0.01687 0.05828 0.15966 0.76242 ( 6)  0.861
  65 V   0.00000 0.00000 0.00003 0.00070 0.01532 0.98395 ( 6)  0.992
  66 Q   0.00000 0.00020 0.00261 0.01594 0.08012 0.90113 ( 6)  0.946
  67 K   0.47969 0.29313 0.15192 0.06123 0.01307 0.00097 ( 1)  0.086
  68 C   0.05137 0.15565 0.22404 0.24068 0.18638 0.14188 ( 4)  0.356
  69 A   0.00239 0.02884 0.08641 0.16703 0.24456 0.47077 ( 6)  0.657
  70 E   0.00000 0.00000 0.00001 0.00040 0.01436 0.98523 ( 6)  0.992
  71 K   0.47998 0.29313 0.15180 0.06111 0.01302 0.00096 ( 1)  0.086
  72 I   0.00269 0.03207 0.09448 0.17836 0.25096 0.44144 ( 6)  0.636
  73 I   0.00000 0.00001 0.00028 0.00415 0.04468 0.95088 ( 6)  0.974
  74 I   0.47071 0.29344 0.15583 0.06465 0.01431 0.00107 ( 1)  0.088
  75 A   0.38358 0.28133 0.18540 0.10347 0.03768 0.00852 ( 1)  0.120
  76 G   0.35828 0.27365 0.19049 0.11480 0.04780 0.01497 ( 1)  0.135
  77 E   0.11078 0.27243 0.29691 0.21720 0.08766 0.01501 ( 3)  0.197
  78 D   0.09008 0.23794 0.28498 0.23699 0.11819 0.03181 ( 3)  0.229
  79 G   0.33915 0.26677 0.19313 0.12291 0.05616 0.02188 ( 1)  0.148
  80 L   0.00003 0.00153 0.01012 0.03813 0.12139 0.82879 ( 6)  0.902
  81 P   0.00000 0.00068 0.00771 0.03958 0.14723 0.80478 ( 6)  0.890
  82 A   0.38901 0.28272 0.18405 0.10098 0.03571 0.00753 ( 1)  0.118
  83 M   0.45513 0.29307 0.16223 0.07104 0.01707 0.00145 ( 1)  0.093
  84 I   0.00000 0.00062 0.01089 0.06721 0.23841 0.68287 ( 6)  0.822
  85 K   0.48108 0.29315 0.15136 0.06066 0.01282 0.00092 ( 1)  0.086
  86 H   0.00009 0.00403 0.02391 0.07751 0.19042 0.70404 ( 6)  0.825
  87 G   0.34022 0.26719 0.19303 0.12248 0.05568 0.02141 ( 1)  0.147
  88 L   0.30507 0.25182 0.19451 0.13549 0.07233 0.04077 ( 1)  0.176
  89 V   0.00000 0.00055 0.00627 0.03315 0.13027 0.82975 ( 6)  0.905
  90 G   0.00778 0.08076 0.19764 0.28847 0.26135 0.16400 ( 4)  0.417
  91 R   0.00531 0.05840 0.15438 0.25067 0.27215 0.25910 ( 5)  0.497
  92 M   0.45513 0.29307 0.16223 0.07104 0.01707 0.00145 ( 1)  0.093
  93 V   0.03810 0.12146 0.18725 0.22139 0.20237 0.22945 ( 6)  0.436
  94 N   0.00039 0.01595 0.07982 0.20183 0.31632 0.38568 ( 6)  0.615
  95 W   0.27236 0.23444 0.19157 0.14436 0.08830 0.06898 ( 1)  0.212
  96 F   0.05403 0.16209 0.23028 0.24287 0.18219 0.12854 ( 4)  0.342
  97 E   0.46525 0.29331 0.15807 0.06689 0.01528 0.00121 ( 1)  0.090
  98 K   0.39427 0.28352 0.18223 0.09850 0.03423 0.00724 ( 1)  0.116
  99 L   0.00018 0.00766 0.04183 0.12103 0.24530 0.58400 ( 6)  0.748
 100 K   0.48108 0.29315 0.15136 0.06066 0.01282 0.00092 ( 1)  0.086
 101 G   0.00000 0.00013 0.00265 0.02108 0.11462 0.86152 ( 6)  0.925
 102 I   0.00029 0.00808 0.04054 0.11497 0.23620 0.59993 ( 6)  0.757
 103 L   0.26505 0.22991 0.18991 0.14542 0.09168 0.07803 ( 1)  0.223
 104 V   0.04270 0.13359 0.20080 0.22929 0.19763 0.19598 ( 4)  0.406
 105 L   0.27665 0.23686 0.19217 0.14338 0.08622 0.06471 ( 1)  0.207
 106 R   0.46550 0.29331 0.15796 0.06679 0.01524 0.00121 ( 1)  0.090
 107 G   0.40634 0.28647 0.17912 0.09298 0.02996 0.00512 ( 1)  0.110
 108 N   0.00059 0.02254 0.10414 0.23900 0.32584 0.30790 ( 5)  0.557
 109 E   0.44835 0.29213 0.16458 0.07412 0.01887 0.00194 ( 1)  0.095
 110 D   0.00001 0.00208 0.02036 0.08659 0.23576 0.65520 ( 6)  0.800
 111 N   0.09891 0.25310 0.29084 0.22888 0.10452 0.02375 ( 3)  0.214
 112 E   0.00085 0.03123 0.13516 0.28333 0.33099 0.21845 ( 5)  0.489
 113 M   0.00000 0.00009 0.00207 0.01790 0.10707 0.87287 ( 6)  0.931
 114 L   0.00000 0.00000 0.00000 0.00018 0.00704 0.99278 ( 6)  0.996
 115 T   0.00053 0.02052 0.09675 0.22804 0.32411 0.33005 ( 6)  0.574
 116 N   0.00000 0.00002 0.00078 0.00981 0.08070 0.90868 ( 6)  0.952
 117 L   0.25517 0.22399 0.18799 0.14714 0.09630 0.08942 ( 1)  0.236
 118 A   0.32294 0.26012 0.19439 0.12928 0.06370 0.02957 ( 1)  0.160
 119 E   0.46740 0.29344 0.15722 0.06597 0.01484 0.00113 ( 1)  0.089
 120 D   0.42625 0.29000 0.17281 0.08384 0.02401 0.00308 ( 1)  0.102
 121 F   0.31679 0.25742 0.19464 0.13156 0.06663 0.03296 ( 1)  0.165
 122 F   0.04095 0.12916 0.19624 0.22724 0.20015 0.20627 ( 4)  0.416
 123 I   0.00000 0.00000 0.00007 0.00161 0.02719 0.97113 ( 6)  0.985
 124 V   0.00000 0.00000 0.00004 0.00110 0.02147 0.97739 ( 6)  0.988
 125 L   0.27444 0.23529 0.19136 0.14340 0.08717 0.06834 ( 1)  0.211
 126 L   0.02184 0.07497 0.12759 0.17318 0.20086 0.40156 ( 6)  0.579
 127 V   0.00000 0.00000 0.00000 0.00018 0.00707 0.99274 ( 6)  0.996
 128 V   0.00000 0.00000 0.00002 0.00071 0.01821 0.98106 ( 6)  0.990
 129 C   0.00288 0.03414 0.09958 0.18546 0.25483 0.42311 ( 6)  0.622
 130 D   0.08583 0.22998 0.28080 0.23995 0.12549 0.03795 ( 3)  0.238
 131 S   0.00000 0.00066 0.00745 0.03842 0.14436 0.80911 ( 6)  0.893
 132 R   0.00081 0.02981 0.13048 0.27769 0.33220 0.22902 ( 5)  0.498
 133 P   0.29468 0.24667 0.19412 0.13876 0.07742 0.04834 ( 1)  0.187
 134 E   0.47088 0.29357 0.15582 0.06453 0.01418 0.00102 ( 1)  0.088
 135 G   0.05503 0.16453 0.23266 0.24376 0.18067 0.12335 ( 4)  0.337
 136 K   0.48567 0.29321 0.14947 0.05882 0.01203 0.00080 ( 1)  0.084
 137 M   0.11112 0.27360 0.29815 0.21731 0.08631 0.01351 ( 3)  0.195
 138 Q   0.00026 0.01079 0.05639 0.15333 0.27823 0.50100 ( 6)  0.693
 139 I   0.00105 0.03751 0.15610 0.30949 0.32747 0.16837 ( 5)  0.449
 140 L   0.30798 0.25305 0.19432 0.13434 0.07094 0.03937 ( 1)  0.174
 141 E   0.11570 0.28015 0.29892 0.21213 0.08106 0.01204 ( 3)  0.190
 142 N   0.41284 0.28770 0.17712 0.08998 0.02795 0.00440 ( 1)  0.107
 143 F   0.35929 0.27414 0.19049 0.11443 0.04727 0.01438 ( 1)  0.134
 144 V   0.35708 0.27326 0.19070 0.11532 0.04829 0.01534 ( 1)  0.136
 145 L   0.24836 0.21989 0.18664 0.14834 0.09953 0.09725 ( 1)  0.245
 146 R   0.47496 0.29367 0.15415 0.06285 0.01345 0.00091 ( 1)  0.087
 147 T   0.00001 0.00217 0.02135 0.09077 0.24515 0.64054 ( 6)  0.792
 148 C   0.34818 0.27021 0.19212 0.11919 0.05210 0.01820 ( 1)  0.141
 149 S   0.03597 0.11569 0.18044 0.21684 0.20387 0.24718 ( 6)  0.452
 150 L   0.02948 0.09752 0.15798 0.20014 0.20599 0.30889 ( 6)  0.504
 151 I   0.05780 0.17088 0.23809 0.24456 0.17565 0.11301 ( 4)  0.326
 152 T   0.00000 0.00053 0.00609 0.03246 0.12908 0.83183 ( 6)  0.906
 153 D   0.43117 0.29069 0.17112 0.08161 0.02269 0.00272 ( 1)  0.100
 154 T   0.00000 0.00002 0.00076 0.00960 0.07939 0.91023 ( 6)  0.952
 155 R   0.48074 0.29376 0.15177 0.06051 0.01245 0.00076 ( 1)  0.085
 156 I   0.37982 0.28020 0.18617 0.10516 0.03918 0.00946 ( 1)  0.123
 157 N   0.00000 0.00004 0.00139 0.01587 0.11153 0.87119 ( 6)  0.931
 158 I   0.06593 0.18936 0.25375 0.24685 0.16134 0.08276 ( 3)  0.294
 159 Y   0.35782 0.27343 0.19048 0.11497 0.04804 0.01527 ( 1)  0.135
 160 V   0.33003 0.26310 0.19394 0.12656 0.06037 0.02601 ( 1)  0.155
 161 Q   0.30858 0.25354 0.19462 0.13437 0.07062 0.03828 ( 1)  0.173
 162 Q   0.32329 0.26019 0.19427 0.12909 0.06356 0.02961 ( 1)  0.160
 163 E   0.37624 0.27924 0.18703 0.10681 0.04052 0.01016 ( 1)  0.124
 164 V   0.43488 0.29114 0.16979 0.07995 0.02175 0.00248 ( 1)  0.099
 165 I   0.01096 0.10718 0.24205 0.31547 0.23430 0.09004 ( 4)  0.347
 166 K   0.13375 0.30556 0.30163 0.19213 0.06103 0.00589 ( 2)  0.171
 167 K   0.51447 0.29199 0.13704 0.04808 0.00808 0.00034 ( 1)  0.077
 168 L   0.30993 0.25417 0.19461 0.13389 0.06996 0.03743 ( 1)  0.172
 169 N   0.47818 0.29374 0.15283 0.06154 0.01288 0.00082 ( 1)  0.086
 170 A   0.00260 0.03110 0.09195 0.17455 0.24832 0.45147 ( 6)  0.643
 171 L   0.10853 0.26944 0.29696 0.21997 0.08993 0.01517 ( 3)  0.198
 172 L   0.32447 0.26080 0.19434 0.12872 0.06296 0.02869 ( 1)  0.159
 173 D   0.07786 0.21470 0.27227 0.24498 0.13953 0.05067 ( 3)  0.256
 174 K   0.00843 0.08641 0.20798 0.29636 0.25703 0.14381 ( 4)  0.399
 175 M   0.00000 0.00016 0.00357 0.02919 0.15283 0.81425 ( 6)  0.899
 176 P   0.30913 0.25387 0.19471 0.13424 0.07034 0.03772 ( 1)  0.172
 177 R   0.04195 0.13171 0.19891 0.22853 0.19880 0.20009 ( 4)  0.410
 178 D   0.10340 0.26123 0.29467 0.22530 0.09708 0.01832 ( 3)  0.205
 179 A   0.00004 0.00213 0.01361 0.04885 0.14280 0.79256 ( 6)  0.880
 180 R   0.00035 0.01440 0.07219 0.18508 0.30316 0.42482 ( 6)  0.642
 181 K   0.51447 0.29199 0.13704 0.04808 0.00808 0.00034 ( 1)  0.077
 182 M   0.00000 0.00125 0.02009 0.10962 0.31498 0.55405 ( 6)  0.745
 183 L   0.00422 0.04790 0.13194 0.22666 0.27056 0.31871 ( 6)  0.544
 184 S   0.04526 0.14040 0.20857 0.23405 0.19523 0.17649 ( 4)  0.389
 185 T   0.01034 0.10226 0.23426 0.31161 0.24006 0.10146 ( 4)  0.358
 186 K   0.08867 0.23476 0.28246 0.23708 0.12107 0.03596 ( 3)  0.234
 187 E   0.47224 0.29360 0.15527 0.06397 0.01394 0.00098 ( 1)  0.088
 188 M   0.12839 0.29895 0.30219 0.19826 0.06560 0.00661 ( 3)  0.175
 189 L   0.02152 0.07587 0.13239 0.18293 0.21141 0.37588 ( 6)  0.562
 190 L   0.00000 0.00000 0.00015 0.00242 0.03075 0.96668 ( 6)  0.983
 191 V   0.03906 0.12410 0.19040 0.22358 0.20181 0.22106 ( 4)  0.429
 192 M   0.01587 0.14328 0.29043 0.32551 0.18635 0.03856 ( 4)  0.286
 193 G   0.01130 0.10979 0.24587 0.31681 0.23095 0.08529 ( 4)  0.342
 194 E   0.10147 0.25781 0.29319 0.22697 0.10021 0.02035 ( 3)  0.209
 195 M   0.49457 0.29389 0.14601 0.05494 0.01014 0.00046 ( 1)  0.082
 196 G   0.35787 0.27367 0.19073 0.11505 0.04787 0.01482 ( 1)  0.135
 197 R   0.00959 0.09593 0.22355 0.30500 0.24651 0.11942 ( 4)  0.375
 198 T   0.01598 0.14346 0.28936 0.32339 0.18630 0.04151 ( 4)  0.288
 199 I   0.39948 0.28508 0.18115 0.09614 0.03216 0.00600 ( 1)  0.113
 200 L   0.29574 0.24692 0.19376 0.13810 0.07690 0.04858 ( 1)  0.187
 201 D   0.10920 0.27068 0.29757 0.21943 0.08877 0.01435 ( 3)  0.197
 202 A   0.34203 0.26801 0.19298 0.12182 0.05480 0.02037 ( 1)  0.145
 203 G   0.44132 0.29190 0.16749 0.07708 0.02014 0.00207 ( 1)  0.097
 204 D   0.40588 0.28656 0.17940 0.09318 0.02996 0.00501 ( 1)  0.110
 205 Y   0.37758 0.27956 0.18667 0.10618 0.04005 0.00996 ( 1)  0.124
 206 D   0.40670 0.28666 0.17911 0.09281 0.02975 0.00497 ( 1)  0.110
 207 M   0.00001 0.00061 0.00498 0.02361 0.09807 0.87273 ( 6)  0.929
 208 Q   0.39288 0.28363 0.18301 0.09919 0.03436 0.00693 ( 1)  0.116
 209 A   0.08435 0.22726 0.27948 0.24110 0.12799 0.03982 ( 3)  0.241
 210 A   0.29377 0.24622 0.19408 0.13904 0.07787 0.04902 ( 1)  0.188
 211 I   0.06560 0.18857 0.25306 0.24671 0.16195 0.08412 ( 3)  0.295
 212 T   0.45573 0.29306 0.16197 0.07081 0.01698 0.00145 ( 1)  0.092
 213 E   0.50515 0.29312 0.14130 0.05115 0.00892 0.00037 ( 1)  0.079
 214 A   0.34296 0.26836 0.19288 0.12143 0.05437 0.01999 ( 1)  0.145
 215 L   0.31650 0.25689 0.19411 0.13129 0.06687 0.03434 ( 1)  0.167
 216 C   0.32373 0.26050 0.19442 0.12903 0.06331 0.02902 ( 1)  0.159
 217 R   0.50610 0.29307 0.14088 0.05080 0.00880 0.00036 ( 1)  0.079
 218 M   0.49457 0.29389 0.14601 0.05494 0.01014 0.00046 ( 1)  0.082
 219 V   0.00000 0.00014 0.00286 0.02240 0.12062 0.85398 ( 6)  0.921
 220 S   0.00014 0.00615 0.03468 0.10484 0.22802 0.62617 ( 6)  0.776
 221 E   0.42378 0.28942 0.17350 0.08501 0.02486 0.00343 ( 1)  0.103
 222 K   0.49672 0.29304 0.14480 0.05454 0.01033 0.00056 ( 1)  0.082
 223 Q   0.07511 0.20898 0.26830 0.24575 0.14458 0.05728 ( 3)  0.264
 224 R   0.48874 0.29368 0.14838 0.05737 0.01121 0.00061 ( 1)  0.083
 225 G   0.00000 0.00000 0.00005 0.00173 0.03412 0.96409 ( 6)  0.981
 226 L   0.00062 0.02374 0.10973 0.25029 0.33280 0.28283 ( 5)  0.540
 227 L   0.26317 0.22892 0.18976 0.14595 0.09260 0.07960 ( 1)  0.225
 228 A   0.38517 0.28178 0.18505 0.10275 0.03707 0.00818 ( 1)  0.120
 229 S   0.00208 0.02542 0.07762 0.15400 0.23585 0.50504 ( 6)  0.681
 230 Q   0.00271 0.03226 0.09491 0.17893 0.25120 0.43999 ( 6)  0.635
 231 W   0.29423 0.24643 0.19409 0.13889 0.07764 0.04872 ( 1)  0.187
 232 F   0.38033 0.28050 0.18622 0.10497 0.03887 0.00912 ( 1)  0.122
 233 P   0.03006 0.09922 0.16023 0.20205 0.20620 0.30223 ( 6)  0.499
 234 M   0.49457 0.29389 0.14601 0.05494 0.01014 0.00046 ( 1)  0.082
 235 E   0.07889 0.21664 0.27331 0.24426 0.13771 0.04919 ( 3)  0.254
 236 F   0.38191 0.28098 0.18589 0.10426 0.03824 0.00873 ( 1)  0.121
 237 V   0.05009 0.15257 0.22115 0.23981 0.18854 0.14785 ( 4)  0.362
 238 S   0.03141 0.10307 0.16513 0.20592 0.20613 0.28834 ( 6)  0.487
 239 T   0.00000 0.00000 0.00001 0.00046 0.01577 0.98376 ( 6)  0.992
 240 A   0.42061 0.28926 0.17480 0.08640 0.02548 0.00346 ( 1)  0.104
 241 F   0.38081 0.28065 0.18612 0.10476 0.03867 0.00900 ( 1)  0.122
 242 K   0.14652 0.32070 0.29974 0.17795 0.05090 0.00419 ( 2)  0.162
 243 G   0.01046 0.10327 0.23603 0.31282 0.23915 0.09827 ( 4)  0.356
 244 I   0.40121 0.28535 0.18057 0.09534 0.03167 0.00586 ( 1)  0.112
 245 K   0.52338 0.29124 0.13308 0.04497 0.00708 0.00025 ( 1)  0.075
 246 D   0.45628 0.29319 0.16182 0.07054 0.01679 0.00139 ( 1)  0.092
 247 S   0.04771 0.14665 0.21515 0.23726 0.19199 0.16124 ( 4)  0.374
 248 E   0.40835 0.28693 0.17857 0.09205 0.02927 0.00483 ( 1)  0.109
 249 F   0.38217 0.28106 0.18584 0.10414 0.03813 0.00866 ( 1)  0.121
 250 E   0.48251 0.29372 0.15101 0.05983 0.01219 0.00073 ( 1)  0.085
 251 T   0.46716 0.29368 0.15745 0.06597 0.01470 0.00105 ( 1)  0.089
 252 D   0.44479 0.29229 0.16622 0.07552 0.01929 0.00188 ( 1)  0.096
 253 C   0.32373 0.26050 0.19442 0.12903 0.06331 0.02902 ( 1)  0.159
 254 R   0.50367 0.29319 0.14194 0.05170 0.00911 0.00039 ( 1)  0.080
 255 K   0.52070 0.29149 0.13428 0.04590 0.00737 0.00027 ( 1)  0.076
 256 F   0.38037 0.28051 0.18621 0.10495 0.03885 0.00911 ( 1)  0.122
 257 L   0.32833 0.26246 0.19415 0.12727 0.06113 0.02665 ( 1)  0.156
 258 N   0.43949 0.29165 0.16812 0.07790 0.02063 0.00221 ( 1)  0.098
 259 Q   0.32610 0.26146 0.19421 0.12808 0.06221 0.02794 ( 1)  0.158
 260 V   0.34024 0.26726 0.19311 0.12252 0.05564 0.02123 ( 1)  0.147
 261 N   0.48783 0.29380 0.14881 0.05767 0.01128 0.00061 ( 1)  0.083
 262 G   0.32256 0.25997 0.19443 0.12944 0.06387 0.02973 ( 1)  0.161
 263 M   0.13185 0.30365 0.30244 0.19434 0.06201 0.00571 ( 2)  0.172
 264 L   0.32627 0.26158 0.19426 0.12806 0.06211 0.02772 ( 1)  0.157
 265 G   0.43887 0.29163 0.16838 0.07817 0.02074 0.00221 ( 1)  0.098
 266 D   0.00684 0.07271 0.18342 0.27864 0.26880 0.18958 ( 4)  0.440
 267 K   0.00000 0.00163 0.02498 0.12890 0.33924 0.50525 ( 6)  0.715
 268 R   0.13741 0.31034 0.30165 0.18802 0.05751 0.00506 ( 2)  0.168
 269 R   0.41542 0.28828 0.17641 0.08879 0.02708 0.00402 ( 1)  0.106
 270 V   0.35942 0.27416 0.19044 0.11436 0.04723 0.01438 ( 1)  0.134
 271 F   0.38217 0.28106 0.18584 0.10414 0.03813 0.00866 ( 1)  0.121
 272 T   0.11265 0.27584 0.29851 0.21562 0.08447 0.01291 ( 3)  0.193
 273 F   0.06223 0.18109 0.24699 0.24627 0.16799 0.09542 ( 3)  0.308
 274 P   0.33591 0.26563 0.19363 0.12433 0.05758 0.02292 ( 1)  0.150
 275 C   0.37151 0.27799 0.18816 0.10898 0.04228 0.01108 ( 1)  0.127
 276 L   0.33164 0.26357 0.19357 0.12577 0.05970 0.02575 ( 1)  0.154
 277 S   0.00335 0.03896 0.11116 0.20071 0.26162 0.38420 ( 6)  0.594
 278 A   0.42224 0.28952 0.17426 0.08565 0.02501 0.00331 ( 1)  0.104
 279 V   0.00000 0.00007 0.00151 0.01318 0.08368 0.90156 ( 6)  0.947
 280 L   0.33234 0.26414 0.19388 0.12572 0.05926 0.02467 ( 1)  0.153
 281 D   0.45761 0.29331 0.16131 0.06995 0.01649 0.00132 ( 1)  0.092
 282 K   0.00000 0.00015 0.00483 0.04389 0.21076 0.74037 ( 6)  0.858
 283 Y   0.00497 0.05516 0.14748 0.24334 0.27172 0.27732 ( 6)  0.512
 284 E   0.40220 0.28572 0.18042 0.09489 0.03121 0.00556 ( 1)  0.112
 285 L   0.32077 0.25914 0.19444 0.13006 0.06474 0.03084 ( 1)  0.162
 286 Q   0.00007 0.00331 0.02012 0.06746 0.17533 0.73371 ( 6)  0.844
 287 I   0.00063 0.02431 0.11225 0.25478 0.33424 0.27379 ( 5)  0.534
 288 P   0.37982 0.28043 0.18641 0.10522 0.03901 0.00912 ( 1)  0.122
 289 L   0.03302 0.10743 0.17021 0.20920 0.20477 0.27538 ( 6)  0.476
 290 D   0.45680 0.29324 0.16162 0.07031 0.01667 0.00136 ( 1)  0.092
 291 E   0.50027 0.29334 0.14342 0.05297 0.00956 0.00043 ( 1)  0.080
 292 N   0.47543 0.29368 0.15396 0.06266 0.01337 0.00089 ( 1)  0.087
 293 L   0.31182 0.25508 0.19464 0.13327 0.06904 0.03615 ( 1)  0.170
 294 E   0.50313 0.29322 0.14218 0.05190 0.00918 0.00039 ( 1)  0.080
 295 E   0.01510 0.13746 0.28237 0.32350 0.19421 0.04736 ( 4)  0.296
 296 F   0.38041 0.28052 0.18620 0.10493 0.03883 0.00910 ( 1)  0.122
 297 W   0.29423 0.24643 0.19409 0.13889 0.07764 0.04872 ( 1)  0.187
 298 I   0.07796 0.21456 0.27163 0.24418 0.13946 0.05221 ( 3)  0.257
 299 D   0.45761 0.29331 0.16131 0.06995 0.01649 0.00132 ( 1)  0.092
 300 F   0.34910 0.27046 0.19189 0.11875 0.05174 0.01806 ( 1)  0.141
 301 N   0.46776 0.29356 0.15714 0.06577 0.01469 0.00108 ( 1)  0.089
 302 I   0.00000 0.00009 0.00191 0.01599 0.09507 0.88694 ( 6)  0.939
 303 G   0.36266 0.27524 0.18989 0.11294 0.04587 0.01340 ( 1)  0.132
 304 S   0.42763 0.29024 0.17238 0.08321 0.02360 0.00294 ( 1)  0.102
 305 K   0.00008 0.01063 0.08228 0.25126 0.38555 0.27021 ( 5)  0.548
 306 S   0.45354 0.29294 0.16284 0.07174 0.01742 0.00152 ( 1)  0.093
 307 I   0.12405 0.29210 0.30042 0.20287 0.07152 0.00904 ( 3)  0.181
 308 S   0.32504 0.26105 0.19433 0.12852 0.06269 0.02837 ( 1)  0.158
 309 F   0.33926 0.26696 0.19331 0.12297 0.05604 0.02146 ( 1)  0.147
 310 Y   0.37052 0.27750 0.18817 0.10937 0.04281 0.01163 ( 1)  0.128
 311 V   0.34176 0.26785 0.19294 0.12189 0.05495 0.02061 ( 1)  0.146
 312 A   0.08816 0.23466 0.28377 0.23888 0.12122 0.03331 ( 3)  0.232
 313 A   0.42224 0.28952 0.17426 0.08565 0.02501 0.00331 ( 1)  0.104
 314 D   0.00003 0.00395 0.03604 0.13791 0.30965 0.51243 ( 6)  0.712
 315 D   0.00000 0.00046 0.00838 0.05477 0.21268 0.72371 ( 6)  0.846
 316 A   0.00732 0.07691 0.19128 0.28496 0.26590 0.17364 ( 4)  0.426
 317 D   0.00028 0.01269 0.06979 0.19272 0.32747 0.39705 ( 6)  0.627
 318 L   0.00000 0.00000 0.00022 0.00349 0.04104 0.95525 ( 6)  0.977
 319 Q   0.05368 0.16111 0.22906 0.24204 0.18251 0.13161 ( 4)  0.345
 320 W   0.29423 0.24643 0.19409 0.13889 0.07764 0.04872 ( 1)  0.187
 321 E   0.50582 0.29309 0.14100 0.05090 0.00883 0.00036 ( 1)  0.079
 322 T   0.46493 0.29358 0.15834 0.06690 0.01513 0.00112 ( 1)  0.090
 323 V   0.31079 0.25460 0.19464 0.13362 0.06954 0.03680 ( 1)  0.171
 324 I   0.00029 0.01203 0.06186 0.16450 0.28741 0.47392 ( 6)  0.675
 325 I   0.51426 0.29242 0.13724 0.04792 0.00787 0.00029 ( 1)  0.077
 326 R   0.00023 0.00978 0.05195 0.14439 0.27132 0.52234 ( 6)  0.708
 327 D   0.12650 0.29578 0.30117 0.20027 0.06846 0.00782 ( 3)  0.178
 328 D   0.01668 0.14834 0.29523 0.32357 0.17983 0.03635 ( 4)  0.281
 329 D   0.08397 0.22662 0.27928 0.24154 0.12861 0.03998 ( 3)  0.241
 330 V   0.41986 0.28897 0.17492 0.08676 0.02583 0.00365 ( 1)  0.105
 331 S   0.00000 0.00018 0.00374 0.02836 0.14058 0.82713 ( 6)  0.906
 332 M   0.00000 0.00001 0.00034 0.00481 0.04944 0.94540 ( 6)  0.971
 333 Y   0.32345 0.26024 0.19423 0.12900 0.06349 0.02959 ( 1)  0.160
 334 S   0.00039 0.01566 0.07759 0.19567 0.31081 0.39990 ( 6)  0.625
 335 L   0.31883 0.25830 0.19455 0.13080 0.06566 0.03186 ( 1)  0.164
 336 E   0.50582 0.29309 0.14100 0.05090 0.00883 0.00036 ( 1)  0.079
 337 E   0.48799 0.29371 0.14871 0.05766 0.01132 0.00062 ( 1)  0.083
 338 K   0.52199 0.29136 0.13370 0.04545 0.00723 0.00026 ( 1)  0.076
 339 D   0.00074 0.02790 0.12433 0.27072 0.33482 0.24149 ( 5)  0.509
 340 S   0.05249 0.15830 0.22652 0.24141 0.18453 0.13676 ( 4)  0.350
 341 K   0.00917 0.09226 0.21671 0.29957 0.24910 0.13318 ( 4)  0.387
 342 K   0.15045 0.32542 0.29928 0.17363 0.04767 0.00354 ( 2)  0.159
 343 L   0.33364 0.26446 0.19350 0.12504 0.05874 0.02461 ( 1)  0.152
 344 L   0.33077 0.26311 0.19350 0.12603 0.06014 0.02646 ( 1)  0.155
 345 T   0.46286 0.29351 0.15918 0.06775 0.01551 0.00118 ( 1)  0.090
 346 I   0.50702 0.29280 0.14041 0.05058 0.00881 0.00038 ( 1)  0.079
 347 D   0.00000 0.00000 0.00005 0.00174 0.03445 0.96375 ( 6)  0.981
 348 L   0.32800 0.26227 0.19410 0.12736 0.06131 0.02696 ( 1)  0.156
 349 K   0.52338 0.29124 0.13308 0.04497 0.00708 0.00025 ( 1)  0.075
 350 R   0.08016 0.21928 0.27510 0.24384 0.13536 0.04627 ( 3)  0.250
 351 P   0.00426 0.04826 0.13284 0.22796 0.27130 0.31539 ( 6)  0.542
 352 M   0.01604 0.14440 0.29167 0.32535 0.18485 0.03768 ( 4)  0.285
 353 I   0.00000 0.00001 0.00037 0.00678 0.07357 0.91928 ( 6)  0.958
 354 V   0.33973 0.26706 0.19316 0.12273 0.05587 0.02145 ( 1)  0.147
 355 G   0.36253 0.27519 0.18990 0.11299 0.04592 0.01346 ( 1)  0.132
 356 T   0.00000 0.00000 0.00005 0.00166 0.03292 0.96537 ( 6)  0.982
 357 I   0.00001 0.00094 0.01022 0.04993 0.17068 0.76822 ( 6)  0.869
 358 E   0.00124 0.04303 0.17314 0.32756 0.31972 0.13531 ( 4)  0.421
 359 G   0.44132 0.29190 0.16749 0.07708 0.02014 0.00207 ( 1)  0.097
 360 G   0.00000 0.00005 0.00128 0.01203 0.08235 0.90429 ( 6)  0.949
 361 K   0.14536 0.31942 0.30002 0.17921 0.05169 0.00429 ( 2)  0.162
 362 V   0.00020 0.00872 0.04702 0.13351 0.26049 0.55006 ( 6)  0.726
 363 L   0.00428 0.04842 0.13305 0.22788 0.27068 0.31569 ( 6)  0.542
 364 L   0.00263 0.03134 0.09250 0.17521 0.24846 0.44986 ( 6)  0.642
 365 Y   0.06524 0.18783 0.25257 0.24685 0.16263 0.08488 ( 3)  0.296
 366 F   0.38156 0.28087 0.18597 0.10442 0.03837 0.00881 ( 1)  0.121
 367 D   0.10870 0.26990 0.29736 0.21996 0.08944 0.01464 ( 3)  0.198
 368 S   0.32906 0.26277 0.19410 0.12699 0.06079 0.02628 ( 1)  0.155
 369 I   0.05683 0.16844 0.23560 0.24350 0.17712 0.11851 ( 4)  0.332
 370 L   0.29219 0.24532 0.19387 0.13942 0.07864 0.05056 ( 1)  0.190
 371 E   0.13986 0.31350 0.30161 0.18527 0.05521 0.00454 ( 2)  0.166
 372 I   0.34860 0.27033 0.19202 0.11899 0.05193 0.01812 ( 1)  0.141
 373 K   0.14891 0.32374 0.29969 0.17531 0.04870 0.00366 ( 2)  0.160
 374 D   0.45613 0.29318 0.16187 0.07060 0.01682 0.00139 ( 1)  0.092
 375 V   0.08953 0.23698 0.28458 0.23749 0.11908 0.03233 ( 3)  0.230
 376 T   0.00000 0.00000 0.00000 0.00019 0.00736 0.99245 ( 6)  0.996
 377 I   0.00000 0.00138 0.02192 0.11749 0.32719 0.53202 ( 6)  0.732
 378 K   0.42641 0.28978 0.17259 0.08382 0.02417 0.00324 ( 1)  0.102
 379 I   0.07609 0.21097 0.26962 0.24538 0.14280 0.05516 ( 3)  0.262
 380 Y   0.37758 0.27956 0.18667 0.10618 0.04005 0.00996 ( 1)  0.124
 381 G   0.43447 0.29110 0.16995 0.08014 0.02185 0.00249 ( 1)  0.099
 382 F   0.00000 0.00000 0.00001 0.00025 0.00919 0.99056 ( 6)  0.995
 383 H   0.00000 0.00000 0.00022 0.00434 0.05465 0.94079 ( 6)  0.969
 384 K   0.52338 0.29124 0.13308 0.04497 0.00708 0.00025 ( 1)  0.075
 385 C   0.00459 0.05150 0.13991 0.23578 0.27226 0.29596 ( 6)  0.527
 386 K   0.42641 0.28978 0.17259 0.08382 0.02417 0.00324 ( 1)  0.102
 387 D   0.00001 0.00166 0.01687 0.07525 0.22018 0.68604 ( 6)  0.820
 388 F   0.00199 0.02478 0.07691 0.15505 0.24045 0.50081 ( 6)  0.680
 389 S   0.00000 0.00031 0.00593 0.04108 0.17664 0.77603 ( 6)  0.876
 390 K   0.08552 0.22884 0.27931 0.23916 0.12641 0.04076 ( 3)  0.241
 391 K   0.41324 0.28755 0.17681 0.08982 0.02801 0.00456 ( 1)  0.108
 392 Q   0.04194 0.13169 0.19888 0.22850 0.19879 0.20020 ( 4)  0.410
 393 A   0.00000 0.00000 0.00000 0.00011 0.00589 0.99400 ( 6)  0.997
 394 S   0.33503 0.26502 0.19338 0.12449 0.05811 0.02399 ( 1)  0.151
 395 V   0.06257 0.18205 0.24816 0.24701 0.16757 0.09265 ( 3)  0.305
 396 A   0.03314 0.10794 0.17121 0.21054 0.20571 0.27146 ( 6)  0.473
 397 K   0.13638 0.30792 0.30018 0.18911 0.06003 0.00639 ( 2)  0.170
 398 T   0.45004 0.29258 0.16413 0.07329 0.01825 0.00171 ( 1)  0.094
 399 T   0.00442 0.04979 0.13594 0.23087 0.27067 0.30831 ( 6)  0.536
 400 V   0.38839 0.28241 0.18405 0.10123 0.03605 0.00787 ( 1)  0.118
 401 H   0.39799 0.28482 0.18163 0.09683 0.03260 0.00613 ( 1)  0.114
 402 V   0.00000 0.00042 0.00494 0.02725 0.11504 0.85235 ( 6)  0.918
 403 V   0.00006 0.00289 0.01779 0.06088 0.16408 0.75431 ( 6)  0.856
 404 F   0.37008 0.27755 0.18845 0.10962 0.04285 0.01144 ( 1)  0.128
 405 D   0.44347 0.29211 0.16668 0.07612 0.01964 0.00197 ( 1)  0.096
 406 E   0.49003 0.29364 0.14782 0.05688 0.01103 0.00059 ( 1)  0.083
 407 S   0.43980 0.29164 0.16797 0.07778 0.02059 0.00222 ( 1)  0.097
 408 G   0.42593 0.28990 0.17289 0.08401 0.02414 0.00313 ( 1)  0.102
 409 S   0.33358 0.26445 0.19352 0.12507 0.05876 0.02462 ( 1)  0.152
 410 Q   0.31185 0.25509 0.19463 0.13325 0.06903 0.03615 ( 1)  0.170
 411 V   0.00434 0.04903 0.13444 0.22954 0.27114 0.31152 ( 6)  0.539
 412 L   0.00003 0.00169 0.01103 0.04096 0.12719 0.81910 ( 6)  0.896
 413 L   0.00059 0.02263 0.10505 0.24207 0.33002 0.29963 ( 5)  0.552
 414 P   0.38299 0.28130 0.18567 0.10377 0.03781 0.00847 ( 1)  0.121
 415 E   0.50582 0.29309 0.14100 0.05090 0.00883 0.00036 ( 1)  0.079
 416 S   0.45479 0.29306 0.16238 0.07119 0.01713 0.00146 ( 1)  0.093
 417 L   0.04300 0.13456 0.20224 0.23070 0.19797 0.19154 ( 4)  0.402
 418 L   0.29102 0.24465 0.19369 0.13967 0.07921 0.05175 ( 1)  0.191
 419 S   0.34732 0.26980 0.19210 0.11949 0.05254 0.01875 ( 1)  0.142
 420 P   0.38649 0.28221 0.18481 0.10216 0.03652 0.00782 ( 1)  0.119
 421 G   0.00000 0.00068 0.00769 0.03946 0.14691 0.80526 ( 6)  0.891
 422 L   0.03140 0.10300 0.16496 0.20568 0.20593 0.28904 ( 6)  0.487
 423 K   0.00106 0.03767 0.15618 0.30852 0.32593 0.17064 ( 5)  0.450
 424 G   0.13837 0.31162 0.30169 0.18695 0.05656 0.00482 ( 2)  0.167
 425 K   0.52246 0.29132 0.13349 0.04529 0.00718 0.00026 ( 1)  0.075
 426 S   0.00000 0.00000 0.00000 0.00007 0.00411 0.99582 ( 6)  0.998
 427 G   0.00006 0.00778 0.06364 0.20981 0.36735 0.35137 ( 5)  0.605
 428 -   0.00010 0.00442 0.02582 0.08214 0.19605 0.69148 ( 6)  0.817
 429 E   0.00002 0.00273 0.02602 0.10619 0.26760 0.59744 ( 6)  0.765
 430 E   0.00001 0.00167 0.01701 0.07582 0.22141 0.68408 ( 6)  0.819
 431 K   0.15138 0.32644 0.29906 0.17263 0.04704 0.00346 ( 2)  0.158
 432 L   0.00000 0.00024 0.00305 0.01817 0.08765 0.89088 ( 6)  0.940
 433 S   0.00000 0.00004 0.00140 0.01598 0.11213 0.87046 ( 6)  0.931
 434 K   0.00002 0.00328 0.03055 0.12066 0.28723 0.55827 ( 6)  0.741
 435 Y   0.00000 0.00000 0.00000 0.00000 0.00081 0.99918 ( 6)  1.000
 436 K   0.15110 0.32617 0.29917 0.17293 0.04718 0.00346 ( 2)  0.158
 437 T   0.00000 0.00084 0.00925 0.04585 0.16117 0.78289 ( 6)  0.877
 438 Q   0.00231 0.02802 0.08438 0.16421 0.24305 0.47803 ( 6)  0.662
 439 Q   0.07559 0.21001 0.26908 0.24570 0.14369 0.05593 ( 3)  0.263
 440 P   0.00000 0.00000 0.00003 0.00069 0.01526 0.98402 ( 6)  0.992
 441 P   0.00232 0.02812 0.08464 0.16459 0.24329 0.47703 ( 6)  0.662
 442 G   0.00058 0.02239 0.10415 0.24068 0.32972 0.30249 ( 5)  0.554
 443 S   0.00000 0.00018 0.00356 0.02696 0.13470 0.83459 ( 6)  0.910
 444 L   0.00004 0.00217 0.01378 0.04931 0.14346 0.79124 ( 6)  0.879
 445 S   0.00000 0.00007 0.00256 0.02648 0.15633 0.81455 ( 6)  0.900
 446 K   0.00158 0.05239 0.19876 0.34761 0.29948 0.10018 ( 4)  0.387
 447 N   0.00000 0.00007 0.00230 0.02326 0.14085 0.83352 ( 6)  0.910
 448 N   0.00981 0.09799 0.22749 0.30823 0.24506 0.11141 ( 4)  0.368
 449 S   0.00000 0.00000 0.00001 0.00050 0.01434 0.98514 ( 6)  0.992
 450 Q   0.00311 0.03946 0.12081 0.22745 0.29005 0.31913 ( 6)  0.552
 451 S   0.03174 0.10401 0.16630 0.20681 0.20604 0.28509 ( 6)  0.484
 452 S   0.00004 0.00205 0.01314 0.04742 0.14005 0.79731 ( 6)  0.883
 453 K   0.42641 0.28978 0.17259 0.08382 0.02417 0.00324 ( 1)  0.102
 454 V   0.00000 0.00000 0.00002 0.00110 0.02872 0.97016 ( 6)  0.985
 455 T   0.00000 0.00000 0.00019 0.00298 0.03585 0.96098 ( 6)  0.980
 456 P   0.00906 0.09175 0.21714 0.30223 0.25172 0.12809 ( 4)  0.384
 457 S   0.00251 0.03022 0.08995 0.17225 0.24801 0.45705 ( 6)  0.647
 458 R   0.00000 0.00008 0.00171 0.01453 0.08908 0.89461 ( 6)  0.943
 459 K   0.14734 0.32174 0.29973 0.17705 0.05014 0.00400 ( 2)  0.161
 460 R   0.08470 0.22793 0.27985 0.24088 0.12739 0.03926 ( 3)  0.240
 461 K   0.51961 0.29163 0.13478 0.04625 0.00746 0.00028 ( 1)  0.076
 462 V   0.05230 0.15800 0.22653 0.24188 0.18514 0.13615 ( 4)  0.350
 463 S   0.33055 0.26340 0.19401 0.12642 0.06009 0.02554 ( 1)  0.154
 464 E   0.50511 0.29313 0.14131 0.05116 0.00892 0.00037 ( 1)  0.079
 465 A   0.41936 0.28905 0.17521 0.08697 0.02584 0.00357 ( 1)  0.105
 466 V   0.00331 0.03859 0.11042 0.20009 0.26202 0.38557 ( 6)  0.595
 467 L   0.00000 0.00000 0.00003 0.00074 0.01596 0.98327 ( 6)  0.991
 468 I   0.00614 0.06611 0.16994 0.26550 0.27012 0.22218 ( 5)  0.467
 469 P   0.04136 0.13030 0.19764 0.22827 0.19998 0.20247 ( 4)  0.413
 470 R   0.00977 0.09765 0.22715 0.30845 0.24578 0.11121 ( 4)  0.369
 471 T   0.00000 0.00081 0.00893 0.04466 0.15891 0.78668 ( 6)  0.880
 472 T   0.00001 0.00147 0.01575 0.07382 0.22531 0.68365 ( 6)  0.819
 473 S   0.00005 0.00243 0.01530 0.05381 0.15196 0.77646 ( 6)  0.870
 474 T   0.45767 0.29317 0.16121 0.06998 0.01659 0.00138 ( 1)  0.092
 475 R   0.07312 0.20413 0.26371 0.24445 0.14820 0.06638 ( 3)  0.274
 476 S   0.01148 0.11123 0.24809 0.31781 0.22919 0.08221 ( 4)  0.339
 477 P   0.06994 0.19836 0.26119 0.24757 0.15411 0.06883 ( 3)  0.279
 478 L   0.00104 0.01352 0.04487 0.10001 0.18744 0.65312 ( 6)  0.783
 479 S   0.00000 0.00000 0.00000 0.00002 0.00229 0.99769 ( 6)  0.999
 480 F   0.38217 0.28106 0.18584 0.10414 0.03813 0.00866 ( 1)  0.121
 481 V   0.00000 0.00000 0.00021 0.00323 0.03756 0.95899 ( 6)  0.979
 482 S   0.00047 0.01862 0.08947 0.21637 0.32056 0.35451 ( 6)  0.592
 483 K   0.15154 0.32670 0.29912 0.17244 0.04682 0.00338 ( 2)  0.158
 484 G   0.00716 0.07543 0.18826 0.28206 0.26634 0.18076 ( 4)  0.432
 485 R   0.38280 0.28089 0.18536 0.10377 0.03814 0.00904 ( 1)  0.121
 486 Y   0.00000 0.00001 0.00037 0.00525 0.05262 0.94175 ( 6)  0.969
 487 K   0.51086 0.29226 0.13863 0.04936 0.00850 0.00038 ( 1)  0.078
 488 L   0.30635 0.24852 0.18926 0.13145 0.07280 0.05161 ( 1)  0.185
 489 P   0.31766 0.25784 0.19466 0.13128 0.06621 0.03236 ( 1)  0.165
 490 L   0.29116 0.24474 0.19371 0.13964 0.07914 0.05161 ( 1)  0.191
 491 E   0.00071 0.02695 0.12235 0.27099 0.33918 0.23981 ( 5)  0.509
 492 M   0.12851 0.29915 0.30225 0.19813 0.06543 0.00654 ( 3)  0.175
 493 T   0.00032 0.01402 0.07412 0.19765 0.32525 0.38863 ( 6)  0.620
 494 R   0.07598 0.21102 0.27010 0.24604 0.14292 0.05394 ( 3)  0.261
 495 S   0.33020 0.26324 0.19402 0.12654 0.06026 0.02575 ( 1)  0.154
 496 T   0.00000 0.00006 0.00133 0.01178 0.07737 0.90947 ( 6)  0.951
 497 K   0.00110 0.03873 0.15951 0.31222 0.32464 0.16379 ( 5)  0.445
 498 T   0.08598 0.23025 0.28096 0.23987 0.12524 0.03770 ( 3)  0.238
 499 S   0.00007 0.00346 0.02093 0.06977 0.17928 0.72648 ( 6)  0.839
 500 A   0.00000 0.00026 0.00506 0.03619 0.16371 0.79477 ( 6)  0.887
 501 I   0.00000 0.00000 0.00000 0.00010 0.00728 0.99262 ( 6)  0.996
 502 N   0.12642 0.29584 0.30141 0.20039 0.06829 0.00765 ( 3)  0.178
 503 E   0.00605 0.06538 0.16877 0.26501 0.27134 0.22345 ( 5)  0.468
 504 S   0.00299 0.03533 0.10261 0.18981 0.25749 0.41176 ( 6)  0.614
 505 R   0.01805 0.15735 0.30497 0.32216 0.16811 0.02936 ( 4)  0.271
 506 T   0.00071 0.02687 0.12048 0.26475 0.33335 0.25385 ( 5)  0.518
 507 K   0.01081 0.10551 0.23813 0.31126 0.23488 0.09941 ( 4)  0.355
 508 N   0.12241 0.29007 0.30065 0.20483 0.07291 0.00912 ( 3)  0.182
 509 F   0.00000 0.00001 0.00018 0.00221 0.02575 0.97185 ( 6)  0.985
 510 H   0.00001 0.00106 0.01133 0.05428 0.17980 0.75353 ( 6)  0.860
 511 Q   0.00417 0.04728 0.13015 0.22376 0.26845 0.32618 ( 6)  0.550
 512 E   0.01635 0.14612 0.29272 0.32375 0.18275 0.03831 ( 4)  0.284
 513 P   0.00000 0.00000 0.00002 0.00063 0.01422 0.98513 ( 6)  0.992
 514 P   0.00416 0.04720 0.13021 0.22430 0.26942 0.32471 ( 6)  0.549
 515 R   0.01101 0.10755 0.24258 0.31563 0.23385 0.08938 ( 4)  0.346
 516 E   0.00143 0.04846 0.18873 0.34141 0.30913 0.11083 ( 4)  0.398
 517 E   0.00143 0.04830 0.18816 0.34063 0.30921 0.11228 ( 4)  0.399
 518 V   0.00013 0.00586 0.03328 0.10145 0.22384 0.63544 ( 6)  0.782
 519 S   0.00000 0.00000 0.00020 0.00301 0.03544 0.96135 ( 6)  0.980
 520 K   0.00000 0.00021 0.00638 0.05589 0.24920 0.68832 ( 6)  0.829
 521 I   0.00000 0.00000 0.00000 0.00004 0.00392 0.99605 ( 6)  0.998
 522 V   0.00000 0.00000 0.00006 0.00146 0.02633 0.97215 ( 6)  0.986
 523 Q   0.00000 0.00000 0.00002 0.00064 0.01717 0.98217 ( 6)  0.991
 524 E   0.08036 0.21956 0.27509 0.24351 0.13505 0.04643 ( 3)  0.250
 525 A   0.00000 0.00000 0.00002 0.00063 0.01693 0.98243 ( 6)  0.991
 526 -   0.42228 0.28895 0.17381 0.08571 0.02548 0.00376 ( 1)  0.104
 527 -   0.00000 0.00005 0.00124 0.01099 0.07306 0.91466 ( 6)  0.954
 528 -   0.00000 0.00000 0.00021 0.00318 0.03701 0.95959 ( 6)  0.979
 529 -   0.00002 0.00118 0.00802 0.03137 0.10659 0.85282 ( 6)  0.916
 530 T   0.00000 0.00033 0.00633 0.04350 0.18400 0.76583 ( 6)  0.871
 531 E   0.00000 0.00013 0.00295 0.02493 0.13677 0.83522 ( 6)  0.911
 532 K   0.00851 0.08693 0.20838 0.29566 0.25556 0.14496 ( 4)  0.399
 533 Q   0.00618 0.06664 0.17135 0.26755 0.27110 0.21717 ( 5)  0.463
 534 T   0.06541 0.18836 0.25326 0.24733 0.16241 0.08324 ( 3)  0.295
 535 L   0.00000 0.00004 0.00097 0.00900 0.06405 0.92593 ( 6)  0.960
 536 D   0.10616 0.26578 0.29612 0.22254 0.09306 0.01633 ( 3)  0.201
 537 E   0.00007 0.00908 0.07247 0.23073 0.37937 0.30828 ( 5)  0.575
 538 V   0.00000 0.00000 0.00000 0.00022 0.00881 0.99097 ( 6)  0.995
 539 L   0.00009 0.00413 0.02432 0.07833 0.19082 0.70231 ( 6)  0.824
 540 D   0.45761 0.29331 0.16131 0.06995 0.01649 0.00132 ( 1)  0.092
 541 I   0.00573 0.06237 0.16256 0.25884 0.27171 0.23879 ( 5)  0.481
 542 V   0.05927 0.17455 0.24179 0.24610 0.17345 0.10483 ( 4)  0.318
 543 P   0.04136 0.13031 0.19764 0.22827 0.19997 0.20245 ( 4)  0.412
 544 D   0.45721 0.29328 0.16146 0.07013 0.01658 0.00134 ( 1)  0.092
 545 S   0.32628 0.26159 0.19426 0.12805 0.06210 0.02771 ( 1)  0.157
 546 Q   0.32647 0.26156 0.19411 0.12789 0.06205 0.02792 ( 1)  0.158
 547 P   0.00472 0.05280 0.14281 0.23915 0.27295 0.28758 ( 6)  0.520
 548 V   0.00000 0.00002 0.00094 0.01143 0.08960 0.89801 ( 6)  0.946
 549 G   0.00390 0.04467 0.12460 0.21792 0.26836 0.34055 ( 6)  0.561
 550 R   0.00008 0.01010 0.07889 0.24396 0.38287 0.28411 ( 5)  0.558
 551 S   0.00000 0.00014 0.00298 0.02327 0.12253 0.85107 ( 6)  0.919
 552 N   0.00053 0.02071 0.09770 0.23019 0.32611 0.32476 ( 5)  0.571
 553 K   0.02085 0.17432 0.32016 0.31525 0.14779 0.02163 ( 3)  0.255
 554 L   0.02756 0.09304 0.15415 0.19990 0.21058 0.31477 ( 6)  0.511
 555 L   0.02763 0.09208 0.15067 0.19368 0.20483 0.33110 ( 6)  0.522
 556 P   0.00006 0.00298 0.01835 0.06261 0.16755 0.74844 ( 6)  0.853
 557 G   0.00022 0.00931 0.04976 0.13954 0.26646 0.53471 ( 6)  0.716
 558 L   0.00318 0.03732 0.10743 0.19630 0.26062 0.39515 ( 6)  0.602
 559 S   0.00005 0.00241 0.01513 0.05321 0.15048 0.77873 ( 6)  0.871
 560 E   0.00002 0.00364 0.03334 0.12868 0.29551 0.53880 ( 6)  0.728
 561 F   0.00000 0.00000 0.00006 0.00146 0.02563 0.97286 ( 6)  0.986
 562 D   0.01154 0.11177 0.24904 0.31842 0.22861 0.08063 ( 4)  0.337
 563 K   0.00172 0.05609 0.20776 0.35247 0.29050 0.09146 ( 4)  0.377
 564 T   0.00000 0.00002 0.00072 0.00909 0.07556 0.91460 ( 6)  0.955
 565 E   0.00000 0.00168 0.02582 0.13281 0.34622 0.49347 ( 6)  0.708
 566 T   0.00000 0.00046 0.00839 0.05458 0.21105 0.72552 ( 6)  0.847
 567 W   0.00005 0.00252 0.01579 0.05526 0.15459 0.77179 ( 6)  0.867
 568 K   0.52210 0.29135 0.13365 0.04542 0.00722 0.00026 ( 1)  0.076
 569 K   0.51796 0.29174 0.13550 0.04684 0.00766 0.00030 ( 1)  0.076
 570 R   0.47825 0.29351 0.15270 0.06162 0.01304 0.00089 ( 1)  0.086
 571 T   0.00000 0.00000 0.00002 0.00076 0.01941 0.97981 ( 6)  0.990
 572 F   0.00010 0.00454 0.02659 0.08464 0.20119 0.68294 ( 6)  0.812
 573 P   0.04527 0.14044 0.20867 0.23420 0.19532 0.17611 ( 4)  0.388
 574 L   0.00012 0.00520 0.02988 0.09295 0.21265 0.65919 ( 6)  0.797
 575 P   0.00000 0.00033 0.00396 0.02270 0.10196 0.87105 ( 6)  0.929
 576 E   0.00632 0.06791 0.17382 0.26974 0.27051 0.21170 ( 5)  0.459
 577 Q   0.00000 0.00003 0.00075 0.00805 0.06541 0.92576 ( 6)  0.961
 578 N   0.01524 0.13867 0.28434 0.32444 0.19259 0.04471 ( 4)  0.294
 579 I   0.00000 0.00012 0.00400 0.03797 0.19501 0.76290 ( 6)  0.871
 580 T   0.00039 0.01640 0.08383 0.21455 0.33227 0.35256 ( 6)  0.594
 581 T   0.05983 0.17563 0.24235 0.24561 0.17226 0.10431 ( 4)  0.317
 582 E   0.00000 0.00082 0.00908 0.04534 0.16074 0.78401 ( 6)  0.878
 583 D   0.00673 0.07173 0.18154 0.27710 0.26945 0.19345 ( 4)  0.443
 584 K   0.00002 0.00293 0.02766 0.11123 0.27387 0.58429 ( 6)  0.757
 585 Q   0.07570 0.21028 0.26932 0.24573 0.14347 0.05550 ( 3)  0.262
 586 K   0.43088 0.29025 0.17094 0.08183 0.02310 0.00300 ( 1)  0.101
 587 P   0.00324 0.03792 0.10884 0.19805 0.26119 0.39076 ( 6)  0.599
 588 N   0.01546 0.14010 0.28591 0.32424 0.19068 0.04362 ( 4)  0.292
 589 P   0.00000 0.00000 0.00001 0.00024 0.00857 0.99119 ( 6)  0.995
 590 S   0.00000 0.00055 0.00636 0.03365 0.13205 0.82738 ( 6)  0.904
 591 L   0.00000 0.00000 0.00007 0.00127 0.01957 0.97909 ( 6)  0.989
 592 A   0.00036 0.01463 0.07301 0.18628 0.30320 0.42253 ( 6)  0.640
 593 H   0.00000 0.00000 0.00000 0.00007 0.00440 0.99552 ( 6)  0.998
 594 A   0.00000 0.00008 0.00188 0.01671 0.10298 0.87835 ( 6)  0.934
 595 S   0.02830 0.09414 0.15363 0.19662 0.20591 0.32140 ( 6)  0.514
 596 H   0.38668 0.28210 0.18461 0.10204 0.03657 0.00799 ( 1)  0.119
 597 A   0.00000 0.00000 0.00000 0.00012 0.00520 0.99468 ( 6)  0.997
 598 R   0.00000 0.00011 0.00370 0.03573 0.18863 0.77182 ( 6)  0.876
 599 S   0.00000 0.00013 0.00183 0.01233 0.07022 0.91549 ( 6)  0.954
 600 D   0.00004 0.00562 0.04844 0.17159 0.33989 0.43442 ( 6)  0.661
 601 T   0.01266 0.12016 0.26071 0.32151 0.21745 0.06750 ( 4)  0.322
 602 S   0.00010 0.00444 0.02610 0.08343 0.19972 0.68621 ( 6)  0.814
 603 L   0.00005 0.00229 0.01446 0.05133 0.14732 0.78456 ( 6)  0.875
 604 H   0.00002 0.00263 0.02534 0.10451 0.26693 0.60057 ( 6)  0.767
 605 S   0.00009 0.00433 0.02549 0.08186 0.19748 0.69074 ( 6)  0.817
 606 D   0.00000 0.00046 0.00833 0.05454 0.21230 0.72437 ( 6)  0.847
 607 E   0.00017 0.00762 0.04333 0.12942 0.26425 0.55522 ( 6)  0.731
 608 D   0.12554 0.29443 0.30104 0.20134 0.06951 0.00814 ( 3)  0.179
 609 P   0.00000 0.00003 0.00083 0.00788 0.05870 0.93255 ( 6)  0.964
 610 D   0.00000 0.00048 0.00879 0.05697 0.21807 0.71569 ( 6)  0.842
 611 V   0.00000 0.00007 0.00159 0.01371 0.08579 0.89884 ( 6)  0.946
 612 L   0.00005 0.00243 0.01526 0.05372 0.15185 0.77670 ( 6)  0.870
 613 L   0.00000 0.00000 0.00004 0.00087 0.01639 0.98270 ( 6)  0.991
 614 R   0.00132 0.04518 0.17921 0.33265 0.31516 0.12649 ( 4)  0.412
 615 K   0.14955 0.32446 0.29954 0.17460 0.04824 0.00361 ( 2)  0.159
 616 E   0.40220 0.28572 0.18042 0.09489 0.03121 0.00556 ( 1)  0.112
 617 T   0.00020 0.00875 0.04711 0.13358 0.26021 0.55014 ( 6)  0.726
 618 A   0.00001 0.00223 0.02201 0.09365 0.25176 0.63033 ( 6)  0.786
 619 N   0.00005 0.00655 0.05520 0.18947 0.35478 0.39396 ( 6)  0.634
 620 P   0.00009 0.00473 0.02976 0.09946 0.23561 0.63034 ( 6)  0.781
 621 K   0.01935 0.16510 0.31154 0.31842 0.15891 0.02669 ( 4)  0.264
 622 E   0.00000 0.00001 0.00026 0.00386 0.04237 0.95350 ( 6)  0.976
 623 S   0.00333 0.03882 0.11084 0.20032 0.26152 0.38516 ( 6)  0.594
 624 K   0.09962 0.25420 0.29110 0.22812 0.10359 0.02337 ( 3)  0.213
 625 T   0.00000 0.00000 0.00006 0.00157 0.02848 0.96989 ( 6)  0.984
 626 K   0.52338 0.29124 0.13308 0.04497 0.00708 0.00025 ( 1)  0.075
 627 P   0.00060 0.02315 0.10682 0.24426 0.32942 0.29573 ( 5)  0.549
 628 K   0.09912 0.25346 0.29101 0.22873 0.10421 0.02348 ( 3)  0.214
 629 S   0.00010 0.00445 0.02613 0.08351 0.19977 0.68603 ( 6)  0.814
 630 K   0.52238 0.29132 0.13353 0.04532 0.00719 0.00026 ( 1)  0.076
 631 E   0.50287 0.29324 0.14229 0.05199 0.00921 0.00040 ( 1)  0.080
 632 M   0.00000 0.00074 0.01274 0.07714 0.26231 0.64708 ( 6)  0.801
 633 A   0.00000 0.00000 0.00032 0.00597 0.06740 0.92631 ( 6)  0.961
 634 D   0.01307 0.12320 0.26491 0.32259 0.21345 0.06279 ( 4)  0.317
 635 T   0.00796 0.08258 0.20166 0.29283 0.26142 0.15354 ( 4)  0.408
 636 A   0.00766 0.07979 0.19602 0.28751 0.26234 0.16668 ( 4)  0.419
 637 K   0.52338 0.29124 0.13308 0.04497 0.00708 0.00025 ( 1)  0.075
 638 S   0.00000 0.00055 0.00638 0.03377 0.13253 0.82676 ( 6)  0.903
 639 L   0.31337 0.25576 0.19457 0.13269 0.06830 0.03531 ( 1)  0.169
 640 I   0.38665 0.28181 0.18434 0.10201 0.03681 0.00838 ( 1)  0.119
 641 I   0.00003 0.00411 0.03737 0.14217 0.31538 0.50094 ( 6)  0.705
 642 K   0.01824 0.15818 0.30493 0.32063 0.16738 0.03066 ( 4)  0.271
 643 I   0.34973 0.27071 0.19183 0.11850 0.05145 0.01778 ( 1)  0.140
 644 S   0.10749 0.26796 0.29684 0.22122 0.09112 0.01537 ( 3)  0.199
 645 D   0.40599 0.28656 0.17936 0.09314 0.02994 0.00502 ( 1)  0.110
 646 R   0.50133 0.29326 0.14295 0.05259 0.00944 0.00042 ( 1)  0.080
 647 Y   0.35981 0.27410 0.19016 0.11410 0.04719 0.01463 ( 1)  0.134
 648 R   0.01833 0.15841 0.30436 0.31942 0.16742 0.03206 ( 4)  0.272
 649 D   0.00000 0.00000 0.00014 0.00250 0.03357 0.96378 ( 6)  0.981
 650 K   0.07282 0.20374 0.26387 0.24518 0.14878 0.06561 ( 3)  0.273
 651 S   0.00000 0.00009 0.00197 0.01637 0.09642 0.88515 ( 6)  0.938
 652 S   0.00000 0.00006 0.00216 0.02299 0.14283 0.83196 ( 6)  0.910
 653 E   0.00034 0.01408 0.07075 0.18214 0.30075 0.43193 ( 6)  0.646
 654 K   0.48788 0.29321 0.14856 0.05795 0.01167 0.00074 ( 1)  0.084
 655 S   0.00001 0.00179 0.01808 0.07988 0.22928 0.67097 ( 6)  0.811
 656 K   0.15029 0.32533 0.29942 0.17379 0.04767 0.00350 ( 2)  0.159
 657 A   0.00775 0.08038 0.19647 0.28665 0.26049 0.16825 ( 4)  0.420
 658 R   0.50610 0.29307 0.14088 0.05080 0.00880 0.00036 ( 1)  0.079
 659 D   0.00036 0.01467 0.07339 0.18764 0.30546 0.41849 ( 6)  0.637
 660 S   0.29409 0.24632 0.19402 0.13888 0.07770 0.04899 ( 1)  0.187
 661 L   0.00166 0.02068 0.06490 0.13387 0.21962 0.55928 ( 6)  0.719
 662 C   0.00016 0.00695 0.03864 0.11437 0.23968 0.60019 ( 6)  0.759
 663 F   0.00001 0.00086 0.00949 0.04696 0.16422 0.77846 ( 6)  0.875
 664 N   0.00054 0.02116 0.09942 0.23297 0.32703 0.31887 ( 5)  0.566
 665 R   0.45039 0.29251 0.16394 0.07317 0.01825 0.00174 ( 1)  0.094
 666 T   0.00000 0.00001 0.00043 0.00589 0.05699 0.93668 ( 6)  0.967
 667 H   0.00000 0.00000 0.00009 0.00213 0.03347 0.96430 ( 6)  0.981
 668 L   0.00249 0.02986 0.08890 0.17036 0.24613 0.46226 ( 6)  0.651
 669 N   0.00077 0.02881 0.12729 0.27407 0.33350 0.23556 ( 5)  0.503
 670 K   0.49492 0.29318 0.14560 0.05518 0.01054 0.00058 ( 1)  0.082
 671 S   0.27919 0.23833 0.19258 0.14285 0.08500 0.06205 ( 1)  0.204
 672 W   0.00000 0.00000 0.00000 0.00007 0.00450 0.99542 ( 6)  0.998
 673 I   0.00000 0.00000 0.00002 0.00060 0.01369 0.98569 ( 6)  0.993
 674 S   0.00000 0.00000 0.00003 0.00088 0.01784 0.98125 ( 6)  0.990
 675 K   0.08388 0.22607 0.27832 0.24081 0.12901 0.04191 ( 3)  0.243
 676 E   0.12429 0.29282 0.30107 0.20276 0.07068 0.00837 ( 3)  0.180
 677 E   0.00005 0.00656 0.05506 0.18838 0.35210 0.39785 ( 6)  0.636
 678 V   0.00000 0.00006 0.00140 0.01230 0.07965 0.90659 ( 6)  0.950
 679 Q   0.00224 0.02724 0.08223 0.16070 0.24008 0.48751 ( 6)  0.669
 680 D   0.00001 0.00228 0.02228 0.09383 0.24954 0.63205 ( 6)  0.787
 681 R   0.47196 0.29363 0.15540 0.06407 0.01397 0.00098 ( 1)  0.088
 682 T   0.00000 0.00017 0.00346 0.02622 0.13193 0.83822 ( 6)  0.912
 683 T   0.00000 0.00000 0.00006 0.00107 0.01746 0.98142 ( 6)  0.990
 684 K   0.50746 0.29258 0.14015 0.05053 0.00887 0.00040 ( 1)  0.079
 685 T   0.00000 0.00056 0.00649 0.03423 0.13375 0.82496 ( 6)  0.902
 686 A   0.00014 0.00612 0.03450 0.10429 0.22704 0.62792 ( 6)  0.777
 687 S   0.05572 0.16615 0.23410 0.24407 0.17944 0.12052 ( 4)  0.334
 688 F   0.00000 0.00007 0.00155 0.01337 0.08417 0.90084 ( 6)  0.947
 689 L   0.00008 0.00373 0.02236 0.07354 0.18489 0.71540 ( 6)  0.832
 690 N   0.00086 0.03158 0.13689 0.28701 0.33342 0.21024 ( 5)  0.484
 691 I   0.00000 0.00000 0.00001 0.00046 0.01628 0.98325 ( 6)  0.991
 692 T   0.00016 0.00689 0.03829 0.11346 0.23840 0.60281 ( 6)  0.761
 693 T   0.00326 0.03809 0.10927 0.19866 0.26154 0.38918 ( 6)  0.598
 694 S   0.00518 0.05719 0.15206 0.24871 0.27287 0.26398 ( 5)  0.501
 695 H   0.00000 0.00016 0.00332 0.02549 0.13018 0.84085 ( 6)  0.913
 696 V   0.00000 0.00000 0.00003 0.00085 0.01791 0.98120 ( 6)  0.990
 697 L   0.00000 0.00001 0.00031 0.00366 0.03657 0.95945 ( 6)  0.979
 698 D   0.01097 0.10720 0.24197 0.31522 0.23417 0.09048 ( 4)  0.347
 699 D   0.45708 0.29327 0.16151 0.07018 0.01661 0.00135 ( 1)  0.092
 700 A   0.00199 0.02451 0.07524 0.15041 0.23333 0.51451 ( 6)  0.688
 701 Y   0.32283 0.25997 0.19426 0.12923 0.06378 0.02993 ( 1)  0.161
 702 N   0.43905 0.29163 0.16829 0.07809 0.02071 0.00222 ( 1)  0.098
 703 F   0.37765 0.27973 0.18680 0.10618 0.03991 0.00973 ( 1)  0.124
 704 N   0.00985 0.09832 0.22804 0.30857 0.24472 0.11049 ( 4)  0.368
 705 I   0.00000 0.00051 0.00588 0.03151 0.12661 0.83549 ( 6)  0.908
 706 S   0.00067 0.02537 0.11519 0.25741 0.33310 0.26826 ( 5)  0.529
 707 G   0.05495 0.16441 0.23265 0.24392 0.18088 0.12319 ( 4)  0.337
 708 L   0.00001 0.00103 0.01115 0.05376 0.17951 0.75454 ( 6)  0.861
 709 D   0.00001 0.00200 0.02143 0.09784 0.27308 0.60565 ( 6)  0.773
 710 G   0.07848 0.21580 0.27273 0.24439 0.13846 0.05014 ( 3)  0.255
 711 P   0.31529 0.25676 0.19471 0.13213 0.06735 0.03376 ( 1)  0.167
 712 T   0.46583 0.29362 0.15798 0.06652 0.01495 0.00109 ( 1)  0.089
 713 I   0.49161 0.29355 0.14712 0.05630 0.01084 0.00058 ( 1)  0.083
 714 K   0.09761 0.25088 0.29000 0.23009 0.10652 0.02490 ( 3)  0.216
 715 L   0.00280 0.03328 0.09763 0.18311 0.25429 0.42889 ( 6)  0.627
 716 G   0.43490 0.29117 0.16981 0.07994 0.02172 0.00246 ( 1)  0.099
 717 I   0.00000 0.00000 0.00001 0.00026 0.00898 0.99076 ( 6)  0.995
 718 Q   0.00000 0.00004 0.00111 0.01103 0.07932 0.90850 ( 6)  0.951
 719 E   0.00005 0.00695 0.05799 0.19629 0.35927 0.37945 ( 6)  0.624
 720 L   0.00000 0.00000 0.00000 0.00014 0.00573 0.99413 ( 6)  0.997
 721 H   0.00000 0.00000 0.00001 0.00056 0.01553 0.98390 ( 6)  0.992
 722 V   0.05548 0.16561 0.23365 0.24401 0.17987 0.12137 ( 4)  0.335
 723 T   0.00000 0.00021 0.00293 0.01926 0.09916 0.87844 ( 6)  0.934
 724 E   0.13013 0.30079 0.30155 0.19621 0.06458 0.00674 ( 3)  0.174
 725 L   0.00000 0.00019 0.00243 0.01498 0.07663 0.90577 ( 6)  0.948
 726 S   0.00002 0.00360 0.03318 0.12872 0.29725 0.53723 ( 6)  0.727
 727 V   0.00000 0.00001 0.00023 0.00349 0.03965 0.95662 ( 6)  0.977
 728 H   0.00000 0.00000 0.00002 0.00077 0.01949 0.97972 ( 6)  0.990
 729 T   0.01208 0.11580 0.25446 0.31951 0.22310 0.07505 ( 4)  0.331
 730 E   0.00000 0.00038 0.00718 0.04821 0.19632 0.74790 ( 6)  0.860
 731 I   0.00000 0.00000 0.00010 0.00224 0.03453 0.96313 ( 6)  0.981
 732 N   0.00000 0.00001 0.00036 0.00524 0.05408 0.94032 ( 6)  0.969
 733 K   0.14171 0.31505 0.30047 0.18322 0.05467 0.00488 ( 2)  0.165
 734 K   0.00129 0.04426 0.17568 0.32731 0.31461 0.13685 ( 4)  0.420
 735 G   0.05675 0.16868 0.23659 0.24501 0.17785 0.11511 ( 4)  0.329
 736 N   0.00081 0.02997 0.13074 0.27717 0.33053 0.23077 ( 5)  0.499
 737 T   0.00000 0.00011 0.00238 0.01950 0.11044 0.86758 ( 6)  0.928
 738 T   0.00000 0.00000 0.00000 0.00004 0.00367 0.99628 ( 6)  0.998
 739 I   0.00000 0.00000 0.00011 0.00223 0.03309 0.96457 ( 6)  0.982
 740 S   0.00000 0.00004 0.00137 0.01576 0.11143 0.87141 ( 6)  0.931
 741 K   0.14444 0.31826 0.30005 0.18022 0.05253 0.00451 ( 2)  0.163
 742 S   0.00000 0.00003 0.00082 0.00791 0.05941 0.93183 ( 6)  0.964
 743 S   0.00276 0.03571 0.11186 0.21651 0.28793 0.34524 ( 6)  0.572
 744 T   0.00000 0.00010 0.00217 0.01779 0.10222 0.87772 ( 6)  0.934
 745 E   0.49830 0.29345 0.14429 0.05369 0.00981 0.00045 ( 1)  0.081
 746 G   0.00001 0.00103 0.01108 0.05340 0.17840 0.75609 ( 6)  0.862
 747 K   0.13489 0.30617 0.30041 0.19075 0.06119 0.00659 ( 2)  0.171
 748 G   0.00000 0.00000 0.00024 0.00477 0.05792 0.93707 ( 6)  0.967
 749 K   0.14599 0.32016 0.29993 0.17851 0.05119 0.00421 ( 2)  0.162
 750 K   0.01465 0.13369 0.27614 0.32023 0.19887 0.05643 ( 4)  0.305
 751 T   0.00000 0.00000 0.00003 0.00088 0.01853 0.98057 ( 6)  0.990
 752 R   0.00000 0.00143 0.02254 0.12021 0.33170 0.52412 ( 6)  0.727
 753 N   0.00046 0.01835 0.08818 0.21346 0.31777 0.36177 ( 6)  0.597
 754 N   0.00111 0.03926 0.16151 0.31524 0.32500 0.15788 ( 5)  0.440
 755 R   0.00000 0.00083 0.00909 0.04520 0.15968 0.78519 ( 6)  0.879
 756 D   0.00000 0.00003 0.00098 0.01193 0.09226 0.89480 ( 6)  0.944
 757 K   0.00980 0.09757 0.22597 0.30586 0.24435 0.11644 ( 4)  0.372
 758 K   0.42641 0.28978 0.17259 0.08382 0.02417 0.00324 ( 1)  0.102
 759 H   0.41930 0.28902 0.17520 0.08700 0.02588 0.00360 ( 1)  0.105
 760 L   0.26466 0.22406 0.18149 0.13846 0.09152 0.09980 ( 1)  0.240
 761 F   0.36315 0.27531 0.18971 0.11269 0.04572 0.01342 ( 1)  0.132
 762 S   0.45761 0.29331 0.16131 0.06995 0.01649 0.00132 ( 1)  0.092
 763 D   0.40717 0.28679 0.17900 0.09259 0.02957 0.00488 ( 1)  0.110
 764 S   0.09448 0.24575 0.28839 0.23325 0.11108 0.02705 ( 3)  0.221
 765 D   0.40715 0.28675 0.17898 0.09260 0.02960 0.00492 ( 1)  0.110
 766 T   0.46716 0.29368 0.15745 0.06597 0.01470 0.00105 ( 1)  0.089
 767 E   0.01531 0.13907 0.28475 0.32434 0.19208 0.04444 ( 4)  0.293
 768 N   0.00016 0.00685 0.03807 0.11272 0.23696 0.60524 ( 6)  0.762
 769 R   0.14005 0.31376 0.30162 0.18505 0.05502 0.00450 ( 2)  0.166
 770 G   0.00016 0.00718 0.03976 0.11712 0.24318 0.59260 ( 6)  0.754
 771 D   0.45761 0.29331 0.16131 0.06995 0.01649 0.00132 ( 1)  0.092
 772 D   0.07987 0.21876 0.27490 0.24414 0.13586 0.04647 ( 3)  0.251
 773 S   0.00031 0.01268 0.06486 0.17096 0.29347 0.45772 ( 6)  0.664
 774 K   0.42641 0.28978 0.17259 0.08382 0.02417 0.00324 ( 1)  0.102
 775 T   0.46493 0.29358 0.15834 0.06690 0.01513 0.00112 ( 1)  0.090
 776 E   0.00693 0.07343 0.18459 0.27923 0.26785 0.18797 ( 4)  0.439
 777 I   0.07053 0.19925 0.26120 0.24649 0.15299 0.06955 ( 3)  0.279
 778 S   0.44607 0.29229 0.16566 0.07500 0.01910 0.00187 ( 1)  0.095
 779 W   0.29423 0.24643 0.19409 0.13889 0.07764 0.04872 ( 1)  0.187
 780 L   0.31144 0.25481 0.19451 0.13330 0.06924 0.03670 ( 1)  0.171
 781 E   0.00000 0.00010 0.00210 0.01731 0.10028 0.88021 ( 6)  0.935
 782 E   0.14074 0.31459 0.30153 0.18428 0.05446 0.00440 ( 2)  0.165
 783 S   0.32114 0.25919 0.19428 0.12982 0.06459 0.03098 ( 1)  0.162
 784 K   0.00007 0.00966 0.07531 0.23319 0.37194 0.30983 ( 5)  0.575
 785 P   0.00007 0.00334 0.02029 0.06795 0.17623 0.73213 ( 6)  0.843
 786 K   0.51051 0.29232 0.13880 0.04947 0.00853 0.00037 ( 1)  0.078
 787 A   0.00000 0.00000 0.00014 0.00227 0.02932 0.96827 ( 6)  0.983
 788 R   0.00235 0.02840 0.08535 0.16561 0.24393 0.47436 ( 6)  0.660
 789 I   0.00753 0.07846 0.19318 0.28456 0.26243 0.17385 ( 4)  0.425
 790 I   0.00027 0.01147 0.05939 0.15947 0.28334 0.48606 ( 6)  0.683
 791 D   0.10521 0.26414 0.29550 0.22343 0.09455 0.01718 ( 3)  0.203
 792 Y   0.32546 0.26109 0.19411 0.12824 0.06254 0.02856 ( 1)  0.158
 793 S   0.10546 0.26456 0.29566 0.22320 0.09416 0.01696 ( 3)  0.203
 794 R   0.13947 0.31299 0.30161 0.18571 0.05559 0.00463 ( 2)  0.166
 795 S   0.00000 0.00007 0.00254 0.02627 0.15522 0.81589 ( 6)  0.901
 796 K   0.51781 0.29175 0.13557 0.04689 0.00768 0.00030 ( 1)  0.077
 797 K   0.00079 0.02924 0.12863 0.27551 0.33282 0.23301 ( 5)  0.501
 798 S   0.00000 0.00000 0.00019 0.00293 0.03501 0.96186 ( 6)  0.980
 799 G   0.00000 0.00075 0.00833 0.04220 0.15354 0.79518 ( 6)  0.885
 800 K   0.15119 0.32627 0.29916 0.17283 0.04711 0.00344 ( 2)  0.158
 801 Q   0.00000 0.00072 0.00807 0.04112 0.15107 0.79902 ( 6)  0.887
 802 M   0.00000 0.00005 0.00176 0.01965 0.13047 0.84808 ( 6)  0.919
 803 S   0.00000 0.00000 0.00019 0.00392 0.05082 0.94506 ( 6)  0.971
 804 T   0.00087 0.03203 0.13842 0.28897 0.33325 0.20647 ( 5)  0.481
 805 K   0.15120 0.32629 0.29916 0.17282 0.04710 0.00344 ( 2)  0.158
 806 A   0.00000 0.00000 0.00001 0.00042 0.01102 0.98855 ( 6)  0.994
 807 K   0.00000 0.00142 0.02244 0.11984 0.33127 0.52503 ( 6)  0.727
 808 P   0.00213 0.02603 0.07928 0.15666 0.23807 0.49783 ( 6)  0.676
 809 A   0.00000 0.00035 0.00419 0.02378 0.10512 0.86656 ( 6)  0.926
 810 K   0.51909 0.29163 0.13500 0.04645 0.00754 0.00029 ( 1)  0.076
 811 D   0.00342 0.03977 0.11313 0.20338 0.26288 0.37741 ( 6)  0.589
 812 K   0.00165 0.05431 0.20380 0.35122 0.29533 0.09370 ( 4)  0.380
 813 N   0.00000 0.00009 0.00237 0.02223 0.13466 0.84065 ( 6)  0.914
 814 T   0.00000 0.00000 0.00018 0.00375 0.04942 0.94664 ( 6)  0.972
 815 N   0.00004 0.00563 0.04810 0.16911 0.33355 0.44356 ( 6)  0.666
 816 K   0.09221 0.24142 0.28600 0.23472 0.11505 0.03061 ( 3)  0.226
 817 K   0.52083 0.29146 0.13422 0.04586 0.00736 0.00027 ( 1)  0.076
 818 Y   0.00000 0.00010 0.00210 0.01736 0.10074 0.87969 ( 6)  0.935
 819 K   0.15112 0.32618 0.29916 0.17291 0.04717 0.00346 ( 2)  0.158
 820 P   0.00978 0.09738 0.22527 0.30429 0.24290 0.12037 ( 4)  0.375
 821 K   0.00000 0.00005 0.00176 0.01954 0.12909 0.84956 ( 6)  0.919
 822 T   0.00000 0.00000 0.00000 0.00005 0.00371 0.99624 ( 6)  0.998
 823 D   0.00070 0.02661 0.11980 0.26450 0.33472 0.25367 ( 5)  0.518
 824 E   0.50582 0.29309 0.14100 0.05090 0.00883 0.00036 ( 1)  0.079
 825 R   0.50085 0.29332 0.14317 0.05275 0.00949 0.00042 ( 1)  0.080
 826 I   0.00000 0.00000 0.00016 0.00329 0.04473 0.95182 ( 6)  0.975
 827 K   0.52071 0.29149 0.13428 0.04589 0.00736 0.00027 ( 1)  0.076
 828 L   0.00005 0.00263 0.01638 0.05682 0.15692 0.76719 ( 6)  0.864
 829 P   0.04135 0.13029 0.19762 0.22826 0.19998 0.20251 ( 4)  0.413
 830 R   0.00270 0.03222 0.09488 0.17902 0.25155 0.43963 ( 6)  0.634
 831 R   0.01837 0.15951 0.30740 0.32197 0.16527 0.02748 ( 4)  0.268
 832 A   0.40791 0.28699 0.17883 0.09225 0.02929 0.00474 ( 1)  0.109
 833 A   0.00033 0.01366 0.06909 0.17936 0.29979 0.43777 ( 6)  0.651
 834 K   0.52338 0.29124 0.13308 0.04497 0.00708 0.00025 ( 1)  0.075
 835 N   0.48482 0.29380 0.15007 0.05887 0.01177 0.00067 ( 1)  0.084
 836 Y   0.32283 0.25997 0.19426 0.12923 0.06378 0.02993 ( 1)  0.161
 837 K   0.01831 0.15845 0.30467 0.31976 0.16721 0.03159 ( 4)  0.272
 838 E   0.00923 0.09307 0.21899 0.30269 0.24985 0.12617 ( 4)  0.382
 839 P   0.00007 0.00329 0.02001 0.06721 0.17506 0.73436 ( 6)  0.844
 840 S   0.29704 0.24782 0.19418 0.13798 0.07626 0.04673 ( 1)  0.184
 841 S   0.10434 0.26277 0.29515 0.22436 0.09573 0.01765 ( 3)  0.204
 842 S   0.34220 0.26792 0.19277 0.12164 0.05479 0.02068 ( 1)  0.146
 843 E   0.40378 0.28603 0.17994 0.09416 0.03072 0.00538 ( 1)  0.111
 844 S   0.32838 0.26236 0.19399 0.12715 0.06116 0.02696 ( 1)  0.156
 845 E   0.00724 0.07604 0.18911 0.28219 0.26522 0.18021 ( 4)  0.431
 846 I   0.00000 0.00001 0.00046 0.00668 0.06567 0.92718 ( 6)  0.962
 847 E   0.13737 0.31029 0.30166 0.18808 0.05755 0.00506 ( 2)  0.168
 848 C   0.00277 0.03291 0.09662 0.18151 0.25302 0.43316 ( 6)  0.630
 849 T   0.00000 0.00004 0.00084 0.00803 0.05943 0.93167 ( 6)  0.964
 850 F   0.00010 0.00452 0.02647 0.08439 0.20107 0.68346 ( 6)  0.812
 851 K   0.09096 0.23912 0.28488 0.23566 0.11713 0.03225 ( 3)  0.228
 852 E   0.00000 0.00020 0.00397 0.02940 0.14194 0.82450 ( 6)  0.904
 853 E   0.07874 0.21633 0.27307 0.24427 0.13798 0.04960 ( 3)  0.254
 854 K   0.52071 0.29149 0.13428 0.04589 0.00736 0.00027 ( 1)  0.076
 855 S   0.04880 0.14921 0.21746 0.23778 0.19002 0.15674 ( 4)  0.370
 856 K   0.15132 0.32653 0.29926 0.17266 0.04687 0.00335 ( 2)  0.158
 857 Q   0.00000 0.00037 0.00444 0.02495 0.10846 0.86177 ( 6)  0.923
 858 K   0.02001 0.16945 0.31619 0.31771 0.15335 0.02330 ( 4)  0.259
 859 H   0.00000 0.00000 0.00010 0.00234 0.03564 0.96192 ( 6)  0.980
 860 M   0.00000 0.00000 0.00009 0.00274 0.04703 0.95014 ( 6)  0.974
 861 N   0.01535 0.13947 0.28539 0.32464 0.19152 0.04363 ( 4)  0.292
 862 G   0.00001 0.00095 0.01029 0.05026 0.17172 0.76678 ( 6)  0.868
 863 A   0.00000 0.00007 0.00229 0.02335 0.14169 0.83260 ( 6)  0.910
 864 D   0.00002 0.00337 0.03133 0.12329 0.29118 0.55081 ( 6)  0.736
 865 K   0.00000 0.00040 0.00735 0.04909 0.19787 0.74529 ( 6)  0.859
 866 D   0.00004 0.00527 0.04612 0.16668 0.33900 0.44290 ( 6)  0.667
 867 Y   0.00000 0.00000 0.00000 0.00007 0.00504 0.99489 ( 6)  0.997
 868 K   0.00000 0.00007 0.00235 0.02464 0.14888 0.82406 ( 6)  0.905
 869 L   0.00000 0.00004 0.00086 0.00814 0.06007 0.93090 ( 6)  0.963
 870 P   0.00401 0.04577 0.12701 0.22059 0.26864 0.33397 ( 6)  0.556
 871 K   0.43188 0.29040 0.17061 0.08138 0.02282 0.00292 ( 1)  0.100
 872 V   0.00000 0.00010 0.00339 0.03332 0.18074 0.78245 ( 6)  0.882
 873 L   0.00133 0.01700 0.05483 0.11741 0.20524 0.60419 ( 6)  0.750
 874 Q   0.04369 0.13636 0.20426 0.23186 0.19724 0.18660 ( 4)  0.398
 875 E   0.00673 0.07158 0.18095 0.27594 0.26863 0.19617 ( 4)  0.445
 876 P   0.38252 0.28116 0.18577 0.10398 0.03799 0.00857 ( 1)  0.121
 877 K   0.00000 0.00027 0.00525 0.03697 0.16425 0.79325 ( 6)  0.886
 878 R   0.00000 0.00010 0.00327 0.03239 0.17793 0.78632 ( 6)  0.884
 879 V   0.00000 0.00000 0.00015 0.00323 0.04431 0.95231 ( 6)  0.975
 880 D   0.00000 0.00002 0.00090 0.01106 0.08779 0.90023 ( 6)  0.947
 881 S   0.00000 0.00000 0.00000 0.00001 0.00144 0.99855 ( 6)  0.999
 882 Y   0.00000 0.00000 0.00004 0.00107 0.02067 0.97822 ( 6)  0.989
 883 V   0.00000 0.00022 0.00435 0.03187 0.15053 0.81303 ( 6)  0.897
 884 Q   0.00000 0.00000 0.00007 0.00176 0.02912 0.96904 ( 6)  0.984
 885 K   0.51557 0.29194 0.13656 0.04767 0.00793 0.00032 ( 1)  0.077
 886 A   0.00001 0.00223 0.02192 0.09330 0.25108 0.63146 ( 6)  0.786
 887 L   0.00000 0.00005 0.00113 0.01027 0.07041 0.91814 ( 6)  0.956
 888 V   0.00000 0.00000 0.00002 0.00066 0.01503 0.98429 ( 6)  0.992
 889 K   0.00172 0.05598 0.20744 0.35211 0.29057 0.09218 ( 4)  0.377
 890 S   0.00009 0.00435 0.02555 0.08183 0.19686 0.69133 ( 6)  0.817
 891 R   0.00788 0.08158 0.19907 0.28943 0.26056 0.16150 ( 4)  0.415
 892 N   0.00007 0.00679 0.05301 0.17899 0.34192 0.41922 ( 6)  0.650
 893 S   0.00010 0.00442 0.02599 0.08317 0.19934 0.68698 ( 6)  0.814
 894 A   0.00018 0.00841 0.04935 0.14881 0.29318 0.50007 ( 6)  0.697
 895 E   0.00109 0.03864 0.15935 0.31237 0.32517 0.16337 ( 5)  0.444
 896 Q   0.00000 0.00010 0.00217 0.01781 0.10226 0.87766 ( 6)  0.934
 897 K   0.00002 0.00318 0.02960 0.11691 0.27995 0.57033 ( 6)  0.748
 898 E   0.01813 0.15792 0.30566 0.32219 0.16736 0.02875 ( 4)  0.270
 899 V   0.00000 0.00001 0.00047 0.00640 0.06001 0.93311 ( 6)  0.965
 900 E   0.50313 0.29322 0.14218 0.05190 0.00918 0.00039 ( 1)  0.080
 901 M   0.00000 0.00000 0.00006 0.00208 0.03988 0.95798 ( 6)  0.978
 902 P   0.00007 0.00339 0.02057 0.06873 0.17744 0.72979 ( 6)  0.841
 903 S   0.05324 0.16017 0.22841 0.24219 0.18343 0.13256 ( 4)  0.346
 904 A   0.00000 0.00004 0.00091 0.00854 0.06211 0.92840 ( 6)  0.962
 905 E   0.42455 0.28953 0.17323 0.08466 0.02465 0.00337 ( 1)  0.103
 906 S   0.44555 0.29229 0.16590 0.07521 0.01918 0.00187 ( 1)  0.096
 907 P   0.04232 0.13280 0.20038 0.22976 0.19884 0.19590 ( 4)  0.407
 908 A   0.00026 0.01108 0.05763 0.15568 0.27991 0.49544 ( 6)  0.689
 909 S   0.32390 0.26055 0.19436 0.12893 0.06323 0.02903 ( 1)  0.159
 910 I   0.00000 0.00046 0.00544 0.02959 0.12161 0.84289 ( 6)  0.913
 911 E   0.40220 0.28572 0.18042 0.09489 0.03121 0.00556 ( 1)  0.112
 912 T   0.00000 0.00047 0.00860 0.05587 0.21490 0.72016 ( 6)  0.844
 913 I   0.00006 0.00828 0.06749 0.22056 0.37721 0.32640 ( 5)  0.589
 914 R   0.50493 0.29311 0.14138 0.05124 0.00896 0.00037 ( 1)  0.079
 915 C   0.00000 0.00008 0.00186 0.01564 0.09383 0.88859 ( 6)  0.940
 916 A   0.00000 0.00005 0.00120 0.01080 0.07290 0.91505 ( 6)  0.954
 917 E   0.11049 0.27198 0.29683 0.21754 0.08804 0.01513 ( 3)  0.197
 918 G   0.00007 0.00890 0.07115 0.22705 0.37609 0.31674 ( 5)  0.581
 919 V   0.00000 0.00000 0.00001 0.00045 0.01389 0.98565 ( 6)  0.993
 920 S   0.00332 0.03871 0.11056 0.19994 0.26132 0.38615 ( 6)  0.595
 921 -   0.08367 0.22536 0.27744 0.24036 0.12954 0.04362 ( 3)  0.245
 922 G   0.00060 0.02323 0.10724 0.24529 0.33046 0.29318 ( 5)  0.547
 923 D   0.00000 0.00041 0.00759 0.05055 0.20253 0.73892 ( 6)  0.855
 924 V   0.00000 0.00057 0.00654 0.03451 0.13460 0.82377 ( 6)  0.901
 925 S   0.00559 0.06108 0.16012 0.25682 0.27259 0.24381 ( 5)  0.485
 926 P   0.00026 0.01094 0.05715 0.15520 0.28054 0.49590 ( 6)  0.690
 927 E   0.00743 0.07781 0.19249 0.28502 0.26415 0.17310 ( 4)  0.425
 928 H   0.00000 0.00000 0.00009 0.00174 0.02685 0.97132 ( 6)  0.985
 929 G   0.00000 0.00001 0.00046 0.00629 0.05930 0.93393 ( 6)  0.965
 930 S   0.00000 0.00000 0.00002 0.00056 0.01308 0.98634 ( 6)  0.993
 931 S   0.01164 0.11254 0.25008 0.31862 0.22754 0.07957 ( 4)  0.336
 932 E   0.47331 0.29360 0.15481 0.06354 0.01377 0.00096 ( 1)  0.087
 933 R   0.01125 0.10901 0.24350 0.31371 0.23084 0.09169 ( 4)  0.347
 934 L   0.05027 0.15287 0.22117 0.23936 0.18790 0.14844 ( 4)  0.362
 935 L   0.00000 0.00036 0.00434 0.02450 0.10734 0.86346 ( 6)  0.924
 936 S   0.00000 0.00001 0.00037 0.00528 0.05288 0.94147 ( 6)  0.969
 937 L   0.32039 0.25901 0.19451 0.13024 0.06491 0.03095 ( 1)  0.162
 938 Q   0.00227 0.02754 0.08313 0.16230 0.24169 0.48308 ( 6)  0.666
 939 D   0.00724 0.07613 0.18943 0.28274 0.26550 0.17897 ( 4)  0.430
 940 S   0.00315 0.03691 0.10627 0.19434 0.25891 0.40041 ( 6)  0.606
 941 I   0.00000 0.00005 0.00177 0.01939 0.12687 0.85192 ( 6)  0.921
 942 P   0.00024 0.01029 0.05432 0.14954 0.27628 0.50933 ( 6)  0.699
 943 D   0.00003 0.00454 0.04068 0.15120 0.32213 0.48142 ( 6)  0.692
 944 R   0.00000 0.00000 0.00000 0.00000 0.00071 0.99929 ( 6)  1.000
 945 E   0.50215 0.29326 0.14260 0.05226 0.00931 0.00041 ( 1)  0.080
 946 M   0.00002 0.00321 0.02987 0.11783 0.28197 0.56709 ( 6)  0.746
 947 L   0.00272 0.03236 0.09501 0.17870 0.25036 0.44086 ( 6)  0.635
 948 N   0.44061 0.29171 0.16767 0.07742 0.02041 0.00218 ( 1)  0.097
 949 S   0.00017 0.00757 0.04164 0.12141 0.24779 0.58141 ( 6)  0.747
 950 E   0.00564 0.06157 0.16114 0.25787 0.27258 0.24119 ( 5)  0.483
 951 K   0.00000 0.00200 0.02971 0.14685 0.35988 0.46155 ( 6)  0.687
 952 G   0.00001 0.00148 0.01627 0.07745 0.23622 0.66858 ( 6)  0.811
 953 S   0.00012 0.00528 0.03022 0.09344 0.21215 0.65880 ( 6)  0.796
 954 S   0.04709 0.14508 0.21353 0.23652 0.19285 0.16492 ( 4)  0.378
 955 P   0.02999 0.09901 0.15996 0.20182 0.20618 0.30304 ( 6)  0.499
 956 N   0.00000 0.00000 0.00000 0.00004 0.00428 0.99568 ( 6)  0.998
 957 N   0.00108 0.03811 0.15780 0.31091 0.32616 0.16594 ( 5)  0.447
 958 F   0.00215 0.02629 0.07994 0.15766 0.23876 0.49521 ( 6)  0.675
 959 C   0.00000 0.00001 0.00036 0.00507 0.05141 0.94315 ( 6)  0.970
 960 P   0.00017 0.00762 0.04188 0.12199 0.24853 0.57981 ( 6)  0.746
 961 Q   0.00592 0.06416 0.16630 0.26261 0.27158 0.22944 ( 5)  0.473
 962 N   0.01479 0.13485 0.27797 0.32111 0.19747 0.05381 ( 4)  0.303
 963 K   0.00050 0.01946 0.09244 0.22032 0.31999 0.34730 ( 6)  0.586
 964 S   0.01373 0.12785 0.27052 0.32266 0.20702 0.05821 ( 4)  0.310
 965 M   0.00000 0.00000 0.00012 0.00264 0.03877 0.95847 ( 6)  0.978
 966 E   0.00000 0.00001 0.00056 0.00746 0.06696 0.92501 ( 6)  0.960
 967 S   0.00000 0.00000 0.00022 0.00435 0.05465 0.94078 ( 6)  0.969
 968 L   0.00000 0.00000 0.00002 0.00049 0.01282 0.98668 ( 6)  0.993
 969 D   0.00000 0.00000 0.00000 0.00001 0.00159 0.99840 ( 6)  0.999
 970 G   0.00060 0.02326 0.10743 0.24583 0.33113 0.29175 ( 5)  0.547
 971 R   0.00000 0.00059 0.01049 0.06528 0.23464 0.68900 ( 6)  0.826
 972 K   0.14844 0.32297 0.29948 0.17585 0.04937 0.00389 ( 2)  0.160
 973 S   0.10077 0.25684 0.29313 0.22784 0.10101 0.02041 ( 3)  0.209
 974 F   0.05012 0.15272 0.22142 0.24011 0.18861 0.14702 ( 4)  0.361
 975 S   0.34413 0.26862 0.19251 0.12083 0.05395 0.01996 ( 1)  0.144
 976 P   0.00472 0.05283 0.14289 0.23926 0.27299 0.28732 ( 6)  0.520
 977 V   0.00015 0.00669 0.03735 0.11128 0.23596 0.60857 ( 6)  0.764
 978 L   0.04953 0.15081 0.21869 0.23767 0.18848 0.15482 ( 4)  0.367
 979 T   0.00023 0.00967 0.05135 0.14282 0.26916 0.52678 ( 6)  0.711
 980 E   0.00075 0.02811 0.12470 0.27021 0.33288 0.24335 ( 5)  0.509
 981 E   0.00001 0.00173 0.01759 0.07811 0.22611 0.67645 ( 6)  0.814
 982 S   0.00294 0.03480 0.10131 0.18809 0.25670 0.41616 ( 6)  0.617
 983 L   0.03329 0.10835 0.17168 0.21082 0.20554 0.27032 ( 6)  0.472
 984 L   0.03162 0.10367 0.16589 0.20652 0.20611 0.28620 ( 6)  0.485
 985 S   0.00039 0.01564 0.07752 0.19555 0.31075 0.40016 ( 6)  0.625
 986 L   0.00280 0.03321 0.09715 0.18175 0.25221 0.43289 ( 6)  0.629
 987 T   0.00014 0.00605 0.03409 0.10307 0.22487 0.63178 ( 6)  0.779
 988 T   0.01003 0.09969 0.23018 0.30955 0.24303 0.10753 ( 4)  0.365
 989 F   0.00000 0.00001 0.00031 0.00450 0.04725 0.94793 ( 6)  0.973
 990 K   0.15171 0.32687 0.29906 0.17227 0.04672 0.00338 ( 2)  0.158
 991 T   0.00000 0.00013 0.00277 0.02183 0.11699 0.85828 ( 6)  0.923
 992 V   0.00000 0.00021 0.00262 0.01603 0.08058 0.90057 ( 6)  0.946
 993 S   0.00000 0.00039 0.00729 0.04892 0.19847 0.74493 ( 6)  0.859
 994 G   0.08493 0.22834 0.28004 0.24070 0.12702 0.03898 ( 3)  0.240
 995 K   0.52071 0.29149 0.13428 0.04589 0.00736 0.00027 ( 1)  0.076
 996 N   0.00002 0.00303 0.02858 0.11466 0.28001 0.57369 ( 6)  0.750
 997 S   0.00000 0.00013 0.00269 0.02130 0.11537 0.86051 ( 6)  0.924
 998 K   0.00018 0.00826 0.04653 0.13718 0.27319 0.53467 ( 6)  0.718
 999 G   0.09907 0.25388 0.29196 0.22940 0.10368 0.02200 ( 3)  0.212
1000 T   0.00000 0.00047 0.00546 0.02969 0.12189 0.84249 ( 6)  0.912
1001 A   0.00000 0.00029 0.00556 0.03909 0.17195 0.78311 ( 6)  0.880
1002 E   0.00000 0.00005 0.00116 0.01048 0.07130 0.91702 ( 6)  0.956
1003 E   0.00141 0.04784 0.18694 0.33980 0.31032 0.11370 ( 4)  0.401
1004 A   0.00050 0.01956 0.09301 0.22188 0.32182 0.34323 ( 6)  0.584
1005 C   0.00000 0.00000 0.00005 0.00116 0.02185 0.97694 ( 6)  0.988
1006 D   0.00004 0.00619 0.05255 0.18252 0.34908 0.40962 ( 6)  0.644
1007 E   0.13760 0.31063 0.30171 0.18781 0.05727 0.00498 ( 2)  0.168
1008 D   0.00043 0.01769 0.08808 0.21980 0.33149 0.34250 ( 6)  0.586
1009 S   0.00011 0.00486 0.02815 0.08850 0.20619 0.67220 ( 6)  0.805
1010 S   0.10799 0.26873 0.29700 0.22067 0.09047 0.01514 ( 3)  0.199
1011 F   0.05472 0.16359 0.23139 0.24274 0.18078 0.12679 ( 4)  0.340
1012 Q   0.00024 0.01108 0.06245 0.17725 0.31445 0.43453 ( 6)  0.653
1013 C   0.00000 0.00000 0.00000 0.00008 0.00476 0.99516 ( 6)  0.998
1014 C   0.00000 0.00003 0.00076 0.00737 0.05610 0.93573 ( 6)  0.966
1015 F   0.00001 0.00096 0.01044 0.05095 0.17348 0.76416 ( 6)  0.867
1016 S   0.00297 0.03505 0.10174 0.18825 0.25597 0.41602 ( 6)  0.617
1017 D   0.00698 0.07390 0.18550 0.28003 0.26761 0.18596 ( 4)  0.437
1018 T   0.00000 0.00076 0.01292 0.07636 0.25395 0.65600 ( 6)  0.806
1019 F   0.00000 0.00000 0.00000 0.00009 0.00523 0.99468 ( 6)  0.997
1020 S   0.00268 0.03205 0.09457 0.17884 0.25191 0.43994 ( 6)  0.635
1021 V   0.00000 0.00000 0.00003 0.00077 0.01690 0.98230 ( 6)  0.991
1022 K   0.13891 0.31203 0.30129 0.18632 0.05646 0.00499 ( 2)  0.167
1023 G   0.01017 0.10092 0.23237 0.31113 0.24200 0.10341 ( 4)  0.361
1024 K   0.13212 0.30252 0.30033 0.19382 0.06391 0.00731 ( 2)  0.174
1025 L   0.00000 0.00038 0.00458 0.02554 0.10985 0.85964 ( 6)  0.922
1026 Q   0.00022 0.00936 0.04991 0.13960 0.26581 0.53510 ( 6)  0.716
1027 D   0.00064 0.02442 0.11177 0.25248 0.33257 0.27812 ( 5)  0.536
1028 I   0.00000 0.00006 0.00131 0.01162 0.07663 0.91039 ( 6)  0.952
1029 T   0.00484 0.05390 0.14501 0.24116 0.27245 0.28264 ( 6)  0.516
1030 K   0.01944 0.16562 0.31195 0.31809 0.15829 0.02660 ( 4)  0.264
1031 P   0.00007 0.00327 0.01991 0.06692 0.17454 0.73529 ( 6)  0.845
1032 I   0.00000 0.00004 0.00101 0.00937 0.06607 0.92350 ( 6)  0.959
1033 P   0.00000 0.00038 0.00452 0.02520 0.10850 0.86139 ( 6)  0.923
1034 K   0.00000 0.00001 0.00071 0.01166 0.10481 0.88281 ( 6)  0.938
1035 N   0.00000 0.00001 0.00038 0.00690 0.07507 0.91765 ( 6)  0.957
1036 K   0.00130 0.04439 0.17552 0.32589 0.31309 0.13982 ( 4)  0.422
1037 E   0.08900 0.23573 0.28351 0.23743 0.12023 0.03410 ( 3)  0.232
1038 S   0.00000 0.00038 0.00460 0.02571 0.11076 0.85854 ( 6)  0.922
1039 P   0.00509 0.05641 0.15057 0.24753 0.27361 0.26679 ( 5)  0.504
1040 L   0.00000 0.00002 0.00042 0.00447 0.03974 0.95536 ( 6)  0.976
1041 C   0.04274 0.13390 0.20158 0.23042 0.19836 0.19301 ( 4)  0.404
1042 A   0.00000 0.00000 0.00001 0.00029 0.00976 0.98995 ( 6)  0.995
1043 S   0.28000 0.23879 0.19270 0.14267 0.08461 0.06124 ( 1)  0.203
1044 S   0.44691 0.29245 0.16540 0.07460 0.01884 0.00179 ( 1)  0.095
1045 R   0.00852 0.08727 0.20977 0.29811 0.25679 0.13954 ( 4)  0.395
1046 S   0.01151 0.11149 0.24842 0.31783 0.22881 0.08193 ( 4)  0.338
1047 R   0.00145 0.04862 0.18802 0.33815 0.30659 0.11718 ( 4)  0.402
1048 L   0.00002 0.00343 0.03187 0.12526 0.29462 0.54480 ( 6)  0.732
1049 Q   0.00008 0.00372 0.02227 0.07326 0.18433 0.71634 ( 6)  0.833
1050 P   0.00007 0.00342 0.02068 0.06899 0.17777 0.72908 ( 6)  0.841
1051 W   0.00155 0.01951 0.06181 0.12912 0.21614 0.57187 ( 6)  0.728
1052 T   0.00000 0.00025 0.00493 0.03537 0.16117 0.79828 ( 6)  0.889
1053 K   0.00000 0.00010 0.00313 0.03051 0.16936 0.79690 ( 6)  0.890
1054 E   0.13569 0.30815 0.30173 0.18997 0.05908 0.00538 ( 2)  0.169
1055 P   0.04206 0.13213 0.19959 0.22926 0.19907 0.19789 ( 4)  0.408
1056 Y   0.00000 0.00000 0.00002 0.00062 0.01526 0.98410 ( 6)  0.992
1057 S   0.00000 0.00000 0.00002 0.00060 0.01370 0.98568 ( 6)  0.993
1058 L   0.00134 0.01708 0.05506 0.11789 0.20590 0.60273 ( 6)  0.749
1059 M   0.00000 0.00000 0.00000 0.00020 0.01101 0.98879 ( 6)  0.994
1060 N   0.00002 0.00259 0.02493 0.10275 0.26316 0.60654 ( 6)  0.771
1061 E   0.40288 0.28586 0.18022 0.09458 0.03100 0.00548 ( 1)  0.112
1062 S   0.34442 0.26877 0.19252 0.12072 0.05379 0.01978 ( 1)  0.144
1063 G   0.42578 0.28992 0.17297 0.08406 0.02414 0.00312 ( 1)  0.102
1064 P   0.36727 0.27675 0.18907 0.11090 0.04394 0.01206 ( 1)  0.129
1065 S   0.00000 0.00005 0.00128 0.01187 0.08088 0.90592 ( 6)  0.950
1066 V   0.00000 0.00000 0.00000 0.00012 0.00646 0.99342 ( 6)  0.997
1067 Q   0.00000 0.00007 0.00150 0.01301 0.08269 0.90274 ( 6)  0.948
1068 T   0.00001 0.00091 0.01052 0.05413 0.18931 0.74513 ( 6)  0.856
1069 L   0.00426 0.04824 0.13251 0.22693 0.26990 0.31816 ( 6)  0.544
1070 F   0.00000 0.00020 0.00261 0.01594 0.08015 0.90110 ( 6)  0.946
1071 K   0.52044 0.29149 0.13439 0.04600 0.00740 0.00028 ( 1)  0.076
1072 R   0.32566 0.26103 0.19391 0.12804 0.06250 0.02887 ( 1)  0.159
1073 T   0.00017 0.00743 0.04081 0.11911 0.24470 0.58777 ( 6)  0.751
1074 Y   0.33715 0.26595 0.19329 0.12370 0.05709 0.02281 ( 1)  0.149
1075 H   0.00000 0.00082 0.00904 0.04523 0.16080 0.78411 ( 6)  0.878
1076 S   0.09828 0.25260 0.29156 0.23018 0.10482 0.02256 ( 3)  0.214
1077 S   0.00002 0.00273 0.02614 0.10696 0.26990 0.59424 ( 6)  0.763
1078 T   0.10928 0.27061 0.29725 0.21919 0.08893 0.01473 ( 3)  0.197
1079 E   0.01772 0.15520 0.30275 0.32265 0.17088 0.03081 ( 4)  0.273
1080 S   0.07693 0.21286 0.27116 0.24547 0.14121 0.05236 ( 3)  0.258
1081 S   0.00003 0.00381 0.03482 0.13363 0.30290 0.52481 ( 6)  0.719
1082 S   0.33234 0.26414 0.19388 0.12572 0.05926 0.02468 ( 1)  0.153
1083 D   0.01185 0.11415 0.25251 0.31961 0.22552 0.07636 ( 4)  0.333
1084 E   0.47727 0.29372 0.15321 0.06191 0.01304 0.00084 ( 1)  0.086
1085 A   0.00000 0.00000 0.00007 0.00175 0.02968 0.96850 ( 6)  0.984
1086 E   0.00127 0.04388 0.17529 0.32873 0.31730 0.13353 ( 4)  0.419
1087 I   0.11188 0.27468 0.29828 0.21646 0.08544 0.01326 ( 3)  0.194
1088 K   0.00150 0.05046 0.19432 0.34604 0.30499 0.10269 ( 4)  0.390
1089 K   0.00834 0.08554 0.20599 0.29410 0.25689 0.14914 ( 4)  0.403
1090 K   0.01971 0.16718 0.31323 0.31733 0.15651 0.02604 ( 4)  0.262
1091 G   0.00072 0.02713 0.12156 0.26675 0.33447 0.24937 ( 5)  0.515
1092 R   0.00000 0.00000 0.00003 0.00098 0.02293 0.97607 ( 6)  0.988
1093 R   0.01844 0.15992 0.30768 0.32165 0.16481 0.02750 ( 4)  0.268
1094 R   0.00040 0.01750 0.09169 0.23502 0.34854 0.30685 ( 5)  0.564
1095 K   0.00000 0.00000 0.00000 0.00003 0.00317 0.99681 ( 6)  0.998
1096 S   0.00000 0.00000 0.00008 0.00184 0.03143 0.96665 ( 6)  0.983
1097 L   0.00264 0.03153 0.09288 0.17558 0.24832 0.44906 ( 6)  0.641
1098 Q   0.00000 0.00001 0.00018 0.00251 0.02961 0.96769 ( 6)  0.983
1099 P   0.03696 0.11850 0.18402 0.21966 0.20378 0.23707 ( 6)  0.443
1100 K   0.01816 0.15800 0.30544 0.32173 0.16738 0.02929 ( 4)  0.270
1101 K   0.14050 0.31340 0.30039 0.18458 0.05591 0.00522 ( 2)  0.166
1102 L   0.04519 0.14019 0.20824 0.23370 0.19508 0.17760 ( 4)  0.389
1103 F   0.06796 0.19407 0.25792 0.24769 0.15777 0.07460 ( 3)  0.286
1104 K   0.52199 0.29136 0.13370 0.04545 0.00723 0.00026 ( 1)  0.076
1105 T   0.00000 0.00000 0.00013 0.00294 0.04374 0.95319 ( 6)  0.976
1106 D   0.00000 0.00022 0.00465 0.03582 0.17169 0.78761 ( 6)  0.884
1107 D   0.00083 0.03059 0.13369 0.28334 0.33466 0.21689 ( 5)  0.489
1108 D   0.00000 0.00000 0.00014 0.00243 0.03247 0.96495 ( 6)  0.982
1109 A   0.00000 0.00001 0.00025 0.00375 0.04166 0.95434 ( 6)  0.976
1110 A   0.00520 0.05742 0.15247 0.24901 0.27270 0.26321 ( 5)  0.501
1111 Y   0.00007 0.00342 0.02068 0.06885 0.17714 0.72984 ( 6)  0.841
1112 R   0.13933 0.31281 0.30162 0.18587 0.05571 0.00466 ( 2)  0.166
1113 V   0.00000 0.00000 0.00002 0.00052 0.01295 0.98651 ( 6)  0.993
1114 S   0.00282 0.03350 0.09812 0.18372 0.25446 0.42738 ( 6)  0.626
1115 E   0.01406 0.13112 0.27676 0.32647 0.20214 0.04946 ( 4)  0.302
1116 S   0.00853 0.08738 0.20993 0.29817 0.25662 0.13937 ( 4)  0.395
1117 I   0.00000 0.00000 0.00000 0.00014 0.00691 0.99295 ( 6)  0.996
1118 S   0.04266 0.13367 0.20129 0.23021 0.19839 0.19379 ( 4)  0.405
1119 T   0.00001 0.00104 0.01117 0.05375 0.17892 0.75512 ( 6)  0.861
1120 Q   0.00000 0.00000 0.00000 0.00016 0.00785 0.99199 ( 6)  0.996
1121 S   0.33116 0.26365 0.19396 0.12618 0.05980 0.02524 ( 1)  0.153
1122 V   0.00053 0.02079 0.09793 0.23039 0.32585 0.32451 ( 5)  0.570
1123 N   0.01461 0.13413 0.27856 0.32374 0.19865 0.05032 ( 4)  0.301
1124 D   0.00998 0.09929 0.22959 0.30934 0.24359 0.10821 ( 4)  0.365
1125 L   0.00000 0.00001 0.00021 0.00261 0.02881 0.96836 ( 6)  0.983
1126 S   0.00009 0.00423 0.02500 0.08055 0.19551 0.69462 ( 6)  0.819
1127 L   0.03298 0.10737 0.17026 0.20944 0.20512 0.27482 ( 6)  0.475
1128 D   0.10219 0.25916 0.29389 0.22644 0.09895 0.01938 ( 3)  0.207
1129 G   0.00001 0.00091 0.00989 0.04852 0.16732 0.77336 ( 6)  0.872
1130 D   0.00000 0.00063 0.01102 0.06793 0.24024 0.68017 ( 6)  0.821
1131 F   0.00000 0.00052 0.00602 0.03215 0.12826 0.83305 ( 6)  0.907
1132 W   0.29423 0.24643 0.19409 0.13889 0.07764 0.04872 ( 1)  0.187
1133 G   0.00000 0.00008 0.00258 0.02642 0.15436 0.81656 ( 6)  0.901
1134 P   0.04140 0.13042 0.19776 0.22833 0.19992 0.20217 ( 4)  0.412
1135 D   0.00001 0.00136 0.01424 0.06574 0.20361 0.71504 ( 6)  0.837
1136 C   0.06026 0.17682 0.24376 0.24646 0.17171 0.10099 ( 4)  0.314
1137 S   0.34557 0.26915 0.19233 0.12023 0.05331 0.01940 ( 1)  0.143
1138 T   0.00431 0.04877 0.13379 0.22863 0.27066 0.31384 ( 6)  0.540
1139 I   0.00362 0.04168 0.11727 0.20794 0.26338 0.36611 ( 6)  0.580
1140 S   0.00002 0.00369 0.03399 0.13182 0.30272 0.52775 ( 6)  0.722
1141 I   0.00097 0.03479 0.14658 0.29647 0.32719 0.19400 ( 5)  0.469
1142 C   0.37369 0.27865 0.18773 0.10800 0.04140 0.01053 ( 1)  0.126
1143 Q   0.00245 0.02950 0.08812 0.16958 0.24631 0.46404 ( 6)  0.652
1144 Q   0.00679 0.07190 0.18072 0.27408 0.26611 0.20039 ( 4)  0.448
1145 L   0.03278 0.10693 0.16997 0.20962 0.20584 0.27486 ( 6)  0.476
1146 Q   0.00399 0.04552 0.12620 0.21912 0.26732 0.33784 ( 6)  0.559
1147 K   0.00007 0.00868 0.06934 0.22160 0.37030 0.33001 ( 5)  0.590
1148 E   0.50582 0.29309 0.14100 0.05090 0.00883 0.00036 ( 1)  0.079
1149 F   0.00500 0.05548 0.14851 0.24516 0.27314 0.27271 ( 5)  0.508
1150 T   0.00403 0.04593 0.12738 0.22103 0.26874 0.33289 ( 6)  0.555
1151 K   0.00045 0.01793 0.08654 0.21079 0.31688 0.36741 ( 6)  0.601
1152 K   0.14944 0.32429 0.29951 0.17473 0.04838 0.00364 ( 2)  0.159
1153 I   0.38992 0.28263 0.18352 0.10052 0.03563 0.00778 ( 1)  0.118
1154 E   0.00529 0.05825 0.15429 0.25104 0.27300 0.25814 ( 5)  0.497
1155 N   0.08198 0.22293 0.27742 0.24303 0.13203 0.04260 ( 3)  0.245
1156 R   0.31422 0.25622 0.19466 0.13246 0.06787 0.03457 ( 1)  0.168
1157 S   0.32340 0.26018 0.19419 0.12899 0.06352 0.02971 ( 1)  0.160
1158 R   0.00000 0.00037 0.00438 0.02451 0.10644 0.86430 ( 6)  0.925
1159 K   0.14860 0.32343 0.29979 0.17563 0.04887 0.00368 ( 2)  0.160
1160 M   0.01593 0.14370 0.29095 0.32555 0.18579 0.03808 ( 4)  0.285
1161 D   0.10426 0.26267 0.29515 0.22445 0.09581 0.01767 ( 3)  0.204
1162 N   0.00002 0.00294 0.02788 0.11272 0.27830 0.57815 ( 6)  0.753
1163 F   0.38039 0.28052 0.18620 0.10494 0.03884 0.00910 ( 1)  0.122
1164 N   0.00040 0.01621 0.07955 0.19825 0.31003 0.39557 ( 6)  0.621
1165 K   0.43292 0.29062 0.17030 0.08090 0.02248 0.00279 ( 1)  0.100
1166 Q   0.39261 0.28352 0.18304 0.09931 0.03449 0.00702 ( 1)  0.116
1167 T   0.06750 0.19281 0.25648 0.24694 0.15851 0.07776 ( 3)  0.288
1168 L   0.31499 0.25617 0.19410 0.13180 0.06759 0.03534 ( 1)  0.168
1169 K   0.00006 0.00855 0.06844 0.21942 0.36915 0.33438 ( 5)  0.593
1170 A   0.00000 0.00000 0.00004 0.00106 0.02048 0.97842 ( 6)  0.989
1171 A   0.03501 0.11315 0.17761 0.21523 0.20498 0.25402 ( 6)  0.458
1172 H   0.08057 0.22006 0.27553 0.24357 0.13462 0.04564 ( 3)  0.249
1173 E   0.00000 0.00039 0.00465 0.02584 0.11049 0.85863 ( 6)  0.922
1174 H   0.41942 0.28904 0.17517 0.08694 0.02584 0.00359 ( 1)  0.105
1175 L   0.29228 0.24519 0.19361 0.13917 0.07859 0.05116 ( 1)  0.190
1176 A   0.00000 0.00003 0.00111 0.01313 0.09819 0.88755 ( 6)  0.940
1177 T   0.00061 0.02351 0.10808 0.24602 0.32950 0.29228 ( 5)  0.546
1178 V   0.01591 0.14351 0.29071 0.32551 0.18603 0.03832 ( 4)  0.286
1179 S   0.00004 0.00515 0.04526 0.16439 0.33715 0.44803 ( 6)  0.670
1180 Y   0.00000 0.00054 0.00618 0.03287 0.13015 0.83025 ( 6)  0.905
1181 Q   0.34355 0.26851 0.19271 0.12114 0.05415 0.01995 ( 1)  0.144
1182 L   0.00228 0.02772 0.08359 0.16299 0.24215 0.48127 ( 6)  0.665
1183 H   0.00033 0.01367 0.06910 0.17921 0.29926 0.43842 ( 6)  0.651
1184 E   0.50259 0.29324 0.14241 0.05210 0.00925 0.00040 ( 1)  0.080
1185 C   0.00008 0.00362 0.02177 0.07198 0.18255 0.72000 ( 6)  0.835
1186 R   0.41440 0.28812 0.17674 0.08926 0.02737 0.00412 ( 1)  0.107
1187 I   0.00000 0.00000 0.00023 0.00344 0.03913 0.95721 ( 6)  0.978
1188 R   0.00002 0.00240 0.02333 0.09761 0.25607 0.62057 ( 6)  0.780
1189 Q   0.32137 0.25945 0.19449 0.12989 0.06444 0.03035 ( 1)  0.162
1190 L   0.26252 0.22862 0.18979 0.14622 0.09298 0.07988 ( 1)  0.225
1191 D   0.00670 0.07144 0.18094 0.27647 0.26946 0.19498 ( 4)  0.445
1192 K   0.00008 0.01066 0.08176 0.24739 0.37833 0.28178 ( 5)  0.555
1193 F   0.37815 0.27988 0.18670 0.10596 0.03971 0.00960 ( 1)  0.123
1194 H   0.08472 0.22811 0.28018 0.24113 0.12724 0.03862 ( 3)  0.240
1195 F   0.00001 0.00104 0.01117 0.05384 0.17962 0.75432 ( 6)  0.861
1196 T   0.00000 0.00007 0.00147 0.01284 0.08209 0.90354 ( 6)  0.948
1197 L   0.03303 0.10843 0.17323 0.21409 0.20857 0.26265 ( 6)  0.467
1198 T   0.00000 0.00000 0.00022 0.00338 0.03873 0.95766 ( 6)  0.978
1199 E   0.07272 0.20401 0.26487 0.24643 0.14898 0.06300 ( 3)  0.271
1200 E   0.12156 0.28878 0.30039 0.20576 0.07399 0.00952 ( 3)  0.183
1201 L   0.00288 0.03415 0.09972 0.18589 0.25553 0.42182 ( 6)  0.622
1202 E   0.40707 0.28657 0.17886 0.09264 0.02976 0.00508 ( 1)  0.110
1203 K   0.01605 0.14413 0.29055 0.32403 0.18533 0.03992 ( 4)  0.287
1204 F   0.38077 0.28063 0.18613 0.10477 0.03869 0.00901 ( 1)  0.122
1205 E   0.45997 0.29321 0.16025 0.06904 0.01619 0.00133 ( 1)  0.091
1206 K   0.13197 0.30248 0.30055 0.19402 0.06383 0.00715 ( 2)  0.174
1207 D   0.44952 0.29269 0.16442 0.07346 0.01824 0.00167 ( 1)  0.094
1208 S   0.33125 0.26369 0.19396 0.12614 0.05976 0.02520 ( 1)  0.153
1209 Q   0.04257 0.13343 0.20101 0.23003 0.19847 0.19450 ( 4)  0.405
1210 S   0.03425 0.11101 0.17496 0.21325 0.20521 0.26133 ( 6)  0.464
1211 L   0.26799 0.23177 0.19064 0.14506 0.09034 0.07420 ( 1)  0.218
1212 K   0.13907 0.31159 0.30044 0.18615 0.05722 0.00554 ( 2)  0.168
1213 I   0.00889 0.09007 0.21355 0.29861 0.25218 0.13670 ( 4)  0.391
1214 M   0.01634 0.14648 0.29420 0.32544 0.18203 0.03550 ( 4)  0.282
1215 E   0.49896 0.29341 0.14399 0.05346 0.00974 0.00045 ( 1)  0.081
1216 K   0.52338 0.29124 0.13308 0.04497 0.00708 0.00025 ( 1)  0.075
1217 E   0.50582 0.29309 0.14100 0.05090 0.00883 0.00036 ( 1)  0.079
1218 F   0.04995 0.15229 0.22098 0.23992 0.18887 0.14799 ( 4)  0.362
1219 S   0.00000 0.00000 0.00001 0.00038 0.00992 0.98969 ( 6)  0.995
1220 T   0.00000 0.00001 0.00026 0.00385 0.04211 0.95377 ( 6)  0.976
1221 F   0.06808 0.19434 0.25815 0.24772 0.15755 0.07416 ( 3)  0.285
1222 W   0.29423 0.24643 0.19409 0.13889 0.07764 0.04872 ( 1)  0.187
1223 K   0.52338 0.29124 0.13308 0.04497 0.00708 0.00025 ( 1)  0.075
1224 K   0.50220 0.29277 0.14242 0.05252 0.00961 0.00049 ( 1)  0.080
1225 H   0.00039 0.01572 0.07781 0.19590 0.31054 0.39964 ( 6)  0.624
1226 S   0.00000 0.00000 0.00011 0.00245 0.03644 0.96100 ( 6)  0.980
1227 H   0.00035 0.01423 0.07153 0.18406 0.30300 0.42683 ( 6)  0.643
1228 T   0.37840 0.27992 0.18662 0.10584 0.03964 0.00959 ( 1)  0.123
1229 F   0.00001 0.00092 0.01007 0.04939 0.16990 0.76970 ( 6)  0.870
1230 S   0.10567 0.26504 0.29600 0.22310 0.09367 0.01651 ( 3)  0.202
1231 T   0.00835 0.08569 0.20641 0.29468 0.25698 0.14789 ( 4)  0.402
1232 Y   0.00008 0.00374 0.02239 0.07353 0.18457 0.71569 ( 6)  0.832
1233 M   0.00000 0.00096 0.01602 0.09263 0.29124 0.59915 ( 6)  0.773
1234 K   0.14740 0.32178 0.29968 0.17698 0.05013 0.00403 ( 2)  0.161
1235 N   0.12708 0.29671 0.30142 0.19965 0.06764 0.00750 ( 3)  0.177
1236 E   0.40220 0.28572 0.18042 0.09489 0.03121 0.00556 ( 1)  0.112
1237 Q   0.06025 0.17648 0.24292 0.24541 0.17140 0.10353 ( 4)  0.316
1238 Q   0.32258 0.25996 0.19441 0.12942 0.06387 0.02976 ( 1)  0.161
1239 R   0.49134 0.29364 0.14728 0.05636 0.01082 0.00056 ( 1)  0.083
1240 I   0.00000 0.00045 0.00556 0.03140 0.13153 0.83105 ( 6)  0.906
1241 Q   0.00236 0.02851 0.08564 0.16603 0.24420 0.47327 ( 6)  0.659
1242 I   0.00000 0.00012 0.00247 0.01980 0.10953 0.86808 ( 6)  0.928
1243 L   0.32779 0.26223 0.19418 0.12747 0.06139 0.02693 ( 1)  0.156
1244 K   0.52338 0.29124 0.13308 0.04497 0.00708 0.00025 ( 1)  0.075
1245 T   0.00028 0.01180 0.06088 0.16259 0.28601 0.47844 ( 6)  0.678
1246 S   0.04895 0.14957 0.21784 0.23794 0.18982 0.15588 ( 4)  0.369
1247 F   0.38217 0.28106 0.18584 0.10414 0.03813 0.00866 ( 1)  0.121
1248 E   0.50511 0.29313 0.14131 0.05116 0.00892 0.00037 ( 1)  0.079
1249 K   0.10239 0.25869 0.29248 0.22537 0.09966 0.02141 ( 3)  0.209
1250 N   0.01122 0.10909 0.24457 0.31583 0.23156 0.08774 ( 4)  0.344
1251 I   0.34809 0.27016 0.19210 0.11921 0.05215 0.01829 ( 1)  0.141
1252 Y   0.00000 0.00033 0.00399 0.02282 0.10217 0.87069 ( 6)  0.929
1253 H   0.00000 0.00020 0.00399 0.02965 0.14365 0.82252 ( 6)  0.903
1254 S   0.00000 0.00008 0.00182 0.01537 0.09263 0.89010 ( 6)  0.941
1255 V   0.00375 0.04314 0.12112 0.21371 0.26715 0.35113 ( 6)  0.569
1256 D   0.00032 0.01313 0.06664 0.17394 0.29448 0.45149 ( 6)  0.660
1257 Y   0.00000 0.00009 0.00199 0.01654 0.09696 0.88442 ( 6)  0.938
1258 E   0.48715 0.29376 0.14908 0.05797 0.01142 0.00063 ( 1)  0.084
1259 E   0.50348 0.29321 0.14202 0.05177 0.00913 0.00039 ( 1)  0.080
1260 D   0.00000 0.00036 0.00683 0.04635 0.19187 0.75459 ( 6)  0.864
1261 V   0.00024 0.00999 0.05279 0.14568 0.27129 0.52001 ( 6)  0.706
1262 F   0.38217 0.28106 0.18584 0.10414 0.03813 0.00866 ( 1)  0.121
1263 T   0.06690 0.19165 0.25584 0.24737 0.15967 0.07856 ( 3)  0.290
1264 S   0.05195 0.15706 0.22541 0.24115 0.18544 0.13899 ( 4)  0.353
1265 E   0.00619 0.06668 0.17151 0.26784 0.27132 0.21647 ( 5)  0.463
1266 M   0.12051 0.28772 0.30088 0.20709 0.07455 0.00925 ( 3)  0.184
1267 H   0.08732 0.23305 0.28288 0.23941 0.12269 0.03465 ( 3)  0.234
1268 L   0.26380 0.22942 0.19008 0.14604 0.09238 0.07828 ( 1)  0.223
1269 L   0.00090 0.03326 0.14434 0.30051 0.33815 0.18283 ( 5)  0.464
1270 K   0.52338 0.29124 0.13308 0.04497 0.00708 0.00025 ( 1)  0.075
1271 E   0.50287 0.29324 0.14229 0.05199 0.00921 0.00040 ( 1)  0.080
1272 D   0.00697 0.07383 0.18538 0.27999 0.26773 0.18610 ( 4)  0.437
1273 I   0.00000 0.00013 0.00424 0.04027 0.20527 0.75009 ( 6)  0.864
1274 K   0.14867 0.32340 0.29964 0.17557 0.04897 0.00375 ( 2)  0.160
1275 G   0.06012 0.18737 0.26679 0.26574 0.16364 0.05635 ( 3)  0.276
1276 L   0.00000 0.00027 0.00318 0.01853 0.08820 0.88982 ( 6)  0.939
1277 Q   0.07310 0.20479 0.26539 0.24629 0.14827 0.06216 ( 3)  0.270
1278 E   0.07849 0.21585 0.27280 0.24443 0.13843 0.05001 ( 3)  0.255
1279 K   0.51781 0.29175 0.13557 0.04689 0.00768 0.00030 ( 1)  0.077
1280 F   0.00004 0.00194 0.01367 0.05311 0.16159 0.76965 ( 6)  0.867
1281 L   0.32913 0.26278 0.19407 0.12694 0.06077 0.02631 ( 1)  0.155
1282 K   0.52244 0.29132 0.13350 0.04530 0.00718 0.00026 ( 1)  0.075
1283 E   0.50582 0.29309 0.14100 0.05090 0.00883 0.00036 ( 1)  0.079
1284 M   0.49457 0.29389 0.14601 0.05494 0.01014 0.00046 ( 1)  0.082
1285 Q   0.39730 0.28468 0.18183 0.09715 0.03282 0.00622 ( 1)  0.114
1286 E   0.13715 0.31000 0.30165 0.18832 0.05777 0.00512 ( 2)  0.168
1287 E   0.40429 0.28612 0.17978 0.09392 0.03056 0.00532 ( 1)  0.111
1288 E   0.45053 0.29247 0.16386 0.07313 0.01826 0.00176 ( 1)  0.094
1289 L   0.26608 0.23076 0.19049 0.14560 0.09130 0.07577 ( 1)  0.220
1290 C   0.00000 0.00008 0.00183 0.01542 0.09268 0.88999 ( 6)  0.941
1291 N   0.47949 0.29376 0.15229 0.06101 0.01266 0.00079 ( 1)  0.086
1292 V   0.36039 0.27449 0.19028 0.11394 0.04682 0.01409 ( 1)  0.133
1293 R   0.29475 0.24672 0.19415 0.13876 0.07739 0.04824 ( 1)  0.187
1294 R   0.12917 0.29938 0.30133 0.19726 0.06573 0.00714 ( 3)  0.176
1295 G   0.43680 0.29140 0.16913 0.07909 0.02125 0.00234 ( 1)  0.098
1296 L   0.29154 0.24486 0.19363 0.13944 0.07895 0.05158 ( 1)  0.191
1297 Q   0.32799 0.26214 0.19393 0.12726 0.06137 0.02732 ( 1)  0.156
1298 T   0.00000 0.00006 0.00145 0.01344 0.08883 0.89621 ( 6)  0.944
1299 L   0.03802 0.12102 0.18627 0.21998 0.20135 0.23336 ( 6)  0.439
1300 F   0.38217 0.28106 0.18584 0.10414 0.03813 0.00866 ( 1)  0.121
1301 Q   0.00426 0.04824 0.13258 0.22719 0.27030 0.31743 ( 6)  0.543

Positively selected sites

	Prob(w>1)  mean w



lnL = -30508.262860

