

TREE # 1

  0  0.0000  33302.283473  x:  0.04479   0.06026   0.07482   0.06397   0.02150   0.03009   0.10934   0.04470   0.03879   0.03594   0.04376   0.06358   0.03267   0.07337   0.07204   0.10979   0.01575   0.08478   0.03883   0.10595   0.07095   0.07039   0.06007   0.07185   0.10027   0.04512   0.04786   0.02418   0.09557   0.01501   0.09412   0.02290   0.07384   0.02139   0.04288   0.05040   0.09398   0.07645   0.05586   0.08433   0.04726   0.08854   0.05092   0.09993   0.08875   0.05061   0.06825   0.01300   0.05184   2.00000   0.90000   0.50322   1.83747  
  1 99.0000  31136.816708  x:  0.04487   0.11218   0.10830   0.03536   0.09530   0.08668   0.06395   0.27618   0.15626   0.07636   0.22467   0.03576   0.12959   0.08260   0.16108   0.09186   0.05172   0.10024   0.00257   0.08692   0.04206   0.05663   0.04274   0.13911   0.05837   0.21848   0.02258   0.01274   0.08969   0.34174   0.11758   0.15063   0.07957   0.35449   0.07864   0.00000   0.05666   0.07222   0.01435   0.06089   0.00847   0.07459   0.04691   0.09434   0.05026   0.01898   0.04255   0.14862   0.07465   2.00593   0.88480   0.50422   1.83713  
  2 17732.1444  30950.510345  x:  0.04612   0.11619   0.11644   0.01620   0.09191   0.09078   0.03774   0.28610   0.15132   0.06759   0.23235   0.01829   0.13061   0.08432   0.17488   0.08637   0.04625   0.10921   0.01582   0.08471   0.03882   0.05780   0.04573   0.15194   0.03243   0.22752   0.00000   0.00226   0.08819   0.33797   0.12577   0.14651   0.08142   0.35427   0.08294   0.00000   0.04280   0.07661   0.00904   0.05647   0.02044   0.07456   0.05327   0.09843   0.03746   0.02638   0.03610   0.13491   0.07708   2.00934   0.86402   0.51699   1.83429  
  3 3132.6946  30827.319846  x:  0.04699   0.11916   0.12352   0.00000   0.08903   0.09555   0.01275   0.29444   0.14514   0.05886   0.23845   0.00426   0.13095   0.08589   0.18566   0.08248   0.04145   0.11483   0.00408   0.08307   0.03676   0.05860   0.04722   0.16200   0.00788   0.23510   0.00000   0.00429   0.08882   0.33258   0.13246   0.14208   0.08279   0.35207   0.08588   0.00000   0.03332   0.07976   0.01090   0.05371   0.01423   0.07443   0.05570   0.10151   0.03010   0.02535   0.03291   0.12153   0.07883   2.01285   0.84751   0.52726   1.83201  
  4 8465.5892  30798.807660  x:  0.04716   0.12001   0.12567   0.00416   0.08863   0.09752   0.00485   0.29735   0.14289   0.05610   0.24049   0.00189   0.13111   0.08641   0.18876   0.08158   0.04053   0.11627   0.00275   0.08276   0.03650   0.05877   0.04742   0.16499   0.00000   0.23754   0.00000   0.00503   0.08902   0.33089   0.13431   0.14075   0.08311   0.35143   0.08662   0.00000   0.03155   0.08046   0.01149   0.05312   0.01244   0.07440   0.05600   0.10231   0.02926   0.02470   0.03253   0.11740   0.07928   2.01410   0.84299   0.53009   1.83138  
  5 6861.4165  30786.982059  x:  0.04717   0.12043   0.12695   0.00412   0.08872   0.09944   0.00000   0.29968   0.14104   0.05432   0.24199   0.00364   0.13128   0.08680   0.19038   0.08143   0.04067   0.11672   0.00442   0.08281   0.03684   0.05878   0.04719   0.16650   0.00000   0.23920   0.00000   0.00627   0.08926   0.32979   0.13520   0.13998   0.08320   0.35108   0.08685   0.00000   0.03200   0.08055   0.01225   0.05315   0.01097   0.07440   0.05554   0.10261   0.03052   0.02360   0.03311   0.11481   0.07943   2.01512   0.84091   0.53144   1.83108  
  6 3703.0592  30762.626651  x:  0.04690   0.12201   0.13237   0.00374   0.09045   0.11049   0.00000   0.31270   0.13105   0.04488   0.24949   0.01223   0.13226   0.08828   0.19692   0.08203   0.04273   0.11747   0.00000   0.08361   0.03900   0.05866   0.04570   0.17251   0.00000   0.24731   0.00000   0.00567   0.08940   0.32400   0.13839   0.13660   0.08332   0.34938   0.08737   0.00000   0.03809   0.07994   0.01226   0.05445   0.01782   0.07480   0.05305   0.10349   0.03875   0.02230   0.03703   0.10279   0.07980   2.02093   0.83317   0.53670   1.82995  
  7 2788.9617  30733.343195  x:  0.04594   0.12255   0.13684   0.00262   0.09511   0.12891   0.00000   0.33464   0.11464   0.02685   0.25897   0.00000   0.13356   0.08794   0.20088   0.08645   0.04757   0.11320   0.00154   0.08627   0.04218   0.05834   0.04333   0.17572   0.00000   0.25809   0.00000   0.00621   0.09033   0.31496   0.13956   0.13347   0.08306   0.34696   0.08615   0.00000   0.04992   0.07700   0.01071   0.05911   0.02017   0.07612   0.04751   0.10280   0.04689   0.02228   0.04321   0.08928   0.07925   2.03134   0.82988   0.54001   1.82929  
  8 2060.7848  30709.880414  x:  0.04531   0.12183   0.13795   0.00261   0.09898   0.14857   0.00000   0.36138   0.09331   0.00638   0.26753   0.00275   0.13553   0.08644   0.20116   0.09096   0.04905   0.10841   0.00061   0.08871   0.04139   0.05890   0.04528   0.17536   0.00000   0.26750   0.00000   0.00086   0.09058   0.30322   0.13871   0.13189   0.08323   0.34344   0.08475   0.00000   0.05135   0.07554   0.00567   0.06237   0.01244   0.07778   0.04959   0.10150   0.03789   0.02996   0.04132   0.08087   0.07853   2.04520   0.82994   0.54189   1.82896  
  9 1682.9464  30697.711154  x:  0.04523   0.12117   0.13804   0.00311   0.10072   0.16255   0.00000   0.38246   0.07744   0.00228   0.27332   0.00290   0.13705   0.08495   0.20082   0.09324   0.04836   0.10612   0.00073   0.08979   0.03972   0.05936   0.04708   0.17464   0.00000   0.27386   0.00000   0.00594   0.09128   0.29406   0.13800   0.13117   0.08353   0.34068   0.08415   0.00000   0.04908   0.07566   0.01369   0.06369   0.01546   0.07868   0.05285   0.10071   0.02884   0.03257   0.03818   0.07692   0.07828   2.05668   0.83035   0.54321   1.82874  
 10 2115.2683  30687.778291  x:  0.04537   0.12056   0.13851   0.00346   0.10191   0.17746   0.00000   0.40516   0.06097   0.01096   0.27926   0.00166   0.13839   0.08349   0.20088   0.09533   0.04723   0.10423   0.00062   0.09080   0.03835   0.05984   0.04851   0.17433   0.00000   0.28061   0.00000   0.00707   0.09172   0.28256   0.13765   0.12973   0.08391   0.33647   0.08365   0.00000   0.04634   0.07584   0.01470   0.06468   0.01469   0.07950   0.05511   0.10019   0.02241   0.03336   0.03567   0.07179   0.07813   2.06965   0.82974   0.54533   1.82834  
 11 3557.9642  30676.712558  x:  0.04653   0.12020   0.13772   0.00374   0.09983   0.18345   0.00000   0.42034   0.05845   0.01022   0.28133   0.00000   0.13921   0.08251   0.20020   0.09418   0.04339   0.10627   0.00058   0.08986   0.03677   0.06013   0.04910   0.17378   0.00000   0.28325   0.00000   0.00731   0.09151   0.27352   0.13770   0.12947   0.08449   0.33286   0.08444   0.00000   0.03848   0.07776   0.01301   0.06238   0.01500   0.07906   0.05685   0.10080   0.02669   0.02802   0.03344   0.07374   0.07879   2.08052   0.82896   0.54717   1.82796  
 12 982.6143  30676.712558  x:  0.04653   0.12020   0.13772   0.00374   0.09983   0.18345   0.00000   0.42034   0.05845   0.01022   0.28133   0.00000   0.13921   0.08251   0.20020   0.09418   0.04339   0.10627   0.00058   0.08986   0.03677   0.06013   0.04910   0.17378   0.00000   0.28325   0.00000   0.00731   0.09151   0.27352   0.13770   0.12947   0.08449   0.33286   0.08444   0.00000   0.03848   0.07776   0.01301   0.06238   0.01500   0.07906   0.05685   0.10080   0.02669   0.02802   0.03344   0.07374   0.07879   2.08052   0.82896   0.54717   1.82796  
 13 891.5642  30666.291214  x:  0.04681   0.12051   0.13850   0.00190   0.09842   0.18262   0.00000   0.41999   0.05954   0.01036   0.28098   0.00660   0.13889   0.08311   0.20145   0.09306   0.04268   0.10817   0.01276   0.08947   0.03707   0.06025   0.04918   0.17510   0.00000   0.28299   0.00000   0.00652   0.09132   0.27121   0.13872   0.12841   0.08467   0.33097   0.08499   0.00000   0.03697   0.07852   0.01230   0.06138   0.01460   0.07882   0.05707   0.10156   0.02756   0.02755   0.03354   0.07234   0.07911   2.08134   0.82641   0.54878   1.82760  
 14 2646.5287  30650.480911  x:  0.04748   0.12131   0.14045   0.00000   0.09505   0.18058   0.00000   0.41913   0.06200   0.00860   0.28007   0.00641   0.13789   0.08406   0.20456   0.09036   0.04021   0.11217   0.01240   0.08829   0.03713   0.06055   0.04936   0.17841   0.00000   0.28239   0.00000   0.00530   0.09100   0.26548   0.14124   0.12584   0.08515   0.32626   0.08632   0.00000   0.03363   0.08037   0.01120   0.05908   0.01403   0.07829   0.05763   0.10340   0.02931   0.02663   0.03380   0.06907   0.07989   2.08339   0.82001   0.55284   1.82668  
 15 1321.4238  30613.460997  x:  0.05048   0.12513   0.14984   0.01269   0.07925   0.17077   0.00000   0.41493   0.07319   0.00273   0.27568   0.00687   0.13313   0.08858   0.21970   0.07774   0.02914   0.13097   0.01195   0.08285   0.03742   0.06193   0.05018   0.19457   0.00000   0.27950   0.00000   0.00188   0.08971   0.23733   0.15335   0.11347   0.08748   0.30308   0.09259   0.00000   0.01914   0.08893   0.00806   0.04850   0.01250   0.07588   0.06028   0.11214   0.03622   0.02293   0.03502   0.05392   0.08356   2.09359   0.78923   0.57244   1.82227  
 16 12800.2220  30595.129600  x:  0.05180   0.12783   0.15657   0.01417   0.06839   0.16392   0.00000   0.41178   0.07902   0.01789   0.27255   0.00804   0.12996   0.09160   0.23126   0.07104   0.02619   0.14293   0.01004   0.08010   0.03774   0.06282   0.05069   0.20607   0.00000   0.27744   0.00000   0.01082   0.08988   0.21525   0.16200   0.10506   0.08921   0.28459   0.09658   0.00000   0.02110   0.09403   0.01521   0.04397   0.01577   0.07489   0.06190   0.11794   0.03700   0.02369   0.03587   0.04703   0.08589   2.10233   0.76686   0.58699   1.81904  
 17 3169.8580  30575.487878  x:  0.05105   0.13076   0.16333   0.01503   0.06222   0.15698   0.00000   0.40764   0.07959   0.01326   0.26952   0.00279   0.12790   0.09391   0.24539   0.07337   0.03949   0.15109   0.01286   0.08173   0.03882   0.06367   0.05123   0.21822   0.00000   0.27581   0.00000   0.00861   0.08992   0.18656   0.17052   0.09928   0.09136   0.26014   0.09924   0.00000   0.03959   0.09587   0.01514   0.04916   0.01643   0.07638   0.06232   0.12215   0.02885   0.03020   0.03644   0.05554   0.08743   2.11625   0.74215   0.60416   1.81537  
 18 1420.8163  30569.253259  x:  0.04984   0.13210   0.16546   0.01488   0.06580   0.15619   0.00000   0.40599   0.07645   0.01257   0.26924   0.01321   0.12895   0.09467   0.25175   0.07797   0.04256   0.15023   0.00717   0.08483   0.03908   0.06395   0.05155   0.22252   0.00000   0.27602   0.00000   0.01036   0.09100   0.17359   0.17307   0.10071   0.09238   0.24790   0.09914   0.00000   0.03847   0.09406   0.01201   0.05445   0.01481   0.07846   0.06184   0.12181   0.02819   0.02917   0.03596   0.06240   0.08733   2.12595   0.73254   0.61196   1.81386  
 19 909.1681  30563.382709  x:  0.04871   0.13372   0.16663   0.01451   0.07439   0.15793   0.00000   0.40461   0.07135   0.01289   0.27001   0.00786   0.13165   0.09397   0.25819   0.08407   0.04111   0.14514   0.01024   0.08945   0.03943   0.06425   0.05191   0.22569   0.00000   0.27748   0.00000   0.01277   0.09280   0.16144   0.17415   0.10612   0.09335   0.23427   0.09798   0.00000   0.03036   0.09039   0.01569   0.05947   0.01707   0.08131   0.06139   0.11944   0.03213   0.02632   0.03545   0.06742   0.08667   2.14113   0.72436   0.62043   1.81244  
 20 698.0969  30560.787439  x:  0.04972   0.13504   0.16636   0.01467   0.07868   0.16090   0.00000   0.40456   0.07028   0.01680   0.27175   0.00597   0.13440   0.09333   0.26116   0.08533   0.03644   0.13987   0.01111   0.09052   0.03904   0.06442   0.05203   0.22613   0.00000   0.27959   0.00000   0.00949   0.09327   0.15828   0.17315   0.11055   0.09335   0.22703   0.09720   0.00000   0.03141   0.08896   0.01240   0.05742   0.01364   0.08179   0.06165   0.11766   0.03020   0.02927   0.03610   0.06473   0.08643   2.15633   0.72184   0.62575   1.81184  
 21 381.3815  30558.016117  x:  0.05124   0.13678   0.16552   0.01429   0.08099   0.16487   0.00000   0.40494   0.07157   0.01305   0.27479   0.00838   0.13791   0.09285   0.26405   0.08523   0.03340   0.13355   0.01038   0.08996   0.03860   0.06453   0.05206   0.22563   0.00000   0.28307   0.00000   0.00918   0.09369   0.15833   0.17091   0.11512   0.09274   0.21930   0.09650   0.00000   0.03556   0.08890   0.01471   0.05356   0.01866   0.08133   0.06252   0.11601   0.02848   0.02959   0.03672   0.05974   0.08653   2.18238   0.72083   0.63296   1.81130  
 22 496.0580  30553.923285  x:  0.05191   0.13900   0.16413   0.01440   0.07852   0.16983   0.00000   0.40630   0.07450   0.01006   0.27969   0.00761   0.14134   0.09251   0.26713   0.08398   0.03858   0.12836   0.01096   0.08755   0.03909   0.06458   0.05210   0.22397   0.00000   0.28862   0.00000   0.01654   0.09416   0.16290   0.16726   0.11810   0.09146   0.21116   0.09618   0.00000   0.03749   0.09095   0.01358   0.05068   0.01362   0.07964   0.06267   0.11537   0.03138   0.02702   0.03637   0.05723   0.08716   2.23150   0.72194   0.64458   1.81079  
 23 658.9695  30545.203469  x:  0.05045   0.14223   0.16167   0.01503   0.06848   0.17703   0.00000   0.41014   0.07737   0.01607   0.28887   0.00756   0.14428   0.09299   0.27113   0.08023   0.04835   0.12684   0.01003   0.08361   0.04051   0.06456   0.05220   0.22025   0.00000   0.29883   0.00000   0.00792   0.09210   0.17441   0.16111   0.11808   0.08953   0.20214   0.09669   0.00000   0.03101   0.09524   0.01379   0.05422   0.01714   0.07772   0.06235   0.11681   0.03333   0.02670   0.03551   0.06238   0.08846   2.34408   0.72698   0.66887   1.81023  
 24 1215.1365  30536.521634  x:  0.04837   0.14277   0.16188   0.01456   0.06555   0.17771   0.00000   0.41414   0.07238   0.01251   0.29394   0.00679   0.14073   0.09431   0.27144   0.07843   0.03755   0.13686   0.01096   0.08707   0.03949   0.06462   0.05213   0.21800   0.00000   0.30429   0.00000   0.01369   0.09282   0.18241   0.16133   0.11236   0.09105   0.20718   0.09839   0.00000   0.02806   0.09406   0.01450   0.06060   0.01619   0.08071   0.06180   0.12009   0.02438   0.03263   0.03713   0.06825   0.08799   2.46630   0.73366   0.69198   1.81039  
 25 1187.1768  30530.273751  x:  0.04812   0.14135   0.16337   0.01516   0.06956   0.17492   0.00000   0.41709   0.06753   0.01276   0.29445   0.00737   0.13576   0.09493   0.26962   0.08192   0.03096   0.14590   0.01053   0.09161   0.03837   0.06471   0.05209   0.21770   0.00000   0.30462   0.00000   0.01102   0.09345   0.18385   0.16511   0.10748   0.09346   0.21807   0.09959   0.00000   0.03681   0.09064   0.01467   0.06148   0.01507   0.08340   0.06172   0.12189   0.03433   0.02920   0.03670   0.06838   0.08684   2.56251   0.73869   0.70787   1.81104  
 26 1656.7434  30525.918132  x:  0.04989   0.13843   0.16551   0.01503   0.07702   0.16997   0.00000   0.41877   0.06860   0.01465   0.29058   0.00679   0.13228   0.09437   0.26602   0.08787   0.03754   0.14929   0.01040   0.09333   0.03874   0.06488   0.05231   0.21921   0.00000   0.30002   0.00000   0.01024   0.09452   0.17952   0.17080   0.10665   0.09521   0.23151   0.09956   0.00000   0.03505   0.08786   0.01277   0.05613   0.01663   0.08339   0.06217   0.12073   0.02926   0.02427   0.03556   0.06219   0.08617   2.62875   0.74078   0.71566   1.81216  
 27 947.5040  30524.254379  x:  0.05037   0.13638   0.16643   0.01489   0.07965   0.16670   0.00000   0.41904   0.07096   0.01398   0.28692   0.00778   0.13203   0.09386   0.26323   0.08883   0.04028   0.14753   0.00987   0.09215   0.03918   0.06482   0.05228   0.22043   0.00000   0.29573   0.00000   0.01001   0.09465   0.17554   0.17344   0.10804   0.09509   0.23836   0.09881   0.00000   0.03307   0.08817   0.01559   0.05449   0.01539   0.08209   0.06211   0.11927   0.03103   0.03036   0.03591   0.06116   0.08635   2.65628   0.74077   0.71669   1.81311  
 28 665.8009  30522.567440  x:  0.04987   0.13349   0.16703   0.01492   0.07890   0.16216   0.00000   0.41842   0.07389   0.01435   0.28016   0.00716   0.13416   0.09330   0.25846   0.08482   0.03783   0.14070   0.01038   0.08819   0.03941   0.06455   0.05199   0.22236   0.00000   0.28784   0.00000   0.01097   0.09397   0.16922   0.17526   0.11138   0.09316   0.24558   0.09720   0.00000   0.03381   0.09103   0.01321   0.05621   0.01668   0.07980   0.06185   0.11715   0.03123   0.02885   0.03700   0.06487   0.08726   2.68439   0.73866   0.71334   1.81502  
 29 365.6129  30522.221111  x:  0.04969   0.13307   0.16681   0.01485   0.07766   0.16149   0.00000   0.41774   0.07286   0.01414   0.27808   0.00740   0.13484   0.09341   0.25721   0.08382   0.03750   0.13909   0.01029   0.08809   0.03917   0.06447   0.05196   0.22272   0.00000   0.28544   0.00000   0.01008   0.09352   0.16802   0.17472   0.11153   0.09248   0.24604   0.09706   0.00000   0.03390   0.09113   0.01527   0.05664   0.01491   0.08010   0.06178   0.11718   0.03027   0.02746   0.03593   0.06448   0.08709   2.69069   0.73741   0.71042   1.81596  
 30 191.5441  30521.586559  x:  0.04957   0.13278   0.16578   0.01475   0.07434   0.16118   0.00000   0.41534   0.06890   0.01392   0.27335   0.00736   0.13578   0.09371   0.25478   0.08285   0.03826   0.13708   0.01031   0.08939   0.03861   0.06427   0.05190   0.22313   0.00000   0.28005   0.00000   0.01064   0.09271   0.16650   0.17215   0.11032   0.09123   0.24445   0.09725   0.00000   0.03342   0.08977   0.01396   0.05648   0.01587   0.08181   0.06174   0.11807   0.03079   0.02843   0.03414   0.06198   0.08613   2.70308   0.73389   0.70036   1.81884  
 31 197.6304  30520.955461  x:  0.04981   0.13302   0.16450   0.01470   0.07380   0.16232   0.00000   0.41189   0.06935   0.01392   0.26882   0.00746   0.13516   0.09318   0.25313   0.08368   0.03825   0.13798   0.01019   0.09013   0.03901   0.06404   0.05168   0.22303   0.00000   0.27514   0.00000   0.01043   0.09234   0.16577   0.16939   0.10829   0.09134   0.24021   0.09754   0.00000   0.03310   0.08839   0.01429   0.05523   0.01556   0.08157   0.06131   0.11869   0.03078   0.02783   0.03894   0.06218   0.08565   2.71672   0.72949   0.68483   1.82318  
 32 198.6659  30520.273026  x:  0.04915   0.13348   0.16367   0.01465   0.07578   0.16354   0.00000   0.40796   0.07258   0.01397   0.26564   0.00737   0.13323   0.09234   0.25263   0.08465   0.03693   0.14079   0.01019   0.08914   0.03885   0.06389   0.05140   0.22257   0.00000   0.27198   0.00000   0.01041   0.09255   0.16546   0.16812   0.10693   0.09256   0.23495   0.09741   0.00000   0.03326   0.08858   0.01415   0.05475   0.01560   0.07976   0.06112   0.11831   0.03051   0.02799   0.03515   0.06330   0.08579   2.73158   0.72398   0.66511   1.82873  
 33 269.6250  30519.796507  x:  0.04952   0.13361   0.16480   0.01460   0.07675   0.16134   0.00000   0.40565   0.07029   0.01396   0.26784   0.00738   0.13143   0.09288   0.25445   0.08322   0.03764   0.14218   0.01016   0.08705   0.03804   0.06390   0.05169   0.22185   0.00000   0.27494   0.00000   0.01027   0.09278   0.16519   0.17157   0.10865   0.09298   0.23313   0.09669   0.00000   0.03329   0.09062   0.01403   0.05655   0.01555   0.07976   0.06169   0.11656   0.03055   0.02798   0.03607   0.06156   0.08637   2.74248   0.71797   0.64760   1.83395  
 34 126.6512  30519.554509  x:  0.04932   0.13333   0.16575   0.01461   0.07571   0.15957   0.00000   0.40540   0.07079   0.01399   0.27080   0.00735   0.13189   0.09312   0.25602   0.08292   0.03739   0.14126   0.01012   0.08848   0.03993   0.06392   0.05150   0.22166   0.00000   0.27837   0.00000   0.01025   0.09252   0.16489   0.17366   0.10882   0.09200   0.23414   0.09669   0.00000   0.03321   0.08952   0.01411   0.05469   0.01559   0.08047   0.06105   0.11682   0.03058   0.02795   0.03577   0.06271   0.08595   2.74810   0.71281   0.63793   1.83718  
 35 112.3565  30519.472057  x:  0.04940   0.13320   0.16594   0.01462   0.07544   0.15955   0.00000   0.40599   0.07169   0.01403   0.27211   0.00730   0.13262   0.09306   0.25662   0.08352   0.03739   0.14061   0.01018   0.08893   0.03808   0.06389   0.05128   0.22185   0.00000   0.27974   0.00000   0.01028   0.09249   0.16483   0.17368   0.10829   0.09171   0.23540   0.09703   0.00000   0.03314   0.08902   0.01412   0.05501   0.01559   0.08040   0.06125   0.11753   0.03063   0.02796   0.03589   0.06278   0.08587   2.74996   0.70982   0.63477   1.83856  
 36 71.7851  30519.414728  x:  0.04955   0.13318   0.16582   0.01464   0.07577   0.16052   0.00000   0.40729   0.07180   0.01402   0.27303   0.00729   0.13335   0.09303   0.25697   0.08415   0.03731   0.14037   0.01018   0.08881   0.03900   0.06409   0.05206   0.22233   0.00000   0.28050   0.00000   0.01033   0.09270   0.16502   0.17273   0.10782   0.09207   0.23710   0.09743   0.00000   0.03325   0.08940   0.01410   0.05603   0.01559   0.08012   0.06165   0.11822   0.03066   0.02803   0.03595   0.06232   0.08614   2.75124   0.70631   0.63276   1.83998  
 37 45.6818  30519.383242  x:  0.04953   0.13338   0.16571   0.01464   0.07608   0.16152   0.00000   0.40866   0.07123   0.01400   0.27331   0.00729   0.13352   0.09320   0.25705   0.08401   0.03748   0.14076   0.01018   0.08859   0.03896   0.06414   0.05143   0.22278   0.00000   0.28060   0.00000   0.01034   0.09294   0.16550   0.17207   0.10826   0.09262   0.23818   0.09748   0.00000   0.03328   0.08992   0.01416   0.05545   0.01564   0.08039   0.06147   0.11817   0.03067   0.02807   0.03597   0.06279   0.08640   2.75188   0.70371   0.63194   1.84119  
 38 34.7675  30519.372635  x:  0.04957   0.13361   0.16577   0.01466   0.07597   0.16185   0.00000   0.40964   0.07145   0.01399   0.27318   0.00730   0.13337   0.09327   0.25699   0.08379   0.03756   0.14107   0.01017   0.08890   0.03882   0.06415   0.05199   0.22295   0.00000   0.28041   0.00000   0.01035   0.09295   0.16595   0.17219   0.10888   0.09258   0.23832   0.09734   0.00000   0.03333   0.08971   0.01417   0.05549   0.01564   0.08063   0.06154   0.11783   0.03070   0.02807   0.03598   0.06288   0.08629   2.75207   0.70279   0.63182   1.84216  
 39 15.9301  30519.365426  x:  0.04962   0.13378   0.16588   0.01466   0.07588   0.16190   0.00000   0.41063   0.07156   0.01399   0.27299   0.00730   0.13332   0.09327   0.25693   0.08396   0.03753   0.14110   0.01017   0.08905   0.03899   0.06419   0.05150   0.22300   0.00000   0.28021   0.00000   0.01035   0.09293   0.16633   0.17258   0.10907   0.09233   0.23813   0.09732   0.00000   0.03336   0.08959   0.01417   0.05580   0.01564   0.08052   0.06160   0.11778   0.03070   0.02807   0.03599   0.06272   0.08629   2.75217   0.70238   0.63187   1.84352  
 40 12.3776  30519.352025  x:  0.04953   0.13386   0.16607   0.01465   0.07601   0.16172   0.00000   0.41248   0.07120   0.01397   0.27271   0.00730   0.13348   0.09324   0.25686   0.08432   0.03744   0.14082   0.01018   0.08880   0.03888   0.06420   0.05185   0.22295   0.00000   0.27998   0.00000   0.01034   0.09296   0.16665   0.17325   0.10871   0.09212   0.23758   0.09746   0.00000   0.03333   0.08981   0.01418   0.05552   0.01565   0.08034   0.06149   0.11812   0.03068   0.02809   0.03599   0.06289   0.08645   2.75233   0.70215   0.63215   1.84720  
 41 16.7958  30519.323187  x:  0.04958   0.13351   0.16602   0.01464   0.07635   0.16155   0.00000   0.41477   0.07153   0.01394   0.27265   0.00729   0.13380   0.09315   0.25692   0.08348   0.03763   0.14062   0.01018   0.08883   0.03895   0.06405   0.05166   0.22271   0.00000   0.28008   0.00000   0.01033   0.09302   0.16594   0.17316   0.10813   0.09306   0.23705   0.09759   0.00000   0.03332   0.08981   0.01417   0.05563   0.01563   0.08114   0.06177   0.11824   0.03070   0.02807   0.03599   0.06281   0.08618   2.75259   0.70231   0.63324   1.85692  
 42 24.0015  30519.223273  x:  0.04958   0.13285   0.16564   0.01460   0.07544   0.16127   0.00000   0.41779   0.07113   0.01381   0.27304   0.00728   0.13345   0.09324   0.25725   0.08331   0.03756   0.14136   0.01015   0.08915   0.03876   0.06453   0.05170   0.22234   0.00000   0.28080   0.00000   0.01041   0.09274   0.16350   0.17128   0.10844   0.09331   0.23690   0.09713   0.00000   0.03331   0.08926   0.01415   0.05563   0.01567   0.07938   0.06049   0.11736   0.03067   0.02801   0.03593   0.06241   0.08627   2.75336   0.70174   0.63844   1.89237  
 43 69.8535  30518.969540  x:  0.04957   0.13274   0.16516   0.01455   0.07432   0.16125   0.00000   0.41963   0.07080   0.01372   0.27346   0.00723   0.13211   0.09304   0.25787   0.08489   0.03709   0.14212   0.01013   0.08824   0.03890   0.06337   0.05152   0.22225   0.00000   0.28158   0.00000   0.01053   0.09241   0.16118   0.16884   0.10938   0.09080   0.23731   0.09655   0.00000   0.03318   0.08970   0.01418   0.05476   0.01554   0.07999   0.06373   0.11688   0.03060   0.02794   0.03580   0.06295   0.08644   2.75520   0.69823   0.65341   1.98455  
 44 270.3352  30517.747399  x:  0.04972   0.13463   0.16479   0.01432   0.07565   0.16259   0.00000   0.41707   0.07235   0.01368   0.27345   0.00701   0.13059   0.09258   0.25958   0.08524   0.03709   0.14016   0.01005   0.08678   0.03890   0.06383   0.05149   0.22347   0.00000   0.28192   0.00000   0.01032   0.09293   0.16212   0.16783   0.11083   0.08640   0.23930   0.09717   0.00000   0.03327   0.09154   0.01406   0.05623   0.01563   0.08495   0.05803   0.11931   0.03041   0.02786   0.03562   0.06199   0.08560   2.76377   0.67587   0.72837   2.42652  
 45 856.2903  30516.475710  x:  0.04923   0.13580   0.16522   0.01407   0.07584   0.16362   0.00000   0.41186   0.07066   0.01365   0.27332   0.00676   0.13399   0.09374   0.26004   0.08288   0.03780   0.13704   0.00991   0.08972   0.03870   0.06549   0.05127   0.22500   0.00000   0.28129   0.00000   0.01002   0.09331   0.16654   0.17073   0.11141   0.09095   0.24081   0.09801   0.00000   0.03305   0.08983   0.01412   0.05585   0.01559   0.08043   0.06174   0.11992   0.03032   0.02775   0.03537   0.06326   0.08647   2.77261   0.65142   0.80685   2.88520  
 46 2888.1852  30516.398161  x:  0.04992   0.13530   0.16580   0.01408   0.07484   0.16407   0.00000   0.41141   0.07075   0.01365   0.27374   0.00668   0.13622   0.09402   0.25944   0.08411   0.03753   0.13770   0.00990   0.08973   0.03875   0.06416   0.05133   0.22561   0.00000   0.28108   0.00000   0.01003   0.09317   0.16680   0.17139   0.11139   0.09188   0.24074   0.09785   0.00000   0.03306   0.09016   0.01413   0.05596   0.01559   0.08090   0.06127   0.11866   0.03032   0.02774   0.03528   0.06321   0.08702   2.77317   0.65024   0.81151   2.91321  
 47 272.4360  30516.388459  x:  0.04960   0.13498   0.16615   0.01408   0.07479   0.16447   0.00000   0.41134   0.07076   0.01364   0.27408   0.00667   0.13683   0.09394   0.25907   0.08420   0.03754   0.13805   0.00990   0.08963   0.03873   0.06485   0.05131   0.22603   0.00000   0.28098   0.00000   0.01003   0.09319   0.16673   0.17156   0.11135   0.09167   0.24065   0.09772   0.00000   0.03308   0.09023   0.01413   0.05592   0.01559   0.08109   0.06137   0.11849   0.03031   0.02774   0.03532   0.06317   0.08689   2.77325   0.65025   0.81201   2.91663  
 48 36.9636  30516.385424  x:  0.04980   0.13485   0.16643   0.01407   0.07491   0.16479   0.00000   0.41132   0.07068   0.01364   0.27443   0.00667   0.13686   0.09386   0.25874   0.08398   0.03759   0.13813   0.00989   0.08967   0.03873   0.06469   0.05131   0.22644   0.00000   0.28091   0.00000   0.01002   0.09321   0.16664   0.17163   0.11136   0.09145   0.24057   0.09777   0.00000   0.03308   0.09018   0.01413   0.05593   0.01559   0.08094   0.06137   0.11866   0.03031   0.02774   0.03530   0.06322   0.08683   2.77329   0.65034   0.81211   2.91756  
 49  8.9981  30516.383577  x:  0.04957   0.13484   0.16652   0.01407   0.07483   0.16486   0.00000   0.41134   0.07072   0.01363   0.27472   0.00667   0.13659   0.09392   0.25845   0.08405   0.03758   0.13797   0.00990   0.08970   0.03873   0.06461   0.05131   0.22675   0.00000   0.28084   0.00000   0.01002   0.09318   0.16661   0.17164   0.11142   0.09162   0.24049   0.09777   0.00000   0.03308   0.09017   0.01413   0.05594   0.01559   0.08097   0.06135   0.11874   0.03031   0.02774   0.03532   0.06317   0.08696   2.77332   0.65039   0.81214   2.91788  
 50  3.2289  30516.380176  x:  0.04994   0.13500   0.16644   0.01406   0.07475   0.16470   0.00000   0.41135   0.07074   0.01364   0.27502   0.00667   0.13635   0.09399   0.25814   0.08418   0.03754   0.13780   0.00990   0.08965   0.03872   0.06488   0.05132   0.22703   0.00000   0.28076   0.00000   0.01003   0.09316   0.16664   0.17157   0.11135   0.09178   0.24040   0.09784   0.00000   0.03306   0.09022   0.01413   0.05593   0.01559   0.08104   0.06137   0.11863   0.03031   0.02774   0.03528   0.06326   0.08688   2.77340   0.65041   0.81219   2.91813  
 51  2.8248  30516.348430  x:  0.04945   0.13573   0.16532   0.01401   0.07533   0.16328   0.00000   0.41141   0.07074   0.01364   0.27616   0.00664   0.13660   0.09388   0.25710   0.08398   0.03758   0.13798   0.00988   0.08951   0.03874   0.06444   0.05130   0.22764   0.00000   0.28048   0.00000   0.00999   0.09334   0.16698   0.17114   0.11072   0.09145   0.23995   0.09761   0.00000   0.03306   0.09020   0.01411   0.05592   0.01559   0.08081   0.06133   0.11783   0.03031   0.02774   0.03535   0.06315   0.08616   2.77414   0.65008   0.81269   2.91950  
 52  3.7153  30516.151973  x:  0.04998   0.13636   0.16285   0.01380   0.07654   0.16093   0.00000   0.41143   0.07109   0.01357   0.27792   0.00651   0.13809   0.09342   0.25527   0.08332   0.03783   0.13941   0.00971   0.09008   0.03872   0.06504   0.05135   0.22699   0.00000   0.28005   0.00000   0.00998   0.09279   0.16725   0.17052   0.11198   0.09080   0.23867   0.09761   0.00000   0.03297   0.08965   0.01407   0.05591   0.01558   0.08141   0.06144   0.11933   0.03036   0.02773   0.03527   0.06308   0.08982   2.77892   0.65049   0.81468   2.92744  
 53 13.0318  30514.170480  x:  0.04942   0.13486   0.15988   0.01168   0.07575   0.16120   0.00000   0.41087   0.07188   0.01204   0.28239   0.00522   0.13955   0.09499   0.25093   0.08533   0.03741   0.14140   0.00847   0.08882   0.03889   0.06418   0.05158   0.21680   0.00000   0.28080   0.00000   0.00927   0.09271   0.16812   0.17064   0.11891   0.09391   0.23174   0.09867   0.00000   0.03161   0.09228   0.01363   0.05519   0.01569   0.07947   0.06174   0.12606   0.03057   0.02753   0.03574   0.06241   0.08211   2.82620   0.65629   0.83370   3.00494  
 54 81.1977  30511.188147  x:  0.04930   0.13452   0.16386   0.00818   0.07621   0.16838   0.00000   0.41015   0.07171   0.00938   0.28368   0.00371   0.13515   0.09236   0.25235   0.08245   0.03742   0.13675   0.00672   0.08692   0.03896   0.06373   0.05170   0.20888   0.00000   0.28497   0.00000   0.00793   0.09338   0.17181   0.16945   0.11041   0.09209   0.22406   0.09710   0.00000   0.02946   0.08927   0.01309   0.05457   0.01572   0.07903   0.06178   0.11608   0.03093   0.02731   0.03601   0.06150   0.08652   2.89655   0.66569   0.86175   3.12012  
 55 519.7899  30510.864559  x:  0.04934   0.13552   0.16338   0.00772   0.07696   0.16763   0.00000   0.41041   0.07167   0.00918   0.28084   0.00354   0.13614   0.09214   0.25654   0.08247   0.03740   0.13650   0.00649   0.08845   0.03884   0.06370   0.05173   0.21563   0.00000   0.28731   0.00000   0.00801   0.09090   0.17391   0.16805   0.11083   0.09246   0.22383   0.09596   0.00000   0.02924   0.09097   0.01300   0.05446   0.01575   0.07860   0.06188   0.11647   0.03092   0.02731   0.03608   0.06144   0.08603   2.90453   0.66945   0.86381   3.13326  
 56 95.6925  30510.829999  x:  0.04927   0.13547   0.16296   0.00766   0.07665   0.16740   0.00000   0.41046   0.07163   0.00915   0.28026   0.00352   0.13638   0.09224   0.25721   0.08252   0.03737   0.13656   0.00648   0.08749   0.03891   0.06368   0.05172   0.21700   0.00000   0.28779   0.00000   0.00788   0.09221   0.17426   0.16794   0.11127   0.09263   0.22382   0.09634   0.00000   0.02923   0.08987   0.01301   0.05451   0.01574   0.07864   0.06187   0.11668   0.03093   0.02730   0.03607   0.06147   0.08604   2.90539   0.67004   0.86396   3.13469  
 57 32.7413  30510.829119  x:  0.04925   0.13530   0.16274   0.00766   0.07663   0.16745   0.00000   0.41046   0.07163   0.00915   0.28018   0.00352   0.13634   0.09223   0.25715   0.08252   0.03737   0.13654   0.00647   0.08762   0.03891   0.06369   0.05172   0.21707   0.00000   0.28791   0.00000   0.00787   0.09231   0.17424   0.16802   0.11128   0.09257   0.22379   0.09656   0.00000   0.02923   0.08998   0.01301   0.05451   0.01574   0.07863   0.06187   0.11659   0.03093   0.02730   0.03607   0.06147   0.08606   2.90541   0.67003   0.86397   3.13475  
 58  3.0567  30510.828172  x:  0.04927   0.13519   0.16251   0.00766   0.07664   0.16756   0.00000   0.41045   0.07162   0.00914   0.28003   0.00352   0.13629   0.09224   0.25697   0.08252   0.03737   0.13655   0.00647   0.08749   0.03891   0.06368   0.05172   0.21712   0.00000   0.28814   0.00000   0.00789   0.09211   0.17421   0.16816   0.11123   0.09257   0.22377   0.09649   0.00000   0.02923   0.08988   0.01301   0.05451   0.01573   0.07864   0.06186   0.11659   0.03093   0.02730   0.03607   0.06147   0.08604   2.90541   0.66996   0.86402   3.13488  
 59  1.3121  30510.823091  x:  0.04934   0.13549   0.16253   0.00764   0.07657   0.16761   0.00000   0.41044   0.07163   0.00915   0.27955   0.00353   0.13630   0.09216   0.25634   0.08253   0.03738   0.13656   0.00646   0.08766   0.03890   0.06369   0.05172   0.21714   0.00000   0.28885   0.00000   0.00785   0.09250   0.17406   0.16821   0.11114   0.09260   0.22374   0.09599   0.00000   0.02923   0.09004   0.01300   0.05450   0.01573   0.07864   0.06187   0.11675   0.03093   0.02730   0.03607   0.06147   0.08607   2.90545   0.66985   0.86416   3.13577  
 60  1.7302  30510.790019  x:  0.04901   0.13647   0.16385   0.00756   0.07691   0.16720   0.00000   0.41046   0.07170   0.00916   0.27842   0.00355   0.13656   0.09247   0.25495   0.08252   0.03743   0.13676   0.00640   0.08751   0.03892   0.06371   0.05173   0.21712   0.00000   0.29031   0.00000   0.00789   0.09204   0.17388   0.16757   0.11144   0.09253   0.22374   0.09747   0.00000   0.02927   0.08993   0.01298   0.05452   0.01572   0.07868   0.06188   0.11650   0.03093   0.02730   0.03608   0.06148   0.08608   2.90566   0.66937   0.86503   3.14175  
 61  6.8074  30509.966118  x:  0.04992   0.12931   0.16782   0.00537   0.07732   0.16331   0.00000   0.41203   0.07183   0.00899   0.27672   0.00444   0.13442   0.08888   0.25531   0.08318   0.03729   0.13745   0.00505   0.08737   0.03885   0.06378   0.05165   0.21947   0.00000   0.29017   0.00000   0.00766   0.09209   0.17578   0.16452   0.11213   0.09237   0.22503   0.09664   0.00000   0.02971   0.09031   0.01243   0.05453   0.01527   0.07953   0.06155   0.11698   0.03093   0.02728   0.03600   0.06147   0.08591   2.91082   0.65795   0.88633   3.28724  
 62 33.9759  30509.295215  x:  0.05007   0.13146   0.16631   0.00357   0.07798   0.16546   0.00000   0.41358   0.07270   0.00877   0.27709   0.00470   0.13449   0.09569   0.25751   0.08311   0.03744   0.13790   0.00399   0.08786   0.03879   0.06403   0.05165   0.22124   0.00000   0.28789   0.00000   0.00753   0.09281   0.17323   0.16601   0.11108   0.09034   0.22855   0.09639   0.00000   0.03008   0.09096   0.01199   0.05454   0.01495   0.07990   0.06154   0.11719   0.03098   0.02728   0.03597   0.06160   0.08648   2.91517   0.65166   0.90256   3.40742  
 63 562.8754  30509.141107  x:  0.04962   0.13471   0.16496   0.00316   0.07695   0.16699   0.00000   0.41394   0.07234   0.00862   0.27764   0.00496   0.13472   0.09265   0.25834   0.08314   0.03744   0.13815   0.00372   0.08762   0.03878   0.06402   0.05161   0.22163   0.00000   0.28703   0.00000   0.00758   0.09234   0.17158   0.16770   0.11125   0.09080   0.23015   0.09740   0.00000   0.03016   0.09097   0.01190   0.05448   0.01487   0.07996   0.06145   0.11716   0.03099   0.02725   0.03596   0.06157   0.08635   2.91619   0.65070   0.90609   3.43519  
 64 219.6155  30508.511533  x:  0.04985   0.13495   0.16562   0.00176   0.07744   0.16614   0.00000   0.41417   0.07246   0.00967   0.27675   0.00345   0.13463   0.09295   0.25893   0.08338   0.03721   0.13923   0.00526   0.08780   0.03874   0.06415   0.05160   0.22367   0.00000   0.28541   0.00000   0.00810   0.09248   0.16949   0.16952   0.11068   0.09083   0.23358   0.09739   0.00000   0.03047   0.09093   0.01211   0.05472   0.01472   0.08035   0.06144   0.11775   0.03126   0.02717   0.03587   0.06186   0.08647   2.88604   0.64998   0.90451   3.41798  
 65  0.0429  30508.349322  x:  0.04990   0.13546   0.16548   0.00228   0.07733   0.16577   0.00000   0.41311   0.07262   0.00994   0.27690   0.00424   0.13498   0.09312   0.25930   0.08310   0.03728   0.13999   0.00570   0.08781   0.03884   0.06415   0.05165   0.22358   0.00000   0.28487   0.00000   0.00827   0.09237   0.16947   0.17081   0.10998   0.09153   0.23323   0.09729   0.00000   0.03069   0.09079   0.01253   0.05472   0.01496   0.08003   0.06165   0.11799   0.03147   0.02722   0.03591   0.06184   0.08657   2.86120   0.65653   0.88681   3.28018  
 66  0.1842  30508.303902  x:  0.04988   0.13516   0.16558   0.00182   0.07746   0.16555   0.00000   0.41261   0.07266   0.00980   0.27701   0.00435   0.13503   0.09312   0.25902   0.08295   0.03721   0.14009   0.00570   0.08780   0.03887   0.06412   0.05167   0.22323   0.00000   0.28525   0.00000   0.00824   0.09234   0.16999   0.17052   0.11003   0.09176   0.23177   0.09730   0.00000   0.03051   0.09081   0.01262   0.05462   0.01510   0.07982   0.06172   0.11805   0.03152   0.02722   0.03595   0.06167   0.08654   2.85708   0.65894   0.87944   3.21994  
 67  0.0794  30508.271488  x:  0.04981   0.13538   0.16557   0.00190   0.07730   0.16594   0.00000   0.41256   0.07279   0.00977   0.27733   0.00420   0.13512   0.09315   0.25927   0.08284   0.03702   0.14015   0.00590   0.08782   0.03886   0.06416   0.05171   0.22339   0.00000   0.28565   0.00000   0.00814   0.09239   0.17018   0.17024   0.11038   0.09181   0.23057   0.09761   0.00000   0.03021   0.09107   0.01248   0.05448   0.01515   0.07976   0.06177   0.11817   0.03161   0.02717   0.03600   0.06143   0.08663   2.85809   0.65968   0.86425   3.11406  
 68  0.0811  30508.263512  x:  0.04988   0.13541   0.16574   0.00185   0.07730   0.16606   0.00000   0.41274   0.07283   0.00968   0.27721   0.00427   0.13522   0.09323   0.25950   0.08288   0.03705   0.14006   0.00584   0.08786   0.03885   0.06422   0.05170   0.22386   0.00000   0.28548   0.00000   0.00814   0.09243   0.17009   0.17054   0.11031   0.09175   0.23164   0.09760   0.00000   0.03027   0.09108   0.01245   0.05453   0.01501   0.07986   0.06176   0.11812   0.03160   0.02716   0.03598   0.06153   0.08670   2.86095   0.66050   0.85766   3.06787  
 69  0.0354  30508.262945  x:  0.04987   0.13544   0.16572   0.00189   0.07730   0.16605   0.00000   0.41272   0.07278   0.00969   0.27720   0.00425   0.13524   0.09323   0.25946   0.08293   0.03709   0.14008   0.00578   0.08790   0.03885   0.06422   0.05169   0.22388   0.00000   0.28542   0.00000   0.00812   0.09242   0.17009   0.17056   0.11034   0.09177   0.23169   0.09761   0.00000   0.03030   0.09106   0.01246   0.05456   0.01503   0.07987   0.06175   0.11817   0.03159   0.02717   0.03596   0.06158   0.08670   2.86098   0.66052   0.85744   3.06758  
 70  0.0003  30508.262864  x:  0.04987   0.13544   0.16571   0.00188   0.07730   0.16605   0.00000   0.41270   0.07278   0.00970   0.27720   0.00424   0.13524   0.09323   0.25945   0.08292   0.03710   0.14006   0.00577   0.08790   0.03885   0.06422   0.05169   0.22387   0.00000   0.28542   0.00000   0.00814   0.09242   0.17009   0.17054   0.11033   0.09177   0.23164   0.09761   0.00000   0.03030   0.09105   0.01246   0.05456   0.01504   0.07986   0.06176   0.11815   0.03158   0.02717   0.03597   0.06157   0.08669   2.86053   0.66060   0.85681   3.06398  
 71  0.0029  30508.262860  x:  0.04987   0.13544   0.16571   0.00188   0.07730   0.16606   0.00000   0.41270   0.07278   0.00970   0.27720   0.00424   0.13524   0.09323   0.25946   0.08292   0.03710   0.14006   0.00577   0.08790   0.03885   0.06422   0.05170   0.22387   0.00000   0.28542   0.00000   0.00814   0.09242   0.17009   0.17054   0.11033   0.09176   0.23165   0.09761   0.00000   0.03030   0.09106   0.01246   0.05456   0.01504   0.07986   0.06176   0.11815   0.03158   0.02717   0.03597   0.06157   0.08670   2.86050   0.66060   0.85674   3.06378  
 72  0.0002  30508.262860  x:  0.04987   0.13544   0.16571   0.00188   0.07730   0.16606   0.00000   0.41270   0.07278   0.00970   0.27720   0.00424   0.13524   0.09323   0.25946   0.08292   0.03710   0.14006   0.00577   0.08790   0.03885   0.06422   0.05170   0.22387   0.00000   0.28542   0.00000   0.00814   0.09242   0.17009   0.17054   0.11033   0.09176   0.23165   0.09761   0.00000   0.03030   0.09106   0.01246   0.05455   0.01504   0.07986   0.06176   0.11815   0.03158   0.02717   0.03597   0.06157   0.08670   2.86051   0.66060   0.85671   3.06378  
 73  0.0000  30508.262860  x:  0.04987   0.13544   0.16571   0.00188   0.07730   0.16606   0.00000   0.41270   0.07278   0.00970   0.27720   0.00424   0.13524   0.09323   0.25946   0.08292   0.03710   0.14006   0.00577   0.08790   0.03885   0.06422   0.05170   0.22387   0.00000   0.28542   0.00000   0.00814   0.09242   0.17009   0.17054   0.11033   0.09176   0.23165   0.09761   0.00000   0.03030   0.09106   0.01246   0.05455   0.01504   0.07986   0.06176   0.11815   0.03158   0.02717   0.03597   0.06157   0.08670   2.86051   0.66060   0.85669   3.06373  
 74  0.0000  30508.262860  x:  0.04987   0.13544   0.16571   0.00188   0.07730   0.16606   0.00000   0.41270   0.07278   0.00970   0.27720   0.00424   0.13524   0.09323   0.25946   0.08292   0.03710   0.14006   0.00577   0.08790   0.03885   0.06422   0.05170   0.22387   0.00000   0.28542   0.00000   0.00814   0.09242   0.17009   0.17054   0.11033   0.09176   0.23165   0.09761   0.00000   0.03030   0.09106   0.01246   0.05455   0.01504   0.07986   0.06176   0.11815   0.03158   0.02717   0.03597   0.06157   0.08670   2.86051   0.66060   0.85669   3.06372  