Supplemental results for CODEML (seqf: gli3.fasta  treef: gli3_tree.txt)


MLEs of dN/dS (w) for site classes (K=6)

p:   0.14486  0.14486  0.14486  0.14486  0.14486  0.27570
w:   0.00235  0.00612  0.01049  0.01660  0.02885  1.00000

Naive Empirical Bayes (NEB) probabilities for 6 classes & postmean_w
(amino acids refer to 1st sequence: Nothoprocta_perdicaria)

   1 M   0.21406 0.20871 0.20268 0.19455 0.17921 0.00078 ( 1)  0.013
   2 Q   0.20765 0.20430 0.20049 0.19528 0.18524 0.00703 ( 1)  0.019
   3 P   0.20869 0.20505 0.20091 0.19526 0.18442 0.00568 ( 1)  0.018
   4 Q   0.20815 0.20468 0.20073 0.19534 0.18497 0.00612 ( 1)  0.019
   5 G   0.20625 0.20322 0.19978 0.19505 0.18592 0.00978 ( 1)  0.022
   6 G   0.20765 0.20430 0.20049 0.19529 0.18526 0.00701 ( 1)  0.019
   7 Q   0.20952 0.20567 0.20129 0.19532 0.18390 0.00430 ( 1)  0.017
   8 G   0.21034 0.20625 0.20161 0.19530 0.18325 0.00325 ( 1)  0.016
   9 L   0.21040 0.20628 0.20162 0.19527 0.18315 0.00327 ( 1)  0.016
  10 S   0.00039 0.00258 0.00740 0.01793 0.05075 0.92095 ( 6)  0.923
  11 K   0.21052 0.20637 0.20166 0.19525 0.18303 0.00317 ( 1)  0.016
  12 I   0.21154 0.20707 0.20201 0.19513 0.18207 0.00219 ( 1)  0.015
  13 S   0.20982 0.20590 0.20144 0.19538 0.18378 0.00368 ( 1)  0.016
  14 E   0.21170 0.20717 0.20204 0.19509 0.18187 0.00213 ( 1)  0.014
  15 E   0.20979 0.20587 0.20142 0.19535 0.18375 0.00382 ( 1)  0.016
  16 P   0.20662 0.20348 0.19989 0.19499 0.18552 0.00949 ( 1)  0.022
  17 S   0.20981 0.20586 0.20139 0.19529 0.18364 0.00401 ( 1)  0.016
  18 T   0.20893 0.20523 0.20102 0.19528 0.18427 0.00527 ( 1)  0.018
  19 S   0.20632 0.20326 0.19977 0.19500 0.18577 0.00989 ( 1)  0.022
  20 S   0.21113 0.20681 0.20190 0.19524 0.18255 0.00236 ( 1)  0.015
  21 E   0.20979 0.20587 0.20142 0.19535 0.18375 0.00382 ( 1)  0.016
  22 E   0.21185 0.20727 0.20209 0.19506 0.18172 0.00201 ( 1)  0.014
  23 R   0.20963 0.20575 0.20135 0.19534 0.18386 0.00407 ( 1)  0.016
  24 A   0.21074 0.20651 0.20172 0.19521 0.18279 0.00303 ( 1)  0.015
  25 S   0.20762 0.20425 0.20042 0.19517 0.18508 0.00746 ( 1)  0.020
  26 L   0.20170 0.19943 0.19683 0.19326 0.18629 0.02249 ( 1)  0.035
  27 I   0.21203 0.20739 0.20215 0.19505 0.18155 0.00183 ( 1)  0.014
  28 K   0.21051 0.20636 0.20165 0.19525 0.18305 0.00319 ( 1)  0.016
  29 K   0.21090 0.20662 0.20177 0.19518 0.18263 0.00291 ( 1)  0.015
  30 E   0.20979 0.20587 0.20142 0.19535 0.18375 0.00382 ( 1)  0.016
  31 I   0.21154 0.20707 0.20201 0.19513 0.18207 0.00219 ( 1)  0.015
  32 H   0.21040 0.20629 0.20163 0.19529 0.18318 0.00322 ( 1)  0.016
  33 G   0.20907 0.20534 0.20111 0.19534 0.18427 0.00487 ( 1)  0.017
  34 S   0.20631 0.20327 0.19979 0.19504 0.18584 0.00974 ( 1)  0.022
  35 I   0.21358 0.20840 0.20255 0.19465 0.17975 0.00106 ( 1)  0.013
  36 S   0.20632 0.20326 0.19977 0.19500 0.18577 0.00988 ( 1)  0.022
  37 H   0.21368 0.20845 0.20256 0.19460 0.17959 0.00112 ( 1)  0.013
  38 L   0.20631 0.20327 0.19979 0.19504 0.18585 0.00974 ( 1)  0.022
  39 P   0.02918 0.07448 0.12483 0.19156 0.31307 0.26689 ( 5)  0.281
  40 E   0.21185 0.20727 0.20209 0.19506 0.18172 0.00201 ( 1)  0.014
  41 P   0.02212 0.05666 0.09538 0.14725 0.24357 0.43503 ( 6)  0.446
  42 S   0.20745 0.20414 0.20038 0.19523 0.18531 0.00749 ( 1)  0.020
  43 V   0.03019 0.07708 0.12925 0.19846 0.32471 0.24029 ( 5)  0.255
  44 P   0.20678 0.20360 0.19998 0.19503 0.18547 0.00914 ( 1)  0.022
  45 Y   0.20973 0.20581 0.20137 0.19531 0.18373 0.00404 ( 1)  0.016
  46 R   0.20899 0.20527 0.20104 0.19527 0.18422 0.00521 ( 1)  0.018
  47 G   0.20781 0.20442 0.20056 0.19528 0.18512 0.00681 ( 1)  0.019
  48 T   0.20893 0.20523 0.20102 0.19528 0.18427 0.00527 ( 1)  0.018
  49 L   0.20583 0.20258 0.19888 0.19382 0.18413 0.01476 ( 1)  0.027
  50 F   0.20759 0.20429 0.20053 0.19538 0.18547 0.00675 ( 1)  0.019
  51 T   0.20959 0.20569 0.20126 0.19523 0.18369 0.00456 ( 1)  0.017
  52 M   0.21406 0.20871 0.20268 0.19455 0.17921 0.00078 ( 1)  0.013
  53 D   0.21312 0.20810 0.20244 0.19478 0.18030 0.00126 ( 1)  0.014
  54 P   0.21068 0.20645 0.20166 0.19515 0.18274 0.00332 ( 1)  0.016
  55 R   0.20630 0.20323 0.19973 0.19494 0.18569 0.01011 ( 1)  0.023
  56 N   0.21250 0.20769 0.20225 0.19489 0.18095 0.00172 ( 1)  0.014
  57 G   0.20641 0.20335 0.19987 0.19509 0.18587 0.00941 ( 1)  0.022
  58 Y   0.21056 0.20640 0.20168 0.19527 0.18304 0.00305 ( 1)  0.015
  59 M   0.21406 0.20871 0.20268 0.19455 0.17921 0.00078 ( 1)  0.013
  60 D   0.21228 0.20755 0.20221 0.19497 0.18124 0.00175 ( 1)  0.014
  61 P   0.20670 0.20354 0.19994 0.19501 0.18550 0.00932 ( 1)  0.022
  62 H   0.21043 0.20631 0.20164 0.19528 0.18315 0.00320 ( 1)  0.016
  63 Y   0.21056 0.20640 0.20168 0.19527 0.18304 0.00305 ( 1)  0.015
  64 R   0.00006 0.00043 0.00124 0.00305 0.00892 0.98631 ( 6)  0.987
  65 P   0.20781 0.20439 0.20050 0.19519 0.18496 0.00714 ( 1)  0.020
  66 P   0.20669 0.20353 0.19993 0.19500 0.18550 0.00934 ( 1)  0.022
  67 H   0.21368 0.20845 0.20256 0.19460 0.17959 0.00112 ( 1)  0.013
  68 L   0.20874 0.20511 0.20098 0.19534 0.18452 0.00532 ( 1)  0.018
  69 F   0.20850 0.20496 0.20092 0.19541 0.18482 0.00538 ( 1)  0.018
  70 P   0.21046 0.20629 0.20157 0.19516 0.18292 0.00360 ( 1)  0.016
  71 A   0.21039 0.20626 0.20159 0.19524 0.18311 0.00341 ( 1)  0.016
  72 F   0.21107 0.20677 0.20189 0.19527 0.18265 0.00235 ( 1)  0.015
  73 H   0.21368 0.20845 0.20256 0.19460 0.17959 0.00112 ( 1)  0.013
  74 P   0.20662 0.20348 0.19989 0.19499 0.18552 0.00949 ( 1)  0.022
  75 P   0.20662 0.20348 0.19989 0.19499 0.18552 0.00949 ( 1)  0.022
  76 V   0.20955 0.20570 0.20133 0.19537 0.18397 0.00408 ( 1)  0.016
  77 P   0.21013 0.20608 0.20148 0.19523 0.18328 0.00381 ( 1)  0.016
  78 I   0.02632 0.06728 0.11298 0.17382 0.28554 0.33407 ( 6)  0.347
  79 D   0.20982 0.20590 0.20144 0.19538 0.18378 0.00369 ( 1)  0.016
  80 A   0.20863 0.20503 0.20093 0.19533 0.18458 0.00550 ( 1)  0.018
  81 R   0.21042 0.20629 0.20160 0.19522 0.18306 0.00340 ( 1)  0.016
  82 H   0.21040 0.20629 0.20163 0.19529 0.18318 0.00322 ( 1)  0.016
  83 H   0.21043 0.20631 0.20164 0.19528 0.18315 0.00319 ( 1)  0.016
  84 E   0.20980 0.20588 0.20142 0.19535 0.18374 0.00381 ( 1)  0.016
  85 G   0.20907 0.20534 0.20111 0.19534 0.18427 0.00487 ( 1)  0.017
  86 R   0.21031 0.20622 0.20158 0.19527 0.18321 0.00342 ( 1)  0.016
  87 Y   0.21056 0.20640 0.20168 0.19527 0.18304 0.00305 ( 1)  0.015
  88 H   0.21040 0.20629 0.20163 0.19529 0.18318 0.00322 ( 1)  0.016
  89 Y   0.20921 0.20544 0.20117 0.19534 0.18417 0.00468 ( 1)  0.017
  90 E   0.21179 0.20723 0.20207 0.19507 0.18178 0.00207 ( 1)  0.014
  91 P   0.21049 0.20631 0.20159 0.19516 0.18290 0.00356 ( 1)  0.016
  92 S   0.20631 0.20327 0.19979 0.19504 0.18584 0.00974 ( 1)  0.022
  93 P   0.21068 0.20645 0.20166 0.19515 0.18274 0.00332 ( 1)  0.016
  94 I   0.20784 0.20446 0.20060 0.19533 0.18519 0.00658 ( 1)  0.019
  95 P   0.20662 0.20348 0.19989 0.19499 0.18552 0.00949 ( 1)  0.022
  96 P   0.20662 0.20348 0.19989 0.19499 0.18552 0.00949 ( 1)  0.022
  97 L   0.20370 0.20113 0.19820 0.19416 0.18633 0.01648 ( 1)  0.029
  98 H   0.21042 0.20630 0.20163 0.19528 0.18316 0.00321 ( 1)  0.016
  99 V   0.20716 0.20394 0.20027 0.19525 0.18557 0.00781 ( 1)  0.020
 100 P   0.20662 0.20348 0.19989 0.19499 0.18552 0.00949 ( 1)  0.022
 101 S   0.20631 0.20327 0.19979 0.19504 0.18584 0.00974 ( 1)  0.022
 102 A   0.20991 0.20595 0.20144 0.19531 0.18359 0.00380 ( 1)  0.016
 103 L   0.20170 0.19943 0.19683 0.19326 0.18629 0.02249 ( 1)  0.035
 104 S   0.20661 0.20348 0.19992 0.19504 0.18562 0.00932 ( 1)  0.022
 105 S   0.03020 0.07710 0.12930 0.19855 0.32492 0.23994 ( 5)  0.255
 106 S   0.21319 0.20815 0.20246 0.19476 0.18022 0.00122 ( 1)  0.014
 107 P   0.20996 0.20595 0.20140 0.19521 0.18338 0.00409 ( 1)  0.016
 108 T   0.21065 0.20643 0.20165 0.19515 0.18277 0.00333 ( 1)  0.016
 109 Y   0.21008 0.20606 0.20151 0.19530 0.18345 0.00360 ( 1)  0.016
 110 S   0.20766 0.20428 0.20044 0.19518 0.18506 0.00738 ( 1)  0.020
 111 D   0.03063 0.07816 0.13101 0.20105 0.32859 0.23057 ( 5)  0.245
 112 L   0.20625 0.20322 0.19976 0.19502 0.18586 0.00988 ( 1)  0.022
 113 P   0.20915 0.20537 0.20107 0.19522 0.18400 0.00518 ( 1)  0.018
 114 F   0.21104 0.20675 0.20189 0.19528 0.18267 0.00237 ( 1)  0.015
 115 I   0.02268 0.05809 0.09781 0.15104 0.24995 0.42044 ( 6)  0.432
 116 R   0.21064 0.20644 0.20168 0.19521 0.18287 0.00317 ( 1)  0.016
 117 I   0.20788 0.20448 0.20062 0.19534 0.18517 0.00652 ( 1)  0.019
 118 S   0.21040 0.20628 0.20162 0.19527 0.18315 0.00328 ( 1)  0.016
 119 P   0.20920 0.20541 0.20110 0.19523 0.18398 0.00508 ( 1)  0.017
 120 H   0.21368 0.20845 0.20256 0.19460 0.17959 0.00112 ( 1)  0.013
 121 R   0.20629 0.20323 0.19973 0.19494 0.18569 0.01012 ( 1)  0.023
 122 N   0.21089 0.20663 0.20180 0.19524 0.18274 0.00271 ( 1)  0.015
 123 P   0.02255 0.05775 0.09720 0.15001 0.24802 0.42448 ( 6)  0.436
 124 A   0.20668 0.20355 0.19997 0.19508 0.18564 0.00907 ( 1)  0.021
 125 A   0.21045 0.20631 0.20162 0.19523 0.18305 0.00333 ( 1)  0.016
 126 A   0.00000 0.00000 0.00000 0.00000 0.00003 0.99996 ( 6)  1.000
 127 S   0.20769 0.20430 0.20045 0.19518 0.18505 0.00733 ( 1)  0.020
 128 E   0.21002 0.20603 0.20150 0.19534 0.18355 0.00356 ( 1)  0.016
 129 S   0.20631 0.20327 0.19979 0.19504 0.18584 0.00974 ( 1)  0.022
 130 P   0.21066 0.20644 0.20165 0.19515 0.18276 0.00334 ( 1)  0.016
 131 F   0.21107 0.20677 0.20189 0.19527 0.18265 0.00235 ( 1)  0.015
 132 S   0.21319 0.20815 0.20246 0.19476 0.18022 0.00122 ( 1)  0.014
 133 P   0.00024 0.00162 0.00465 0.01128 0.03206 0.95015 ( 6)  0.951
 134 P   0.20673 0.20356 0.19995 0.19502 0.18549 0.00925 ( 1)  0.022
 135 H   0.21359 0.20839 0.20254 0.19462 0.17969 0.00117 ( 1)  0.013
 136 P   0.20951 0.20563 0.20123 0.19524 0.18377 0.00462 ( 1)  0.017
 137 Y   0.21056 0.20640 0.20168 0.19527 0.18304 0.00305 ( 1)  0.015
 138 I   0.20791 0.20451 0.20063 0.19534 0.18515 0.00647 ( 1)  0.019
 139 N   0.21372 0.20848 0.20257 0.19459 0.17954 0.00110 ( 1)  0.013
 140 P   0.21021 0.20612 0.20148 0.19517 0.18313 0.00388 ( 1)  0.016
 141 Y   0.21056 0.20640 0.20168 0.19527 0.18304 0.00305 ( 1)  0.015
 142 M   0.21406 0.20871 0.20268 0.19455 0.17921 0.00078 ( 1)  0.013
 143 D   0.21319 0.20815 0.20246 0.19476 0.18022 0.00122 ( 1)  0.014
 144 Y   0.20968 0.20578 0.20135 0.19532 0.18377 0.00411 ( 1)  0.017
 145 I   0.21154 0.20707 0.20201 0.19513 0.18207 0.00219 ( 1)  0.015
 146 R   0.20938 0.20556 0.20123 0.19532 0.18401 0.00451 ( 1)  0.017
 147 S   0.21016 0.20611 0.20153 0.19528 0.18335 0.00356 ( 1)  0.016
 148 L   0.20369 0.20112 0.19819 0.19416 0.18633 0.01652 ( 1)  0.029
 149 H   0.21368 0.20845 0.20256 0.19460 0.17959 0.00112 ( 1)  0.013
 150 S   0.21319 0.20815 0.20246 0.19476 0.18022 0.00122 ( 1)  0.014
 151 S   0.21319 0.20815 0.20246 0.19476 0.18022 0.00122 ( 1)  0.014
 152 P   0.20875 0.20508 0.20092 0.19524 0.18435 0.00566 ( 1)  0.018
 153 S   0.21037 0.20627 0.20161 0.19527 0.18317 0.00331 ( 1)  0.016
 154 L   0.20936 0.20554 0.20120 0.19529 0.18398 0.00463 ( 1)  0.017
 155 S   0.21035 0.20625 0.20160 0.19527 0.18320 0.00334 ( 1)  0.016
 156 M   0.21406 0.20871 0.20268 0.19455 0.17921 0.00078 ( 1)  0.013
 157 I   0.21154 0.20707 0.20201 0.19513 0.18207 0.00219 ( 1)  0.015
 158 S   0.20678 0.20361 0.20000 0.19506 0.18553 0.00903 ( 1)  0.021
 159 A   0.21056 0.20639 0.20166 0.19523 0.18296 0.00321 ( 1)  0.016
 160 A   0.21073 0.20651 0.20172 0.19521 0.18280 0.00304 ( 1)  0.015
 161 R   0.20796 0.20452 0.20061 0.19528 0.18501 0.00662 ( 1)  0.019
 162 G   0.20879 0.20515 0.20101 0.19536 0.18451 0.00519 ( 1)  0.018
 163 L   0.21040 0.20628 0.20162 0.19527 0.18315 0.00327 ( 1)  0.016
 164 S   0.21319 0.20815 0.20246 0.19476 0.18022 0.00122 ( 1)  0.014
 165 P   0.21041 0.20626 0.20156 0.19516 0.18296 0.00365 ( 1)  0.016
 166 T   0.21073 0.20649 0.20168 0.19515 0.18270 0.00325 ( 1)  0.016
 167 D   0.21319 0.20815 0.20246 0.19476 0.18022 0.00122 ( 1)  0.014
 168 A   0.20668 0.20355 0.19997 0.19508 0.18564 0.00907 ( 1)  0.021
 169 P   0.21047 0.20630 0.20158 0.19516 0.18291 0.00358 ( 1)  0.016
 170 H   0.21166 0.20712 0.20199 0.19503 0.18181 0.00239 ( 1)  0.015
 171 A   0.20673 0.20358 0.20000 0.19509 0.18563 0.00897 ( 1)  0.021
 172 G   0.21032 0.20624 0.20160 0.19530 0.18326 0.00327 ( 1)  0.016
 173 V   0.20986 0.20592 0.20145 0.19536 0.18371 0.00369 ( 1)  0.016
 174 S   0.21069 0.20649 0.20173 0.19525 0.18290 0.00294 ( 1)  0.015
 175 P   0.21049 0.20632 0.20159 0.19516 0.18290 0.00356 ( 1)  0.016
 176 A   0.20668 0.20355 0.19997 0.19508 0.18564 0.00907 ( 1)  0.021
 177 E   0.21183 0.20726 0.20208 0.19507 0.18173 0.00203 ( 1)  0.014
 178 Y   0.20648 0.20341 0.19990 0.19510 0.18582 0.00929 ( 1)  0.022
 179 Y   0.20763 0.20427 0.20046 0.19524 0.18520 0.00720 ( 1)  0.020
 180 H   0.21040 0.20629 0.20163 0.19529 0.18318 0.00322 ( 1)  0.016
 181 Q   0.20765 0.20430 0.20049 0.19528 0.18524 0.00703 ( 1)  0.019
 182 M   0.21406 0.20871 0.20268 0.19455 0.17921 0.00078 ( 1)  0.013
 183 A   0.20668 0.20355 0.19997 0.19508 0.18564 0.00907 ( 1)  0.021
 184 L   0.20370 0.20113 0.19820 0.19416 0.18633 0.01648 ( 1)  0.029
 185 L   0.20131 0.19911 0.19659 0.19312 0.18635 0.02354 ( 1)  0.036
 186 A   0.21049 0.20634 0.20163 0.19523 0.18302 0.00329 ( 1)  0.016
 187 G   0.21034 0.20625 0.20161 0.19530 0.18325 0.00325 ( 1)  0.016
 188 Q   0.20765 0.20430 0.20049 0.19528 0.18524 0.00703 ( 1)  0.019
 189 R   0.21073 0.20650 0.20171 0.19521 0.18280 0.00306 ( 1)  0.015
 190 S   0.21277 0.20788 0.20235 0.19487 0.18070 0.00142 ( 1)  0.014
 191 P   0.20814 0.20463 0.20064 0.19519 0.18473 0.00666 ( 1)  0.019
 192 Y   0.20819 0.20470 0.20073 0.19531 0.18489 0.00618 ( 1)  0.019
 193 A   0.21056 0.20639 0.20166 0.19523 0.18296 0.00321 ( 1)  0.016
 194 D   0.21319 0.20815 0.20246 0.19476 0.18022 0.00122 ( 1)  0.014
 195 I   0.21154 0.20707 0.20201 0.19513 0.18207 0.00219 ( 1)  0.015
 196 I   0.20800 0.20457 0.20067 0.19535 0.18509 0.00632 ( 1)  0.019
 197 P   0.20662 0.20348 0.19989 0.19499 0.18552 0.00949 ( 1)  0.022
 198 S   0.20767 0.20429 0.20044 0.19518 0.18506 0.00736 ( 1)  0.020
 199 A   0.20668 0.20355 0.19997 0.19508 0.18564 0.00907 ( 1)  0.021
 200 A   0.21074 0.20651 0.20172 0.19521 0.18279 0.00303 ( 1)  0.015
 201 T   0.20699 0.20376 0.20009 0.19507 0.18539 0.00869 ( 1)  0.021
 202 A   0.20966 0.20574 0.20131 0.19526 0.18369 0.00434 ( 1)  0.017
 203 G   0.20907 0.20534 0.20111 0.19534 0.18427 0.00487 ( 1)  0.017
 204 A   0.21034 0.20623 0.20157 0.19524 0.18314 0.00348 ( 1)  0.016
 205 G   0.02309 0.05915 0.09957 0.15371 0.25424 0.41025 ( 6)  0.422
 206 A   0.20718 0.20394 0.20024 0.19519 0.18545 0.00800 ( 1)  0.020
 207 L   0.20629 0.20325 0.19978 0.19503 0.18585 0.00980 ( 1)  0.022
 208 H   0.21059 0.20642 0.20169 0.19526 0.18299 0.00306 ( 1)  0.015
 209 M   0.21406 0.20871 0.20268 0.19455 0.17921 0.00078 ( 1)  0.013
 210 E   0.21148 0.20702 0.20197 0.19512 0.18209 0.00232 ( 1)  0.015
 211 Y   0.20648 0.20341 0.19990 0.19510 0.18582 0.00929 ( 1)  0.022
 212 L   0.20634 0.20329 0.19981 0.19505 0.18584 0.00967 ( 1)  0.022
 213 H   0.21107 0.20674 0.20183 0.19516 0.18246 0.00274 ( 1)  0.015
 214 A   0.21074 0.20651 0.20172 0.19521 0.18279 0.00303 ( 1)  0.015
 215 M   0.21406 0.20871 0.20268 0.19455 0.17921 0.00078 ( 1)  0.013
 216 D   0.20985 0.20592 0.20146 0.19538 0.18375 0.00365 ( 1)  0.016
 217 S   0.21269 0.20783 0.20233 0.19489 0.18080 0.00147 ( 1)  0.014
 218 A   0.00033 0.00217 0.00622 0.01508 0.04272 0.93349 ( 6)  0.935
 219 R   0.20963 0.20575 0.20135 0.19534 0.18386 0.00407 ( 1)  0.016
 220 F   0.20773 0.20439 0.20059 0.19540 0.18539 0.00650 ( 1)  0.019
 221 P   0.20807 0.20458 0.20061 0.19519 0.18477 0.00678 ( 1)  0.019
 222 S   0.20986 0.20592 0.20146 0.19538 0.18374 0.00364 ( 1)  0.016
 223 P   0.20933 0.20550 0.20115 0.19523 0.18388 0.00491 ( 1)  0.017
 224 R   0.21031 0.20622 0.20159 0.19528 0.18323 0.00337 ( 1)  0.016
 225 L   0.20151 0.19926 0.19668 0.19313 0.18621 0.02320 ( 1)  0.036
 226 S   0.20764 0.20427 0.20042 0.19517 0.18507 0.00742 ( 1)  0.020
 227 A   0.20758 0.20423 0.20042 0.19521 0.18518 0.00740 ( 1)  0.020
 228 R   0.21073 0.20650 0.20172 0.19521 0.18281 0.00303 ( 1)  0.015
 229 P   0.21035 0.20622 0.20153 0.19516 0.18301 0.00372 ( 1)  0.016
 230 S   0.21319 0.20815 0.20246 0.19476 0.18022 0.00122 ( 1)  0.014
 231 R   0.20552 0.20259 0.19924 0.19465 0.18578 0.01222 ( 1)  0.025
 232 K   0.21052 0.20637 0.20166 0.19525 0.18303 0.00317 ( 1)  0.016
 233 R   0.20794 0.20451 0.20060 0.19526 0.18499 0.00670 ( 1)  0.019
 234 T   0.20833 0.20478 0.20074 0.19523 0.18464 0.00628 ( 1)  0.019
 235 L   0.20134 0.19913 0.19661 0.19313 0.18635 0.02344 ( 1)  0.036
 236 S   0.21022 0.20616 0.20155 0.19528 0.18331 0.00349 ( 1)  0.016
 237 I   0.21356 0.20839 0.20255 0.19466 0.17977 0.00108 ( 1)  0.013
 238 S   0.21003 0.20602 0.20148 0.19529 0.18346 0.00372 ( 1)  0.016
 239 P   0.21068 0.20645 0.20166 0.19515 0.18274 0.00332 ( 1)  0.016
 240 L   0.20533 0.20247 0.19921 0.19473 0.18607 0.01220 ( 1)  0.025
 241 S   0.20631 0.20327 0.19979 0.19504 0.18584 0.00974 ( 1)  0.022
 242 D   0.21027 0.20621 0.20160 0.19534 0.18336 0.00322 ( 1)  0.016
 243 H   0.21368 0.20845 0.20256 0.19460 0.17959 0.00112 ( 1)  0.013
 244 S   0.21319 0.20815 0.20246 0.19476 0.18022 0.00122 ( 1)  0.014
 245 F   0.20762 0.20431 0.20054 0.19538 0.18545 0.00670 ( 1)  0.019
 246 D   0.21319 0.20815 0.20246 0.19476 0.18022 0.00122 ( 1)  0.014
 247 L   0.20630 0.20326 0.19979 0.19504 0.18585 0.00976 ( 1)  0.022
 248 Q   0.20765 0.20430 0.20049 0.19528 0.18524 0.00703 ( 1)  0.019
 249 T   0.21091 0.20661 0.20174 0.19513 0.18253 0.00307 ( 1)  0.015
 250 M   0.21406 0.20871 0.20268 0.19455 0.17921 0.00078 ( 1)  0.013
 251 I   0.21358 0.20840 0.20255 0.19465 0.17975 0.00106 ( 1)  0.013
 252 R   0.20638 0.20327 0.19972 0.19486 0.18548 0.01029 ( 1)  0.023
 253 T   0.21073 0.20649 0.20168 0.19515 0.18270 0.00324 ( 1)  0.016
 254 S   0.20631 0.20327 0.19979 0.19504 0.18584 0.00974 ( 1)  0.022
 255 P   0.21049 0.20631 0.20159 0.19516 0.18290 0.00356 ( 1)  0.016
 256 N   0.21078 0.20656 0.20176 0.19525 0.18283 0.00282 ( 1)  0.015
 257 S   0.21040 0.20628 0.20162 0.19527 0.18315 0.00328 ( 1)  0.016
 258 L   0.20131 0.19911 0.19659 0.19312 0.18635 0.02354 ( 1)  0.036
 259 V   0.20986 0.20592 0.20145 0.19536 0.18371 0.00369 ( 1)  0.016
 260 T   0.21072 0.20648 0.20168 0.19515 0.18271 0.00326 ( 1)  0.016
 261 I   0.20784 0.20446 0.20060 0.19533 0.18519 0.00658 ( 1)  0.019
 262 L   0.20976 0.20584 0.20138 0.19532 0.18372 0.00398 ( 1)  0.016
 263 N   0.21053 0.20638 0.20168 0.19528 0.18307 0.00305 ( 1)  0.015
 264 N   0.21133 0.20691 0.20191 0.19513 0.18222 0.00251 ( 1)  0.015
 265 S   0.20636 0.20330 0.19982 0.19505 0.18583 0.00964 ( 1)  0.022
 266 R   0.20677 0.20361 0.20002 0.19510 0.18561 0.00889 ( 1)  0.021
 267 S   0.21319 0.20815 0.20246 0.19476 0.18022 0.00122 ( 1)  0.014
 268 S   0.20985 0.20592 0.20146 0.19538 0.18375 0.00365 ( 1)  0.016
 269 S   0.20870 0.20507 0.20095 0.19532 0.18452 0.00544 ( 1)  0.018
 270 S   0.20765 0.20428 0.20043 0.19518 0.18507 0.00740 ( 1)  0.020
 271 A   0.21074 0.20651 0.20172 0.19521 0.18279 0.00303 ( 1)  0.015
 272 S   0.20982 0.20590 0.20144 0.19538 0.18378 0.00368 ( 1)  0.016
 273 G   0.20634 0.20330 0.19983 0.19508 0.18589 0.00956 ( 1)  0.022
 274 S   0.20640 0.20334 0.19984 0.19506 0.18582 0.00955 ( 1)  0.022
 275 Y   0.20657 0.20348 0.19995 0.19512 0.18579 0.00908 ( 1)  0.022
 276 G   0.21034 0.20625 0.20161 0.19530 0.18325 0.00325 ( 1)  0.016
 277 H   0.21366 0.20844 0.20255 0.19460 0.17961 0.00113 ( 1)  0.013
 278 L   0.20166 0.19940 0.19681 0.19324 0.18628 0.02261 ( 1)  0.035
 279 S   0.20637 0.20331 0.19983 0.19505 0.18583 0.00961 ( 1)  0.022
 280 A   0.21056 0.20639 0.20166 0.19523 0.18296 0.00321 ( 1)  0.016
 281 S   0.21009 0.20609 0.20155 0.19537 0.18355 0.00336 ( 1)  0.016
 282 A   0.21056 0.20639 0.20166 0.19523 0.18296 0.00321 ( 1)  0.016
 283 I   0.21358 0.20840 0.20255 0.19465 0.17975 0.00106 ( 1)  0.013
 284 S   0.21319 0.20815 0.20246 0.19476 0.18022 0.00122 ( 1)  0.014
 285 P   0.20662 0.20348 0.19989 0.19499 0.18552 0.00949 ( 1)  0.022
 286 A   0.20668 0.20355 0.19997 0.19508 0.18564 0.00907 ( 1)  0.021
 287 L   0.20353 0.20099 0.19808 0.19408 0.18631 0.01701 ( 1)  0.029
 288 S   0.20982 0.20590 0.20144 0.19538 0.18378 0.00368 ( 1)  0.016
 289 F   0.21107 0.20677 0.20189 0.19527 0.18265 0.00235 ( 1)  0.015
 290 T   0.21073 0.20649 0.20168 0.19515 0.18270 0.00325 ( 1)  0.016
 291 Y   0.21055 0.20639 0.20168 0.19527 0.18304 0.00306 ( 1)  0.015
 292 P   0.20662 0.20348 0.19989 0.19499 0.18552 0.00949 ( 1)  0.022
 293 P   0.20669 0.20353 0.19993 0.19501 0.18550 0.00933 ( 1)  0.022
 294 T   0.21073 0.20649 0.20168 0.19515 0.18270 0.00325 ( 1)  0.016
 295 P   0.20929 0.20547 0.20113 0.19522 0.18391 0.00498 ( 1)  0.017
 296 V   0.20964 0.20577 0.20137 0.19537 0.18390 0.00396 ( 1)  0.016
 297 S   0.21037 0.20627 0.20161 0.19527 0.18317 0.00331 ( 1)  0.016
 298 L   0.21037 0.20626 0.20161 0.19527 0.18318 0.00331 ( 1)  0.016
 299 Q   0.20952 0.20567 0.20129 0.19532 0.18390 0.00430 ( 1)  0.017
 300 M   0.21406 0.20871 0.20268 0.19455 0.17921 0.00078 ( 1)  0.013
 301 H   0.21040 0.20629 0.20163 0.19529 0.18318 0.00322 ( 1)  0.016
 302 Q   0.20766 0.20431 0.20050 0.19528 0.18523 0.00701 ( 1)  0.019
 303 Q   0.20952 0.20567 0.20129 0.19532 0.18390 0.00430 ( 1)  0.017
 304 I   0.20787 0.20447 0.20061 0.19533 0.18517 0.00654 ( 1)  0.019
 305 I   0.21358 0.20840 0.20255 0.19465 0.17975 0.00106 ( 1)  0.013
 306 S   0.20984 0.20591 0.20145 0.19538 0.18375 0.00366 ( 1)  0.016
 307 R   0.20666 0.20353 0.19996 0.19508 0.18565 0.00912 ( 1)  0.022
 308 Q   0.20768 0.20432 0.20050 0.19528 0.18522 0.00700 ( 1)  0.019
 309 Q   0.20933 0.20553 0.20121 0.19532 0.18403 0.00459 ( 1)  0.017
 310 T   0.03206 0.08169 0.13668 0.20924 0.34029 0.20004 ( 5)  0.215
 311 L   0.20571 0.20276 0.19940 0.19479 0.18587 0.01148 ( 1)  0.024
 312 G   0.20625 0.20322 0.19978 0.19505 0.18592 0.00978 ( 1)  0.022
 313 S   0.20754 0.20419 0.20037 0.19516 0.18512 0.00761 ( 1)  0.020
 314 A   0.21072 0.20650 0.20171 0.19521 0.18281 0.00305 ( 1)  0.015
 315 F   0.20759 0.20429 0.20053 0.19538 0.18547 0.00675 ( 1)  0.019
 316 G   0.20907 0.20534 0.20111 0.19534 0.18427 0.00487 ( 1)  0.017
 317 H   0.21368 0.20845 0.20256 0.19460 0.17959 0.00112 ( 1)  0.013
 318 S   0.21317 0.20813 0.20245 0.19477 0.18025 0.00123 ( 1)  0.014
 319 P   0.20662 0.20348 0.19989 0.19499 0.18552 0.00949 ( 1)  0.022
 320 P   0.20981 0.20583 0.20131 0.19517 0.18343 0.00445 ( 1)  0.017
 321 L   0.21034 0.20625 0.20160 0.19527 0.18320 0.00334 ( 1)  0.016
 322 I   0.21107 0.20675 0.20185 0.19520 0.18253 0.00260 ( 1)  0.015
 323 H   0.21046 0.20633 0.20165 0.19528 0.18312 0.00317 ( 1)  0.016
 324 P   0.20662 0.20348 0.19989 0.19499 0.18552 0.00949 ( 1)  0.022
 325 A   0.20675 0.20360 0.20001 0.19510 0.18562 0.00891 ( 1)  0.021
 326 P   0.21049 0.20631 0.20159 0.19516 0.18290 0.00356 ( 1)  0.016
 327 T   0.20712 0.20386 0.20015 0.19508 0.18531 0.00848 ( 1)  0.021
 328 F   0.20759 0.20429 0.20053 0.19538 0.18547 0.00675 ( 1)  0.019
 329 P   0.20662 0.20348 0.19989 0.19499 0.18552 0.00949 ( 1)  0.022
 330 T   0.21091 0.20661 0.20174 0.19513 0.18253 0.00307 ( 1)  0.015
 331 Q   0.20765 0.20430 0.20049 0.19528 0.18524 0.00703 ( 1)  0.019
 332 R   0.21072 0.20650 0.20171 0.19521 0.18282 0.00304 ( 1)  0.015
 333 P   0.20729 0.20399 0.20023 0.19509 0.18520 0.00821 ( 1)  0.021
 334 I   0.21154 0.20707 0.20201 0.19513 0.18207 0.00219 ( 1)  0.015
 335 P   0.20805 0.20457 0.20061 0.19521 0.18483 0.00673 ( 1)  0.019
 336 G   0.21034 0.20625 0.20161 0.19530 0.18325 0.00325 ( 1)  0.016
 337 I   0.21154 0.20707 0.20201 0.19513 0.18207 0.00219 ( 1)  0.015
 338 P   0.21068 0.20645 0.20166 0.19515 0.18274 0.00332 ( 1)  0.016
 339 S   0.20982 0.20590 0.20144 0.19538 0.18378 0.00368 ( 1)  0.016
 340 V   0.20983 0.20590 0.20144 0.19536 0.18373 0.00373 ( 1)  0.016
 341 L   0.20368 0.20112 0.19818 0.19416 0.18633 0.01653 ( 1)  0.029
 342 N   0.21379 0.20853 0.20259 0.19457 0.17946 0.00106 ( 1)  0.013
 343 P   0.20662 0.20348 0.19989 0.19499 0.18552 0.00949 ( 1)  0.022
 344 V   0.20986 0.20592 0.20145 0.19536 0.18371 0.00369 ( 1)  0.016
 345 Q   0.20768 0.20432 0.20050 0.19528 0.18523 0.00699 ( 1)  0.019
 346 V   0.20986 0.20592 0.20145 0.19536 0.18371 0.00369 ( 1)  0.016
 347 S   0.21319 0.20815 0.20246 0.19476 0.18022 0.00122 ( 1)  0.014
 348 S   0.20639 0.20333 0.19984 0.19506 0.18582 0.00956 ( 1)  0.022
 349 G   0.20886 0.20519 0.20102 0.19533 0.18441 0.00519 ( 1)  0.018
 350 P   0.20673 0.20356 0.19995 0.19501 0.18549 0.00926 ( 1)  0.022
 351 S   0.20631 0.20327 0.19979 0.19504 0.18584 0.00974 ( 1)  0.022
 352 E   0.20979 0.20587 0.20142 0.19535 0.18375 0.00382 ( 1)  0.016
 353 S   0.21040 0.20628 0.20162 0.19527 0.18315 0.00328 ( 1)  0.016
 354 T   0.21072 0.20648 0.20168 0.19515 0.18271 0.00326 ( 1)  0.016
 355 Q   0.20765 0.20430 0.20049 0.19528 0.18524 0.00703 ( 1)  0.019
 356 N   0.03313 0.08441 0.14123 0.21619 0.35156 0.17348 ( 5)  0.189
 357 K   0.03555 0.09037 0.15080 0.22998 0.37120 0.12210 ( 5)  0.139
 358 P   0.21068 0.20645 0.20166 0.19515 0.18274 0.00332 ( 1)  0.016
 359 T   0.21068 0.20645 0.20166 0.19515 0.18275 0.00331 ( 1)  0.016
 360 S   0.21104 0.20673 0.20185 0.19522 0.18258 0.00258 ( 1)  0.015
 361 E   0.21160 0.20710 0.20201 0.19510 0.18197 0.00222 ( 1)  0.015
 362 S   0.20632 0.20327 0.19980 0.19504 0.18584 0.00974 ( 1)  0.022
 363 A   0.21050 0.20635 0.20164 0.19523 0.18301 0.00328 ( 1)  0.016
 364 V   0.20716 0.20394 0.20027 0.19525 0.18557 0.00781 ( 1)  0.020
 365 S   0.21319 0.20815 0.20246 0.19476 0.18022 0.00122 ( 1)  0.014
 366 S   0.21319 0.20815 0.20246 0.19476 0.18022 0.00122 ( 1)  0.014
 367 T   0.20848 0.20488 0.20079 0.19520 0.18448 0.00617 ( 1)  0.019
 368 G   0.20896 0.20526 0.20106 0.19533 0.18434 0.00504 ( 1)  0.017
 369 D   0.21081 0.20657 0.20177 0.19524 0.18280 0.00280 ( 1)  0.015
 370 P   0.03140 0.08005 0.13400 0.20525 0.33423 0.21507 ( 5)  0.230
 371 M   0.21406 0.20871 0.20268 0.19455 0.17921 0.00078 ( 1)  0.013
 372 H   0.21368 0.20845 0.20256 0.19460 0.17959 0.00112 ( 1)  0.013
 373 N   0.21384 0.20856 0.20260 0.19456 0.17940 0.00104 ( 1)  0.013
 374 K   0.21054 0.20638 0.20166 0.19525 0.18301 0.00316 ( 1)  0.016
 375 R   0.21072 0.20650 0.20171 0.19521 0.18281 0.00307 ( 1)  0.015
 376 S   0.21040 0.20628 0.20162 0.19527 0.18315 0.00328 ( 1)  0.016
 377 K   0.21051 0.20636 0.20165 0.19525 0.18305 0.00319 ( 1)  0.016
 378 I   0.00090 0.00594 0.01696 0.04084 0.11398 0.82137 ( 6)  0.826
 379 K   0.21072 0.20650 0.20172 0.19523 0.18285 0.00298 ( 1)  0.015
 380 P   0.20881 0.20513 0.20094 0.19523 0.18428 0.00562 ( 1)  0.018
 381 D   0.21156 0.20707 0.20199 0.19509 0.18199 0.00230 ( 1)  0.015
 382 E   0.20979 0.20587 0.20142 0.19535 0.18375 0.00382 ( 1)  0.016
 383 D   0.21319 0.20815 0.20246 0.19476 0.18022 0.00122 ( 1)  0.014
 384 L   0.21028 0.20620 0.20158 0.19528 0.18325 0.00341 ( 1)  0.016
 385 P   0.21066 0.20644 0.20165 0.19515 0.18276 0.00333 ( 1)  0.016
 386 S   0.21305 0.20806 0.20242 0.19480 0.18038 0.00129 ( 1)  0.014
 387 P   0.20995 0.20593 0.20138 0.19517 0.18333 0.00424 ( 1)  0.017
 388 G   0.20855 0.20496 0.20088 0.19531 0.18461 0.00570 ( 1)  0.018
 389 A   0.21044 0.20630 0.20161 0.19524 0.18307 0.00335 ( 1)  0.016
 390 G   0.20906 0.20533 0.20110 0.19534 0.18428 0.00489 ( 1)  0.017
 391 S   0.21310 0.20809 0.20244 0.19478 0.18032 0.00127 ( 1)  0.014
 392 M   0.00000 0.00002 0.00008 0.00029 0.00145 0.99817 ( 6)  0.998
 393 Q   0.20765 0.20430 0.20049 0.19528 0.18524 0.00703 ( 1)  0.019
 394 E   0.21184 0.20726 0.20209 0.19506 0.18173 0.00202 ( 1)  0.014
 395 Q   0.20765 0.20430 0.20049 0.19528 0.18524 0.00703 ( 1)  0.019
 396 P   0.21047 0.20630 0.20158 0.19516 0.18291 0.00358 ( 1)  0.016
 397 E   0.21185 0.20727 0.20209 0.19506 0.18172 0.00201 ( 1)  0.014
 398 G   0.20888 0.20520 0.20103 0.19533 0.18440 0.00517 ( 1)  0.018
 399 M   0.21406 0.20871 0.20268 0.19455 0.17921 0.00078 ( 1)  0.013
 400 T   0.21091 0.20661 0.20174 0.19513 0.18253 0.00307 ( 1)  0.015
 401 L   0.00006 0.00042 0.00123 0.00301 0.00873 0.98655 ( 6)  0.987
 402 V   0.20966 0.20578 0.20137 0.19537 0.18388 0.00393 ( 1)  0.016
 403 K   0.21225 0.20752 0.20218 0.19494 0.18121 0.00190 ( 1)  0.014
 404 E   0.20979 0.20587 0.20142 0.19535 0.18375 0.00382 ( 1)  0.016
 405 E   0.21182 0.20725 0.20208 0.19507 0.18174 0.00204 ( 1)  0.014
 406 G   0.20765 0.20430 0.20049 0.19529 0.18526 0.00701 ( 1)  0.019
 407 D   0.21317 0.20814 0.20245 0.19477 0.18024 0.00123 ( 1)  0.014
 408 K   0.21252 0.20770 0.20226 0.19489 0.18093 0.00170 ( 1)  0.014
 409 D   0.20982 0.20590 0.20144 0.19538 0.18378 0.00369 ( 1)  0.016
 410 E   0.21185 0.20727 0.20209 0.19506 0.18172 0.00201 ( 1)  0.014
 411 S   0.00085 0.00560 0.01600 0.03856 0.10784 0.83114 ( 6)  0.835
 412 K   0.21246 0.20766 0.20224 0.19490 0.18099 0.00175 ( 1)  0.014
 413 Q   0.20765 0.20430 0.20049 0.19528 0.18524 0.00703 ( 1)  0.019
 414 E   0.20979 0.20587 0.20142 0.19535 0.18375 0.00382 ( 1)  0.016
 415 P   0.20662 0.20348 0.19989 0.19499 0.18552 0.00949 ( 1)  0.022
 416 E   0.21185 0.20727 0.20209 0.19506 0.18172 0.00201 ( 1)  0.014
 417 V   0.20716 0.20394 0.20027 0.19525 0.18557 0.00781 ( 1)  0.020
 418 V   0.20983 0.20590 0.20144 0.19536 0.18374 0.00374 ( 1)  0.016
 419 Y   0.20744 0.20415 0.20040 0.19528 0.18540 0.00733 ( 1)  0.020
 420 E   0.20979 0.20587 0.20142 0.19535 0.18375 0.00382 ( 1)  0.016
 421 T   0.21056 0.20636 0.20162 0.19516 0.18285 0.00345 ( 1)  0.016
 422 N   0.21384 0.20856 0.20260 0.19456 0.17940 0.00104 ( 1)  0.013
 423 C   0.21073 0.20653 0.20177 0.19529 0.18294 0.00273 ( 1)  0.015
 424 H   0.21292 0.20796 0.20236 0.19478 0.18046 0.00152 ( 1)  0.014
 425 W   0.20476 0.20205 0.19896 0.19472 0.18648 0.01303 ( 1)  0.025
 426 E   0.21185 0.20727 0.20209 0.19506 0.18172 0.00201 ( 1)  0.014
 427 G   0.21034 0.20625 0.20161 0.19530 0.18325 0.00325 ( 1)  0.016
 428 C   0.20710 0.20390 0.20026 0.19527 0.18565 0.00782 ( 1)  0.020
 429 S   0.21037 0.20626 0.20161 0.19527 0.18318 0.00331 ( 1)  0.016
 430 R   0.20642 0.20331 0.19977 0.19492 0.18555 0.01002 ( 1)  0.022
 431 E   0.20979 0.20587 0.20142 0.19535 0.18375 0.00382 ( 1)  0.016
 432 F   0.20759 0.20429 0.20053 0.19538 0.18547 0.00675 ( 1)  0.019
 433 D   0.21319 0.20815 0.20246 0.19476 0.18022 0.00122 ( 1)  0.014
 434 T   0.20876 0.20510 0.20094 0.19527 0.18438 0.00555 ( 1)  0.018
 435 Q   0.20768 0.20432 0.20050 0.19528 0.18522 0.00700 ( 1)  0.019
 436 E   0.21179 0.20723 0.20207 0.19507 0.18177 0.00206 ( 1)  0.014
 437 Q   0.20765 0.20430 0.20049 0.19528 0.18524 0.00703 ( 1)  0.019
 438 L   0.20659 0.20347 0.19991 0.19504 0.18565 0.00935 ( 1)  0.022
 439 V   0.20716 0.20394 0.20027 0.19525 0.18557 0.00781 ( 1)  0.020
 440 H   0.21047 0.20634 0.20165 0.19528 0.18311 0.00316 ( 1)  0.016
 441 H   0.21119 0.20682 0.20186 0.19514 0.18234 0.00266 ( 1)  0.015
 442 I   0.21211 0.20743 0.20214 0.19497 0.18137 0.00196 ( 1)  0.014
 443 N   0.21303 0.20803 0.20239 0.19476 0.18034 0.00144 ( 1)  0.014
 444 N   0.21070 0.20650 0.20174 0.19526 0.18291 0.00289 ( 1)  0.015
 445 D   0.21319 0.20815 0.20246 0.19476 0.18022 0.00122 ( 1)  0.014
 446 H   0.21194 0.20732 0.20210 0.19502 0.18159 0.00203 ( 1)  0.014
 447 I   0.21307 0.20807 0.20243 0.19479 0.18035 0.00128 ( 1)  0.014
 448 H   0.21141 0.20696 0.20193 0.19511 0.18212 0.00247 ( 1)  0.015
 449 G   0.20684 0.20368 0.20007 0.19514 0.18561 0.00866 ( 1)  0.021
 450 E   0.20980 0.20588 0.20142 0.19535 0.18374 0.00381 ( 1)  0.016
 451 K   0.21051 0.20636 0.20165 0.19525 0.18305 0.00319 ( 1)  0.016
 452 K   0.21226 0.20753 0.20219 0.19494 0.18121 0.00186 ( 1)  0.014
 453 E   0.21002 0.20602 0.20148 0.19530 0.18349 0.00369 ( 1)  0.016
 454 F   0.20764 0.20433 0.20055 0.19539 0.18543 0.00666 ( 1)  0.019
 455 V   0.20716 0.20394 0.20027 0.19525 0.18557 0.00781 ( 1)  0.020
 456 C   0.21073 0.20653 0.20177 0.19529 0.18294 0.00273 ( 1)  0.015
 457 R   0.20438 0.20166 0.19856 0.19430 0.18604 0.01507 ( 1)  0.027
 458 W   0.20476 0.20205 0.19896 0.19472 0.18648 0.01303 ( 1)  0.025
 459 L   0.20373 0.20116 0.19822 0.19418 0.18632 0.01639 ( 1)  0.029
 460 D   0.21248 0.20769 0.20227 0.19493 0.18103 0.00161 ( 1)  0.014
 461 C   0.20697 0.20380 0.20019 0.19525 0.18572 0.00808 ( 1)  0.021
 462 S   0.21036 0.20625 0.20160 0.19527 0.18319 0.00333 ( 1)  0.016
 463 R   0.20640 0.20329 0.19975 0.19490 0.18555 0.01011 ( 1)  0.023
 464 E   0.20979 0.20587 0.20142 0.19535 0.18375 0.00382 ( 1)  0.016
 465 Q   0.20765 0.20430 0.20049 0.19528 0.18524 0.00703 ( 1)  0.019
 466 K   0.21252 0.20770 0.20226 0.19489 0.18093 0.00170 ( 1)  0.014
 467 P   0.20917 0.20539 0.20110 0.19525 0.18403 0.00505 ( 1)  0.017
 468 F   0.21107 0.20677 0.20189 0.19527 0.18265 0.00235 ( 1)  0.015
 469 K   0.21251 0.20770 0.20226 0.19489 0.18094 0.00171 ( 1)  0.014
 470 A   0.21070 0.20648 0.20170 0.19521 0.18283 0.00308 ( 1)  0.015
 471 Q   0.20809 0.20462 0.20067 0.19528 0.18491 0.00642 ( 1)  0.019
 472 Y   0.20657 0.20347 0.19995 0.19512 0.18579 0.00910 ( 1)  0.022
 473 M   0.21406 0.20871 0.20268 0.19455 0.17921 0.00078 ( 1)  0.013
 474 L   0.20368 0.20112 0.19818 0.19416 0.18633 0.01653 ( 1)  0.029
 475 V   0.20716 0.20394 0.20027 0.19525 0.18557 0.00781 ( 1)  0.020
 476 V   0.20984 0.20591 0.20144 0.19536 0.18373 0.00372 ( 1)  0.016
 477 H   0.21368 0.20845 0.20256 0.19460 0.17959 0.00112 ( 1)  0.013
 478 M   0.21406 0.20871 0.20268 0.19455 0.17921 0.00078 ( 1)  0.013
 479 R   0.20900 0.20521 0.20092 0.19506 0.18386 0.00596 ( 1)  0.018
 480 R   0.21073 0.20650 0.20172 0.19521 0.18281 0.00303 ( 1)  0.015
 481 H   0.21046 0.20633 0.20165 0.19528 0.18312 0.00317 ( 1)  0.016
 482 T   0.21073 0.20649 0.20168 0.19515 0.18270 0.00325 ( 1)  0.016
 483 G   0.20765 0.20430 0.20049 0.19529 0.18526 0.00701 ( 1)  0.019
 484 E   0.21179 0.20723 0.20207 0.19507 0.18178 0.00206 ( 1)  0.014
 485 K   0.21051 0.20636 0.20165 0.19525 0.18305 0.00319 ( 1)  0.016
 486 P   0.21049 0.20631 0.20159 0.19516 0.18290 0.00356 ( 1)  0.016
 487 H   0.21368 0.20845 0.20256 0.19460 0.17959 0.00112 ( 1)  0.013
 488 K   0.21252 0.20770 0.20226 0.19489 0.18093 0.00170 ( 1)  0.014
 489 C   0.21071 0.20652 0.20176 0.19530 0.18296 0.00276 ( 1)  0.015
 490 T   0.20687 0.20367 0.20003 0.19505 0.18543 0.00895 ( 1)  0.021
 491 F   0.20759 0.20429 0.20053 0.19538 0.18547 0.00675 ( 1)  0.019
 492 E   0.21185 0.20727 0.20209 0.19506 0.18172 0.00201 ( 1)  0.014
 493 G   0.20630 0.20326 0.19980 0.19506 0.18590 0.00967 ( 1)  0.022
 494 C   0.20697 0.20380 0.20019 0.19525 0.18572 0.00808 ( 1)  0.021
 495 T   0.21066 0.20644 0.20166 0.19515 0.18276 0.00333 ( 1)  0.016
 496 K   0.21051 0.20636 0.20165 0.19525 0.18305 0.00319 ( 1)  0.016
 497 A   0.21074 0.20651 0.20172 0.19521 0.18279 0.00303 ( 1)  0.015
 498 Y   0.21054 0.20638 0.20168 0.19527 0.18306 0.00307 ( 1)  0.015
 499 S   0.21040 0.20628 0.20162 0.19527 0.18315 0.00328 ( 1)  0.016
 500 R   0.21073 0.20650 0.20172 0.19521 0.18281 0.00303 ( 1)  0.015
 501 L   0.20635 0.20328 0.19978 0.19498 0.18572 0.00989 ( 1)  0.022
 502 E   0.21182 0.20725 0.20208 0.19507 0.18175 0.00204 ( 1)  0.014
 503 N   0.21379 0.20853 0.20259 0.19457 0.17946 0.00106 ( 1)  0.013
 504 L   0.20131 0.19911 0.19659 0.19312 0.18635 0.02354 ( 1)  0.036
 505 K   0.21252 0.20770 0.20226 0.19489 0.18093 0.00170 ( 1)  0.014
 506 T   0.20839 0.20482 0.20077 0.19523 0.18460 0.00618 ( 1)  0.019
 507 H   0.21366 0.20844 0.20256 0.19460 0.17960 0.00113 ( 1)  0.013
 508 L   0.20131 0.19911 0.19659 0.19312 0.18635 0.02354 ( 1)  0.036
 509 R   0.21073 0.20650 0.20172 0.19521 0.18281 0.00303 ( 1)  0.015
 510 S   0.20631 0.20327 0.19979 0.19504 0.18584 0.00974 ( 1)  0.022
 511 H   0.21368 0.20845 0.20256 0.19460 0.17959 0.00112 ( 1)  0.013
 512 T   0.20687 0.20367 0.20003 0.19505 0.18543 0.00895 ( 1)  0.021
 513 G   0.20900 0.20530 0.20108 0.19534 0.18432 0.00496 ( 1)  0.017
 514 E   0.20982 0.20589 0.20143 0.19535 0.18372 0.00379 ( 1)  0.016
 515 K   0.21251 0.20769 0.20225 0.19489 0.18094 0.00171 ( 1)  0.014
 516 P   0.21009 0.20604 0.20146 0.19521 0.18329 0.00391 ( 1)  0.016
 517 Y   0.20652 0.20343 0.19992 0.19511 0.18581 0.00921 ( 1)  0.022
 518 V   0.20716 0.20394 0.20027 0.19525 0.18557 0.00781 ( 1)  0.020
 519 C   0.20797 0.20455 0.20066 0.19535 0.18512 0.00635 ( 1)  0.019
 520 E   0.21157 0.20708 0.20200 0.19511 0.18200 0.00224 ( 1)  0.015
 521 H   0.21078 0.20655 0.20175 0.19524 0.18281 0.00287 ( 1)  0.015
 522 E   0.21167 0.20715 0.20203 0.19509 0.18190 0.00216 ( 1)  0.015
 523 G   0.21034 0.20625 0.20161 0.19530 0.18325 0.00325 ( 1)  0.016
 524 C   0.21071 0.20651 0.20176 0.19530 0.18296 0.00276 ( 1)  0.015
 525 N   0.21384 0.20856 0.20260 0.19456 0.17940 0.00104 ( 1)  0.013
 526 K   0.21252 0.20770 0.20226 0.19489 0.18093 0.00170 ( 1)  0.014
 527 A   0.20718 0.20394 0.20024 0.19519 0.18544 0.00801 ( 1)  0.020
 528 F   0.21107 0.20677 0.20189 0.19527 0.18265 0.00235 ( 1)  0.015
 529 S   0.21040 0.20628 0.20162 0.19527 0.18315 0.00328 ( 1)  0.016
 530 N   0.21135 0.20693 0.20193 0.19514 0.18222 0.00244 ( 1)  0.015
 531 A   0.21012 0.20608 0.20150 0.19527 0.18336 0.00366 ( 1)  0.016
 532 S   0.20870 0.20508 0.20096 0.19534 0.18454 0.00539 ( 1)  0.018
 533 D   0.21318 0.20814 0.20246 0.19477 0.18023 0.00123 ( 1)  0.014
 534 R   0.20963 0.20575 0.20135 0.19534 0.18386 0.00407 ( 1)  0.016
 535 A   0.21074 0.20651 0.20172 0.19521 0.18279 0.00303 ( 1)  0.015
 536 K   0.21051 0.20636 0.20165 0.19525 0.18305 0.00319 ( 1)  0.016
 537 H   0.21368 0.20845 0.20256 0.19460 0.17959 0.00112 ( 1)  0.013
 538 Q   0.20952 0.20567 0.20129 0.19532 0.18390 0.00430 ( 1)  0.017
 539 N   0.21346 0.20832 0.20251 0.19467 0.17986 0.00117 ( 1)  0.013
 540 R   0.20963 0.20575 0.20135 0.19534 0.18386 0.00407 ( 1)  0.016
 541 T   0.20687 0.20367 0.20003 0.19505 0.18543 0.00895 ( 1)  0.021
 542 H   0.21040 0.20629 0.20163 0.19529 0.18318 0.00322 ( 1)  0.016
 543 S   0.21022 0.20616 0.20155 0.19528 0.18330 0.00348 ( 1)  0.016
 544 N   0.21053 0.20638 0.20168 0.19528 0.18307 0.00305 ( 1)  0.015
 545 E   0.20987 0.20592 0.20145 0.19535 0.18368 0.00373 ( 1)  0.016
 546 K   0.21252 0.20770 0.20226 0.19489 0.18093 0.00170 ( 1)  0.014
 547 P   0.20961 0.20569 0.20124 0.19518 0.18360 0.00468 ( 1)  0.017
 548 Y   0.20664 0.20353 0.19999 0.19514 0.18577 0.00895 ( 1)  0.021
 549 V   0.20577 0.20285 0.19952 0.19496 0.18612 0.01077 ( 1)  0.023
 550 C   0.21073 0.20653 0.20177 0.19529 0.18294 0.00273 ( 1)  0.015
 551 K   0.21051 0.20636 0.20165 0.19525 0.18305 0.00319 ( 1)  0.016
 552 I   0.21327 0.20820 0.20247 0.19472 0.18009 0.00125 ( 1)  0.014
 553 P   0.20874 0.20509 0.20093 0.19526 0.18439 0.00559 ( 1)  0.018
 554 G   0.21034 0.20625 0.20161 0.19530 0.18325 0.00325 ( 1)  0.016
 555 C   0.21073 0.20653 0.20177 0.19529 0.18294 0.00273 ( 1)  0.015
 556 T   0.21029 0.20619 0.20153 0.19520 0.18312 0.00367 ( 1)  0.016
 557 K   0.21051 0.20636 0.20165 0.19525 0.18305 0.00319 ( 1)  0.016
 558 R   0.21073 0.20650 0.20171 0.19521 0.18280 0.00306 ( 1)  0.015
 559 Y   0.21053 0.20638 0.20168 0.19527 0.18306 0.00307 ( 1)  0.015
 560 T   0.21056 0.20637 0.20162 0.19516 0.18285 0.00344 ( 1)  0.016
 561 D   0.21316 0.20813 0.20245 0.19477 0.18026 0.00124 ( 1)  0.014
 562 P   0.21061 0.20640 0.20164 0.19515 0.18280 0.00339 ( 1)  0.016
 563 S   0.21111 0.20678 0.20187 0.19521 0.18252 0.00251 ( 1)  0.015
 564 S   0.20658 0.20348 0.19994 0.19510 0.18576 0.00913 ( 1)  0.022
 565 L   0.21020 0.20614 0.20154 0.19528 0.18333 0.00351 ( 1)  0.016
 566 R   0.20653 0.20340 0.19983 0.19494 0.18551 0.00979 ( 1)  0.022
 567 K   0.21185 0.20727 0.20208 0.19504 0.18169 0.00207 ( 1)  0.014
 568 H   0.21302 0.20803 0.20239 0.19477 0.18036 0.00143 ( 1)  0.014
 569 V   0.20725 0.20401 0.20031 0.19526 0.18551 0.00766 ( 1)  0.020
 570 K   0.21051 0.20636 0.20165 0.19525 0.18305 0.00319 ( 1)  0.016
 571 T   0.21052 0.20634 0.20160 0.19516 0.18287 0.00351 ( 1)  0.016
 572 V   0.20716 0.20394 0.20027 0.19525 0.18557 0.00781 ( 1)  0.020
 573 H   0.21072 0.20651 0.20174 0.19525 0.18288 0.00291 ( 1)  0.015
 574 G   0.21031 0.20623 0.20160 0.19530 0.18327 0.00328 ( 1)  0.016
 575 P   0.20936 0.20553 0.20118 0.19525 0.18390 0.00478 ( 1)  0.017
 576 E   0.20995 0.20598 0.20148 0.19535 0.18362 0.00362 ( 1)  0.016
 577 A   0.21048 0.20633 0.20163 0.19523 0.18303 0.00330 ( 1)  0.016
 578 H   0.21268 0.20781 0.20231 0.19487 0.18077 0.00157 ( 1)  0.014
 579 V   0.20943 0.20562 0.20129 0.19539 0.18408 0.00420 ( 1)  0.017
 580 T   0.21091 0.20661 0.20174 0.19513 0.18253 0.00307 ( 1)  0.015
 581 K   0.21051 0.20636 0.20165 0.19525 0.18305 0.00319 ( 1)  0.016
 582 K   0.21074 0.20651 0.20171 0.19520 0.18277 0.00307 ( 1)  0.015
 583 Q   0.20769 0.20433 0.20051 0.19528 0.18521 0.00698 ( 1)  0.019
 584 R   0.20628 0.20319 0.19967 0.19486 0.18557 0.01043 ( 1)  0.023
 585 G   0.20904 0.20532 0.20110 0.19534 0.18429 0.00492 ( 1)  0.017
 586 D   0.21018 0.20615 0.20158 0.19536 0.18346 0.00327 ( 1)  0.016
 587 I   0.21154 0.20707 0.20201 0.19513 0.18207 0.00219 ( 1)  0.015
 588 H   0.21344 0.20830 0.20250 0.19466 0.17986 0.00125 ( 1)  0.014
 589 P   0.20987 0.20589 0.20137 0.19522 0.18346 0.00420 ( 1)  0.017
 590 R   0.20948 0.20564 0.20127 0.19533 0.18394 0.00435 ( 1)  0.017
 591 P   0.20667 0.20351 0.19992 0.19500 0.18551 0.00939 ( 1)  0.022
 592 P   0.20902 0.20528 0.20105 0.19527 0.18418 0.00520 ( 1)  0.018
 593 P   0.21047 0.20630 0.20158 0.19516 0.18291 0.00358 ( 1)  0.016
 594 P   0.20946 0.20560 0.20121 0.19523 0.18379 0.00471 ( 1)  0.017
 595 R   0.21065 0.20645 0.20169 0.19522 0.18288 0.00312 ( 1)  0.016
 596 D   0.21319 0.20815 0.20246 0.19476 0.18022 0.00122 ( 1)  0.014
 597 P   0.21045 0.20629 0.20157 0.19516 0.18292 0.00360 ( 1)  0.016
 598 G   0.21034 0.20625 0.20161 0.19530 0.18325 0.00325 ( 1)  0.016
 599 S   0.21319 0.20815 0.20246 0.19476 0.18022 0.00122 ( 1)  0.014
 600 H   0.21337 0.20825 0.20248 0.19468 0.17995 0.00128 ( 1)  0.014
 601 S   0.20735 0.20406 0.20031 0.19517 0.18529 0.00782 ( 1)  0.020
 602 Q   0.20767 0.20431 0.20050 0.19528 0.18523 0.00701 ( 1)  0.019
 603 T   0.03193 0.08136 0.13614 0.20843 0.33906 0.20310 ( 5)  0.218
 604 R   0.02052 0.05260 0.08861 0.13692 0.22691 0.47443 ( 6)  0.485
 605 S   0.20757 0.20421 0.20039 0.19516 0.18510 0.00756 ( 1)  0.020
 606 P   0.21042 0.20627 0.20156 0.19516 0.18295 0.00364 ( 1)  0.016
 607 G   0.21032 0.20623 0.20160 0.19530 0.18327 0.00328 ( 1)  0.016
 608 Q   0.00027 0.00182 0.00523 0.01270 0.03609 0.94389 ( 6)  0.945
 609 Q   0.02521 0.06452 0.10849 0.16723 0.27574 0.35880 ( 6)  0.371
 610 T   0.20687 0.20367 0.20003 0.19505 0.18543 0.00895 ( 1)  0.021
 611 Q   0.20765 0.20430 0.20049 0.19528 0.18524 0.00703 ( 1)  0.019
 612 G   0.20625 0.20322 0.19978 0.19505 0.18592 0.00978 ( 1)  0.022
 613 A   0.21044 0.20630 0.20161 0.19524 0.18306 0.00335 ( 1)  0.016
 614 L   0.00000 0.00000 0.00000 0.00000 0.00002 0.99998 ( 6)  1.000
 615 G   0.20650 0.20342 0.19992 0.19511 0.18584 0.00921 ( 1)  0.022
 616 E   0.20979 0.20587 0.20142 0.19535 0.18375 0.00382 ( 1)  0.016
 617 Q   0.20765 0.20430 0.20049 0.19528 0.18524 0.00703 ( 1)  0.019
 618 K   0.21051 0.20636 0.20165 0.19525 0.18305 0.00319 ( 1)  0.016
 619 D   0.21319 0.20815 0.20246 0.19476 0.18022 0.00122 ( 1)  0.014
 620 L   0.21040 0.20628 0.20162 0.19527 0.18315 0.00327 ( 1)  0.016
 621 S   0.03666 0.09314 0.15529 0.23656 0.38094 0.09741 ( 5)  0.115
 622 N   0.03769 0.09561 0.15916 0.24189 0.38777 0.07788 ( 5)  0.095
 623 T   0.00012 0.00080 0.00232 0.00567 0.01629 0.97479 ( 6)  0.975
 624 T   0.21091 0.20661 0.20174 0.19513 0.18253 0.00307 ( 1)  0.015
 625 S   0.20767 0.20429 0.20044 0.19518 0.18506 0.00736 ( 1)  0.020
 626 K   0.03151 0.08036 0.13458 0.20628 0.33635 0.21093 ( 5)  0.226
 627 R   0.20681 0.20365 0.20004 0.19511 0.18559 0.00880 ( 1)  0.021
 628 E   0.21185 0.20727 0.20209 0.19506 0.18172 0.00201 ( 1)  0.014
 629 E   0.21185 0.20727 0.20209 0.19506 0.18172 0.00201 ( 1)  0.014
 630 C   0.21073 0.20653 0.20177 0.19529 0.18294 0.00273 ( 1)  0.015
 631 L   0.21040 0.20628 0.20162 0.19527 0.18315 0.00327 ( 1)  0.016
 632 Q   0.20949 0.20564 0.20127 0.19532 0.18392 0.00435 ( 1)  0.017
 633 V   0.20716 0.20394 0.20027 0.19525 0.18557 0.00781 ( 1)  0.020
 634 K   0.21249 0.20768 0.20225 0.19489 0.18096 0.00173 ( 1)  0.014
 635 A   0.20910 0.20536 0.20111 0.19530 0.18419 0.00494 ( 1)  0.017
 636 V   0.20986 0.20592 0.20145 0.19536 0.18371 0.00369 ( 1)  0.016
 637 K   0.21054 0.20638 0.20166 0.19525 0.18301 0.00316 ( 1)  0.016
 638 S   0.00014 0.00092 0.00264 0.00644 0.01849 0.97137 ( 6)  0.972
 639 E   0.21166 0.20714 0.20203 0.19509 0.18191 0.00217 ( 1)  0.015
 640 K   0.21252 0.20770 0.20226 0.19489 0.18093 0.00170 ( 1)  0.014
 641 P   0.21047 0.20630 0.20158 0.19516 0.18291 0.00358 ( 1)  0.016
 642 M   0.21406 0.20871 0.20268 0.19455 0.17921 0.00078 ( 1)  0.013
 643 T   0.21073 0.20649 0.20168 0.19515 0.18270 0.00325 ( 1)  0.016
 644 S   0.20631 0.20327 0.19979 0.19504 0.18584 0.00974 ( 1)  0.022
 645 Q   0.20765 0.20430 0.20049 0.19528 0.18524 0.00703 ( 1)  0.019
 646 P   0.21048 0.20631 0.20158 0.19516 0.18290 0.00357 ( 1)  0.016
 647 S   0.21319 0.20815 0.20246 0.19476 0.18022 0.00122 ( 1)  0.014
 648 P   0.20662 0.20348 0.19989 0.19499 0.18552 0.00949 ( 1)  0.022
 649 G   0.20625 0.20322 0.19978 0.19505 0.18592 0.00978 ( 1)  0.022
 650 G   0.20625 0.20322 0.19978 0.19505 0.18592 0.00978 ( 1)  0.022
 651 Q   0.20765 0.20430 0.20049 0.19528 0.18524 0.00703 ( 1)  0.019
 652 S   0.20631 0.20327 0.19979 0.19504 0.18584 0.00974 ( 1)  0.022
 653 T   0.21073 0.20649 0.20168 0.19515 0.18270 0.00325 ( 1)  0.016
 654 C   0.21073 0.20653 0.20177 0.19529 0.18294 0.00273 ( 1)  0.015
 655 S   0.21319 0.20815 0.20246 0.19476 0.18022 0.00122 ( 1)  0.014
 656 S   0.03702 0.09402 0.15670 0.23857 0.38377 0.08992 ( 5)  0.107
 657 E   0.21185 0.20727 0.20209 0.19506 0.18172 0.00201 ( 1)  0.014
 658 Q   0.20766 0.20431 0.20049 0.19528 0.18524 0.00702 ( 1)  0.019
 659 S   0.21040 0.20628 0.20162 0.19527 0.18315 0.00328 ( 1)  0.016
 660 P   0.21068 0.20645 0.20166 0.19515 0.18274 0.00332 ( 1)  0.016
 661 I   0.21154 0.20707 0.20201 0.19513 0.18207 0.00219 ( 1)  0.015
 662 S   0.21319 0.20815 0.20246 0.19476 0.18022 0.00122 ( 1)  0.014
 663 N   0.21384 0.20856 0.20260 0.19456 0.17940 0.00104 ( 1)  0.013
 664 Y   0.20648 0.20341 0.19990 0.19510 0.18582 0.00929 ( 1)  0.022
 665 S   0.21040 0.20628 0.20162 0.19527 0.18315 0.00328 ( 1)  0.016
 666 N   0.21384 0.20856 0.20260 0.19456 0.17940 0.00104 ( 1)  0.013
 667 N   0.03195 0.08148 0.13644 0.20911 0.34086 0.20015 ( 5)  0.215
 668 G   0.20765 0.20430 0.20049 0.19529 0.18526 0.00701 ( 1)  0.019
 669 I   0.21154 0.20707 0.20201 0.19513 0.18207 0.00219 ( 1)  0.015
 670 E   0.20979 0.20587 0.20142 0.19535 0.18375 0.00382 ( 1)  0.016
 671 L   0.20631 0.20327 0.19979 0.19504 0.18585 0.00974 ( 1)  0.022
 672 T   0.20691 0.20370 0.20005 0.19505 0.18542 0.00887 ( 1)  0.021
 673 L   0.20368 0.20112 0.19818 0.19416 0.18633 0.01653 ( 1)  0.029
 674 N   0.03124 0.07965 0.13334 0.20426 0.33269 0.21883 ( 5)  0.234
 675 G   0.00000 0.00001 0.00003 0.00010 0.00051 0.99936 ( 6)  0.999
 676 G   0.20735 0.20409 0.20037 0.19529 0.18549 0.00741 ( 1)  0.020
 677 S   0.00012 0.00079 0.00228 0.00558 0.01606 0.97518 ( 6)  0.976
 678 S   0.20982 0.20590 0.20144 0.19538 0.18378 0.00368 ( 1)  0.016
 679 V   0.03029 0.07732 0.12964 0.19904 0.32561 0.23810 ( 5)  0.253
 680 G   0.20907 0.20534 0.20111 0.19534 0.18427 0.00487 ( 1)  0.017
 681 D   0.21319 0.20815 0.20246 0.19476 0.18022 0.00122 ( 1)  0.014
 682 L   0.21040 0.20628 0.20162 0.19527 0.18315 0.00327 ( 1)  0.016
 683 S   0.20988 0.20594 0.20147 0.19538 0.18372 0.00362 ( 1)  0.016
 684 V   0.20986 0.20592 0.20145 0.19536 0.18371 0.00369 ( 1)  0.016
 685 I   0.21152 0.20705 0.20200 0.19514 0.18209 0.00221 ( 1)  0.015
 686 D   0.20984 0.20591 0.20145 0.19538 0.18376 0.00366 ( 1)  0.016
 687 E   0.21185 0.20727 0.20209 0.19506 0.18172 0.00201 ( 1)  0.014
 688 T   0.21091 0.20661 0.20174 0.19513 0.18253 0.00307 ( 1)  0.015
 689 P   0.21049 0.20632 0.20159 0.19516 0.18290 0.00356 ( 1)  0.016
 690 I   0.03407 0.08676 0.14504 0.22176 0.35979 0.15258 ( 5)  0.169
 691 M   0.21406 0.20871 0.20268 0.19455 0.17921 0.00078 ( 1)  0.013
 692 D   0.21317 0.20813 0.20245 0.19477 0.18025 0.00123 ( 1)  0.014
 693 S   0.20631 0.20327 0.19979 0.19504 0.18584 0.00974 ( 1)  0.022
 694 T   0.21091 0.20661 0.20174 0.19513 0.18253 0.00307 ( 1)  0.015
 695 I   0.20784 0.20446 0.20060 0.19533 0.18519 0.00658 ( 1)  0.019
 696 S   0.21040 0.20628 0.20162 0.19527 0.18315 0.00328 ( 1)  0.016
 697 T   0.21068 0.20646 0.20166 0.19515 0.18274 0.00330 ( 1)  0.016
 698 A   0.21074 0.20651 0.20172 0.19521 0.18279 0.00303 ( 1)  0.015
 699 T   0.21091 0.20661 0.20174 0.19513 0.18253 0.00307 ( 1)  0.015
 700 T   0.21073 0.20649 0.20168 0.19515 0.18270 0.00325 ( 1)  0.016
 701 A   0.21056 0.20639 0.20166 0.19523 0.18296 0.00321 ( 1)  0.016
 702 L   0.02187 0.05604 0.09439 0.14583 0.24158 0.44028 ( 6)  0.451
 703 G   0.21034 0.20625 0.20161 0.19530 0.18325 0.00325 ( 1)  0.016
 704 L   0.20169 0.19942 0.19683 0.19325 0.18629 0.02251 ( 1)  0.035
 705 Q   0.20765 0.20430 0.20049 0.19528 0.18524 0.00703 ( 1)  0.019
 706 A   0.21074 0.20651 0.20172 0.19521 0.18279 0.00303 ( 1)  0.015
 707 R   0.20964 0.20576 0.20135 0.19534 0.18384 0.00406 ( 1)  0.016
 708 R   0.20964 0.20576 0.20135 0.19534 0.18384 0.00406 ( 1)  0.016
 709 N   0.03216 0.08199 0.13728 0.21035 0.34275 0.19548 ( 5)  0.211
 710 M   0.03846 0.09754 0.16232 0.24658 0.39490 0.06020 ( 5)  0.078
 711 T   0.21073 0.20649 0.20168 0.19515 0.18270 0.00325 ( 1)  0.016
 712 G   0.20765 0.20430 0.20049 0.19529 0.18526 0.00701 ( 1)  0.019
 713 T   0.21091 0.20661 0.20174 0.19513 0.18253 0.00307 ( 1)  0.015
 714 K   0.03553 0.09032 0.15071 0.22985 0.37101 0.12259 ( 5)  0.139
 715 W   0.20476 0.20205 0.19896 0.19472 0.18648 0.01303 ( 1)  0.025
 716 M   0.21406 0.20871 0.20268 0.19455 0.17921 0.00078 ( 1)  0.013
 717 E   0.20979 0.20587 0.20142 0.19535 0.18375 0.00382 ( 1)  0.016
 718 Q   0.20952 0.20567 0.20129 0.19532 0.18390 0.00430 ( 1)  0.017
 719 V   0.20748 0.20418 0.20043 0.19530 0.18542 0.00718 ( 1)  0.020
 720 K   0.21251 0.20769 0.20225 0.19489 0.18094 0.00171 ( 1)  0.014
 721 L   0.00005 0.00035 0.00102 0.00251 0.00731 0.98876 ( 6)  0.989
 722 E   0.21185 0.20727 0.20209 0.19506 0.18172 0.00201 ( 1)  0.014
 723 R   0.20963 0.20575 0.20135 0.19534 0.18386 0.00407 ( 1)  0.016
 724 L   0.20131 0.19911 0.19659 0.19312 0.18635 0.02354 ( 1)  0.036
 725 K   0.21252 0.20770 0.20226 0.19489 0.18093 0.00170 ( 1)  0.014
 726 Q   0.20952 0.20567 0.20129 0.19532 0.18390 0.00430 ( 1)  0.017
 727 V   0.20572 0.20281 0.19949 0.19494 0.18614 0.01089 ( 1)  0.023
 728 N   0.21059 0.20642 0.20170 0.19527 0.18302 0.00301 ( 1)  0.015
 729 G   0.20907 0.20534 0.20111 0.19534 0.18427 0.00487 ( 1)  0.017
 730 L   0.00000 0.00000 0.00000 0.00002 0.00013 0.99985 ( 6)  1.000
 731 L   0.20631 0.20327 0.19979 0.19504 0.18585 0.00974 ( 1)  0.022
 732 P   0.21049 0.20631 0.20159 0.19516 0.18290 0.00356 ( 1)  0.016
 733 R   0.21073 0.20650 0.20172 0.19521 0.18281 0.00303 ( 1)  0.015
 734 L   0.20368 0.20112 0.19818 0.19416 0.18633 0.01653 ( 1)  0.029
 735 N   0.21384 0.20856 0.20260 0.19456 0.17940 0.00104 ( 1)  0.013
 736 P   0.21068 0.20645 0.20166 0.19515 0.18274 0.00332 ( 1)  0.016
 737 V   0.00000 0.00000 0.00000 0.00000 0.00000 1.00000 ( 6)  1.000
 738 P   0.21047 0.20630 0.20158 0.19516 0.18291 0.00358 ( 1)  0.016
 739 P   0.20662 0.20348 0.19989 0.19499 0.18552 0.00949 ( 1)  0.022
 740 S   0.21004 0.20603 0.20148 0.19529 0.18345 0.00370 ( 1)  0.016
 741 K   0.21252 0.20770 0.20226 0.19489 0.18093 0.00170 ( 1)  0.014
 742 A   0.21074 0.20651 0.20172 0.19521 0.18279 0.00303 ( 1)  0.015
 743 P   0.20839 0.20482 0.20077 0.19523 0.18460 0.00619 ( 1)  0.019
 744 T   0.00000 0.00000 0.00000 0.00000 0.00000 1.00000 ( 6)  1.000
 745 L   0.20131 0.19911 0.19659 0.19312 0.18635 0.02354 ( 1)  0.036
 746 P   0.20824 0.20471 0.20069 0.19521 0.18468 0.00648 ( 1)  0.019
 747 P   0.20662 0.20348 0.19989 0.19499 0.18552 0.00949 ( 1)  0.022
 748 L   0.21040 0.20628 0.20162 0.19527 0.18315 0.00327 ( 1)  0.016
 749 I   0.03754 0.09528 0.15869 0.24135 0.38745 0.07969 ( 5)  0.097
 750 G   0.20907 0.20534 0.20111 0.19534 0.18427 0.00487 ( 1)  0.017
 751 N   0.21055 0.20640 0.20169 0.19528 0.18305 0.00304 ( 1)  0.015
 752 G   0.20625 0.20322 0.19978 0.19505 0.18592 0.00978 ( 1)  0.022
 753 T   0.21091 0.20661 0.20174 0.19513 0.18253 0.00307 ( 1)  0.015
 754 Q   0.02530 0.06475 0.10886 0.16777 0.27654 0.35677 ( 6)  0.369
 755 S   0.02146 0.05499 0.09261 0.14306 0.23694 0.45093 ( 6)  0.462
 756 N   0.03767 0.09556 0.15907 0.24177 0.38761 0.07832 ( 5)  0.096
 757 S   0.21319 0.20815 0.20246 0.19476 0.18022 0.00122 ( 1)  0.014
 758 S   0.21319 0.20815 0.20246 0.19476 0.18022 0.00122 ( 1)  0.014
 759 C   0.21073 0.20653 0.20177 0.19529 0.18294 0.00273 ( 1)  0.015
 760 S   0.00029 0.00192 0.00553 0.01343 0.03818 0.94066 ( 6)  0.942
 761 V   0.20931 0.20553 0.20124 0.19539 0.18417 0.00435 ( 1)  0.017
 762 G   0.20907 0.20534 0.20111 0.19534 0.18427 0.00487 ( 1)  0.017
 763 G   0.20902 0.20531 0.20109 0.19534 0.18431 0.00494 ( 1)  0.017
 764 S   0.21040 0.20628 0.20162 0.19527 0.18315 0.00328 ( 1)  0.016
 765 M   0.03845 0.09752 0.16229 0.24655 0.39485 0.06033 ( 5)  0.078
 766 T   0.20687 0.20367 0.20003 0.19505 0.18543 0.00895 ( 1)  0.021
 767 I   0.20784 0.20446 0.20060 0.19533 0.18519 0.00658 ( 1)  0.019
 768 L   0.20401 0.20139 0.19840 0.19430 0.18632 0.01558 ( 1)  0.028
 769 P   0.21007 0.20603 0.20145 0.19521 0.18330 0.00394 ( 1)  0.016
 770 N   0.03767 0.09556 0.15907 0.24177 0.38761 0.07832 ( 5)  0.096
 771 R   0.20963 0.20575 0.20135 0.19534 0.18386 0.00407 ( 1)  0.016
 772 N   0.21197 0.20735 0.20212 0.19504 0.18159 0.00194 ( 1)  0.014
 773 E   0.21182 0.20725 0.20208 0.19507 0.18174 0.00203 ( 1)  0.014
 774 L   0.20794 0.20451 0.20060 0.19526 0.18500 0.00668 ( 1)  0.019
 775 S   0.20747 0.20415 0.20036 0.19519 0.18522 0.00761 ( 1)  0.020
 776 S   0.20982 0.20590 0.20144 0.19538 0.18378 0.00368 ( 1)  0.016
 777 T   0.02542 0.06502 0.10927 0.16828 0.27701 0.35500 ( 6)  0.367
 778 D   0.21319 0.20815 0.20246 0.19476 0.18022 0.00122 ( 1)  0.014
 779 I   0.21154 0.20707 0.20201 0.19513 0.18207 0.00219 ( 1)  0.015
 780 T   0.20737 0.20406 0.20030 0.19515 0.18523 0.00790 ( 1)  0.020
 781 V   0.02419 0.06193 0.10420 0.16076 0.26558 0.38335 ( 6)  0.395
 782 L   0.20133 0.19913 0.19660 0.19312 0.18633 0.02349 ( 1)  0.036
 783 N   0.21381 0.20854 0.20259 0.19457 0.17943 0.00105 ( 1)  0.013
 784 M   0.03840 0.09739 0.16209 0.24626 0.39449 0.06136 ( 5)  0.079
 785 L   0.01927 0.04942 0.08332 0.12891 0.21419 0.50490 ( 6)  0.514
 786 N   0.21384 0.20856 0.20260 0.19456 0.17940 0.00104 ( 1)  0.013
 787 R   0.20963 0.20575 0.20135 0.19534 0.18386 0.00407 ( 1)  0.016
 788 R   0.20963 0.20575 0.20135 0.19534 0.18386 0.00407 ( 1)  0.016
 789 D   0.21319 0.20815 0.20246 0.19476 0.18022 0.00122 ( 1)  0.014
 790 S   0.21319 0.20815 0.20246 0.19476 0.18022 0.00122 ( 1)  0.014
 791 N   0.21053 0.20638 0.20168 0.19528 0.18307 0.00305 ( 1)  0.015
 792 T   0.02358 0.06037 0.10156 0.15664 0.25862 0.39923 ( 6)  0.411
 793 S   0.21316 0.20813 0.20245 0.19477 0.18025 0.00123 ( 1)  0.014
 794 T   0.21073 0.20649 0.20168 0.19515 0.18270 0.00325 ( 1)  0.016
 795 I   0.03412 0.08688 0.14523 0.22205 0.36021 0.15151 ( 5)  0.168
 796 S   0.20982 0.20590 0.20144 0.19538 0.18378 0.00368 ( 1)  0.016
 797 S   0.20767 0.20429 0.20044 0.19518 0.18506 0.00736 ( 1)  0.020
 798 A   0.21055 0.20638 0.20165 0.19523 0.18297 0.00321 ( 1)  0.016
 799 Y   0.21056 0.20640 0.20168 0.19527 0.18304 0.00305 ( 1)  0.015
 800 L   0.20281 0.20037 0.19758 0.19374 0.18628 0.01922 ( 1)  0.032
 801 S   0.21319 0.20815 0.20246 0.19476 0.18022 0.00122 ( 1)  0.014
 802 S   0.21319 0.20815 0.20246 0.19476 0.18022 0.00122 ( 1)  0.014
 803 R   0.21073 0.20650 0.20171 0.19521 0.18280 0.00306 ( 1)  0.015
 804 R   0.20963 0.20575 0.20135 0.19534 0.18386 0.00407 ( 1)  0.016
 805 S   0.21014 0.20610 0.20152 0.19528 0.18337 0.00358 ( 1)  0.016
 806 S   0.20636 0.20331 0.19982 0.19505 0.18583 0.00963 ( 1)  0.022
 807 G   0.20907 0.20534 0.20111 0.19534 0.18427 0.00487 ( 1)  0.017
 808 I   0.21154 0.20707 0.20201 0.19513 0.18207 0.00219 ( 1)  0.015
 809 S   0.20765 0.20427 0.20043 0.19518 0.18507 0.00741 ( 1)  0.020
 810 P   0.20662 0.20348 0.19989 0.19499 0.18552 0.00949 ( 1)  0.022
 811 C   0.21073 0.20653 0.20177 0.19529 0.18294 0.00273 ( 1)  0.015
 812 F   0.21076 0.20655 0.20179 0.19531 0.18295 0.00264 ( 1)  0.015
 813 S   0.21037 0.20626 0.20161 0.19527 0.18318 0.00331 ( 1)  0.016
 814 S   0.21319 0.20815 0.20246 0.19476 0.18022 0.00122 ( 1)  0.014
 815 R   0.20642 0.20331 0.19977 0.19492 0.18555 0.01002 ( 1)  0.022
 816 R   0.20964 0.20576 0.20135 0.19534 0.18385 0.00407 ( 1)  0.016
 817 S   0.20995 0.20598 0.20146 0.19531 0.18356 0.00374 ( 1)  0.016
 818 S   0.21268 0.20782 0.20232 0.19488 0.18079 0.00151 ( 1)  0.014
 819 D   0.00032 0.00212 0.00608 0.01476 0.04192 0.93481 ( 6)  0.936
 820 A   0.21074 0.20651 0.20172 0.19521 0.18279 0.00303 ( 1)  0.015
 821 S   0.21003 0.20602 0.20148 0.19529 0.18346 0.00372 ( 1)  0.016
 822 Q   0.20765 0.20430 0.20049 0.19528 0.18524 0.00703 ( 1)  0.019
 823 V   0.00000 0.00000 0.00000 0.00000 0.00003 0.99997 ( 6)  1.000
 824 E   0.20981 0.20588 0.20142 0.19535 0.18374 0.00380 ( 1)  0.016
 825 G   0.20879 0.20515 0.20101 0.19536 0.18451 0.00519 ( 1)  0.018
 826 R   0.21069 0.20647 0.20170 0.19521 0.18284 0.00309 ( 1)  0.015
 827 P   0.20903 0.20528 0.20103 0.19524 0.18413 0.00528 ( 1)  0.018
 828 Q   0.20804 0.20459 0.20067 0.19532 0.18502 0.00635 ( 1)  0.019
 829 N   0.21335 0.20824 0.20247 0.19468 0.17997 0.00128 ( 1)  0.014
 830 V   0.00014 0.00096 0.00278 0.00679 0.01950 0.96981 ( 6)  0.971
 831 S   0.21177 0.20722 0.20206 0.19507 0.18179 0.00210 ( 1)  0.014
 832 V   0.20572 0.20281 0.19949 0.19494 0.18614 0.01089 ( 1)  0.023
 833 A   0.21027 0.20619 0.20155 0.19524 0.18320 0.00354 ( 1)  0.016
 834 D   0.21319 0.20815 0.20246 0.19476 0.18022 0.00122 ( 1)  0.014
 835 S   0.21021 0.20615 0.20155 0.19529 0.18333 0.00348 ( 1)  0.016
 836 Y   0.20782 0.20443 0.20057 0.19529 0.18513 0.00677 ( 1)  0.019
 837 D   0.21316 0.20813 0.20245 0.19477 0.18025 0.00123 ( 1)  0.014
 838 P   0.21068 0.20645 0.20166 0.19515 0.18274 0.00332 ( 1)  0.016
 839 I   0.21137 0.20695 0.20195 0.19516 0.18223 0.00233 ( 1)  0.015
 840 S   0.20664 0.20350 0.19993 0.19504 0.18561 0.00927 ( 1)  0.022
 841 T   0.20876 0.20509 0.20093 0.19524 0.18434 0.00563 ( 1)  0.018
 842 D   0.20987 0.20593 0.20146 0.19538 0.18373 0.00363 ( 1)  0.016
 843 A   0.21062 0.20643 0.20168 0.19522 0.18290 0.00316 ( 1)  0.016
 844 S   0.20968 0.20578 0.20135 0.19532 0.18377 0.00409 ( 1)  0.017
 845 R   0.20636 0.20327 0.19973 0.19490 0.18557 0.01017 ( 1)  0.023
 846 R   0.21037 0.20625 0.20158 0.19523 0.18311 0.00346 ( 1)  0.016
 847 S   0.21038 0.20627 0.20161 0.19527 0.18316 0.00330 ( 1)  0.016
 848 S   0.20987 0.20593 0.20146 0.19538 0.18373 0.00363 ( 1)  0.016
 849 E   0.21185 0.20727 0.20209 0.19506 0.18172 0.00201 ( 1)  0.014
 850 A   0.00020 0.00133 0.00384 0.00934 0.02670 0.95859 ( 6)  0.960
 851 S   0.21319 0.20815 0.20246 0.19476 0.18022 0.00122 ( 1)  0.014
 852 Q   0.20780 0.20442 0.20057 0.19530 0.18516 0.00675 ( 1)  0.019
 853 C   0.02370 0.06069 0.10216 0.15769 0.26076 0.39500 ( 6)  0.407
 854 D   0.20982 0.20590 0.20144 0.19538 0.18378 0.00369 ( 1)  0.016
 855 D   0.21280 0.20790 0.20236 0.19486 0.18067 0.00141 ( 1)  0.014
 856 L   0.20379 0.20121 0.19826 0.19420 0.18632 0.01622 ( 1)  0.029
 857 P   0.21018 0.20611 0.20149 0.19521 0.18321 0.00379 ( 1)  0.016
 858 S   0.21035 0.20625 0.20161 0.19529 0.18322 0.00328 ( 1)  0.016
 859 L   0.20638 0.20332 0.19983 0.19506 0.18582 0.00959 ( 1)  0.022
 860 L   0.21040 0.20628 0.20162 0.19527 0.18315 0.00327 ( 1)  0.016
 861 S   0.21319 0.20815 0.20246 0.19476 0.18022 0.00122 ( 1)  0.014
 862 L   0.21040 0.20628 0.20162 0.19527 0.18315 0.00327 ( 1)  0.016
 863 T   0.21091 0.20661 0.20174 0.19513 0.18253 0.00307 ( 1)  0.015
 864 P   0.20932 0.20550 0.20116 0.19525 0.18393 0.00483 ( 1)  0.017
 865 A   0.21074 0.20651 0.20172 0.19521 0.18279 0.00303 ( 1)  0.015
 866 Q   0.20765 0.20430 0.20049 0.19528 0.18524 0.00703 ( 1)  0.019
 867 Q   0.20948 0.20563 0.20127 0.19532 0.18393 0.00438 ( 1)  0.017
 868 Y   0.21056 0.20640 0.20168 0.19527 0.18304 0.00305 ( 1)  0.015
 869 R   0.20963 0.20575 0.20135 0.19534 0.18386 0.00407 ( 1)  0.016
 870 L   0.20368 0.20112 0.19818 0.19416 0.18633 0.01653 ( 1)  0.029
 871 K   0.21252 0.20770 0.20226 0.19489 0.18093 0.00170 ( 1)  0.014
 872 V   0.02257 0.05782 0.09734 0.15029 0.24865 0.42333 ( 6)  0.434
 873 K   0.21252 0.20770 0.20226 0.19489 0.18093 0.00170 ( 1)  0.014
 874 Y   0.20660 0.20350 0.19996 0.19513 0.18578 0.00903 ( 1)  0.021
 875 A   0.21056 0.20639 0.20166 0.19523 0.18296 0.00321 ( 1)  0.016
 876 A   0.21056 0.20639 0.20166 0.19523 0.18296 0.00321 ( 1)  0.016
 877 A   0.20668 0.20355 0.19997 0.19508 0.18564 0.00907 ( 1)  0.021
 878 T   0.20687 0.20367 0.20003 0.19505 0.18543 0.00895 ( 1)  0.021
 879 G   0.20625 0.20322 0.19978 0.19505 0.18592 0.00978 ( 1)  0.022
 880 G   0.20907 0.20534 0.20111 0.19534 0.18427 0.00487 ( 1)  0.017
 881 P   0.21068 0.20645 0.20166 0.19515 0.18274 0.00332 ( 1)  0.016
 882 P   0.21047 0.20630 0.20158 0.19516 0.18291 0.00358 ( 1)  0.016
 883 P   0.21047 0.20631 0.20158 0.19516 0.18291 0.00358 ( 1)  0.016
 884 T   0.20687 0.20367 0.20003 0.19505 0.18543 0.00895 ( 1)  0.021
 885 P   0.21049 0.20631 0.20159 0.19516 0.18290 0.00356 ( 1)  0.016
 886 L   0.20368 0.20112 0.19818 0.19416 0.18633 0.01653 ( 1)  0.029
 887 P   0.20670 0.20354 0.19994 0.19501 0.18550 0.00932 ( 1)  0.022
 888 N   0.21361 0.20841 0.20254 0.19462 0.17967 0.00114 ( 1)  0.013
 889 M   0.21406 0.20871 0.20268 0.19455 0.17921 0.00078 ( 1)  0.013
 890 E   0.20979 0.20587 0.20142 0.19535 0.18375 0.00382 ( 1)  0.016
 891 R   0.20963 0.20575 0.20135 0.19534 0.18386 0.00407 ( 1)  0.016
 892 M   0.21406 0.20871 0.20268 0.19455 0.17921 0.00078 ( 1)  0.013
 893 S   0.21319 0.20815 0.20246 0.19476 0.18022 0.00122 ( 1)  0.014
 894 L   0.21036 0.20626 0.20161 0.19527 0.18318 0.00331 ( 1)  0.016
 895 K   0.21181 0.20724 0.20207 0.19505 0.18173 0.00211 ( 1)  0.014
 896 T   0.21073 0.20649 0.20168 0.19515 0.18270 0.00325 ( 1)  0.016
 897 R   0.20964 0.20576 0.20135 0.19534 0.18385 0.00407 ( 1)  0.016
 898 M   0.21406 0.20871 0.20268 0.19455 0.17921 0.00078 ( 1)  0.013
 899 A   0.21056 0.20639 0.20166 0.19523 0.18296 0.00321 ( 1)  0.016
 900 L   0.02441 0.06257 0.10538 0.16282 0.26970 0.37512 ( 6)  0.387
 901 L   0.20132 0.19912 0.19660 0.19312 0.18634 0.02350 ( 1)  0.036
 902 G   0.20663 0.20351 0.19996 0.19509 0.18569 0.00911 ( 1)  0.022
 903 D   0.21319 0.20815 0.20246 0.19476 0.18022 0.00122 ( 1)  0.014
 904 C   0.21073 0.20653 0.20177 0.19529 0.18294 0.00273 ( 1)  0.015
 905 K   0.00027 0.00178 0.00512 0.01244 0.03538 0.94502 ( 6)  0.946
 906 E   0.03065 0.07823 0.13112 0.20122 0.32885 0.22993 ( 5)  0.245
 907 S   0.20660 0.20350 0.19996 0.19511 0.18574 0.00909 ( 1)  0.022
 908 G   0.20907 0.20534 0.20111 0.19534 0.18427 0.00487 ( 1)  0.017
 909 V   0.00000 0.00000 0.00000 0.00000 0.00000 1.00000 ( 6)  1.000
 910 S   0.02182 0.05591 0.09417 0.14550 0.24104 0.44157 ( 6)  0.452
 911 L   0.20361 0.20106 0.19814 0.19412 0.18633 0.01674 ( 1)  0.029
 912 P   0.20662 0.20348 0.19989 0.19499 0.18552 0.00949 ( 1)  0.022
 913 P   0.02762 0.07059 0.11849 0.18221 0.29904 0.30205 ( 6)  0.315
 914 V   0.20718 0.20395 0.20028 0.19525 0.18556 0.00777 ( 1)  0.020
 915 N   0.03228 0.08228 0.13776 0.21106 0.34381 0.19281 ( 5)  0.208
 916 A   0.00032 0.00215 0.00616 0.01494 0.04237 0.93406 ( 6)  0.936
 917 P   0.20662 0.20348 0.19989 0.19499 0.18552 0.00949 ( 1)  0.022
 918 R   0.20445 0.20171 0.19858 0.19429 0.18598 0.01500 ( 1)  0.027
 919 R   0.21073 0.20650 0.20172 0.19521 0.18281 0.00303 ( 1)  0.015
 920 C   0.00014 0.00090 0.00261 0.00637 0.01830 0.97169 ( 6)  0.972
 921 S   0.20982 0.20590 0.20145 0.19538 0.18377 0.00368 ( 1)  0.016
 922 D   0.21108 0.20676 0.20186 0.19521 0.18253 0.00255 ( 1)  0.015
 923 G   0.00014 0.00096 0.00275 0.00673 0.01932 0.97010 ( 6)  0.971
 924 G   0.20765 0.20430 0.20049 0.19529 0.18526 0.00701 ( 1)  0.019
 925 A   0.03170 0.08081 0.13530 0.20732 0.33779 0.20708 ( 5)  0.222
 926 N   0.21053 0.20638 0.20168 0.19528 0.18307 0.00305 ( 1)  0.015
 927 G   0.20625 0.20322 0.19978 0.19505 0.18592 0.00978 ( 1)  0.022
 928 Y   0.21056 0.20640 0.20168 0.19527 0.18304 0.00305 ( 1)  0.015
 929 S   0.21319 0.20815 0.20246 0.19476 0.18022 0.00122 ( 1)  0.014
 930 R   0.20964 0.20576 0.20135 0.19534 0.18385 0.00407 ( 1)  0.016
 931 R   0.20965 0.20576 0.20135 0.19534 0.18384 0.00406 ( 1)  0.016
 932 H   0.21040 0.20629 0.20163 0.19529 0.18318 0.00322 ( 1)  0.016
 933 F   0.02515 0.06438 0.10830 0.16703 0.27575 0.35939 ( 6)  0.372
 934 L   0.20384 0.20125 0.19829 0.19422 0.18631 0.01609 ( 1)  0.028
 935 S   0.02186 0.05602 0.09436 0.14578 0.24149 0.44049 ( 6)  0.451
 936 H   0.03249 0.08281 0.13860 0.21227 0.34553 0.18830 ( 5)  0.204
 937 D   0.03224 0.08220 0.13762 0.21086 0.34350 0.19357 ( 5)  0.209
 938 G   0.00000 0.00000 0.00000 0.00000 0.00001 0.99998 ( 6)  1.000
 939 L   0.01691 0.04342 0.07331 0.11365 0.18958 0.56313 ( 6)  0.572
 940 G   0.20907 0.20534 0.20111 0.19534 0.18427 0.00487 ( 1)  0.017
 941 N   0.21136 0.20694 0.20193 0.19513 0.18220 0.00244 ( 1)  0.015
 942 G   0.20767 0.20432 0.20051 0.19529 0.18525 0.00696 ( 1)  0.019
 943 T   0.20997 0.20597 0.20143 0.19525 0.18344 0.00396 ( 1)  0.016
 944 R   0.20986 0.20590 0.20141 0.19530 0.18361 0.00393 ( 1)  0.016
 945 R   0.21073 0.20650 0.20172 0.19521 0.18281 0.00303 ( 1)  0.015
 946 A   0.21074 0.20651 0.20172 0.19521 0.18279 0.00303 ( 1)  0.015
 947 S   0.21021 0.20617 0.20159 0.19535 0.18342 0.00325 ( 1)  0.016
 948 D   0.20982 0.20590 0.20144 0.19538 0.18378 0.00369 ( 1)  0.016
 949 P   0.21004 0.20600 0.20141 0.19517 0.18326 0.00413 ( 1)  0.017
 950 V   0.00026 0.00175 0.00503 0.01223 0.03481 0.94591 ( 6)  0.947
 951 R   0.21073 0.20650 0.20172 0.19521 0.18281 0.00303 ( 1)  0.015
 952 M   0.03847 0.09755 0.16234 0.24661 0.39494 0.06010 ( 5)  0.078
 953 V   0.00032 0.00210 0.00602 0.01461 0.04140 0.93556 ( 6)  0.937
 954 S   0.20963 0.20575 0.20134 0.19533 0.18383 0.00413 ( 1)  0.017
 955 D   0.00070 0.00460 0.01314 0.03169 0.08881 0.86108 ( 6)  0.864
 956 N   0.03704 0.09404 0.15668 0.23842 0.38314 0.09068 ( 5)  0.108
 957 L   0.02290 0.05877 0.09913 0.15349 0.25529 0.41043 ( 6)  0.422
 958 S   0.20631 0.20327 0.19979 0.19504 0.18584 0.00974 ( 1)  0.022
 959 V   0.00022 0.00144 0.00415 0.01009 0.02881 0.95530 ( 6)  0.956
 960 P   0.02339 0.05988 0.10073 0.15535 0.25646 0.40419 ( 6)  0.416
 961 R   0.03186 0.08122 0.13596 0.20828 0.33921 0.20348 ( 5)  0.219
 962 V   0.20986 0.20592 0.20145 0.19536 0.18371 0.00369 ( 1)  0.016
 963 Q   0.20780 0.20442 0.20057 0.19530 0.18516 0.00675 ( 1)  0.019
 964 R   0.02321 0.05943 0.10002 0.15437 0.25518 0.40779 ( 6)  0.419
 965 F   0.21107 0.20677 0.20189 0.19527 0.18265 0.00235 ( 1)  0.015
 966 N   0.21384 0.20856 0.20260 0.19456 0.17940 0.00104 ( 1)  0.013
 967 S   0.20990 0.20595 0.20147 0.19537 0.18370 0.00360 ( 1)  0.016
 968 L   0.20634 0.20329 0.19981 0.19505 0.18584 0.00967 ( 1)  0.022
 969 N   0.03220 0.08210 0.13746 0.21061 0.34311 0.19450 ( 5)  0.210
 970 S   0.03699 0.09393 0.15657 0.23838 0.38350 0.09063 ( 5)  0.108
 971 F   0.20759 0.20429 0.20053 0.19538 0.18547 0.00675 ( 1)  0.019
 972 N   0.03760 0.09539 0.15880 0.24138 0.38707 0.07976 ( 5)  0.097
 973 P   0.00000 0.00000 0.00000 0.00000 0.00001 0.99999 ( 6)  1.000
 974 P   0.20662 0.20348 0.19989 0.19499 0.18552 0.00949 ( 1)  0.022
 975 A   0.02256 0.05778 0.09728 0.15020 0.24849 0.42369 ( 6)  0.435
 976 L   0.20133 0.19913 0.19660 0.19313 0.18634 0.02347 ( 1)  0.036
 977 P   0.20662 0.20348 0.19989 0.19499 0.18552 0.00949 ( 1)  0.022
 978 P   0.21047 0.20630 0.20158 0.19516 0.18291 0.00358 ( 1)  0.016
 979 S   0.21040 0.20628 0.20162 0.19527 0.18315 0.00328 ( 1)  0.016
 980 M   0.00000 0.00000 0.00000 0.00001 0.00006 0.99993 ( 6)  1.000
 981 E   0.21185 0.20727 0.20209 0.19506 0.18172 0.00201 ( 1)  0.014
 982 K   0.21076 0.20652 0.20172 0.19519 0.18275 0.00305 ( 1)  0.015
 983 *   0.03190 0.08132 0.13613 0.20852 0.33959 0.20255 ( 5)  0.218
 984 N   0.21382 0.20855 0.20260 0.19456 0.17943 0.00105 ( 1)  0.013
 985 F   0.00000 0.00000 0.00002 0.00010 0.00048 0.99940 ( 6)  0.999
 986 V   0.20612 0.20313 0.19972 0.19506 0.18603 0.00995 ( 1)  0.022
 987 L   0.20629 0.20325 0.19978 0.19503 0.18585 0.00979 ( 1)  0.022
 988 Q   0.20765 0.20430 0.20049 0.19528 0.18524 0.00703 ( 1)  0.019
 989 N   0.21381 0.20854 0.20259 0.19457 0.17944 0.00105 ( 1)  0.013
 990 Y   0.00020 0.00134 0.00387 0.00942 0.02690 0.95828 ( 6)  0.959
 991 T   0.21089 0.20660 0.20174 0.19513 0.18255 0.00309 ( 1)  0.015
 992 R   0.00013 0.00085 0.00246 0.00602 0.01731 0.97322 ( 6)  0.974
 993 S   0.20631 0.20327 0.19979 0.19504 0.18584 0.00974 ( 1)  0.022
 994 E   0.21006 0.20604 0.20149 0.19530 0.18345 0.00366 ( 1)  0.016
 995 G   0.20628 0.20325 0.19980 0.19506 0.18591 0.00970 ( 1)  0.022
 996 G   0.20959 0.20572 0.20133 0.19535 0.18390 0.00411 ( 1)  0.017
 997 V   0.00027 0.00177 0.00510 0.01240 0.03528 0.94518 ( 6)  0.946
 998 F   0.21107 0.20677 0.20189 0.19527 0.18265 0.00235 ( 1)  0.015
 999 R   0.20935 0.20553 0.20119 0.19528 0.18396 0.00467 ( 1)  0.017
1000 G   0.00038 0.00251 0.00720 0.01747 0.04945 0.92299 ( 6)  0.925
1001 F   0.21107 0.20677 0.20189 0.19527 0.18265 0.00235 ( 1)  0.015
1002 S   0.00000 0.00003 0.00017 0.00064 0.00312 0.99603 ( 6)  0.996
1003 S   0.21035 0.20625 0.20160 0.19527 0.18319 0.00333 ( 1)  0.016
1004 P   0.21063 0.20641 0.20164 0.19516 0.18279 0.00337 ( 1)  0.016
1005 C   0.20697 0.20380 0.20019 0.19525 0.18572 0.00808 ( 1)  0.021
1006 P   0.20662 0.20348 0.19989 0.19499 0.18552 0.00949 ( 1)  0.022
1007 P   0.21009 0.20604 0.20144 0.19519 0.18325 0.00400 ( 1)  0.016
1008 S   0.21300 0.20803 0.20241 0.19481 0.18043 0.00132 ( 1)  0.014
1009 I   0.21152 0.20705 0.20200 0.19514 0.18209 0.00221 ( 1)  0.015
1010 S   0.21257 0.20775 0.20229 0.19491 0.18092 0.00155 ( 1)  0.014
1011 E   0.20982 0.20589 0.20143 0.19535 0.18372 0.00379 ( 1)  0.016
1012 N   0.21361 0.20841 0.20254 0.19462 0.17967 0.00114 ( 1)  0.013
1013 V   0.02856 0.07297 0.12250 0.18838 0.30918 0.27841 ( 5)  0.292
1014 A   0.00000 0.00002 0.00008 0.00030 0.00147 0.99813 ( 6)  0.998
1015 L   0.20366 0.20110 0.19817 0.19414 0.18632 0.01661 ( 1)  0.029
1016 E   0.20979 0.20587 0.20142 0.19535 0.18375 0.00382 ( 1)  0.016
1017 A   0.20668 0.20355 0.19997 0.19508 0.18564 0.00907 ( 1)  0.021
1018 A   0.02260 0.05788 0.09745 0.15045 0.24891 0.42271 ( 6)  0.434
1019 T   0.00000 0.00000 0.00000 0.00000 0.00002 0.99998 ( 6)  1.000
1020 M   0.21406 0.20871 0.20268 0.19455 0.17921 0.00078 ( 1)  0.013
1021 E   0.21185 0.20727 0.20209 0.19506 0.18172 0.00201 ( 1)  0.014
1022 A   0.02977 0.07599 0.12739 0.19554 0.31974 0.25157 ( 5)  0.266
1023 G   0.20625 0.20322 0.19978 0.19505 0.18592 0.00978 ( 1)  0.022
1024 G   0.03354 0.08542 0.14285 0.21853 0.35490 0.16476 ( 5)  0.181
1025 S   0.20990 0.20595 0.20147 0.19537 0.18370 0.00360 ( 1)  0.016
1026 L   0.20323 0.20073 0.19787 0.19394 0.18630 0.01795 ( 1)  0.030
1027 N   0.21058 0.20642 0.20169 0.19528 0.18302 0.00301 ( 1)  0.015
1028 D   0.03071 0.07838 0.13140 0.20169 0.32976 0.22805 ( 5)  0.243
1029 E   0.20979 0.20587 0.20142 0.19535 0.18375 0.00382 ( 1)  0.016
1030 D   0.20982 0.20590 0.20144 0.19538 0.18378 0.00369 ( 1)  0.016
1031 L   0.21030 0.20621 0.20158 0.19528 0.18324 0.00339 ( 1)  0.016
1032 L   0.20368 0.20112 0.19818 0.19416 0.18633 0.01653 ( 1)  0.029
1033 P   0.21044 0.20628 0.20157 0.19516 0.18293 0.00361 ( 1)  0.016
1034 D   0.20982 0.20590 0.20144 0.19538 0.18378 0.00369 ( 1)  0.016
1035 D   0.21227 0.20755 0.20221 0.19497 0.18125 0.00175 ( 1)  0.014
1036 V   0.20750 0.20419 0.20042 0.19527 0.18534 0.00727 ( 1)  0.020
1037 V   0.20741 0.20412 0.20038 0.19526 0.18539 0.00743 ( 1)  0.020
1038 Q   0.20765 0.20430 0.20049 0.19528 0.18524 0.00703 ( 1)  0.019
1039 Y   0.20653 0.20344 0.19993 0.19511 0.18581 0.00918 ( 1)  0.022
1040 L   0.20344 0.20091 0.19801 0.19404 0.18631 0.01730 ( 1)  0.030
1041 N   0.21055 0.20640 0.20169 0.19528 0.18305 0.00304 ( 1)  0.015
1042 S   0.21036 0.20626 0.20160 0.19527 0.18319 0.00332 ( 1)  0.016
1043 Q   0.20765 0.20430 0.20049 0.19528 0.18524 0.00703 ( 1)  0.019
1044 N   0.21384 0.20856 0.20260 0.19456 0.17940 0.00104 ( 1)  0.013
1045 Q   0.20765 0.20430 0.20049 0.19528 0.18524 0.00703 ( 1)  0.019
1046 G   0.00034 0.00223 0.00639 0.01551 0.04399 0.93154 ( 6)  0.933
1047 M   0.00000 0.00000 0.00000 0.00002 0.00014 0.99983 ( 6)  1.000
1048 Y   0.00017 0.00113 0.00325 0.00794 0.02276 0.96475 ( 6)  0.966
1049 D   0.21319 0.20815 0.20246 0.19476 0.18022 0.00122 ( 1)  0.014
1050 H   0.21260 0.20776 0.20230 0.19490 0.18088 0.00156 ( 1)  0.014
1051 L   0.20134 0.19914 0.19661 0.19313 0.18634 0.02344 ( 1)  0.036
1052 L   0.01326 0.03411 0.05771 0.08971 0.15048 0.65473 ( 6)  0.661
1053 N   0.03753 0.09523 0.15854 0.24101 0.38655 0.08114 ( 5)  0.099
1054 N   0.00000 0.00002 0.00008 0.00029 0.00144 0.99817 ( 6)  0.998
1055 V   0.20979 0.20587 0.20142 0.19536 0.18377 0.00378 ( 1)  0.016
1056 L   0.20637 0.20330 0.19979 0.19499 0.18571 0.00985 ( 1)  0.022
1057 D   0.21263 0.20779 0.20231 0.19490 0.18086 0.00150 ( 1)  0.014
1058 N   0.00000 0.00000 0.00000 0.00000 0.00000 1.00000 ( 6)  1.000
1059 S   0.03768 0.09559 0.15912 0.24184 0.38770 0.07808 ( 5)  0.096
1060 K   0.21249 0.20768 0.20225 0.19489 0.18096 0.00173 ( 1)  0.014
1061 M   0.00000 0.00002 0.00012 0.00046 0.00224 0.99716 ( 6)  0.997
1062 H   0.03172 0.08090 0.13548 0.20767 0.33861 0.20563 ( 5)  0.221
1063 H   0.21368 0.20845 0.20256 0.19460 0.17959 0.00112 ( 1)  0.013
1064 D   0.00000 0.00000 0.00000 0.00001 0.00008 0.99991 ( 6)  1.000
1065 Q   0.00003 0.00021 0.00061 0.00151 0.00446 0.99318 ( 6)  0.993
1066 P   0.00000 0.00000 0.00000 0.00000 0.00000 1.00000 ( 6)  1.000
1067 M   0.00000 0.00000 0.00000 0.00000 0.00000 1.00000 ( 6)  1.000
1068 T   0.00000 0.00003 0.00014 0.00054 0.00262 0.99667 ( 6)  0.997
1069 S   0.00000 0.00000 0.00000 0.00000 0.00000 1.00000 ( 6)  1.000
1070 G   0.00000 0.00000 0.00000 0.00000 0.00000 1.00000 ( 6)  1.000
1071 A   0.00000 0.00000 0.00002 0.00009 0.00044 0.99944 ( 6)  0.999
1072 M   0.00000 0.00000 0.00000 0.00000 0.00000 1.00000 ( 6)  1.000
1073 D   0.00000 0.00000 0.00000 0.00000 0.00000 1.00000 ( 6)  1.000
1074 N   0.00000 0.00000 0.00000 0.00001 0.00004 0.99995 ( 6)  1.000
1075 S   0.00000 0.00000 0.00000 0.00000 0.00001 0.99999 ( 6)  1.000
1076 C   0.00007 0.00050 0.00143 0.00351 0.01016 0.98433 ( 6)  0.985
1077 S   0.00000 0.00000 0.00000 0.00000 0.00002 0.99998 ( 6)  1.000
1078 M   0.00000 0.00000 0.00000 0.00000 0.00000 1.00000 ( 6)  1.000
1079 A   0.00000 0.00000 0.00000 0.00000 0.00002 0.99998 ( 6)  1.000
1080 A   0.00000 0.00000 0.00000 0.00000 0.00000 1.00000 ( 6)  1.000
1081 Q   0.00000 0.00000 0.00000 0.00000 0.00000 1.00000 ( 6)  1.000
1082 G   0.00000 0.00000 0.00000 0.00000 0.00001 0.99998 ( 6)  1.000
1083 Q   0.00000 0.00000 0.00000 0.00000 0.00001 0.99999 ( 6)  1.000
1084 K   0.00019 0.00128 0.00368 0.00897 0.02567 0.96021 ( 6)  0.961
1085 L   0.00000 0.00000 0.00000 0.00000 0.00000 1.00000 ( 6)  1.000
1086 R   0.00002 0.00012 0.00035 0.00086 0.00252 0.99613 ( 6)  0.996
1087 N   0.00000 0.00000 0.00000 0.00000 0.00000 1.00000 ( 6)  1.000
1088 G   0.00000 0.00000 0.00000 0.00000 0.00000 1.00000 ( 6)  1.000
1089 N   0.00000 0.00000 0.00000 0.00001 0.00010 0.99989 ( 6)  1.000
1090 M   0.00000 0.00000 0.00000 0.00000 0.00000 1.00000 ( 6)  1.000
1091 M   0.00000 0.00000 0.00000 0.00000 0.00000 1.00000 ( 6)  1.000
1092 V   0.00000 0.00000 0.00000 0.00000 0.00000 1.00000 ( 6)  1.000
1093 N   0.00000 0.00000 0.00000 0.00000 0.00000 1.00000 ( 6)  1.000
1094 G   0.00000 0.00000 0.00000 0.00002 0.00009 0.99989 ( 6)  1.000
1095 N   0.00000 0.00000 0.00000 0.00000 0.00000 1.00000 ( 6)  1.000
1096 Q   0.00000 0.00000 0.00000 0.00000 0.00002 0.99998 ( 6)  1.000
1097 Q   0.02487 0.06363 0.10699 0.16489 0.27183 0.36779 ( 6)  0.380
1098 N   0.00000 0.00000 0.00000 0.00000 0.00003 0.99997 ( 6)  1.000
1099 F   0.00000 0.00000 0.00000 0.00000 0.00000 1.00000 ( 6)  1.000
1100 G   0.00000 0.00000 0.00000 0.00000 0.00000 1.00000 ( 6)  1.000
1101 P   0.00000 0.00000 0.00000 0.00000 0.00000 1.00000 ( 6)  1.000
1102 P   0.00018 0.00119 0.00341 0.00832 0.02379 0.96311 ( 6)  0.964
1103 M   0.00000 0.00000 0.00000 0.00000 0.00000 1.00000 ( 6)  1.000
1104 A   0.00000 0.00000 0.00000 0.00000 0.00000 1.00000 ( 6)  1.000
1105 S   0.00000 0.00000 0.00000 0.00000 0.00001 0.99999 ( 6)  1.000
1106 S   0.00000 0.00000 0.00000 0.00000 0.00001 0.99998 ( 6)  1.000
1107 N   0.00000 0.00000 0.00000 0.00000 0.00000 1.00000 ( 6)  1.000
1108 Q   0.00000 0.00000 0.00000 0.00000 0.00000 1.00000 ( 6)  1.000
1109 G   0.00000 0.00000 0.00000 0.00000 0.00000 1.00000 ( 6)  1.000
1110 T   0.00000 0.00001 0.00006 0.00025 0.00123 0.99844 ( 6)  0.998
1111 T   0.00000 0.00000 0.00000 0.00000 0.00000 1.00000 ( 6)  1.000
1112 M   0.00000 0.00000 0.00000 0.00000 0.00004 0.99995 ( 6)  1.000
1113 A   0.00000 0.00000 0.00000 0.00000 0.00000 1.00000 ( 6)  1.000
1114 N   0.00000 0.00000 0.00000 0.00000 0.00000 1.00000 ( 6)  1.000
1115 G   0.00000 0.00000 0.00000 0.00000 0.00000 1.00000 ( 6)  1.000
1116 L   0.00000 0.00000 0.00000 0.00000 0.00000 1.00000 ( 6)  1.000
1117 Q   0.00000 0.00000 0.00000 0.00000 0.00000 1.00000 ( 6)  1.000
1118 N   0.00000 0.00000 0.00000 0.00000 0.00000 1.00000 ( 6)  1.000
1119 G   0.00000 0.00000 0.00000 0.00000 0.00000 1.00000 ( 6)  1.000
1120 N   0.00000 0.00000 0.00000 0.00000 0.00004 0.99995 ( 6)  1.000
1121 M   0.00000 0.00000 0.00000 0.00000 0.00000 1.00000 ( 6)  1.000
1122 M   0.00000 0.00003 0.00016 0.00062 0.00303 0.99616 ( 6)  0.996
1123 E   0.00000 0.00000 0.00000 0.00000 0.00000 1.00000 ( 6)  1.000
1124 Q   0.00012 0.00083 0.00238 0.00582 0.01674 0.97411 ( 6)  0.975
1125 E   0.00000 0.00000 0.00000 0.00000 0.00003 0.99997 ( 6)  1.000
1126 Y   0.00000 0.00000 0.00000 0.00000 0.00001 0.99999 ( 6)  1.000
1127 L   0.00000 0.00000 0.00000 0.00000 0.00000 0.99999 ( 6)  1.000
1128 Q   0.00000 0.00000 0.00000 0.00000 0.00000 1.00000 ( 6)  1.000
1129 N   0.00000 0.00000 0.00000 0.00000 0.00000 1.00000 ( 6)  1.000
1130 Q   0.00000 0.00000 0.00000 0.00000 0.00000 1.00000 ( 6)  1.000
1131 P   0.00000 0.00000 0.00000 0.00000 0.00000 1.00000 ( 6)  1.000
1132 V   0.00000 0.00000 0.00000 0.00000 0.00000 1.00000 ( 6)  1.000
1133 G   0.00009 0.00058 0.00167 0.00409 0.01182 0.98175 ( 6)  0.982
1134 D   0.00005 0.00031 0.00092 0.00227 0.00669 0.98977 ( 6)  0.990
1135 G   0.00000 0.00000 0.00000 0.00000 0.00003 0.99997 ( 6)  1.000
1136 I   0.00000 0.00000 0.00000 0.00000 0.00000 1.00000 ( 6)  1.000
1137 H   0.00000 0.00000 0.00000 0.00000 0.00000 1.00000 ( 6)  1.000
1138 Y   0.00000 0.00001 0.00007 0.00026 0.00129 0.99837 ( 6)  0.998
1139 Q   0.00000 0.00000 0.00000 0.00000 0.00002 0.99997 ( 6)  1.000
1140 G   0.00000 0.00000 0.00000 0.00000 0.00002 0.99998 ( 6)  1.000
1141 V   0.00000 0.00000 0.00002 0.00009 0.00043 0.99946 ( 6)  0.999
1142 S   0.00000 0.00000 0.00000 0.00000 0.00000 1.00000 ( 6)  1.000
1143 Q   0.00000 0.00000 0.00000 0.00000 0.00000 1.00000 ( 6)  1.000
1144 P   0.00000 0.00000 0.00000 0.00000 0.00000 1.00000 ( 6)  1.000
1145 S   0.00000 0.00000 0.00000 0.00000 0.00000 1.00000 ( 6)  1.000
1146 H   0.00000 0.00000 0.00000 0.00000 0.00000 1.00000 ( 6)  1.000
1147 M   0.00000 0.00000 0.00000 0.00000 0.00000 1.00000 ( 6)  1.000
1148 M   0.00000 0.00002 0.00009 0.00033 0.00164 0.99793 ( 6)  0.998
1149 L   0.00002 0.00016 0.00048 0.00119 0.00355 0.99459 ( 6)  0.995
1150 G   0.00000 0.00000 0.00000 0.00000 0.00000 1.00000 ( 6)  1.000
1151 Q   0.00000 0.00000 0.00000 0.00000 0.00001 0.99999 ( 6)  1.000
1152 V   0.00000 0.00000 0.00000 0.00000 0.00000 1.00000 ( 6)  1.000
1153 S   0.00000 0.00000 0.00000 0.00000 0.00001 0.99999 ( 6)  1.000
1154 P   0.00000 0.00000 0.00000 0.00000 0.00000 1.00000 ( 6)  1.000
1155 T   0.00015 0.00102 0.00293 0.00715 0.02052 0.96822 ( 6)  0.969
1156 S   0.00008 0.00056 0.00163 0.00400 0.01157 0.98215 ( 6)  0.983
1157 Q   0.00000 0.00000 0.00000 0.00000 0.00000 1.00000 ( 6)  1.000
1158 S   0.00000 0.00000 0.00000 0.00000 0.00000 1.00000 ( 6)  1.000
1159 S   0.00000 0.00003 0.00014 0.00053 0.00260 0.99670 ( 6)  0.997
1160 L   0.00000 0.00000 0.00000 0.00000 0.00000 1.00000 ( 6)  1.000
1161 Y   0.00000 0.00000 0.00000 0.00000 0.00000 1.00000 ( 6)  1.000
1162 Q   0.00000 0.00000 0.00000 0.00000 0.00003 0.99997 ( 6)  1.000
1163 G   0.00000 0.00000 0.00000 0.00000 0.00000 1.00000 ( 6)  1.000
1164 P   0.00000 0.00000 0.00000 0.00000 0.00000 1.00000 ( 6)  1.000
1165 Q   0.00000 0.00000 0.00002 0.00007 0.00037 0.99954 ( 6)  1.000
1166 S   0.00000 0.00000 0.00000 0.00000 0.00000 1.00000 ( 6)  1.000
1167 C   0.00008 0.00053 0.00154 0.00377 0.01091 0.98318 ( 6)  0.984
1168 P   0.00000 0.00000 0.00000 0.00000 0.00001 0.99998 ( 6)  1.000
1169 P   0.00000 0.00000 0.00000 0.00000 0.00000 1.00000 ( 6)  1.000
1170 V   0.00000 0.00000 0.00000 0.00000 0.00001 0.99999 ( 6)  1.000
1171 S   0.00000 0.00000 0.00000 0.00000 0.00000 1.00000 ( 6)  1.000
1172 H   0.00000 0.00000 0.00000 0.00000 0.00003 0.99996 ( 6)  1.000
1173 N   0.00000 0.00000 0.00000 0.00000 0.00000 1.00000 ( 6)  1.000
1174 I   0.00000 0.00000 0.00000 0.00000 0.00000 1.00000 ( 6)  1.000
1175 G   0.00000 0.00000 0.00000 0.00000 0.00000 1.00000 ( 6)  1.000
1176 S   0.00000 0.00000 0.00000 0.00000 0.00004 0.99996 ( 6)  1.000
1177 Q   0.00000 0.00000 0.00000 0.00000 0.00000 0.99999 ( 6)  1.000
1178 P   0.00000 0.00000 0.00000 0.00002 0.00009 0.99989 ( 6)  1.000
1179 S   0.00015 0.00098 0.00283 0.00690 0.01981 0.96934 ( 6)  0.970
1180 G   0.00000 0.00000 0.00000 0.00000 0.00000 1.00000 ( 6)  1.000
1181 L   0.00000 0.00000 0.00000 0.00000 0.00000 1.00000 ( 6)  1.000
1182 L   0.00000 0.00000 0.00000 0.00000 0.00001 0.99999 ( 6)  1.000
1183 V   0.00000 0.00000 0.00000 0.00000 0.00000 1.00000 ( 6)  1.000
1184 A   0.00000 0.00001 0.00005 0.00020 0.00100 0.99873 ( 6)  0.999
1185 K   0.00000 0.00000 0.00000 0.00000 0.00000 1.00000 ( 6)  1.000
1186 G   0.00000 0.00000 0.00000 0.00000 0.00000 1.00000 ( 6)  1.000
1187 Y   0.00000 0.00000 0.00000 0.00000 0.00002 0.99998 ( 6)  1.000
1188 Q   0.00000 0.00000 0.00000 0.00000 0.00002 0.99997 ( 6)  1.000
1189 P   0.00000 0.00000 0.00000 0.00000 0.00000 1.00000 ( 6)  1.000
1190 C   0.00000 0.00000 0.00000 0.00000 0.00001 0.99999 ( 6)  1.000
1191 A   0.00000 0.00000 0.00000 0.00000 0.00000 1.00000 ( 6)  1.000
1192 N   0.00000 0.00000 0.00000 0.00000 0.00001 0.99998 ( 6)  1.000
1193 Y   0.00000 0.00001 0.00004 0.00015 0.00072 0.99908 ( 6)  0.999
1194 G   0.00000 0.00000 0.00000 0.00000 0.00000 1.00000 ( 6)  1.000
1195 G   0.00000 0.00002 0.00010 0.00038 0.00185 0.99766 ( 6)  0.998
1196 N   0.00000 0.00000 0.00000 0.00000 0.00000 1.00000 ( 6)  1.000
1197 R   0.00000 0.00000 0.00000 0.00001 0.00005 0.99994 ( 6)  1.000
1198 R   0.20603 0.20282 0.19916 0.19416 0.18454 0.01328 ( 1)  0.026
1199 Q   0.00018 0.00120 0.00344 0.00840 0.02406 0.96272 ( 6)  0.964
1200 N   0.00000 0.00000 0.00000 0.00000 0.00004 0.99995 ( 6)  1.000
1201 A   0.00000 0.00000 0.00000 0.00000 0.00000 1.00000 ( 6)  1.000
1202 L   0.00006 0.00038 0.00110 0.00269 0.00782 0.98796 ( 6)  0.988
1203 R   0.00000 0.00000 0.00001 0.00003 0.00011 0.99985 ( 6)  1.000
1204 N   0.00000 0.00000 0.00000 0.00001 0.00009 0.99989 ( 6)  1.000
1205 N   0.03693 0.09376 0.15621 0.23771 0.38203 0.09336 ( 5)  0.111
1206 L   0.00000 0.00000 0.00000 0.00000 0.00000 1.00000 ( 6)  1.000
1207 A   0.00000 0.00000 0.00000 0.00000 0.00000 1.00000 ( 6)  1.000
1208 Q   0.00000 0.00000 0.00000 0.00000 0.00001 0.99999 ( 6)  1.000
1209 Q   0.20758 0.20422 0.20039 0.19515 0.18508 0.00758 ( 1)  0.020
1210 Q   0.20860 0.20499 0.20088 0.19529 0.18454 0.00571 ( 1)  0.018
1211 G   0.00000 0.00000 0.00000 0.00000 0.00001 0.99999 ( 6)  1.000
1212 H   0.00000 0.00000 0.00000 0.00000 0.00000 1.00000 ( 6)  1.000
1213 V   0.00000 0.00000 0.00000 0.00000 0.00000 1.00000 ( 6)  1.000
1214 T   0.00000 0.00000 0.00000 0.00000 0.00000 1.00000 ( 6)  1.000
1215 D   0.00026 0.00170 0.00490 0.01192 0.03399 0.94722 ( 6)  0.948
1216 G   0.00000 0.00000 0.00000 0.00000 0.00001 0.99998 ( 6)  1.000
1217 N   0.00023 0.00150 0.00432 0.01052 0.03008 0.95335 ( 6)  0.954
1218 Q   0.00000 0.00000 0.00000 0.00000 0.00001 0.99999 ( 6)  1.000
1219 T   0.00000 0.00000 0.00000 0.00000 0.00000 1.00000 ( 6)  1.000
1220 Y   0.00000 0.00000 0.00000 0.00000 0.00000 1.00000 ( 6)  1.000
1221 R   0.00000 0.00000 0.00000 0.00001 0.00004 0.99995 ( 6)  1.000
1222 V   0.00000 0.00000 0.00000 0.00000 0.00000 1.00000 ( 6)  1.000
1223 N   0.00000 0.00000 0.00000 0.00000 0.00002 0.99997 ( 6)  1.000
1224 N   0.00000 0.00000 0.00000 0.00000 0.00003 0.99997 ( 6)  1.000
1225 I   0.00000 0.00000 0.00000 0.00000 0.00002 0.99998 ( 6)  1.000
1226 K   0.00001 0.00004 0.00013 0.00033 0.00111 0.99838 ( 6)  0.998
1227 M   0.00000 0.00002 0.00012 0.00044 0.00217 0.99724 ( 6)  0.997
1228 E   0.00000 0.00001 0.00005 0.00021 0.00102 0.99871 ( 6)  0.999
1229 M   0.00000 0.00003 0.00014 0.00053 0.00261 0.99668 ( 6)  0.997
1230 Q   0.00000 0.00000 0.00002 0.00008 0.00040 0.99950 ( 6)  1.000
1231 G   0.00000 0.00000 0.00000 0.00000 0.00000 1.00000 ( 6)  1.000
1232 Q   0.00009 0.00057 0.00165 0.00405 0.01174 0.98190 ( 6)  0.982
1233 S   0.00000 0.00000 0.00000 0.00000 0.00001 0.99999 ( 6)  1.000
1234 Q   0.00000 0.00000 0.00002 0.00009 0.00046 0.99942 ( 6)  0.999
1235 Q   0.00011 0.00076 0.00221 0.00539 0.01553 0.97599 ( 6)  0.977
1236 F   0.00000 0.00000 0.00000 0.00000 0.00000 1.00000 ( 6)  1.000
1237 C   0.00000 0.00000 0.00001 0.00005 0.00024 0.99970 ( 6)  1.000
1238 S   0.00011 0.00077 0.00221 0.00540 0.01555 0.97595 ( 6)  0.977
1239 N   0.00000 0.00000 0.00000 0.00000 0.00002 0.99997 ( 6)  1.000
1240 A   0.00000 0.00000 0.00000 0.00000 0.00000 1.00000 ( 6)  1.000
1241 Q   0.00000 0.00000 0.00000 0.00000 0.00001 0.99999 ( 6)  1.000
1242 N   0.00000 0.00000 0.00000 0.00000 0.00002 0.99997 ( 6)  1.000
1243 Y   0.00000 0.00001 0.00005 0.00019 0.00093 0.99882 ( 6)  0.999
1244 S   0.00000 0.00000 0.00001 0.00005 0.00025 0.99969 ( 6)  1.000
1245 G   0.00000 0.00000 0.00000 0.00000 0.00001 0.99999 ( 6)  1.000
1246 Q   0.00000 0.00000 0.00000 0.00000 0.00000 1.00000 ( 6)  1.000
1247 L   0.00000 0.00000 0.00000 0.00001 0.00006 0.99992 ( 6)  1.000
1248 Y   0.00000 0.00000 0.00000 0.00000 0.00001 0.99999 ( 6)  1.000
1249 D   0.00000 0.00000 0.00001 0.00004 0.00019 0.99976 ( 6)  1.000
1250 Q   0.00000 0.00000 0.00000 0.00000 0.00002 0.99997 ( 6)  1.000
1251 T   0.00000 0.00000 0.00000 0.00000 0.00000 1.00000 ( 6)  1.000
1252 T   0.00000 0.00000 0.00000 0.00000 0.00000 1.00000 ( 6)  1.000
1253 A   0.00000 0.00000 0.00000 0.00000 0.00000 1.00000 ( 6)  1.000
1254 F   0.00000 0.00000 0.00001 0.00002 0.00011 0.99986 ( 6)  1.000
1255 S   0.00000 0.00000 0.00000 0.00000 0.00003 0.99996 ( 6)  1.000
1256 H   0.00000 0.00000 0.00000 0.00000 0.00004 0.99996 ( 6)  1.000
1257 Q   0.00000 0.00000 0.00001 0.00006 0.00029 0.99963 ( 6)  1.000
1258 A   0.00000 0.00000 0.00000 0.00000 0.00000 1.00000 ( 6)  1.000
1259 M   0.00000 0.00000 0.00000 0.00000 0.00002 0.99998 ( 6)  1.000
1260 K   0.00000 0.00000 0.00002 0.00007 0.00035 0.99955 ( 6)  1.000
1261 T   0.00000 0.00001 0.00003 0.00011 0.00058 0.99927 ( 6)  0.999
1262 G   0.00000 0.00000 0.00000 0.00000 0.00000 1.00000 ( 6)  1.000
1263 S   0.00000 0.00000 0.00001 0.00004 0.00019 0.99976 ( 6)  1.000
1264 F   0.00000 0.00001 0.00003 0.00011 0.00056 0.99929 ( 6)  0.999
1265 F   0.02558 0.06547 0.11008 0.16967 0.27973 0.34947 ( 6)  0.362
1266 V   0.00000 0.00000 0.00000 0.00000 0.00000 1.00000 ( 6)  1.000
1267 S   0.00000 0.00000 0.00001 0.00003 0.00013 0.99984 ( 6)  1.000
1268 E   0.00000 0.00000 0.00002 0.00006 0.00031 0.99961 ( 6)  1.000
1269 A   0.00005 0.00035 0.00101 0.00250 0.00729 0.98879 ( 6)  0.989
1270 N   0.00000 0.00000 0.00000 0.00000 0.00000 1.00000 ( 6)  1.000
1271 C   0.00000 0.00000 0.00000 0.00000 0.00002 0.99998 ( 6)  1.000
1272 L   0.00000 0.00000 0.00000 0.00000 0.00000 1.00000 ( 6)  1.000
1273 L   0.00005 0.00032 0.00093 0.00229 0.00668 0.98972 ( 6)  0.990
1274 Q   0.00006 0.00042 0.00122 0.00300 0.00872 0.98657 ( 6)  0.987
1275 G   0.00000 0.00000 0.00000 0.00000 0.00000 1.00000 ( 6)  1.000
1276 T   0.00000 0.00000 0.00000 0.00000 0.00000 1.00000 ( 6)  1.000
1277 G   0.00000 0.00000 0.00000 0.00000 0.00000 1.00000 ( 6)  1.000
1278 T   0.00013 0.00086 0.00248 0.00606 0.01741 0.97306 ( 6)  0.974
1279 A   0.00000 0.00000 0.00000 0.00000 0.00003 0.99997 ( 6)  1.000
1280 N   0.00000 0.00001 0.00003 0.00013 0.00065 0.99917 ( 6)  0.999
1281 S   0.00000 0.00000 0.00000 0.00000 0.00000 1.00000 ( 6)  1.000
1282 E   0.00000 0.00000 0.00000 0.00000 0.00001 0.99999 ( 6)  1.000
1283 L   0.00000 0.00000 0.00000 0.00000 0.00000 1.00000 ( 6)  1.000
1284 L   0.00007 0.00046 0.00132 0.00325 0.00943 0.98547 ( 6)  0.986
1285 S   0.00000 0.00000 0.00000 0.00000 0.00003 0.99996 ( 6)  1.000
1286 P   0.00017 0.00111 0.00320 0.00780 0.02235 0.96538 ( 6)  0.966
1287 G   0.00000 0.00000 0.00000 0.00000 0.00000 0.99999 ( 6)  1.000
1288 A   0.00000 0.00000 0.00001 0.00006 0.00029 0.99963 ( 6)  1.000
1289 N   0.00000 0.00000 0.00000 0.00000 0.00002 0.99998 ( 6)  1.000
1290 Q   0.00000 0.00000 0.00000 0.00000 0.00001 0.99999 ( 6)  1.000
1291 V   0.00000 0.00000 0.00000 0.00000 0.00000 1.00000 ( 6)  1.000
1292 T   0.00000 0.00000 0.00000 0.00000 0.00000 1.00000 ( 6)  1.000
1293 S   0.00000 0.00000 0.00000 0.00000 0.00001 0.99999 ( 6)  1.000
1294 T   0.00008 0.00055 0.00160 0.00393 0.01139 0.98244 ( 6)  0.983
1295 V   0.00000 0.00000 0.00000 0.00000 0.00001 0.99999 ( 6)  1.000
1296 D   0.00000 0.00001 0.00003 0.00012 0.00062 0.99921 ( 6)  0.999
1297 S   0.00000 0.00000 0.00000 0.00001 0.00005 0.99995 ( 6)  1.000
1298 I   0.00000 0.00000 0.00000 0.00000 0.00000 1.00000 ( 6)  1.000
1299 D   0.00000 0.00000 0.00000 0.00001 0.00005 0.99994 ( 6)  1.000
1300 S   0.00000 0.00000 0.00000 0.00000 0.00000 1.00000 ( 6)  1.000
1301 N   0.00000 0.00003 0.00017 0.00065 0.00315 0.99600 ( 6)  0.996
1302 S   0.00034 0.00226 0.00650 0.01577 0.04472 0.93041 ( 6)  0.932
1303 L   0.00000 0.00000 0.00000 0.00000 0.00000 1.00000 ( 6)  1.000
1304 E   0.00000 0.00000 0.00000 0.00000 0.00000 1.00000 ( 6)  1.000
1305 G   0.00000 0.00000 0.00000 0.00000 0.00000 1.00000 ( 6)  1.000
1306 V   0.00008 0.00054 0.00156 0.00381 0.01102 0.98299 ( 6)  0.983
1307 Q   0.00000 0.00000 0.00000 0.00000 0.00000 1.00000 ( 6)  1.000
1308 I   0.00000 0.00000 0.00000 0.00000 0.00000 1.00000 ( 6)  1.000
1309 D   0.00000 0.00000 0.00000 0.00000 0.00002 0.99998 ( 6)  1.000
1310 F   0.00000 0.00000 0.00001 0.00003 0.00017 0.99978 ( 6)  1.000
1311 D   0.00014 0.00091 0.00262 0.00641 0.01843 0.97150 ( 6)  0.972
1312 A   0.00000 0.00000 0.00002 0.00006 0.00030 0.99962 ( 6)  1.000
1313 I   0.00000 0.00000 0.00000 0.00000 0.00003 0.99997 ( 6)  1.000
1314 I   0.00047 0.00310 0.00887 0.02144 0.06043 0.90570 ( 6)  0.908
1315 D   0.00000 0.00000 0.00000 0.00000 0.00001 0.99999 ( 6)  1.000
1316 D   0.00019 0.00124 0.00358 0.00872 0.02498 0.96129 ( 6)  0.962
1317 G   0.00003 0.00021 0.00063 0.00155 0.00460 0.99298 ( 6)  0.993
1318 D   0.02945 0.07529 0.12646 0.19460 0.31977 0.25444 ( 5)  0.269
1319 H   0.00000 0.00000 0.00002 0.00006 0.00031 0.99961 ( 6)  1.000
1320 V   0.00000 0.00001 0.00003 0.00010 0.00051 0.99936 ( 6)  0.999
1321 S   0.00000 0.00000 0.00000 0.00000 0.00004 0.99996 ( 6)  1.000
1322 L   0.00000 0.00000 0.00000 0.00001 0.00003 0.99996 ( 6)  1.000
1323 I   0.00000 0.00000 0.00001 0.00005 0.00024 0.99969 ( 6)  1.000
1324 S   0.00000 0.00000 0.00001 0.00005 0.00027 0.99966 ( 6)  1.000
1325 G   0.00000 0.00000 0.00000 0.00000 0.00000 1.00000 ( 6)  1.000
1326 A   0.00014 0.00091 0.00262 0.00639 0.01836 0.97159 ( 6)  0.972
1327 L   0.00000 0.00000 0.00000 0.00000 0.00000 0.99999 ( 6)  1.000
1328 S   0.00000 0.00000 0.00000 0.00000 0.00001 0.99998 ( 6)  1.000
1329 P   0.00000 0.00000 0.00002 0.00008 0.00041 0.99948 ( 6)  0.999
1330 S   0.00015 0.00100 0.00288 0.00703 0.02014 0.96879 ( 6)  0.970
1331 I   0.00000 0.00001 0.00004 0.00016 0.00079 0.99901 ( 6)  0.999
1332 I   0.02329 0.05964 0.10038 0.15492 0.25610 0.40566 ( 6)  0.417
1333 Q   0.00000 0.00000 0.00000 0.00000 0.00000 1.00000 ( 6)  1.000
1334 N   0.00000 0.00000 0.00000 0.00000 0.00002 0.99998 ( 6)  1.000
1335 L   0.00000 0.00000 0.00000 0.00000 0.00000 1.00000 ( 6)  1.000
1336 S   0.00000 0.00000 0.00000 0.00000 0.00002 0.99998 ( 6)  1.000
1337 R   0.00000 0.00000 0.00000 0.00000 0.00000 1.00000 ( 6)  1.000
1338 N   0.00000 0.00000 0.00000 0.00000 0.00002 0.99998 ( 6)  1.000
1339 S   0.00000 0.00000 0.00000 0.00000 0.00001 0.99998 ( 6)  1.000
1340 S   0.00006 0.00038 0.00109 0.00269 0.00782 0.98796 ( 6)  0.988
1341 R   0.00000 0.00000 0.00000 0.00000 0.00002 0.99998 ( 6)  1.000
1342 L   0.00002 0.00015 0.00043 0.00110 0.00341 0.99489 ( 6)  0.995
1343 T   0.00000 0.00000 0.00000 0.00000 0.00002 0.99998 ( 6)  1.000
1344 T   0.00012 0.00077 0.00223 0.00546 0.01571 0.97571 ( 6)  0.976
1345 P   0.00015 0.00103 0.00296 0.00722 0.02070 0.96794 ( 6)  0.969
1346 R   0.00000 0.00000 0.00000 0.00001 0.00004 0.99995 ( 6)  1.000
1347 A   0.00000 0.00000 0.00000 0.00000 0.00001 0.99999 ( 6)  1.000
1348 S   0.00000 0.00000 0.00001 0.00005 0.00024 0.99970 ( 6)  1.000
1349 L   0.00000 0.00000 0.00000 0.00000 0.00001 0.99999 ( 6)  1.000
1350 T   0.00000 0.00001 0.00003 0.00012 0.00058 0.99927 ( 6)  0.999
1351 F   0.00000 0.00001 0.00003 0.00013 0.00067 0.99916 ( 6)  0.999
1352 P   0.00000 0.00001 0.00004 0.00015 0.00074 0.99906 ( 6)  0.999
1353 A   0.00000 0.00000 0.00001 0.00006 0.00028 0.99964 ( 6)  1.000
1354 M   0.00000 0.00000 0.00000 0.00000 0.00000 1.00000 ( 6)  1.000
1355 P   0.00000 0.00000 0.00002 0.00006 0.00030 0.99962 ( 6)  1.000
1356 V   0.00000 0.00000 0.00002 0.00007 0.00036 0.99955 ( 6)  1.000
1357 S   0.00000 0.00000 0.00002 0.00008 0.00039 0.99951 ( 6)  1.000
1358 T   0.00000 0.00001 0.00003 0.00011 0.00057 0.99928 ( 6)  0.999
1359 T   0.02932 0.07487 0.12558 0.19286 0.31572 0.26165 ( 5)  0.276
1360 N   0.00018 0.00123 0.00354 0.00865 0.02484 0.96155 ( 6)  0.962
1361 M   0.00000 0.00001 0.00006 0.00022 0.00112 0.99859 ( 6)  0.999
1362 A   0.00000 0.00000 0.00000 0.00000 0.00001 0.99999 ( 6)  1.000
1363 I   0.00000 0.00001 0.00004 0.00015 0.00075 0.99906 ( 6)  0.999
1364 G   0.00000 0.00000 0.00001 0.00003 0.00016 0.99980 ( 6)  1.000
1365 D   0.00000 0.00001 0.00004 0.00015 0.00074 0.99906 ( 6)  0.999
1366 M   0.00000 0.00000 0.00000 0.00000 0.00000 0.99999 ( 6)  1.000
1367 S   0.00000 0.00000 0.00000 0.00000 0.00000 1.00000 ( 6)  1.000
1368 S   0.00000 0.00000 0.00000 0.00000 0.00000 1.00000 ( 6)  1.000
1369 L   0.00000 0.00000 0.00000 0.00000 0.00001 0.99999 ( 6)  1.000
1370 L   0.00935 0.02412 0.04094 0.06391 0.10810 0.75358 ( 6)  0.758
1371 T   0.00000 0.00000 0.00000 0.00000 0.00001 0.99999 ( 6)  1.000
1372 S   0.00009 0.00062 0.00179 0.00439 0.01269 0.98041 ( 6)  0.981
1373 L   0.00000 0.00000 0.00000 0.00001 0.00006 0.99992 ( 6)  1.000
1374 A   0.00000 0.00001 0.00003 0.00011 0.00053 0.99934 ( 6)  0.999
1375 E   0.00000 0.00000 0.00002 0.00006 0.00032 0.99960 ( 6)  1.000
1376 E   0.03147 0.08027 0.13444 0.20609 0.33613 0.21160 ( 5)  0.227
1377 S   0.00000 0.00000 0.00000 0.00000 0.00000 1.00000 ( 6)  1.000
1378 K   0.00000 0.00002 0.00008 0.00031 0.00151 0.99809 ( 6)  0.998
1379 F   0.00000 0.00000 0.00000 0.00000 0.00000 1.00000 ( 6)  1.000
1380 L   0.00000 0.00000 0.00001 0.00002 0.00012 0.99986 ( 6)  1.000
1381 A   0.00000 0.00000 0.00000 0.00000 0.00001 0.99999 ( 6)  1.000

Positively selected sites

	Prob(w>1)  mean w



lnL = -22130.340677

