Supplemental results for CODEML (seqf: spo11.fasta  treef: spo11_tree.txt)


MLEs of dN/dS (w) for site classes (K=6)

p:   0.19200  0.19200  0.19200  0.19200  0.19200  0.04000
w:   0.00359  0.03340  0.09897  0.21811  0.46108  1.00000

Naive Empirical Bayes (NEB) probabilities for 6 classes & postmean_w
(amino acids refer to 1st sequence: Danio_rerio)

   1 F   0.00542 0.24606 0.53110 0.21058 0.00685 0.00000 ( 3)  0.110
   2 T   0.00000 0.00000 0.00000 0.00006 0.07559 0.92435 ( 6)  0.959
   3 E   0.00012 0.05356 0.40678 0.48103 0.05851 0.00002 ( 4)  0.174
   4 V   0.00000 0.00132 0.09078 0.55490 0.35227 0.00073 ( 4)  0.293
   5 D   0.00000 0.00216 0.13062 0.62801 0.23906 0.00015 ( 4)  0.260
   6 K   0.00000 0.00001 0.00799 0.24741 0.73763 0.00696 ( 5)  0.402
   7 L   0.06267 0.36844 0.40408 0.15384 0.01097 0.00001 ( 3)  0.091
   8 R   0.00000 0.00050 0.04277 0.38656 0.56227 0.00790 ( 5)  0.356
   9 E   0.00000 0.00000 0.00000 0.00001 0.02589 0.97411 ( 6)  0.986
  10 A   0.00000 0.00000 0.00001 0.00803 0.69089 0.30107 ( 5)  0.621
  11 L   0.05098 0.32152 0.40846 0.19798 0.02104 0.00002 ( 3)  0.104
  12 C   0.00000 0.00044 0.03890 0.37615 0.57802 0.00650 ( 5)  0.359
  13 V   0.00011 0.05201 0.40182 0.48574 0.06031 0.00002 ( 4)  0.175
  14 L   0.05906 0.35540 0.40777 0.16524 0.01253 0.00001 ( 3)  0.094
  15 T   0.00000 0.00000 0.00000 0.00028 0.20078 0.79895 ( 6)  0.892
  16 R   0.00000 0.00048 0.04220 0.39451 0.55762 0.00519 ( 5)  0.353
  17 I   0.60529 0.31374 0.07504 0.00588 0.00004 0.00000 ( 1)  0.021
  18 E   0.59230 0.31825 0.08209 0.00729 0.00006 0.00000 ( 1)  0.023
  19 K   0.00000 0.00000 0.00014 0.04324 0.91276 0.04385 ( 5)  0.474
  20 V   0.00011 0.05188 0.39959 0.48555 0.06285 0.00002 ( 4)  0.176
  21 I   0.00017 0.07099 0.46620 0.42930 0.03334 0.00000 ( 3)  0.158
  22 E   0.00004 0.02289 0.24239 0.52224 0.21170 0.00074 ( 4)  0.237
  23 R   0.00000 0.00000 0.00029 0.05054 0.88925 0.05992 ( 5)  0.481
  24 I   0.00000 0.00212 0.12979 0.62790 0.24000 0.00019 ( 4)  0.261
  25 V   0.00000 0.00077 0.06196 0.48468 0.45111 0.00149 ( 4)  0.321
  26 I   0.00000 0.00000 0.00000 0.00535 0.66767 0.32698 ( 5)  0.636
  27 D   0.00000 0.00004 0.01835 0.39917 0.58128 0.00117 ( 5)  0.358
  28 V   0.00171 0.10077 0.38231 0.41603 0.09893 0.00025 ( 4)  0.178
  29 S   0.00341 0.17452 0.48927 0.30834 0.02446 0.00001 ( 3)  0.133
  30 K   0.00000 0.00028 0.04972 0.52102 0.42825 0.00073 ( 4)  0.317
  31 G   0.00000 0.00000 0.00003 0.02131 0.89881 0.07984 ( 5)  0.499
  32 E   0.09079 0.46213 0.36796 0.07750 0.00161 0.00000 ( 2)  0.070
  33 A   0.00010 0.04553 0.37283 0.50295 0.07855 0.00003 ( 4)  0.184
  34 P   0.56736 0.32514 0.09641 0.01094 0.00015 0.00000 ( 1)  0.025
  35 V   0.00357 0.18098 0.49554 0.29851 0.02140 0.00000 ( 3)  0.130
  36 L   0.50731 0.33262 0.13290 0.02607 0.00109 0.00000 ( 1)  0.032
  37 R   0.00000 0.00000 0.00000 0.00000 0.01559 0.98440 ( 6)  0.992
  38 L   0.50332 0.33284 0.13534 0.02731 0.00120 0.00000 ( 1)  0.033
  39 I   0.00000 0.00070 0.05633 0.45625 0.48429 0.00244 ( 5)  0.331
  40 N   0.00001 0.01918 0.33883 0.57626 0.06572 0.00001 ( 4)  0.190
  41 R   0.55600 0.32664 0.10339 0.01369 0.00029 0.00000 ( 1)  0.026
  42 S   0.00009 0.04324 0.36168 0.50808 0.08686 0.00005 ( 4)  0.188
  43 C   0.00000 0.00000 0.00018 0.04818 0.90828 0.04336 ( 5)  0.473
  44 W   0.54381 0.32993 0.11051 0.01545 0.00030 0.00000 ( 1)  0.027
  45 N   0.00000 0.00000 0.00029 0.05011 0.88615 0.06345 ( 5)  0.483
  46 N   0.11483 0.52016 0.32144 0.04319 0.00038 0.00000 ( 2)  0.059
  47 V   0.00000 0.00014 0.02878 0.40215 0.56640 0.00254 ( 5)  0.354
  48 R   0.00000 0.00033 0.05597 0.55264 0.39065 0.00041 ( 4)  0.307
  49 F   0.63390 0.30250 0.06023 0.00337 0.00001 0.00000 ( 1)  0.019
  50 Q   0.00000 0.01603 0.30679 0.59419 0.08297 0.00001 ( 4)  0.199
  51 E   0.00000 0.00000 0.00504 0.23769 0.75289 0.00437 ( 5)  0.404
  52 S   0.00000 0.00000 0.00001 0.00863 0.71035 0.28101 ( 5)  0.610
  53 V   0.00000 0.00014 0.02914 0.41010 0.55857 0.00205 ( 5)  0.352
  54 G   0.55139 0.32849 0.10594 0.01393 0.00025 0.00000 ( 1)  0.027
  55 L   0.06982 0.39602 0.39947 0.12852 0.00617 0.00000 ( 3)  0.084
  56 V   0.00000 0.00533 0.14723 0.55305 0.29359 0.00080 ( 4)  0.272
  57 L   0.00043 0.14807 0.60850 0.23965 0.00335 0.00000 ( 3)  0.119
  58 K   0.00000 0.00000 0.00010 0.04357 0.92878 0.02755 ( 5)  0.465
  59 D   0.00000 0.00000 0.00065 0.06443 0.85531 0.07961 ( 5)  0.488
  60 D   0.00000 0.00000 0.00000 0.00069 0.36054 0.63877 ( 6)  0.805
  61 V   0.00000 0.00000 0.00000 0.00029 0.21309 0.78661 ( 6)  0.885
  62 S   0.00000 0.00000 0.00116 0.09802 0.87156 0.02926 ( 5)  0.453
  63 P   0.00000 0.00015 0.03080 0.41842 0.54867 0.00196 ( 5)  0.349
  64 K   0.00000 0.00000 0.00321 0.14898 0.82808 0.01973 ( 5)  0.434
  65 Y   0.00000 0.00000 0.00040 0.06332 0.89414 0.04214 ( 5)  0.468
  66 L   0.00000 0.00000 0.00151 0.11168 0.85681 0.02999 ( 5)  0.450
  67 H   0.07214 0.40303 0.39551 0.12339 0.00594 0.00000 ( 2)  0.083
  68 C   0.00000 0.00361 0.18506 0.66604 0.14526 0.00003 ( 4)  0.231
  69 G   0.00001 0.02001 0.34866 0.57289 0.05844 0.00000 ( 4)  0.187
  70 K   0.00000 0.00335 0.15221 0.63564 0.20869 0.00010 ( 4)  0.250
  71 P   0.00000 0.00002 0.00910 0.26794 0.71779 0.00517 ( 5)  0.395
  72 T   0.00000 0.00000 0.00275 0.12743 0.83303 0.03679 ( 5)  0.449
  73 T   0.00000 0.00154 0.10211 0.58197 0.31396 0.00042 ( 4)  0.282
  74 A   0.00000 0.00002 0.01038 0.28978 0.69588 0.00394 ( 5)  0.389
  75 T   0.00000 0.00000 0.00130 0.10388 0.86568 0.02914 ( 5)  0.451
  76 K   0.00000 0.00107 0.07670 0.51549 0.40577 0.00098 ( 4)  0.308
  77 F   0.64526 0.29726 0.05481 0.00267 0.00001 0.00000 ( 1)  0.018
  78 A   0.00410 0.20091 0.51061 0.26944 0.01494 0.00000 ( 3)  0.123
  79 L   0.00000 0.00327 0.11026 0.52550 0.35981 0.00115 ( 4)  0.293
  80 I   0.00000 0.00315 0.16889 0.65812 0.16978 0.00005 ( 4)  0.239
  81 L   0.00000 0.00680 0.17417 0.57575 0.24283 0.00044 ( 4)  0.255
  82 K   0.60068 0.31546 0.07749 0.00633 0.00005 0.00000 ( 1)  0.022
  83 I   0.00000 0.00002 0.00998 0.28975 0.69666 0.00360 ( 5)  0.389
  84 L   0.00312 0.16318 0.47757 0.32573 0.03038 0.00001 ( 3)  0.138
  85 S   0.00320 0.16617 0.48014 0.32117 0.02931 0.00001 ( 3)  0.137
  86 I   0.00000 0.00000 0.00042 0.06425 0.89312 0.04221 ( 5)  0.468
  87 I   0.00000 0.00881 0.22349 0.62375 0.14389 0.00005 ( 4)  0.225
  88 Y   0.57511 0.32318 0.09190 0.00970 0.00011 0.00000 ( 1)  0.024
  89 K   0.00000 0.01557 0.29953 0.59355 0.09133 0.00002 ( 4)  0.202
  90 L   0.57488 0.32318 0.09205 0.00977 0.00012 0.00000 ( 1)  0.024
  91 V   0.00008 0.04094 0.35367 0.51596 0.08931 0.00004 ( 4)  0.190
  92 Q   0.07707 0.42093 0.39054 0.10772 0.00373 0.00000 ( 2)  0.078
  93 S   0.00001 0.02065 0.35460 0.56887 0.05587 0.00000 ( 4)  0.186
  94 D   0.00023 0.09102 0.51915 0.37203 0.01757 0.00000 ( 3)  0.144
  95 S   0.00000 0.00005 0.01326 0.26013 0.71414 0.01242 ( 5)  0.400
  96 Y   0.09328 0.46889 0.36343 0.07303 0.00138 0.00000 ( 2)  0.069
  97 A   0.08661 0.45051 0.37551 0.08536 0.00201 0.00000 ( 2)  0.072
  98 T   0.58159 0.32145 0.08815 0.00872 0.00009 0.00000 ( 1)  0.023
  99 K   0.61588 0.30992 0.06937 0.00480 0.00003 0.00000 ( 1)  0.020
 100 R   0.58786 0.31955 0.08462 0.00790 0.00007 0.00000 ( 1)  0.023
 101 D   0.62194 0.30764 0.06617 0.00423 0.00002 0.00000 ( 1)  0.020
 102 I   0.00590 0.26107 0.53379 0.19379 0.00546 0.00000 ( 3)  0.106
 103 Y   0.09217 0.46592 0.36546 0.07497 0.00147 0.00000 ( 2)  0.069
 104 Y   0.58114 0.32155 0.08842 0.00880 0.00009 0.00000 ( 1)  0.024
 105 N   0.00027 0.10510 0.54909 0.33428 0.01125 0.00000 ( 3)  0.136
 106 D   0.00000 0.01077 0.25827 0.62651 0.10443 0.00002 ( 4)  0.211
 107 P   0.00000 0.00928 0.21725 0.60135 0.17198 0.00014 ( 4)  0.232
 108 Q   0.00351 0.17900 0.49479 0.30125 0.02145 0.00000 ( 3)  0.131
 109 L   0.50723 0.33301 0.13298 0.02576 0.00101 0.00000 ( 1)  0.032
 110 F   0.12343 0.53730 0.30417 0.03488 0.00022 0.00000 ( 2)  0.056
 111 G   0.00367 0.18482 0.49879 0.29277 0.01995 0.00000 ( 3)  0.129
 112 S   0.00339 0.17375 0.48755 0.30970 0.02560 0.00001 ( 3)  0.133
 113 Q   0.55745 0.32742 0.10228 0.01266 0.00020 0.00000 ( 1)  0.026
 114 R   0.00000 0.00000 0.00001 0.01043 0.72984 0.25972 ( 5)  0.599
 115 M   0.00000 0.00000 0.00002 0.01242 0.80316 0.18441 ( 5)  0.557
 116 L   0.00316 0.16461 0.47935 0.32340 0.02947 0.00001 ( 3)  0.137
 117 D   0.00723 0.30115 0.53758 0.15155 0.00249 0.00000 ( 3)  0.097
 118 S   0.00000 0.00000 0.00000 0.00008 0.12216 0.87776 ( 6)  0.934
 119 I   0.11370 0.51698 0.32362 0.04524 0.00045 0.00000 ( 2)  0.060
 120 V   0.08287 0.43932 0.38171 0.09353 0.00257 0.00000 ( 2)  0.074
 121 D   0.63327 0.30281 0.06051 0.00340 0.00001 0.00000 ( 1)  0.019
 122 D   0.62305 0.30715 0.06563 0.00416 0.00002 0.00000 ( 1)  0.020
 123 I   0.00444 0.21404 0.52079 0.24970 0.01102 0.00000 ( 3)  0.118
 124 S   0.55624 0.32744 0.10305 0.01304 0.00022 0.00000 ( 1)  0.026
 125 C   0.59593 0.31717 0.08004 0.00681 0.00005 0.00000 ( 1)  0.022
 126 M   0.00000 0.00832 0.31132 0.63535 0.04501 0.00000 ( 4)  0.190
 127 L   0.54620 0.32923 0.10911 0.01515 0.00031 0.00000 ( 1)  0.027
 128 K   0.00000 0.00003 0.01630 0.36841 0.61320 0.00205 ( 5)  0.367
 129 V   0.00000 0.00024 0.04482 0.50188 0.45229 0.00077 ( 4)  0.323
 130 P   0.00456 0.21751 0.52038 0.24649 0.01106 0.00000 ( 3)  0.118
 131 R   0.55348 0.32809 0.10468 0.01351 0.00023 0.00000 ( 1)  0.026
 132 R   0.58338 0.32072 0.08721 0.00859 0.00009 0.00000 ( 1)  0.023
 133 S   0.00000 0.00020 0.03890 0.46686 0.49272 0.00132 ( 5)  0.334
 134 L   0.52467 0.33178 0.12227 0.02065 0.00063 0.00000 ( 1)  0.030
 135 H   0.11887 0.52858 0.31333 0.03893 0.00029 0.00000 ( 2)  0.058
 136 I   0.07576 0.41729 0.39298 0.11015 0.00382 0.00000 ( 2)  0.079
 137 L   0.00344 0.17453 0.48451 0.30957 0.02795 0.00001 ( 3)  0.134
 138 A   0.56518 0.32569 0.09769 0.01129 0.00016 0.00000 ( 1)  0.025
 139 T   0.58520 0.32042 0.08609 0.00821 0.00008 0.00000 ( 1)  0.023
 140 S   0.00386 0.19179 0.50389 0.28267 0.01780 0.00000 ( 3)  0.126
 141 K   0.61020 0.31207 0.07237 0.00534 0.00003 0.00000 ( 1)  0.021
 142 G   0.55583 0.32765 0.10326 0.01304 0.00022 0.00000 ( 1)  0.026
 143 F   0.00000 0.00150 0.09996 0.57653 0.32149 0.00052 ( 4)  0.284
 144 I   0.00527 0.24136 0.52987 0.21615 0.00735 0.00000 ( 3)  0.111
 145 S   0.00000 0.00598 0.15927 0.56405 0.27009 0.00062 ( 4)  0.264
 146 G   0.57490 0.32332 0.09199 0.00968 0.00011 0.00000 ( 1)  0.024
 147 D   0.11771 0.52633 0.31566 0.03999 0.00030 0.00000 ( 2)  0.058
 148 L   0.50748 0.33303 0.13283 0.02566 0.00100 0.00000 ( 1)  0.032
 149 C   0.00000 0.00988 0.23408 0.61723 0.13876 0.00005 ( 4)  0.222
 150 Y   0.57816 0.32236 0.09013 0.00924 0.00010 0.00000 ( 1)  0.024
 151 L   0.00000 0.00010 0.02212 0.34677 0.62604 0.00497 ( 5)  0.371
 152 E   0.59044 0.31883 0.08314 0.00753 0.00007 0.00000 ( 1)  0.023
 153 E   0.00000 0.00539 0.16323 0.60363 0.22756 0.00019 ( 4)  0.253
 154 D   0.62586 0.30596 0.06422 0.00395 0.00002 0.00000 ( 1)  0.020
 155 G   0.00323 0.16809 0.48560 0.31744 0.02564 0.00001 ( 3)  0.135
 156 T   0.00377 0.18901 0.50373 0.28580 0.01769 0.00000 ( 3)  0.127
 157 K   0.00000 0.01253 0.26135 0.60076 0.12531 0.00006 ( 4)  0.215
 158 V   0.08855 0.45589 0.37197 0.08175 0.00184 0.00000 ( 2)  0.071
 159 D   0.00000 0.00001 0.00800 0.31681 0.67381 0.00138 ( 5)  0.382
 160 C   0.59902 0.31611 0.07835 0.00647 0.00005 0.00000 ( 1)  0.022
 161 N   0.00000 0.00000 0.00002 0.01302 0.78285 0.20411 ( 5)  0.568
 162 S   0.00000 0.00432 0.12662 0.52833 0.33948 0.00125 ( 4)  0.286
 163 S   0.00000 0.00000 0.00427 0.21817 0.77279 0.00477 ( 5)  0.409
 164 S   0.00012 0.05596 0.41594 0.47402 0.05395 0.00001 ( 4)  0.171
 165 T   0.00000 0.00000 0.00001 0.00896 0.72445 0.26658 ( 5)  0.603
 166 A   0.08749 0.45305 0.37396 0.08358 0.00191 0.00000 ( 2)  0.072
 167 V   0.00000 0.01109 0.24262 0.60297 0.14324 0.00008 ( 4)  0.222
 168 S   0.00000 0.00000 0.00004 0.01676 0.77989 0.20331 ( 5)  0.567
 169 V   0.08465 0.44463 0.37875 0.08966 0.00231 0.00000 ( 2)  0.073
 170 S   0.55058 0.32844 0.10647 0.01424 0.00027 0.00000 ( 1)  0.027
 171 S   0.55950 0.32677 0.10110 0.01243 0.00020 0.00000 ( 1)  0.026
 172 N   0.12074 0.53210 0.30958 0.03732 0.00026 0.00000 ( 2)  0.057
 173 V   0.09322 0.46877 0.36356 0.07307 0.00138 0.00000 ( 2)  0.069
 174 N   0.00000 0.00000 0.00000 0.00001 0.04891 0.95108 ( 6)  0.974
 175 G   0.07470 0.41319 0.39391 0.11390 0.00432 0.00000 ( 2)  0.080
 176 I   0.10659 0.50153 0.33773 0.05347 0.00067 0.00000 ( 2)  0.063
 177 R   0.00000 0.00000 0.00041 0.06016 0.87668 0.06275 ( 5)  0.480
 178 N   0.64049 0.29942 0.05710 0.00298 0.00001 0.00000 ( 1)  0.019
 179 I   0.61675 0.30959 0.06892 0.00472 0.00002 0.00000 ( 1)  0.020
 180 V   0.08689 0.45126 0.37498 0.08487 0.00200 0.00000 ( 2)  0.072
 181 S   0.53611 0.33067 0.11526 0.01754 0.00043 0.00000 ( 1)  0.028
 182 S   0.58395 0.32074 0.08682 0.00841 0.00008 0.00000 ( 1)  0.023
 183 A   0.57791 0.32253 0.09024 0.00922 0.00010 0.00000 ( 1)  0.024
 184 K   0.09716 0.47902 0.35612 0.06660 0.00111 0.00000 ( 2)  0.067
 185 F   0.12426 0.53877 0.30251 0.03424 0.00021 0.00000 ( 2)  0.056
 186 I   0.00000 0.00010 0.02393 0.38585 0.58804 0.00207 ( 5)  0.360
 187 L   0.00000 0.00055 0.04578 0.40306 0.54533 0.00528 ( 5)  0.349
 188 I   0.00000 0.01882 0.33318 0.57619 0.07179 0.00002 ( 4)  0.192
 189 V   0.00000 0.01123 0.24462 0.60323 0.14085 0.00007 ( 4)  0.221
 190 E   0.59147 0.31858 0.08253 0.00735 0.00006 0.00000 ( 1)  0.023
 191 K   0.60490 0.31397 0.07521 0.00588 0.00004 0.00000 ( 1)  0.021
 192 D   0.63307 0.30291 0.06060 0.00341 0.00001 0.00000 ( 1)  0.019
 193 A   0.57838 0.32239 0.08997 0.00915 0.00010 0.00000 ( 1)  0.024
 194 T   0.57713 0.32267 0.09072 0.00938 0.00011 0.00000 ( 1)  0.024
 195 F   0.63255 0.30306 0.06091 0.00347 0.00001 0.00000 ( 1)  0.019
 196 Q   0.55754 0.32740 0.10223 0.01264 0.00020 0.00000 ( 1)  0.026
 197 R   0.00012 0.05443 0.41030 0.47830 0.05684 0.00002 ( 4)  0.173
 198 L   0.06340 0.37258 0.40562 0.14917 0.00923 0.00000 ( 3)  0.090
 199 L   0.00222 0.12469 0.42722 0.38438 0.06143 0.00007 ( 3)  0.159
 200 D   0.00025 0.09870 0.53691 0.35070 0.01345 0.00000 ( 3)  0.139
 201 D   0.00700 0.29463 0.53807 0.15754 0.00276 0.00000 ( 3)  0.099
 202 D   0.00000 0.00005 0.02447 0.46202 0.51287 0.00059 ( 5)  0.340
 203 F   0.00742 0.30654 0.53731 0.14648 0.00226 0.00000 ( 3)  0.096
 204 C   0.00014 0.06102 0.43589 0.45936 0.04359 0.00001 ( 4)  0.165
 205 A   0.00000 0.00015 0.03042 0.41628 0.55114 0.00201 ( 5)  0.350
 206 R   0.00000 0.01028 0.23020 0.60067 0.15874 0.00011 ( 4)  0.227
 207 L   0.00317 0.16508 0.47925 0.32288 0.02960 0.00001 ( 3)  0.137
 208 S   0.00000 0.00000 0.00014 0.04029 0.89959 0.05998 ( 5)  0.484
 209 P   0.58229 0.32131 0.08773 0.00859 0.00009 0.00000 ( 1)  0.023
 210 C   0.00500 0.23260 0.52739 0.22667 0.00834 0.00000 ( 3)  0.113
 211 I   0.10004 0.48636 0.35063 0.06204 0.00093 0.00000 ( 2)  0.065
 212 I   0.00001 0.02207 0.38080 0.55838 0.03874 0.00000 ( 4)  0.178
 213 I   0.10956 0.50860 0.33192 0.04938 0.00053 0.00000 ( 2)  0.061
 214 T   0.58465 0.32058 0.08640 0.00829 0.00008 0.00000 ( 1)  0.023
 215 G   0.57491 0.32335 0.09197 0.00966 0.00011 0.00000 ( 1)  0.024
 216 K   0.61462 0.31042 0.07003 0.00491 0.00003 0.00000 ( 1)  0.021
 217 G   0.57474 0.32339 0.09207 0.00969 0.00011 0.00000 ( 1)  0.024
 218 V   0.00000 0.00853 0.20575 0.59985 0.18573 0.00015 ( 4)  0.237
 219 P   0.58295 0.32113 0.08735 0.00849 0.00009 0.00000 ( 1)  0.023
 220 D   0.63104 0.30375 0.06163 0.00356 0.00001 0.00000 ( 1)  0.019
 221 V   0.00010 0.04699 0.37933 0.49918 0.07437 0.00003 ( 4)  0.182
 222 N   0.62815 0.30502 0.06306 0.00376 0.00001 0.00000 ( 1)  0.020
 223 S   0.61917 0.30878 0.06758 0.00445 0.00002 0.00000 ( 1)  0.020
 224 R   0.58634 0.31987 0.08553 0.00818 0.00008 0.00000 ( 1)  0.023
 225 L   0.51565 0.33255 0.12781 0.02318 0.00081 0.00000 ( 1)  0.031
 226 M   0.67843 0.27983 0.04046 0.00127 0.00000 0.00000 ( 1)  0.016
 227 V   0.56372 0.32596 0.09857 0.01158 0.00017 0.00000 ( 1)  0.025
 228 R   0.00015 0.06404 0.44354 0.44989 0.04237 0.00001 ( 4)  0.164
 229 K   0.10120 0.48920 0.34839 0.06033 0.00086 0.00000 ( 2)  0.065
 230 L   0.54150 0.32998 0.11196 0.01620 0.00036 0.00000 ( 1)  0.028
 231 W   0.55445 0.32809 0.10406 0.01318 0.00021 0.00000 ( 1)  0.026
 232 D   0.00633 0.27486 0.53725 0.17762 0.00395 0.00000 ( 3)  0.103
 233 A   0.00000 0.00000 0.00060 0.08124 0.89198 0.02618 ( 5)  0.455
 234 L   0.51183 0.33266 0.13015 0.02444 0.00092 0.00000 ( 1)  0.032
 235 H   0.00023 0.09288 0.52498 0.36610 0.01580 0.00000 ( 3)  0.142
 236 V   0.00000 0.00137 0.09577 0.57879 0.32369 0.00038 ( 4)  0.285
 237 P   0.57213 0.32401 0.09361 0.01013 0.00012 0.00000 ( 1)  0.024
 238 V   0.00000 0.00017 0.03392 0.44677 0.51789 0.00125 ( 5)  0.341
 239 F   0.63963 0.29986 0.05749 0.00302 0.00001 0.00000 ( 1)  0.019
 240 A   0.00409 0.20054 0.51065 0.26985 0.01487 0.00000 ( 3)  0.123
 241 L   0.50326 0.33258 0.13535 0.02755 0.00125 0.00000 ( 1)  0.033
 242 V   0.00399 0.19673 0.50766 0.27547 0.01615 0.00000 ( 3)  0.124
 243 D   0.63243 0.30315 0.06094 0.00346 0.00001 0.00000 ( 1)  0.019
 244 A   0.00424 0.20590 0.51388 0.26238 0.01360 0.00000 ( 3)  0.121
 245 D   0.61941 0.30866 0.06747 0.00444 0.00002 0.00000 ( 1)  0.020
 246 P   0.58321 0.32105 0.08720 0.00846 0.00008 0.00000 ( 1)  0.023
 247 H   0.00704 0.29548 0.53740 0.15725 0.00284 0.00000 ( 3)  0.099
 248 G   0.56075 0.32668 0.10032 0.01208 0.00018 0.00000 ( 1)  0.026
 249 I   0.00617 0.26972 0.53591 0.18369 0.00451 0.00000 ( 3)  0.104
 250 E   0.59605 0.31704 0.08002 0.00684 0.00005 0.00000 ( 1)  0.022
 251 I   0.60595 0.31354 0.07467 0.00580 0.00004 0.00000 ( 1)  0.021
 252 M   0.67843 0.27983 0.04046 0.00127 0.00000 0.00000 ( 1)  0.016
 253 C   0.00535 0.24385 0.53068 0.21310 0.00702 0.00000 ( 3)  0.110
 254 I   0.09908 0.48417 0.35256 0.06323 0.00095 0.00000 ( 2)  0.066
 255 Y   0.57713 0.32264 0.09072 0.00939 0.00011 0.00000 ( 1)  0.024
 256 K   0.59918 0.31602 0.07829 0.00647 0.00005 0.00000 ( 1)  0.022
 257 Y   0.58856 0.31937 0.08421 0.00779 0.00007 0.00000 ( 1)  0.023
 258 G   0.55096 0.32849 0.10622 0.01407 0.00026 0.00000 ( 1)  0.027
 259 S   0.53083 0.33128 0.11849 0.01889 0.00051 0.00000 ( 1)  0.029
 260 V   0.00000 0.00001 0.00616 0.21461 0.77066 0.00856 ( 5)  0.411
 261 S   0.00009 0.04312 0.36083 0.50814 0.08777 0.00005 ( 4)  0.189
 262 M   0.67843 0.27983 0.04046 0.00127 0.00000 0.00000 ( 1)  0.016
 263 A   0.07142 0.40170 0.39765 0.12368 0.00556 0.00000 ( 2)  0.083
 264 F   0.64442 0.29763 0.05521 0.00273 0.00001 0.00000 ( 1)  0.018
 265 E   0.58908 0.31930 0.08388 0.00767 0.00007 0.00000 ( 1)  0.023
 266 A   0.08041 0.43180 0.38570 0.09912 0.00296 0.00000 ( 2)  0.076
 267 H   0.00000 0.00004 0.02182 0.43683 0.54054 0.00077 ( 5)  0.347
 268 S   0.00001 0.02456 0.38999 0.54450 0.04094 0.00000 ( 4)  0.177
 269 L   0.50090 0.33318 0.13686 0.02786 0.00120 0.00000 ( 1)  0.033
 270 T   0.08600 0.44854 0.37643 0.08690 0.00214 0.00000 ( 2)  0.072
 271 V   0.00000 0.00152 0.10165 0.58262 0.31381 0.00039 ( 4)  0.282
 272 P   0.08220 0.43733 0.38286 0.09496 0.00265 0.00000 ( 2)  0.075
 273 S   0.00000 0.00306 0.16525 0.65556 0.17607 0.00006 ( 4)  0.241
 274 V   0.00000 0.00171 0.11113 0.60227 0.28463 0.00026 ( 4)  0.274
 275 L   0.00016 0.07066 0.46957 0.42952 0.03009 0.00000 ( 3)  0.156
 276 W   0.55445 0.32809 0.10406 0.01318 0.00021 0.00000 ( 1)  0.026
 277 L   0.00204 0.11640 0.41303 0.39637 0.07206 0.00010 ( 3)  0.165
 278 G   0.56109 0.32660 0.10012 0.01202 0.00018 0.00000 ( 1)  0.026
 279 L   0.55934 0.32679 0.10121 0.01247 0.00020 0.00000 ( 1)  0.026
 280 L   0.55304 0.32802 0.10499 0.01371 0.00025 0.00000 ( 1)  0.026
 281 P   0.57170 0.32412 0.09386 0.01020 0.00013 0.00000 ( 1)  0.024
 282 S   0.08151 0.43489 0.38370 0.09703 0.00288 0.00000 ( 2)  0.075
 283 D   0.61814 0.30922 0.06809 0.00452 0.00002 0.00000 ( 1)  0.020
 284 I   0.00436 0.20998 0.51487 0.25742 0.01337 0.00000 ( 3)  0.120
 285 Q   0.00000 0.00015 0.03011 0.41454 0.55328 0.00192 ( 5)  0.350
 286 R   0.09308 0.46843 0.36383 0.07328 0.00139 0.00000 ( 2)  0.069
 287 Y   0.00006 0.03079 0.29239 0.52320 0.15323 0.00033 ( 4)  0.215
 288 R   0.00000 0.00075 0.05922 0.46188 0.47539 0.00276 ( 5)  0.329
 289 V   0.07465 0.41295 0.39391 0.11413 0.00436 0.00000 ( 2)  0.080
 290 P   0.07176 0.40314 0.39758 0.12225 0.00527 0.00000 ( 2)  0.082
 291 E   0.00000 0.00000 0.00000 0.00163 0.43415 0.56422 ( 6)  0.765
 292 E   0.00000 0.00000 0.00204 0.13933 0.84512 0.01351 ( 5)  0.434
 293 A   0.00000 0.00000 0.00097 0.08519 0.86996 0.04389 ( 5)  0.464
 294 L   0.49298 0.33306 0.14165 0.03078 0.00153 0.00000 ( 1)  0.034
 295 I   0.00000 0.01077 0.23783 0.60218 0.14913 0.00009 ( 4)  0.224
 296 P   0.07440 0.41221 0.39431 0.11467 0.00441 0.00000 ( 2)  0.080
 297 F   0.00007 0.03459 0.32256 0.52921 0.11349 0.00009 ( 4)  0.201
 298 A   0.00000 0.00767 0.19009 0.58881 0.21317 0.00026 ( 4)  0.246
 299 K   0.00000 0.00000 0.00035 0.05645 0.88718 0.05602 ( 5)  0.477
 300 A   0.00000 0.00000 0.00000 0.00395 0.47392 0.52213 ( 6)  0.742
 301 D   0.60833 0.31289 0.07329 0.00546 0.00003 0.00000 ( 1)  0.021
 302 E   0.00404 0.19859 0.50888 0.27284 0.01566 0.00000 ( 3)  0.124
 303 R   0.00000 0.00000 0.00039 0.06135 0.89702 0.04124 ( 5)  0.468
 304 K   0.58952 0.31905 0.08367 0.00768 0.00007 0.00000 ( 1)  0.023
 305 I   0.05846 0.35274 0.40781 0.16791 0.01308 0.00001 ( 3)  0.095
 306 S   0.00000 0.00000 0.00000 0.00022 0.23071 0.76906 ( 6)  0.875
 307 S   0.00516 0.23772 0.52871 0.22059 0.00782 0.00000 ( 3)  0.112
 308 L   0.51320 0.33207 0.12928 0.02447 0.00099 0.00000 ( 1)  0.032
 309 R   0.00004 0.02295 0.24357 0.52595 0.20689 0.00060 ( 4)  0.236
 310 S   0.00000 0.00001 0.00825 0.26138 0.72562 0.00474 ( 5)  0.397
 311 R   0.55688 0.32590 0.10298 0.01391 0.00033 0.00000 ( 1)  0.026
 312 S   0.00306 0.16076 0.47596 0.32932 0.03089 0.00001 ( 3)  0.139
 313 Y   0.00010 0.04801 0.38343 0.49626 0.07218 0.00003 ( 4)  0.181
 314 I   0.00000 0.00030 0.02742 0.29345 0.65693 0.02190 ( 5)  0.392
 315 T   0.00000 0.00004 0.01011 0.23116 0.74596 0.01274 ( 5)  0.408
 316 C   0.00000 0.00000 0.00069 0.08977 0.88903 0.02051 ( 5)  0.450
 317 -   0.19200 0.19200 0.19200 0.19200 0.19200 0.04000 ( 4)  0.197
 318 P   0.55502 0.32777 0.10376 0.01323 0.00022 0.00000 ( 1)  0.026
 319 T   0.00000 0.00000 0.00000 0.00037 0.24732 0.75231 ( 6)  0.866
 320 W   0.53215 0.33151 0.11766 0.01824 0.00044 0.00000 ( 1)  0.029
 321 E   0.00000 0.00000 0.00004 0.01574 0.79042 0.19381 ( 5)  0.562
 322 R   0.00000 0.00140 0.09450 0.56081 0.34260 0.00069 ( 4)  0.290
 323 E   0.56530 0.32566 0.09762 0.01127 0.00016 0.00000 ( 1)  0.025
 324 V   0.00000 0.00354 0.18636 0.67613 0.13396 0.00002 ( 4)  0.228
 325 E   0.00000 0.00151 0.10077 0.57949 0.31780 0.00043 ( 4)  0.283
 326 T   0.00000 0.00000 0.00015 0.02720 0.82890 0.14375 ( 5)  0.532
 327 M   0.00816 0.32680 0.53502 0.12850 0.00151 0.00000 ( 3)  0.093
 328 Q   0.00000 0.00001 0.00433 0.16984 0.80704 0.01880 ( 5)  0.428
 329 N   0.00000 0.00001 0.00498 0.18592 0.79370 0.01540 ( 5)  0.422
 330 L   0.00000 0.00000 0.00000 0.00007 0.08680 0.91313 ( 6)  0.953
 331 K   0.00000 0.00017 0.03450 0.44097 0.52271 0.00165 ( 5)  0.342
 332 R   0.00000 0.00000 0.00025 0.04388 0.86853 0.08733 ( 5)  0.497
 333 K   0.58570 0.32017 0.08585 0.00820 0.00008 0.00000 ( 1)  0.023
 334 A   0.55884 0.32702 0.10147 0.01247 0.00020 0.00000 ( 1)  0.026
 335 E   0.57025 0.32440 0.09473 0.01048 0.00014 0.00000 ( 1)  0.025
 336 I   0.09370 0.46958 0.36239 0.07289 0.00144 0.00000 ( 2)  0.068
 337 Q   0.53526 0.33103 0.11576 0.01754 0.00041 0.00000 ( 1)  0.028
 338 C   0.00000 0.00069 0.05564 0.45319 0.48792 0.00256 ( 5)  0.332
 339 L   0.49240 0.33314 0.14202 0.03091 0.00152 0.00000 ( 1)  0.034
 340 A   0.00000 0.00000 0.00006 0.01940 0.79636 0.18419 ( 5)  0.556
 341 S   0.00000 0.00642 0.16799 0.57329 0.25183 0.00046 ( 4)  0.258
 342 I   0.00488 0.22756 0.52269 0.23462 0.01025 0.00000 ( 3)  0.115
 343 A   0.00000 0.00085 0.06598 0.49106 0.44059 0.00152 ( 4)  0.318
 344 P   0.56013 0.32674 0.10070 0.01224 0.00019 0.00000 ( 1)  0.026
 345 H   0.00537 0.24458 0.53053 0.21246 0.00706 0.00000 ( 3)  0.110
 346 F   0.60715 0.31324 0.07396 0.00562 0.00004 0.00000 ( 1)  0.021
 347 L   0.54085 0.32875 0.11254 0.01736 0.00051 0.00000 ( 1)  0.028
 348 T   0.00321 0.16681 0.48181 0.32003 0.02813 0.00001 ( 3)  0.136
 349 R   0.00000 0.00000 0.00012 0.02905 0.85766 0.11318 ( 5)  0.515
 350 V   0.00009 0.04466 0.36829 0.50461 0.08231 0.00004 ( 4)  0.186
 351 Y   0.55173 0.32832 0.10576 0.01394 0.00025 0.00000 ( 1)  0.027
 352 L   0.05000 0.31719 0.40806 0.20226 0.02247 0.00002 ( 3)  0.106
 353 P   0.54374 0.32976 0.11058 0.01560 0.00032 0.00000 ( 1)  0.027
 354 N   0.60962 0.31233 0.07264 0.00537 0.00003 0.00000 ( 1)  0.021
 355 K   0.57704 0.32264 0.09079 0.00943 0.00011 0.00000 ( 1)  0.024
 356 L   0.04626 0.30038 0.40609 0.21893 0.02831 0.00004 ( 3)  0.111
 357 R   0.00008 0.03717 0.33143 0.52108 0.11015 0.00009 ( 4)  0.199
 358 Y   0.08593 0.44819 0.37645 0.08726 0.00218 0.00000 ( 2)  0.073
 359 G   0.00000 0.00636 0.16722 0.57385 0.25213 0.00044 ( 4)  0.259
 360 G   0.07495 0.41414 0.39368 0.11304 0.00420 0.00000 ( 2)  0.080

Positively selected sites

	Prob(w>1)  mean w



lnL = -12966.102067

Bayes Empirical Bayes (BEB) probabilities for 11 classes (class) & postmean_w
(amino acids refer to 1st sequence: Danio_rerio)

   1 F   0.76517 0.18434 0.04125 0.00766 0.00132 0.00022 0.00004 0.00001 0.00000 0.00000 0.00000 ( 1)  0.080 +-  0.060
   2 T   0.00000 0.00000 0.00006 0.00115 0.00775 0.02696 0.05996 0.09489 0.11048 0.07838 0.62037 (11)  1.228 +-  0.357
   3 E   0.38849 0.36098 0.17262 0.05700 0.01579 0.00395 0.00092 0.00020 0.00004 0.00001 0.00000 ( 1)  0.147 +-  0.101
   4 V   0.02705 0.23600 0.33074 0.22741 0.11141 0.04485 0.01583 0.00502 0.00140 0.00028 0.00001 ( 3)  0.289 +-  0.131
   5 D   0.04252 0.30430 0.34792 0.19419 0.07687 0.02490 0.00705 0.00179 0.00040 0.00006 0.00000 ( 3)  0.257 +-  0.117
   6 K   0.00061 0.04983 0.20019 0.27602 0.22689 0.13748 0.06781 0.02845 0.01009 0.00245 0.00018 ( 4)  0.408 +-  0.151
   7 L   0.83259 0.12527 0.03161 0.00789 0.00198 0.00050 0.00013 0.00003 0.00001 0.00000 0.00000 ( 1)  0.072 +-  0.057
   8 R   0.01092 0.13165 0.25691 0.24777 0.17135 0.09791 0.04923 0.02229 0.00890 0.00251 0.00056 ( 3)  0.362 +-  0.162
   9 E   0.00000 0.00000 0.00000 0.00018 0.00192 0.00930 0.02672 0.05198 0.07184 0.05908 0.77897 (11)  1.348 +-  0.292
  10 A   0.00000 0.00022 0.00784 0.04828 0.12572 0.19629 0.21706 0.18450 0.12247 0.05191 0.04572 ( 7)  0.685 +-  0.236
  11 L   0.78895 0.14718 0.04505 0.01336 0.00390 0.00113 0.00032 0.00009 0.00002 0.00000 0.00000 ( 1)  0.080 +-  0.068
  12 C   0.00963 0.12421 0.25452 0.25290 0.17690 0.10043 0.04934 0.02149 0.00814 0.00215 0.00029 ( 3)  0.364 +-  0.158
  13 V   0.38117 0.36241 0.17602 0.05870 0.01636 0.00411 0.00096 0.00021 0.00004 0.00001 0.00000 ( 1)  0.148 +-  0.102
  14 L   0.82168 0.13158 0.03474 0.00894 0.00228 0.00058 0.00015 0.00004 0.00001 0.00000 0.00000 ( 1)  0.074 +-  0.059
  15 T   0.00000 0.00000 0.00031 0.00507 0.02692 0.07400 0.13108 0.16719 0.15888 0.09304 0.34350 (11)  1.004 +-  0.376
  16 R   0.01059 0.13310 0.26464 0.25428 0.17161 0.09389 0.04445 0.01867 0.00683 0.00175 0.00021 ( 3)  0.355 +-  0.155
  17 I   0.97264 0.02519 0.00197 0.00018 0.00002 0.00000 0.00000 0.00000 0.00000 0.00000 0.00000 ( 1)  0.053 +-  0.018
  18 E   0.96925 0.02805 0.00242 0.00024 0.00003 0.00000 0.00000 0.00000 0.00000 0.00000 0.00000 ( 1)  0.053 +-  0.020
  19 K   0.00000 0.00276 0.04653 0.15669 0.24135 0.23424 0.16698 0.09422 0.04261 0.01262 0.00200 ( 5)  0.535 +-  0.162
  20 V   0.37997 0.36084 0.17664 0.05980 0.01702 0.00438 0.00105 0.00024 0.00005 0.00001 0.00000 ( 1)  0.149 +-  0.103
  21 I   0.46650 0.34923 0.13617 0.03717 0.00864 0.00184 0.00037 0.00007 0.00001 0.00000 0.00000 ( 1)  0.128 +-  0.091
  22 E   0.20434 0.31379 0.24768 0.13443 0.06095 0.02484 0.00938 0.00330 0.00105 0.00024 0.00002 ( 2)  0.217 +-  0.138
  23 R   0.00000 0.00389 0.04938 0.15007 0.22704 0.22656 0.17040 0.10290 0.05014 0.01603 0.00359 ( 5)  0.543 +-  0.172
  24 I   0.04192 0.30378 0.34794 0.19410 0.07712 0.02531 0.00735 0.00194 0.00046 0.00008 0.00000 ( 3)  0.258 +-  0.118
  25 V   0.01656 0.18134 0.30846 0.25043 0.14154 0.06444 0.02526 0.00876 0.00264 0.00056 0.00002 ( 3)  0.318 +-  0.139
  26 I   0.00000 0.00011 0.00551 0.04054 0.11684 0.19359 0.22155 0.19188 0.12850 0.05459 0.04690 ( 7)  0.694 +-  0.235
  27 D   0.00161 0.09763 0.29165 0.29936 0.18344 0.08299 0.03063 0.00964 0.00257 0.00047 0.00001 ( 4)  0.350 +-  0.131
  28 V   0.48711 0.27437 0.14226 0.06031 0.02323 0.00845 0.00294 0.00097 0.00029 0.00006 0.00000 ( 1)  0.140 +-  0.115
  29 S   0.65977 0.23541 0.07733 0.02083 0.00512 0.00119 0.00027 0.00006 0.00001 0.00000 0.00000 ( 1)  0.098 +-  0.079
  30 K   0.00836 0.17664 0.33481 0.26283 0.13570 0.05502 0.01901 0.00579 0.00154 0.00029 0.00001 ( 3)  0.312 +-  0.128
  31 G   0.00000 0.00087 0.02351 0.10818 0.20980 0.24367 0.20046 0.12691 0.06290 0.02000 0.00371 ( 6)  0.576 +-  0.165
  32 E   0.90186 0.08316 0.01273 0.00191 0.00029 0.00004 0.00001 0.00000 0.00000 0.00000 0.00000 ( 1)  0.062 +-  0.038
  33 A   0.34697 0.36073 0.19229 0.07048 0.02159 0.00595 0.00152 0.00036 0.00008 0.00001 0.00000 ( 2)  0.159 +-  0.108
  34 P   0.96153 0.03432 0.00363 0.00045 0.00006 0.00001 0.00000 0.00000 0.00000 0.00000 0.00000 ( 1)  0.054 +-  0.023
  35 V   0.67142 0.23100 0.07299 0.01888 0.00445 0.00099 0.00021 0.00004 0.00001 0.00000 0.00000 ( 1)  0.096 +-  0.077
  36 L   0.93623 0.05273 0.00885 0.00173 0.00037 0.00008 0.00002 0.00000 0.00000 0.00000 0.00000 ( 1)  0.058 +-  0.033
  37 R   0.00000 0.00000 0.00000 0.00007 0.00085 0.00455 0.01445 0.03104 0.04725 0.04272 0.85906 (11)  1.406 +-  0.243
  38 L   0.93440 0.05398 0.00926 0.00185 0.00040 0.00009 0.00002 0.00000 0.00000 0.00000 0.00000 ( 1)  0.058 +-  0.033
  39 I   0.01499 0.16697 0.29457 0.25149 0.15099 0.07357 0.03105 0.01164 0.00380 0.00087 0.00006 ( 3)  0.329 +-  0.145
  40 N   0.22317 0.43053 0.24095 0.07926 0.02037 0.00456 0.00094 0.00018 0.00003 0.00000 0.00000 ( 2)  0.176 +-  0.100
  41 R   0.95640 0.03813 0.00465 0.00068 0.00011 0.00002 0.00000 0.00000 0.00000 0.00000 0.00000 ( 1)  0.055 +-  0.025
  42 S   0.33422 0.35903 0.19814 0.07533 0.02398 0.00688 0.00184 0.00046 0.00010 0.00002 0.00000 ( 2)  0.163 +-  0.110
  43 C   0.00000 0.00328 0.05103 0.16299 0.24241 0.23024 0.16231 0.09137 0.04154 0.01246 0.00238 ( 5)  0.531 +-  0.164
  44 W   0.95321 0.04080 0.00512 0.00074 0.00011 0.00002 0.00000 0.00000 0.00000 0.00000 0.00000 ( 1)  0.055 +-  0.026
  45 N   0.00000 0.00385 0.04865 0.14797 0.22482 0.22594 0.17150 0.10471 0.05166 0.01675 0.00415 ( 6)  0.546 +-  0.174
  46 N   0.93430 0.05878 0.00620 0.00065 0.00007 0.00001 0.00000 0.00000 0.00000 0.00000 0.00000 ( 1)  0.057 +-  0.029
  47 V   0.00433 0.11708 0.28120 0.27667 0.17707 0.08803 0.03690 0.01350 0.00425 0.00093 0.00005 ( 3)  0.352 +-  0.142
  48 R   0.00959 0.19349 0.34791 0.25737 0.12439 0.04690 0.01497 0.00419 0.00101 0.00017 0.00000 ( 3)  0.302 +-  0.124
  49 F   0.97964 0.01915 0.00113 0.00008 0.00001 0.00000 0.00000 0.00000 0.00000 0.00000 0.00000 ( 1)  0.052 +-  0.015
  50 Q   0.19339 0.41924 0.26013 0.09354 0.02590 0.00616 0.00132 0.00026 0.00005 0.00001 0.00000 ( 2)  0.186 +-  0.104
  51 E   0.00023 0.04102 0.20255 0.29288 0.23531 0.13432 0.06112 0.02337 0.00750 0.00164 0.00007 ( 4)  0.404 +-  0.142
  52 S   0.00000 0.00024 0.00847 0.05123 0.13100 0.20093 0.21829 0.18229 0.11887 0.04949 0.03920 ( 7)  0.675 +-  0.228
  53 V   0.00434 0.11922 0.28651 0.27895 0.17513 0.08481 0.03443 0.01214 0.00368 0.00077 0.00003 ( 3)  0.348 +-  0.139
  54 G   0.95590 0.03872 0.00463 0.00064 0.00010 0.00001 0.00000 0.00000 0.00000 0.00000 0.00000 ( 1)  0.055 +-  0.025
  55 L   0.85593 0.11284 0.02458 0.00524 0.00111 0.00024 0.00005 0.00001 0.00000 0.00000 0.00000 ( 1)  0.068 +-  0.050
  56 V   0.07468 0.28228 0.30479 0.19007 0.09098 0.03726 0.01369 0.00458 0.00136 0.00029 0.00001 ( 3)  0.264 +-  0.136
  57 L   0.68989 0.25406 0.04866 0.00654 0.00075 0.00008 0.00001 0.00000 0.00000 0.00000 0.00000 ( 1)  0.087 +-  0.062
  58 K   0.00000 0.00256 0.05067 0.17459 0.25939 0.23578 0.15489 0.07979 0.03276 0.00879 0.00077 ( 5)  0.518 +-  0.153
  59 D   0.00002 0.00625 0.05713 0.15002 0.21459 0.21380 0.16649 0.10683 0.05637 0.01981 0.00869 ( 5)  0.550 +-  0.191
  60 D   0.00000 0.00001 0.00082 0.01161 0.05371 0.12821 0.19635 0.21558 0.17556 0.08764 0.13051 ( 8)  0.817 +-  0.297
  61 V   0.00000 0.00000 0.00035 0.00560 0.02957 0.08066 0.14142 0.17804 0.16647 0.09556 0.30232 (11)  0.971 +-  0.367
  62 S   0.00004 0.01150 0.09132 0.20439 0.24591 0.20423 0.13183 0.06993 0.03051 0.00889 0.00147 ( 5)  0.494 +-  0.165
  63 P   0.00467 0.12379 0.29000 0.27741 0.17208 0.08265 0.03337 0.01172 0.00354 0.00074 0.00003 ( 3)  0.346 +-  0.139
  64 K   0.00020 0.02349 0.12906 0.23258 0.24201 0.18109 0.10810 0.05395 0.02240 0.00627 0.00086 ( 5)  0.463 +-  0.163
  65 Y   0.00001 0.00545 0.06265 0.17358 0.24074 0.22151 0.15455 0.08714 0.03993 0.01210 0.00235 ( 5)  0.522 +-  0.167
  66 L   0.00005 0.01409 0.10114 0.21101 0.24270 0.19674 0.12611 0.06737 0.02994 0.00897 0.00190 ( 5)  0.488 +-  0.168
  67 H   0.86078 0.10950 0.02341 0.00496 0.00106 0.00023 0.00005 0.00001 0.00000 0.00000 0.00000 ( 1)  0.068 +-  0.049
  68 C   0.06762 0.37812 0.34015 0.15051 0.04761 0.01242 0.00286 0.00059 0.00011 0.00001 0.00000 ( 2)  0.228 +-  0.106
  69 G   0.23116 0.43561 0.23595 0.07441 0.01816 0.00383 0.00073 0.00013 0.00002 0.00000 0.00000 ( 2)  0.173 +-  0.098
  70 K   0.05765 0.32669 0.34167 0.17887 0.06709 0.02072 0.00561 0.00137 0.00029 0.00004 0.00000 ( 3)  0.246 +-  0.115
  71 P   0.00071 0.05570 0.21443 0.28309 0.22252 0.12874 0.06053 0.02417 0.00814 0.00187 0.00010 ( 4)  0.398 +-  0.147
  72 T   0.00017 0.01916 0.10746 0.20528 0.23179 0.19118 0.12712 0.07118 0.03331 0.01052 0.00284 ( 5)  0.490 +-  0.176
  73 T   0.03117 0.25715 0.33917 0.21847 0.09984 0.03734 0.01220 0.00357 0.00092 0.00017 0.00000 ( 3)  0.278 +-  0.126
  74 A   0.00083 0.06215 0.22869 0.28863 0.21693 0.12002 0.05397 0.02062 0.00665 0.00146 0.00006 ( 4)  0.389 +-  0.144
  75 T   0.00004 0.01258 0.09570 0.20775 0.24494 0.20101 0.12908 0.06849 0.03002 0.00882 0.00158 ( 5)  0.491 +-  0.166
  76 K   0.02220 0.20816 0.31761 0.23932 0.12779 0.05529 0.02059 0.00675 0.00191 0.00038 0.00001 ( 3)  0.304 +-  0.136
  77 F   0.98196 0.01709 0.00090 0.00006 0.00000 0.00000 0.00000 0.00000 0.00000 0.00000 0.00000 ( 1)  0.052 +-  0.014
  78 A   0.70407 0.21658 0.06132 0.01425 0.00303 0.00061 0.00012 0.00002 0.00000 0.00000 0.00000 ( 1)  0.090 +-  0.071
  79 L   0.04915 0.24043 0.30710 0.21517 0.11194 0.04868 0.01868 0.00645 0.00196 0.00042 0.00002 ( 3)  0.287 +-  0.140
  80 I   0.05987 0.35751 0.34396 0.16300 0.05529 0.01549 0.00383 0.00086 0.00017 0.00002 0.00000 ( 2)  0.236 +-  0.109
  81 L   0.09261 0.31306 0.30462 0.17240 0.07536 0.02834 0.00962 0.00299 0.00083 0.00016 0.00001 ( 2)  0.247 +-  0.130
  82 K   0.97153 0.02614 0.00211 0.00020 0.00002 0.00000 0.00000 0.00000 0.00000 0.00000 0.00000 ( 1)  0.053 +-  0.019
  83 I   0.00077 0.06112 0.23004 0.29161 0.21770 0.11885 0.05255 0.01971 0.00624 0.00135 0.00005 ( 4)  0.388 +-  0.143
  84 L   0.63833 0.24316 0.08536 0.02459 0.00646 0.00161 0.00039 0.00009 0.00002 0.00000 0.00000 ( 1)  0.102 +-  0.083
  85 S   0.64391 0.24083 0.08331 0.02374 0.00620 0.00154 0.00037 0.00009 0.00002 0.00000 0.00000 ( 1)  0.101 +-  0.082
  86 I   0.00001 0.00559 0.06335 0.17417 0.24059 0.22095 0.15405 0.08689 0.03986 0.01211 0.00243 ( 5)  0.522 +-  0.167
  87 I   0.11929 0.37580 0.30579 0.13664 0.04558 0.01280 0.00320 0.00073 0.00015 0.00002 0.00000 ( 2)  0.217 +-  0.112
  88 Y   0.96402 0.03232 0.00322 0.00037 0.00005 0.00001 0.00000 0.00000 0.00000 0.00000 0.00000 ( 1)  0.054 +-  0.022
  89 K   0.18836 0.41340 0.26273 0.09788 0.02841 0.00716 0.00164 0.00035 0.00007 0.00001 0.00000 ( 2)  0.189 +-  0.106
  90 L   0.96389 0.03243 0.00325 0.00038 0.00005 0.00001 0.00000 0.00000 0.00000 0.00000 0.00000 ( 1)  0.054 +-  0.022
  91 V   0.32210 0.36099 0.20419 0.07839 0.02489 0.00705 0.00184 0.00045 0.00010 0.00002 0.00000 ( 2)  0.165 +-  0.110
  92 Q   0.87464 0.10150 0.01942 0.00362 0.00067 0.00012 0.00002 0.00000 0.00000 0.00000 0.00000 ( 1)  0.065 +-  0.045
  93 S   0.23693 0.43702 0.23224 0.07204 0.01734 0.00361 0.00068 0.00012 0.00002 0.00000 0.00000 ( 2)  0.171 +-  0.097
  94 D   0.54056 0.32747 0.10366 0.02304 0.00437 0.00076 0.00013 0.00002 0.00000 0.00000 0.00000 ( 1)  0.113 +-  0.081
  95 S   0.00171 0.06188 0.19708 0.25567 0.21454 0.13904 0.07552 0.03557 0.01434 0.00399 0.00066 ( 4)  0.414 +-  0.163
  96 Y   0.90596 0.08023 0.01181 0.00171 0.00025 0.00004 0.00001 0.00000 0.00000 0.00000 0.00000 ( 1)  0.061 +-  0.037
  97 A   0.89467 0.08825 0.01436 0.00228 0.00036 0.00006 0.00001 0.00000 0.00000 0.00000 0.00000 ( 1)  0.063 +-  0.040
  98 T   0.96608 0.03066 0.00290 0.00032 0.00004 0.00000 0.00000 0.00000 0.00000 0.00000 0.00000 ( 1)  0.054 +-  0.021
  99 K   0.97545 0.02280 0.00160 0.00013 0.00001 0.00000 0.00000 0.00000 0.00000 0.00000 0.00000 ( 1)  0.053 +-  0.017
 100 R   0.96789 0.02917 0.00263 0.00028 0.00003 0.00000 0.00000 0.00000 0.00000 0.00000 0.00000 ( 1)  0.054 +-  0.020
 101 D   0.97703 0.02144 0.00141 0.00011 0.00001 0.00000 0.00000 0.00000 0.00000 0.00000 0.00000 ( 1)  0.052 +-  0.017
 102 I   0.78202 0.17410 0.03631 0.00634 0.00103 0.00016 0.00003 0.00000 0.00000 0.00000 0.00000 ( 1)  0.077 +-  0.057
 103 Y   0.90418 0.08151 0.01221 0.00180 0.00026 0.00004 0.00001 0.00000 0.00000 0.00000 0.00000 ( 1)  0.061 +-  0.037
 104 Y   0.96591 0.03079 0.00292 0.00032 0.00004 0.00000 0.00000 0.00000 0.00000 0.00000 0.00000 ( 1)  0.054 +-  0.021
 105 N   0.58493 0.30987 0.08546 0.01653 0.00273 0.00041 0.00006 0.00001 0.00000 0.00000 0.00000 ( 1)  0.104 +-  0.075
 106 D   0.14279 0.40691 0.29227 0.11435 0.03330 0.00817 0.00178 0.00035 0.00006 0.00001 0.00000 ( 2)  0.202 +-  0.105
 107 P   0.12191 0.35767 0.29874 0.14422 0.05363 0.01716 0.00497 0.00132 0.00032 0.00005 0.00000 ( 2)  0.223 +-  0.119
 108 Q   0.66831 0.23279 0.07403 0.01915 0.00448 0.00098 0.00021 0.00004 0.00001 0.00000 0.00000 ( 1)  0.096 +-  0.077
 109 L   0.93671 0.05252 0.00868 0.00166 0.00034 0.00007 0.00002 0.00000 0.00000 0.00000 0.00000 ( 1)  0.058 +-  0.032
 110 F   0.94281 0.05191 0.00479 0.00044 0.00004 0.00000 0.00000 0.00000 0.00000 0.00000 0.00000 ( 1)  0.056 +-  0.027
 111 G   0.67805 0.22824 0.07058 0.01787 0.00412 0.00090 0.00019 0.00004 0.00001 0.00000 0.00000 ( 1)  0.095 +-  0.076
 112 S   0.65801 0.23555 0.07807 0.02135 0.00535 0.00128 0.00030 0.00007 0.00001 0.00000 0.00000 ( 1)  0.099 +-  0.080
 113 Q   0.95823 0.03694 0.00419 0.00055 0.00008 0.00001 0.00000 0.00000 0.00000 0.00000 0.00000 ( 1)  0.055 +-  0.024
 114 R   0.00000 0.00031 0.01028 0.05790 0.13938 0.20385 0.21411 0.17511 0.11310 0.04705 0.03890 ( 7)  0.667 +-  0.230
 115 M   0.00000 0.00039 0.01266 0.06943 0.16059 0.22243 0.21813 0.16453 0.09708 0.03669 0.01806 ( 6)  0.632 +-  0.196
 116 L   0.64122 0.24225 0.08424 0.02402 0.00625 0.00155 0.00037 0.00008 0.00002 0.00000 0.00000 ( 1)  0.102 +-  0.083
 117 D   0.82226 0.14869 0.02503 0.00351 0.00046 0.00006 0.00001 0.00000 0.00000 0.00000 0.00000 ( 1)  0.071 +-  0.049
 118 S   0.00000 0.00000 0.00010 0.00234 0.01574 0.05189 0.10584 0.15080 0.15628 0.09790 0.41911 (11)  1.073 +-  0.377
 119 I   0.93246 0.06012 0.00659 0.00073 0.00008 0.00001 0.00000 0.00000 0.00000 0.00000 0.00000 ( 1)  0.058 +-  0.030
 120 V   0.88734 0.09322 0.01616 0.00273 0.00046 0.00008 0.00001 0.00000 0.00000 0.00000 0.00000 ( 1)  0.064 +-  0.042
 121 D   0.97954 0.01924 0.00113 0.00008 0.00001 0.00000 0.00000 0.00000 0.00000 0.00000 0.00000 ( 1)  0.052 +-  0.016
 122 D   0.97725 0.02125 0.00139 0.00011 0.00001 0.00000 0.00000 0.00000 0.00000 0.00000 0.00000 ( 1)  0.052 +-  0.017
 123 I   0.72450 0.20744 0.05394 0.01143 0.00220 0.00040 0.00007 0.00001 0.00000 0.00000 0.00000 ( 1)  0.086 +-  0.067
 124 S   0.95753 0.03744 0.00434 0.00059 0.00009 0.00001 0.00000 0.00000 0.00000 0.00000 0.00000 ( 1)  0.055 +-  0.024
 125 C   0.97036 0.02713 0.00226 0.00022 0.00002 0.00000 0.00000 0.00000 0.00000 0.00000 0.00000 ( 1)  0.053 +-  0.019
 126 M   0.14130 0.48975 0.27450 0.07622 0.01526 0.00254 0.00038 0.00005 0.00001 0.00000 0.00000 ( 2)  0.184 +-  0.089
 127 L   0.95375 0.04032 0.00505 0.00073 0.00012 0.00002 0.00000 0.00000 0.00000 0.00000 0.00000 ( 1)  0.055 +-  0.026
 128 K   0.00142 0.08819 0.27357 0.29529 0.19255 0.09374 0.03761 0.01299 0.00384 0.00078 0.00003 ( 4)  0.361 +-  0.137
 129 V   0.00732 0.16441 0.32810 0.26853 0.14315 0.05935 0.02078 0.00636 0.00168 0.00031 0.00001 ( 3)  0.318 +-  0.129
 130 P   0.72850 0.20459 0.05295 0.01127 0.00219 0.00041 0.00007 0.00001 0.00000 0.00000 0.00000 ( 1)  0.086 +-  0.066
 131 R   0.95666 0.03813 0.00449 0.00061 0.00009 0.00001 0.00000 0.00000 0.00000 0.00000 0.00000 ( 1)  0.055 +-  0.025
 132 R   0.96638 0.03038 0.00287 0.00032 0.00004 0.00001 0.00000 0.00000 0.00000 0.00000 0.00000 ( 1)  0.054 +-  0.021
 133 S   0.00620 0.14736 0.31214 0.27216 0.15519 0.06914 0.02613 0.00867 0.00250 0.00050 0.00002 ( 3)  0.330 +-  0.134
 134 L   0.94459 0.04699 0.00695 0.00120 0.00022 0.00004 0.00001 0.00000 0.00000 0.00000 0.00000 ( 1)  0.057 +-  0.029
 135 H   0.93857 0.05537 0.00546 0.00053 0.00005 0.00001 0.00000 0.00000 0.00000 0.00000 0.00000 ( 1)  0.057 +-  0.028
 136 I   0.87232 0.10318 0.01993 0.00373 0.00069 0.00013 0.00002 0.00000 0.00000 0.00000 0.00000 ( 1)  0.066 +-  0.045
 137 L   0.65802 0.23361 0.07849 0.02215 0.00581 0.00147 0.00036 0.00009 0.00002 0.00000 0.00000 ( 1)  0.099 +-  0.081
 138 A   0.96084 0.03488 0.00374 0.00047 0.00006 0.00001 0.00000 0.00000 0.00000 0.00000 0.00000 ( 1)  0.054 +-  0.023
 139 T   0.96718 0.02976 0.00273 0.00029 0.00003 0.00000 0.00000 0.00000 0.00000 0.00000 0.00000 ( 1)  0.054 +-  0.021
 140 S   0.68950 0.22309 0.06651 0.01629 0.00364 0.00077 0.00016 0.00003 0.00001 0.00000 0.00000 ( 1)  0.092 +-  0.074
 141 K   0.97403 0.02402 0.00178 0.00016 0.00001 0.00000 0.00000 0.00000 0.00000 0.00000 0.00000 ( 1)  0.053 +-  0.018
 142 G   0.95753 0.03746 0.00433 0.00058 0.00008 0.00001 0.00000 0.00000 0.00000 0.00000 0.00000 ( 1)  0.055 +-  0.024
 143 F   0.03038 0.25309 0.33731 0.21996 0.10208 0.03894 0.01304 0.00394 0.00105 0.00020 0.00001 ( 3)  0.281 +-  0.127
 144 I   0.75957 0.18764 0.04295 0.00814 0.00142 0.00024 0.00004 0.00001 0.00000 0.00000 0.00000 ( 1)  0.081 +-  0.061
 145 S   0.08261 0.29641 0.30517 0.18217 0.08375 0.03304 0.01173 0.00380 0.00110 0.00023 0.00001 ( 3)  0.256 +-  0.133
 146 G   0.96405 0.03232 0.00321 0.00037 0.00005 0.00001 0.00000 0.00000 0.00000 0.00000 0.00000 ( 1)  0.054 +-  0.022
 147 D   0.93747 0.05627 0.00564 0.00056 0.00006 0.00001 0.00000 0.00000 0.00000 0.00000 0.00000 ( 1)  0.057 +-  0.028
 148 L   0.93686 0.05242 0.00864 0.00165 0.00034 0.00007 0.00002 0.00000 0.00000 0.00000 0.00000 ( 1)  0.058 +-  0.032
 149 C   0.13020 0.37951 0.29867 0.13161 0.04373 0.01231 0.00310 0.00071 0.00014 0.00002 0.00000 ( 2)  0.213 +-  0.112
 150 Y   0.96499 0.03155 0.00307 0.00035 0.00004 0.00001 0.00000 0.00000 0.00000 0.00000 0.00000 ( 1)  0.054 +-  0.022
 151 L   0.00318 0.09451 0.25032 0.27246 0.19344 0.10691 0.04988 0.02031 0.00712 0.00173 0.00014 ( 4)  0.374 +-  0.150
 152 E   0.96871 0.02850 0.00250 0.00026 0.00003 0.00000 0.00000 0.00000 0.00000 0.00000 0.00000 ( 1)  0.053 +-  0.020
 153 E   0.07783 0.31653 0.32266 0.17734 0.07178 0.02421 0.00720 0.00193 0.00046 0.00008 0.00000 ( 3)  0.246 +-  0.122
 154 D   0.97786 0.02071 0.00132 0.00010 0.00001 0.00000 0.00000 0.00000 0.00000 0.00000 0.00000 ( 1)  0.052 +-  0.016
 155 G   0.64885 0.24090 0.08110 0.02211 0.00544 0.00126 0.00028 0.00006 0.00001 0.00000 0.00000 ( 1)  0.100 +-  0.080
 156 T   0.68570 0.22563 0.06759 0.01648 0.00364 0.00076 0.00015 0.00003 0.00001 0.00000 0.00000 ( 1)  0.093 +-  0.074
 157 K   0.15701 0.38988 0.28072 0.11853 0.03898 0.01113 0.00289 0.00069 0.00015 0.00002 0.00000 ( 2)  0.204 +-  0.112
 158 V   0.89800 0.08588 0.01361 0.00212 0.00033 0.00005 0.00001 0.00000 0.00000 0.00000 0.00000 ( 1)  0.062 +-  0.039
 159 D   0.00039 0.06006 0.25531 0.31459 0.21333 0.10189 0.03850 0.01215 0.00320 0.00057 0.00001 ( 4)  0.372 +-  0.131
 160 C   0.97118 0.02644 0.00215 0.00020 0.00002 0.00000 0.00000 0.00000 0.00000 0.00000 0.00000 ( 1)  0.053 +-  0.019
 161 N   0.00000 0.00043 0.01309 0.06929 0.15671 0.21511 0.21196 0.16293 0.09941 0.03941 0.03166 ( 6)  0.646 +-  0.221
 162 S   0.06180 0.25576 0.30097 0.20348 0.10499 0.04608 0.01804 0.00640 0.00200 0.00044 0.00003 ( 3)  0.279 +-  0.142
 163 S   0.00019 0.03615 0.19003 0.28898 0.24142 0.14183 0.06583 0.02548 0.00822 0.00180 0.00007 ( 4)  0.411 +-  0.143
 164 S   0.40013 0.36010 0.16709 0.05364 0.01448 0.00354 0.00081 0.00017 0.00003 0.00000 0.00000 ( 1)  0.144 +-  0.100
 165 T   0.00000 0.00025 0.00887 0.05338 0.13493 0.20377 0.21771 0.17897 0.11518 0.04752 0.03943 ( 7)  0.672 +-  0.229
 166 A   0.89629 0.08713 0.01398 0.00219 0.00034 0.00005 0.00001 0.00000 0.00000 0.00000 0.00000 ( 1)  0.062 +-  0.039
 167 V   0.14174 0.37730 0.28917 0.12911 0.04463 0.01332 0.00360 0.00089 0.00020 0.00003 0.00000 ( 2)  0.212 +-  0.115
 168 S   0.00000 0.00069 0.01590 0.07404 0.15815 0.21254 0.20890 0.16153 0.09931 0.03959 0.02935 ( 6)  0.641 +-  0.219
 169 V   0.89083 0.09085 0.01530 0.00252 0.00041 0.00007 0.00001 0.00000 0.00000 0.00000 0.00000 ( 1)  0.063 +-  0.041
 170 S   0.95536 0.03909 0.00475 0.00067 0.00010 0.00002 0.00000 0.00000 0.00000 0.00000 0.00000 ( 1)  0.055 +-  0.025
 171 S   0.95868 0.03654 0.00414 0.00055 0.00008 0.00001 0.00000 0.00000 0.00000 0.00000 0.00000 ( 1)  0.055 +-  0.024
 172 N   0.94027 0.05398 0.00520 0.00050 0.00005 0.00000 0.00000 0.00000 0.00000 0.00000 0.00000 ( 1)  0.057 +-  0.028
 173 V   0.90591 0.08027 0.01182 0.00171 0.00025 0.00004 0.00001 0.00000 0.00000 0.00000 0.00000 ( 1)  0.061 +-  0.037
 174 N   0.00000 0.00000 0.00001 0.00056 0.00573 0.02578 0.06659 0.11399 0.13656 0.09612 0.55468 (11)  1.185 +-  0.361
 175 G   0.86908 0.10503 0.02089 0.00404 0.00077 0.00015 0.00003 0.00001 0.00000 0.00000 0.00000 ( 1)  0.066 +-  0.046
 176 I   0.92438 0.06644 0.00806 0.00098 0.00012 0.00002 0.00000 0.00000 0.00000 0.00000 0.00000 ( 1)  0.059 +-  0.032
 177 R   0.00001 0.00511 0.05695 0.15818 0.22604 0.21899 0.16348 0.09975 0.04982 0.01652 0.00515 ( 5)  0.539 +-  0.178
 178 N   0.98093 0.01800 0.00100 0.00007 0.00000 0.00000 0.00000 0.00000 0.00000 0.00000 0.00000 ( 1)  0.052 +-  0.015
 179 I   0.97567 0.02261 0.00158 0.00013 0.00001 0.00000 0.00000 0.00000 0.00000 0.00000 0.00000 ( 1)  0.053 +-  0.017
 180 V   0.89513 0.08791 0.01426 0.00226 0.00036 0.00006 0.00001 0.00000 0.00000 0.00000 0.00000 ( 1)  0.063 +-  0.040
 181 S   0.94966 0.04336 0.00587 0.00092 0.00016 0.00003 0.00001 0.00000 0.00000 0.00000 0.00000 ( 1)  0.056 +-  0.027
 182 S   0.96676 0.03010 0.00280 0.00030 0.00004 0.00000 0.00000 0.00000 0.00000 0.00000 0.00000 ( 1)  0.054 +-  0.021
 183 A   0.96501 0.03154 0.00306 0.00034 0.00004 0.00001 0.00000 0.00000 0.00000 0.00000 0.00000 ( 1)  0.054 +-  0.021
 184 K   0.91191 0.07588 0.01053 0.00144 0.00020 0.00003 0.00000 0.00000 0.00000 0.00000 0.00000 ( 1)  0.060 +-  0.035
 185 F   0.94350 0.05133 0.00469 0.00043 0.00004 0.00000 0.00000 0.00000 0.00000 0.00000 0.00000 ( 1)  0.056 +-  0.027
 186 I   0.00328 0.10521 0.27704 0.28488 0.18449 0.09065 0.03688 0.01291 0.00385 0.00079 0.00002 ( 4)  0.356 +-  0.139
 187 L   0.01186 0.13997 0.26697 0.25064 0.16762 0.09178 0.04375 0.01856 0.00686 0.00177 0.00021 ( 3)  0.352 +-  0.156
 188 I   0.21933 0.42624 0.24307 0.08249 0.02216 0.00526 0.00116 0.00024 0.00005 0.00001 0.00000 ( 2)  0.178 +-  0.102
 189 V   0.14326 0.37890 0.28848 0.12791 0.04389 0.01300 0.00348 0.00086 0.00019 0.00003 0.00000 ( 2)  0.211 +-  0.114
 190 E   0.96909 0.02819 0.00244 0.00025 0.00003 0.00000 0.00000 0.00000 0.00000 0.00000 0.00000 ( 1)  0.053 +-  0.020
 191 K   0.97264 0.02520 0.00196 0.00018 0.00002 0.00000 0.00000 0.00000 0.00000 0.00000 0.00000 ( 1)  0.053 +-  0.018
 192 D   0.97951 0.01927 0.00114 0.00008 0.00001 0.00000 0.00000 0.00000 0.00000 0.00000 0.00000 ( 1)  0.052 +-  0.016
 193 A   0.96516 0.03142 0.00303 0.00034 0.00004 0.00001 0.00000 0.00000 0.00000 0.00000 0.00000 ( 1)  0.054 +-  0.021
 194 T   0.96470 0.03178 0.00311 0.00036 0.00004 0.00001 0.00000 0.00000 0.00000 0.00000 0.00000 ( 1)  0.054 +-  0.022
 195 F   0.97932 0.01943 0.00116 0.00008 0.00001 0.00000 0.00000 0.00000 0.00000 0.00000 0.00000 ( 1)  0.052 +-  0.016
 196 Q   0.95826 0.03692 0.00419 0.00055 0.00008 0.00001 0.00000 0.00000 0.00000 0.00000 0.00000 ( 1)  0.055 +-  0.024
 197 R   0.39282 0.36075 0.17048 0.05570 0.01531 0.00381 0.00089 0.00019 0.00004 0.00001 0.00000 ( 1)  0.146 +-  0.101
 198 L   0.83691 0.12370 0.03009 0.00712 0.00167 0.00039 0.00009 0.00002 0.00000 0.00000 0.00000 ( 1)  0.071 +-  0.055
 199 L   0.55330 0.26670 0.11773 0.04239 0.01386 0.00428 0.00127 0.00036 0.00009 0.00002 0.00000 ( 1)  0.122 +-  0.100
 200 D   0.56573 0.31833 0.09302 0.01900 0.00330 0.00053 0.00008 0.00001 0.00000 0.00000 0.00000 ( 1)  0.108 +-  0.077
 201 D   0.81644 0.15267 0.02649 0.00382 0.00051 0.00006 0.00001 0.00000 0.00000 0.00000 0.00000 ( 1)  0.072 +-  0.050
 202 D   0.00226 0.12133 0.32245 0.29566 0.16237 0.06602 0.02194 0.00623 0.00150 0.00025 0.00000 ( 3)  0.332 +-  0.125
 203 F   0.82704 0.14544 0.02381 0.00325 0.00041 0.00005 0.00001 0.00000 0.00000 0.00000 0.00000 ( 1)  0.070 +-  0.049
 204 C   0.42426 0.35883 0.15559 0.04644 0.01160 0.00261 0.00055 0.00011 0.00002 0.00000 0.00000 ( 1)  0.137 +-  0.096
 205 A   0.00460 0.12271 0.28900 0.27762 0.17281 0.08327 0.03372 0.01188 0.00360 0.00076 0.00003 ( 3)  0.346 +-  0.139
 206 R   0.13265 0.36676 0.29323 0.13681 0.04942 0.01539 0.00433 0.00112 0.00026 0.00004 0.00000 ( 2)  0.217 +-  0.117
 207 L   0.64189 0.24172 0.08406 0.02403 0.00627 0.00156 0.00037 0.00008 0.00002 0.00000 0.00000 ( 1)  0.102 +-  0.083
 208 S   0.00000 0.00251 0.04195 0.14369 0.22890 0.23251 0.17496 0.10489 0.05063 0.01607 0.00388 ( 6)  0.549 +-  0.170
 209 P   0.96636 0.03044 0.00285 0.00031 0.00004 0.00000 0.00000 0.00000 0.00000 0.00000 0.00000 ( 1)  0.054 +-  0.021
 210 C   0.74882 0.19388 0.04626 0.00908 0.00163 0.00028 0.00005 0.00001 0.00000 0.00000 0.00000 ( 1)  0.082 +-  0.063
 211 I   0.91614 0.07276 0.00964 0.00126 0.00017 0.00002 0.00000 0.00000 0.00000 0.00000 0.00000 ( 1)  0.060 +-  0.034
 212 I   0.25343 0.45424 0.21848 0.05912 0.01218 0.00215 0.00034 0.00005 0.00001 0.00000 0.00000 ( 2)  0.163 +-  0.092
 213 I   0.92825 0.06350 0.00730 0.00084 0.00010 0.00001 0.00000 0.00000 0.00000 0.00000 0.00000 ( 1)  0.058 +-  0.031
 214 T   0.96701 0.02990 0.00275 0.00030 0.00003 0.00000 0.00000 0.00000 0.00000 0.00000 0.00000 ( 1)  0.054 +-  0.021
 215 G   0.96410 0.03228 0.00320 0.00037 0.00005 0.00001 0.00000 0.00000 0.00000 0.00000 0.00000 ( 1)  0.054 +-  0.022
 216 K   0.97515 0.02306 0.00164 0.00014 0.00001 0.00000 0.00000 0.00000 0.00000 0.00000 0.00000 ( 1)  0.053 +-  0.017
 217 G   0.96403 0.03233 0.00321 0.00037 0.00005 0.00001 0.00000 0.00000 0.00000 0.00000 0.00000 ( 1)  0.054 +-  0.022
 218 V   0.11330 0.34791 0.30292 0.15155 0.05798 0.01893 0.00554 0.00147 0.00035 0.00006 0.00000 ( 2)  0.228 +-  0.120
 219 P   0.96656 0.03027 0.00282 0.00031 0.00004 0.00000 0.00000 0.00000 0.00000 0.00000 0.00000 ( 1)  0.054 +-  0.021
 220 D   0.97902 0.01970 0.00119 0.00008 0.00001 0.00000 0.00000 0.00000 0.00000 0.00000 0.00000 ( 1)  0.052 +-  0.016
 221 V   0.35480 0.36112 0.18860 0.06779 0.02038 0.00552 0.00139 0.00033 0.00007 0.00001 0.00000 ( 2)  0.156 +-  0.106
 222 N   0.97841 0.02024 0.00126 0.00009 0.00001 0.00000 0.00000 0.00000 0.00000 0.00000 0.00000 ( 1)  0.052 +-  0.016
 223 S   0.97640 0.02199 0.00148 0.00012 0.00001 0.00000 0.00000 0.00000 0.00000 0.00000 0.00000 ( 1)  0.053 +-  0.017
 224 R   0.96728 0.02965 0.00274 0.00030 0.00004 0.00000 0.00000 0.00000 0.00000 0.00000 0.00000 ( 1)  0.054 +-  0.021
 225 L   0.94063 0.04981 0.00780 0.00142 0.00028 0.00006 0.00001 0.00000 0.00000 0.00000 0.00000 ( 1)  0.057 +-  0.031
 226 M   0.98768 0.01187 0.00043 0.00002 0.00000 0.00000 0.00000 0.00000 0.00000 0.00000 0.00000 ( 1)  0.051 +-  0.012
 227 V   0.96027 0.03531 0.00385 0.00049 0.00007 0.00001 0.00000 0.00000 0.00000 0.00000 0.00000 ( 1)  0.054 +-  0.023
 228 R   0.43689 0.35451 0.14988 0.04432 0.01114 0.00256 0.00056 0.00011 0.00002 0.00000 0.00000 ( 1)  0.135 +-  0.095
 229 K   0.91774 0.07156 0.00932 0.00120 0.00016 0.00002 0.00000 0.00000 0.00000 0.00000 0.00000 ( 1)  0.059 +-  0.034
 230 L   0.95193 0.04170 0.00540 0.00081 0.00013 0.00002 0.00000 0.00000 0.00000 0.00000 0.00000 ( 1)  0.056 +-  0.027
 231 W   0.95725 0.03772 0.00436 0.00058 0.00008 0.00001 0.00000 0.00000 0.00000 0.00000 0.00000 ( 1)  0.055 +-  0.024
 232 D   0.79722 0.16517 0.03171 0.00504 0.00074 0.00010 0.00001 0.00000 0.00000 0.00000 0.00000 ( 1)  0.075 +-  0.054
 233 A   0.00001 0.00788 0.08107 0.20213 0.25359 0.21203 0.13498 0.06970 0.02935 0.00821 0.00105 ( 5)  0.497 +-  0.159
 234 L   0.93870 0.05110 0.00825 0.00155 0.00031 0.00007 0.00001 0.00000 0.00000 0.00000 0.00000 ( 1)  0.057 +-  0.032
 235 H   0.54731 0.32595 0.10047 0.02157 0.00393 0.00065 0.00010 0.00002 0.00000 0.00000 0.00000 ( 1)  0.111 +-  0.080
 236 V   0.02823 0.24851 0.34095 0.22412 0.10300 0.03830 0.01233 0.00353 0.00088 0.00015 0.00000 ( 3)  0.281 +-  0.125
 237 P   0.96314 0.03304 0.00336 0.00040 0.00005 0.00001 0.00000 0.00000 0.00000 0.00000 0.00000 ( 1)  0.054 +-  0.022
 238 V   0.00516 0.13469 0.30518 0.27851 0.16319 0.07352 0.02769 0.00904 0.00253 0.00049 0.00001 ( 3)  0.336 +-  0.134
 239 F   0.98079 0.01813 0.00101 0.00007 0.00000 0.00000 0.00000 0.00000 0.00000 0.00000 0.00000 ( 1)  0.052 +-  0.015
 240 A   0.70362 0.21693 0.06144 0.01426 0.00301 0.00060 0.00012 0.00002 0.00000 0.00000 0.00000 ( 1)  0.090 +-  0.071
 241 L   0.93402 0.05415 0.00938 0.00190 0.00042 0.00010 0.00002 0.00001 0.00000 0.00000 0.00000 ( 1)  0.058 +-  0.034
 242 V   0.69750 0.21959 0.06364 0.01514 0.00329 0.00068 0.00013 0.00003 0.00000 0.00000 0.00000 ( 1)  0.091 +-  0.072
 243 D   0.97933 0.01942 0.00116 0.00008 0.00001 0.00000 0.00000 0.00000 0.00000 0.00000 0.00000 ( 1)  0.052 +-  0.016
 244 A   0.71170 0.21298 0.05866 0.01326 0.00274 0.00054 0.00010 0.00002 0.00000 0.00000 0.00000 ( 1)  0.088 +-  0.069
 245 D   0.97644 0.02196 0.00147 0.00012 0.00001 0.00000 0.00000 0.00000 0.00000 0.00000 0.00000 ( 1)  0.053 +-  0.017
 246 P   0.96664 0.03021 0.00280 0.00030 0.00004 0.00000 0.00000 0.00000 0.00000 0.00000 0.00000 ( 1)  0.054 +-  0.021
 247 H   0.81698 0.15212 0.02646 0.00384 0.00052 0.00007 0.00001 0.00000 0.00000 0.00000 0.00000 ( 1)  0.072 +-  0.050
 248 G   0.95933 0.03607 0.00400 0.00051 0.00007 0.00001 0.00000 0.00000 0.00000 0.00000 0.00000 ( 1)  0.055 +-  0.024
 249 I   0.79161 0.16846 0.03342 0.00552 0.00085 0.00012 0.00002 0.00000 0.00000 0.00000 0.00000 ( 1)  0.076 +-  0.055
 250 E   0.97030 0.02717 0.00227 0.00022 0.00002 0.00000 0.00000 0.00000 0.00000 0.00000 0.00000 ( 1)  0.053 +-  0.019
 251 I   0.97285 0.02501 0.00194 0.00018 0.00002 0.00000 0.00000 0.00000 0.00000 0.00000 0.00000 ( 1)  0.053 +-  0.018
 252 M   0.98768 0.01187 0.00043 0.00002 0.00000 0.00000 0.00000 0.00000 0.00000 0.00000 0.00000 ( 1)  0.051 +-  0.012
 253 C   0.76261 0.18592 0.04201 0.00785 0.00135 0.00022 0.00004 0.00001 0.00000 0.00000 0.00000 ( 1)  0.080 +-  0.060
 254 I   0.91496 0.07368 0.00986 0.00130 0.00017 0.00002 0.00000 0.00000 0.00000 0.00000 0.00000 ( 1)  0.060 +-  0.034
 255 Y   0.96467 0.03180 0.00312 0.00036 0.00004 0.00001 0.00000 0.00000 0.00000 0.00000 0.00000 ( 1)  0.054 +-  0.022
 256 K   0.97119 0.02643 0.00215 0.00020 0.00002 0.00000 0.00000 0.00000 0.00000 0.00000 0.00000 ( 1)  0.053 +-  0.019
 257 Y   0.96813 0.02897 0.00259 0.00027 0.00003 0.00000 0.00000 0.00000 0.00000 0.00000 0.00000 ( 1)  0.054 +-  0.020
 258 G   0.95565 0.03890 0.00468 0.00065 0.00010 0.00002 0.00000 0.00000 0.00000 0.00000 0.00000 ( 1)  0.055 +-  0.025
 259 S   0.94742 0.04499 0.00633 0.00103 0.00018 0.00003 0.00001 0.00000 0.00000 0.00000 0.00000 ( 1)  0.056 +-  0.028
 260 V   0.00045 0.04049 0.17861 0.26711 0.23528 0.15094 0.07790 0.03379 0.01225 0.00300 0.00019 ( 4)  0.423 +-  0.153
 261 S   0.33344 0.35867 0.19845 0.07573 0.02423 0.00700 0.00188 0.00047 0.00011 0.00002 0.00000 ( 2)  0.163 +-  0.110
 262 M   0.98768 0.01187 0.00043 0.00002 0.00000 0.00000 0.00000 0.00000 0.00000 0.00000 0.00000 ( 1)  0.051 +-  0.012
 263 A   0.86032 0.11024 0.02335 0.00484 0.00100 0.00021 0.00004 0.00001 0.00000 0.00000 0.00000 ( 1)  0.068 +-  0.049
 264 F   0.98177 0.01725 0.00092 0.00006 0.00000 0.00000 0.00000 0.00000 0.00000 0.00000 0.00000 ( 1)  0.052 +-  0.015
 265 E   0.96838 0.02878 0.00254 0.00026 0.00003 0.00000 0.00000 0.00000 0.00000 0.00000 0.00000 ( 1)  0.053 +-  0.020
 266 A   0.88231 0.09659 0.01740 0.00305 0.00053 0.00009 0.00002 0.00000 0.00000 0.00000 0.00000 ( 1)  0.064 +-  0.043
 267 H   0.00197 0.11138 0.31060 0.29804 0.17092 0.07245 0.02507 0.00740 0.00186 0.00032 0.00000 ( 3)  0.339 +-  0.127
 268 S   0.27113 0.44445 0.21053 0.05842 0.01263 0.00237 0.00041 0.00006 0.00001 0.00000 0.00000 ( 2)  0.161 +-  0.093
 269 L   0.93360 0.05461 0.00941 0.00187 0.00040 0.00009 0.00002 0.00000 0.00000 0.00000 0.00000 ( 1)  0.058 +-  0.033
 270 T   0.89333 0.08912 0.01471 0.00238 0.00038 0.00006 0.00001 0.00000 0.00000 0.00000 0.00000 ( 1)  0.063 +-  0.040
 271 V   0.03092 0.25673 0.33981 0.21900 0.09984 0.03714 0.01203 0.00348 0.00088 0.00016 0.00000 ( 3)  0.278 +-  0.125
 272 P   0.88604 0.09411 0.01647 0.00281 0.00048 0.00008 0.00001 0.00000 0.00000 0.00000 0.00000 ( 1)  0.064 +-  0.042
 273 S   0.05819 0.35260 0.34446 0.16588 0.05724 0.01634 0.00412 0.00094 0.00019 0.00003 0.00000 ( 2)  0.238 +-  0.110
 274 V   0.03444 0.27368 0.34496 0.21091 0.09095 0.03193 0.00975 0.00265 0.00063 0.00011 0.00000 ( 3)  0.270 +-  0.122
 275 L   0.46666 0.35252 0.13539 0.03566 0.00786 0.00156 0.00029 0.00005 0.00001 0.00000 0.00000 ( 1)  0.127 +-  0.089
 276 W   0.95725 0.03772 0.00436 0.00058 0.00008 0.00001 0.00000 0.00000 0.00000 0.00000 0.00000 ( 1)  0.055 +-  0.024
 277 L   0.53169 0.27033 0.12597 0.04785 0.01648 0.00536 0.00166 0.00049 0.00013 0.00003 0.00000 ( 1)  0.127 +-  0.105
 278 G   0.95944 0.03598 0.00398 0.00051 0.00007 0.00001 0.00000 0.00000 0.00000 0.00000 0.00000 ( 1)  0.055 +-  0.024
 279 L   0.95861 0.03660 0.00415 0.00055 0.00008 0.00001 0.00000 0.00000 0.00000 0.00000 0.00000 ( 1)  0.055 +-  0.024
 280 L   0.95631 0.03837 0.00457 0.00063 0.00010 0.00001 0.00000 0.00000 0.00000 0.00000 0.00000 ( 1)  0.055 +-  0.025
 281 P   0.96301 0.03315 0.00338 0.00040 0.00005 0.00001 0.00000 0.00000 0.00000 0.00000 0.00000 ( 1)  0.054 +-  0.022
 282 S   0.88426 0.09519 0.01696 0.00296 0.00051 0.00009 0.00002 0.00000 0.00000 0.00000 0.00000 ( 1)  0.064 +-  0.043
 283 D   0.97620 0.02218 0.00150 0.00012 0.00001 0.00000 0.00000 0.00000 0.00000 0.00000 0.00000 ( 1)  0.053 +-  0.017
 284 I   0.71720 0.20966 0.05698 0.01284 0.00267 0.00053 0.00010 0.00002 0.00000 0.00000 0.00000 ( 1)  0.088 +-  0.069
 285 Q   0.00455 0.12185 0.28840 0.27817 0.17356 0.08362 0.03376 0.01181 0.00354 0.00073 0.00002 ( 3)  0.347 +-  0.139
 286 R   0.90571 0.08042 0.01186 0.00172 0.00025 0.00004 0.00001 0.00000 0.00000 0.00000 0.00000 ( 1)  0.061 +-  0.037
 287 Y   0.25834 0.33755 0.22913 0.10827 0.04327 0.01574 0.00537 0.00172 0.00050 0.00011 0.00001 ( 2)  0.192 +-  0.127
 288 R   0.01605 0.17211 0.29548 0.24808 0.14799 0.07237 0.03097 0.01188 0.00402 0.00096 0.00009 ( 3)  0.327 +-  0.146
 289 V   0.86889 0.10513 0.02095 0.00407 0.00078 0.00015 0.00003 0.00001 0.00000 0.00000 0.00000 ( 1)  0.066 +-  0.047
 290 P   0.86156 0.10961 0.02296 0.00468 0.00095 0.00019 0.00004 0.00001 0.00000 0.00000 0.00000 ( 1)  0.067 +-  0.048
 291 E   0.00000 0.00002 0.00173 0.01775 0.06762 0.14250 0.20109 0.20923 0.16456 0.08039 0.11511 ( 8)  0.792 +-  0.291
 292 E   0.00008 0.01925 0.12853 0.24512 0.25337 0.18180 0.10185 0.04707 0.01796 0.00460 0.00039 ( 5)  0.457 +-  0.155
 293 A   0.00003 0.00943 0.07778 0.18359 0.23536 0.20971 0.14586 0.08354 0.03936 0.01237 0.00298 ( 5)  0.514 +-  0.173
 294 L   0.92936 0.05735 0.01044 0.00220 0.00050 0.00012 0.00003 0.00001 0.00000 0.00000 0.00000 ( 1)  0.059 +-  0.035
 295 I   0.13818 0.37335 0.29076 0.13203 0.04645 0.01411 0.00388 0.00098 0.00022 0.00004 0.00000 ( 2)  0.214 +-  0.116
 296 P   0.86838 0.10547 0.02108 0.00410 0.00079 0.00015 0.00003 0.00001 0.00000 0.00000 0.00000 ( 1)  0.066 +-  0.047
 297 F   0.28491 0.35569 0.22092 0.09262 0.03209 0.00994 0.00285 0.00076 0.00018 0.00003 0.00000 ( 2)  0.178 +-  0.116
 298 A   0.10304 0.33093 0.30429 0.16197 0.06633 0.02330 0.00736 0.00213 0.00055 0.00010 0.00000 ( 2)  0.237 +-  0.125
 299 K   0.00001 0.00461 0.05482 0.15837 0.23032 0.22317 0.16442 0.09801 0.04746 0.01517 0.00364 ( 5)  0.537 +-  0.172
 300 A   0.00000 0.00009 0.00360 0.02525 0.07680 0.14173 0.18625 0.18844 0.14876 0.07473 0.15433 ( 8)  0.814 +-  0.327
 301 D   0.97369 0.02432 0.00181 0.00016 0.00002 0.00000 0.00000 0.00000 0.00000 0.00000 0.00000 ( 1)  0.053 +-  0.018
 302 E   0.70040 0.21822 0.06263 0.01476 0.00318 0.00065 0.00013 0.00002 0.00000 0.00000 0.00000 ( 1)  0.090 +-  0.071
 303 R   0.00001 0.00523 0.06082 0.17106 0.24057 0.22359 0.15670 0.08818 0.04004 0.01194 0.00186 ( 5)  0.523 +-  0.165
 304 K   0.96838 0.02876 0.00256 0.00027 0.00003 0.00000 0.00000 0.00000 0.00000 0.00000 0.00000 ( 1)  0.053 +-  0.020
 305 I   0.81917 0.13283 0.03555 0.00926 0.00238 0.00061 0.00015 0.00004 0.00001 0.00000 0.00000 ( 1)  0.075 +-  0.060
 306 S   0.00000 0.00000 0.00030 0.00571 0.03295 0.09324 0.16387 0.20194 0.18171 0.09911 0.22116 (11)  0.907 +-  0.339
 307 S   0.75509 0.19018 0.04435 0.00855 0.00152 0.00026 0.00004 0.00001 0.00000 0.00000 0.00000 ( 1)  0.081 +-  0.062
 308 L   0.93864 0.05099 0.00833 0.00160 0.00034 0.00007 0.00002 0.00000 0.00000 0.00000 0.00000 ( 1)  0.057 +-  0.032
 309 R   0.20492 0.31580 0.24913 0.13403 0.05969 0.02371 0.00867 0.00294 0.00090 0.00020 0.00001 ( 2)  0.216 +-  0.136
 310 S   0.00062 0.05263 0.21220 0.28596 0.22568 0.12967 0.06011 0.02355 0.00776 0.00174 0.00008 ( 4)  0.399 +-  0.146
 311 R   0.95603 0.03830 0.00479 0.00073 0.00012 0.00002 0.00000 0.00000 0.00000 0.00000 0.00000 ( 1)  0.055 +-  0.025
 312 S   0.63395 0.24524 0.08693 0.02514 0.00660 0.00164 0.00039 0.00009 0.00002 0.00000 0.00000 ( 1)  0.103 +-  0.084
 313 Y   0.36008 0.36093 0.18609 0.06617 0.01972 0.00530 0.00133 0.00031 0.00007 0.00001 0.00000 ( 2)  0.155 +-  0.106
 314 I   0.00649 0.08830 0.20092 0.23058 0.19171 0.13186 0.07934 0.04247 0.01974 0.00636 0.00224 ( 4)  0.413 +-  0.183
 315 T   0.00120 0.05088 0.18103 0.25346 0.22359 0.14920 0.08204 0.03857 0.01534 0.00416 0.00053 ( 4)  0.424 +-  0.162
 316 C   0.00001 0.00911 0.08987 0.21481 0.25830 0.20694 0.12616 0.06235 0.02510 0.00670 0.00064 ( 5)  0.487 +-  0.156
 317 -   0.54463 0.12170 0.07886 0.05764 0.04418 0.03447 0.02680 0.02027 0.01420 0.00725 0.05000 ( 1)  0.251 +-  0.360
 318 P   0.95719 0.03772 0.00440 0.00059 0.00009 0.00001 0.00000 0.00000 0.00000 0.00000 0.00000 ( 1)  0.055 +-  0.025
 319 T   0.00000 0.00000 0.00044 0.00685 0.03512 0.09277 0.15714 0.19076 0.17174 0.09484 0.25033 (11)  0.926 +-  0.354
 320 W   0.94848 0.04432 0.00606 0.00095 0.00016 0.00003 0.00000 0.00000 0.00000 0.00000 0.00000 ( 1)  0.056 +-  0.028
 321 E   0.00000 0.00064 0.01500 0.07237 0.15900 0.21722 0.21433 0.16436 0.09906 0.03827 0.01974 ( 6)  0.633 +-  0.202
 322 R   0.02855 0.24220 0.33184 0.22419 0.10841 0.04325 0.01517 0.00479 0.00133 0.00026 0.00001 ( 3)  0.287 +-  0.130
 323 E   0.96089 0.03484 0.00374 0.00046 0.00006 0.00001 0.00000 0.00000 0.00000 0.00000 0.00000 ( 1)  0.054 +-  0.023
 324 V   0.06687 0.38443 0.34363 0.14724 0.04422 0.01079 0.00230 0.00044 0.00007 0.00001 0.00000 ( 2)  0.226 +-  0.103
 325 E   0.03066 0.25482 0.33861 0.21966 0.10102 0.03799 0.01247 0.00366 0.00094 0.00017 0.00000 ( 3)  0.279 +-  0.126
 326 T   0.00000 0.00167 0.02497 0.09585 0.18110 0.22143 0.20067 0.14414 0.08272 0.03091 0.01653 ( 6)  0.606 +-  0.200
 327 M   0.84395 0.13369 0.01966 0.00240 0.00027 0.00003 0.00000 0.00000 0.00000 0.00000 0.00000 ( 1)  0.068 +-  0.045
 328 Q   0.00029 0.02915 0.14266 0.23869 0.23696 0.17243 0.10149 0.05046 0.02104 0.00594 0.00089 ( 4)  0.454 +-  0.164
 329 N   0.00035 0.03313 0.15531 0.24861 0.23619 0.16475 0.09321 0.04471 0.01807 0.00497 0.00071 ( 4)  0.443 +-  0.161
 330 L   0.00000 0.00000 0.00007 0.00143 0.00924 0.03089 0.06630 0.10187 0.11579 0.08056 0.59385 (11)  1.207 +-  0.364
 331 K   0.00537 0.13466 0.30042 0.27514 0.16424 0.07630 0.02993 0.01026 0.00303 0.00062 0.00002 ( 3)  0.338 +-  0.137
 332 R   0.00000 0.00322 0.04141 0.13153 0.21061 0.22412 0.18070 0.11745 0.06179 0.02138 0.00779 ( 6)  0.565 +-  0.184
 333 K   0.96722 0.02972 0.00273 0.00029 0.00003 0.00000 0.00000 0.00000 0.00000 0.00000 0.00000 ( 1)  0.054 +-  0.021
 334 A   0.95859 0.03664 0.00414 0.00054 0.00008 0.00001 0.00000 0.00000 0.00000 0.00000 0.00000 ( 1)  0.055 +-  0.024
 335 E   0.96245 0.03359 0.00348 0.00042 0.00005 0.00001 0.00000 0.00000 0.00000 0.00000 0.00000 ( 1)  0.054 +-  0.023
 336 I   0.90621 0.07993 0.01182 0.00173 0.00026 0.00004 0.00001 0.00000 0.00000 0.00000 0.00000 ( 1)  0.061 +-  0.037
 337 Q   0.94964 0.04344 0.00584 0.00090 0.00015 0.00003 0.00000 0.00000 0.00000 0.00000 0.00000 ( 1)  0.056 +-  0.027
 338 C   0.01478 0.16531 0.29310 0.25166 0.15202 0.07456 0.03169 0.01196 0.00394 0.00091 0.00006 ( 3)  0.330 +-  0.145
 339 L   0.92917 0.05750 0.01048 0.00220 0.00049 0.00012 0.00003 0.00001 0.00000 0.00000 0.00000 ( 1)  0.059 +-  0.035
 340 A   0.00000 0.00089 0.01826 0.08026 0.16511 0.21569 0.20701 0.15669 0.09444 0.03694 0.02471 ( 6)  0.630 +-  0.213
 341 S   0.08813 0.30704 0.30611 0.17652 0.07822 0.02968 0.01011 0.00314 0.00087 0.00017 0.00001 ( 2)  0.250 +-  0.130
 342 I   0.74128 0.19691 0.04909 0.01026 0.00200 0.00038 0.00007 0.00001 0.00000 0.00000 0.00000 ( 1)  0.084 +-  0.065
 343 A   0.01816 0.18819 0.30946 0.24652 0.13818 0.06286 0.02476 0.00866 0.00264 0.00056 0.00002 ( 3)  0.315 +-  0.139
 344 P   0.95903 0.03629 0.00406 0.00053 0.00007 0.00001 0.00000 0.00000 0.00000 0.00000 0.00000 ( 1)  0.055 +-  0.024
 345 H   0.76335 0.18535 0.04183 0.00784 0.00136 0.00023 0.00004 0.00001 0.00000 0.00000 0.00000 ( 1)  0.080 +-  0.060
 346 F   0.97330 0.02464 0.00187 0.00017 0.00002 0.00000 0.00000 0.00000 0.00000 0.00000 0.00000 ( 1)  0.053 +-  0.018
 347 L   0.95000 0.04282 0.00596 0.00100 0.00019 0.00004 0.00001 0.00000 0.00000 0.00000 0.00000 ( 1)  0.056 +-  0.028
 348 T   0.64550 0.24082 0.08262 0.02323 0.00595 0.00145 0.00034 0.00008 0.00002 0.00000 0.00000 ( 1)  0.101 +-  0.082
 349 R   0.00000 0.00168 0.02785 0.10612 0.19431 0.22826 0.19774 0.13520 0.07357 0.02596 0.00930 ( 6)  0.588 +-  0.185
 350 V   0.34205 0.35974 0.19448 0.07249 0.02265 0.00639 0.00168 0.00041 0.00009 0.00001 0.00000 ( 2)  0.160 +-  0.109
 351 Y   0.95589 0.03870 0.00464 0.00065 0.00010 0.00002 0.00000 0.00000 0.00000 0.00000 0.00000 ( 1)  0.055 +-  0.025
 352 L   0.78443 0.14913 0.04651 0.01404 0.00417 0.00123 0.00036 0.00010 0.00003 0.00001 0.00000 ( 1)  0.081 +-  0.069
 353 P   0.95296 0.04095 0.00519 0.00076 0.00012 0.00002 0.00000 0.00000 0.00000 0.00000 0.00000 ( 1)  0.055 +-  0.026
 354 N   0.97394 0.02410 0.00179 0.00016 0.00001 0.00000 0.00000 0.00000 0.00000 0.00000 0.00000 ( 1)  0.053 +-  0.018
 355 K   0.96460 0.03185 0.00314 0.00036 0.00005 0.00001 0.00000 0.00000 0.00000 0.00000 0.00000 ( 1)  0.054 +-  0.022
 356 L   0.76635 0.15677 0.05235 0.01685 0.00532 0.00165 0.00051 0.00015 0.00004 0.00001 0.00000 ( 1)  0.085 +-  0.074
 357 R   0.29908 0.35364 0.21415 0.08899 0.03083 0.00959 0.00276 0.00074 0.00018 0.00003 0.00000 ( 2)  0.174 +-  0.116
 358 Y   0.89305 0.08928 0.01480 0.00241 0.00039 0.00006 0.00001 0.00000 0.00000 0.00000 0.00000 ( 1)  0.063 +-  0.040
 359 G   0.08746 0.30659 0.30676 0.17708 0.07835 0.02961 0.01003 0.00309 0.00084 0.00016 0.00000 ( 3)  0.250 +-  0.130
 360 G   0.86983 0.10461 0.02067 0.00397 0.00075 0.00014 0.00003 0.00000 0.00000 0.00000 0.00000 ( 1)  0.066 +-  0.046

Positively selected sites

	Prob(w>1)  mean w

     2 T      0.620         1.228 +- 0.357
     9 E      0.779         1.348 +- 0.292
    37 R      0.859         1.406 +- 0.243
   174 N      0.555         1.185 +- 0.361
   330 L      0.594         1.207 +- 0.364

