

TREE # 1

  0  0.0000  15903.140947  x:  0.03764   0.09780   0.05763   0.01857   0.07340   0.04701   0.07748   0.01785   0.01581   0.07720   0.05443   0.06872   0.05078   0.03618   0.05537   0.02947   0.08563   0.03949   0.01640   0.10236   0.08950   0.10064   0.07735   0.09021   0.01063   0.09175   0.01732   0.04822   0.08760   0.05798   0.09602   0.09189   0.04693   0.08425   0.08055   0.09712   0.05397   0.08762   0.01230   0.10321   0.05948   0.08373   0.04370   0.10495   0.05896   0.05095   2.00000   0.90000   0.59443   1.84510   2.46983  
  1 99.0000  14447.050617  x:  0.07506   0.11093   0.07320   0.09500   0.07682   0.03765   0.06806   0.04848   0.04567   0.07955   0.05302   0.06712   0.10354   0.04039   0.05607   0.06506   0.11016   0.03560   0.02139   0.10614   0.07885   0.09061   0.08182   0.11785   0.15549   0.08604   0.18186   0.07528   0.12155   0.09797   0.10090   0.11521   0.06255   0.09347   0.08906   0.11221   0.07967   0.08963   0.12532   0.11080   0.09530   0.09017   0.10962   0.12968   0.10079   0.08837   2.00213   0.99999   0.58113   1.84920   2.46598  
  2 12147.2908  13459.295575  x:  0.22552   0.16380   0.13576   0.40177   0.09060   0.00000   0.03015   0.17151   0.16560   0.08905   0.04731   0.06068   0.31560   0.05732   0.05891   0.20805   0.20889   0.01998   0.04146   0.12143   0.03599   0.05023   0.09979   0.22899   0.73667   0.06306   0.84205   0.18401   0.25818   0.25878   0.12059   0.20909   0.12539   0.13056   0.12330   0.17292   0.18302   0.09770   0.57883   0.14128   0.23939   0.11610   0.37455   0.22925   0.26903   0.23883   2.01070   0.98708   0.52751   1.86570   2.45054  
  3 109319.6370  13427.252677  x:  0.25057   0.17356   0.14582   0.44878   0.09327   0.14700   0.02644   0.19054   0.18405   0.09080   0.04535   0.05893   0.35044   0.05901   0.05861   0.23051   0.22736   0.01836   0.04473   0.12608   0.02776   0.04210   0.10267   0.24829   0.82624   0.05801   0.94425   0.20066   0.28335   0.28662   0.12487   0.22647   0.13593   0.13729   0.12935   0.18356   0.20072   0.09781   0.64929   0.14604   0.26404   0.12135   0.41787   0.24858   0.29780   0.26388   2.01240   0.98509   0.51654   1.86885   2.44788  
  4 22177.9164  13263.390898  x:  0.28242   0.20871   0.14463   0.41289   0.09710   0.14535   0.00274   0.17704   0.16958   0.09712   0.01741   0.03942   0.38421   0.03170   0.03756   0.22505   0.30134   0.04847   0.04715   0.18808   0.00265   0.00319   0.10318   0.29316   0.77668   0.01934   0.89954   0.18648   0.37524   0.34866   0.15768   0.29092   0.15153   0.15943   0.14508   0.20992   0.23429   0.06635   0.62436   0.14510   0.31060   0.15159   0.45586   0.34134   0.35256   0.29573   2.02130   0.98554   0.46099   1.88023   2.44222  
  5 898.6251  13215.604121  x:  0.29250   0.21961   0.14426   0.40197   0.09854   0.14486   0.00000   0.17288   0.16507   0.09897   0.00873   0.03339   0.39506   0.02359   0.03102   0.22358   0.32415   0.05673   0.04734   0.20663   0.01142   0.00946   0.10314   0.30719   0.76167   0.00742   0.88621   0.18240   0.40367   0.36813   0.16760   0.31088   0.15631   0.16611   0.14978   0.21807   0.24474   0.05639   0.61706   0.14490   0.32510   0.16069   0.46807   0.36988   0.36968   0.30581   2.02412   0.98568   0.44394   1.88370   2.44043  
  6 9208.5168  13187.795268  x:  0.29975   0.22711   0.14387   0.39441   0.10045   0.14404   0.02011   0.16985   0.16165   0.10007   0.00310   0.02956   0.40321   0.01978   0.02664   0.22297   0.33956   0.06005   0.04603   0.21778   0.01157   0.01276   0.10256   0.31699   0.75101   0.00000   0.87709   0.18040   0.42307   0.38199   0.17379   0.32454   0.15935   0.17016   0.15247   0.22355   0.25191   0.04892   0.61225   0.14494   0.33504   0.16626   0.47717   0.38905   0.38162   0.31306   2.02621   0.98577   0.43299   1.88588   2.43912  
  7 4920.1547  13173.114171  x:  0.30808   0.23235   0.14097   0.38628   0.10076   0.14377   0.01883   0.16530   0.15559   0.10017   0.00569   0.03221   0.41574   0.04070   0.02617   0.22662   0.34824   0.04100   0.03107   0.21009   0.00216   0.02219   0.09656   0.32590   0.73751   0.00000   0.86857   0.18838   0.43597   0.39686   0.17223   0.33413   0.15841   0.16746   0.14870   0.22604   0.25692   0.03715   0.60926   0.14722   0.34189   0.16329   0.49059   0.39879   0.39196   0.32139   2.02913   0.98585   0.43604   1.88465   2.43763  
  8 516.6326  13154.534332  x:  0.32147   0.24037   0.13610   0.37344   0.10131   0.14332   0.01975   0.15798   0.14568   0.10006   0.01018   0.03658   0.43615   0.07476   0.02595   0.23300   0.36117   0.00928   0.00665   0.19593   0.00794   0.01701   0.08644   0.34005   0.71580   0.00000   0.85535   0.20237   0.45557   0.42056   0.16885   0.34882   0.15640   0.16226   0.14185   0.22961   0.26464   0.01795   0.60494   0.15123   0.35239   0.15757   0.51257   0.41307   0.40823   0.33478   2.03390   0.98598   0.44274   1.88226   2.43522  
  9 3738.3751  13139.582673  x:  0.33348   0.24521   0.13103   0.36312   0.10215   0.14308   0.02095   0.15178   0.13601   0.09697   0.01226   0.03835   0.45557   0.10224   0.03101   0.24178   0.36711   0.02392   0.01753   0.17845   0.01036   0.01573   0.07709   0.35284   0.69545   0.00000   0.84567   0.22113   0.46645   0.44051   0.16177   0.35783   0.15156   0.15280   0.13114   0.23027   0.26986   0.00000   0.60375   0.15742   0.35891   0.14801   0.53496   0.41824   0.42093   0.34679   2.03894   0.98607   0.45713   1.87799   2.43279  
 10 575.3056  13130.416985  x:  0.34398   0.24718   0.12967   0.35670   0.10589   0.14294   0.01986   0.15049   0.13039   0.09096   0.00000   0.02044   0.47115   0.08919   0.02872   0.24799   0.36594   0.01135   0.03376   0.17116   0.00960   0.01617   0.07077   0.36482   0.67360   0.00000   0.83901   0.23461   0.46767   0.45514   0.15887   0.36194   0.14409   0.14067   0.11801   0.22893   0.27495   0.00000   0.60710   0.17072   0.36214   0.14319   0.55979   0.41648   0.43155   0.35729   2.04557   0.98613   0.47517   1.87213   2.42995  
 11 281.6484  13121.727351  x:  0.35834   0.24836   0.13060   0.35126   0.11235   0.14283   0.01827   0.15360   0.12837   0.09669   0.00000   0.01119   0.49280   0.05523   0.02412   0.25573   0.35912   0.02481   0.00676   0.16783   0.00818   0.01746   0.06224   0.37954   0.63797   0.00000   0.83176   0.24893   0.46420   0.47388   0.16469   0.36434   0.13195   0.12273   0.09976   0.22588   0.28078   0.00000   0.61710   0.19183   0.36434   0.14191   0.59993   0.40978   0.44692   0.37165   2.05805   0.98620   0.49615   1.86344   2.42451  
 12 295.7702  13111.336770  x:  0.37742   0.24940   0.13559   0.34826   0.11942   0.14255   0.01694   0.16456   0.13655   0.13260   0.00000   0.06686   0.52313   0.01738   0.01614   0.26225   0.34562   0.01895   0.01346   0.19378   0.00776   0.01902   0.06185   0.39878   0.57280   0.00000   0.82142   0.25459   0.45674   0.49849   0.18653   0.36399   0.11644   0.10425   0.08399   0.22235   0.28472   0.00000   0.63863   0.21707   0.36458   0.14993   0.66542   0.40041   0.47177   0.39073   2.08385   0.98634   0.50396   1.85275   2.41307  
 13 248.7453  13089.838131  x:  0.39882   0.25560   0.15510   0.36566   0.11788   0.14190   0.01478   0.19486   0.16566   0.10747   0.00000   0.03433   0.55413   0.03332   0.05099   0.26584   0.34033   0.02364   0.00683   0.27037   0.00989   0.02147   0.10399   0.41540   0.42464   0.00000   0.80940   0.20583   0.43056   0.51613   0.18036   0.35392   0.12283   0.14175   0.12876   0.23175   0.28182   0.00000   0.70234   0.23076   0.36206   0.18235   0.79066   0.41654   0.52139   0.41213   2.15285   0.98661   0.46161   1.83365   2.38140  
 14 129.9650  13076.309049  x:  0.39842   0.25833   0.14356   0.37493   0.10364   0.14179   0.01330   0.18891   0.16494   0.10010   0.00000   0.02498   0.54609   0.01878   0.00000   0.23988   0.36874   0.02931   0.00880   0.26041   0.01027   0.02333   0.11315   0.40205   0.38242   0.00000   0.80934   0.18957   0.46472   0.51548   0.18411   0.36410   0.13398   0.16134   0.14150   0.22825   0.27928   0.00000   0.73278   0.20261   0.36974   0.17747   0.82321   0.44341   0.53107   0.41173   2.18538   0.98667   0.45266   1.81784   2.36334  
 15 122.7588  13070.931342  x:  0.39604   0.25976   0.13602   0.37658   0.10176   0.14172   0.01241   0.18199   0.16054   0.10359   0.00000   0.02160   0.53588   0.00447   0.01737   0.23262   0.39064   0.02782   0.00957   0.25472   0.01016   0.02466   0.11380   0.39397   0.37199   0.01142   0.80721   0.18671   0.49047   0.51452   0.19341   0.37464   0.13776   0.16520   0.13993   0.22375   0.28141   0.00000   0.74405   0.18797   0.37655   0.17593   0.83021   0.45951   0.53165   0.40935   2.20009   0.98669   0.44987   1.80911   2.35374  
 16 212.9467  13062.309234  x:  0.39067   0.26116   0.12885   0.37644   0.11716   0.14161   0.01053   0.17256   0.15178   0.11796   0.02722   0.00000   0.50878   0.01820   0.02591   0.21963   0.42744   0.02789   0.01141   0.27005   0.01109   0.02660   0.11067   0.38419   0.36451   0.02615   0.79903   0.17832   0.53879   0.51153   0.23333   0.39967   0.13516   0.15383   0.11590   0.20993   0.29604   0.00000   0.76290   0.18176   0.39195   0.18771   0.83780   0.48607   0.52827   0.40399   2.22685   0.98673   0.45478   1.78904   2.33405  
 17 257.6886  13052.267957  x:  0.38825   0.27027   0.13163   0.36547   0.13431   0.14148   0.00811   0.16411   0.13753   0.09317   0.00187   0.00928   0.48814   0.02236   0.02820   0.22863   0.45242   0.02794   0.00776   0.28944   0.01153   0.02851   0.10835   0.38957   0.37923   0.00000   0.77984   0.17278   0.57657   0.51440   0.24172   0.42631   0.13363   0.14097   0.09674   0.20744   0.31640   0.00000   0.76797   0.18993   0.40721   0.20009   0.83111   0.51542   0.52578   0.40156   2.24564   0.98677   0.45996   1.76913   2.31445  
 18 154.0772  13050.957737  x:  0.38841   0.27174   0.13250   0.36352   0.13475   0.14146   0.00790   0.16373   0.13667   0.09189   0.00000   0.01016   0.48744   0.02276   0.02708   0.23035   0.45337   0.02790   0.00728   0.29124   0.01155   0.02868   0.10870   0.39135   0.38191   0.00354   0.77716   0.17510   0.57847   0.51547   0.24078   0.42854   0.13371   0.14023   0.09637   0.20863   0.31806   0.00000   0.76700   0.19122   0.40818   0.20078   0.82927   0.51829   0.52597   0.40172   2.24672   0.98677   0.45940   1.76743   2.31251  
 19 176.6150  13046.717254  x:  0.39079   0.27786   0.13486   0.35565   0.13048   0.14138   0.00728   0.16303   0.13606   0.10228   0.00000   0.00775   0.49053   0.02248   0.02610   0.23684   0.45481   0.02715   0.00672   0.29200   0.01154   0.02930   0.10905   0.39923   0.39298   0.00000   0.76616   0.18140   0.58216   0.52289   0.23580   0.43518   0.13496   0.14028   0.09989   0.21602   0.32093   0.00000   0.76048   0.19257   0.41030   0.19879   0.82095   0.52891   0.52899   0.40410   2.24874   0.98680   0.45596   1.76138   2.30518  
 20 193.3056  13039.612905  x:  0.41646   0.28868   0.13276   0.35509   0.13386   0.14116   0.00374   0.16730   0.14030   0.08880   0.00000   0.02903   0.54527   0.01749   0.03647   0.21781   0.46268   0.02495   0.00430   0.27571   0.01102   0.03096   0.08688   0.41997   0.41602   0.01178   0.74177   0.13501   0.58637   0.57461   0.22364   0.44064   0.13262   0.14892   0.10549   0.22829   0.30693   0.00000   0.71731   0.17529   0.41857   0.18879   0.79581   0.55977   0.56504   0.42978   2.23459   0.98690   0.47473   1.73508   2.27975  
 21 91.2342  13037.136967  x:  0.42795   0.27999   0.12328   0.37453   0.13709   0.14099   0.00216   0.16807   0.14445   0.07692   0.00000   0.03194   0.57487   0.01947   0.03958   0.20466   0.46990   0.02231   0.00330   0.26680   0.01085   0.03146   0.09049   0.41132   0.40736   0.00322   0.74017   0.16375   0.59078   0.59605   0.23728   0.43168   0.12696   0.15489   0.10111   0.21947   0.29625   0.00000   0.68591   0.16205   0.42333   0.19818   0.78893   0.56297   0.58649   0.44126   2.21596   0.98696   0.45498   1.72954   2.26773  
 22 62.3352  13035.957205  x:  0.43367   0.27099   0.11752   0.38747   0.12733   0.14092   0.00220   0.16496   0.14276   0.09072   0.00000   0.02649   0.58609   0.02599   0.03665   0.21886   0.47729   0.02153   0.00405   0.26014   0.01096   0.03163   0.10144   0.39694   0.39400   0.00889   0.75215   0.15495   0.60104   0.60461   0.24154   0.42735   0.12509   0.15697   0.09904   0.21367   0.30159   0.00000   0.65768   0.16709   0.42646   0.20114   0.79169   0.55936   0.59969   0.44699   2.19195   0.98700   0.45473   1.72432   2.25902  
 23 37.9998  13035.311301  x:  0.43445   0.27059   0.13075   0.38899   0.13225   0.14086   0.00213   0.16851   0.14265   0.09540   0.00000   0.02701   0.58147   0.02722   0.03706   0.21672   0.48254   0.02106   0.00343   0.26705   0.01099   0.03183   0.09674   0.38907   0.38175   0.00795   0.76944   0.16151   0.61137   0.60462   0.23711   0.43121   0.13126   0.15848   0.10729   0.21758   0.30579   0.00000   0.63376   0.16661   0.42532   0.18982   0.80133   0.55412   0.60462   0.44776   2.16582   0.98702   0.46151   1.72004   2.25089  
 24 24.9288  13034.539038  x:  0.43296   0.27002   0.12832   0.37804   0.12530   0.14083   0.00286   0.16293   0.13860   0.08924   0.00000   0.03142   0.57194   0.02477   0.03921   0.21163   0.48310   0.02068   0.00157   0.26549   0.01106   0.03191   0.10932   0.40061   0.37904   0.00531   0.79244   0.16043   0.61846   0.60295   0.23221   0.43869   0.13333   0.15185   0.10841   0.22053   0.30611   0.00000   0.60246   0.17112   0.42601   0.19151   0.81971   0.54699   0.60446   0.44628   2.12636   0.98702   0.45425   1.71794   2.23721  
 25 23.6652  13033.826201  x:  0.43091   0.27390   0.12490   0.36731   0.13493   0.14075   0.00316   0.16178   0.14145   0.08958   0.00000   0.02856   0.57030   0.02403   0.03611   0.22074   0.47865   0.02043   0.00346   0.26118   0.01131   0.03177   0.09100   0.40370   0.38526   0.00711   0.79951   0.15619   0.61407   0.60188   0.23533   0.44161   0.13267   0.15379   0.10631   0.21890   0.30038   0.00000   0.58151   0.16690   0.42782   0.20331   0.83089   0.55316   0.60159   0.44422   2.09507   0.98703   0.44251   1.71756   2.22045  
 26 20.1752  13032.424732  x:  0.42945   0.28095   0.11890   0.35871   0.13358   0.14072   0.00580   0.16374   0.14310   0.09263   0.00000   0.02382   0.57934   0.02631   0.03574   0.21450   0.47777   0.02009   0.00240   0.27738   0.01200   0.03194   0.09935   0.40595   0.40453   0.00830   0.78488   0.16055   0.60248   0.60587   0.24845   0.43609   0.12417   0.16680   0.09903   0.21099   0.29863   0.00000   0.56661   0.15613   0.42947   0.20275   0.83882   0.58217   0.59820   0.44277   2.05628   0.98704   0.46105   1.71148   2.17942  
 27 19.7985  13029.380339  x:  0.42972   0.29003   0.13417   0.37903   0.13607   0.14033   0.00975   0.17290   0.13805   0.09137   0.00000   0.02690   0.59543   0.02410   0.03599   0.20403   0.48967   0.01831   0.00345   0.26272   0.01311   0.03138   0.10312   0.39337   0.41146   0.00991   0.73208   0.15628   0.60421   0.61601   0.24926   0.42797   0.11023   0.17397   0.08885   0.21093   0.32574   0.00000   0.57799   0.19056   0.43329   0.18043   0.82913   0.61275   0.59240   0.44303   2.02175   0.98710   0.44018   1.71279   2.08273  
 28 30.7452  13024.358344  x:  0.43717   0.28855   0.12267   0.40493   0.11328   0.13990   0.01684   0.15835   0.13213   0.08663   0.00000   0.03525   0.60322   0.02017   0.03255   0.23637   0.50375   0.01363   0.00000   0.27366   0.01427   0.03108   0.08813   0.39145   0.38688   0.00874   0.67157   0.16611   0.63154   0.63022   0.22625   0.43707   0.11230   0.16142   0.09572   0.22165   0.32282   0.00000   0.62074   0.18036   0.43707   0.19405   0.80529   0.61337   0.59957   0.45048   2.02649   0.98719   0.44691   1.71079   1.93413  
 29 57.3599  13020.657255  x:  0.44818   0.28889   0.13664   0.39336   0.14105   0.13942   0.02041   0.15721   0.13681   0.09888   0.00000   0.03098   0.60515   0.02486   0.02963   0.23503   0.50647   0.01039   0.00001   0.24840   0.01544   0.03025   0.11412   0.41066   0.37063   0.01284   0.63588   0.16429   0.65379   0.64700   0.22532   0.46089   0.12756   0.14085   0.10292   0.23315   0.30633   0.00000   0.64555   0.15543   0.43805   0.20654   0.78272   0.59367   0.61730   0.46150   2.06770   0.98727   0.44830   1.71147   1.80686  
 30 90.8844  13018.000568  x:  0.45733   0.28091   0.12800   0.35179   0.12276   0.13922   0.02443   0.15164   0.13230   0.10102   0.00000   0.02409   0.60684   0.03325   0.03304   0.20442   0.50156   0.00853   0.00053   0.24919   0.01635   0.02967   0.09325   0.41139   0.36951   0.01596   0.64122   0.16352   0.65976   0.66246   0.24067   0.46980   0.13587   0.13400   0.10869   0.23988   0.30522   0.00000   0.64459   0.16326   0.43757   0.19796   0.76730   0.57495   0.64002   0.47064   2.13465   0.98728   0.43713   1.71652   1.71252  
 31 64.4796  13017.039801  x:  0.45804   0.27728   0.12656   0.34304   0.12647   0.13915   0.02495   0.15303   0.13008   0.09828   0.00000   0.02570   0.60603   0.03170   0.03158   0.21289   0.50208   0.00804   0.00000   0.24919   0.01647   0.02961   0.09642   0.40599   0.37086   0.01502   0.64835   0.16400   0.66097   0.66677   0.24100   0.46681   0.13345   0.13897   0.10779   0.23731   0.30660   0.00000   0.62952   0.16354   0.43731   0.19233   0.76414   0.57783   0.64635   0.47136   2.16285   0.98728   0.43662   1.71953   1.68676  
 32 39.7280  13016.165094  x:  0.45721   0.28091   0.13377   0.35418   0.12119   0.13905   0.02620   0.15644   0.13571   0.10198   0.00000   0.02723   0.60250   0.03060   0.03207   0.20598   0.50596   0.00816   0.00094   0.24347   0.01676   0.02967   0.09433   0.40378   0.37448   0.01363   0.65754   0.16782   0.66110   0.67031   0.22731   0.46595   0.12989   0.13892   0.10490   0.23838   0.31061   0.00000   0.59127   0.17092   0.44047   0.21401   0.76031   0.59008   0.64913   0.47053   2.20896   0.98729   0.44752   1.72576   1.63866  
 33 36.7461  13015.435126  x:  0.45637   0.29012   0.13229   0.38061   0.12071   0.13897   0.02650   0.14776   0.13339   0.10352   0.00000   0.02355   0.60491   0.03168   0.03061   0.20595   0.50647   0.00821   0.00040   0.25135   0.01691   0.02960   0.09027   0.41825   0.37773   0.01479   0.66006   0.16489   0.65880   0.66896   0.22652   0.46792   0.12801   0.12405   0.09899   0.24477   0.30796   0.00000   0.56201   0.16488   0.43896   0.20084   0.76097   0.59499   0.64172   0.46968   2.23705   0.98729   0.44366   1.73702   1.58624  
 34 25.4041  13013.658216  x:  0.45498   0.30602   0.12704   0.38925   0.11063   0.13873   0.02729   0.15127   0.13142   0.08952   0.00000   0.02583   0.61167   0.03208   0.02964   0.22074   0.50601   0.00798   0.00310   0.23853   0.01717   0.02971   0.08836   0.42649   0.37651   0.01378   0.65020   0.16861   0.66280   0.66079   0.26276   0.48032   0.13948   0.12618   0.11738   0.26174   0.30328   0.00000   0.54196   0.17525   0.43866   0.19417   0.77020   0.59811   0.62361   0.46830   2.25679   0.98731   0.46163   1.76953   1.42162  
 35 23.4841  13007.555402  x:  0.45725   0.31004   0.10617   0.36238   0.11934   0.13806   0.02704   0.15262   0.11858   0.09536   0.00000   0.02353   0.63238   0.03168   0.02605   0.21893   0.51400   0.00838   0.00502   0.24573   0.01749   0.02981   0.08688   0.42552   0.37782   0.01350   0.63052   0.17178   0.68057   0.65668   0.23260   0.49778   0.13686   0.13366   0.11176   0.25387   0.30260   0.00000   0.53441   0.17539   0.44568   0.18378   0.78893   0.59883   0.59742   0.47057   2.27448   0.98732   0.47431   1.85918   1.00000  
 36 102.8492  13007.555402  x:  0.45725   0.31004   0.10617   0.36238   0.11934   0.13806   0.02704   0.15262   0.11858   0.09536   0.00000   0.02353   0.63238   0.03168   0.02605   0.21893   0.51400   0.00838   0.00502   0.24573   0.01749   0.02981   0.08688   0.42552   0.37782   0.01350   0.63052   0.17178   0.68057   0.65668   0.23260   0.49778   0.13686   0.13366   0.11176   0.25387   0.30260   0.00000   0.53441   0.17539   0.44568   0.18378   0.78893   0.59883   0.59742   0.47057   2.27448   0.98732   0.47431   1.85918   1.00000  
 37 60.3127  12993.781332  x:  0.45704   0.31083   0.10763   0.35508   0.11781   0.10748   0.01743   0.15070   0.11631   0.09362   0.00000   0.01933   0.63011   0.03014   0.02594   0.22276   0.51530   0.06807   0.03629   0.24911   0.01856   0.02355   0.08963   0.42848   0.37585   0.01640   0.62617   0.17764   0.68242   0.65801   0.22863   0.49901   0.13604   0.13344   0.11045   0.25389   0.30474   0.00000   0.53216   0.17512   0.44606   0.18196   0.78864   0.60244   0.59840   0.47036   2.27341   0.96950   0.47285   1.85942   1.00062  
 38 606.8000  12977.135596  x:  0.45673   0.31370   0.11333   0.33530   0.11651   0.02269   0.02409   0.14631   0.11183   0.09227   0.00000   0.00225   0.62364   0.02243   0.01494   0.23015   0.51943   0.06804   0.03213   0.25069   0.01824   0.02604   0.08942   0.43618   0.36952   0.00531   0.61360   0.18685   0.68800   0.66216   0.21829   0.50350   0.13411   0.13330   0.10743   0.25467   0.31162   0.00000   0.52616   0.17510   0.44790   0.17799   0.78819   0.61357   0.60191   0.47005   2.27070   0.96245   0.46487   1.86191   1.00178  
 39 296.5317  12975.659896  x:  0.45651   0.31490   0.11599   0.32586   0.11512   0.01483   0.02983   0.14474   0.11072   0.09548   0.00000   0.00828   0.62057   0.03177   0.01373   0.23380   0.52168   0.06949   0.03171   0.25139   0.01813   0.02295   0.08956   0.43959   0.36658   0.00719   0.60761   0.19130   0.69095   0.66437   0.21477   0.50573   0.13273   0.13291   0.10581   0.25488   0.31441   0.00000   0.52312   0.17497   0.44868   0.17636   0.78783   0.61892   0.60354   0.46983   2.26947   0.96853   0.45871   1.86393   1.00198  
 40 153.9717  12971.888939  x:  0.45517   0.32059   0.13008   0.27692   0.10864   0.02341   0.03671   0.13632   0.10272   0.10119   0.00000   0.00000   0.60336   0.03343   0.00289   0.25041   0.53259   0.07300   0.02887   0.25422   0.01998   0.02686   0.08950   0.45655   0.35093   0.00314   0.57549   0.20957   0.70503   0.67501   0.19528   0.51651   0.12516   0.13049   0.09704   0.25549   0.32785   0.00000   0.50673   0.17382   0.45214   0.16768   0.78568   0.64648   0.61163   0.46849   2.26262   0.97063   0.43595   1.87222   1.00412  
 41 164.5740  12970.863182  x:  0.45449   0.32204   0.13368   0.26370   0.10817   0.02411   0.02717   0.13390   0.10101   0.10385   0.00000   0.00310   0.59721   0.03341   0.00480   0.25420   0.53627   0.06996   0.02704   0.25419   0.01574   0.02184   0.08917   0.46113   0.34602   0.00383   0.56459   0.21212   0.70950   0.67851   0.19149   0.51970   0.12218   0.12919   0.09395   0.25530   0.33087   0.00000   0.50080   0.17310   0.45282   0.16564   0.78456   0.65565   0.61410   0.46781   2.26000   0.96665   0.43267   1.87465   1.00491  
 42 178.0864  12970.556391  x:  0.45395   0.32255   0.13465   0.25999   0.10980   0.02365   0.02442   0.13293   0.10079   0.10494   0.00000   0.00628   0.59372   0.03264   0.00727   0.25459   0.53811   0.06826   0.02779   0.25387   0.02066   0.02363   0.08911   0.46277   0.34390   0.00557   0.55883   0.21102   0.71167   0.68032   0.19164   0.52109   0.12040   0.12825   0.09236   0.25502   0.33145   0.00000   0.49742   0.17259   0.45287   0.16537   0.78368   0.66055   0.61528   0.46727   2.25840   0.96494   0.43313   1.87600   1.00526  
 43 98.8005  12969.969190  x:  0.45234   0.32358   0.13559   0.25648   0.11671   0.02347   0.03009   0.13105   0.10112   0.10549   0.00000   0.01083   0.58447   0.02736   0.01164   0.25253   0.54241   0.06567   0.03297   0.25266   0.01854   0.02471   0.08928   0.46575   0.33951   0.00961   0.54413   0.20433   0.71687   0.68497   0.19511   0.52416   0.11578   0.12570   0.08868   0.25422   0.33141   0.00000   0.48843   0.17129   0.45260   0.16618   0.78096   0.67337   0.61826   0.46566   2.25382   0.96240   0.43759   1.87975   1.00597  
 44 92.2995  12969.516593  x:  0.45077   0.32489   0.13554   0.25830   0.12149   0.02337   0.02723   0.13021   0.10209   0.10323   0.00000   0.00841   0.57590   0.02726   0.00821   0.24818   0.54586   0.06579   0.03621   0.25128   0.01909   0.02265   0.08933   0.46763   0.33681   0.00947   0.53058   0.19638   0.72164   0.68962   0.19962   0.52679   0.11198   0.12387   0.08638   0.25404   0.33062   0.00000   0.47993   0.17077   0.45228   0.16826   0.77802   0.68638   0.62143   0.46409   2.24876   0.96984   0.44118   1.88471   1.00628  
 45 77.4840  12969.347753  x:  0.44987   0.32567   0.13426   0.26117   0.12031   0.02353   0.02677   0.12993   0.10229   0.10188   0.00000   0.00658   0.57188   0.03234   0.00679   0.24609   0.54706   0.06690   0.03406   0.25010   0.01796   0.02507   0.08881   0.46757   0.33626   0.00963   0.52458   0.19369   0.72366   0.69191   0.20110   0.52754   0.11067   0.12331   0.08595   0.25418   0.32955   0.00000   0.47575   0.17073   0.45176   0.16914   0.77609   0.69311   0.62300   0.46319   2.24552   0.96795   0.44353   1.88784   1.00680  
 46 51.1909  12969.268314  x:  0.44931   0.32629   0.13314   0.26364   0.11806   0.02372   0.02781   0.13003   0.10229   0.10122   0.00000   0.00497   0.56982   0.03303   0.00795   0.24551   0.54756   0.06765   0.03189   0.24953   0.01929   0.02287   0.08865   0.46705   0.33659   0.01021   0.52189   0.19350   0.72467   0.69322   0.20140   0.52767   0.11036   0.12327   0.08617   0.25449   0.32872   0.00000   0.47355   0.17093   0.45133   0.16947   0.77471   0.69715   0.62395   0.46263   2.24322   0.96691   0.44415   1.89042   1.00723  
 47 41.4405  12969.185451  x:  0.44856   0.32733   0.13163   0.26747   0.11419   0.02346   0.02743   0.13070   0.10238   0.10129   0.00000   0.00494   0.56767   0.03133   0.01035   0.24532   0.54793   0.06874   0.03020   0.24941   0.01849   0.02409   0.08896   0.46582   0.33790   0.01125   0.51960   0.19496   0.72583   0.69495   0.20124   0.52751   0.11053   0.12351   0.08694   0.25516   0.32751   0.00000   0.47108   0.17147   0.45068   0.16963   0.77259   0.70254   0.62521   0.46188   2.23966   0.96837   0.44337   1.89508   1.00787  
 48 35.6380  12969.123591  x:  0.44781   0.32834   0.13066   0.27053   0.11211   0.02359   0.02755   0.13177   0.10242   0.10224   0.00000   0.00743   0.56647   0.02995   0.00827   0.24468   0.54758   0.06813   0.03113   0.25005   0.01872   0.02382   0.08939   0.46406   0.33970   0.00940   0.51894   0.19672   0.72662   0.69646   0.20045   0.52691   0.11105   0.12366   0.08762   0.25577   0.32632   0.00000   0.46935   0.17202   0.44993   0.16924   0.77020   0.70736   0.62620   0.46113   2.23559   0.96716   0.44271   1.90074   1.00874  
 49 24.6305  12969.062307  x:  0.44682   0.32936   0.13065   0.27215   0.11435   0.02365   0.02714   0.13332   0.10209   0.10238   0.00000   0.00576   0.56628   0.03129   0.00849   0.24569   0.54646   0.06601   0.03397   0.25124   0.01869   0.02369   0.08952   0.46140   0.34186   0.01055   0.52076   0.19911   0.72684   0.69805   0.19896   0.52561   0.11179   0.12327   0.08769   0.25627   0.32520   0.00000   0.46837   0.17258   0.44905   0.16838   0.76664   0.71276   0.62701   0.46014   2.22936   0.96612   0.44266   1.91050   1.00999  
 50 17.9101  12968.993825  x:  0.44573   0.33002   0.13083   0.27077   0.11751   0.02379   0.02726   0.13402   0.10152   0.10280   0.00000   0.00594   0.56733   0.03159   0.01012   0.24740   0.54475   0.06727   0.03246   0.25121   0.01864   0.02383   0.08827   0.45865   0.34319   0.00757   0.52453   0.19867   0.72656   0.69964   0.19859   0.52385   0.11220   0.12211   0.08682   0.25657   0.32479   0.00000   0.46853   0.17297   0.44843   0.16803   0.76215   0.71815   0.62749   0.45905   2.22087   0.96632   0.44514   1.92521   1.01144  
 51 21.9099  12968.918688  x:  0.44469   0.33024   0.13071   0.26770   0.11834   0.02367   0.02721   0.13367   0.10103   0.10290   0.00000   0.00656   0.56906   0.03028   0.00778   0.24764   0.54270   0.06854   0.03000   0.25066   0.01866   0.02379   0.08747   0.45646   0.34376   0.01034   0.52929   0.19777   0.72589   0.70104   0.19913   0.52203   0.11224   0.12065   0.08557   0.25681   0.32495   0.00000   0.46945   0.17301   0.44810   0.16826   0.75726   0.72311   0.62769   0.45801   2.21102   0.96633   0.44919   1.94388   1.01301  
 52 42.1062  12968.837233  x:  0.44411   0.32943   0.13059   0.26427   0.11332   0.02346   0.02742   0.13161   0.10160   0.10212   0.00000   0.00584   0.57122   0.03087   0.00882   0.24674   0.54122   0.06701   0.03275   0.25045   0.01866   0.02382   0.08928   0.45687   0.34278   0.00973   0.53270   0.19501   0.72453   0.70158   0.20057   0.52102   0.11160   0.11974   0.08484   0.25719   0.32620   0.00000   0.47149   0.17207   0.44852   0.16940   0.75311   0.72560   0.62732   0.45743   2.20079   0.96610   0.45341   1.96856   1.01444  
 53 26.8311  12968.656488  x:  0.44481   0.32644   0.13517   0.26847   0.11526   0.02350   0.02725   0.12908   0.10570   0.09996   0.00000   0.00628   0.57389   0.03059   0.00984   0.24199   0.54089   0.06718   0.03153   0.24885   0.01860   0.02382   0.09075   0.46424   0.33531   0.00948   0.53037   0.19662   0.72078   0.69945   0.20081   0.52267   0.11033   0.12185   0.08718   0.25850   0.32961   0.00000   0.47655   0.16831   0.45056   0.16992   0.74936   0.72137   0.62518   0.45813   2.18272   0.96259   0.45647   2.03655   1.01607  
 54 23.0314  12968.458423  x:  0.44649   0.32384   0.13064   0.27106   0.11541   0.02344   0.02692   0.12650   0.09797   0.10412   0.00000   0.00557   0.57217   0.03027   0.00909   0.24386   0.54242   0.06649   0.03258   0.25036   0.01857   0.02372   0.08629   0.46750   0.33395   0.00946   0.52211   0.19804   0.71818   0.69513   0.19718   0.52446   0.11047   0.12278   0.08701   0.25685   0.32781   0.00000   0.47796   0.16960   0.45055   0.16769   0.75097   0.71041   0.62242   0.45981   2.17227   0.96172   0.47011   2.11670   1.01305  
 55 33.3654  12968.243236  x:  0.44770   0.32339   0.13203   0.26672   0.11382   0.02301   0.02711   0.13640   0.10119   0.10279   0.00000   0.00544   0.56682   0.02988   0.00784   0.24832   0.54408   0.06651   0.03162   0.25057   0.01856   0.02377   0.08766   0.46545   0.34027   0.00999   0.51402   0.19585   0.71721   0.69025   0.19734   0.52618   0.11246   0.12255   0.08584   0.25384   0.32341   0.00000   0.47457   0.17260   0.44840   0.16684   0.75614   0.69772   0.62011   0.46102   2.16986   0.95861   0.48190   2.20954   1.00516  
 56 50.4220  12968.133225  x:  0.44734   0.32393   0.13051   0.26503   0.11457   0.02293   0.02703   0.13461   0.10036   0.10095   0.00000   0.00568   0.56505   0.02981   0.00798   0.24738   0.54426   0.06635   0.03150   0.24978   0.01852   0.02375   0.08777   0.46295   0.34153   0.00983   0.51451   0.19555   0.71796   0.68951   0.19835   0.52547   0.11277   0.12275   0.08684   0.25384   0.32338   0.00000   0.47195   0.17215   0.44756   0.16763   0.75858   0.69609   0.62024   0.46066   2.17355   0.95700   0.48254   2.23901   1.00000  
 57 35.6492  12968.044946  x:  0.44558   0.32496   0.13252   0.26587   0.11332   0.02276   0.02701   0.13350   0.10345   0.10590   0.00000   0.00390   0.56368   0.02970   0.00825   0.24500   0.54306   0.06631   0.03181   0.24919   0.01849   0.02374   0.08562   0.45942   0.33819   0.00948   0.51828   0.19571   0.71959   0.68971   0.19782   0.52341   0.11086   0.12115   0.08566   0.25317   0.32457   0.00000   0.46788   0.17006   0.44640   0.16571   0.76197   0.69759   0.62093   0.45889   2.18657   0.95531   0.48787   2.28521   1.00000  
 58 28.5436  12967.994184  x:  0.44429   0.32562   0.13406   0.26767   0.11317   0.02283   0.02701   0.13353   0.10256   0.10315   0.00000   0.00503   0.56462   0.02962   0.00831   0.24555   0.54156   0.06622   0.03131   0.24965   0.01848   0.02376   0.08895   0.46039   0.33563   0.00918   0.52007   0.19631   0.72029   0.69082   0.19407   0.52186   0.10978   0.12071   0.08470   0.25294   0.32532   0.00000   0.46764   0.17120   0.44671   0.16575   0.76260   0.70125   0.62157   0.45761   2.19755   0.95489   0.49423   2.31015   1.00000  
 59 20.2073  12967.961715  x:  0.44406   0.32624   0.13331   0.26772   0.11356   0.02292   0.02698   0.13496   0.10169   0.10413   0.00000   0.00482   0.56739   0.02963   0.00801   0.24759   0.54066   0.06601   0.03122   0.25070   0.01850   0.02375   0.08900   0.46366   0.33526   0.00923   0.51958   0.19671   0.71997   0.69249   0.19775   0.52208   0.11111   0.12243   0.08588   0.25383   0.32495   0.00000   0.47095   0.17310   0.44816   0.16703   0.76104   0.70624   0.62236   0.45738   2.20713   0.95382   0.49654   2.32391   1.00000  
 60  9.1800  12967.947307  x:  0.44501   0.32622   0.13183   0.26750   0.11354   0.02293   0.02697   0.13530   0.10254   0.10292   0.00000   0.00507   0.56910   0.02955   0.00815   0.24707   0.54137   0.06590   0.03145   0.25052   0.01849   0.02376   0.08702   0.46505   0.33751   0.00936   0.51913   0.19625   0.71982   0.69384   0.19712   0.52373   0.11171   0.12193   0.08520   0.25405   0.32450   0.00000   0.47366   0.17148   0.44891   0.16571   0.75967   0.70870   0.62278   0.45833   2.21177   0.95373   0.49690   2.32769   1.00000  
 61  4.8369  12967.939085  x:  0.44622   0.32591   0.13211   0.26769   0.11393   0.02295   0.02697   0.13481   0.10223   0.10429   0.00000   0.00471   0.56939   0.02962   0.00827   0.24615   0.54256   0.06603   0.03116   0.25004   0.01849   0.02376   0.08805   0.46497   0.33952   0.00938   0.51924   0.19602   0.71983   0.69477   0.19646   0.52498   0.11146   0.12081   0.08469   0.25426   0.32489   0.00000   0.47482   0.17161   0.44897   0.16698   0.75880   0.70936   0.62295   0.45954   2.21394   0.95371   0.49667   2.32716   1.00000  
 62  2.3747  12967.919425  x:  0.44919   0.32539   0.13476   0.26805   0.11336   0.02297   0.02702   0.13422   0.10129   0.10327   0.00000   0.00504   0.56854   0.02970   0.00824   0.24626   0.54540   0.06584   0.03149   0.25042   0.01850   0.02377   0.08662   0.46244   0.33947   0.00937   0.52060   0.19644   0.72059   0.69666   0.19747   0.52676   0.11122   0.12016   0.08619   0.25561   0.32604   0.00000   0.47512   0.17253   0.44801   0.16754   0.75766   0.70940   0.62379   0.46251   2.21752   0.95458   0.49739   2.32058   1.00000  
 63  2.4921  12967.890196  x:  0.45110   0.32479   0.13241   0.26854   0.11396   0.02302   0.02691   0.13336   0.10191   0.10361   0.00000   0.00488   0.56768   0.02983   0.00767   0.24828   0.54676   0.06591   0.03087   0.25119   0.01848   0.02372   0.08959   0.46121   0.33763   0.00935   0.52276   0.19548   0.72200   0.69831   0.19892   0.52699   0.11116   0.12067   0.08615   0.25571   0.32539   0.00000   0.47343   0.17136   0.44751   0.16495   0.75756   0.70857   0.62511   0.46442   2.22143   0.95599   0.49618   2.30838   1.00000  
 64  4.7087  12967.848974  x:  0.45021   0.32489   0.12888   0.26807   0.11413   0.02297   0.02684   0.13475   0.10295   0.10338   0.00000   0.00488   0.56762   0.02983   0.00779   0.24762   0.54521   0.06558   0.03136   0.25053   0.01844   0.02367   0.08772   0.46113   0.33500   0.00940   0.52411   0.19462   0.72347   0.69883   0.19744   0.52455   0.11116   0.12146   0.08398   0.25428   0.32395   0.00000   0.47063   0.17251   0.44877   0.16853   0.75918   0.70721   0.62618   0.46353   2.22595   0.95795   0.49266   2.29058   1.00000  
 65  7.7006  12967.813390  x:  0.44636   0.32608   0.13080   0.26707   0.11389   0.02288   0.02687   0.13489   0.10031   0.10357   0.00000   0.00477   0.56813   0.02999   0.00853   0.24428   0.54151   0.06551   0.03133   0.24901   0.01841   0.02365   0.08734   0.46199   0.33759   0.00948   0.52253   0.19427   0.72318   0.69724   0.19830   0.52093   0.11080   0.12159   0.08450   0.25371   0.32371   0.00000   0.46923   0.17191   0.44886   0.16648   0.76189   0.70677   0.62560   0.45968   2.22925   0.96002   0.49100   2.27619   1.00000  
 66  7.2559  12967.795537  x:  0.44357   0.32658   0.13107   0.26765   0.11391   0.02288   0.02681   0.13197   0.10217   0.10324   0.00000   0.00500   0.56766   0.02989   0.00811   0.24643   0.53956   0.06534   0.03114   0.25034   0.01839   0.02361   0.08668   0.46112   0.33913   0.00968   0.52083   0.19375   0.72151   0.69498   0.19835   0.52100   0.10988   0.11992   0.08521   0.25365   0.32491   0.00000   0.46999   0.17198   0.44753   0.16706   0.76314   0.70737   0.62371   0.45689   2.23048   0.96059   0.49023   2.27170   1.00000  
 67  3.5888  12967.750813  x:  0.44076   0.32939   0.13007   0.26687   0.11375   0.02276   0.02679   0.13325   0.10022   0.10323   0.00000   0.00516   0.56414   0.02991   0.00801   0.24580   0.54053   0.06467   0.03126   0.24828   0.01835   0.02358   0.08797   0.45690   0.33501   0.00961   0.52040   0.19306   0.71552   0.68831   0.19756   0.52503   0.11291   0.11991   0.08500   0.25290   0.32399   0.00000   0.47312   0.16961   0.44384   0.16783   0.76295   0.71069   0.61820   0.45407   2.23177   0.96136   0.48916   2.27231   1.00000  
 68  1.7181  12967.635013  x:  0.44038   0.32589   0.12754   0.26584   0.11388   0.02257   0.02680   0.13397   0.09939   0.10054   0.00000   0.00555   0.56099   0.03003   0.00866   0.24154   0.54321   0.06283   0.03004   0.25067   0.01823   0.02353   0.08812   0.45465   0.33416   0.00868   0.52208   0.19598   0.70964   0.67972   0.20106   0.52515   0.10662   0.11936   0.08102   0.25075   0.32261   0.00000   0.47178   0.17497   0.44545   0.16438   0.75870   0.71340   0.61104   0.45370   2.23250   0.96138   0.48715   2.28469   1.00000  
 69  2.9435  12967.189188  x:  0.44484   0.31980   0.12844   0.26361   0.11470   0.02208   0.02710   0.13049   0.10103   0.10100   0.00000   0.00648   0.55714   0.02957   0.00805   0.24255   0.54505   0.05521   0.02826   0.24828   0.01797   0.02349   0.08594   0.45418   0.33955   0.01023   0.52515   0.18761   0.70134   0.66200   0.19404   0.51496   0.10222   0.13110   0.09061   0.25412   0.31947   0.00000   0.45818   0.17339   0.45243   0.16476   0.74377   0.71599   0.60114   0.45813   2.23171   0.96115   0.48940   2.33889   1.00000  
 70 11.4278  12966.660373  x:  0.44777   0.32159   0.12858   0.26551   0.11499   0.02196   0.02717   0.12523   0.10089   0.09631   0.00000   0.00790   0.55920   0.02942   0.00789   0.24461   0.53914   0.04521   0.02667   0.24323   0.01773   0.02337   0.08627   0.45390   0.34181   0.00874   0.52259   0.19719   0.70442   0.66005   0.20171   0.50571   0.11297   0.12404   0.08353   0.25314   0.32114   0.00000   0.45050   0.16318   0.44746   0.17102   0.73442   0.70828   0.60329   0.46105   2.22692   0.96087   0.49697   2.40483   1.00000  
 71 23.1613  12966.326744  x:  0.44446   0.32341   0.12461   0.26501   0.11579   0.02174   0.02742   0.12724   0.09935   0.09533   0.00000   0.00806   0.56135   0.02917   0.00965   0.23829   0.53337   0.03959   0.02410   0.24833   0.01750   0.02339   0.08698   0.45061   0.33834   0.01019   0.52195   0.18989   0.71177   0.67133   0.19981   0.50833   0.11686   0.11782   0.08788   0.25657   0.32452   0.00000   0.45724   0.17051   0.43899   0.16728   0.73846   0.70102   0.61235   0.45774   2.22093   0.95896   0.49585   2.44839   1.00000  
 72 23.2481  12966.249506  x:  0.44099   0.32172   0.12384   0.26392   0.11624   0.02173   0.02749   0.12778   0.09961   0.09520   0.00000   0.00807   0.56048   0.02921   0.00954   0.23879   0.53358   0.03810   0.02407   0.24598   0.01750   0.02341   0.08773   0.44810   0.33909   0.00961   0.52387   0.19309   0.71319   0.67853   0.20025   0.51324   0.11050   0.12050   0.09115   0.25572   0.32022   0.00000   0.46191   0.16832   0.44085   0.16898   0.74516   0.70009   0.61556   0.45426   2.21816   0.95899   0.49899   2.45819   1.00000  
 73  9.9790  12966.234529  x:  0.44050   0.32343   0.12548   0.26539   0.11588   0.02176   0.02750   0.12706   0.09866   0.09499   0.00000   0.00828   0.55997   0.02917   0.00934   0.23984   0.53529   0.03780   0.02389   0.24694   0.01750   0.02342   0.08734   0.44818   0.34016   0.00989   0.52561   0.19184   0.71247   0.68100   0.20082   0.51439   0.11075   0.12268   0.08899   0.25377   0.32052   0.00000   0.46268   0.16808   0.44336   0.16902   0.74922   0.70085   0.61570   0.45377   2.21687   0.95854   0.49861   2.46008   1.00000  
 74  4.1935  12966.230154  x:  0.44088   0.32467   0.12476   0.26523   0.11616   0.02183   0.02752   0.12702   0.09961   0.09512   0.00000   0.00827   0.56017   0.02924   0.00946   0.23937   0.53652   0.03773   0.02388   0.24699   0.01751   0.02343   0.08742   0.44887   0.34070   0.00978   0.52627   0.19252   0.71170   0.68176   0.20084   0.51436   0.11148   0.12314   0.08929   0.25365   0.32180   0.00000   0.46236   0.16870   0.44387   0.16889   0.75203   0.70190   0.61505   0.45416   2.21607   0.95859   0.49983   2.46031   1.00000  
 75  2.2154  12966.228481  x:  0.44145   0.32483   0.12463   0.26545   0.11612   0.02183   0.02752   0.12762   0.09925   0.09510   0.00000   0.00830   0.56094   0.02922   0.00938   0.23973   0.53699   0.03769   0.02388   0.24703   0.01751   0.02344   0.08733   0.44943   0.34064   0.00982   0.52653   0.19236   0.71160   0.68184   0.20095   0.51399   0.11097   0.12225   0.08962   0.25385   0.32173   0.00000   0.46211   0.16834   0.44356   0.16910   0.75382   0.70277   0.61437   0.45472   2.21565   0.95851   0.49965   2.46033   1.00000  
 76  1.1554  12966.226702  x:  0.44225   0.32466   0.12511   0.26533   0.11612   0.02183   0.02754   0.12694   0.09959   0.09516   0.00000   0.00826   0.56179   0.02922   0.00944   0.23957   0.53653   0.03770   0.02384   0.24700   0.01752   0.02345   0.08743   0.44920   0.34047   0.00984   0.52618   0.19239   0.71228   0.68134   0.20087   0.51395   0.11116   0.12264   0.08926   0.25376   0.32057   0.00000   0.46248   0.16882   0.44303   0.16903   0.75509   0.70365   0.61421   0.45552   2.21532   0.95853   0.49966   2.45993   1.00000  
 77  0.4223  12966.217670  x:  0.44345   0.32270   0.12492   0.26564   0.11609   0.02187   0.02760   0.12828   0.09927   0.09554   0.00000   0.00822   0.56189   0.02924   0.00954   0.23985   0.53446   0.03778   0.02363   0.24731   0.01755   0.02350   0.08764   0.44819   0.34065   0.00993   0.52535   0.19249   0.71494   0.67947   0.20086   0.51467   0.11111   0.12390   0.08826   0.25379   0.32324   0.00000   0.46401   0.16810   0.44370   0.16911   0.75709   0.70524   0.61501   0.45672   2.21446   0.95859   0.49999   2.45710   1.00000  
 78  0.5319  12966.162275  x:  0.44286   0.32248   0.12723   0.26657   0.11543   0.02199   0.02796   0.12927   0.09987   0.09745   0.00000   0.00792   0.55918   0.02934   0.00922   0.24191   0.53483   0.03828   0.02279   0.24639   0.01770   0.02378   0.08710   0.45469   0.33988   0.01000   0.52696   0.19303   0.71935   0.67867   0.20018   0.51856   0.11398   0.11822   0.08967   0.25286   0.32177   0.00000   0.46702   0.17006   0.44769   0.16763   0.75800   0.70522   0.61982   0.45614   2.21139   0.95917   0.50035   2.43926   1.00000  
 79  1.3222  12966.118530  x:  0.44167   0.32440   0.12851   0.26585   0.11508   0.02201   0.02829   0.13095   0.10031   0.09899   0.00000   0.00754   0.56312   0.02934   0.00914   0.24192   0.53796   0.03900   0.02117   0.25034   0.01780   0.02399   0.08713   0.45632   0.33906   0.01012   0.52381   0.19354   0.71695   0.68441   0.19906   0.51833   0.11189   0.12060   0.08765   0.25335   0.32175   0.00000   0.46748   0.16858   0.44407   0.16837   0.75614   0.70273   0.62130   0.45496   2.20987   0.95988   0.50058   2.42520   1.00000  
 80  4.6004  12966.108692  x:  0.44170   0.32495   0.12853   0.26627   0.11486   0.02200   0.02833   0.13116   0.10047   0.09926   0.00000   0.00751   0.56445   0.02925   0.00883   0.24321   0.53802   0.03894   0.02152   0.24743   0.01783   0.02404   0.08707   0.45580   0.33857   0.01026   0.52235   0.19326   0.71569   0.68705   0.19890   0.51789   0.11085   0.12120   0.08672   0.25352   0.32274   0.00000   0.46772   0.16988   0.44349   0.16738   0.75555   0.70195   0.62063   0.45499   2.20965   0.95996   0.49989   2.42215   1.00000  
 81  4.3221  12966.106931  x:  0.44222   0.32509   0.12856   0.26610   0.11484   0.02198   0.02834   0.13117   0.10048   0.09932   0.00000   0.00750   0.56404   0.02924   0.00889   0.24307   0.53672   0.03898   0.02143   0.24770   0.01783   0.02404   0.08723   0.45511   0.33816   0.01027   0.52164   0.19328   0.71507   0.68868   0.19881   0.51762   0.11104   0.12075   0.08706   0.25331   0.32256   0.00000   0.46780   0.16971   0.44459   0.16728   0.75540   0.70173   0.61919   0.45551   2.20970   0.96003   0.49976   2.42160   1.00000  
 82  1.1507  12966.106783  x:  0.44226   0.32485   0.12858   0.26610   0.11483   0.02198   0.02834   0.13117   0.10046   0.09933   0.00000   0.00750   0.56370   0.02924   0.00890   0.24306   0.53644   0.03898   0.02143   0.24768   0.01783   0.02404   0.08716   0.45542   0.33825   0.01027   0.52181   0.19328   0.71511   0.68901   0.19881   0.51770   0.11111   0.12091   0.08702   0.25323   0.32257   0.00000   0.46777   0.16972   0.44422   0.16730   0.75538   0.70174   0.61879   0.45556   2.20972   0.96003   0.49974   2.42154   1.00000  
 83  0.2915  12966.106523  x:  0.44195   0.32428   0.12864   0.26612   0.11481   0.02200   0.02834   0.13118   0.10047   0.09935   0.00000   0.00750   0.56397   0.02925   0.00889   0.24307   0.53680   0.03895   0.02147   0.24771   0.01783   0.02404   0.08718   0.45534   0.33822   0.01028   0.52175   0.19327   0.71552   0.68919   0.19879   0.51779   0.11155   0.12090   0.08692   0.25355   0.32253   0.00000   0.46763   0.16972   0.44437   0.16729   0.75538   0.70170   0.61818   0.45525   2.20972   0.96004   0.49977   2.42126   1.00000  
 84  0.0460  12966.103497  x:  0.44210   0.32462   0.12863   0.26618   0.11469   0.02221   0.02836   0.13148   0.10062   0.09954   0.00000   0.00769   0.56400   0.02939   0.00896   0.24304   0.53713   0.03846   0.02209   0.24794   0.01784   0.02404   0.08717   0.45552   0.33804   0.01042   0.52113   0.19317   0.71583   0.68902   0.19868   0.51734   0.11131   0.12088   0.08738   0.25195   0.32258   0.00000   0.46828   0.16963   0.44414   0.16726   0.75500   0.70150   0.61815   0.45539   2.20960   0.96003   0.49972   2.41787   1.00000  
 85  0.0903  12966.102684  x:  0.44224   0.32487   0.12864   0.26621   0.11466   0.02227   0.02837   0.13155   0.10060   0.09959   0.00000   0.00777   0.56377   0.02942   0.00900   0.24304   0.53657   0.03833   0.02226   0.24804   0.01784   0.02404   0.08713   0.45574   0.33805   0.01045   0.52112   0.19316   0.71521   0.68891   0.19869   0.51775   0.11114   0.12088   0.08680   0.25322   0.32234   0.00000   0.46807   0.16963   0.44427   0.16725   0.75516   0.70137   0.61857   0.45554   2.20955   0.96002   0.49977   2.41693   1.00000  
 86  0.6403  12966.102661  x:  0.44224   0.32469   0.12866   0.26620   0.11466   0.02227   0.02837   0.13155   0.10058   0.09959   0.00000   0.00778   0.56385   0.02942   0.00900   0.24303   0.53651   0.03833   0.02226   0.24804   0.01784   0.02404   0.08713   0.45573   0.33805   0.01045   0.52110   0.19316   0.71501   0.68893   0.19869   0.51786   0.11122   0.12085   0.08683   0.25313   0.32235   0.00000   0.46793   0.16964   0.44426   0.16725   0.75520   0.70141   0.61870   0.45554   2.20956   0.96002   0.49975   2.41688   1.00000  
 87  0.1071  12966.102643  x:  0.44224   0.32455   0.12867   0.26619   0.11466   0.02226   0.02837   0.13154   0.10059   0.09959   0.00000   0.00778   0.56374   0.02942   0.00899   0.24304   0.53658   0.03832   0.02226   0.24804   0.01784   0.02405   0.08713   0.45572   0.33804   0.01045   0.52107   0.19316   0.71492   0.68896   0.19868   0.51769   0.11128   0.12083   0.08680   0.25317   0.32234   0.00000   0.46803   0.16963   0.44425   0.16724   0.75526   0.70145   0.61879   0.45554   2.20957   0.96002   0.49973   2.41671   1.00000  
 88  0.0205  12966.102216  x:  0.44228   0.32478   0.12866   0.26608   0.11465   0.02216   0.02838   0.13153   0.10053   0.09955   0.00000   0.00767   0.56378   0.02933   0.00893   0.24312   0.53670   0.03824   0.02231   0.24812   0.01784   0.02408   0.08714   0.45588   0.33805   0.01039   0.52096   0.19321   0.71521   0.68902   0.19862   0.51798   0.11121   0.12084   0.08677   0.25316   0.32245   0.00000   0.46794   0.16966   0.44434   0.16722   0.75539   0.70172   0.61880   0.45558   2.20979   0.96001   0.49930   2.41182   1.00000  
 89  0.0530  12966.102071  x:  0.44226   0.32479   0.12856   0.26612   0.11464   0.02223   0.02837   0.13152   0.10051   0.09949   0.00000   0.00772   0.56374   0.02935   0.00895   0.24309   0.53673   0.03828   0.02222   0.24808   0.01784   0.02408   0.08715   0.45580   0.33812   0.01043   0.52099   0.19316   0.71524   0.68902   0.19867   0.51801   0.11120   0.12083   0.08679   0.25314   0.32242   0.00000   0.46793   0.16968   0.44432   0.16723   0.75558   0.70164   0.61880   0.45556   2.20995   0.95998   0.49906   2.40917   1.00000  
 90  0.0032  12966.102067  x:  0.44227   0.32479   0.12857   0.26613   0.11465   0.02223   0.02837   0.13152   0.10051   0.09949   0.00000   0.00771   0.56376   0.02935   0.00895   0.24308   0.53671   0.03828   0.02223   0.24807   0.01785   0.02408   0.08714   0.45578   0.33812   0.01042   0.52103   0.19315   0.71523   0.68902   0.19868   0.51799   0.11120   0.12084   0.08680   0.25315   0.32242   0.00000   0.46792   0.16968   0.44432   0.16724   0.75556   0.70161   0.61880   0.45556   2.21000   0.96000   0.49900   2.40866   1.00000  
 91  0.0005  12966.102067  x:  0.44227   0.32479   0.12857   0.26613   0.11465   0.02223   0.02837   0.13152   0.10052   0.09949   0.00000   0.00771   0.56376   0.02935   0.00895   0.24308   0.53671   0.03828   0.02223   0.24807   0.01785   0.02408   0.08714   0.45578   0.33812   0.01042   0.52104   0.19316   0.71523   0.68902   0.19868   0.51798   0.11121   0.12084   0.08680   0.25315   0.32242   0.00000   0.46792   0.16968   0.44432   0.16724   0.75556   0.70161   0.61880   0.45557   2.21000   0.96000   0.49900   2.40867   1.00000  
 92  0.0000  12966.102067  x:  0.44227   0.32479   0.12857   0.26613   0.11465   0.02223   0.02837   0.13152   0.10052   0.09949   0.00000   0.00771   0.56376   0.02935   0.00895   0.24308   0.53671   0.03828   0.02223   0.24807   0.01785   0.02408   0.08714   0.45578   0.33812   0.01042   0.52104   0.19316   0.71523   0.68902   0.19868   0.51798   0.11121   0.12084   0.08680   0.25315   0.32242   0.00000   0.46792   0.16968   0.44432   0.16724   0.75556   0.70161   0.61880   0.45557   2.21000   0.96000   0.49900   2.40867   1.00000  