Supplemental results for CODEML (seqf: rad51.fasta  treef: rad51_tree.txt)


MLEs of dN/dS (w) for site classes (K=6)

p:   0.19770  0.19770  0.19770  0.19770  0.19770  0.01152
w:   0.00000  0.00000  0.00000  0.00000  0.07910  1.00000

Naive Empirical Bayes (NEB) probabilities for 6 classes & postmean_w
(amino acids refer to 1st sequence: Gadus_morhua)

   1 M   0.24101 0.24101 0.24101 0.24100 0.03597 0.00000 ( 1)  0.003
   2 A   0.23417 0.23417 0.23417 0.23416 0.06332 0.00000 ( 1)  0.005
   3 M   0.24101 0.24101 0.24101 0.24100 0.03597 0.00000 ( 1)  0.003
   4 R   0.00000 0.00000 0.00000 0.00000 0.99926 0.00074 ( 5)  0.080
   5 S   0.00000 0.00000 0.00000 0.00000 0.99937 0.00063 ( 5)  0.080
   6 E   0.00000 0.00000 0.00000 0.00000 0.99991 0.00009 ( 5)  0.079
   7 R   0.23479 0.23479 0.23479 0.23478 0.06083 0.00000 ( 1)  0.005
   8 L   0.00000 0.00000 0.00000 0.00000 0.99996 0.00004 ( 5)  0.079
   9 E   0.00000 0.00000 0.00000 0.00000 1.00000 0.00000 ( 5)  0.079
  10 E   0.00000 0.00000 0.00000 0.00000 0.14163 0.85837 ( 6)  0.870
  11 E   0.00000 0.00000 0.00000 0.00000 1.00000 0.00000 ( 5)  0.079
  12 E   0.00000 0.00000 0.00000 0.00017 0.99983 0.00000 ( 5)  0.079
  13 V   0.00000 0.00000 0.00000 0.00000 1.00000 0.00000 ( 5)  0.079
  14 E   0.00000 0.00000 0.00000 0.00000 1.00000 0.00000 ( 5)  0.079
  15 E   0.00000 0.00000 0.00000 0.00017 0.99983 0.00000 ( 5)  0.079
  16 N   0.00000 0.00000 0.00000 0.00000 0.99999 0.00001 ( 5)  0.079
  17 F   0.00000 0.00000 0.00000 0.00000 0.99994 0.00006 ( 5)  0.079
  18 G   0.23913 0.23913 0.23913 0.23912 0.04349 0.00000 ( 1)  0.003
  19 P   0.23328 0.23328 0.23328 0.23327 0.06689 0.00000 ( 1)  0.005
  20 Q   0.23744 0.23744 0.23744 0.23743 0.05025 0.00000 ( 1)  0.004
  21 P   0.00000 0.00000 0.00000 0.00008 0.99991 0.00001 ( 5)  0.079
  22 I   0.00000 0.00000 0.00000 0.00000 0.99990 0.00010 ( 5)  0.079
  23 S   0.00000 0.00000 0.00000 0.00000 0.00001 0.99999 ( 6)  1.000
  24 R   0.23503 0.23503 0.23503 0.23502 0.05990 0.00000 ( 1)  0.005
  25 L   0.23215 0.23215 0.23215 0.23214 0.07141 0.00000 ( 1)  0.006
  26 E   0.24178 0.24178 0.24178 0.24177 0.03290 0.00000 ( 1)  0.003
  27 Q   0.23456 0.23456 0.23456 0.23455 0.06176 0.00000 ( 1)  0.005
  28 S   0.00000 0.00000 0.00000 0.00000 0.99708 0.00292 ( 5)  0.082
  29 G   0.23554 0.23554 0.23554 0.23553 0.05786 0.00000 ( 1)  0.005
  30 V   0.00000 0.00000 0.00000 0.00010 0.99990 0.00000 ( 5)  0.079
  31 S   0.23876 0.23876 0.23876 0.23875 0.04499 0.00000 ( 1)  0.004
  32 S   0.00000 0.00000 0.00000 0.00000 0.02685 0.97315 ( 6)  0.975
  33 S   0.23801 0.23801 0.23801 0.23800 0.04798 0.00000 ( 1)  0.004
  34 D   0.24112 0.24112 0.24112 0.24110 0.03555 0.00000 ( 1)  0.003
  35 L   0.00000 0.00000 0.00000 0.00000 0.98818 0.01182 ( 5)  0.090
  36 K   0.24038 0.24038 0.24038 0.24036 0.03851 0.00000 ( 1)  0.003
  37 K   0.24012 0.24012 0.24012 0.24011 0.03954 0.00000 ( 1)  0.003
  38 L   0.23222 0.23222 0.23222 0.23221 0.07113 0.00000 ( 1)  0.006
  39 E   0.24142 0.24142 0.24142 0.24141 0.03433 0.00000 ( 1)  0.003
  40 E   0.00000 0.00000 0.00000 0.00000 1.00000 0.00000 ( 5)  0.079
  41 A   0.00000 0.00000 0.00000 0.00011 0.99989 0.00000 ( 5)  0.079
  42 G   0.23743 0.23743 0.23743 0.23742 0.05031 0.00000 ( 1)  0.004
  43 F   0.23411 0.23411 0.23411 0.23410 0.06357 0.00000 ( 1)  0.005
  44 H   0.23890 0.23890 0.23890 0.23889 0.04441 0.00000 ( 1)  0.004
  45 T   0.23467 0.23467 0.23467 0.23466 0.06133 0.00000 ( 1)  0.005
  46 I   0.00000 0.00000 0.00000 0.00000 0.99998 0.00002 ( 5)  0.079
  47 E   0.24131 0.24131 0.24131 0.24129 0.03479 0.00000 ( 1)  0.003
  48 A   0.23573 0.23573 0.23573 0.23572 0.05709 0.00000 ( 1)  0.005
  49 V   0.23764 0.23764 0.23764 0.23763 0.04947 0.00000 ( 1)  0.004
  50 A   0.23585 0.23585 0.23585 0.23584 0.05662 0.00000 ( 1)  0.004
  51 Y   0.23208 0.23208 0.23208 0.23208 0.07167 0.00000 ( 1)  0.006
  52 T   0.00000 0.00000 0.00000 0.00000 0.99998 0.00002 ( 5)  0.079
  53 P   0.23345 0.23345 0.23345 0.23344 0.06620 0.00000 ( 1)  0.005
  54 K   0.00000 0.00000 0.00000 0.00016 0.99984 0.00000 ( 5)  0.079
  55 K   0.23913 0.23913 0.23913 0.23912 0.04350 0.00000 ( 1)  0.003
  56 E   0.00000 0.00000 0.00000 0.00019 0.99981 0.00000 ( 5)  0.079
  57 L   0.23221 0.23221 0.23221 0.23220 0.07116 0.00000 ( 1)  0.006
  58 L   0.00000 0.00000 0.00000 0.00000 0.99997 0.00003 ( 5)  0.079
  59 H   0.00000 0.00000 0.00000 0.00015 0.99985 0.00000 ( 5)  0.079
  60 I   0.23473 0.23473 0.23473 0.23472 0.06110 0.00000 ( 1)  0.005
  61 K   0.23991 0.23991 0.23991 0.23990 0.04035 0.00000 ( 1)  0.003
  62 G   0.23733 0.23733 0.23733 0.23732 0.05071 0.00000 ( 1)  0.004
  63 I   0.23556 0.23556 0.23556 0.23555 0.05776 0.00000 ( 1)  0.005
  64 S   0.23875 0.23875 0.23875 0.23874 0.04500 0.00000 ( 1)  0.004
  65 E   0.24148 0.24148 0.24148 0.24147 0.03407 0.00000 ( 1)  0.003
  66 A   0.23552 0.23552 0.23552 0.23551 0.05792 0.00000 ( 1)  0.005
  67 K   0.23818 0.23818 0.23818 0.23817 0.04728 0.00000 ( 1)  0.004
  68 A   0.23226 0.23226 0.23226 0.23225 0.07096 0.00000 ( 1)  0.006
  69 D   0.00000 0.00000 0.00000 0.00017 0.99983 0.00000 ( 5)  0.079
  70 K   0.23998 0.23998 0.23998 0.23997 0.04009 0.00000 ( 1)  0.003
  71 I   0.00000 0.00000 0.00000 0.00009 0.99991 0.00000 ( 5)  0.079
  72 L   0.23187 0.23187 0.23187 0.23186 0.07254 0.00000 ( 1)  0.006
  73 A   0.00000 0.00000 0.00000 0.00000 0.00038 0.99962 ( 6)  1.000
  74 E   0.23974 0.23974 0.23974 0.23973 0.04106 0.00000 ( 1)  0.003
  75 A   0.23244 0.23244 0.23244 0.23243 0.07025 0.00000 ( 1)  0.006
  76 A   0.00000 0.00000 0.00000 0.00010 0.99990 0.00000 ( 5)  0.079
  77 K   0.23814 0.23814 0.23814 0.23813 0.04746 0.00000 ( 1)  0.004
  78 L   0.00000 0.00000 0.00000 0.00009 0.99991 0.00000 ( 5)  0.079
  79 V   0.23552 0.23552 0.23552 0.23551 0.05794 0.00000 ( 1)  0.005
  80 P   0.23342 0.23342 0.23342 0.23341 0.06632 0.00000 ( 1)  0.005
  81 M   0.24200 0.24200 0.24200 0.24198 0.03202 0.00000 ( 1)  0.003
  82 G   0.23672 0.23672 0.23672 0.23671 0.05315 0.00000 ( 1)  0.004
  83 F   0.23425 0.23425 0.23425 0.23424 0.06300 0.00000 ( 1)  0.005
  84 T   0.23477 0.23477 0.23477 0.23476 0.06094 0.00000 ( 1)  0.005
  85 T   0.23552 0.23552 0.23552 0.23551 0.05793 0.00000 ( 1)  0.005
  86 A   0.23444 0.23444 0.23444 0.23443 0.06226 0.00000 ( 1)  0.005
  87 T   0.23400 0.23400 0.23400 0.23399 0.06402 0.00000 ( 1)  0.005
  88 E   0.24163 0.24163 0.24163 0.24161 0.03351 0.00000 ( 1)  0.003
  89 F   0.23372 0.23372 0.23372 0.23371 0.06512 0.00000 ( 1)  0.005
  90 H   0.23891 0.23891 0.23891 0.23890 0.04436 0.00000 ( 1)  0.004
  91 Q   0.23756 0.23756 0.23756 0.23755 0.04976 0.00000 ( 1)  0.004
  92 R   0.23717 0.23717 0.23717 0.23716 0.05133 0.00000 ( 1)  0.004
  93 R   0.23616 0.23616 0.23616 0.23615 0.05538 0.00000 ( 1)  0.004
  94 A   0.00000 0.00000 0.00000 0.00000 0.99998 0.00002 ( 5)  0.079
  95 E   0.24150 0.24150 0.24150 0.24148 0.03402 0.00000 ( 1)  0.003
  96 I   0.23542 0.23542 0.23542 0.23541 0.05833 0.00000 ( 1)  0.005
  97 I   0.23535 0.23535 0.23535 0.23534 0.05860 0.00000 ( 1)  0.005
  98 Q   0.23767 0.23767 0.23767 0.23766 0.04931 0.00000 ( 1)  0.004
  99 I   0.23540 0.23540 0.23540 0.23539 0.05842 0.00000 ( 1)  0.005
 100 S   0.00000 0.00000 0.00000 0.00000 0.99921 0.00079 ( 5)  0.080
 101 T   0.23383 0.23383 0.23383 0.23383 0.06467 0.00000 ( 1)  0.005
 102 G   0.23709 0.23709 0.23709 0.23708 0.05165 0.00000 ( 1)  0.004
 103 S   0.23221 0.23221 0.23221 0.23220 0.07118 0.00000 ( 1)  0.006
 104 K   0.23937 0.23937 0.23937 0.23935 0.04255 0.00000 ( 1)  0.003
 105 E   0.24164 0.24164 0.24164 0.24163 0.03346 0.00000 ( 1)  0.003
 106 L   0.23215 0.23215 0.23215 0.23214 0.07141 0.00000 ( 1)  0.006
 107 D   0.24072 0.24072 0.24072 0.24071 0.03713 0.00000 ( 1)  0.003
 108 K   0.23922 0.23922 0.23922 0.23921 0.04315 0.00000 ( 1)  0.003
 109 L   0.23034 0.23034 0.23034 0.23033 0.07867 0.00000 ( 1)  0.006
 110 L   0.23173 0.23173 0.23173 0.23172 0.07309 0.00000 ( 1)  0.006
 111 M   0.00000 0.00000 0.00000 0.00000 1.00000 0.00000 ( 5)  0.079
 112 G   0.23390 0.23390 0.23390 0.23390 0.06439 0.00000 ( 1)  0.005
 113 G   0.23851 0.23851 0.23851 0.23850 0.04595 0.00000 ( 1)  0.004
 114 M   0.00000 0.00000 0.00000 0.00009 0.99991 0.00000 ( 5)  0.079
 115 E   0.24167 0.24167 0.24167 0.24166 0.03334 0.00000 ( 1)  0.003
 116 T   0.23693 0.23693 0.23693 0.23692 0.05228 0.00000 ( 1)  0.004
 117 G   0.23632 0.23632 0.23632 0.23631 0.05474 0.00000 ( 1)  0.004
 118 S   0.23250 0.23250 0.23250 0.23249 0.07000 0.00000 ( 1)  0.006
 119 I   0.23561 0.23561 0.23561 0.23560 0.05756 0.00000 ( 1)  0.005
 120 T   0.23512 0.23512 0.23512 0.23511 0.05953 0.00000 ( 1)  0.005
 121 E   0.24172 0.24172 0.24172 0.24171 0.03312 0.00000 ( 1)  0.003
 122 M   0.24200 0.24200 0.24200 0.24198 0.03202 0.00000 ( 1)  0.003
 123 F   0.23168 0.23168 0.23168 0.23167 0.07328 0.00000 ( 1)  0.006
 124 G   0.23766 0.23766 0.23766 0.23765 0.04937 0.00000 ( 1)  0.004
 125 E   0.24156 0.24156 0.24156 0.24155 0.03376 0.00000 ( 1)  0.003
 126 F   0.23101 0.23101 0.23101 0.23101 0.07596 0.00000 ( 1)  0.006
 127 R   0.23455 0.23455 0.23455 0.23454 0.06180 0.00000 ( 1)  0.005
 128 T   0.23580 0.23580 0.23580 0.23579 0.05682 0.00000 ( 1)  0.004
 129 G   0.23828 0.23828 0.23828 0.23827 0.04689 0.00000 ( 1)  0.004
 130 K   0.24033 0.24033 0.24033 0.24032 0.03869 0.00000 ( 1)  0.003
 131 T   0.23413 0.23413 0.23413 0.23412 0.06348 0.00000 ( 1)  0.005
 132 Q   0.23767 0.23767 0.23767 0.23766 0.04931 0.00000 ( 1)  0.004
 133 L   0.23132 0.23132 0.23132 0.23131 0.07475 0.00000 ( 1)  0.006
 134 C   0.23675 0.23675 0.23675 0.23674 0.05301 0.00000 ( 1)  0.004
 135 H   0.23912 0.23912 0.23912 0.23911 0.04354 0.00000 ( 1)  0.003
 136 T   0.23534 0.23534 0.23534 0.23533 0.05865 0.00000 ( 1)  0.005
 137 L   0.23120 0.23120 0.23120 0.23119 0.07520 0.00000 ( 1)  0.006
 138 A   0.23448 0.23448 0.23448 0.23447 0.06209 0.00000 ( 1)  0.005
 139 V   0.23523 0.23523 0.23523 0.23522 0.05909 0.00000 ( 1)  0.005
 140 T   0.23469 0.23469 0.23469 0.23468 0.06126 0.00000 ( 1)  0.005
 141 C   0.23408 0.23408 0.23408 0.23407 0.06369 0.00000 ( 1)  0.005
 142 Q   0.23767 0.23767 0.23767 0.23766 0.04931 0.00000 ( 1)  0.004
 143 L   0.23189 0.23189 0.23189 0.23189 0.07243 0.00000 ( 1)  0.006
 144 P   0.23282 0.23282 0.23282 0.23281 0.06872 0.00000 ( 1)  0.005
 145 I   0.23471 0.23471 0.23471 0.23470 0.06117 0.00000 ( 1)  0.005
 146 D   0.23854 0.23854 0.23854 0.23853 0.04586 0.00000 ( 1)  0.004
 147 Q   0.23732 0.23732 0.23732 0.23731 0.05072 0.00000 ( 1)  0.004
 148 G   0.23525 0.23525 0.23525 0.23524 0.05900 0.00000 ( 1)  0.005
 149 G   0.23566 0.23566 0.23566 0.23566 0.05735 0.00000 ( 1)  0.005
 150 G   0.23679 0.23679 0.23679 0.23678 0.05284 0.00000 ( 1)  0.004
 151 E   0.24016 0.24016 0.24016 0.24015 0.03937 0.00000 ( 1)  0.003
 152 G   0.23597 0.23597 0.23597 0.23596 0.05614 0.00000 ( 1)  0.004
 153 K   0.23816 0.23816 0.23816 0.23815 0.04738 0.00000 ( 1)  0.004
 154 A   0.23561 0.23561 0.23561 0.23560 0.05756 0.00000 ( 1)  0.005
 155 M   0.24200 0.24200 0.24200 0.24198 0.03202 0.00000 ( 1)  0.003
 156 Y   0.23318 0.23318 0.23318 0.23317 0.06730 0.00000 ( 1)  0.005
 157 I   0.23516 0.23516 0.23516 0.23515 0.05938 0.00000 ( 1)  0.005
 158 D   0.24113 0.24113 0.24113 0.24112 0.03547 0.00000 ( 1)  0.003
 159 T   0.23314 0.23314 0.23314 0.23314 0.06744 0.00000 ( 1)  0.005
 160 E   0.24145 0.24145 0.24145 0.24144 0.03420 0.00000 ( 1)  0.003
 161 G   0.23670 0.23670 0.23670 0.23669 0.05322 0.00000 ( 1)  0.004
 162 T   0.23466 0.23466 0.23466 0.23466 0.06135 0.00000 ( 1)  0.005
 163 F   0.23450 0.23450 0.23450 0.23449 0.06202 0.00000 ( 1)  0.005
 164 R   0.23403 0.23403 0.23403 0.23402 0.06390 0.00000 ( 1)  0.005
 165 P   0.23336 0.23336 0.23336 0.23335 0.06657 0.00000 ( 1)  0.005
 166 E   0.24178 0.24178 0.24178 0.24177 0.03290 0.00000 ( 1)  0.003
 167 R   0.23901 0.23901 0.23901 0.23900 0.04396 0.00000 ( 1)  0.003
 168 L   0.23108 0.23108 0.23108 0.23108 0.07567 0.00000 ( 1)  0.006
 169 L   0.23190 0.23190 0.23190 0.23190 0.07239 0.00000 ( 1)  0.006
 170 A   0.23174 0.23174 0.23174 0.23173 0.07304 0.00000 ( 1)  0.006
 171 V   0.23552 0.23552 0.23552 0.23551 0.05793 0.00000 ( 1)  0.005
 172 A   0.23190 0.23190 0.23190 0.23189 0.07242 0.00000 ( 1)  0.006
 173 E   0.00000 0.00000 0.00000 0.00019 0.99981 0.00000 ( 5)  0.079
 174 R   0.24080 0.24080 0.24080 0.24079 0.03681 0.00000 ( 1)  0.003
 175 Y   0.22963 0.22963 0.22963 0.22962 0.08149 0.00000 ( 1)  0.006
 176 G   0.23931 0.23931 0.23931 0.23930 0.04276 0.00000 ( 1)  0.003
 177 L   0.23166 0.23166 0.23166 0.23165 0.07336 0.00000 ( 1)  0.006
 178 V   0.00000 0.00000 0.00000 0.00000 1.00000 0.00000 ( 5)  0.079
 179 G   0.23752 0.23752 0.23752 0.23751 0.04994 0.00000 ( 1)  0.004
 180 S   0.00000 0.00000 0.00000 0.00000 1.00000 0.00000 ( 5)  0.079
 181 D   0.23933 0.23933 0.23933 0.23932 0.04270 0.00000 ( 1)  0.003
 182 V   0.23167 0.23167 0.23167 0.23166 0.07333 0.00000 ( 1)  0.006
 183 L   0.23113 0.23113 0.23113 0.23112 0.07549 0.00000 ( 1)  0.006
 184 D   0.23992 0.23992 0.23992 0.23991 0.04033 0.00000 ( 1)  0.003
 185 N   0.23801 0.23801 0.23801 0.23800 0.04796 0.00000 ( 1)  0.004
 186 V   0.23797 0.23797 0.23797 0.23796 0.04814 0.00000 ( 1)  0.004
 187 A   0.23556 0.23556 0.23556 0.23555 0.05776 0.00000 ( 1)  0.005
 188 Y   0.23162 0.23162 0.23162 0.23161 0.07353 0.00000 ( 1)  0.006
 189 A   0.23466 0.23466 0.23466 0.23465 0.06136 0.00000 ( 1)  0.005
 190 R   0.23016 0.23016 0.23016 0.23015 0.07938 0.00000 ( 1)  0.006
 191 A   0.23526 0.23526 0.23526 0.23526 0.05895 0.00000 ( 1)  0.005
 192 F   0.23408 0.23408 0.23408 0.23407 0.06369 0.00000 ( 1)  0.005
 193 N   0.23968 0.23968 0.23968 0.23967 0.04130 0.00000 ( 1)  0.003
 194 T   0.23489 0.23489 0.23489 0.23488 0.06044 0.00000 ( 1)  0.005
 195 D   0.24099 0.24099 0.24099 0.24097 0.03607 0.00000 ( 1)  0.003
 196 H   0.23674 0.23674 0.23674 0.23673 0.05305 0.00000 ( 1)  0.004
 197 Q   0.23737 0.23737 0.23737 0.23736 0.05052 0.00000 ( 1)  0.004
 198 T   0.23371 0.23371 0.23371 0.23370 0.06516 0.00000 ( 1)  0.005
 199 Q   0.23767 0.23767 0.23767 0.23766 0.04931 0.00000 ( 1)  0.004
 200 L   0.23236 0.23236 0.23236 0.23235 0.07057 0.00000 ( 1)  0.006
 201 L   0.23217 0.23217 0.23217 0.23216 0.07132 0.00000 ( 1)  0.006
 202 Y   0.23172 0.23172 0.23172 0.23171 0.07314 0.00000 ( 1)  0.006
 203 Q   0.23657 0.23657 0.23657 0.23656 0.05374 0.00000 ( 1)  0.004
 204 A   0.23398 0.23398 0.23398 0.23397 0.06411 0.00000 ( 1)  0.005
 205 S   0.22969 0.22969 0.22969 0.22968 0.08126 0.00000 ( 1)  0.006
 206 A   0.23341 0.23341 0.23341 0.23340 0.06637 0.00000 ( 1)  0.005
 207 M   0.24200 0.24200 0.24200 0.24198 0.03202 0.00000 ( 1)  0.003
 208 M   0.24200 0.24200 0.24200 0.24198 0.03202 0.00000 ( 1)  0.003
 209 A   0.00000 0.00000 0.00000 0.00010 0.99990 0.00000 ( 5)  0.079
 210 E   0.24178 0.24178 0.24178 0.24177 0.03290 0.00000 ( 1)  0.003
 211 S   0.23196 0.23196 0.23196 0.23195 0.07218 0.00000 ( 1)  0.006
 212 R   0.24019 0.24019 0.24019 0.24018 0.03924 0.00000 ( 1)  0.003
 213 Y   0.22930 0.22930 0.22930 0.22929 0.08281 0.00000 ( 1)  0.007
 214 A   0.23190 0.23190 0.23190 0.23189 0.07241 0.00000 ( 1)  0.006
 215 L   0.23217 0.23217 0.23217 0.23217 0.07131 0.00000 ( 1)  0.006
 216 L   0.23229 0.23229 0.23229 0.23228 0.07085 0.00000 ( 1)  0.006
 217 I   0.23698 0.23698 0.23698 0.23697 0.05208 0.00000 ( 1)  0.004
 218 V   0.23808 0.23808 0.23808 0.23807 0.04770 0.00000 ( 1)  0.004
 219 D   0.24113 0.24113 0.24113 0.24112 0.03550 0.00000 ( 1)  0.003
 220 S   0.23896 0.23896 0.23896 0.23895 0.04415 0.00000 ( 1)  0.003
 221 A   0.23560 0.23560 0.23560 0.23559 0.05760 0.00000 ( 1)  0.005
 222 T   0.23344 0.23344 0.23344 0.23343 0.06625 0.00000 ( 1)  0.005
 223 A   0.23441 0.23441 0.23441 0.23440 0.06238 0.00000 ( 1)  0.005
 224 L   0.23217 0.23217 0.23217 0.23216 0.07132 0.00000 ( 1)  0.006
 225 Y   0.23355 0.23355 0.23355 0.23354 0.06581 0.00000 ( 1)  0.005
 226 R   0.23945 0.23945 0.23945 0.23943 0.04223 0.00000 ( 1)  0.003
 227 T   0.23538 0.23538 0.23538 0.23538 0.05847 0.00000 ( 1)  0.005
 228 D   0.23989 0.23989 0.23989 0.23988 0.04045 0.00000 ( 1)  0.003
 229 Y   0.23271 0.23271 0.23271 0.23270 0.06917 0.00000 ( 1)  0.005
 230 S   0.23112 0.23112 0.23112 0.23111 0.07554 0.00000 ( 1)  0.006
 231 G   0.23650 0.23650 0.23650 0.23649 0.05399 0.00000 ( 1)  0.004
 232 R   0.23503 0.23503 0.23503 0.23502 0.05990 0.00000 ( 1)  0.005
 233 G   0.23846 0.23846 0.23846 0.23845 0.04619 0.00000 ( 1)  0.004
 234 E   0.24168 0.24168 0.24168 0.24166 0.03330 0.00000 ( 1)  0.003
 235 L   0.23230 0.23230 0.23230 0.23229 0.07080 0.00000 ( 1)  0.006
 236 S   0.23258 0.23258 0.23258 0.23257 0.06969 0.00000 ( 1)  0.006
 237 A   0.23535 0.23535 0.23535 0.23534 0.05860 0.00000 ( 1)  0.005
 238 R   0.23506 0.23506 0.23506 0.23505 0.05977 0.00000 ( 1)  0.005
 239 Q   0.23763 0.23763 0.23763 0.23762 0.04948 0.00000 ( 1)  0.004
 240 G   0.00000 0.00000 0.00000 0.00000 0.99999 0.00001 ( 5)  0.079
 241 H   0.23843 0.23843 0.23843 0.23842 0.04630 0.00000 ( 1)  0.004
 242 L   0.23176 0.23176 0.23176 0.23175 0.07298 0.00000 ( 1)  0.006
 243 G   0.23629 0.23629 0.23629 0.23628 0.05487 0.00000 ( 1)  0.004
 244 R   0.23459 0.23459 0.23459 0.23458 0.06164 0.00000 ( 1)  0.005
 245 F   0.23408 0.23408 0.23408 0.23407 0.06369 0.00000 ( 1)  0.005
 246 L   0.23173 0.23173 0.23173 0.23172 0.07309 0.00000 ( 1)  0.006
 247 R   0.23512 0.23512 0.23512 0.23511 0.05954 0.00000 ( 1)  0.005
 248 M   0.24200 0.24200 0.24200 0.24198 0.03202 0.00000 ( 1)  0.003
 249 L   0.23203 0.23203 0.23203 0.23202 0.07190 0.00000 ( 1)  0.006
 250 L   0.23188 0.23188 0.23188 0.23188 0.07247 0.00000 ( 1)  0.006
 251 R   0.23460 0.23460 0.23460 0.23459 0.06160 0.00000 ( 1)  0.005
 252 L   0.23052 0.23052 0.23052 0.23051 0.07794 0.00000 ( 1)  0.006
 253 A   0.23399 0.23399 0.23399 0.23398 0.06407 0.00000 ( 1)  0.005
 254 D   0.24046 0.24046 0.24046 0.24044 0.03819 0.00000 ( 1)  0.003
 255 E   0.24178 0.24178 0.24178 0.24177 0.03290 0.00000 ( 1)  0.003
 256 F   0.23048 0.23048 0.23048 0.23047 0.07811 0.00000 ( 1)  0.006
 257 G   0.23557 0.23557 0.23557 0.23556 0.05772 0.00000 ( 1)  0.005
 258 V   0.23202 0.23202 0.23202 0.23202 0.07191 0.00000 ( 1)  0.006
 259 A   0.23316 0.23316 0.23316 0.23315 0.06738 0.00000 ( 1)  0.005
 260 V   0.23677 0.23677 0.23677 0.23676 0.05291 0.00000 ( 1)  0.004
 261 V   0.23688 0.23688 0.23688 0.23687 0.05249 0.00000 ( 1)  0.004
 262 I   0.23664 0.23664 0.23664 0.23663 0.05345 0.00000 ( 1)  0.004
 263 T   0.00000 0.00000 0.00000 0.00000 0.99999 0.00001 ( 5)  0.079
 264 N   0.23786 0.23786 0.23786 0.23785 0.04857 0.00000 ( 1)  0.004
 265 Q   0.23715 0.23715 0.23715 0.23714 0.05139 0.00000 ( 1)  0.004
 266 V   0.23549 0.23549 0.23549 0.23548 0.05805 0.00000 ( 1)  0.005
 267 V   0.23667 0.23667 0.23667 0.23666 0.05332 0.00000 ( 1)  0.004
 268 A   0.23434 0.23434 0.23434 0.23433 0.06264 0.00000 ( 1)  0.005
 269 Q   0.23751 0.23751 0.23751 0.23750 0.04999 0.00000 ( 1)  0.004
 270 V   0.23799 0.23799 0.23799 0.23798 0.04804 0.00000 ( 1)  0.004
 271 D   0.23984 0.23984 0.23984 0.23983 0.04063 0.00000 ( 1)  0.003
 272 G   0.23886 0.23886 0.23886 0.23885 0.04457 0.00000 ( 1)  0.004
 273 A   0.23636 0.23636 0.23636 0.23635 0.05458 0.00000 ( 1)  0.004
 274 A   0.23561 0.23561 0.23561 0.23560 0.05755 0.00000 ( 1)  0.005
 275 M   0.24200 0.24200 0.24200 0.24198 0.03202 0.00000 ( 1)  0.003
 276 F   0.23271 0.23271 0.23271 0.23271 0.06916 0.00000 ( 1)  0.005
 277 S   0.22854 0.22854 0.22854 0.22853 0.08587 0.00000 ( 1)  0.007
 278 A   0.23545 0.23545 0.23545 0.23544 0.05820 0.00000 ( 1)  0.005
 279 D   0.23815 0.23815 0.23815 0.23814 0.04743 0.00000 ( 1)  0.004
 280 P   0.23319 0.23319 0.23319 0.23319 0.06723 0.00000 ( 1)  0.005
 281 K   0.23983 0.23983 0.23983 0.23982 0.04070 0.00000 ( 1)  0.003
 282 K   0.23893 0.23893 0.23893 0.23892 0.04430 0.00000 ( 1)  0.004
 283 P   0.23356 0.23356 0.23356 0.23355 0.06576 0.00000 ( 1)  0.005
 284 I   0.23210 0.23210 0.23210 0.23209 0.07162 0.00000 ( 1)  0.006
 285 G   0.23434 0.23434 0.23434 0.23433 0.06264 0.00000 ( 1)  0.005
 286 G   0.23679 0.23679 0.23679 0.23678 0.05285 0.00000 ( 1)  0.004
 287 N   0.23945 0.23945 0.23945 0.23944 0.04222 0.00000 ( 1)  0.003
 288 I   0.23356 0.23356 0.23356 0.23355 0.06576 0.00000 ( 1)  0.005
 289 M   0.00000 0.00000 0.00000 0.00000 0.99923 0.00077 ( 5)  0.080
 290 A   0.23503 0.23503 0.23503 0.23502 0.05990 0.00000 ( 1)  0.005
 291 H   0.23848 0.23848 0.23848 0.23847 0.04611 0.00000 ( 1)  0.004
 292 A   0.23500 0.23500 0.23500 0.23500 0.05999 0.00000 ( 1)  0.005
 293 S   0.23239 0.23239 0.23239 0.23239 0.07043 0.00000 ( 1)  0.006
 294 T   0.23275 0.23275 0.23275 0.23274 0.06903 0.00000 ( 1)  0.005
 295 T   0.23471 0.23471 0.23471 0.23470 0.06117 0.00000 ( 1)  0.005
 296 R   0.23727 0.23727 0.23727 0.23726 0.05092 0.00000 ( 1)  0.004
 297 L   0.23138 0.23138 0.23138 0.23137 0.07450 0.00000 ( 1)  0.006
 298 Y   0.23266 0.23266 0.23266 0.23266 0.06935 0.00000 ( 1)  0.005
 299 L   0.23151 0.23151 0.23151 0.23150 0.07397 0.00000 ( 1)  0.006
 300 R   0.24045 0.24045 0.24045 0.24044 0.03822 0.00000 ( 1)  0.003
 301 K   0.23937 0.23937 0.23937 0.23936 0.04253 0.00000 ( 1)  0.003
 302 G   0.23707 0.23707 0.23707 0.23706 0.05172 0.00000 ( 1)  0.004
 303 R   0.23118 0.23118 0.23118 0.23117 0.07528 0.00000 ( 1)  0.006
 304 G   0.23529 0.23529 0.23529 0.23528 0.05885 0.00000 ( 1)  0.005
 305 E   0.24149 0.24149 0.24149 0.24148 0.03404 0.00000 ( 1)  0.003
 306 T   0.23524 0.23524 0.23524 0.23523 0.05905 0.00000 ( 1)  0.005
 307 R   0.23953 0.23953 0.23953 0.23952 0.04190 0.00000 ( 1)  0.003
 308 I   0.23567 0.23567 0.23567 0.23566 0.05732 0.00000 ( 1)  0.005
 309 C   0.23354 0.23354 0.23354 0.23353 0.06585 0.00000 ( 1)  0.005
 310 K   0.23909 0.23909 0.23909 0.23908 0.04366 0.00000 ( 1)  0.003
 311 I   0.23550 0.23550 0.23550 0.23549 0.05802 0.00000 ( 1)  0.005
 312 Y   0.23290 0.23290 0.23290 0.23289 0.06840 0.00000 ( 1)  0.005
 313 D   0.24082 0.24082 0.24082 0.24080 0.03675 0.00000 ( 1)  0.003
 314 S   0.23088 0.23088 0.23088 0.23087 0.07650 0.00000 ( 1)  0.006
 315 P   0.23343 0.23343 0.23343 0.23342 0.06630 0.00000 ( 1)  0.005
 316 C   0.23666 0.23666 0.23666 0.23665 0.05336 0.00000 ( 1)  0.004
 317 L   0.22819 0.22819 0.22819 0.22818 0.08725 0.00000 ( 1)  0.007
 318 P   0.23235 0.23235 0.23235 0.23234 0.07060 0.00000 ( 1)  0.006
 319 E   0.24168 0.24168 0.24168 0.24166 0.03330 0.00000 ( 1)  0.003
 320 S   0.00000 0.00000 0.00000 0.00010 0.99990 0.00000 ( 5)  0.079
 321 E   0.24049 0.24049 0.24049 0.24047 0.03807 0.00000 ( 1)  0.003
 322 A   0.23574 0.23574 0.23574 0.23573 0.05706 0.00000 ( 1)  0.005
 323 M   0.00000 0.00000 0.00000 0.00020 0.99980 0.00000 ( 5)  0.079
 324 F   0.23153 0.23153 0.23153 0.23153 0.07387 0.00000 ( 1)  0.006
 325 A   0.23561 0.23561 0.23561 0.23560 0.05757 0.00000 ( 1)  0.005
 326 I   0.23522 0.23522 0.23522 0.23521 0.05913 0.00000 ( 1)  0.005
 327 N   0.23823 0.23823 0.23823 0.23821 0.04711 0.00000 ( 1)  0.004
 328 A   0.23420 0.23420 0.23420 0.23419 0.06323 0.00000 ( 1)  0.005
 329 D   0.23911 0.23911 0.23911 0.23910 0.04357 0.00000 ( 1)  0.003
 330 G   0.23551 0.23551 0.23551 0.23550 0.05799 0.00000 ( 1)  0.005
 331 V   0.23771 0.23771 0.23771 0.23770 0.04917 0.00000 ( 1)  0.004
 332 G   0.23601 0.23601 0.23601 0.23600 0.05598 0.00000 ( 1)  0.004
 333 D   0.23965 0.23965 0.23965 0.23963 0.04143 0.00000 ( 1)  0.003
 334 A   0.23493 0.23493 0.23493 0.23492 0.06030 0.00000 ( 1)  0.005

Positively selected sites

	Prob(w>1)  mean w



lnL = -6908.861654

