

TREE # 1

  0  0.0000   9091.069310  x:  0.09365   0.08481   0.10614   0.04446   0.03956   0.08763   0.01852   0.05901   0.10297   0.06101   0.07270   0.07410   0.01965   0.02243   0.02191   0.06628   0.06528   0.07652   0.08766   0.10289   0.06812   0.03235   0.03415   0.03920   0.03691   0.09863   0.01319   0.06450   0.03348   0.04295   0.09703   0.02095   0.09498   0.07594   2.00000   0.90000   1.01135   1.83234  
  1 99.0000   7909.786858  x:  0.12241   0.10539   0.12797   0.07865   0.06437   0.14259   0.07813   0.13819   0.10132   0.06110   0.10779   0.06124   0.03732   0.08673   0.29302   0.14118   0.05642   0.14541   0.12045   0.17338   0.10824   0.21811   0.10005   0.09120   0.12548   0.14930   0.07949   0.16126   0.06820   0.16129   0.13975   0.39740   0.17207   0.10470   2.00487   0.99999   0.97205   1.85240  
  2 6704.2617   7390.979387  x:  0.23031   0.11899   0.16177   0.15085   0.11575   0.30015   0.09617   0.26992   0.08887   0.06568   0.18946   0.00530   0.03024   0.10012   0.17420   0.24794   0.00000   0.33503   0.23657   0.40266   0.22933   0.27364   0.15774   0.09052   0.11393   0.27379   0.07358   0.30495   0.10683   0.25084   0.27799   0.23925   0.38123   0.21260   2.03209   0.99999   0.61731   1.99531  
  3 1188.1787   7113.583077  x:  0.28606   0.11586   0.17250   0.15599   0.11331   0.37363   0.07261   0.33168   0.07238   0.05639   0.22804   0.28025   0.14159   0.10158   0.13311   0.31053   0.00000   0.41875   0.27992   0.52135   0.26988   0.31634   0.17348   0.08469   0.12081   0.35174   0.04183   0.38162   0.09852   0.28555   0.34412   0.16509   0.49952   0.26834   2.05616   0.99999   0.11090   2.12740  
  4 1858.6110   7107.368880  x:  0.28936   0.11563   0.17309   0.15622   0.11309   0.37798   0.07112   0.33532   0.07132   0.05576   0.23028   0.29639   0.14800   0.10164   0.13073   0.31424   0.00000   0.42369   0.28244   0.52841   0.27223   0.31886   0.17437   0.08431   0.12123   0.35638   0.03986   0.38617   0.09795   0.28755   0.34803   0.16075   0.50657   0.27165   2.05761   0.99454   0.08055   2.13526  
  5 39906.1648   7100.436462  x:  0.29003   0.11306   0.17067   0.15179   0.10846   0.37794   0.06515   0.33451   0.06658   0.05125   0.22781   0.29024   0.13889   0.09988   0.13340   0.31424   0.00000   0.42315   0.28003   0.53118   0.26966   0.31866   0.17249   0.08244   0.12186   0.35787   0.03494   0.38680   0.09346   0.28514   0.34753   0.16351   0.50975   0.27232   2.05873   0.99467   0.05989   2.13869  
  6 498.9613   7079.251641  x:  0.30087   0.09700   0.15729   0.12336   0.07837   0.38586   0.02495   0.33658   0.03642   0.02319   0.21764   0.31137   0.10703   0.08901   0.14268   0.32178   0.00000   0.42854   0.26928   0.56201   0.25723   0.32396   0.16221   0.06827   0.12640   0.37667   0.00000   0.39982   0.06358   0.27419   0.35179   0.16838   0.54360   0.28315   2.06890   0.99443   0.06153   2.17588  
  7 300.8243   7079.251641  x:  0.30087   0.09700   0.15729   0.12336   0.07837   0.38586   0.02495   0.33658   0.03642   0.02319   0.21764   0.31137   0.10703   0.08901   0.14268   0.32178   0.00000   0.42854   0.26928   0.56201   0.25723   0.32396   0.16221   0.06827   0.12640   0.37667   0.00000   0.39982   0.06358   0.27419   0.35179   0.16838   0.54360   0.28315   2.06890   0.99443   0.06153   2.17588  
  8 217.9530   7063.413801  x:  0.30006   0.09430   0.15410   0.11765   0.07366   0.38511   0.02470   0.33685   0.03425   0.02091   0.21463   0.29024   0.08876   0.09150   0.16635   0.32192   0.00000   0.42612   0.26458   0.56355   0.25254   0.33363   0.16206   0.06852   0.13331   0.37742   0.00122   0.40231   0.05958   0.27620   0.34903   0.20208   0.54593   0.28234   2.06972   0.96216   0.08971   2.17533  
  9 702.8287   6970.757307  x:  0.29732   0.08210   0.14064   0.09270   0.05506   0.38452   0.03115   0.34146   0.03092   0.01618   0.20420   0.18400   0.00000   0.10500   0.28026   0.32478   0.00000   0.41689   0.24460   0.57347   0.23227   0.38531   0.16273   0.07097   0.16699   0.38346   0.01043   0.41744   0.04281   0.28990   0.33787   0.36312   0.55945   0.27960   2.07401   0.97913   0.08154   2.17619  
 10 1094.5402   6952.356502  x:  0.29457   0.07199   0.13265   0.08405   0.05075   0.38349   0.03544   0.34213   0.02985   0.01637   0.21088   0.12477   0.03644   0.09608   0.29638   0.32141   0.00000   0.41170   0.23419   0.57860   0.22303   0.40715   0.15767   0.06221   0.16258   0.38193   0.00000   0.42210   0.03182   0.29470   0.33071   0.39347   0.56463   0.27686   2.07743   0.97529   0.07237   2.17631  
 11 377.2352   6936.730883  x:  0.29130   0.05927   0.12331   0.07797   0.05102   0.38197   0.04214   0.34305   0.03016   0.01418   0.21461   0.03703   0.05395   0.07815   0.29746   0.31617   0.00000   0.40515   0.22280   0.58603   0.21353   0.43304   0.15004   0.04696   0.14861   0.37941   0.00000   0.42788   0.02135   0.30145   0.32204   0.40888   0.57162   0.27359   2.08210   0.99612   0.09358   2.17520  
 12 756.8278   6933.587854  x:  0.29046   0.05607   0.12099   0.07741   0.05226   0.38142   0.04391   0.34338   0.03065   0.01348   0.21402   0.01342   0.05041   0.07250   0.29408   0.31474   0.00000   0.40334   0.22026   0.58823   0.21146   0.43969   0.14790   0.04263   0.14334   0.37867   0.00000   0.42950   0.01973   0.30354   0.31981   0.40856   0.57370   0.27274   2.08350   0.99307   0.08935   2.17514  
 13 592.5593   6929.483279  x:  0.28412   0.03748   0.10402   0.07060   0.05560   0.37363   0.04606   0.34452   0.03158   0.01456   0.20247   0.02244   0.04039   0.04186   0.28294   0.30661   0.00000   0.38797   0.20098   0.60273   0.19443   0.48541   0.13536   0.01747   0.11293   0.37295   0.00000   0.44044   0.01201   0.31723   0.30263   0.42292   0.58937   0.26641   2.09407   0.99260   0.08553   2.17427  
 14 95.4655   6927.331571  x:  0.27945   0.04098   0.09907   0.07371   0.06238   0.36385   0.04221   0.34490   0.03370   0.03466   0.19045   0.02344   0.03895   0.04960   0.27658   0.30487   0.00000   0.37213   0.19411   0.61771   0.18419   0.52883   0.13858   0.01821   0.09622   0.36673   0.03260   0.45131   0.02548   0.33114   0.28892   0.42901   0.61020   0.26174   2.10710   0.99206   0.08508   2.17272  
 15 85.4886   6925.711407  x:  0.27626   0.05321   0.10132   0.08123   0.06719   0.35541   0.03781   0.34235   0.02400   0.01755   0.17897   0.02389   0.03955   0.06374   0.27564   0.30520   0.00000   0.36153   0.19660   0.63091   0.18275   0.56433   0.14651   0.02648   0.08359   0.35633   0.03432   0.45729   0.02099   0.33586   0.27760   0.43199   0.63157   0.25855   2.12129   0.99244   0.08344   2.17077  
 16 71.6773   6924.624194  x:  0.27384   0.05927   0.10086   0.08442   0.06685   0.35325   0.04464   0.34095   0.03463   0.02401   0.18131   0.02495   0.03693   0.07522   0.27810   0.30599   0.00000   0.35918   0.20518   0.64160   0.18483   0.58836   0.15001   0.02975   0.07911   0.34741   0.02094   0.45996   0.01137   0.33456   0.27310   0.43399   0.65009   0.25612   2.13591   0.99176   0.08303   2.16836  
 17 60.7162   6921.014083  x:  0.26874   0.05692   0.08793   0.07638   0.03207   0.35658   0.04802   0.33049   0.02920   0.01865   0.20312   0.02709   0.02684   0.06940   0.28928   0.30432   0.00000   0.37224   0.23077   0.67290   0.19501   0.64432   0.14889   0.02634   0.11557   0.33618   0.00436   0.46741   0.03511   0.32421   0.29698   0.44502   0.71608   0.25103   2.19846   0.99164   0.07767   2.15669  
 18 46.9800   6919.256016  x:  0.27283   0.05563   0.08739   0.09238   0.04908   0.36551   0.06305   0.33538   0.03638   0.01108   0.19293   0.02854   0.02723   0.06156   0.30483   0.30750   0.00000   0.38106   0.22639   0.68461   0.20464   0.65516   0.14574   0.01481   0.13729   0.34475   0.00490   0.46790   0.04081   0.31826   0.30842   0.45881   0.74196   0.25512   2.23168   0.99078   0.07453   2.14870  
 19 58.7903   6917.703342  x:  0.27830   0.05592   0.08879   0.09383   0.05220   0.36971   0.05456   0.34151   0.02998   0.01913   0.18097   0.02725   0.02597   0.06322   0.31424   0.31264   0.00000   0.38463   0.21635   0.68709   0.20413   0.65097   0.14496   0.00608   0.14129   0.35387   0.00000   0.46585   0.03517   0.31577   0.31036   0.46573   0.75128   0.26059   2.25001   0.99148   0.07190   2.14304  
 20 60.1116   6916.637431  x:  0.28685   0.05719   0.09395   0.08026   0.04729   0.37355   0.05321   0.34973   0.04568   0.00941   0.17990   0.02681   0.02313   0.06093   0.31851   0.31717   0.00000   0.38408   0.20993   0.68332   0.18832   0.63258   0.15585   0.01322   0.13129   0.36892   0.00476   0.46502   0.03070   0.32553   0.30360   0.48044   0.75006   0.26914   2.26536   0.99217   0.06889   2.13425  
 21 35.0534   6916.094855  x:  0.28967   0.05291   0.09699   0.08196   0.05424   0.37367   0.06064   0.35034   0.03401   0.01237   0.19163   0.02729   0.02033   0.05773   0.31967   0.31823   0.00000   0.38078   0.21936   0.67863   0.18622   0.61811   0.16296   0.01806   0.11618   0.37568   0.00275   0.46931   0.03358   0.34057   0.29670   0.49772   0.74114   0.27196   2.26903   0.99228   0.06743   2.12708  
 22 28.8796   6915.949602  x:  0.28822   0.04867   0.09706   0.08259   0.05172   0.37244   0.06055   0.35033   0.03591   0.01181   0.18505   0.02671   0.02158   0.06035   0.31844   0.31862   0.00000   0.38050   0.22522   0.67720   0.19073   0.61409   0.16202   0.01678   0.11201   0.37435   0.00000   0.47481   0.03807   0.34672   0.29605   0.50407   0.73443   0.27050   2.26655   0.99244   0.06700   2.12337  
 23 15.0407   6915.834046  x:  0.28443   0.05010   0.10215   0.08509   0.04787   0.37116   0.05972   0.34833   0.03677   0.01246   0.18541   0.02672   0.02070   0.05924   0.31470   0.31629   0.00000   0.38071   0.22167   0.67598   0.19684   0.61341   0.16010   0.01735   0.11526   0.36652   0.00000   0.48427   0.03329   0.34763   0.29440   0.50947   0.72143   0.26672   2.25767   0.99263   0.06623   2.11611  
 24  9.0373   6915.731979  x:  0.28223   0.04972   0.09976   0.08394   0.05005   0.37235   0.06189   0.34744   0.03539   0.01098   0.18651   0.02701   0.02003   0.06462   0.31821   0.31705   0.00000   0.38173   0.22018   0.67687   0.18985   0.61811   0.15576   0.01690   0.11658   0.36263   0.00000   0.49211   0.03338   0.34489   0.29736   0.50754   0.70663   0.26452   2.24225   0.99268   0.06555   2.10436  
 25  7.6090   6915.623104  x:  0.28288   0.05450   0.09911   0.08250   0.05208   0.37343   0.06066   0.34874   0.03523   0.01345   0.18236   0.02682   0.02100   0.05860   0.32164   0.31706   0.00000   0.38271   0.22264   0.67917   0.18674   0.62706   0.15650   0.02205   0.11768   0.36414   0.00000   0.49633   0.03595   0.34295   0.30039   0.50793   0.69367   0.26516   2.22282   0.99258   0.06500   2.08841  
 26 12.9085   6915.458161  x:  0.28617   0.05447   0.09242   0.08317   0.05134   0.37400   0.05474   0.35254   0.03754   0.01176   0.18812   0.02734   0.02062   0.05838   0.32579   0.32104   0.00000   0.38246   0.22209   0.68293   0.19760   0.64012   0.15573   0.02358   0.11509   0.37374   0.00000   0.48967   0.03539   0.34017   0.30062   0.50894   0.68395   0.26845   2.19419   0.99228   0.06406   2.06034  
 27 12.0352   6915.239418  x:  0.28761   0.05283   0.09200   0.07884   0.04681   0.37710   0.06456   0.34869   0.03209   0.01318   0.18283   0.02777   0.02120   0.06122   0.32102   0.32189   0.00000   0.38081   0.22359   0.68323   0.19804   0.64443   0.15543   0.02182   0.12119   0.37664   0.00000   0.47237   0.02876   0.34244   0.29816   0.51407   0.69006   0.26989   2.16735   0.99212   0.06246   2.01832  
 28  9.8580   6914.778077  x:  0.28424   0.05050   0.10385   0.08382   0.05232   0.37121   0.05465   0.34621   0.03714   0.01275   0.18840   0.02732   0.02286   0.06408   0.32335   0.31439   0.00000   0.37978   0.21716   0.67940   0.18850   0.63784   0.15597   0.01114   0.12509   0.36565   0.00000   0.45518   0.03575   0.35440   0.29892   0.52777   0.71614   0.26652   2.13291   0.99185   0.05915   1.92477  
 29 17.7274   6914.099171  x:  0.28193   0.04535   0.09479   0.09252   0.04565   0.37120   0.05563   0.35504   0.03330   0.01486   0.18919   0.02766   0.02526   0.05599   0.34059   0.32002   0.00000   0.38738   0.21301   0.67126   0.18543   0.61967   0.16488   0.01507   0.11509   0.35770   0.00000   0.47882   0.02934   0.34078   0.29363   0.53483   0.75542   0.26422   2.12619   0.99133   0.05528   1.78803  
 30 20.4138   6913.811041  x:  0.28368   0.05206   0.09988   0.08784   0.04436   0.37426   0.05801   0.35631   0.03143   0.01461   0.19232   0.02822   0.02665   0.05676   0.34294   0.32536   0.00000   0.38675   0.21133   0.66969   0.18746   0.61810   0.16315   0.00901   0.11247   0.36380   0.01433   0.49310   0.02858   0.34045   0.29461   0.54005   0.76285   0.26596   2.13650   0.99063   0.05388   1.72741  
 31 33.3794   6913.406488  x:  0.28719   0.06074   0.10778   0.07754   0.04798   0.37897   0.05689   0.35518   0.02991   0.01391   0.19688   0.02907   0.02819   0.05876   0.34345   0.33006   0.00000   0.38523   0.21395   0.67006   0.19044   0.62063   0.15736   0.00178   0.11120   0.37262   0.00162   0.50612   0.02329   0.34307   0.30103   0.54772   0.76164   0.26947   2.16188   0.98975   0.05225   1.65345  
 32 44.6276   6912.759882  x:  0.28965   0.04724   0.09981   0.07282   0.05933   0.38072   0.04806   0.35183   0.02908   0.01514   0.19860   0.02917   0.03077   0.06513   0.33606   0.32594   0.00000   0.38059   0.20781   0.67424   0.19160   0.62849   0.15165   0.02256   0.12362   0.38104   0.00187   0.50696   0.01514   0.35230   0.30623   0.56103   0.73569   0.27193   2.22436   0.98942   0.04966   1.53545  
 33 34.0433   6912.363208  x:  0.28901   0.05123   0.10252   0.07834   0.04834   0.38007   0.05570   0.35891   0.02545   0.01603   0.19811   0.02931   0.03153   0.06499   0.34860   0.31810   0.00000   0.38662   0.20078   0.67655   0.19179   0.63627   0.14960   0.02349   0.11773   0.37365   0.00130   0.48557   0.02413   0.35146   0.29814   0.56374   0.70562   0.27129   2.26857   0.98942   0.04803   1.47343  
 34 22.7322   6912.271482  x:  0.28856   0.05174   0.10309   0.08245   0.04809   0.37906   0.05171   0.36039   0.02612   0.01579   0.19915   0.02927   0.03155   0.06204   0.34944   0.32348   0.00000   0.38878   0.20838   0.67818   0.18666   0.63768   0.15018   0.01944   0.11870   0.37010   0.00458   0.47895   0.02141   0.34747   0.29567   0.56687   0.69889   0.27084   2.27683   0.98950   0.04775   1.46641  
 35  8.3879   6912.066613  x:  0.28850   0.05004   0.10354   0.08716   0.04499   0.38144   0.05284   0.35847   0.02607   0.01655   0.20039   0.02889   0.03258   0.06015   0.34596   0.34349   0.00000   0.38656   0.20192   0.68411   0.18378   0.63823   0.16200   0.01659   0.11516   0.36165   0.00397   0.47368   0.02440   0.34494   0.30309   0.57721   0.69091   0.27078   2.28203   0.98951   0.04842   1.47608  
 36  3.9944   6910.907697  x:  0.28640   0.04846   0.10087   0.08130   0.04717   0.37745   0.04995   0.34365   0.02536   0.01905   0.20271   0.02721   0.03589   0.06140   0.36830   0.31213   0.00000   0.37231   0.20198   0.70514   0.18361   0.62704   0.18125   0.00492   0.10842   0.36515   0.01070   0.47019   0.01623   0.32976   0.30113   0.60217   0.67245   0.26868   2.28554   0.99100   0.05264   1.57741  
 37  6.5848   6910.430344  x:  0.28417   0.05246   0.10253   0.07958   0.04813   0.37093   0.05165   0.36269   0.02208   0.01925   0.20633   0.02649   0.03791   0.06219   0.36784   0.31809   0.00000   0.38422   0.20006   0.68983   0.18074   0.63103   0.15374   0.01765   0.11352   0.36782   0.00799   0.47134   0.01856   0.33645   0.28379   0.61491   0.67246   0.26645   2.28404   0.99137   0.05528   1.62209  
 38 14.3210   6910.335982  x:  0.28619   0.05764   0.09856   0.07993   0.04938   0.37217   0.05018   0.35416   0.02381   0.01984   0.20571   0.02602   0.03795   0.05961   0.37099   0.31981   0.00000   0.37990   0.19985   0.67125   0.18176   0.63364   0.14168   0.02320   0.10854   0.36353   0.00978   0.46754   0.01889   0.33371   0.28674   0.61837   0.67346   0.26847   2.28480   0.99179   0.05546   1.62906  
 39  7.0927   6910.311020  x:  0.28574   0.05600   0.09836   0.07908   0.05038   0.37370   0.04983   0.35682   0.02371   0.01975   0.20565   0.02614   0.03787   0.06035   0.37089   0.31806   0.00000   0.38030   0.20041   0.65840   0.18230   0.63891   0.14709   0.02087   0.10919   0.36305   0.01017   0.46750   0.01792   0.33397   0.28901   0.61854   0.67327   0.26801   2.28523   0.99174   0.05551   1.62826  
 40  2.5341   6910.291568  x:  0.28431   0.05532   0.09814   0.07851   0.05111   0.37124   0.04993   0.35224   0.02449   0.01983   0.20513   0.02594   0.03796   0.06024   0.37141   0.32003   0.00000   0.38088   0.19973   0.65426   0.18253   0.64040   0.15003   0.01899   0.11105   0.36572   0.00891   0.46831   0.01995   0.33266   0.28439   0.61874   0.67298   0.26658   2.28527   0.99177   0.05534   1.62303  
 41  1.1865   6909.867666  x:  0.27949   0.05072   0.10284   0.08936   0.04009   0.35475   0.05413   0.35208   0.02673   0.02151   0.19808   0.02537   0.03779   0.05516   0.38608   0.32763   0.00000   0.36458   0.20127   0.65660   0.17859   0.64604   0.15053   0.01557   0.11391   0.37618   0.00652   0.47168   0.01705   0.34361   0.29676   0.63474   0.68577   0.26175   2.27994   0.99076   0.05282   1.47701  
 42  1.9680   6909.199658  x:  0.28507   0.04944   0.09838   0.07959   0.04763   0.37371   0.04847   0.34925   0.02872   0.02246   0.18815   0.02468   0.03749   0.05518   0.39018   0.32686   0.00000   0.37681   0.20149   0.67142   0.18320   0.65332   0.15428   0.01080   0.10715   0.36275   0.00703   0.47510   0.02711   0.34451   0.29487   0.67951   0.70836   0.26731   2.27044   0.98907   0.04883   1.24870  
 43 36.2113   6909.178974  x:  0.28443   0.05113   0.09677   0.07814   0.04867   0.37076   0.04935   0.35255   0.02850   0.02245   0.18792   0.02444   0.03749   0.05630   0.38665   0.32542   0.00000   0.37387   0.20156   0.67143   0.18327   0.65236   0.15404   0.01024   0.10673   0.36286   0.00651   0.47463   0.02935   0.33859   0.29554   0.68423   0.70875   0.26667   2.27019   0.98913   0.04859   1.24184  
 44  4.4638   6909.176571  x:  0.28389   0.05181   0.09640   0.07924   0.04820   0.37057   0.04937   0.35193   0.02854   0.02248   0.18786   0.02444   0.03748   0.05675   0.38570   0.32472   0.00000   0.37569   0.20132   0.67141   0.18260   0.65252   0.15404   0.01031   0.10588   0.36417   0.00652   0.47458   0.02911   0.33831   0.29651   0.68538   0.70881   0.26613   2.27002   0.98912   0.04859   1.24245  
 45  0.5003   6909.091353  x:  0.28335   0.04697   0.10287   0.08322   0.04648   0.38044   0.04865   0.35151   0.02853   0.02215   0.18718   0.02441   0.03667   0.05692   0.38611   0.32294   0.00000   0.37345   0.20293   0.67192   0.18085   0.65378   0.15251   0.01269   0.10510   0.36568   0.00571   0.47533   0.03043   0.33542   0.29277   0.69583   0.70752   0.26559   2.26100   0.98894   0.04904   1.29174  
 46  0.3558   6909.013344  x:  0.28567   0.05131   0.09664   0.07931   0.04959   0.37477   0.05042   0.35150   0.02790   0.02188   0.18641   0.02429   0.03593   0.05545   0.38866   0.32336   0.00000   0.37778   0.20328   0.67288   0.18310   0.65215   0.15456   0.01137   0.10709   0.36023   0.00684   0.47491   0.02811   0.34155   0.29283   0.70332   0.70561   0.26791   2.25320   0.98878   0.04936   1.33641  
 47  9.4741   6909.012619  x:  0.28534   0.05071   0.09745   0.07854   0.05004   0.37420   0.05051   0.35142   0.02781   0.02193   0.18633   0.02431   0.03590   0.05534   0.38895   0.32357   0.00000   0.37830   0.20326   0.67296   0.18339   0.65227   0.15448   0.01176   0.10665   0.36018   0.00705   0.47464   0.02796   0.34117   0.29324   0.70335   0.70567   0.26759   2.25320   0.98878   0.04936   1.33624  
 48  0.5278   6909.005119  x:  0.28182   0.05219   0.09651   0.07758   0.05084   0.37625   0.05021   0.35219   0.02763   0.02177   0.18661   0.02431   0.03573   0.05472   0.39003   0.32444   0.00000   0.37749   0.20331   0.67327   0.18403   0.65206   0.15451   0.01228   0.10670   0.36089   0.00719   0.47362   0.02745   0.34196   0.29329   0.70500   0.70518   0.26406   2.25440   0.98877   0.04900   1.31991  
 49  0.1937   6908.939026  x:  0.28484   0.05109   0.09945   0.08088   0.04904   0.37528   0.05220   0.35341   0.02637   0.02080   0.18958   0.02456   0.03457   0.05439   0.39322   0.32518   0.00000   0.37719   0.20356   0.67400   0.18299   0.65744   0.15400   0.01406   0.10897   0.36266   0.00669   0.47431   0.02558   0.34121   0.29224   0.72292   0.69996   0.26709   2.26381   0.98843   0.04586   1.17479  
 50  5.1382   6908.916550  x:  0.28539   0.05137   0.09900   0.08012   0.04851   0.37383   0.05027   0.35375   0.02756   0.02038   0.19073   0.02515   0.03357   0.05500   0.39419   0.32537   0.00000   0.37794   0.20315   0.67294   0.18316   0.65502   0.15359   0.01262   0.10807   0.36158   0.00725   0.47421   0.02722   0.34186   0.29243   0.72588   0.70318   0.26764   2.27290   0.98828   0.04282   1.04643  
 51  0.0718   6908.888583  x:  0.28566   0.05087   0.09793   0.07888   0.04890   0.37383   0.05169   0.35228   0.02651   0.02073   0.19038   0.02436   0.03363   0.05527   0.39305   0.32534   0.00000   0.37836   0.20266   0.67327   0.18303   0.65391   0.15415   0.01136   0.10879   0.36168   0.00701   0.47535   0.02681   0.34249   0.29328   0.71855   0.70573   0.26790   2.26813   0.98866   0.03694   0.81869  
 52  0.0690   6908.879234  x:  0.28539   0.05121   0.09824   0.07941   0.04916   0.37387   0.05133   0.35237   0.02679   0.02089   0.18974   0.02481   0.03376   0.05519   0.39254   0.32463   0.00000   0.37845   0.20306   0.67237   0.18321   0.65310   0.15359   0.01227   0.10896   0.36124   0.00688   0.47462   0.02673   0.34208   0.29261   0.71628   0.70298   0.26764   2.26591   0.98859   0.03549   0.77216  
 53  0.0553   6908.872789  x:  0.28517   0.05138   0.09851   0.07980   0.04924   0.37398   0.05110   0.35254   0.02697   0.02094   0.18947   0.02506   0.03381   0.05512   0.39241   0.32428   0.00000   0.37839   0.20329   0.67191   0.18328   0.65290   0.15320   0.01296   0.10900   0.36110   0.00681   0.47418   0.02668   0.34179   0.29222   0.71581   0.70126   0.26742   2.26525   0.98854   0.03381   0.70662  
 54  0.3551   6908.870603  x:  0.28516   0.05132   0.09878   0.08005   0.04909   0.37416   0.05098   0.35304   0.02709   0.02086   0.18961   0.02496   0.03398   0.05493   0.39263   0.32447   0.00000   0.37832   0.20333   0.67207   0.18317   0.65357   0.15320   0.01307   0.10870   0.36132   0.00698   0.47399   0.02655   0.34173   0.29208   0.71701   0.70115   0.26740   2.26531   0.98853   0.03257   0.66176  
 55  0.0695   6908.868438  x:  0.28514   0.05119   0.09912   0.08033   0.04884   0.37443   0.05088   0.35376   0.02718   0.02072   0.18991   0.02476   0.03427   0.05469   0.39311   0.32489   0.00000   0.37816   0.20337   0.67244   0.18299   0.65487   0.15325   0.01317   0.10821   0.36174   0.00724   0.47388   0.02640   0.34176   0.29201   0.71959   0.70156   0.26739   2.26622   0.98849   0.03222   0.65234  
 56  0.0137   6908.866858  x:  0.28517   0.05121   0.09892   0.08015   0.04892   0.37426   0.05099   0.35349   0.02703   0.02073   0.18988   0.02479   0.03436   0.05482   0.39312   0.32492   0.00000   0.37817   0.20338   0.67238   0.18304   0.65485   0.15330   0.01309   0.10820   0.36164   0.00722   0.47410   0.02653   0.34194   0.29216   0.71978   0.70226   0.26741   2.26702   0.98844   0.03105   0.61229  
 57  0.0358   6908.865339  x:  0.28520   0.05128   0.09862   0.07982   0.04906   0.37399   0.05113   0.35298   0.02695   0.02080   0.18973   0.02485   0.03434   0.05504   0.39297   0.32479   0.00000   0.37826   0.20332   0.67235   0.18318   0.65444   0.15338   0.01288   0.10848   0.36140   0.00705   0.47439   0.02667   0.34215   0.29240   0.71890   0.70284   0.26744   2.26731   0.98842   0.02980   0.57226  
 58  0.0319   6908.864419  x:  0.28519   0.05129   0.09866   0.07985   0.04906   0.37404   0.05110   0.35298   0.02700   0.02085   0.18971   0.02485   0.03422   0.05502   0.39289   0.32471   0.00000   0.37830   0.20330   0.67239   0.18320   0.65424   0.15337   0.01283   0.10864   0.36138   0.00700   0.47432   0.02664   0.34209   0.29239   0.71825   0.70248   0.26744   2.26672   0.98844   0.02897   0.54760  
 59  0.0154   6908.863520  x:  0.28518   0.05128   0.09873   0.07991   0.04904   0.37410   0.05107   0.35307   0.02704   0.02085   0.18973   0.02484   0.03418   0.05498   0.39288   0.32470   0.00000   0.37830   0.20329   0.67242   0.18318   0.65424   0.15335   0.01284   0.10867   0.36142   0.00700   0.47424   0.02660   0.34203   0.29236   0.71812   0.70223   0.26743   2.26640   0.98846   0.02815   0.52168  
 60  0.1328   6908.863285  x:  0.28518   0.05127   0.09876   0.07995   0.04902   0.37413   0.05106   0.35312   0.02704   0.02085   0.18975   0.02483   0.03417   0.05496   0.39290   0.32471   0.00000   0.37829   0.20330   0.67241   0.18317   0.65426   0.15333   0.01288   0.10864   0.36145   0.00702   0.47420   0.02658   0.34199   0.29232   0.71819   0.70214   0.26742   2.26636   0.98846   0.02767   0.50665  
 61  0.0716   6908.863024  x:  0.28515   0.05121   0.09891   0.08016   0.04893   0.37430   0.05099   0.35344   0.02703   0.02075   0.18988   0.02482   0.03421   0.05482   0.39304   0.32483   0.00000   0.37818   0.20336   0.67228   0.18304   0.65451   0.15323   0.01317   0.10829   0.36164   0.00718   0.47405   0.02651   0.34181   0.29211   0.71917   0.70184   0.26740   2.26661   0.98848   0.02730   0.49563  
 62  0.0058   6908.862581  x:  0.28515   0.05128   0.09871   0.07986   0.04903   0.37403   0.05105   0.35298   0.02709   0.02079   0.18969   0.02486   0.03418   0.05501   0.39282   0.32467   0.00000   0.37827   0.20325   0.67232   0.18317   0.65411   0.15332   0.01295   0.10854   0.36135   0.00699   0.47428   0.02661   0.34205   0.29229   0.71828   0.70221   0.26741   2.26666   0.98850   0.02644   0.47063  
 63  0.0046   6908.862244  x:  0.28515   0.05122   0.09885   0.08010   0.04898   0.37424   0.05102   0.35332   0.02697   0.02077   0.18981   0.02484   0.03422   0.05487   0.39298   0.32481   0.00000   0.37817   0.20336   0.67227   0.18307   0.65448   0.15325   0.01311   0.10833   0.36156   0.00716   0.47407   0.02654   0.34188   0.29215   0.71910   0.70198   0.26740   2.26672   0.98848   0.02580   0.45218  
 64  0.0073   6908.862049  x:  0.28516   0.05124   0.09882   0.08002   0.04898   0.37419   0.05103   0.35326   0.02705   0.02079   0.18980   0.02483   0.03421   0.05490   0.39295   0.32477   0.00000   0.37823   0.20332   0.67233   0.18311   0.65441   0.15328   0.01304   0.10843   0.36153   0.00711   0.47415   0.02655   0.34193   0.29222   0.71879   0.70206   0.26741   2.26664   0.98847   0.02528   0.43746  
 65  0.0092   6908.862012  x:  0.28517   0.05125   0.09880   0.07999   0.04898   0.37417   0.05103   0.35323   0.02707   0.02080   0.18980   0.02483   0.03421   0.05492   0.39294   0.32476   0.00000   0.37825   0.20331   0.67236   0.18312   0.65439   0.15329   0.01301   0.10847   0.36151   0.00709   0.47418   0.02655   0.34195   0.29225   0.71867   0.70210   0.26742   2.26661   0.98847   0.02519   0.43540  
 66  0.0168   6908.861895  x:  0.28517   0.05125   0.09880   0.07999   0.04899   0.37417   0.05103   0.35322   0.02705   0.02080   0.18980   0.02483   0.03421   0.05492   0.39295   0.32476   0.00000   0.37825   0.20332   0.67235   0.18312   0.65436   0.15330   0.01300   0.10848   0.36151   0.00708   0.47419   0.02657   0.34195   0.29226   0.71862   0.70211   0.26742   2.26659   0.98847   0.02477   0.42362  
 67  0.0160   6908.861816  x:  0.28516   0.05124   0.09881   0.08003   0.04899   0.37419   0.05103   0.35324   0.02702   0.02079   0.18980   0.02483   0.03421   0.05491   0.39297   0.32477   0.00000   0.37823   0.20333   0.67232   0.18311   0.65436   0.15329   0.01303   0.10844   0.36152   0.00710   0.47415   0.02657   0.34192   0.29223   0.71871   0.70207   0.26742   2.26661   0.98847   0.02440   0.41335  
 68  0.0064   6908.861801  x:  0.28516   0.05124   0.09882   0.08005   0.04899   0.37420   0.05103   0.35325   0.02701   0.02079   0.18980   0.02484   0.03420   0.05490   0.39297   0.32478   0.00000   0.37822   0.20334   0.67230   0.18310   0.65436   0.15328   0.01306   0.10841   0.36152   0.00711   0.47413   0.02657   0.34191   0.29221   0.71878   0.70204   0.26741   2.26662   0.98848   0.02443   0.41424  
 69  0.0014   6908.861680  x:  0.28516   0.05125   0.09878   0.07989   0.04897   0.37413   0.05102   0.35318   0.02718   0.02079   0.18978   0.02482   0.03421   0.05496   0.39286   0.32471   0.00000   0.37828   0.20326   0.67239   0.18314   0.65435   0.15328   0.01300   0.10853   0.36148   0.00705   0.47425   0.02652   0.34198   0.29226   0.71856   0.70210   0.26742   2.26665   0.98849   0.02365   0.39330  
 70  0.0026   6908.861678  x:  0.28516   0.05125   0.09878   0.07991   0.04897   0.37414   0.05102   0.35318   0.02716   0.02079   0.18978   0.02483   0.03421   0.05495   0.39287   0.32472   0.00000   0.37827   0.20327   0.67238   0.18314   0.65435   0.15328   0.01301   0.10852   0.36148   0.00706   0.47424   0.02653   0.34197   0.29225   0.71859   0.70209   0.26742   2.26665   0.98849   0.02372   0.39520  
 71  0.0100   6908.861658  x:  0.28516   0.05124   0.09880   0.07998   0.04898   0.37417   0.05103   0.35321   0.02707   0.02079   0.18979   0.02483   0.03420   0.05492   0.39292   0.32475   0.00000   0.37824   0.20330   0.67233   0.18312   0.65436   0.15328   0.01303   0.10846   0.36150   0.00709   0.47418   0.02655   0.34194   0.29223   0.71869   0.70206   0.26741   2.26664   0.98848   0.02374   0.39571  
 72  0.0015   6908.861658  x:  0.28516   0.05124   0.09880   0.07998   0.04898   0.37417   0.05103   0.35321   0.02707   0.02079   0.18979   0.02483   0.03420   0.05492   0.39292   0.32475   0.00000   0.37824   0.20330   0.67233   0.18312   0.65436   0.15328   0.01303   0.10846   0.36150   0.00709   0.47418   0.02655   0.34194   0.29223   0.71869   0.70206   0.26741   2.26664   0.98848   0.02374   0.39571  
 73  0.0056   6908.861654  x:  0.28578   0.05124   0.09881   0.08001   0.04899   0.37418   0.05103   0.35323   0.02704   0.02079   0.18979   0.02483   0.03421   0.05492   0.39294   0.32476   0.00000   0.37823   0.20332   0.67233   0.18311   0.65436   0.15328   0.01303   0.10844   0.36151   0.00709   0.47416   0.02656   0.34193   0.29222   0.71873   0.70206   0.26679   2.26667   0.98848   0.02376   0.39622  