Supplemental results for CODEML (seqf: nbs1_noMNM.fasta  treef: nbs1_tree.txt)


MLEs of dN/dS (w) for site classes (K=6)

p:   0.13565  0.13565  0.13565  0.13565  0.13565  0.32175
w:   0.00730  0.04825  0.12278  0.24498  0.47845  1.00000

Naive Empirical Bayes (NEB) probabilities for 6 classes & postmean_w
(amino acids refer to 1st sequence: Nothoprocta_perdicaria)

   1 L   0.23806 0.22083 0.19265 0.15411 0.10081 0.09354 ( 1)  0.216
   2 V   0.01044 0.06372 0.13932 0.21369 0.24358 0.32926 ( 6)  0.518
   3 P   0.00992 0.05992 0.12945 0.19762 0.23183 0.37126 ( 6)  0.549
   4 A   0.01183 0.07047 0.14836 0.21716 0.23529 0.31688 ( 6)  0.504
   5 A   0.00000 0.00003 0.00101 0.01130 0.08501 0.90265 ( 6)  0.946
   6 G   0.02678 0.14557 0.25976 0.29069 0.19033 0.08687 ( 4)  0.288
   7 G   0.03309 0.17390 0.29171 0.29498 0.15915 0.04716 ( 4)  0.240
   8 E   0.36658 0.29484 0.19859 0.10421 0.03074 0.00503 ( 1)  0.087
   9 P   0.02594 0.14187 0.25575 0.29053 0.19466 0.09124 ( 4)  0.294
  10 Y   0.02455 0.13519 0.24686 0.28670 0.20099 0.10570 ( 4)  0.309
  11 R   0.29909 0.26180 0.20557 0.13847 0.06539 0.02968 ( 1)  0.135
  12 L   0.31577 0.27132 0.20596 0.13125 0.05575 0.01996 ( 1)  0.119
  13 L   0.30074 0.26259 0.20532 0.13750 0.06447 0.02938 ( 1)  0.134
  14 A   0.00000 0.00015 0.00429 0.03831 0.18729 0.76996 ( 6)  0.869
  15 G   0.34534 0.28601 0.20312 0.11613 0.04019 0.00921 ( 1)  0.098
  16 A   0.00000 0.00000 0.00002 0.00135 0.03976 0.95887 ( 6)  0.978
  17 E   0.00000 0.00012 0.00494 0.05418 0.26763 0.67312 ( 6)  0.815
  18 Y   0.34386 0.28524 0.20321 0.11686 0.04101 0.00982 ( 1)  0.099
  19 V   0.33655 0.28191 0.20436 0.12082 0.04457 0.01179 ( 1)  0.104
  20 V   0.33568 0.28149 0.20447 0.12128 0.04501 0.01207 ( 1)  0.104
  21 G   0.37598 0.29833 0.19608 0.09885 0.02702 0.00373 ( 1)  0.082
  22 R   0.29624 0.26018 0.20551 0.13972 0.06705 0.03130 ( 1)  0.138
  23 K   0.00000 0.00047 0.01258 0.09478 0.32387 0.56830 ( 6)  0.748
  24 N   0.38806 0.30236 0.19230 0.09193 0.02278 0.00257 ( 1)  0.077
  25 C   0.02361 0.13077 0.24127 0.28480 0.20550 0.11406 ( 4)  0.318
  26 P   0.00000 0.00001 0.00080 0.01358 0.11992 0.86569 ( 6)  0.926
  27 V   0.00001 0.00247 0.02830 0.12397 0.29895 0.54629 ( 6)  0.723
  28 L   0.30234 0.26357 0.20548 0.13691 0.06353 0.02818 ( 1)  0.132
  29 L   0.02786 0.15064 0.26614 0.29281 0.18515 0.07741 ( 4)  0.278
  30 Q   0.30445 0.26497 0.20588 0.13629 0.06224 0.02617 ( 1)  0.130
  31 D   0.03880 0.19779 0.31405 0.29030 0.13210 0.02697 ( 3)  0.210
  32 D   0.39647 0.30496 0.18946 0.08715 0.02005 0.00191 ( 1)  0.074
  33 Q   0.00042 0.01570 0.07603 0.18853 0.29333 0.42598 ( 6)  0.623
  34 S   0.30511 0.26533 0.20587 0.13598 0.06185 0.02585 ( 1)  0.129
  35 I   0.32983 0.27860 0.20505 0.12429 0.04809 0.01413 ( 1)  0.109
  36 S   0.39529 0.30458 0.18984 0.08782 0.02045 0.00201 ( 1)  0.074
  37 R   0.29762 0.26090 0.20543 0.13901 0.06625 0.03078 ( 1)  0.137
  38 S   0.03952 0.20069 0.31644 0.28925 0.12891 0.02519 ( 3)  0.207
  39 H   0.36911 0.29583 0.19799 0.10278 0.02968 0.00462 ( 1)  0.085
  40 A   0.36852 0.29565 0.19819 0.10313 0.02987 0.00465 ( 1)  0.085
  41 V   0.33600 0.28165 0.20443 0.12111 0.04485 0.01196 ( 1)  0.104
  42 L   0.25990 0.23657 0.19941 0.15078 0.08859 0.06475 ( 1)  0.182
  43 A   0.03249 0.17126 0.28889 0.29487 0.16210 0.05039 ( 4)  0.244
  44 V   0.38019 0.29980 0.19483 0.09643 0.02547 0.00328 ( 1)  0.080
  45 G   0.00000 0.00046 0.01210 0.08951 0.30765 0.59028 ( 6)  0.761
  46 R   0.00000 0.00000 0.00000 0.00002 0.00396 0.99602 ( 6)  0.998
  47 P   0.01736 0.09979 0.19691 0.25920 0.22944 0.19729 ( 4)  0.400
  48 A   0.03779 0.19467 0.31359 0.29395 0.13410 0.02590 ( 3)  0.210
  49 A   0.00002 0.00520 0.05419 0.20411 0.37041 0.36608 ( 5)  0.600
  50 T   0.00000 0.00008 0.00258 0.02500 0.14304 0.82931 ( 6)  0.904
  51 P   0.00000 0.00000 0.00000 0.00020 0.01139 0.98841 ( 6)  0.994
  52 S   0.37630 0.29852 0.19607 0.09867 0.02682 0.00362 ( 1)  0.082
  53 Q   0.30446 0.26496 0.20586 0.13627 0.06224 0.02621 ( 1)  0.130
  54 S   0.31712 0.27205 0.20593 0.13062 0.05499 0.01930 ( 1)  0.118
  55 L   0.00000 0.00003 0.00114 0.01257 0.09151 0.89474 ( 6)  0.942
  56 S   0.00000 0.00122 0.01504 0.07448 0.22641 0.68285 ( 6)  0.811
  57 G   0.00044 0.01652 0.07964 0.19580 0.29875 0.40885 ( 6)  0.610
  58 P   0.30671 0.26631 0.20603 0.13539 0.06091 0.02465 ( 1)  0.127
  59 V   0.00000 0.00000 0.00000 0.00002 0.00500 0.99497 ( 6)  0.997
  60 L   0.30447 0.26487 0.20569 0.13614 0.06228 0.02656 ( 1)  0.130
  61 T   0.38998 0.30297 0.19166 0.09083 0.02214 0.00241 ( 1)  0.076
  62 I   0.04160 0.20859 0.32179 0.28476 0.12078 0.02248 ( 3)  0.200
  63 K   0.00000 0.00044 0.01163 0.08659 0.29999 0.60136 ( 6)  0.768
  64 D   0.39183 0.30359 0.19109 0.08978 0.02148 0.00222 ( 1)  0.075
  65 T   0.35366 0.28966 0.20160 0.11153 0.03628 0.00728 ( 1)  0.093
  66 S   0.29635 0.26024 0.20551 0.13967 0.06699 0.03124 ( 1)  0.137
  67 K   0.38310 0.30055 0.19368 0.09477 0.02470 0.00320 ( 1)  0.079
  68 Y   0.34530 0.28588 0.20296 0.11607 0.04032 0.00946 ( 1)  0.098
  69 G   0.34728 0.28689 0.20280 0.11507 0.03925 0.00872 ( 1)  0.097
  70 T   0.32716 0.27721 0.20522 0.12561 0.04954 0.01526 ( 1)  0.111
  71 F   0.02654 0.14463 0.25910 0.29141 0.19171 0.08660 ( 4)  0.289
  72 V   0.33637 0.28182 0.20439 0.12093 0.04467 0.01183 ( 1)  0.104
  73 N   0.41345 0.30936 0.18290 0.07772 0.01547 0.00111 ( 1)  0.068
  74 G   0.38517 0.30144 0.19325 0.09359 0.02374 0.00280 ( 1)  0.078
  75 T   0.02066 0.11631 0.22112 0.27422 0.21765 0.15004 ( 4)  0.354
  76 K   0.00215 0.06818 0.24621 0.38019 0.24593 0.05733 ( 4)  0.302
  77 L   0.00023 0.00880 0.04573 0.12721 0.24591 0.57213 ( 6)  0.727
  78 D   0.00000 0.00003 0.00225 0.03175 0.19958 0.76637 ( 6)  0.870
  79 G   0.02189 0.12243 0.22991 0.27930 0.21282 0.13365 ( 4)  0.338
  80 A   0.00000 0.00000 0.00000 0.00001 0.00213 0.99787 ( 6)  0.999
  81 S   0.32204 0.27455 0.20553 0.12812 0.05234 0.01743 ( 1)  0.115
  82 R   0.00000 0.00014 0.00403 0.03618 0.17994 0.77972 ( 6)  0.875
  83 T   0.00000 0.00000 0.00003 0.00135 0.03195 0.96667 ( 6)  0.982
  84 L   0.28378 0.25243 0.20406 0.14414 0.07447 0.04112 ( 1)  0.151
  85 Q   0.00031 0.01171 0.05897 0.15561 0.27171 0.50168 ( 6)  0.678
  86 S   0.31712 0.27205 0.20593 0.13062 0.05499 0.01930 ( 1)  0.118
  87 G   0.34778 0.28711 0.20271 0.11479 0.03902 0.00860 ( 1)  0.097
  88 D   0.36768 0.29532 0.19839 0.10360 0.03023 0.00479 ( 1)  0.086
  89 R   0.41832 0.31044 0.18086 0.07509 0.01434 0.00095 ( 1)  0.066
  90 V   0.02028 0.11450 0.21881 0.27345 0.21962 0.15335 ( 4)  0.358
  91 N   0.39996 0.30585 0.18808 0.08520 0.01913 0.00177 ( 1)  0.073
  92 F   0.35114 0.28861 0.20213 0.11294 0.03741 0.00777 ( 1)  0.095
  93 G   0.38440 0.30119 0.19350 0.09403 0.02401 0.00287 ( 1)  0.078
  94 V   0.30766 0.26680 0.20595 0.13489 0.06037 0.02433 ( 1)  0.127
  95 F   0.02629 0.14349 0.25774 0.29109 0.19295 0.08845 ( 4)  0.291
  96 E   0.00000 0.00023 0.00659 0.05460 0.23212 0.70645 ( 6)  0.832
  97 S   0.36679 0.29501 0.19866 0.10412 0.03056 0.00488 ( 1)  0.086
  98 K   0.38056 0.29977 0.19454 0.09622 0.02551 0.00339 ( 1)  0.080
  99 F   0.02693 0.14647 0.26141 0.29217 0.18983 0.08318 ( 4)  0.285
 100 R   0.41694 0.31008 0.18139 0.07586 0.01472 0.00102 ( 1)  0.067
 101 V   0.35499 0.29015 0.20122 0.11074 0.03575 0.00714 ( 1)  0.093
 102 E   0.41146 0.30880 0.18362 0.07884 0.01606 0.00122 ( 1)  0.069
 103 Y   0.35383 0.28962 0.20141 0.11138 0.03632 0.00744 ( 1)  0.093
 104 E   0.42890 0.31263 0.17633 0.06947 0.01203 0.00065 ( 1)  0.063
 105 S   0.01926 0.10944 0.21144 0.26897 0.22333 0.16756 ( 4)  0.372
 106 L   0.29961 0.26198 0.20536 0.13806 0.06513 0.02986 ( 1)  0.135
 107 V   0.34377 0.28529 0.20335 0.11697 0.04096 0.00966 ( 1)  0.099
 108 V   0.31244 0.26949 0.20600 0.13278 0.05764 0.02166 ( 1)  0.122
 109 C   0.32678 0.27709 0.20536 0.12587 0.04969 0.01521 ( 1)  0.111
 110 S   0.29532 0.25962 0.20543 0.14006 0.06760 0.03197 ( 1)  0.139
 111 S   0.32374 0.27545 0.20545 0.12730 0.05140 0.01666 ( 1)  0.113
 112 C   0.35617 0.29074 0.20111 0.11013 0.03512 0.00673 ( 1)  0.092
 113 L   0.31384 0.27010 0.20572 0.13194 0.05693 0.02146 ( 1)  0.122
 114 D   0.40579 0.30749 0.18596 0.08193 0.01742 0.00141 ( 1)  0.070
 115 V   0.00000 0.00000 0.00000 0.00009 0.00967 0.99024 ( 6)  0.995
 116 A   0.00057 0.02084 0.09723 0.22659 0.31239 0.34238 ( 6)  0.560
 117 E   0.00000 0.00001 0.00055 0.00850 0.08252 0.90842 ( 6)  0.950
 118 K   0.45124 0.31598 0.16590 0.05834 0.00825 0.00030 ( 1)  0.057
 119 T   0.00000 0.00027 0.00758 0.06119 0.24788 0.68307 ( 6)  0.818
 120 A   0.00000 0.00032 0.00487 0.03236 0.15019 0.81226 ( 6)  0.893
 121 L   0.30953 0.26770 0.20572 0.13388 0.05939 0.02379 ( 1)  0.125
 122 N   0.04827 0.23409 0.33977 0.27184 0.09482 0.01122 ( 3)  0.177
 123 E   0.00000 0.00027 0.00738 0.05935 0.24092 0.69208 ( 6)  0.823
 124 A   0.01754 0.10071 0.19832 0.26023 0.22895 0.19425 ( 4)  0.397
 125 I   0.00057 0.02081 0.09696 0.22566 0.31110 0.34490 ( 6)  0.562
 126 Q   0.00000 0.00006 0.00193 0.01957 0.12217 0.85627 ( 6)  0.920
 127 Q   0.00010 0.00425 0.02505 0.08301 0.20749 0.68010 ( 6)  0.803
 128 L   0.31784 0.27243 0.20590 0.13026 0.05458 0.01898 ( 1)  0.118
 129 G   0.39939 0.30578 0.18839 0.08551 0.01919 0.00174 ( 1)  0.073
 130 G   0.33248 0.27995 0.20486 0.12297 0.04666 0.01307 ( 1)  0.107
 131 L   0.02174 0.12173 0.22913 0.27932 0.21389 0.13419 ( 4)  0.339
 132 V   0.00002 0.00466 0.04940 0.19100 0.36324 0.39169 ( 6)  0.619
 133 V   0.00052 0.01926 0.09091 0.21595 0.30855 0.36481 ( 6)  0.577
 134 N   0.42880 0.31267 0.17642 0.06948 0.01200 0.00063 ( 1)  0.063
 135 E   0.41773 0.31038 0.18117 0.07537 0.01441 0.00094 ( 1)  0.067
 136 W   0.28718 0.25464 0.20465 0.14311 0.07244 0.03797 ( 1)  0.147
 137 T   0.03686 0.18975 0.30671 0.29218 0.14119 0.03332 ( 3)  0.220
 138 T   0.00000 0.00000 0.00000 0.00000 0.00186 0.99814 ( 6)  0.999
 139 K   0.00136 0.04592 0.18506 0.34007 0.30044 0.12715 ( 4)  0.379
 140 C   0.35906 0.29193 0.20048 0.10850 0.03385 0.00618 ( 1)  0.090
 141 T   0.34831 0.28729 0.20255 0.11447 0.03881 0.00858 ( 1)  0.096
 142 H   0.02833 0.15294 0.26922 0.29414 0.18289 0.07247 ( 4)  0.273
 143 L   0.32847 0.27798 0.20528 0.12505 0.04876 0.01446 ( 1)  0.109
 144 V   0.03871 0.19742 0.31368 0.29033 0.13252 0.02734 ( 3)  0.210
 145 M   0.45318 0.31661 0.16518 0.05714 0.00767 0.00023 ( 1)  0.057
 146 V   0.00000 0.00000 0.00003 0.00161 0.04493 0.95344 ( 6)  0.975
 147 S   0.33871 0.28286 0.20398 0.11963 0.04355 0.01127 ( 1)  0.103
 148 V   0.04180 0.20974 0.32362 0.28557 0.11912 0.02016 ( 3)  0.197
 149 K   0.05964 0.27306 0.35749 0.24271 0.06294 0.00417 ( 3)  0.151
 150 V   0.02793 0.15102 0.26680 0.29333 0.18489 0.07604 ( 4)  0.277
 151 T   0.36424 0.29395 0.19920 0.10555 0.03169 0.00538 ( 1)  0.088
 152 V   0.35323 0.28949 0.20170 0.11177 0.03646 0.00735 ( 1)  0.093
 153 K   0.39930 0.30566 0.18832 0.08558 0.01933 0.00181 ( 1)  0.073
 154 T   0.36943 0.29597 0.19792 0.10260 0.02954 0.00455 ( 1)  0.085
 155 I   0.06045 0.27599 0.35909 0.24065 0.06028 0.00354 ( 3)  0.149
 156 C   0.36472 0.29421 0.19918 0.10529 0.03140 0.00519 ( 1)  0.087
 157 A   0.34146 0.28429 0.20380 0.11826 0.04204 0.01015 ( 1)  0.100
 158 L   0.29755 0.26088 0.20545 0.13907 0.06630 0.03075 ( 1)  0.137
 159 I   0.37883 0.29932 0.19522 0.09721 0.02598 0.00344 ( 1)  0.081
 160 C   0.36472 0.29421 0.19918 0.10529 0.03140 0.00519 ( 1)  0.087
 161 G   0.00092 0.03213 0.13942 0.28882 0.31938 0.21934 ( 5)  0.462
 162 R   0.31574 0.27105 0.20555 0.13097 0.05591 0.02077 ( 1)  0.120
 163 P   0.03100 0.16487 0.28262 0.29570 0.16949 0.05633 ( 4)  0.253
 164 I   0.37921 0.29945 0.19511 0.09700 0.02584 0.00339 ( 1)  0.081
 165 I   0.05735 0.26574 0.35522 0.24889 0.06794 0.00485 ( 3)  0.155
 166 K   0.45582 0.31652 0.16368 0.05615 0.00758 0.00025 ( 1)  0.056
 167 P   0.37054 0.29646 0.19772 0.10197 0.02900 0.00430 ( 1)  0.084
 168 E   0.03618 0.18701 0.30439 0.29310 0.14423 0.03508 ( 3)  0.223
 169 F   0.36926 0.29598 0.19806 0.10271 0.02951 0.00448 ( 1)  0.085
 170 F   0.36926 0.29598 0.19806 0.10271 0.02951 0.00448 ( 1)  0.085
 171 V   0.00000 0.00000 0.00000 0.00001 0.00256 0.99744 ( 6)  0.999
 172 E   0.44520 0.31540 0.16892 0.06114 0.00901 0.00034 ( 1)  0.059
 173 L   0.01988 0.11244 0.21551 0.27087 0.22052 0.16077 ( 4)  0.365
 174 I   0.00077 0.02753 0.12273 0.26576 0.31972 0.26350 ( 5)  0.498
 175 K   0.00267 0.08171 0.27837 0.39115 0.21211 0.03399 ( 4)  0.269
 176 A   0.34229 0.28467 0.20368 0.11781 0.04163 0.00992 ( 1)  0.100
 177 I   0.00000 0.00014 0.00420 0.03816 0.18973 0.76776 ( 6)  0.868
 178 Q   0.31790 0.27249 0.20594 0.13027 0.05454 0.01887 ( 1)  0.118
 179 S   0.30215 0.26368 0.20587 0.13733 0.06357 0.02741 ( 1)  0.132
 180 R   0.04182 0.20963 0.32308 0.28500 0.11947 0.02100 ( 3)  0.198
 181 Q   0.36177 0.29298 0.19980 0.10695 0.03273 0.00577 ( 1)  0.089
 182 H   0.00047 0.01724 0.08261 0.20108 0.30123 0.39738 ( 6)  0.602
 183 L   0.29676 0.26041 0.20542 0.13940 0.06677 0.03125 ( 1)  0.137
 184 P   0.03133 0.16635 0.28421 0.29577 0.16780 0.05454 ( 4)  0.250
 185 A   0.00000 0.00003 0.00207 0.03025 0.19939 0.76825 ( 6)  0.871
 186 P   0.02920 0.15688 0.27380 0.29497 0.17855 0.06661 ( 4)  0.266
 187 E   0.00000 0.00011 0.00667 0.07829 0.34400 0.57093 ( 6)  0.756
 188 S   0.00000 0.00000 0.00018 0.00557 0.08223 0.91203 ( 6)  0.953
 189 F   0.36893 0.29585 0.19813 0.10289 0.02966 0.00454 ( 1)  0.085
 190 Y   0.36280 0.29333 0.19948 0.10636 0.03236 0.00568 ( 1)  0.089
 191 P   0.32177 0.27457 0.20582 0.12843 0.05237 0.01705 ( 1)  0.114
 192 P   0.00001 0.00284 0.03198 0.13681 0.31487 0.51349 ( 6)  0.702
 193 V   0.35333 0.28953 0.20168 0.11172 0.03642 0.00733 ( 1)  0.093
 194 D   0.04612 0.22636 0.33545 0.27709 0.10192 0.01307 ( 3)  0.182
 195 E   0.38614 0.30177 0.19296 0.09303 0.02339 0.00271 ( 1)  0.078
 196 P   0.32333 0.27539 0.20573 0.12766 0.05151 0.01638 ( 1)  0.113
 197 S   0.01642 0.09493 0.18928 0.25346 0.23177 0.21413 ( 4)  0.415
 198 I   0.37921 0.29945 0.19511 0.09700 0.02584 0.00339 ( 1)  0.081
 199 G   0.00060 0.02178 0.10088 0.23244 0.31394 0.33037 ( 6)  0.551
 200 T   0.00000 0.00025 0.00706 0.05775 0.23976 0.69517 ( 6)  0.825
 201 E   0.00006 0.01261 0.11325 0.33529 0.38893 0.14985 ( 5)  0.433
 202 K   0.00000 0.00008 0.00473 0.05900 0.29230 0.64389 ( 6)  0.799
 203 L   0.01567 0.09104 0.18304 0.24848 0.23325 0.22852 ( 4)  0.428
 204 D   0.41851 0.31069 0.18095 0.07489 0.01409 0.00086 ( 1)  0.066
 205 L   0.31789 0.27228 0.20560 0.13004 0.05468 0.01952 ( 1)  0.118
 206 S   0.33335 0.28040 0.20479 0.12253 0.04619 0.01275 ( 1)  0.106
 207 E   0.00115 0.03940 0.16423 0.31877 0.31205 0.16441 ( 4)  0.414
 208 H   0.00000 0.00000 0.00003 0.00181 0.04878 0.94938 ( 6)  0.973
 209 H   0.00000 0.00002 0.00136 0.02134 0.16057 0.81671 ( 6)  0.899
 210 E   0.44520 0.31540 0.16892 0.06114 0.00901 0.00034 ( 1)  0.059
 211 R   0.39205 0.30367 0.19103 0.08965 0.02140 0.00220 ( 1)  0.075
 212 K   0.05905 0.27113 0.35679 0.24426 0.06434 0.00441 ( 3)  0.152
 213 K   0.00000 0.00143 0.03252 0.19079 0.42865 0.34661 ( 5)  0.603
 214 I   0.06042 0.27588 0.35905 0.24073 0.06036 0.00355 ( 3)  0.149
 215 F   0.34085 0.28403 0.20393 0.11861 0.04231 0.01027 ( 1)  0.101
 216 S   0.00000 0.00004 0.00260 0.03670 0.22515 0.73551 ( 6)  0.853
 217 G   0.40495 0.30732 0.18633 0.08238 0.01759 0.00142 ( 1)  0.071
 218 K   0.45702 0.31665 0.16309 0.05559 0.00741 0.00024 ( 1)  0.056
 219 T   0.36221 0.29317 0.19971 0.10671 0.03253 0.00568 ( 1)  0.089
 220 F   0.36304 0.29353 0.19957 0.10625 0.03213 0.00548 ( 1)  0.088
 221 L   0.00002 0.00421 0.04506 0.17751 0.35144 0.42177 ( 6)  0.639
 222 F   0.36926 0.29598 0.19806 0.10271 0.02951 0.00448 ( 1)  0.085
 223 L   0.31252 0.26947 0.20590 0.13267 0.05762 0.02181 ( 1)  0.122
 224 T   0.02965 0.15880 0.27566 0.29463 0.17624 0.06503 ( 4)  0.263
 225 A   0.31421 0.27050 0.20605 0.13201 0.05661 0.02062 ( 1)  0.121
 226 K   0.00003 0.00608 0.06184 0.22397 0.37919 0.32889 ( 5)  0.573
 227 Q   0.31790 0.27249 0.20594 0.13027 0.05454 0.01887 ( 1)  0.118
 228 H   0.00001 0.00270 0.03061 0.13240 0.31053 0.52375 ( 6)  0.709
 229 K   0.39930 0.30566 0.18832 0.08558 0.01933 0.00181 ( 1)  0.073
 230 K   0.05843 0.26908 0.35602 0.24591 0.06588 0.00469 ( 3)  0.154
 231 L   0.27085 0.24406 0.20196 0.14816 0.08217 0.05279 ( 1)  0.167
 232 S   0.00102 0.03554 0.15134 0.30403 0.31720 0.19087 ( 5)  0.437
 233 P   0.36694 0.29510 0.19866 0.10404 0.03045 0.00481 ( 1)  0.086
 234 A   0.38866 0.30267 0.19223 0.09158 0.02245 0.00242 ( 1)  0.077
 235 V   0.00069 0.02477 0.11245 0.25077 0.31844 0.29288 ( 5)  0.522
 236 I   0.00000 0.00001 0.00093 0.01547 0.13017 0.85341 ( 6)  0.920
 237 L   0.32989 0.27870 0.20517 0.12433 0.04800 0.01391 ( 1)  0.108
 238 G   0.40342 0.30691 0.18691 0.08324 0.01802 0.00150 ( 1)  0.071
 239 G   0.40216 0.30657 0.18738 0.08394 0.01838 0.00157 ( 1)  0.072
 240 G   0.37616 0.29841 0.19603 0.09873 0.02694 0.00372 ( 1)  0.082
 241 E   0.05507 0.25813 0.35226 0.25500 0.07371 0.00582 ( 3)  0.160
 242 A   0.00003 0.00580 0.05962 0.21949 0.38041 0.33465 ( 5)  0.578
 243 K   0.42977 0.31264 0.17582 0.06909 0.01200 0.00067 ( 1)  0.063
 244 L   0.29410 0.25882 0.20521 0.14043 0.06834 0.03311 ( 1)  0.140
 245 M   0.00000 0.00014 0.00800 0.09120 0.37613 0.52453 ( 6)  0.728
 246 T   0.03921 0.19941 0.31528 0.28953 0.13032 0.02624 ( 3)  0.208
 247 E   0.41347 0.30947 0.18298 0.07767 0.01536 0.00106 ( 1)  0.068
 248 G   0.04195 0.21031 0.32403 0.28529 0.11853 0.01990 ( 3)  0.197
 249 K   0.00242 0.07539 0.26478 0.38956 0.22754 0.04030 ( 4)  0.281
 250 K   0.05867 0.26984 0.35625 0.24526 0.06536 0.00462 ( 3)  0.153
 251 E   0.44520 0.31540 0.16892 0.06114 0.00901 0.00034 ( 1)  0.059
 252 T   0.00000 0.00043 0.01142 0.08537 0.29964 0.60314 ( 6)  0.769
 253 S   0.00001 0.00145 0.01761 0.08490 0.24475 0.65129 ( 6)  0.791
 254 F   0.00000 0.00007 0.00227 0.02250 0.13373 0.84142 ( 6)  0.911
 255 L   0.29251 0.25791 0.20518 0.14114 0.06927 0.03399 ( 1)  0.141
 256 V   0.00000 0.00014 0.00407 0.03664 0.18231 0.77684 ( 6)  0.874
 257 D   0.00001 0.00147 0.01786 0.08584 0.24614 0.64868 ( 6)  0.790
 258 P   0.32300 0.27521 0.20575 0.12783 0.05169 0.01652 ( 1)  0.113
 259 N   0.00000 0.00011 0.00626 0.07465 0.33654 0.58245 ( 6)  0.763
 260 I   0.02748 0.14897 0.26438 0.29281 0.18712 0.07924 ( 4)  0.280
 261 C   0.36472 0.29421 0.19918 0.10529 0.03140 0.00519 ( 1)  0.087
 262 V   0.36505 0.29433 0.19908 0.10511 0.03128 0.00515 ( 1)  0.087
 263 V   0.35186 0.28890 0.20197 0.11254 0.03709 0.00764 ( 1)  0.094
 264 D   0.04616 0.22652 0.33559 0.27703 0.10173 0.01297 ( 3)  0.182
 265 I   0.00066 0.02368 0.10830 0.24435 0.31715 0.30586 ( 5)  0.532
 266 G   0.00000 0.00019 0.00543 0.04659 0.21119 0.73660 ( 6)  0.850
 267 L   0.00038 0.01435 0.07042 0.17822 0.28770 0.44893 ( 6)  0.640
 268 T   0.00157 0.05188 0.20295 0.35542 0.28719 0.10098 ( 4)  0.353
 269 N   0.00003 0.00663 0.06677 0.23751 0.38696 0.30210 ( 5)  0.554
 270 S   0.02274 0.12661 0.23577 0.28246 0.20944 0.12298 ( 4)  0.328
 271 Q   0.31824 0.27267 0.20591 0.13010 0.05435 0.01873 ( 1)  0.117
 272 I   0.00000 0.00006 0.00201 0.02117 0.13427 0.84249 ( 6)  0.912
 273 P   0.00000 0.00001 0.00051 0.00928 0.09354 0.89667 ( 6)  0.944
 274 V   0.00148 0.04928 0.19540 0.34967 0.29356 0.11061 ( 4)  0.363
 275 S   0.02106 0.11839 0.22445 0.27682 0.21669 0.14259 ( 4)  0.348
 276 E   0.00002 0.00382 0.04151 0.16721 0.34403 0.44341 ( 6)  0.654
 277 S   0.31334 0.27000 0.20602 0.13239 0.05712 0.02114 ( 1)  0.122
 278 V   0.00000 0.00000 0.00006 0.00343 0.07771 0.91880 ( 6)  0.957
 279 R   0.04847 0.23477 0.34002 0.27125 0.09430 0.01118 ( 3)  0.176
 280 N   0.03901 0.19861 0.31464 0.28987 0.13123 0.02665 ( 3)  0.209
 281 W   0.00000 0.00079 0.01019 0.05414 0.18763 0.74724 ( 6)  0.852
 282 T   0.02510 0.13830 0.25235 0.29126 0.19895 0.09404 ( 4)  0.298
 283 D   0.41851 0.31069 0.18095 0.07489 0.01409 0.00086 ( 1)  0.066
 284 S   0.30337 0.26439 0.20593 0.13682 0.06285 0.02664 ( 1)  0.130
 285 I   0.00002 0.00381 0.04144 0.16708 0.34417 0.44348 ( 6)  0.654
 286 L   0.27108 0.24420 0.20198 0.14807 0.08203 0.05263 ( 1)  0.167
 287 T   0.00000 0.00001 0.00071 0.01237 0.11268 0.87422 ( 6)  0.931
 288 L   0.00000 0.00000 0.00004 0.00161 0.03613 0.96222 ( 6)  0.980
 289 L   0.29252 0.25780 0.20497 0.14094 0.06928 0.03449 ( 1)  0.142
 290 H   0.00000 0.00039 0.01038 0.07910 0.28759 0.62254 ( 6)  0.781
 291 S   0.38908 0.30270 0.19199 0.09136 0.02242 0.00246 ( 1)  0.077
 292 K   0.00134 0.04520 0.18271 0.33752 0.30150 0.13173 ( 4)  0.383
 293 D   0.00004 0.00932 0.08880 0.28892 0.39775 0.21516 ( 5)  0.488
 294 L   0.01825 0.10429 0.20362 0.26359 0.22644 0.18381 ( 4)  0.387
 295 R   0.39205 0.30367 0.19103 0.08965 0.02140 0.00220 ( 1)  0.075
 296 A   0.02544 0.13955 0.25289 0.28973 0.19714 0.09524 ( 4)  0.299
 297 I   0.03414 0.17837 0.29619 0.29458 0.15402 0.04270 ( 3)  0.234
 298 P   0.32165 0.27453 0.20586 0.12852 0.05242 0.01703 ( 1)  0.114
 299 E   0.40069 0.30608 0.18784 0.08479 0.01889 0.00171 ( 1)  0.072
 300 A   0.39176 0.30364 0.19119 0.08981 0.02143 0.00218 ( 1)  0.075
 301 E   0.44520 0.31540 0.16892 0.06114 0.00901 0.00034 ( 1)  0.059
 302 I   0.37481 0.29787 0.19636 0.09952 0.02752 0.00393 ( 1)  0.083
 303 G   0.40495 0.30732 0.18633 0.08238 0.01759 0.00142 ( 1)  0.071
 304 L   0.29608 0.26000 0.20536 0.13966 0.06717 0.03174 ( 1)  0.138
 305 A   0.38877 0.30271 0.19219 0.09152 0.02241 0.00241 ( 1)  0.077
 306 V   0.35564 0.29048 0.20117 0.11041 0.03540 0.00690 ( 1)  0.092
 307 L   0.00056 0.02054 0.09596 0.22424 0.31109 0.34760 ( 6)  0.564
 308 F   0.34085 0.28403 0.20393 0.11861 0.04231 0.01027 ( 1)  0.101
 309 M   0.00169 0.05646 0.22106 0.37848 0.27625 0.06606 ( 4)  0.321
 310 S   0.33186 0.27968 0.20497 0.12332 0.04696 0.01321 ( 1)  0.107
 311 T   0.40568 0.30745 0.18599 0.08199 0.01746 0.00143 ( 1)  0.071
 312 E   0.44520 0.31540 0.16892 0.06114 0.00901 0.00034 ( 1)  0.059
 313 R   0.00000 0.00007 0.00425 0.05467 0.28355 0.65746 ( 6)  0.807
 314 Y   0.00045 0.01679 0.08066 0.19727 0.29868 0.40615 ( 6)  0.608
 315 C   0.33229 0.27990 0.20495 0.12311 0.04672 0.01303 ( 1)  0.107
 316 N   0.40419 0.30711 0.18661 0.08281 0.01781 0.00147 ( 1)  0.071
 317 P   0.32043 0.27386 0.20588 0.12908 0.05311 0.01764 ( 1)  0.116
 318 R   0.00000 0.00000 0.00035 0.00681 0.07659 0.91624 ( 6)  0.955
 319 K   0.00137 0.04590 0.18467 0.33888 0.29972 0.12947 ( 4)  0.381
 320 Q   0.00019 0.00753 0.04151 0.12370 0.25487 0.57221 ( 6)  0.730
 321 P   0.00000 0.00000 0.00009 0.00242 0.04249 0.95500 ( 6)  0.976
 322 G   0.00000 0.00000 0.00002 0.00104 0.03364 0.96530 ( 6)  0.982
 323 D   0.00000 0.00000 0.00002 0.00127 0.03824 0.96047 ( 6)  0.979
 324 A   0.00060 0.02175 0.10085 0.23262 0.31445 0.32972 ( 6)  0.551
 325 A   0.00000 0.00000 0.00000 0.00032 0.01922 0.98046 ( 6)  0.990
 326 S   0.00000 0.00000 0.00007 0.00247 0.04800 0.94946 ( 6)  0.973
 327 K   0.00000 0.00000 0.00000 0.00006 0.00921 0.99074 ( 6)  0.995
 328 A   0.00000 0.00051 0.01339 0.09741 0.32331 0.56538 ( 6)  0.746
 329 A   0.00000 0.00000 0.00009 0.00310 0.05610 0.94071 ( 6)  0.968
 330 G   0.00001 0.00214 0.02490 0.11218 0.28485 0.57592 ( 6)  0.743
 331 P   0.00000 0.00001 0.00052 0.00942 0.09353 0.89652 ( 6)  0.944
 332 A   0.00000 0.00000 0.00000 0.00032 0.01496 0.98472 ( 6)  0.992
 333 I   0.00000 0.00000 0.00015 0.00494 0.07613 0.91877 ( 6)  0.956
 334 S   0.32386 0.27562 0.20563 0.12736 0.05125 0.01628 ( 1)  0.113
 335 Q   0.01982 0.11224 0.21562 0.27173 0.22150 0.15910 ( 4)  0.364
 336 S   0.04615 0.22648 0.33556 0.27705 0.10177 0.01298 ( 3)  0.182
 337 L   0.01487 0.08676 0.17590 0.24218 0.23395 0.24633 ( 6)  0.443
 338 A   0.00056 0.02049 0.09586 0.22431 0.31163 0.34715 ( 6)  0.564
 339 V   0.34245 0.28470 0.20359 0.11770 0.04159 0.00996 ( 1)  0.100
 340 D   0.00000 0.00011 0.00393 0.04259 0.22802 0.72536 ( 6)  0.845
 341 E   0.05496 0.25776 0.35210 0.25528 0.07402 0.00589 ( 3)  0.160
 342 T   0.33750 0.28238 0.20427 0.12034 0.04407 0.01143 ( 1)  0.103
 343 V   0.00000 0.00000 0.00009 0.00453 0.09088 0.90450 ( 6)  0.949
 344 V   0.00007 0.01454 0.12732 0.36064 0.38158 0.11585 ( 5)  0.403
 345 P   0.00000 0.00022 0.00633 0.05290 0.22850 0.71205 ( 6)  0.835
 346 -   0.00000 0.00000 0.00036 0.00697 0.07733 0.91533 ( 6)  0.954
 347 A   0.00012 0.00573 0.03762 0.12852 0.28127 0.54674 ( 6)  0.718
 348 T   0.00000 0.00000 0.00002 0.00077 0.02502 0.97419 ( 6)  0.986
 349 V   0.00000 0.00040 0.01108 0.08613 0.31128 0.59110 ( 6)  0.763
 350 E   0.00000 0.00000 0.00000 0.00000 0.00115 0.99885 ( 6)  0.999
 351 S   0.03855 0.19681 0.31323 0.29065 0.13319 0.02757 ( 3)  0.211
 352 A   0.00000 0.00041 0.01092 0.08221 0.29276 0.61370 ( 6)  0.775
 353 A   0.00000 0.00000 0.00000 0.00002 0.00397 0.99600 ( 6)  0.998
 354 Y   0.00000 0.00015 0.00431 0.03834 0.18683 0.77038 ( 6)  0.870
 355 V   0.00000 0.00006 0.00362 0.04787 0.26243 0.68603 ( 6)  0.824
 356 A   0.34360 0.28528 0.20348 0.11710 0.04098 0.00956 ( 1)  0.099
 357 D   0.41673 0.31025 0.18166 0.07588 0.01455 0.00093 ( 1)  0.067
 358 T   0.41203 0.30911 0.18355 0.07846 0.01574 0.00112 ( 1)  0.068
 359 Q   0.00207 0.06599 0.24169 0.38046 0.25187 0.05792 ( 4)  0.305
 360 E   0.38467 0.30132 0.19346 0.09387 0.02387 0.00282 ( 1)  0.078
 361 P   0.00000 0.00108 0.01347 0.06822 0.21570 0.70153 ( 6)  0.823
 362 A   0.00000 0.00066 0.01667 0.11541 0.35041 0.51685 ( 6)  0.715
 363 C   0.00001 0.00274 0.03107 0.13377 0.31152 0.52089 ( 6)  0.707
 364 T   0.00001 0.00131 0.01666 0.08480 0.25515 0.64207 ( 6)  0.787
 365 P   0.00000 0.00000 0.00017 0.00374 0.05091 0.94518 ( 6)  0.970
 366 Q   0.00000 0.00000 0.00012 0.00277 0.04380 0.95331 ( 6)  0.975
 367 I   0.00000 0.00000 0.00003 0.00176 0.04864 0.94958 ( 6)  0.973
 368 D   0.00000 0.00000 0.00000 0.00048 0.02477 0.97474 ( 6)  0.987
 369 R   0.00000 0.00121 0.02811 0.17171 0.41456 0.38441 ( 5)  0.628
 370 K   0.00000 0.00000 0.00009 0.00318 0.05688 0.93984 ( 6)  0.968
 371 G   0.00000 0.00000 0.00000 0.00002 0.00385 0.99614 ( 6)  0.998
 372 K   0.00000 0.00159 0.03550 0.20263 0.43453 0.32575 ( 5)  0.588
 373 T   0.00000 0.00000 0.00003 0.00210 0.05706 0.94081 ( 6)  0.969
 374 A   0.00062 0.02237 0.10327 0.23658 0.31566 0.32151 ( 6)  0.544
 375 F   0.00058 0.02100 0.09790 0.22786 0.31313 0.33953 ( 6)  0.558
 376 Q   0.00000 0.00006 0.00204 0.02056 0.12627 0.85105 ( 6)  0.917
 377 D   0.00000 0.00058 0.01475 0.10483 0.33410 0.54574 ( 6)  0.733
 378 I   0.00000 0.00000 0.00000 0.00018 0.01563 0.98419 ( 6)  0.992
 379 T   0.00000 0.00000 0.00021 0.00445 0.05712 0.93821 ( 6)  0.967
 380 T   0.00000 0.00000 0.00000 0.00012 0.00983 0.99004 ( 6)  0.995
 381 V   0.00000 0.00000 0.00020 0.00613 0.08783 0.90584 ( 6)  0.949
 382 K   0.04019 0.20322 0.31804 0.28765 0.12634 0.02455 ( 3)  0.205
 383 E   0.00208 0.06616 0.24161 0.37922 0.25128 0.05966 ( 4)  0.306
 384 K   0.00000 0.00000 0.00032 0.00911 0.11433 0.87624 ( 6)  0.933
 385 P   0.00001 0.00209 0.02445 0.11072 0.28341 0.57932 ( 6)  0.745
 386 N   0.00000 0.00032 0.00867 0.06815 0.26338 0.65948 ( 6)  0.803
 387 I   0.00004 0.00804 0.07849 0.26567 0.39458 0.25317 ( 5)  0.517
 388 S   0.41715 0.31035 0.18149 0.07565 0.01444 0.00092 ( 1)  0.067
 389 G   0.00001 0.00154 0.01857 0.08864 0.25086 0.64039 ( 6)  0.784
 390 H   0.00000 0.00000 0.00014 0.00455 0.07244 0.92286 ( 6)  0.959
 391 V   0.00000 0.00044 0.01165 0.08677 0.30221 0.59893 ( 6)  0.766
 392 N   0.00220 0.06970 0.25094 0.38437 0.24219 0.05059 ( 4)  0.295
 393 A   0.00000 0.00009 0.00342 0.03821 0.21409 0.74419 ( 6)  0.856
 394 G   0.40495 0.30732 0.18633 0.08238 0.01759 0.00142 ( 1)  0.071
 395 T   0.00000 0.00004 0.00285 0.03935 0.23374 0.72402 ( 6)  0.846
 396 L   0.00028 0.01057 0.05373 0.14429 0.26119 0.52994 ( 6)  0.697
 397 N   0.04190 0.21001 0.32346 0.28496 0.11902 0.02065 ( 3)  0.198
 398 K   0.00241 0.07526 0.26444 0.38941 0.22790 0.04059 ( 4)  0.281
 399 T   0.41597 0.31003 0.18194 0.07631 0.01478 0.00098 ( 1)  0.067
 400 S   0.00000 0.00009 0.00284 0.02717 0.15115 0.81874 ( 6)  0.898
 401 G   0.00000 0.00000 0.00010 0.00340 0.05975 0.93675 ( 6)  0.966
 402 F   0.00000 0.00116 0.01501 0.07818 0.24472 0.66092 ( 6)  0.799
 403 S   0.41125 0.30895 0.18388 0.07888 0.01590 0.00113 ( 1)  0.069
 404 Q   0.03006 0.16067 0.27780 0.29497 0.17417 0.06233 ( 4)  0.260
 405 K   0.00264 0.08110 0.27699 0.39081 0.21361 0.03484 ( 4)  0.271
 406 S   0.04562 0.22447 0.33420 0.27817 0.10381 0.01374 ( 3)  0.184
 407 Q   0.00000 0.00001 0.00099 0.01632 0.13514 0.84753 ( 6)  0.916
 408 P   0.00000 0.00008 0.00259 0.02516 0.14391 0.82825 ( 6)  0.904
 409 L   0.00000 0.00000 0.00002 0.00076 0.02237 0.97685 ( 6)  0.988
 410 S   0.33597 0.28160 0.20438 0.12110 0.04489 0.01205 ( 1)  0.104
 411 P   0.36661 0.29498 0.19875 0.10422 0.03058 0.00486 ( 1)  0.086
 412 C   0.00000 0.00009 0.00284 0.02714 0.15107 0.81887 ( 6)  0.898
 413 K   0.00279 0.08478 0.28514 0.39236 0.20467 0.03025 ( 4)  0.263
 414 F   0.00000 0.00000 0.00002 0.00120 0.03685 0.96193 ( 6)  0.980
 415 S   0.00000 0.00000 0.00037 0.00712 0.07801 0.91450 ( 6)  0.954
 416 E   0.44520 0.31540 0.16892 0.06114 0.00901 0.00034 ( 1)  0.059
 417 V   0.00039 0.01463 0.07270 0.18606 0.29907 0.42715 ( 6)  0.625
 418 A   0.00000 0.00001 0.00081 0.01375 0.12103 0.86441 ( 6)  0.926
 419 K   0.45716 0.31667 0.16302 0.05552 0.00739 0.00024 ( 1)  0.056
 420 A   0.00000 0.00114 0.01415 0.07105 0.22111 0.69256 ( 6)  0.818
 421 R   0.00000 0.00000 0.00001 0.00069 0.03119 0.96811 ( 6)  0.983
 422 E   0.00103 0.03583 0.15220 0.30473 0.31639 0.18982 ( 5)  0.436
 423 S   0.00000 0.00000 0.00000 0.00001 0.00336 0.99663 ( 6)  0.998
 424 A   0.00056 0.02055 0.09607 0.22461 0.31162 0.34659 ( 6)  0.563
 425 S   0.00000 0.00001 0.00046 0.00859 0.08859 0.90235 ( 6)  0.947
 426 H   0.00000 0.00000 0.00001 0.00070 0.02561 0.97369 ( 6)  0.986
 427 Q   0.00001 0.00178 0.02117 0.09861 0.26627 0.61216 ( 6)  0.766
 428 Q   0.31649 0.27170 0.20594 0.13091 0.05534 0.01962 ( 1)  0.119
 429 S   0.00000 0.00008 0.00263 0.02544 0.14488 0.82696 ( 6)  0.903
 430 Y   0.04108 0.20690 0.32142 0.28680 0.12216 0.02165 ( 3)  0.200
 431 S   0.02200 0.12294 0.23061 0.27968 0.21251 0.13227 ( 4)  0.337
 432 I   0.37921 0.29945 0.19511 0.09700 0.02584 0.00339 ( 1)  0.081
 433 T   0.00004 0.00764 0.07514 0.25748 0.39206 0.26764 ( 5)  0.528
 434 D   0.05094 0.24381 0.34541 0.26555 0.08577 0.00852 ( 3)  0.169
 435 Y   0.32784 0.27758 0.20520 0.12529 0.04916 0.01492 ( 1)  0.110
 436 F   0.34085 0.28403 0.20393 0.11861 0.04231 0.01027 ( 1)  0.101
 437 V   0.03851 0.19659 0.31294 0.29057 0.13348 0.02792 ( 3)  0.211
 438 A   0.02389 0.13218 0.24332 0.28604 0.20443 0.11014 ( 4)  0.314
 439 R   0.04900 0.23674 0.34125 0.27007 0.09240 0.01053 ( 3)  0.175
 440 E   0.00248 0.07707 0.26868 0.39062 0.22327 0.03788 ( 4)  0.277
 441 R   0.05343 0.25249 0.34963 0.25921 0.07840 0.00684 ( 3)  0.163
 442 T   0.00000 0.00000 0.00000 0.00000 0.00084 0.99916 ( 6)  1.000
 443 E   0.00183 0.05968 0.22684 0.37595 0.26797 0.06774 ( 4)  0.319
 444 E   0.00002 0.00523 0.05937 0.23676 0.41351 0.28510 ( 5)  0.548
 445 A   0.00000 0.00000 0.00005 0.00180 0.03831 0.95984 ( 6)  0.979
 446 G   0.00000 0.00000 0.00075 0.01870 0.18102 0.79953 ( 6)  0.891
 447 E   0.44458 0.31531 0.16921 0.06145 0.00912 0.00035 ( 1)  0.059
 448 T   0.40534 0.30742 0.18617 0.08216 0.01749 0.00142 ( 1)  0.071
 449 S   0.33303 0.28025 0.20485 0.12272 0.04635 0.01280 ( 1)  0.106
 450 V   0.00003 0.00607 0.06193 0.22525 0.38234 0.32439 ( 5)  0.570
 451 P   0.00000 0.00004 0.00140 0.01492 0.10249 0.88115 ( 6)  0.934
 452 K   0.45702 0.31665 0.16309 0.05559 0.00741 0.00024 ( 1)  0.056
 453 L   0.00046 0.01693 0.08130 0.19863 0.29979 0.40289 ( 6)  0.606
 454 A   0.00000 0.00040 0.01074 0.08149 0.29296 0.61441 ( 6)  0.776
 455 K   0.00276 0.08414 0.28370 0.39207 0.20625 0.03108 ( 4)  0.265
 456 L   0.01357 0.07978 0.16400 0.23117 0.23419 0.27729 ( 6)  0.470
 457 E   0.00113 0.03879 0.16224 0.31666 0.31307 0.16811 ( 4)  0.417
 458 G   0.00001 0.00267 0.03109 0.13780 0.32477 0.50366 ( 6)  0.697
 459 L   0.00042 0.01557 0.07510 0.18548 0.28888 0.43454 ( 6)  0.628
 460 S   0.00000 0.00087 0.01111 0.05806 0.19535 0.73460 ( 6)  0.844
 461 P   0.00000 0.00000 0.00030 0.00600 0.07005 0.92364 ( 6)  0.959
 462 V   0.00000 0.00043 0.00649 0.04157 0.17516 0.77635 ( 6)  0.871
 463 F   0.00000 0.00004 0.00134 0.01442 0.10024 0.88395 ( 6)  0.936
 464 K   0.00139 0.04670 0.18705 0.34082 0.29783 0.12620 ( 4)  0.377
 465 Q   0.00000 0.00000 0.00000 0.00014 0.01086 0.98900 ( 6)  0.994
 466 T   0.00000 0.00019 0.00551 0.04720 0.21318 0.73391 ( 6)  0.848
 467 R   0.00004 0.00945 0.08982 0.29114 0.39785 0.21170 ( 5)  0.485
 468 P   0.00000 0.00000 0.00016 0.00353 0.04905 0.94725 ( 6)  0.972
 469 T   0.00000 0.00000 0.00028 0.00820 0.10646 0.88505 ( 6)  0.938
 470 A   0.00000 0.00001 0.00055 0.00997 0.09801 0.89146 ( 6)  0.941
 471 S   0.00001 0.00156 0.01873 0.08903 0.25052 0.64015 ( 6)  0.784
 472 S   0.00000 0.00001 0.00040 0.00755 0.08111 0.91093 ( 6)  0.952
 473 V   0.00000 0.00000 0.00000 0.00017 0.01216 0.98767 ( 6)  0.994
 474 G   0.00000 0.00000 0.00000 0.00034 0.01561 0.98405 ( 6)  0.992
 475 S   0.00000 0.00004 0.00271 0.03761 0.22638 0.73326 ( 6)  0.851
 476 V   0.00000 0.00004 0.00259 0.03652 0.22417 0.73668 ( 6)  0.853
 477 K   0.05438 0.25578 0.35121 0.25679 0.07563 0.00621 ( 3)  0.161
 478 E   0.00006 0.01186 0.10776 0.32519 0.39131 0.16383 ( 5)  0.445
 479 *   0.00000 0.00023 0.00392 0.02806 0.13910 0.82869 ( 6)  0.903
 480 H   0.00000 0.00000 0.00035 0.00848 0.10267 0.88849 ( 6)  0.940
 481 Q   0.00001 0.00203 0.02358 0.10625 0.27330 0.59483 ( 6)  0.755
 482 K   0.03998 0.20237 0.31740 0.28803 0.12725 0.02498 ( 3)  0.205
 483 E   0.00000 0.00000 0.00011 0.00542 0.10023 0.89424 ( 6)  0.944
 484 N   0.04931 0.23783 0.34180 0.26929 0.09145 0.01032 ( 3)  0.174
 485 T   0.00000 0.00017 0.00548 0.05094 0.23927 0.70414 ( 6)  0.832
 486 I   0.00000 0.00077 0.00996 0.05294 0.18427 0.75205 ( 6)  0.854
 487 L   0.00000 0.00001 0.00044 0.00557 0.05310 0.94088 ( 6)  0.968
 488 H   0.00000 0.00118 0.01461 0.07287 0.22410 0.68724 ( 6)  0.814
 489 K   0.00000 0.00000 0.00003 0.00113 0.02835 0.97049 ( 6)  0.984
 490 K   0.00071 0.02554 0.11485 0.25273 0.31545 0.29072 ( 5)  0.519
 491 I   0.00000 0.00000 0.00008 0.00414 0.08275 0.91304 ( 6)  0.954
 492 K   0.00000 0.00028 0.00784 0.06277 0.25116 0.67795 ( 6)  0.814
 493 -   0.00022 0.00836 0.04183 0.11261 0.22139 0.61558 ( 6)  0.755
 494 K   0.00007 0.01409 0.12343 0.35151 0.38089 0.13001 ( 5)  0.414
 495 P   0.00000 0.00000 0.00005 0.00182 0.03898 0.95915 ( 6)  0.978
 496 A   0.00000 0.00000 0.00024 0.00733 0.09943 0.89300 ( 6)  0.942
 497 N   0.00004 0.00807 0.07892 0.26744 0.39653 0.24900 ( 5)  0.514
 498 D   0.00182 0.05916 0.22391 0.37133 0.26978 0.07400 ( 4)  0.324
 499 K   0.00266 0.08145 0.27781 0.39105 0.21274 0.03430 ( 4)  0.270
 500 M   0.00000 0.00000 0.00038 0.00879 0.10353 0.88729 ( 6)  0.939
 501 D   0.00002 0.00478 0.05053 0.19427 0.36551 0.38489 ( 6)  0.614
 502 N   0.00000 0.00001 0.00102 0.01669 0.13638 0.84589 ( 6)  0.915
 503 -   0.00000 0.00086 0.02069 0.13440 0.36852 0.47553 ( 6)  0.687
 504 -   0.00000 0.00122 0.01496 0.07335 0.22125 0.68922 ( 6)  0.815
 505 -   0.00001 0.00163 0.01946 0.09178 0.25468 0.63245 ( 6)  0.779
 506 -   0.00000 0.00000 0.00012 0.00274 0.04268 0.95446 ( 6)  0.976
 507 N   0.00000 0.00085 0.02083 0.13739 0.38065 0.46027 ( 6)  0.679
 508 E   0.44520 0.31540 0.16892 0.06114 0.00901 0.00034 ( 1)  0.059
 509 K   0.00000 0.00000 0.00050 0.01341 0.14627 0.83981 ( 6)  0.913
 510 Q   0.00000 0.00001 0.00093 0.01550 0.13081 0.85275 ( 6)  0.919
 511 A   0.00133 0.04506 0.18263 0.33849 0.30288 0.12961 ( 4)  0.382
 512 P   0.00000 0.00001 0.00085 0.01433 0.12437 0.86044 ( 6)  0.924
 513 K   0.04039 0.20400 0.31866 0.28732 0.12550 0.02412 ( 3)  0.204
 514 K   0.04448 0.21979 0.33011 0.27963 0.10914 0.01685 ( 3)  0.189
 515 R   0.05352 0.25280 0.34975 0.25896 0.07816 0.00680 ( 3)  0.163
 516 K   0.40004 0.30586 0.18804 0.08516 0.01913 0.00177 ( 1)  0.073
 517 E   0.40098 0.30625 0.18782 0.08460 0.01871 0.00164 ( 1)  0.072
 518 M   0.00000 0.00117 0.01449 0.07206 0.22132 0.69096 ( 6)  0.816
 519 E   0.00000 0.00083 0.02039 0.13533 0.37890 0.46455 ( 6)  0.682
 520 D   0.00175 0.05717 0.21835 0.36751 0.27476 0.08045 ( 4)  0.332
 521 L   0.00000 0.00000 0.00033 0.00651 0.07350 0.91966 ( 6)  0.956
 522 S   0.00001 0.00150 0.01813 0.08693 0.24806 0.64537 ( 6)  0.788
 523 E   0.00241 0.07531 0.26453 0.38937 0.22776 0.04061 ( 4)  0.281
 524 D   0.00004 0.00898 0.08621 0.28379 0.39849 0.22249 ( 5)  0.494
 525 T   0.00000 0.00000 0.00006 0.00314 0.07025 0.92655 ( 6)  0.961
 526 E   0.04071 0.20546 0.32029 0.28740 0.12371 0.02242 ( 3)  0.202
 527 A   0.00000 0.00039 0.01034 0.07896 0.28768 0.62263 ( 6)  0.781
 528 L   0.31795 0.27245 0.20583 0.13017 0.05455 0.01904 ( 1)  0.118
 529 E   0.43715 0.31414 0.17265 0.06518 0.01041 0.00046 ( 1)  0.061
 530 I   0.00118 0.04045 0.16767 0.32256 0.31046 0.15768 ( 4)  0.408
 531 V   0.34664 0.28658 0.20288 0.11539 0.03958 0.00894 ( 1)  0.097
 532 F   0.36468 0.29422 0.19921 0.10532 0.03140 0.00517 ( 1)  0.087
 533 G   0.00003 0.00650 0.06557 0.23416 0.38500 0.30874 ( 5)  0.559
 534 S   0.00122 0.04152 0.17131 0.32689 0.30922 0.14984 ( 4)  0.401
 535 R   0.00005 0.00972 0.09162 0.29338 0.39476 0.21047 ( 5)  0.483
 536 D   0.00112 0.03853 0.16147 0.31608 0.31380 0.16900 ( 4)  0.418
 537 L   0.00000 0.00012 0.00366 0.03355 0.17236 0.79030 ( 6)  0.881
 538 D   0.03470 0.18089 0.29897 0.29481 0.15115 0.03948 ( 3)  0.230
 539 W   0.29942 0.26208 0.20573 0.13846 0.06517 0.02914 ( 1)  0.134
 540 K   0.00000 0.00139 0.03182 0.18884 0.43055 0.34740 ( 5)  0.604
 541 D   0.00000 0.00000 0.00001 0.00066 0.03071 0.96863 ( 6)  0.983
 542 D   0.00001 0.00316 0.03512 0.14693 0.32481 0.48997 ( 6)  0.686
 543 T   0.00000 0.00000 0.00000 0.00052 0.02786 0.97162 ( 6)  0.985
 544 G   0.00000 0.00002 0.00147 0.02272 0.16692 0.80888 ( 6)  0.894
 545 G   0.00000 0.00004 0.00235 0.03375 0.21402 0.74984 ( 6)  0.861
 546 H   0.00000 0.00000 0.00000 0.00008 0.00920 0.99072 ( 6)  0.995
 547 G   0.00000 0.00026 0.00727 0.05934 0.24482 0.68832 ( 6)  0.821
 548 Q   0.31400 0.27037 0.20602 0.13209 0.05673 0.02078 ( 1)  0.121
 549 K   0.00006 0.01206 0.10913 0.32741 0.39027 0.16108 ( 5)  0.442
 550 S   0.00001 0.00144 0.01747 0.08436 0.24387 0.65285 ( 6)  0.792
 551 Q   0.02776 0.15021 0.26567 0.29277 0.18563 0.07796 ( 4)  0.279
 552 G   0.00000 0.00019 0.00538 0.04622 0.21031 0.73791 ( 6)  0.851
 553 N   0.00004 0.00796 0.07765 0.26271 0.39173 0.25991 ( 5)  0.522
 554 M   0.00000 0.00000 0.00005 0.00293 0.06515 0.93187 ( 6)  0.964
 555 Q   0.00000 0.00004 0.00138 0.01490 0.10317 0.88051 ( 6)  0.934
 556 K   0.00233 0.07286 0.25763 0.38470 0.23412 0.04836 ( 4)  0.290
 557 K   0.05383 0.25349 0.34929 0.25778 0.07829 0.00733 ( 3)  0.163
 558 R   0.00000 0.00000 0.00002 0.00112 0.03709 0.96177 ( 6)  0.980
 559 C   0.02979 0.15947 0.27657 0.29502 0.17556 0.06359 ( 4)  0.262
 560 L   0.29032 0.25642 0.20469 0.14169 0.07058 0.03629 ( 1)  0.144
 561 E   0.44520 0.31540 0.16892 0.06114 0.00901 0.00034 ( 1)  0.059
 562 A   0.00000 0.00000 0.00003 0.00132 0.03154 0.96710 ( 6)  0.983
 563 R   0.00000 0.00016 0.00887 0.09743 0.38091 0.51263 ( 6)  0.720
 564 G   0.00000 0.00000 0.00004 0.00221 0.05559 0.94216 ( 6)  0.969
 565 S   0.00000 0.00035 0.00940 0.07314 0.27581 0.64130 ( 6)  0.792
 566 R   0.00000 0.00065 0.01628 0.11258 0.34324 0.52725 ( 6)  0.721
 567 T   0.00000 0.00001 0.00064 0.01164 0.11156 0.87615 ( 6)  0.932
 568 E   0.00000 0.00051 0.01323 0.09535 0.31449 0.57641 ( 6)  0.752
 569 E   0.00252 0.07797 0.27079 0.39127 0.22098 0.03647 ( 4)  0.275
 570 N   0.00000 0.00118 0.02767 0.16993 0.41368 0.38754 ( 5)  0.631
 571 A   0.00000 0.00000 0.00004 0.00220 0.05556 0.94220 ( 6)  0.969
 572 T   0.00000 0.00029 0.00808 0.06522 0.26258 0.66383 ( 6)  0.806
 573 A   0.00045 0.01660 0.07992 0.19608 0.29836 0.40859 ( 6)  0.610
 574 R   0.00000 0.00003 0.00218 0.03342 0.22172 0.74265 ( 6)  0.857
 575 E   0.00114 0.03916 0.16346 0.31798 0.31246 0.16579 ( 4)  0.415
 576 E   0.00002 0.00468 0.04950 0.19098 0.36240 0.39242 ( 6)  0.619
 577 S   0.00215 0.06826 0.24772 0.38384 0.24598 0.05204 ( 4)  0.297
 578 K   0.00007 0.01403 0.12308 0.35107 0.38135 0.13039 ( 5)  0.415
 579 I   0.00000 0.00000 0.00000 0.00018 0.01601 0.98381 ( 6)  0.992
 580 Q   0.00023 0.00888 0.04608 0.12793 0.24645 0.57043 ( 6)  0.726
 581 K   0.00006 0.01248 0.11206 0.33201 0.38770 0.15569 ( 5)  0.437
 582 E   0.00224 0.07053 0.25282 0.38479 0.24008 0.04956 ( 4)  0.293
 583 E   0.00000 0.00000 0.00004 0.00207 0.05324 0.94465 ( 6)  0.971
 584 E   0.00000 0.00118 0.02768 0.16960 0.41222 0.38931 ( 5)  0.632
 585 H   0.00000 0.00008 0.00248 0.02424 0.14049 0.83270 ( 6)  0.906
 586 G   0.00003 0.00653 0.06582 0.23506 0.38597 0.30660 ( 5)  0.557
 587 S   0.33382 0.28051 0.20456 0.12219 0.04605 0.01287 ( 1)  0.106
 588 V   0.00000 0.00014 0.00407 0.03664 0.18220 0.77695 ( 6)  0.874
 589 L   0.00027 0.01039 0.05317 0.14392 0.26280 0.52946 ( 6)  0.697
 590 T   0.00001 0.00244 0.02795 0.12280 0.29777 0.54904 ( 6)  0.725
 591 P   0.00000 0.00000 0.00000 0.00033 0.01549 0.98417 ( 6)  0.992
 592 E   0.43940 0.31451 0.17162 0.06404 0.01000 0.00043 ( 1)  0.060
 593 K   0.00000 0.00000 0.00001 0.00080 0.03493 0.96426 ( 6)  0.981
 594 K   0.00007 0.01447 0.12567 0.35354 0.37719 0.12906 ( 5)  0.412
 595 M   0.00000 0.00000 0.00000 0.00001 0.00350 0.99649 ( 6)  0.998
 596 G   0.00000 0.00000 0.00012 0.00411 0.07028 0.92549 ( 6)  0.960
 597 I   0.00058 0.02123 0.09863 0.22849 0.31215 0.33892 ( 6)  0.557
 598 K   0.39770 0.30517 0.18887 0.08649 0.01985 0.00194 ( 1)  0.073
 599 Q   0.00001 0.00328 0.03631 0.15077 0.32862 0.48101 ( 6)  0.680
 600 E   0.03844 0.19618 0.31226 0.29020 0.13403 0.02889 ( 3)  0.212
 601 L   0.00000 0.00000 0.00011 0.00254 0.04085 0.95650 ( 6)  0.977
 602 P   0.00000 0.00015 0.00443 0.03929 0.19031 0.76582 ( 6)  0.867
 603 A   0.00000 0.00000 0.00000 0.00029 0.01422 0.98548 ( 6)  0.992
 604 L   0.00000 0.00000 0.00000 0.00020 0.00932 0.99048 ( 6)  0.995
 605 N   0.00000 0.00014 0.00463 0.04442 0.22097 0.72984 ( 6)  0.847
 606 H   0.00000 0.00001 0.00041 0.00626 0.07010 0.92321 ( 6)  0.958
 607 N   0.00002 0.00476 0.05018 0.19267 0.36283 0.38955 ( 6)  0.617
 608 S   0.00000 0.00000 0.00015 0.00711 0.11816 0.87458 ( 6)  0.933
 609 L   0.00000 0.00000 0.00003 0.00127 0.03063 0.96807 ( 6)  0.983
 610 Q   0.00002 0.00359 0.03918 0.15934 0.33524 0.46264 ( 6)  0.667
 611 D   0.04437 0.21971 0.33097 0.28078 0.10862 0.01555 ( 3)  0.188
 612 D   0.38137 0.30027 0.19455 0.09576 0.02497 0.00309 ( 1)  0.080
 613 S   0.00027 0.01026 0.05248 0.14219 0.26074 0.53406 ( 6)  0.701
 614 S   0.03602 0.18631 0.30371 0.29319 0.14503 0.03574 ( 3)  0.223
 615 H   0.00000 0.00000 0.00007 0.00355 0.07610 0.92028 ( 6)  0.958
 616 L   0.02186 0.12234 0.22997 0.27975 0.21337 0.13270 ( 4)  0.338
 617 P   0.31699 0.27202 0.20600 0.13072 0.05503 0.01923 ( 1)  0.118
 618 S   0.38070 0.30006 0.19477 0.09615 0.02519 0.00314 ( 1)  0.080
 619 R   0.00004 0.00882 0.08446 0.27766 0.39321 0.23582 ( 5)  0.503
 620 L   0.32666 0.27706 0.20542 0.12596 0.04973 0.01516 ( 1)  0.111
 621 L   0.27206 0.24483 0.20215 0.14777 0.08144 0.05175 ( 1)  0.166
 622 L   0.27485 0.24271 0.19549 0.14072 0.08078 0.06545 ( 1)  0.176
 623 T   0.36910 0.29584 0.19800 0.10279 0.02967 0.00460 ( 1)  0.085
 624 E   0.37992 0.29971 0.19491 0.09659 0.02557 0.00330 ( 1)  0.080
 625 F   0.36320 0.29359 0.19952 0.10616 0.03207 0.00547 ( 1)  0.088
 626 R   0.41941 0.31059 0.18033 0.07454 0.01418 0.00095 ( 1)  0.066
 627 S   0.33118 0.27923 0.20487 0.12357 0.04740 0.01375 ( 1)  0.108
 628 L   0.27666 0.24771 0.20269 0.14614 0.07868 0.04813 ( 1)  0.160
 629 V   0.00065 0.02360 0.10796 0.24375 0.31686 0.30717 ( 5)  0.533
 630 V   0.31545 0.27114 0.20596 0.13139 0.05593 0.02012 ( 1)  0.120
 631 S   0.03406 0.17814 0.29626 0.29513 0.15430 0.04211 ( 3)  0.233
 632 Q   0.00000 0.00002 0.00125 0.01983 0.15306 0.82585 ( 6)  0.904
 633 A   0.02975 0.15932 0.27651 0.29520 0.17576 0.06345 ( 4)  0.262
 634 R   0.43535 0.31382 0.17346 0.06612 0.01076 0.00050 ( 1)  0.061
 635 P   0.00000 0.00000 0.00004 0.00141 0.03295 0.96561 ( 6)  0.982
 636 N   0.00000 0.00050 0.01312 0.09549 0.31825 0.57263 ( 6)  0.750
 637 S   0.04237 0.21202 0.32542 0.28463 0.11664 0.01892 ( 3)  0.195
 638 H   0.00000 0.00000 0.00001 0.00057 0.02130 0.97812 ( 6)  0.988
 639 L   0.00000 0.00000 0.00004 0.00147 0.03397 0.96452 ( 6)  0.981
 640 F   0.00000 0.00000 0.00000 0.00016 0.01178 0.98805 ( 6)  0.994
 641 T   0.00000 0.00001 0.00076 0.01336 0.12116 0.86471 ( 6)  0.926
 642 N   0.42849 0.31260 0.17655 0.06965 0.01207 0.00064 ( 1)  0.063
 643 T   0.00001 0.00140 0.01707 0.08265 0.24058 0.65830 ( 6)  0.796
 644 R   0.00000 0.00001 0.00058 0.01133 0.11455 0.87353 ( 6)  0.931
 645 Y   0.00000 0.00011 0.00332 0.03089 0.16362 0.80206 ( 6)  0.888
 646 G   0.00075 0.02684 0.12021 0.26227 0.31979 0.27015 ( 5)  0.503
 647 G   0.39809 0.30541 0.18886 0.08624 0.01958 0.00182 ( 1)  0.073
 648 Q   0.02830 0.15267 0.26859 0.29342 0.18298 0.07404 ( 4)  0.274
 649 K   0.05098 0.24361 0.34448 0.26490 0.08663 0.00939 ( 3)  0.170
 650 N   0.42901 0.31270 0.17632 0.06938 0.01197 0.00063 ( 1)  0.063
 651 F   0.33671 0.28207 0.20447 0.12081 0.04441 0.01153 ( 1)  0.104
 652 K   0.44017 0.31448 0.17116 0.06374 0.01000 0.00045 ( 1)  0.060
 653 T   0.00000 0.00000 0.00000 0.00024 0.01632 0.98344 ( 6)  0.991
 654 F   0.33714 0.28226 0.20439 0.12057 0.04421 0.01143 ( 1)  0.103
 655 K   0.00007 0.01355 0.11926 0.34307 0.38160 0.14245 ( 5)  0.424
 656 K   0.39433 0.30420 0.19007 0.08838 0.02086 0.00215 ( 1)  0.075
 657 V   0.37623 0.29841 0.19600 0.09871 0.02694 0.00372 ( 1)  0.082
 658 A   0.00000 0.00000 0.00036 0.00688 0.07675 0.91602 ( 6)  0.954
 659 Y   0.34670 0.28651 0.20273 0.11531 0.03965 0.00910 ( 1)  0.098
 660 P   0.35301 0.28942 0.20178 0.11190 0.03654 0.00736 ( 1)  0.094
 661 G   0.34789 0.28717 0.20271 0.11473 0.03895 0.00855 ( 1)  0.097
 662 S   0.03340 0.17532 0.29344 0.29539 0.15754 0.04492 ( 4)  0.237
 663 G   0.39602 0.30480 0.18959 0.08742 0.02022 0.00196 ( 1)  0.074
 664 Q   0.35639 0.29078 0.20100 0.10998 0.03508 0.00677 ( 1)  0.092
 665 L   0.32692 0.27719 0.20540 0.12583 0.04960 0.01507 ( 1)  0.111
 666 P   0.35886 0.29188 0.20057 0.10863 0.03390 0.00617 ( 1)  0.090
 667 Y   0.00000 0.00008 0.00242 0.02369 0.13802 0.83579 ( 6)  0.908
 668 I   0.37352 0.29729 0.19658 0.10023 0.02814 0.00423 ( 1)  0.083
 669 I   0.37214 0.29691 0.19711 0.10104 0.02853 0.00426 ( 1)  0.084
 670 G   0.39734 0.30519 0.18913 0.08667 0.01981 0.00187 ( 1)  0.073
 671 G   0.03868 0.19725 0.31346 0.29030 0.13277 0.02755 ( 3)  0.210
 672 S   0.33300 0.28009 0.20463 0.12261 0.04649 0.01317 ( 1)  0.107
 673 D   0.41062 0.30881 0.18415 0.07922 0.01605 0.00116 ( 1)  0.069
 674 L   0.29183 0.25746 0.20505 0.14132 0.06967 0.03466 ( 1)  0.142
 675 I   0.00082 0.02919 0.12885 0.27451 0.32017 0.24645 ( 5)  0.484
 676 A   0.33695 0.28215 0.20439 0.12066 0.04432 0.01152 ( 1)  0.103
 677 H   0.02746 0.14895 0.26448 0.29307 0.18723 0.07881 ( 4)  0.280
 678 R   0.00000 0.00032 0.00881 0.06930 0.26723 0.65434 ( 6)  0.800
 679 A   0.02384 0.13194 0.24301 0.28589 0.20464 0.11066 ( 4)  0.315
 680 K   0.00229 0.07200 0.25604 0.38519 0.23628 0.04820 ( 4)  0.291
 681 K   0.03752 0.19238 0.30882 0.29111 0.13828 0.03189 ( 3)  0.217
 682 S   0.00004 0.00954 0.09047 0.29208 0.39698 0.21088 ( 5)  0.484
 683 S   0.33300 0.28009 0.20463 0.12261 0.04649 0.01317 ( 1)  0.107
 684 E   0.38426 0.30113 0.19353 0.09411 0.02407 0.00290 ( 1)  0.079
 685 L   0.31080 0.26852 0.20592 0.13346 0.05860 0.02270 ( 1)  0.124
 686 E   0.43260 0.31333 0.17469 0.06753 0.01129 0.00056 ( 1)  0.062
 687 D   0.00000 0.00000 0.00021 0.00652 0.09208 0.90118 ( 6)  0.947
 688 W   0.29760 0.26099 0.20561 0.13918 0.06625 0.03038 ( 1)  0.136
 689 L   0.31387 0.27015 0.20578 0.13198 0.05690 0.02132 ( 1)  0.121
 690 R   0.00138 0.04636 0.18607 0.34011 0.29867 0.12741 ( 4)  0.379
 691 Q   0.00000 0.00024 0.00674 0.05541 0.23329 0.70433 ( 6)  0.830
 692 E   0.43669 0.31406 0.17286 0.06542 0.01050 0.00047 ( 1)  0.061
 693 L   0.00000 0.00000 0.00017 0.00488 0.07644 0.91850 ( 6)  0.956
 694 E   0.37750 0.29887 0.19562 0.09797 0.02646 0.00357 ( 1)  0.081
 695 E   0.42953 0.31273 0.17604 0.06914 0.01192 0.00063 ( 1)  0.063
 696 Q   0.31537 0.27108 0.20594 0.13141 0.05599 0.02022 ( 1)  0.120
 697 N   0.00158 0.05217 0.20349 0.35507 0.28599 0.10169 ( 4)  0.353
 698 R   0.01891 0.10748 0.20792 0.26547 0.22323 0.17699 ( 4)  0.380
 699 H   0.00000 0.00000 0.00002 0.00102 0.03305 0.96591 ( 6)  0.982
 700 A   0.03641 0.18804 0.30561 0.29330 0.14301 0.03363 ( 3)  0.221
 701 R   0.05000 0.24028 0.34315 0.26764 0.08923 0.00970 ( 3)  0.172
 702 E   0.43530 0.31381 0.17348 0.06614 0.01077 0.00050 ( 1)  0.061
 703 E   0.43669 0.31406 0.17286 0.06542 0.01050 0.00047 ( 1)  0.061
 704 S   0.02204 0.12309 0.23065 0.27938 0.21209 0.13275 ( 4)  0.337
 705 L   0.32643 0.27694 0.20544 0.12608 0.04986 0.01526 ( 1)  0.111
 706 A   0.33729 0.28232 0.20435 0.12048 0.04415 0.01142 ( 1)  0.103
 707 D   0.04346 0.21625 0.32850 0.28255 0.11221 0.01703 ( 3)  0.191
 708 D   0.41062 0.30881 0.18415 0.07922 0.01605 0.00116 ( 1)  0.069
 709 L   0.29561 0.25979 0.20545 0.13995 0.06743 0.03176 ( 1)  0.138
 710 F   0.36130 0.29284 0.19997 0.10723 0.03288 0.00579 ( 1)  0.089
 711 R   0.43042 0.31292 0.17566 0.06867 0.01172 0.00061 ( 1)  0.063
 712 Y   0.35195 0.28884 0.20181 0.11244 0.03716 0.00781 ( 1)  0.094
 713 D   0.41062 0.30881 0.18415 0.07922 0.01605 0.00116 ( 1)  0.069
 714 P   0.31751 0.27229 0.20598 0.13047 0.05474 0.01900 ( 1)  0.118
 715 S   0.00004 0.00934 0.08871 0.28745 0.39508 0.21938 ( 5)  0.490
 716 V   0.33615 0.28172 0.20443 0.12105 0.04478 0.01187 ( 1)  0.104
 717 K   0.44650 0.31532 0.16814 0.06066 0.00901 0.00037 ( 1)  0.059
 718 R   0.39782 0.30534 0.18896 0.08639 0.01966 0.00183 ( 1)  0.073

Positively selected sites

	Prob(w>1)  mean w



lnL = -17257.773157

