

TREE # 1

  0  0.0000  18913.156192  x:  0.04316   0.06751   0.09991   0.01643   0.06184   0.06945   0.08191   0.02843   0.09516   0.06944   0.02824   0.06159   0.07803   0.10734   0.05614   0.04013   0.08565   0.06870   0.08250   0.08134   0.07343   0.06242   0.06537   0.02100   0.10558   0.03120   0.02693   0.03023   0.07681   0.05551   0.05028   0.02198   0.10719   0.08731   0.01709   0.02078   0.06445   0.02412   0.02833   0.04405   0.04370   0.10976   0.02543   0.01855   0.10917   0.02226   0.10371   0.03023   0.07762   0.08535   0.08568   0.08108   0.09813   0.01400   0.09605   2.00000   0.90000   1.11315   1.47997  
  1 99.0000  17725.152887  x:  0.01624   0.05238   0.09534   0.10066   0.05074   0.07156   0.09017   0.00000   0.17955   0.09213   0.04031   0.21290   0.06506   0.11453   0.06957   0.07534   0.11068   0.07713   0.06649   0.09069   0.04772   0.08434   0.04665   0.12447   0.09265   0.19943   0.22767   0.00482   0.14224   0.02568   0.02302   0.12881   0.10211   0.08664   0.26296   0.13130   0.08551   0.10694   0.11829   0.01127   0.02415   0.08734   0.06188   0.03712   0.08242   0.08495   0.07265   0.08418   0.08034   0.07633   0.06684   0.06164   0.08325   0.18993   0.09498   2.00904   0.91005   1.10079   1.48647  
  2 9614.7111  17672.746547  x:  0.00864   0.04872   0.09389   0.09826   0.04638   0.07076   0.09159   0.00000   0.18925   0.09444   0.03840   0.22013   0.06148   0.11649   0.07188   0.07750   0.11407   0.07901   0.06384   0.09330   0.04160   0.08771   0.04257   0.12361   0.09004   0.20067   0.22768   0.00000   0.14947   0.01827   0.01593   0.12829   0.10158   0.08669   0.25976   0.12846   0.08765   0.10638   0.11847   0.00473   0.02311   0.08309   0.06086   0.03525   0.07587   0.08391   0.06427   0.08454   0.08100   0.07603   0.06317   0.05784   0.07980   0.18622   0.09415   2.01130   0.91021   1.09820   1.48739  
  3 1970.7775  17633.414007  x:  0.00000   0.04655   0.09199   0.09658   0.04341   0.06961   0.09336   0.00000   0.19635   0.09385   0.03479   0.22699   0.05714   0.11742   0.07224   0.07887   0.11585   0.07926   0.06148   0.09499   0.03421   0.08907   0.03916   0.12319   0.08758   0.20267   0.22862   0.00000   0.15472   0.01213   0.00814   0.12741   0.10265   0.08755   0.25672   0.12572   0.08887   0.10661   0.11923   0.01681   0.02661   0.07888   0.06041   0.03590   0.06788   0.08364   0.05263   0.08472   0.08095   0.07593   0.05922   0.05388   0.07741   0.18235   0.09350   2.01457   0.91125   1.09430   1.48893  
  4 3112.9341  17581.218084  x:  0.00000   0.04715   0.08391   0.09584   0.04606   0.06435   0.10254   0.00000   0.19627   0.07107   0.01331   0.23729   0.04397   0.11306   0.06386   0.07724   0.11042   0.07098   0.06131   0.09334   0.01219   0.08155   0.04029   0.12488   0.08456   0.21085   0.23614   0.00000   0.15005   0.01663   0.00421   0.12332   0.11515   0.09274   0.24891   0.11960   0.08487   0.11345   0.12580   0.01023   0.02661   0.07034   0.05970   0.04605   0.04064   0.08753   0.00000   0.08342   0.07769   0.07250   0.04943   0.04592   0.07705   0.17106   0.09334   2.03094   0.92004   1.07378   1.49761  
  5 1163.2553  17571.002453  x:  0.00000   0.04705   0.07983   0.09535   0.04674   0.06115   0.10888   0.00000   0.19794   0.05919   0.00328   0.24309   0.03722   0.11103   0.06105   0.07690   0.10810   0.06755   0.06148   0.09299   0.00277   0.07894   0.04063   0.12579   0.08264   0.21557   0.24053   0.00000   0.14801   0.01765   0.00287   0.12114   0.12101   0.09491   0.24442   0.11610   0.08314   0.11668   0.12888   0.00758   0.02740   0.06583   0.05871   0.04949   0.02709   0.08999   0.00666   0.08358   0.07702   0.07126   0.04442   0.04180   0.07652   0.16455   0.09298   2.04125   0.92559   1.06075   1.50312  
  6 940.4298  17560.441614  x:  0.00000   0.04656   0.07492   0.09460   0.04686   0.05581   0.12071   0.00000   0.20270   0.04473   0.01353   0.25116   0.03009   0.10861   0.06047   0.07728   0.10565   0.06491   0.06313   0.09364   0.01086   0.07819   0.04153   0.12709   0.07979   0.22277   0.24735   0.00000   0.14508   0.01768   0.00479   0.11794   0.12795   0.09684   0.23719   0.11078   0.08131   0.12046   0.13230   0.00558   0.02931   0.06038   0.05637   0.05106   0.01234   0.09307   0.00932   0.08364   0.07641   0.07087   0.03876   0.03711   0.07553   0.15435   0.09206   2.05952   0.93516   1.03739   1.51293  
  7 977.7621  17537.539342  x:  0.00000   0.04489   0.06756   0.09400   0.04619   0.04566   0.15459   0.00000   0.21716   0.03888   0.00594   0.26934   0.01234   0.10481   0.06541   0.07857   0.10118   0.06581   0.06744   0.09435   0.02328   0.08085   0.04407   0.13089   0.07317   0.24336   0.26853   0.00000   0.13733   0.01582   0.00936   0.11056   0.14077   0.09832   0.21792   0.09820   0.07898   0.12830   0.13852   0.00265   0.03366   0.05367   0.04884   0.04815   0.04036   0.10013   0.00876   0.08325   0.07596   0.07445   0.03320   0.03211   0.07312   0.12744   0.08908   2.12118   0.96352   0.95784   1.54561  
  8 853.7549  17513.968280  x:  0.00000   0.04469   0.07201   0.09388   0.04674   0.04800   0.17775   0.00000   0.22390   0.05380   0.01409   0.27670   0.02678   0.10545   0.06641   0.07898   0.09939   0.06980   0.06677   0.09037   0.00806   0.07966   0.04590   0.13233   0.07234   0.25838   0.28656   0.00000   0.13308   0.01699   0.00770   0.10650   0.14351   0.09623   0.20097   0.09299   0.08035   0.13007   0.13881   0.00484   0.01325   0.05952   0.05315   0.04024   0.03753   0.09946   0.00844   0.08186   0.07576   0.07629   0.04314   0.03930   0.07303   0.11026   0.08785   2.19356   0.97846   0.86525   1.58093  
  9 930.6206  17499.136339  x:  0.00000   0.04365   0.07635   0.09362   0.04543   0.05157   0.18205   0.00000   0.22418   0.05792   0.01136   0.27604   0.03237   0.10716   0.06568   0.07831   0.10099   0.07161   0.06511   0.08951   0.00798   0.08048   0.04522   0.13202   0.07328   0.26357   0.29425   0.00000   0.13507   0.01583   0.00516   0.10666   0.13955   0.09360   0.19458   0.09404   0.08185   0.12789   0.13636   0.00000   0.02637   0.06428   0.05694   0.03511   0.03094   0.09603   0.00759   0.08132   0.07574   0.07561   0.04802   0.04315   0.07263   0.10834   0.08769   2.23679   0.97463   0.81165   1.59990  
 10 1360.9892  17484.380213  x:  0.00000   0.03817   0.07987   0.09169   0.04151   0.05477   0.18307   0.00000   0.22619   0.05594   0.00000   0.27344   0.03337   0.11005   0.06733   0.07796   0.10587   0.07435   0.06408   0.09113   0.01541   0.08524   0.04476   0.13092   0.07483   0.26721   0.30115   0.00000   0.13970   0.01718   0.01221   0.10878   0.13161   0.08880   0.18877   0.09661   0.08359   0.12451   0.13339   0.00089   0.02492   0.06775   0.05760   0.02544   0.02191   0.09060   0.00592   0.08102   0.07695   0.07090   0.05040   0.04578   0.06966   0.10995   0.08748   2.28715   0.96212   0.75069   1.62059  
 11 2550.4783  17449.322739  x:  0.00000   0.02069   0.08202   0.08323   0.02684   0.05855   0.16900   0.00000   0.22660   0.03384   0.00817   0.26168   0.01255   0.11640   0.06641   0.07405   0.11955   0.07495   0.05756   0.09681   0.00000   0.09515   0.03948   0.12499   0.07777   0.27141   0.31557   0.00000   0.15559   0.02170   0.02833   0.11669   0.10428   0.07596   0.17537   0.10595   0.08452   0.11287   0.12421   0.00083   0.01628   0.06887   0.05089   0.02010   0.02780   0.07460   0.00445   0.08008   0.07947   0.05158   0.04359   0.04305   0.05877   0.12350   0.08683   2.44105   0.89893   0.57104   1.67932  
 12 2552.5768  17439.114137  x:  0.00000   0.02535   0.07972   0.08049   0.02421   0.05711   0.16263   0.00000   0.22828   0.03709   0.00632   0.26048   0.00933   0.11629   0.06519   0.07316   0.12044   0.07292   0.05567   0.09760   0.00470   0.09416   0.03675   0.12286   0.07653   0.27059   0.31699   0.00000   0.15788   0.02027   0.02782   0.11778   0.09816   0.07495   0.17379   0.10669   0.08354   0.11064   0.12259   0.00009   0.00927   0.06503   0.04957   0.03033   0.02743   0.07315   0.00498   0.07961   0.07854   0.05170   0.03981   0.04003   0.05676   0.12654   0.08593   2.48061   0.87721   0.52865   1.69328  
 13 1913.7835  17426.586596  x:  0.00000   0.03310   0.06726   0.07362   0.02499   0.04842   0.15274   0.00000   0.24222   0.04969   0.00604   0.26412   0.02103   0.11272   0.07139   0.07587   0.11883   0.07023   0.05731   0.09801   0.00017   0.09079   0.03598   0.11940   0.07107   0.26456   0.31450   0.00000   0.15262   0.02711   0.04712   0.11893   0.09231   0.07530   0.17711   0.10293   0.07923   0.11300   0.12690   0.00000   0.01272   0.04951   0.04315   0.02744   0.02560   0.07905   0.00459   0.07880   0.07651   0.05735   0.03033   0.03309   0.05129   0.12824   0.08269   2.54379   0.83229   0.47224   1.71318  
 14 1003.6813  17420.954222  x:  0.00000   0.02314   0.06553   0.07254   0.03069   0.05168   0.14648   0.00000   0.25549   0.05337   0.00653   0.27501   0.01618   0.11011   0.06784   0.07966   0.11595   0.07232   0.05865   0.09604   0.00125   0.08703   0.03849   0.11809   0.06835   0.25734   0.30766   0.00000   0.14863   0.03222   0.05419   0.11750   0.09542   0.07808   0.18180   0.09573   0.08171   0.11900   0.13426   0.00009   0.01343   0.04994   0.05588   0.02931   0.02624   0.08396   0.00522   0.07880   0.07614   0.06036   0.03778   0.03487   0.05181   0.12197   0.08233   2.58332   0.80201   0.45098   1.72395  
 15 453.3888  17418.212249  x:  0.00000   0.02718   0.06882   0.07462   0.03148   0.05254   0.14547   0.00000   0.25981   0.04885   0.00637   0.28130   0.01660   0.10971   0.06761   0.08101   0.11418   0.07340   0.05882   0.09524   0.00130   0.08694   0.03900   0.11851   0.06820   0.25391   0.30331   0.00000   0.14803   0.03078   0.05388   0.11646   0.09827   0.07974   0.18533   0.09312   0.08370   0.12156   0.13674   0.00000   0.01248   0.05334   0.05587   0.02617   0.02777   0.08533   0.00515   0.07938   0.07645   0.06156   0.04031   0.03592   0.05506   0.11880   0.08310   2.60132   0.78960   0.44689   1.72853  
 16 432.5653  17416.069196  x:  0.00000   0.03089   0.07414   0.07766   0.02927   0.05414   0.15003   0.00000   0.26282   0.05009   0.00648   0.28899   0.01669   0.11208   0.06956   0.08140   0.11396   0.07466   0.06038   0.09538   0.00043   0.09012   0.04212   0.12047   0.07191   0.24924   0.29604   0.00000   0.14817   0.03292   0.05643   0.11549   0.10224   0.08016   0.18947   0.09265   0.08493   0.12536   0.13988   0.00014   0.01420   0.05962   0.05068   0.03208   0.02719   0.08432   0.00520   0.08046   0.07842   0.05658   0.03952   0.03853   0.05617   0.11464   0.08535   2.62990   0.77707   0.44517   1.73624  
 17 348.6595  17413.083045  x:  0.00000   0.02178   0.07504   0.08272   0.02870   0.05311   0.16019   0.00000   0.25625   0.05206   0.00606   0.29575   0.01990   0.11537   0.07001   0.07930   0.11330   0.07193   0.06163   0.09605   0.00179   0.09065   0.04315   0.12458   0.07678   0.24420   0.28456   0.00000   0.14888   0.03222   0.05116   0.11413   0.10839   0.08207   0.19565   0.09730   0.08165   0.12698   0.14032   0.00006   0.01350   0.05931   0.04522   0.03161   0.02754   0.08296   0.00536   0.08161   0.07922   0.05849   0.03590   0.03979   0.05819   0.11380   0.08813   2.67680   0.76428   0.45227   1.74906  
 18 302.4480  17408.510384  x:  0.00000   0.02969   0.07152   0.08455   0.03094   0.05217   0.17715   0.00000   0.24452   0.05451   0.00707   0.29959   0.01314   0.11962   0.07154   0.07815   0.11833   0.07241   0.06417   0.09957   0.00075   0.09297   0.04191   0.12989   0.07996   0.23815   0.26605   0.00000   0.15191   0.03336   0.04761   0.11413   0.11240   0.08137   0.20277   0.10600   0.07969   0.12691   0.13832   0.00013   0.01270   0.05318   0.05567   0.02630   0.02726   0.08138   0.00531   0.08225   0.08020   0.06264   0.03557   0.03989   0.05516   0.11807   0.08943   2.76416   0.75266   0.46914   1.77418  
 19 484.0926  17403.787878  x:  0.00000   0.02913   0.06774   0.07989   0.03551   0.05062   0.18391   0.00000   0.24261   0.04492   0.00569   0.29632   0.02379   0.11795   0.07331   0.08111   0.12361   0.07652   0.06393   0.10129   0.00069   0.09188   0.03682   0.13062   0.07374   0.23666   0.25242   0.00000   0.15404   0.03223   0.04502   0.11703   0.10836   0.07958   0.20718   0.10841   0.08578   0.12300   0.13516   0.00014   0.01302   0.05199   0.05750   0.03486   0.03024   0.08556   0.00483   0.08170   0.07929   0.06326   0.04137   0.03542   0.05440   0.12719   0.08628   2.86511   0.75089   0.49193   1.80466  
 20 504.6264  17396.753739  x:  0.00000   0.02957   0.06984   0.07392   0.03816   0.04924   0.17273   0.00000   0.24690   0.05091   0.00658   0.28288   0.01658   0.10937   0.06475   0.08177   0.12129   0.07335   0.06047   0.09793   0.00190   0.08503   0.03551   0.12675   0.06564   0.23974   0.24465   0.00000   0.15117   0.02956   0.03992   0.12264   0.09932   0.08108   0.21209   0.10436   0.08985   0.11792   0.13311   0.00023   0.01308   0.05777   0.04466   0.02927   0.02707   0.09257   0.00478   0.08124   0.07678   0.05999   0.04178   0.03135   0.06133   0.14078   0.08299   3.01481   0.75603   0.52899   1.85134  
 21 689.6246  17391.355840  x:  0.00000   0.02957   0.07318   0.07654   0.03176   0.04856   0.14524   0.00000   0.25394   0.04742   0.00648   0.27001   0.01935   0.10773   0.07179   0.07911   0.11287   0.06856   0.05840   0.09500   0.00222   0.08820   0.04181   0.12042   0.07120   0.24248   0.24936   0.00000   0.14838   0.02243   0.03651   0.12441   0.09527   0.08361   0.21422   0.09707   0.08178   0.11565   0.13288   0.00027   0.01271   0.05517   0.05101   0.02986   0.02762   0.08972   0.00468   0.08148   0.07735   0.06470   0.03280   0.03788   0.06135   0.14449   0.08445   3.13231   0.76434   0.55899   1.88974  
 22 620.7236  17389.825624  x:  0.00000   0.03066   0.07003   0.08100   0.03302   0.05233   0.13093   0.00000   0.25068   0.04816   0.00676   0.26745   0.02085   0.11119   0.06981   0.08041   0.11214   0.07248   0.06056   0.09687   0.00285   0.08847   0.03918   0.11886   0.07285   0.24148   0.25805   0.00000   0.14913   0.01909   0.03770   0.12133   0.10047   0.08408   0.21427   0.09731   0.08037   0.11673   0.13298   0.00029   0.01283   0.05119   0.04743   0.02953   0.02776   0.08484   0.00502   0.08121   0.07753   0.06367   0.03677   0.03406   0.05821   0.14014   0.08581   3.16457   0.76607   0.56804   1.90190  
 23 229.5697  17389.276013  x:  0.00000   0.03017   0.06975   0.08058   0.03105   0.04957   0.12693   0.00000   0.24621   0.04938   0.00683   0.26765   0.02139   0.11123   0.07028   0.08130   0.11381   0.07054   0.06068   0.09776   0.00269   0.08827   0.03574   0.11900   0.07110   0.23880   0.26601   0.00000   0.15028   0.01688   0.04086   0.11819   0.10199   0.08362   0.21361   0.09898   0.08330   0.11702   0.13231   0.00029   0.01284   0.05469   0.04928   0.02961   0.02769   0.08500   0.00509   0.08100   0.07716   0.06439   0.03493   0.03324   0.05929   0.13584   0.08523   3.17365   0.76465   0.57185   1.90739  
 24 84.4164  17388.782999  x:  0.00000   0.03043   0.07156   0.07716   0.03215   0.05251   0.12794   0.00000   0.24341   0.04903   0.00690   0.26930   0.02124   0.10925   0.07045   0.08167   0.11559   0.07003   0.05918   0.09700   0.00260   0.08860   0.03730   0.11946   0.07109   0.23429   0.27608   0.00000   0.15236   0.01493   0.04196   0.11609   0.09902   0.08396   0.21171   0.09987   0.08240   0.11611   0.13114   0.00029   0.01294   0.05211   0.04790   0.03018   0.02767   0.08731   0.00503   0.08133   0.07716   0.06549   0.03524   0.03575   0.06035   0.13277   0.08430   3.17747   0.76105   0.57529   1.91407  
 25 50.9329  17387.950571  x:  0.00000   0.03098   0.07105   0.07718   0.03063   0.04990   0.13204   0.00000   0.24454   0.04871   0.00673   0.27094   0.02274   0.10946   0.06925   0.07956   0.11402   0.07324   0.05888   0.09636   0.00336   0.08723   0.04003   0.11912   0.07228   0.22712   0.28772   0.00000   0.15210   0.01647   0.03827   0.11759   0.09583   0.08570   0.20693   0.09832   0.08080   0.11377   0.12979   0.00031   0.01282   0.05284   0.05006   0.02895   0.02845   0.08710   0.00509   0.08126   0.07768   0.06201   0.03557   0.03131   0.06008   0.13356   0.08565   3.17739   0.75506   0.57988   1.92783  
 26 50.4118  17385.901722  x:  0.00000   0.03121   0.06807   0.08242   0.03209   0.04781   0.13826   0.00000   0.25114   0.04753   0.00675   0.26967   0.01946   0.11344   0.07246   0.08100   0.11236   0.07281   0.06030   0.09869   0.00270   0.08882   0.03718   0.11725   0.07100   0.21529   0.30214   0.00000   0.14883   0.02084   0.03212   0.12407   0.09766   0.08540   0.19699   0.09528   0.08420   0.11063   0.12843   0.00032   0.01282   0.05541   0.04622   0.02991   0.02697   0.08330   0.00489   0.08091   0.07795   0.06998   0.03784   0.03548   0.05838   0.14109   0.08736   3.17072   0.74506   0.58791   1.96514  
 27 110.0848  17380.273589  x:  0.00000   0.03203   0.07419   0.08353   0.03543   0.05811   0.14071   0.00000   0.26357   0.04733   0.00677   0.26437   0.02336   0.11570   0.07098   0.09151   0.11769   0.06406   0.06318   0.10191   0.00483   0.09247   0.03059   0.11475   0.07030   0.20434   0.30666   0.00000   0.14962   0.02142   0.02129   0.13014   0.11203   0.08225   0.18100   0.09564   0.08614   0.11472   0.13094   0.00039   0.01185   0.05054   0.05018   0.02739   0.02969   0.08502   0.00517   0.08227   0.07761   0.06339   0.02674   0.03323   0.06260   0.15176   0.08506   3.14469   0.72926   0.60316   2.06887  
 28 202.3413  17361.492606  x:  0.00000   0.03028   0.07843   0.07266   0.01619   0.04444   0.13173   0.00000   0.28367   0.04738   0.00658   0.25776   0.01997   0.11220   0.07491   0.09908   0.12954   0.06925   0.06798   0.10445   0.00383   0.09818   0.03440   0.11550   0.07583   0.19855   0.29153   0.00000   0.16376   0.00416   0.00539   0.13073   0.13105   0.08282   0.16079   0.10600   0.07861   0.12596   0.13766   0.00042   0.01128   0.04456   0.04739   0.02770   0.02668   0.09578   0.00447   0.08591   0.07953   0.06544   0.04195   0.03105   0.06908   0.16504   0.07969   3.06016   0.69026   0.64587   2.38229  
 29 742.9426  17350.710669  x:  0.00000   0.03029   0.07768   0.07085   0.02215   0.04331   0.12607   0.00000   0.28984   0.04713   0.00667   0.26186   0.01908   0.11258   0.07784   0.09683   0.13115   0.07307   0.06411   0.10520   0.00422   0.09957   0.03383   0.11568   0.07622   0.20090   0.28327   0.00000   0.17301   0.00497   0.00000   0.12716   0.12866   0.08637   0.15968   0.10708   0.07937   0.12486   0.13668   0.00045   0.01084   0.04714   0.04623   0.02713   0.02599   0.09505   0.00445   0.08621   0.08072   0.06830   0.03784   0.02891   0.06743   0.16377   0.08087   3.02696   0.67759   0.66276   2.50381  
 30 1846.2431  17341.717885  x:  0.00000   0.03018   0.07806   0.07273   0.02447   0.04526   0.12360   0.00000   0.29669   0.04735   0.00668   0.26808   0.01844   0.11439   0.07634   0.09339   0.12995   0.07551   0.05794   0.10537   0.00370   0.09870   0.03123   0.11522   0.07631   0.20305   0.27431   0.00000   0.18219   0.00000   0.00401   0.12586   0.12559   0.09090   0.15831   0.10571   0.08021   0.12082   0.13375   0.00045   0.01091   0.04767   0.04640   0.02810   0.02548   0.09208   0.00436   0.08643   0.08109   0.07193   0.03419   0.02597   0.06704   0.16412   0.08333   2.99469   0.66641   0.68120   2.62148  
 31 5777.3268  17330.306828  x:  0.00000   0.03080   0.08227   0.07767   0.01580   0.05103   0.11594   0.00000   0.31221   0.04718   0.00677   0.28594   0.01828   0.11841   0.07006   0.08752   0.12814   0.07846   0.04156   0.10612   0.00390   0.09674   0.02115   0.11356   0.07478   0.20915   0.25477   0.00000   0.20719   0.00827   0.01054   0.12188   0.11894   0.10064   0.15614   0.10154   0.08239   0.10997   0.12510   0.00050   0.01157   0.04219   0.04629   0.02976   0.02555   0.08576   0.00449   0.08763   0.08066   0.08261   0.03003   0.02022   0.06977   0.16212   0.08714   2.92468   0.64392   0.72467   2.87756  
 32 9370.5136  17324.688905  x:  0.00000   0.03124   0.07590   0.08086   0.00944   0.05195   0.11220   0.00000   0.31487   0.04696   0.00643   0.30008   0.01894   0.12245   0.06604   0.09033   0.12708   0.06991   0.05001   0.11026   0.00383   0.09501   0.02398   0.10923   0.06840   0.21099   0.24680   0.00000   0.21053   0.00700   0.00796   0.12264   0.10817   0.09499   0.16483   0.09282   0.08776   0.10048   0.11913   0.00050   0.01149   0.03641   0.04651   0.02857   0.02585   0.08074   0.00449   0.08605   0.07786   0.07330   0.03097   0.02907   0.06643   0.15570   0.08514   2.89680   0.63710   0.74805   2.97673  
 33 781.4517  17322.357648  x:  0.00000   0.03001   0.07858   0.08077   0.01440   0.04848   0.10952   0.00000   0.31721   0.04849   0.00629   0.30824   0.01646   0.12490   0.06989   0.09467   0.12800   0.06401   0.05187   0.11326   0.00245   0.09931   0.02398   0.10478   0.06973   0.20873   0.24365   0.00000   0.21194   0.00759   0.00902   0.12668   0.10396   0.08760   0.16964   0.08814   0.08263   0.09613   0.11556   0.00045   0.01157   0.03621   0.04716   0.02978   0.02438   0.07916   0.00422   0.08665   0.07763   0.06994   0.03559   0.02470   0.06829   0.15182   0.08206   2.88560   0.63800   0.76554   3.01522  
 34 361.9370  17320.150427  x:  0.00000   0.02822   0.07607   0.07490   0.01148   0.05377   0.10730   0.00000   0.31919   0.04899   0.00625   0.31407   0.01364   0.12496   0.07175   0.09976   0.13073   0.07155   0.05165   0.11519   0.00135   0.10092   0.02312   0.10028   0.07111   0.20189   0.24045   0.00000   0.20751   0.00792   0.00931   0.13299   0.10079   0.08212   0.17490   0.08693   0.07951   0.09819   0.11701   0.00038   0.01125   0.04116   0.04719   0.03036   0.02244   0.08072   0.00388   0.08602   0.07928   0.07023   0.03121   0.02373   0.06366   0.14765   0.08069   2.87649   0.64306   0.79026   3.04434  
 35 204.3279  17319.717440  x:  0.00000   0.02787   0.07605   0.07351   0.01198   0.05309   0.10655   0.00000   0.32074   0.04924   0.00623   0.31488   0.01324   0.12509   0.07173   0.09966   0.13188   0.07240   0.05073   0.11542   0.00122   0.10140   0.02351   0.10001   0.07149   0.20010   0.23973   0.00309   0.20733   0.00809   0.00965   0.13420   0.10033   0.08238   0.17505   0.08766   0.08112   0.09946   0.11814   0.00037   0.01122   0.04071   0.04724   0.03046   0.02223   0.08039   0.00384   0.08593   0.07994   0.06909   0.03076   0.02475   0.06211   0.14671   0.08140   2.87467   0.64463   0.79715   3.04982  
 36 234.2754  17318.353862  x:  0.00000   0.02709   0.07649   0.07001   0.01427   0.04982   0.10450   0.00000   0.32589   0.04995   0.00617   0.31620   0.01249   0.12555   0.07138   0.09785   0.13546   0.07319   0.04770   0.11573   0.00103   0.10271   0.02509   0.10042   0.07237   0.19559   0.23800   0.00049   0.20765   0.00858   0.01075   0.13680   0.09923   0.08450   0.17426   0.09055   0.08740   0.10350   0.12197   0.00033   0.01119   0.03816   0.04740   0.03064   0.02193   0.07879   0.00382   0.08575   0.08179   0.06513   0.03042   0.02821   0.05763   0.14426   0.08431   2.87051   0.64888   0.81568   3.06190  
 37 519.2538  17317.622428  x:  0.00000   0.02707   0.07357   0.07009   0.01384   0.05389   0.10530   0.00000   0.33184   0.05018   0.00623   0.31365   0.01215   0.12560   0.07383   0.09380   0.13882   0.06917   0.05137   0.11536   0.00050   0.10343   0.02710   0.10409   0.07061   0.19688   0.23790   0.00044   0.21070   0.00894   0.01145   0.13359   0.09717   0.08668   0.17157   0.09208   0.08783   0.10514   0.12531   0.00031   0.01108   0.04087   0.04768   0.03080   0.02172   0.07784   0.00378   0.08571   0.08127   0.06454   0.03217   0.02639   0.05558   0.14287   0.08544   2.86970   0.64940   0.82695   3.06197  
 38 84.6751  17317.116651  x:  0.00000   0.02680   0.07336   0.07216   0.01517   0.05281   0.10732   0.00000   0.33611   0.05047   0.00619   0.31015   0.01163   0.12656   0.07312   0.09226   0.14070   0.07271   0.05409   0.11538   0.00000   0.10293   0.02528   0.10588   0.07037   0.20169   0.23902   0.00019   0.21293   0.00926   0.01213   0.12878   0.09665   0.08430   0.16953   0.09096   0.08608   0.10453   0.12630   0.00029   0.01113   0.04091   0.04822   0.03143   0.02129   0.07822   0.00368   0.08572   0.08142   0.06314   0.03081   0.02939   0.05725   0.14197   0.08473   2.87090   0.64795   0.83337   3.05432  
 39 61.9411  17316.191716  x:  0.00000   0.02682   0.07376   0.07135   0.01459   0.05272   0.11187   0.00000   0.33896   0.05061   0.00614   0.30588   0.01149   0.12992   0.07200   0.09535   0.14113   0.07207   0.04898   0.11628   0.00008   0.10223   0.02907   0.10406   0.07366   0.21199   0.24156   0.00017   0.21224   0.00923   0.01198   0.12322   0.09889   0.07999   0.16842   0.08855   0.08929   0.10315   0.12567   0.00027   0.01119   0.04149   0.04833   0.03136   0.02139   0.07828   0.00363   0.08520   0.08314   0.06401   0.03120   0.02813   0.05344   0.14015   0.08378   2.87623   0.64586   0.83791   3.02722  
 40 69.9774  17313.678541  x:  0.00000   0.02635   0.07514   0.06705   0.01365   0.05375   0.11601   0.00000   0.34035   0.05119   0.00612   0.30562   0.01056   0.13269   0.07536   0.09727   0.13916   0.07254   0.04910   0.11793   0.00000   0.10456   0.02528   0.09967   0.07266   0.22073   0.24350   0.00020   0.20934   0.00895   0.01142   0.12415   0.09878   0.08597   0.16678   0.08929   0.08959   0.10306   0.12307   0.00025   0.01141   0.04037   0.04907   0.03141   0.02114   0.07674   0.00363   0.08559   0.08354   0.06194   0.03299   0.02830   0.05523   0.13649   0.08685   2.88866   0.64979   0.83680   2.96746  
 41 152.4881  17302.010076  x:  0.00000   0.02669   0.08093   0.07187   0.01371   0.05023   0.11969   0.00000   0.35206   0.05295   0.00634   0.32944   0.01343   0.13540   0.06053   0.09542   0.14541   0.07646   0.05587   0.12455   0.00017   0.11745   0.03355   0.10031   0.06642   0.23290   0.24334   0.00007   0.22376   0.00878   0.01060   0.14706   0.09692   0.08544   0.13890   0.09347   0.08943   0.10169   0.11243   0.00024   0.01248   0.04232   0.04983   0.03097   0.02213   0.07662   0.00418   0.08813   0.07835   0.07366   0.02948   0.02653   0.05536   0.11924   0.07932   2.97980   0.70561   0.80936   2.53914  
 42 604.1893  17294.436686  x:  0.00000   0.02658   0.07771   0.07996   0.01035   0.05233   0.12265   0.00000   0.35879   0.05441   0.00637   0.34319   0.01067   0.12946   0.07453   0.08947   0.14685   0.07438   0.04371   0.11996   0.00273   0.10660   0.02321   0.10968   0.06919   0.22213   0.24222   0.00039   0.23424   0.00717   0.00803   0.14613   0.09818   0.07239   0.13177   0.08522   0.08912   0.09803   0.11633   0.00023   0.01321   0.03912   0.04950   0.02842   0.02198   0.07831   0.00444   0.08408   0.08099   0.06692   0.03430   0.02790   0.05502   0.11718   0.07802   3.03822   0.74966   0.78631   2.26475  
 43 1214.6462  17291.686019  x:  0.00000   0.02606   0.07890   0.07564   0.00952   0.04974   0.12710   0.00000   0.36744   0.05423   0.00617   0.34439   0.00965   0.12965   0.07125   0.09585   0.14866   0.07399   0.04757   0.11742   0.00241   0.10602   0.02371   0.10818   0.07166   0.20641   0.24361   0.00008   0.24230   0.00700   0.00801   0.12801   0.10128   0.07622   0.14359   0.08045   0.08889   0.09235   0.11694   0.00020   0.01342   0.03867   0.04953   0.02870   0.02199   0.07194   0.00438   0.08385   0.08148   0.06918   0.03339   0.02648   0.05641   0.12596   0.07954   3.05949   0.77331   0.77491   2.16495  
 44 416.4834  17291.450046  x:  0.00000   0.02612   0.07847   0.07685   0.00944   0.04945   0.12795   0.00000   0.36951   0.05387   0.00612   0.34382   0.00965   0.13155   0.06996   0.09526   0.14666   0.07319   0.04578   0.11802   0.00245   0.10753   0.02293   0.10602   0.07023   0.20363   0.24352   0.00003   0.24278   0.00688   0.00791   0.12456   0.10065   0.07606   0.14510   0.08242   0.08723   0.09415   0.11531   0.00020   0.01340   0.03930   0.04955   0.02856   0.02198   0.07428   0.00432   0.08450   0.08027   0.06827   0.03404   0.02722   0.05479   0.12642   0.07880   3.06130   0.77568   0.77370   2.15665  
 45 79.4323  17291.423253  x:  0.00000   0.02598   0.07858   0.07719   0.00937   0.04972   0.12805   0.00000   0.36983   0.05391   0.00612   0.34349   0.00941   0.13194   0.07041   0.09496   0.14587   0.07357   0.04590   0.11828   0.00235   0.10742   0.02357   0.10573   0.06986   0.20317   0.24348   0.00003   0.24275   0.00687   0.00787   0.12411   0.10040   0.07547   0.14540   0.08315   0.08801   0.09464   0.11482   0.00020   0.01342   0.03880   0.04960   0.02865   0.02184   0.07441   0.00429   0.08444   0.08024   0.06842   0.03389   0.02675   0.05566   0.12630   0.07868   3.06148   0.77599   0.77353   2.15595  
 46 18.5971  17291.348790  x:  0.00000   0.02615   0.07857   0.07540   0.00954   0.04980   0.12841   0.00000   0.37107   0.05363   0.00611   0.34301   0.00956   0.13220   0.06997   0.09461   0.14372   0.07310   0.04646   0.11972   0.00242   0.10587   0.02297   0.10634   0.07050   0.20290   0.24354   0.00004   0.24384   0.00691   0.00790   0.12471   0.10029   0.07449   0.14594   0.08437   0.08782   0.09520   0.11463   0.00021   0.01348   0.03907   0.04958   0.02859   0.02203   0.07333   0.00429   0.08432   0.08126   0.06872   0.03394   0.02700   0.05573   0.12535   0.07786   3.06189   0.77596   0.77303   2.15577  
 47  4.7730  17291.081497  x:  0.00000   0.02616   0.07862   0.07547   0.00962   0.04979   0.12868   0.00000   0.37120   0.05371   0.00612   0.34185   0.00947   0.13204   0.07030   0.09541   0.14274   0.07335   0.04645   0.12066   0.00243   0.10579   0.02315   0.10718   0.07043   0.20256   0.24331   0.00000   0.24501   0.00692   0.00791   0.12533   0.10050   0.07489   0.14660   0.08423   0.08795   0.09454   0.11458   0.00020   0.01354   0.03915   0.04962   0.02859   0.02197   0.07401   0.00431   0.08419   0.08057   0.06861   0.03385   0.02710   0.05544   0.12437   0.07826   3.06259   0.77570   0.77218   2.15594  
 48  9.7841  17291.081497  x:  0.00000   0.02616   0.07862   0.07547   0.00962   0.04979   0.12868   0.00000   0.37120   0.05371   0.00612   0.34185   0.00947   0.13204   0.07030   0.09541   0.14274   0.07335   0.04645   0.12066   0.00243   0.10579   0.02315   0.10718   0.07043   0.20256   0.24331   0.00000   0.24501   0.00692   0.00791   0.12533   0.10050   0.07489   0.14660   0.08423   0.08795   0.09454   0.11458   0.00020   0.01354   0.03915   0.04962   0.02859   0.02197   0.07401   0.00431   0.08419   0.08057   0.06861   0.03385   0.02710   0.05544   0.12437   0.07826   3.06259   0.77570   0.77218   2.15594  
 49 48.2403  17288.561609  x:  0.00000   0.02623   0.07858   0.07533   0.01029   0.04991   0.12876   0.00000   0.37131   0.05396   0.00619   0.34198   0.00956   0.13206   0.07048   0.09544   0.14279   0.07354   0.04641   0.12066   0.00258   0.10587   0.02305   0.10714   0.07032   0.20260   0.24319   0.00002   0.24506   0.00636   0.00720   0.12518   0.10044   0.07506   0.14655   0.08418   0.08810   0.09455   0.11457   0.00541   0.01436   0.03932   0.04964   0.02861   0.02191   0.07400   0.00417   0.08417   0.08058   0.06872   0.03377   0.02706   0.05535   0.12413   0.07831   3.06261   0.77568   0.77206   2.15596  
 50 3198.2586  17280.328022  x:  0.00000   0.02666   0.07804   0.07397   0.01657   0.05115   0.12963   0.00000   0.37250   0.05649   0.00686   0.34331   0.01044   0.13225   0.07236   0.09570   0.14331   0.07547   0.04601   0.12073   0.00390   0.10669   0.02205   0.10669   0.06916   0.20298   0.24192   0.00028   0.24555   0.00086   0.00000   0.12366   0.09982   0.07677   0.14608   0.08366   0.08963   0.09472   0.11445   0.00506   0.02122   0.04100   0.04984   0.02886   0.02127   0.07389   0.00288   0.08393   0.08078   0.06969   0.03292   0.02667   0.05416   0.12174   0.07888   3.06282   0.77547   0.77087   2.15619  
 51 912.2740  17277.703190  x:  0.00000   0.02720   0.07719   0.07202   0.02192   0.05256   0.13092   0.00000   0.37440   0.06014   0.00703   0.34545   0.01121   0.13254   0.07508   0.09603   0.14415   0.07829   0.04532   0.12080   0.00433   0.10794   0.02071   0.10600   0.06744   0.20355   0.23976   0.00523   0.24637   0.00153   0.00285   0.12142   0.09931   0.07944   0.14537   0.08284   0.09198   0.09498   0.11423   0.00484   0.02653   0.04314   0.04999   0.02937   0.02014   0.07375   0.00327   0.08363   0.08115   0.07110   0.03175   0.02613   0.05247   0.11800   0.07974   3.06315   0.77506   0.76891   2.15655  
 52 729.5924  17273.522145  x:  0.00000   0.02810   0.07517   0.06666   0.02111   0.05417   0.13407   0.00000   0.38003   0.06860   0.00509   0.35190   0.01120   0.13331   0.08153   0.09661   0.14663   0.08522   0.04344   0.12093   0.00151   0.11133   0.01866   0.10422   0.06341   0.20513   0.23301   0.00056   0.24875   0.00000   0.00513   0.11536   0.09774   0.08577   0.14345   0.08068   0.09800   0.09570   0.11362   0.00489   0.02500   0.04680   0.04978   0.03094   0.01715   0.07360   0.00672   0.08302   0.08227   0.07458   0.02948   0.02504   0.04877   0.10764   0.08198   3.06415   0.77324   0.76305   2.15760  
 53 504.4121  17271.383581  x:  0.00000   0.02837   0.07389   0.06349   0.01906   0.05484   0.13613   0.00000   0.38414   0.07354   0.00504   0.35662   0.01115   0.13381   0.08545   0.09691   0.14837   0.08954   0.04247   0.12109   0.00244   0.11365   0.01828   0.10307   0.06116   0.20627   0.22809   0.00024   0.25051   0.00424   0.00197   0.11115   0.09670   0.08977   0.14216   0.07930   0.10188   0.09620   0.11323   0.00498   0.02251   0.04846   0.04956   0.03165   0.01609   0.07353   0.00594   0.08256   0.08289   0.07676   0.02842   0.02453   0.04678   0.10067   0.08340   3.06491   0.77179   0.75865   2.15839  
 54 1134.8612  17270.338153  x:  0.00000   0.02797   0.07342   0.06261   0.01746   0.05466   0.13706   0.00000   0.38691   0.07481   0.00674   0.35982   0.01115   0.13404   0.08674   0.09693   0.14929   0.09113   0.04231   0.12123   0.00440   0.11480   0.01947   0.10255   0.06086   0.20704   0.22495   0.00064   0.25165   0.00270   0.00296   0.10888   0.09647   0.09126   0.14148   0.07873   0.10353   0.09647   0.11309   0.00501   0.02125   0.04810   0.04940   0.03128   0.01773   0.07357   0.00275   0.08235   0.08303   0.07757   0.02873   0.02465   0.04677   0.09735   0.08395   3.06549   0.77060   0.75539   2.15896  
 55 420.0700  17269.368581  x:  0.00000   0.02696   0.07323   0.06285   0.01620   0.05390   0.13794   0.00000   0.39144   0.07443   0.00694   0.36509   0.01049   0.13425   0.08710   0.09677   0.15049   0.09198   0.04217   0.12138   0.00394   0.11596   0.02170   0.10204   0.06159   0.20822   0.22011   0.00338   0.25347   0.00092   0.00214   0.10599   0.09657   0.09218   0.14068   0.07833   0.10494   0.09680   0.11304   0.00505   0.02068   0.04605   0.04931   0.02997   0.02120   0.07377   0.00495   0.08246   0.08319   0.07799   0.03008   0.02523   0.04821   0.09401   0.08431   3.06654   0.76834   0.74956   2.15996  
 56 328.9096  17268.229867  x:  0.00000   0.02628   0.07354   0.06424   0.01782   0.05301   0.13875   0.00000   0.39806   0.07213   0.00478   0.37275   0.00944   0.13444   0.08631   0.09645   0.15203   0.09180   0.04202   0.12156   0.00137   0.11686   0.02282   0.10163   0.06299   0.20976   0.21360   0.00216   0.25601   0.00208   0.00237   0.10306   0.09704   0.09217   0.13988   0.07827   0.10574   0.09717   0.11317   0.00500   0.02196   0.04331   0.04970   0.02852   0.02203   0.07392   0.00314   0.08266   0.08309   0.07770   0.03154   0.02576   0.05054   0.09160   0.08432   3.06823   0.76465   0.74043   2.16153  
 57 352.7679  17267.162755  x:  0.00000   0.02632   0.07399   0.06566   0.01958   0.05222   0.13945   0.00000   0.40458   0.06943   0.00546   0.38021   0.00927   0.13461   0.08517   0.09608   0.15335   0.09113   0.04224   0.12186   0.00357   0.11738   0.02264   0.10141   0.06416   0.21118   0.20766   0.00000   0.25840   0.00314   0.00301   0.10102   0.09758   0.09165   0.13932   0.07845   0.10595   0.09742   0.11336   0.00496   0.02266   0.04177   0.05018   0.02823   0.02070   0.07402   0.00452   0.08297   0.08302   0.07703   0.03215   0.02588   0.05220   0.09065   0.08412   3.07000   0.76081   0.73093   2.16314  
 58 601.4942  17265.926811  x:  0.00000   0.02758   0.07452   0.06696   0.01930   0.05158   0.14036   0.00000   0.41284   0.06640   0.00769   0.38943   0.00960   0.13481   0.08356   0.09559   0.15436   0.08962   0.04232   0.12209   0.00148   0.11715   0.01984   0.10153   0.06452   0.21275   0.20157   0.00000   0.26114   0.00165   0.00239   0.10036   0.09839   0.09050   0.13917   0.07906   0.10526   0.09748   0.11365   0.00501   0.02102   0.04348   0.05052   0.03049   0.01732   0.07401   0.00388   0.08326   0.08286   0.07584   0.03104   0.02528   0.05213   0.09224   0.08361   3.07258   0.75532   0.71747   2.16541  
 59 397.1427  17265.238252  x:  0.00000   0.02822   0.07467   0.06723   0.01830   0.05165   0.14093   0.00000   0.41807   0.06542   0.00529   0.39511   0.00869   0.13492   0.08272   0.09527   0.15463   0.08868   0.04267   0.12223   0.00240   0.11672   0.01851   0.10183   0.06426   0.21358   0.19880   0.00257   0.26268   0.00067   0.00223   0.10103   0.09889   0.08977   0.13939   0.07953   0.10442   0.09737   0.11382   0.00503   0.02077   0.04579   0.05034   0.03190   0.01746   0.07402   0.00340   0.08335   0.08280   0.07529   0.02984   0.02490   0.05090   0.09439   0.08328   3.07451   0.75140   0.70769   2.16704  
 60 463.8407  17264.757401  x:  0.00000   0.02822   0.07467   0.06687   0.01762   0.05204   0.14136   0.00000   0.42161   0.06557   0.00429   0.39880   0.00830   0.13501   0.08251   0.09514   0.15463   0.08820   0.04300   0.12227   0.00292   0.11629   0.01865   0.10218   0.06384   0.21393   0.19790   0.00051   0.26352   0.00075   0.00229   0.10229   0.09901   0.08929   0.13975   0.07983   0.10363   0.09720   0.11391   0.00502   0.02138   0.04724   0.04997   0.03200   0.01864   0.07404   0.00338   0.08335   0.08283   0.07524   0.02918   0.02486   0.04954   0.09629   0.08313   3.07609   0.74836   0.69995   2.16833  
 61 380.0138  17264.064727  x:  0.00000   0.02781   0.07456   0.06607   0.01733   0.05292   0.14224   0.00000   0.42846   0.06625   0.00611   0.40582   0.00845   0.13521   0.08242   0.09500   0.15447   0.08748   0.04351   0.12226   0.00215   0.11546   0.01983   0.10288   0.06309   0.21453   0.19678   0.00064   0.26503   0.00210   0.00246   0.10487   0.09921   0.08859   0.14052   0.08034   0.10219   0.09688   0.11406   0.00500   0.02286   0.04920   0.04923   0.03137   0.02132   0.07409   0.00383   0.08333   0.08293   0.07542   0.02853   0.02509   0.04721   0.09975   0.08296   3.07933   0.74223   0.68423   2.17094  
 62 755.8246  17263.078721  x:  0.00000   0.02663   0.07412   0.06417   0.01964   0.05460   0.14294   0.00000   0.43514   0.06966   0.00555   0.41181   0.00859   0.13546   0.08393   0.09544   0.15303   0.08779   0.04384   0.12212   0.00218   0.11422   0.02281   0.10401   0.06196   0.21427   0.20154   0.00109   0.26539   0.00144   0.00225   0.10997   0.09888   0.08871   0.14224   0.08060   0.10070   0.09648   0.11414   0.00507   0.01980   0.04774   0.04887   0.02857   0.01910   0.07407   0.00370   0.08315   0.08327   0.07693   0.03041   0.02600   0.04631   0.10367   0.08343   3.08443   0.73319   0.66118   2.17469  
 63 289.3460  17262.009262  x:  0.00000   0.02787   0.07424   0.06392   0.01622   0.05409   0.14277   0.00000   0.44029   0.07202   0.00569   0.41540   0.00830   0.13568   0.08597   0.09636   0.15102   0.08916   0.04304   0.12213   0.00234   0.11354   0.02063   0.10467   0.06179   0.21323   0.21102   0.00134   0.26440   0.00143   0.00221   0.11406   0.09817   0.08979   0.14403   0.08027   0.10100   0.09685   0.11436   0.00499   0.02269   0.04333   0.05077   0.03076   0.01831   0.07428   0.00357   0.08320   0.08367   0.07830   0.03189   0.02536   0.05018   0.10397   0.08449   3.09155   0.72103   0.63138   2.17945  
 64 274.6443  17261.213209  x:  0.00000   0.02825   0.07509   0.06595   0.01918   0.05320   0.14183   0.00000   0.44175   0.07013   0.00567   0.41519   0.00849   0.13581   0.08618   0.09752   0.15009   0.09015   0.04278   0.12234   0.00241   0.11437   0.01930   0.10443   0.06371   0.21228   0.21929   0.00079   0.26273   0.00184   0.00224   0.11372   0.09807   0.09057   0.14459   0.07991   0.10276   0.09753   0.11457   0.00502   0.02019   0.04491   0.05081   0.03247   0.02137   0.07467   0.00362   0.08358   0.08382   0.07766   0.02992   0.02447   0.05189   0.10062   0.08472   3.09840   0.70974   0.60552   2.18349  
 65 257.9706  17260.610072  x:  0.00000   0.02737   0.07557   0.06724   0.01738   0.05258   0.14102   0.00000   0.44020   0.06744   0.00572   0.41209   0.00816   0.13590   0.08520   0.09828   0.15006   0.09034   0.04338   0.12254   0.00226   0.11577   0.02094   0.10390   0.06518   0.21167   0.22451   0.00094   0.26094   0.00169   0.00229   0.11109   0.09849   0.09073   0.14430   0.07987   0.10423   0.09792   0.11475   0.00502   0.02172   0.04795   0.04991   0.02998   0.01905   0.07474   0.00364   0.08396   0.08376   0.07668   0.02887   0.02544   0.05009   0.09746   0.08430   3.10450   0.70037   0.58533   2.18660  
 66 254.6657  17260.162181  x:  0.00000   0.02772   0.07486   0.06556   0.01753   0.05433   0.14129   0.00000   0.43528   0.06668   0.00566   0.40583   0.00866   0.13607   0.08349   0.09817   0.15158   0.08904   0.04373   0.12266   0.00228   0.11677   0.01956   0.10312   0.06310   0.21187   0.22335   0.00088   0.25953   0.00170   0.00231   0.10642   0.09935   0.08985   0.14282   0.08036   0.10385   0.09770   0.11470   0.00503   0.02159   0.04636   0.04958   0.03086   0.01959   0.07443   0.00362   0.08385   0.08346   0.07636   0.03210   0.02619   0.04687   0.09764   0.08355   3.11122   0.69281   0.56814   2.18924  
 67 118.1665  17259.821017  x:  0.00000   0.02764   0.07415   0.06436   0.01770   0.05471   0.14183   0.00000   0.42936   0.06830   0.00586   0.39905   0.00794   0.13609   0.08328   0.09729   0.15302   0.08819   0.04355   0.12247   0.00218   0.11673   0.02117   0.10280   0.06221   0.21232   0.21872   0.00089   0.25874   0.00163   0.00230   0.10408   0.09944   0.08934   0.14148   0.08049   0.10284   0.09725   0.11447   0.00502   0.02152   0.04558   0.05005   0.03091   0.01933   0.07415   0.00361   0.08342   0.08329   0.07625   0.02948   0.02397   0.04891   0.09946   0.08361   3.11801   0.68828   0.55394   2.19149  
 68 128.6408  17259.647204  x:  0.00000   0.02738   0.07424   0.06501   0.01764   0.05351   0.14194   0.00000   0.42546   0.06908   0.00548   0.39511   0.00967   0.13593   0.08428   0.09644   0.15336   0.08842   0.04307   0.12218   0.00228   0.11587   0.02022   0.10281   0.06274   0.21252   0.21456   0.00091   0.25865   0.00162   0.00228   0.10504   0.09883   0.08952   0.14114   0.08014   0.10246   0.09697   0.11415   0.00502   0.02139   0.04638   0.04992   0.03012   0.01949   0.07411   0.00358   0.08316   0.08325   0.07684   0.02936   0.02576   0.05008   0.09992   0.08383   3.12283   0.68739   0.54589   2.19285  
 69 102.9082  17259.560432  x:  0.00000   0.02750   0.07448   0.06563   0.01795   0.05275   0.14158   0.00000   0.42327   0.06914   0.00588   0.39327   0.00801   0.13561   0.08471   0.09601   0.15306   0.08891   0.04300   0.12190   0.00226   0.11519   0.02010   0.10290   0.06336   0.21248   0.21214   0.00088   0.25881   0.00161   0.00227   0.10665   0.09829   0.08979   0.14131   0.07978   0.10251   0.09687   0.11392   0.00502   0.02136   0.04648   0.04973   0.03039   0.01938   0.07410   0.00357   0.08311   0.08321   0.07693   0.03016   0.02575   0.04932   0.09935   0.08381   3.12612   0.68789   0.54183   2.19361  
 70 76.4163  17259.516940  x:  0.00000   0.02748   0.07449   0.06560   0.01789   0.05274   0.14120   0.00000   0.42211   0.06853   0.00564   0.39267   0.00884   0.13532   0.08472   0.09593   0.15247   0.08917   0.04309   0.12165   0.00222   0.11485   0.02047   0.10290   0.06340   0.21227   0.21099   0.00094   0.25899   0.00156   0.00226   0.10777   0.09801   0.08986   0.14160   0.07956   0.10263   0.09684   0.11375   0.00502   0.02142   0.04590   0.04963   0.03058   0.01929   0.07404   0.00356   0.08311   0.08312   0.07657   0.03017   0.02467   0.04844   0.09850   0.08363   3.12878   0.68888   0.53981   2.19406  
 71 47.4584  17259.468497  x:  0.00000   0.02720   0.07399   0.06459   0.01785   0.05353   0.14044   0.00000   0.42095   0.06782   0.00574   0.39281   0.00852   0.13478   0.08393   0.09610   0.15116   0.08899   0.04294   0.12124   0.00225   0.11468   0.01991   0.10262   0.06236   0.21162   0.21038   0.00096   0.25925   0.00152   0.00224   0.10827   0.09786   0.08960   0.14193   0.07936   0.10266   0.09673   0.11352   0.00502   0.02136   0.04552   0.04957   0.03002   0.01935   0.07378   0.00354   0.08297   0.08285   0.07607   0.02936   0.02514   0.04866   0.09737   0.08329   3.13384   0.69110   0.53787   2.19467  
 72 31.6886  17259.421575  x:  0.00000   0.02756   0.07367   0.06416   0.01786   0.05353   0.13980   0.00000   0.42015   0.06798   0.00566   0.39358   0.00869   0.13431   0.08346   0.09619   0.14994   0.08849   0.04280   0.12084   0.00224   0.11472   0.02076   0.10217   0.06219   0.21074   0.21039   0.00093   0.25928   0.00158   0.00226   0.10739   0.09772   0.08919   0.14172   0.07920   0.10247   0.09646   0.11322   0.00501   0.02143   0.04625   0.04959   0.03078   0.01917   0.07351   0.00357   0.08264   0.08259   0.07599   0.02995   0.02545   0.04919   0.09712   0.08308   3.14057   0.69361   0.53636   2.19532  
 73 41.9047  17259.354157  x:  0.00000   0.02712   0.07366   0.06467   0.01779   0.05267   0.13926   0.00000   0.41932   0.06884   0.00570   0.39489   0.00865   0.13387   0.08360   0.09612   0.14890   0.08796   0.04270   0.12046   0.00229   0.11464   0.01987   0.10159   0.06254   0.20952   0.21090   0.00090   0.25889   0.00157   0.00226   0.10546   0.09746   0.08884   0.14087   0.07905   0.10203   0.09599   0.11282   0.00501   0.02137   0.04615   0.04918   0.02993   0.01921   0.07338   0.00355   0.08226   0.08241   0.07608   0.03016   0.02440   0.04870   0.09771   0.08298   3.15183   0.69644   0.53516   2.19619  
 74 63.4269  17259.285472  x:  0.00000   0.02742   0.07387   0.06515   0.01786   0.05240   0.13933   0.00000   0.41889   0.06869   0.00567   0.39595   0.00855   0.13378   0.08426   0.09583   0.14925   0.08820   0.04302   0.12035   0.00223   0.11430   0.02020   0.10159   0.06288   0.20878   0.21133   0.00092   0.25792   0.00153   0.00226   0.10467   0.09722   0.08903   0.13987   0.07896   0.10161   0.09589   0.11268   0.00502   0.02134   0.04494   0.04940   0.03047   0.01916   0.07345   0.00352   0.08233   0.08244   0.07621   0.02881   0.02556   0.04761   0.09822   0.08297   3.16520   0.69730   0.53536   2.19695  
 75 59.6831  17259.014226  x:  0.00000   0.02700   0.07405   0.06466   0.01768   0.05381   0.14080   0.00000   0.41836   0.06628   0.00571   0.39885   0.00822   0.13423   0.08541   0.09477   0.15311   0.08966   0.04294   0.12063   0.00221   0.11305   0.02027   0.10267   0.06201   0.20780   0.21195   0.00098   0.25374   0.00153   0.00226   0.10596   0.09703   0.09020   0.13763   0.07896   0.10095   0.09628   0.11290   0.00501   0.02138   0.04611   0.04967   0.03021   0.01923   0.07371   0.00349   0.08311   0.08276   0.07588   0.03001   0.02484   0.04886   0.09842   0.08319   3.22194   0.69513   0.53926   2.19964  
 76 113.5653  17258.826617  x:  0.00000   0.02826   0.07387   0.06463   0.01785   0.05279   0.14128   0.00000   0.41906   0.06864   0.00568   0.39921   0.00856   0.13479   0.08314   0.09525   0.15390   0.08835   0.04209   0.12114   0.00223   0.11426   0.02026   0.10267   0.06289   0.20916   0.21178   0.00100   0.25320   0.00153   0.00224   0.10770   0.09787   0.08934   0.13999   0.07946   0.10242   0.09660   0.11341   0.00500   0.02141   0.04583   0.04887   0.03000   0.01929   0.07349   0.00350   0.08259   0.08264   0.07604   0.02979   0.02498   0.04872   0.09744   0.08308   3.26224   0.69144   0.54311   2.20143  
 77 149.9096  17258.770536  x:  0.00000   0.02660   0.07394   0.06491   0.01788   0.05275   0.14110   0.00000   0.41969   0.06900   0.00568   0.39865   0.00860   0.13493   0.08320   0.09574   0.15323   0.08821   0.04289   0.12133   0.00219   0.11489   0.02018   0.10250   0.06294   0.21014   0.21169   0.00097   0.25428   0.00156   0.00225   0.10772   0.09805   0.08916   0.14130   0.07953   0.10279   0.09655   0.11352   0.00501   0.02145   0.04593   0.04965   0.03070   0.01921   0.07365   0.00351   0.08262   0.08274   0.07627   0.02980   0.02512   0.04871   0.09758   0.08320   3.27428   0.69017   0.54434   2.20200  
 78 111.6393  17258.722195  x:  0.00000   0.02759   0.07428   0.06520   0.01784   0.05321   0.14065   0.00000   0.42074   0.06850   0.00570   0.39740   0.00855   0.13501   0.08426   0.09637   0.15176   0.08855   0.04378   0.12148   0.00215   0.11541   0.02018   0.10237   0.06276   0.21149   0.21172   0.00092   0.25664   0.00159   0.00225   0.10712   0.09803   0.08938   0.14252   0.07947   0.10282   0.09665   0.11363   0.00500   0.02139   0.04607   0.05008   0.03019   0.01935   0.07400   0.00350   0.08297   0.08299   0.07651   0.02994   0.02504   0.04887   0.09826   0.08350   3.28491   0.68905   0.54546   2.20258  
 79 75.1943  17258.707792  x:  0.00000   0.02738   0.07430   0.06511   0.01782   0.05333   0.14058   0.00000   0.42143   0.06821   0.00570   0.39663   0.00852   0.13505   0.08447   0.09642   0.15124   0.08872   0.04288   0.12151   0.00221   0.11527   0.02026   0.10255   0.06291   0.21197   0.21193   0.00090   0.25806   0.00160   0.00226   0.10689   0.09802   0.08967   0.14231   0.07947   0.10257   0.09673   0.11368   0.00500   0.02145   0.04596   0.04938   0.03042   0.01928   0.07395   0.00350   0.08310   0.08304   0.07644   0.02991   0.02509   0.04889   0.09846   0.08351   3.28807   0.68873   0.54581   2.20283  
 80 27.3493  17258.701743  x:  0.00000   0.02742   0.07422   0.06504   0.01784   0.05315   0.14074   0.00000   0.42210   0.06834   0.00570   0.39593   0.00855   0.13508   0.08408   0.09621   0.15129   0.08887   0.04292   0.12151   0.00221   0.11493   0.02025   0.10274   0.06295   0.21207   0.21223   0.00090   0.25911   0.00160   0.00226   0.10697   0.09805   0.08972   0.14158   0.07951   0.10243   0.09677   0.11368   0.00500   0.02143   0.04602   0.04978   0.03032   0.01931   0.07383   0.00351   0.08300   0.08297   0.07633   0.02992   0.02508   0.04882   0.09828   0.08340   3.28940   0.68879   0.54593   2.20307  
 81 10.5932  17258.700372  x:  0.00000   0.02742   0.07424   0.06511   0.01783   0.05320   0.14085   0.00000   0.42243   0.06835   0.00569   0.39562   0.00854   0.13508   0.08407   0.09616   0.15151   0.08878   0.04315   0.12150   0.00220   0.11494   0.02024   0.10269   0.06287   0.21197   0.21232   0.00090   0.25934   0.00160   0.00226   0.10706   0.09805   0.08961   0.14144   0.07952   0.10253   0.09674   0.11367   0.00500   0.02144   0.04599   0.04953   0.03037   0.01929   0.07390   0.00351   0.08298   0.08297   0.07638   0.02991   0.02508   0.04888   0.09822   0.08343   3.28967   0.68895   0.54593   2.20323  
 82  4.6502  17258.699404  x:  0.00000   0.02741   0.07426   0.06511   0.01783   0.05324   0.14091   0.00000   0.42281   0.06827   0.00569   0.39529   0.00853   0.13507   0.08417   0.09616   0.15177   0.08862   0.04299   0.12148   0.00220   0.11506   0.02025   0.10259   0.06288   0.21178   0.21234   0.00091   0.25938   0.00159   0.00226   0.10711   0.09803   0.08953   0.14150   0.07952   0.10261   0.09670   0.11365   0.00500   0.02143   0.04600   0.04966   0.03035   0.01929   0.07393   0.00350   0.08300   0.08299   0.07642   0.02991   0.02507   0.04884   0.09824   0.08346   3.28983   0.68914   0.54593   2.20348  
 83  3.1633  17258.698283  x:  0.00000   0.02741   0.07419   0.06498   0.01784   0.05310   0.14086   0.00000   0.42331   0.06824   0.00569   0.39490   0.00853   0.13505   0.08413   0.09619   0.15188   0.08877   0.04306   0.12146   0.00220   0.11508   0.02022   0.10258   0.06293   0.21154   0.21226   0.00092   0.25915   0.00159   0.00226   0.10702   0.09800   0.08964   0.14174   0.07949   0.10250   0.09672   0.11364   0.00500   0.02144   0.04599   0.04960   0.03035   0.01930   0.07379   0.00350   0.08300   0.08296   0.07632   0.02991   0.02508   0.04885   0.09829   0.08340   3.28993   0.68927   0.54599   2.20402  
 84  2.3263  17258.696423  x:  0.00000   0.02741   0.07426   0.06524   0.01783   0.05327   0.14078   0.00000   0.42388   0.06833   0.00569   0.39449   0.00854   0.13503   0.08398   0.09618   0.15159   0.08882   0.04297   0.12144   0.00221   0.11489   0.02026   0.10269   0.06280   0.21138   0.21205   0.00091   0.25865   0.00159   0.00225   0.10690   0.09801   0.08965   0.14175   0.07942   0.10241   0.09673   0.11363   0.00500   0.02144   0.04599   0.04962   0.03035   0.01928   0.07397   0.00350   0.08294   0.08293   0.07636   0.02991   0.02507   0.04884   0.09819   0.08339   3.29000   0.68929   0.54618   2.20518  
 85  2.9765  17258.691276  x:  0.00000   0.02740   0.07417   0.06486   0.01788   0.05313   0.14071   0.00000   0.42450   0.06818   0.00569   0.39401   0.00851   0.13503   0.08423   0.09615   0.15084   0.08850   0.04310   0.12143   0.00221   0.11475   0.02021   0.10268   0.06298   0.21159   0.21179   0.00091   0.25784   0.00160   0.00224   0.10697   0.09805   0.08941   0.14120   0.07953   0.10260   0.09660   0.11360   0.00500   0.02146   0.04598   0.04960   0.03034   0.01928   0.07382   0.00349   0.08300   0.08300   0.07652   0.02989   0.02504   0.04883   0.09805   0.08351   3.29007   0.68918   0.54681   2.20880  
 86  5.4953  17258.659372  x:  0.00000   0.02738   0.07418   0.06545   0.01800   0.05291   0.14117   0.00000   0.42481   0.06814   0.00570   0.39336   0.00850   0.13501   0.08412   0.09657   0.15028   0.08878   0.04295   0.12136   0.00224   0.11596   0.02030   0.10183   0.06238   0.21341   0.21176   0.00088   0.25665   0.00159   0.00215   0.10747   0.09761   0.08976   0.14010   0.07970   0.10303   0.09677   0.11351   0.00498   0.02157   0.04586   0.04959   0.03031   0.01928   0.07348   0.00348   0.08290   0.08270   0.07543   0.02999   0.02516   0.04892   0.09864   0.08292   3.29019   0.68932   0.55035   2.23219  
 87 14.3943  17258.494426  x:  0.00000   0.02737   0.07410   0.06464   0.01844   0.05377   0.14193   0.00000   0.42317   0.06737   0.00581   0.39193   0.00860   0.13478   0.08239   0.09632   0.15144   0.08943   0.04315   0.12117   0.00238   0.11628   0.01983   0.10171   0.06454   0.21797   0.21241   0.00085   0.25534   0.00149   0.00170   0.10691   0.09782   0.08965   0.14065   0.07880   0.10132   0.09669   0.11337   0.00486   0.02218   0.04579   0.04950   0.03025   0.01906   0.07514   0.00331   0.08268   0.08281   0.07689   0.02989   0.02496   0.04896   0.09834   0.08338   3.29059   0.68886   0.56924   2.35411  
 88 112.4794  17258.265174  x:  0.00000   0.02739   0.07439   0.06586   0.01946   0.05235   0.14085   0.00000   0.42001   0.06702   0.00596   0.39075   0.00864   0.13461   0.08343   0.09457   0.15258   0.08801   0.04305   0.12105   0.00270   0.11391   0.02029   0.10312   0.06210   0.21803   0.21252   0.00079   0.25600   0.00131   0.00110   0.10538   0.09823   0.08868   0.14237   0.07934   0.10130   0.09631   0.11341   0.00471   0.02299   0.04571   0.04942   0.03019   0.01895   0.07287   0.00313   0.08295   0.08284   0.07656   0.02992   0.02497   0.04904   0.09701   0.08347   3.29105   0.68517   0.59574   2.51870  
 89 438.5719  17258.151064  x:  0.00000   0.02738   0.07403   0.06560   0.01975   0.05345   0.13984   0.00000   0.41794   0.06754   0.00607   0.39037   0.00877   0.13461   0.08358   0.09495   0.15189   0.08787   0.04342   0.12131   0.00282   0.11396   0.02005   0.10268   0.06364   0.21350   0.21135   0.00080   0.25748   0.00119   0.00080   0.10545   0.09759   0.08890   0.14148   0.07964   0.10268   0.09653   0.11340   0.00463   0.02339   0.04559   0.04943   0.03018   0.01888   0.07405   0.00302   0.08283   0.08245   0.07499   0.03014   0.02518   0.04933   0.09765   0.08264   3.29124   0.68158   0.60971   2.60170  
 90 296.4068  17258.132867  x:  0.00000   0.02738   0.07427   0.06568   0.01989   0.05297   0.13992   0.00000   0.41750   0.06718   0.00607   0.39032   0.00879   0.13467   0.08299   0.09568   0.15148   0.08821   0.04334   0.12137   0.00284   0.11479   0.02011   0.10239   0.06324   0.21208   0.21098   0.00081   0.25784   0.00117   0.00075   0.10580   0.09769   0.08898   0.14091   0.07944   0.10229   0.09663   0.11345   0.00462   0.02345   0.04558   0.04945   0.03018   0.01887   0.07387   0.00300   0.08289   0.08271   0.07596   0.03008   0.02507   0.04929   0.09781   0.08309   3.29126   0.68079   0.61202   2.61500  
 91 76.6954  17258.132116  x:  0.00000   0.02739   0.07426   0.06574   0.01988   0.05302   0.14022   0.00000   0.41746   0.06721   0.00607   0.39032   0.00877   0.13473   0.08309   0.09586   0.15139   0.08817   0.04336   0.12137   0.00284   0.11487   0.02009   0.10245   0.06330   0.21197   0.21096   0.00081   0.25786   0.00116   0.00074   0.10582   0.09779   0.08892   0.14092   0.07950   0.10206   0.09661   0.11349   0.00462   0.02345   0.04558   0.04945   0.03018   0.01887   0.07380   0.00300   0.08292   0.08269   0.07587   0.03009   0.02508   0.04930   0.09768   0.08309   3.29127   0.68078   0.61210   2.61549  
 92  3.7747  17258.131957  x:  0.00000   0.02739   0.07426   0.06571   0.01989   0.05294   0.14039   0.00000   0.41745   0.06717   0.00607   0.39032   0.00876   0.13477   0.08308   0.09587   0.15134   0.08815   0.04336   0.12137   0.00285   0.11484   0.02009   0.10249   0.06327   0.21194   0.21096   0.00081   0.25786   0.00117   0.00075   0.10580   0.09776   0.08894   0.14096   0.07949   0.10210   0.09660   0.11349   0.00462   0.02346   0.04558   0.04945   0.03018   0.01887   0.07388   0.00300   0.08290   0.08269   0.07587   0.03009   0.02508   0.04930   0.09769   0.08307   3.29127   0.68079   0.61209   2.61549  
 93  0.7513  17258.131597  x:  0.00000   0.02738   0.07427   0.06575   0.01988   0.05303   0.14058   0.00000   0.41745   0.06714   0.00607   0.39033   0.00876   0.13480   0.08301   0.09582   0.15128   0.08818   0.04336   0.12137   0.00285   0.11478   0.02009   0.10247   0.06333   0.21191   0.21096   0.00081   0.25787   0.00117   0.00075   0.10577   0.09772   0.08896   0.14102   0.07946   0.10223   0.09662   0.11347   0.00462   0.02346   0.04558   0.04945   0.03018   0.01887   0.07373   0.00300   0.08291   0.08270   0.07591   0.03009   0.02508   0.04930   0.09775   0.08309   3.29128   0.68080   0.61204   2.61524  
 94  0.5637  17258.112207  x:  0.00000   0.02740   0.07390   0.06592   0.02010   0.05294   0.14102   0.00000   0.41812   0.06712   0.00610   0.39103   0.00873   0.13493   0.08306   0.09443   0.15093   0.08867   0.04324   0.12138   0.00292   0.11488   0.02016   0.10129   0.06329   0.21167   0.21099   0.00079   0.25806   0.00114   0.00075   0.10598   0.09865   0.08882   0.14131   0.07989   0.10202   0.09685   0.11338   0.00457   0.02363   0.04553   0.04950   0.03017   0.01889   0.07407   0.00298   0.08341   0.08272   0.07572   0.03014   0.02511   0.04934   0.09781   0.08351   3.29176   0.68076   0.60883   2.59898  
 95  1.7553  17257.985129  x:  0.00000   0.02743   0.07532   0.06581   0.02120   0.05322   0.14103   0.00000   0.42254   0.06692   0.00627   0.39553   0.00866   0.13501   0.08375   0.09454   0.15145   0.08803   0.04329   0.12156   0.00335   0.11544   0.02028   0.10179   0.06362   0.21145   0.21080   0.00096   0.25922   0.00086   0.00093   0.10683   0.09771   0.08877   0.14148   0.07913   0.10144   0.09651   0.11368   0.00425   0.02479   0.04523   0.04982   0.03008   0.01906   0.07374   0.00302   0.08210   0.08275   0.07612   0.03027   0.02514   0.04989   0.09804   0.08224   3.29490   0.68055   0.58784   2.49164  
 96 86.2743  17257.958909  x:  0.00000   0.02746   0.07451   0.06612   0.02142   0.05313   0.14084   0.00000   0.42345   0.06704   0.00630   0.39644   0.00870   0.13495   0.08345   0.09592   0.15187   0.08801   0.04328   0.12153   0.00347   0.11509   0.02034   0.10269   0.06368   0.21155   0.21068   0.00097   0.25943   0.00081   0.00097   0.10688   0.09762   0.08890   0.14139   0.07970   0.10201   0.09662   0.11366   0.00418   0.02502   0.04517   0.04991   0.03005   0.01910   0.07393   0.00299   0.08321   0.08281   0.07592   0.03036   0.02519   0.04992   0.09844   0.08325   3.29556   0.68087   0.58336   2.46954  
 97 126.0238  17257.958513  x:  0.00000   0.02745   0.07457   0.06611   0.02142   0.05312   0.14083   0.00000   0.42346   0.06703   0.00630   0.39646   0.00870   0.13495   0.08349   0.09606   0.15190   0.08809   0.04326   0.12152   0.00347   0.11499   0.02034   0.10266   0.06368   0.21156   0.21067   0.00097   0.25943   0.00081   0.00097   0.10687   0.09784   0.08886   0.14138   0.07973   0.10210   0.09671   0.11365   0.00418   0.02502   0.04517   0.04991   0.03005   0.01910   0.07393   0.00299   0.08313   0.08283   0.07594   0.03036   0.02519   0.04993   0.09848   0.08319   3.29557   0.68090   0.58329   2.46923  
 98  2.9475  17257.958455  x:  0.00000   0.02745   0.07456   0.06611   0.02142   0.05311   0.14083   0.00000   0.42346   0.06704   0.00630   0.39646   0.00870   0.13497   0.08349   0.09611   0.15192   0.08807   0.04326   0.12150   0.00348   0.11492   0.02035   0.10257   0.06368   0.21156   0.21068   0.00097   0.25943   0.00081   0.00097   0.10688   0.09783   0.08886   0.14138   0.07969   0.10208   0.09670   0.11365   0.00418   0.02503   0.04517   0.04991   0.03005   0.01910   0.07392   0.00299   0.08315   0.08280   0.07594   0.03036   0.02518   0.04992   0.09847   0.08318   3.29557   0.68088   0.58330   2.46930  
 99  0.1749  17257.956636  x:  0.00000   0.02745   0.07465   0.06610   0.02141   0.05313   0.14078   0.00000   0.42343   0.06701   0.00630   0.39644   0.00869   0.13517   0.08342   0.09619   0.15194   0.08807   0.04327   0.12135   0.00349   0.11479   0.02036   0.10238   0.06369   0.21157   0.21066   0.00097   0.25943   0.00081   0.00098   0.10685   0.09764   0.08896   0.14141   0.08010   0.10201   0.09663   0.11365   0.00417   0.02503   0.04517   0.04991   0.03005   0.01911   0.07394   0.00300   0.08292   0.08311   0.07590   0.03036   0.02519   0.04993   0.09841   0.08329   3.29562   0.68076   0.58370   2.47251  
100  0.4980  17257.893427  x:  0.00000   0.02745   0.07477   0.06610   0.02131   0.05299   0.14017   0.00000   0.42264   0.06685   0.00625   0.39598   0.00856   0.13742   0.08334   0.09580   0.15198   0.08860   0.04320   0.11956   0.00374   0.11528   0.02037   0.10312   0.06376   0.21137   0.21034   0.00106   0.25955   0.00089   0.00109   0.10639   0.09776   0.08808   0.14130   0.07985   0.10245   0.09660   0.11340   0.00365   0.02512   0.04511   0.04982   0.03005   0.01928   0.07393   0.00340   0.08339   0.08260   0.07587   0.03042   0.02520   0.05010   0.09824   0.08300   3.29719   0.67652   0.59751   2.58410  
101 22.1204  17257.852797  x:  0.00000   0.02744   0.07455   0.06630   0.02126   0.05288   0.14046   0.00000   0.42214   0.06669   0.00621   0.39567   0.00853   0.13536   0.08331   0.09577   0.15198   0.08774   0.04333   0.12132   0.00385   0.11505   0.02047   0.10297   0.06375   0.21124   0.21014   0.00107   0.25963   0.00095   0.00115   0.10619   0.09832   0.08917   0.14126   0.07970   0.10257   0.09693   0.11366   0.00332   0.02517   0.04506   0.04977   0.03004   0.01938   0.07394   0.00366   0.08302   0.08295   0.07578   0.03047   0.02522   0.05017   0.09808   0.08316   3.29820   0.67378   0.60633   2.65575  
102 209.5241  17257.850923  x:  0.00000   0.02744   0.07475   0.06622   0.02126   0.05284   0.14053   0.00000   0.42211   0.06672   0.00620   0.39565   0.00853   0.13504   0.08328   0.09583   0.15199   0.08803   0.04327   0.12162   0.00385   0.11497   0.02048   0.10289   0.06374   0.21124   0.21014   0.00109   0.25963   0.00095   0.00115   0.10614   0.09810   0.08880   0.14128   0.07989   0.10257   0.09680   0.11363   0.00330   0.02518   0.04506   0.04976   0.03005   0.01939   0.07395   0.00367   0.08317   0.08287   0.07580   0.03046   0.02522   0.05019   0.09804   0.08309   3.29825   0.67363   0.60676   2.65905  
103 20.1166  17257.850892  x:  0.00000   0.02744   0.07470   0.06624   0.02126   0.05284   0.14053   0.00000   0.42211   0.06671   0.00620   0.39565   0.00853   0.13504   0.08329   0.09583   0.15199   0.08805   0.04326   0.12164   0.00385   0.11496   0.02048   0.10289   0.06374   0.21124   0.21014   0.00109   0.25963   0.00095   0.00115   0.10614   0.09809   0.08876   0.14128   0.07987   0.10257   0.09680   0.11361   0.00330   0.02518   0.04506   0.04976   0.03005   0.01939   0.07395   0.00367   0.08313   0.08288   0.07579   0.03046   0.02522   0.05019   0.09804   0.08310   3.29825   0.67362   0.60676   2.65907  
104  0.4323  17257.849953  x:  0.00000   0.02744   0.07476   0.06622   0.02125   0.05285   0.14048   0.00000   0.42214   0.06672   0.00620   0.39566   0.00853   0.13535   0.08328   0.09584   0.15199   0.08799   0.04326   0.12202   0.00384   0.11496   0.02049   0.10289   0.06373   0.21126   0.21015   0.00109   0.25962   0.00095   0.00115   0.10616   0.09808   0.08882   0.14129   0.07989   0.10253   0.09686   0.11326   0.00329   0.02517   0.04507   0.04976   0.03005   0.01939   0.07395   0.00366   0.08317   0.08284   0.07580   0.03046   0.02522   0.05019   0.09802   0.08309   3.29826   0.67370   0.60664   2.65869  
105  0.0709  17257.829582  x:  0.00000   0.02748   0.07467   0.06615   0.02109   0.05293   0.14038   0.00000   0.42270   0.06683   0.00623   0.39590   0.00852   0.13623   0.08330   0.09574   0.15198   0.08824   0.04318   0.12290   0.00380   0.11497   0.02052   0.10279   0.06368   0.21171   0.21028   0.00112   0.25946   0.00090   0.00100   0.10626   0.09811   0.08882   0.14131   0.07972   0.10260   0.09629   0.11479   0.00307   0.02504   0.04512   0.04977   0.03006   0.01942   0.07393   0.00361   0.08325   0.08305   0.07586   0.03045   0.02521   0.05016   0.09809   0.08307   3.29841   0.67446   0.60413   2.64983  
106  2.0772  17257.800470  x:  0.00000   0.02751   0.07471   0.06602   0.02086   0.05298   0.14071   0.00000   0.42354   0.06695   0.00627   0.39628   0.00852   0.13521   0.08344   0.09569   0.15205   0.08813   0.04317   0.12152   0.00381   0.11505   0.02050   0.10262   0.06365   0.21238   0.21051   0.00116   0.25926   0.00082   0.00081   0.10638   0.09777   0.08890   0.14139   0.07984   0.10227   0.09685   0.11373   0.00276   0.02487   0.04522   0.04977   0.03008   0.01945   0.07389   0.00356   0.08312   0.08260   0.07610   0.03039   0.02518   0.05011   0.09802   0.08327   3.29860   0.67471   0.60088   2.63724  
107 28.4491  17257.799881  x:  0.00000   0.02753   0.07471   0.06603   0.02086   0.05298   0.14072   0.00000   0.42356   0.06698   0.00627   0.39629   0.00853   0.13516   0.08341   0.09570   0.15205   0.08814   0.04317   0.12145   0.00381   0.11505   0.02050   0.10262   0.06365   0.21239   0.21051   0.00116   0.25926   0.00082   0.00080   0.10639   0.09783   0.08893   0.14138   0.07974   0.10227   0.09665   0.11358   0.00275   0.02486   0.04522   0.04977   0.03008   0.01945   0.07389   0.00355   0.08324   0.08284   0.07605   0.03040   0.02518   0.05012   0.09801   0.08317   3.29861   0.67469   0.60082   2.63698  
108  3.3714  17257.799865  x:  0.00000   0.02753   0.07471   0.06603   0.02086   0.05298   0.14072   0.00000   0.42356   0.06698   0.00627   0.39629   0.00853   0.13515   0.08341   0.09570   0.15206   0.08814   0.04317   0.12145   0.00381   0.11505   0.02050   0.10262   0.06365   0.21239   0.21051   0.00116   0.25926   0.00082   0.00080   0.10639   0.09785   0.08894   0.14138   0.07974   0.10228   0.09660   0.11357   0.00275   0.02486   0.04522   0.04977   0.03008   0.01945   0.07389   0.00355   0.08322   0.08281   0.07605   0.03039   0.02518   0.05012   0.09802   0.08318   3.29861   0.67469   0.60082   2.63697  
109  0.2664  17257.779770  x:  0.00000   0.02759   0.07476   0.06590   0.02068   0.05304   0.14070   0.00000   0.42280   0.06712   0.00631   0.39570   0.00862   0.13495   0.08342   0.09595   0.15185   0.08813   0.04320   0.12133   0.00365   0.11498   0.02043   0.10243   0.06359   0.21173   0.21056   0.00110   0.25928   0.00078   0.00101   0.10653   0.09781   0.08886   0.14125   0.07945   0.10213   0.09654   0.11339   0.00258   0.02460   0.04527   0.04976   0.03008   0.01933   0.07388   0.00324   0.08308   0.08275   0.07582   0.03037   0.02520   0.05004   0.09814   0.08346   3.29742   0.67614   0.60138   2.62727  
110  0.0236  17257.778929  x:  0.00000   0.02760   0.07455   0.06598   0.02067   0.05305   0.14069   0.00000   0.42277   0.06709   0.00631   0.39568   0.00862   0.13494   0.08345   0.09597   0.15184   0.08814   0.04320   0.12132   0.00364   0.11498   0.02043   0.10242   0.06360   0.21171   0.21056   0.00109   0.25928   0.00078   0.00102   0.10654   0.09779   0.08891   0.14126   0.07961   0.10212   0.09652   0.11339   0.00258   0.02459   0.04528   0.04976   0.03008   0.01932   0.07388   0.00323   0.08312   0.08272   0.07604   0.03035   0.02517   0.05005   0.09814   0.08318   3.29737   0.67620   0.60140   2.62687  
111  4.5537  17257.774505  x:  0.00000   0.02761   0.07458   0.06599   0.02072   0.05303   0.14070   0.00000   0.42272   0.06703   0.00624   0.39567   0.00863   0.13484   0.08341   0.09600   0.15183   0.08807   0.04322   0.12139   0.00352   0.11492   0.02036   0.10246   0.06358   0.21164   0.21055   0.00098   0.25921   0.00096   0.00098   0.10658   0.09777   0.08886   0.14126   0.07961   0.10207   0.09657   0.11341   0.00262   0.02452   0.04522   0.04979   0.03007   0.01917   0.07389   0.00319   0.08311   0.08273   0.07600   0.03033   0.02516   0.05006   0.09820   0.08317   3.29691   0.67748   0.59721   2.58892  
112  0.0412  17257.773279  x:  0.00000   0.02761   0.07456   0.06600   0.02078   0.05301   0.14066   0.00000   0.42246   0.06702   0.00622   0.39544   0.00863   0.13488   0.08340   0.09595   0.15182   0.08808   0.04323   0.12147   0.00345   0.11491   0.02036   0.10257   0.06358   0.21162   0.21062   0.00103   0.25916   0.00089   0.00097   0.10653   0.09782   0.08886   0.14127   0.07965   0.10214   0.09661   0.11344   0.00260   0.02455   0.04523   0.04978   0.03008   0.01919   0.07389   0.00322   0.08310   0.08278   0.07599   0.03034   0.02516   0.05006   0.09820   0.08315   3.29654   0.67800   0.59502   2.56741  
113  0.0178  17257.773169  x:  0.00000   0.02761   0.07455   0.06601   0.02078   0.05301   0.14066   0.00000   0.42245   0.06701   0.00623   0.39545   0.00863   0.13490   0.08340   0.09595   0.15183   0.08809   0.04323   0.12145   0.00347   0.11492   0.02037   0.10256   0.06359   0.21164   0.21058   0.00101   0.25918   0.00090   0.00098   0.10651   0.09783   0.08886   0.14127   0.07965   0.10216   0.09659   0.11343   0.00258   0.02457   0.04523   0.04977   0.03007   0.01921   0.07389   0.00323   0.08309   0.08277   0.07599   0.03034   0.02516   0.05008   0.09818   0.08315   3.29631   0.67817   0.59448   2.56232  
114  0.0049  17257.773158  x:  0.00000   0.02760   0.07456   0.06601   0.02077   0.05301   0.14066   0.00000   0.42244   0.06701   0.00623   0.39543   0.00863   0.13489   0.08339   0.09595   0.15183   0.08809   0.04323   0.12145   0.00348   0.11493   0.02037   0.10256   0.06359   0.21165   0.21058   0.00102   0.25918   0.00090   0.00098   0.10651   0.09783   0.08886   0.14127   0.07965   0.10215   0.09659   0.11343   0.00259   0.02457   0.04523   0.04977   0.03007   0.01921   0.07389   0.00323   0.08309   0.08278   0.07599   0.03035   0.02516   0.05007   0.09817   0.08315   3.29622   0.67825   0.59435   2.56066  
115  0.0015  17257.773157  x:  0.00000   0.02761   0.07456   0.06601   0.02077   0.05301   0.14066   0.00000   0.42244   0.06701   0.00623   0.39543   0.00863   0.13489   0.08339   0.09595   0.15183   0.08808   0.04323   0.12146   0.00348   0.11492   0.02037   0.10256   0.06359   0.21164   0.21058   0.00102   0.25918   0.00090   0.00098   0.10651   0.09783   0.08886   0.14127   0.07965   0.10215   0.09660   0.11343   0.00258   0.02457   0.04523   0.04977   0.03007   0.01921   0.07389   0.00323   0.08309   0.08278   0.07599   0.03034   0.02516   0.05007   0.09818   0.08315   3.29623   0.67825   0.59436   2.56071  
116  0.0001  17257.773157  x:  0.00000   0.02761   0.07456   0.06601   0.02077   0.05301   0.14066   0.00000   0.42244   0.06701   0.00623   0.39543   0.00863   0.13489   0.08339   0.09595   0.15183   0.08808   0.04323   0.12146   0.00348   0.11492   0.02037   0.10256   0.06359   0.21164   0.21058   0.00102   0.25918   0.00090   0.00098   0.10651   0.09783   0.08886   0.14127   0.07965   0.10215   0.09660   0.11343   0.00258   0.02457   0.04523   0.04977   0.03007   0.01921   0.07389   0.00323   0.08309   0.08278   0.07599   0.03034   0.02516   0.05007   0.09818   0.08315   3.29623   0.67825   0.59436   2.56070  