Supplemental results for CODEML (seqf: msh4.fasta  treef: msh4_tree.txt)


MLEs of dN/dS (w) for site classes (K=6)

p:   0.17746  0.17746  0.17746  0.17746  0.17746  0.11268
w:   0.00014  0.00494  0.02651  0.08687  0.26238  1.00000

Naive Empirical Bayes (NEB) probabilities for 6 classes & postmean_w
(amino acids refer to 1st sequence: Dromaius_novaehollandiae)

   1 A   0.00000 0.00000 0.00000 0.00000 0.00004 0.99996 ( 6)  1.000
   2 G   0.00000 0.00045 0.01201 0.10425 0.51411 0.36918 ( 5)  0.513
   3 R   0.00000 0.00000 0.00001 0.00109 0.05499 0.94391 ( 6)  0.958
   4 A   0.00000 0.00000 0.00000 0.00001 0.00491 0.99508 ( 6)  0.996
   5 G   0.00000 0.00000 0.00000 0.00000 0.00002 0.99998 ( 6)  1.000
   6 I   0.00000 0.00000 0.00000 0.00000 0.00098 0.99902 ( 6)  0.999
   7 S   0.00000 0.00000 0.00001 0.00085 0.04510 0.95405 ( 6)  0.966
   8 A   0.00000 0.00000 0.00002 0.00144 0.06896 0.92958 ( 6)  0.948
   9 S   0.00060 0.02029 0.10165 0.27558 0.48095 0.12094 ( 5)  0.274
  10 D   0.00000 0.00000 0.00000 0.00000 0.00154 0.99846 ( 6)  0.999
  11 S   0.00000 0.00043 0.01153 0.10059 0.50332 0.38413 ( 5)  0.525
  12 Y   0.00000 0.00001 0.00095 0.02600 0.34700 0.62604 ( 6)  0.719
  13 T   0.00000 0.00000 0.00000 0.00002 0.00718 0.99280 ( 6)  0.995
  14 G   0.00000 0.00000 0.00047 0.01379 0.21885 0.76688 ( 6)  0.826
  15 R   0.00000 0.00000 0.00023 0.00725 0.13934 0.85317 ( 6)  0.890
  16 C   0.00000 0.00000 0.00000 0.00015 0.02090 0.97895 ( 6)  0.984
  17 S   0.25411 0.24917 0.22814 0.17831 0.08736 0.00290 ( 1)  0.049
  18 S   0.00059 0.01984 0.09959 0.27150 0.48117 0.12731 ( 5)  0.280
  19 A   0.00000 0.00042 0.01127 0.09853 0.49645 0.39332 ( 5)  0.532
  20 G   0.00000 0.00000 0.00002 0.00146 0.06955 0.92898 ( 6)  0.947
  21 L   0.00000 0.00000 0.00000 0.00006 0.01020 0.98974 ( 6)  0.992
  22 G   0.00000 0.00000 0.00050 0.01457 0.22764 0.75728 ( 6)  0.818
  23 A   0.00000 0.00034 0.00925 0.08286 0.44643 0.46112 ( 6)  0.586
  24 P   0.00000 0.00029 0.00780 0.07106 0.40334 0.51751 ( 6)  0.630
  25 R   0.00000 0.00039 0.01044 0.09224 0.47794 0.41899 ( 5)  0.553
  26 Y   0.00077 0.02599 0.12720 0.32304 0.46742 0.05559 ( 5)  0.210
  27 T   0.24915 0.24477 0.22603 0.18092 0.09494 0.00418 ( 1)  0.052
  28 L   0.00049 0.01670 0.08486 0.23933 0.46855 0.19007 ( 5)  0.336
  29 G   0.24658 0.24248 0.22488 0.18217 0.09891 0.00497 ( 1)  0.054
  30 L   0.23305 0.23023 0.21794 0.18695 0.11984 0.01199 ( 1)  0.067
  31 L   0.22656 0.22424 0.21413 0.18822 0.12949 0.01735 ( 1)  0.075
  32 Q   0.00057 0.01940 0.09755 0.26730 0.48066 0.13452 ( 5)  0.287
  33 T   0.25030 0.24579 0.22654 0.18034 0.09316 0.00386 ( 1)  0.051
  34 P   0.24283 0.23911 0.22310 0.18379 0.10476 0.00642 ( 1)  0.057
  35 R   0.00000 0.00000 0.00002 0.00184 0.08388 0.91426 ( 6)  0.936
  36 S   0.26319 0.25712 0.23153 0.17274 0.07399 0.00142 ( 1)  0.043
  37 S   0.26251 0.25653 0.23131 0.17322 0.07494 0.00148 ( 1)  0.044
  38 T   0.00000 0.00000 0.00000 0.00000 0.00172 0.99828 ( 6)  0.999
  39 G   0.00066 0.02222 0.11050 0.29331 0.48114 0.09217 ( 5)  0.247
  40 A   0.00000 0.00000 0.00000 0.00001 0.00564 0.99435 ( 6)  0.996
  41 F   0.00000 0.00000 0.00000 0.00000 0.00001 0.99999 ( 6)  1.000
  42 S   0.00000 0.00040 0.01069 0.09413 0.48331 0.41148 ( 5)  0.547
  43 S   0.00087 0.02916 0.14092 0.34529 0.44984 0.03393 ( 5)  0.186
  44 D   0.00000 0.00050 0.01334 0.11408 0.53953 0.33255 ( 5)  0.484
  45 G   0.00000 0.00043 0.01143 0.09988 0.50144 0.38682 ( 5)  0.527
  46 G   0.24778 0.24355 0.22543 0.18162 0.09705 0.00456 ( 1)  0.053
  47 L   0.00000 0.00000 0.00062 0.01750 0.26092 0.72096 ( 6)  0.791
  48 A   0.00000 0.00000 0.00006 0.00489 0.17980 0.81525 ( 6)  0.863
  49 R   0.00000 0.00000 0.00000 0.00001 0.00445 0.99554 ( 6)  0.997
  50 G   0.00000 0.00000 0.00000 0.00000 0.00114 0.99886 ( 6)  0.999
  51 Q   0.00000 0.00000 0.00000 0.00003 0.00550 0.99447 ( 6)  0.996
  52 V   0.00000 0.00000 0.00000 0.00000 0.00013 0.99987 ( 6)  1.000
  53 A   0.00000 0.00000 0.00000 0.00015 0.02148 0.97837 ( 6)  0.984
  54 S   0.00000 0.00000 0.00004 0.00360 0.14159 0.85477 ( 6)  0.892
  55 G   0.00000 0.00000 0.00000 0.00000 0.00108 0.99892 ( 6)  0.999
  56 M   0.00000 0.00000 0.00000 0.00000 0.00000 1.00000 ( 6)  1.000
  57 K   0.00000 0.00001 0.00097 0.02687 0.36386 0.60829 ( 6)  0.706
  58 P   0.00000 0.00000 0.00000 0.00001 0.00505 0.99494 ( 6)  0.996
  59 P   0.00000 0.00000 0.00002 0.00157 0.07394 0.92447 ( 6)  0.944
  60 R   0.00000 0.00000 0.00000 0.00000 0.00214 0.99785 ( 6)  0.998
  61 P   0.00000 0.00000 0.00032 0.00957 0.16863 0.82148 ( 6)  0.867
  62 G   0.00000 0.00093 0.02386 0.18524 0.66174 0.12822 ( 5)  0.319
  63 R   0.27336 0.26583 0.23450 0.16529 0.06036 0.00065 ( 1)  0.038
  64 G   0.00000 0.00085 0.02185 0.17253 0.64808 0.15669 ( 5)  0.342
  65 E   0.28836 0.27837 0.23763 0.15278 0.04271 0.00015 ( 1)  0.032
  66 S   0.25922 0.25365 0.23010 0.17526 0.07977 0.00199 ( 1)  0.046
  67 Y   0.27361 0.26605 0.23461 0.16516 0.05997 0.00061 ( 1)  0.038
  68 F   0.00000 0.00000 0.00014 0.01116 0.33415 0.65456 ( 6)  0.743
  69 G   0.25945 0.25387 0.23022 0.17517 0.07938 0.00192 ( 1)  0.045
  70 D   0.27154 0.26430 0.23412 0.16683 0.06253 0.00069 ( 1)  0.039
  71 K   0.00000 0.00173 0.04188 0.27970 0.65171 0.02498 ( 5)  0.221
  72 S   0.28760 0.27775 0.23755 0.15351 0.04343 0.00015 ( 1)  0.033
  73 S   0.26709 0.26049 0.23280 0.17006 0.06853 0.00103 ( 1)  0.041
  74 Y   0.00000 0.00107 0.02710 0.20457 0.67374 0.09352 ( 5)  0.289
  75 A   0.00109 0.03628 0.17029 0.38466 0.39620 0.01148 ( 5)  0.154
  76 E   0.28882 0.27875 0.23770 0.15237 0.04222 0.00014 ( 1)  0.032
  77 N   0.00136 0.04492 0.20372 0.41832 0.32835 0.00333 ( 4)  0.131
  78 A   0.00000 0.00000 0.00000 0.00005 0.01585 0.98410 ( 6)  0.988
  79 S   0.00104 0.03488 0.16465 0.37784 0.40737 0.01421 ( 5)  0.158
  80 T   0.00000 0.00000 0.00000 0.00086 0.08781 0.91132 ( 6)  0.934
  81 V   0.00000 0.00000 0.00002 0.00176 0.08074 0.91748 ( 6)  0.939
  82 N   0.00129 0.04296 0.19628 0.41157 0.34339 0.00451 ( 4)  0.136
  83 L   0.00000 0.00000 0.00000 0.00003 0.01126 0.98871 ( 6)  0.992
  84 S   0.00000 0.00000 0.00000 0.00000 0.00066 0.99934 ( 6)  1.000
  85 S   0.00000 0.00000 0.00000 0.00000 0.00012 0.99988 ( 6)  1.000
  86 S   0.00000 0.00086 0.02206 0.17395 0.65026 0.15287 ( 5)  0.339
  87 S   0.26695 0.26037 0.23275 0.17016 0.06873 0.00104 ( 1)  0.041
  88 A   0.00000 0.00000 0.00000 0.00040 0.04597 0.95363 ( 6)  0.966
  89 P   0.00000 0.00000 0.00000 0.00000 0.00158 0.99842 ( 6)  0.999
  90 G   0.00074 0.02481 0.12208 0.31466 0.47397 0.06374 ( 5)  0.219
  91 L   0.23523 0.23221 0.21911 0.18630 0.11649 0.01065 ( 1)  0.064
  92 N   0.29367 0.28269 0.23828 0.14789 0.03738 0.00009 ( 1)  0.031
  93 S   0.00102 0.03408 0.16141 0.37387 0.41376 0.01586 ( 5)  0.161
  94 T   0.00000 0.00002 0.00306 0.07339 0.66949 0.25403 ( 5)  0.436
  95 C   0.00000 0.00000 0.00014 0.01098 0.32958 0.65930 ( 6)  0.747
  96 I   0.00000 0.00000 0.00000 0.00000 0.00219 0.99781 ( 6)  0.998
  97 G   0.00000 0.00002 0.00249 0.06159 0.61232 0.32358 ( 5)  0.490
  98 K   0.00000 0.00175 0.04235 0.28206 0.65060 0.02324 ( 5)  0.220
  99 T   0.00000 0.00000 0.00000 0.00000 0.00165 0.99835 ( 6)  0.999
 100 P   0.25097 0.24640 0.22685 0.18005 0.09212 0.00360 ( 1)  0.051
 101 L   0.00000 0.00000 0.00004 0.00347 0.13768 0.85882 ( 6)  0.895
 102 S   0.26768 0.26100 0.23298 0.16964 0.06772 0.00097 ( 1)  0.041
 103 S   0.00000 0.00000 0.00000 0.00059 0.06316 0.93625 ( 6)  0.953
 104 T   0.00000 0.00000 0.00000 0.00012 0.03342 0.96646 ( 6)  0.975
 105 R   0.00128 0.04237 0.19406 0.40963 0.34789 0.00478 ( 4)  0.137
 106 S   0.00000 0.00087 0.02237 0.17601 0.65340 0.14735 ( 5)  0.335
 107 V   0.00000 0.00000 0.00000 0.00008 0.02450 0.97542 ( 6)  0.982
 108 C   0.00079 0.02676 0.13060 0.32913 0.46463 0.04808 ( 5)  0.202
 109 R   0.00126 0.04178 0.19182 0.40747 0.35244 0.00523 ( 4)  0.138
 110 S   0.00098 0.03273 0.15589 0.36675 0.42431 0.01934 ( 5)  0.167
 111 H   0.00000 0.00000 0.00023 0.01751 0.45765 0.52462 ( 6)  0.646
 112 T   0.25726 0.25194 0.22939 0.17650 0.08263 0.00228 ( 1)  0.047
 113 P   0.26221 0.25627 0.23121 0.17343 0.07538 0.00151 ( 1)  0.044
 114 L   0.00000 0.00000 0.00007 0.00635 0.21894 0.77463 ( 6)  0.833
 115 R   0.00000 0.00003 0.00345 0.08382 0.74743 0.16528 ( 5)  0.369
 116 G   0.00101 0.03369 0.15980 0.37174 0.41676 0.01699 ( 5)  0.163
 117 Y   0.00102 0.03429 0.16219 0.37454 0.41193 0.01603 ( 5)  0.161
 118 S   0.26241 0.25643 0.23122 0.17320 0.07517 0.00156 ( 1)  0.044
 119 V   0.00098 0.03297 0.15684 0.36785 0.42232 0.01904 ( 5)  0.166
 120 T   0.28331 0.27420 0.23681 0.15725 0.04819 0.00024 ( 1)  0.034
 121 S   0.25205 0.24735 0.22729 0.17945 0.09048 0.00337 ( 1)  0.050
 122 S   0.26206 0.25613 0.23111 0.17344 0.07567 0.00160 ( 1)  0.044
 123 S   0.26697 0.26038 0.23276 0.17015 0.06870 0.00104 ( 1)  0.041
 124 A   0.00107 0.03571 0.16800 0.38201 0.40083 0.01237 ( 5)  0.155
 125 V   0.00000 0.00000 0.00004 0.00379 0.14759 0.84858 ( 6)  0.888
 126 S   0.26768 0.26100 0.23298 0.16964 0.06772 0.00097 ( 1)  0.041
 127 A   0.00000 0.00000 0.00000 0.00060 0.06374 0.93566 ( 6)  0.952
 128 H   0.28333 0.27423 0.23683 0.15725 0.04813 0.00024 ( 1)  0.034
 129 T   0.00000 0.00000 0.00000 0.00075 0.07580 0.92346 ( 6)  0.943
 130 A   0.26926 0.26236 0.23347 0.16851 0.06556 0.00084 ( 1)  0.040
 131 S   0.00081 0.02722 0.13255 0.33195 0.46121 0.04626 ( 5)  0.200
 132 V   0.27081 0.26368 0.23390 0.16735 0.06351 0.00075 ( 1)  0.039
 133 I   0.00112 0.03723 0.17404 0.38878 0.38855 0.01028 ( 4)  0.151
 134 V   0.00116 0.03852 0.17915 0.39466 0.37830 0.00822 ( 4)  0.147
 135 A   0.26533 0.25897 0.23226 0.17132 0.07095 0.00117 ( 1)  0.042
 136 V   0.28059 0.27194 0.23628 0.15958 0.05130 0.00031 ( 1)  0.035
 137 V   0.28098 0.27227 0.23636 0.15924 0.05084 0.00030 ( 1)  0.035
 138 E   0.28935 0.27918 0.23777 0.15189 0.04167 0.00014 ( 1)  0.032
 139 G   0.27013 0.26310 0.23371 0.16786 0.06441 0.00079 ( 1)  0.040
 140 R   0.28882 0.27875 0.23770 0.15237 0.04221 0.00014 ( 1)  0.032
 141 G   0.25709 0.25179 0.22933 0.17661 0.08287 0.00230 ( 1)  0.047
 142 L   0.26768 0.26100 0.23298 0.16964 0.06773 0.00097 ( 1)  0.041
 143 A   0.24988 0.24543 0.22638 0.18060 0.09380 0.00391 ( 1)  0.051
 144 R   0.28816 0.27821 0.23760 0.15296 0.04292 0.00015 ( 1)  0.032
 145 G   0.26861 0.26180 0.23327 0.16899 0.06644 0.00089 ( 1)  0.041
 146 E   0.28897 0.27887 0.23772 0.15224 0.04206 0.00014 ( 1)  0.032
 147 V   0.28056 0.27192 0.23628 0.15960 0.05134 0.00031 ( 1)  0.035
 148 G   0.27373 0.26617 0.23469 0.16512 0.05971 0.00057 ( 1)  0.038
 149 M   0.00156 0.05129 0.22717 0.43661 0.28215 0.00122 ( 4)  0.119
 150 A   0.25140 0.24678 0.22703 0.17983 0.09147 0.00349 ( 1)  0.050
 151 S   0.28708 0.27733 0.23747 0.15396 0.04399 0.00016 ( 1)  0.033
 152 I   0.28630 0.27666 0.23728 0.15459 0.04498 0.00019 ( 1)  0.033
 153 D   0.27678 0.26875 0.23547 0.16274 0.05583 0.00043 ( 1)  0.037
 154 L   0.25641 0.25118 0.22900 0.17691 0.08396 0.00254 ( 1)  0.047
 155 K   0.29273 0.28192 0.23813 0.14873 0.03839 0.00010 ( 1)  0.031
 156 N   0.29435 0.28325 0.23835 0.14725 0.03671 0.00008 ( 1)  0.030
 157 P   0.26197 0.25606 0.23113 0.17358 0.07572 0.00154 ( 1)  0.044
 158 E   0.26678 0.26022 0.23270 0.17029 0.06896 0.00105 ( 1)  0.041
 159 V   0.00000 0.00000 0.00009 0.00764 0.25192 0.74035 ( 6)  0.807
 160 I   0.00000 0.00203 0.04833 0.30797 0.62741 0.01426 ( 5)  0.207
 161 L   0.25378 0.24886 0.22794 0.17839 0.08793 0.00312 ( 1)  0.049
 162 S   0.26259 0.25659 0.23129 0.17308 0.07491 0.00154 ( 1)  0.044
 163 Q   0.26140 0.25556 0.23089 0.17388 0.07660 0.00168 ( 1)  0.044
 164 F   0.28190 0.27303 0.23656 0.15848 0.04976 0.00027 ( 1)  0.035
 165 A   0.00105 0.03500 0.16514 0.37852 0.40649 0.01380 ( 5)  0.158
 166 D   0.27273 0.26532 0.23443 0.16590 0.06100 0.00063 ( 1)  0.039
 167 N   0.29405 0.28301 0.23832 0.14753 0.03701 0.00009 ( 1)  0.030
 168 T   0.28172 0.27288 0.23649 0.15860 0.05002 0.00028 ( 1)  0.035
 169 T   0.27397 0.26636 0.23474 0.16492 0.05944 0.00057 ( 1)  0.038
 170 Y   0.27397 0.26636 0.23470 0.16487 0.05950 0.00059 ( 1)  0.038
 171 A   0.00071 0.02389 0.11799 0.30735 0.47730 0.07277 ( 5)  0.228
 172 K   0.27315 0.26566 0.23451 0.16554 0.06052 0.00062 ( 1)  0.038
 173 V   0.27099 0.26383 0.23395 0.16721 0.06328 0.00073 ( 1)  0.039
 174 I   0.00107 0.03586 0.16856 0.38237 0.39950 0.01264 ( 5)  0.155
 175 T   0.27376 0.26619 0.23468 0.16509 0.05970 0.00058 ( 1)  0.038
 176 K   0.29510 0.28384 0.23837 0.14650 0.03611 0.00008 ( 1)  0.030
 177 L   0.25136 0.24674 0.22700 0.17982 0.09154 0.00354 ( 1)  0.050
 178 K   0.00105 0.03512 0.16555 0.37863 0.40531 0.01433 ( 5)  0.158
 179 I   0.28064 0.27196 0.23621 0.15944 0.05142 0.00034 ( 1)  0.035
 180 L   0.25654 0.25130 0.22906 0.17684 0.08377 0.00250 ( 1)  0.047
 181 T   0.00092 0.03109 0.15021 0.36464 0.43730 0.01584 ( 5)  0.166
 182 P   0.26892 0.26206 0.23337 0.16876 0.06602 0.00087 ( 1)  0.040
 183 L   0.24533 0.24134 0.22424 0.18262 0.10087 0.00559 ( 1)  0.055
 184 E   0.28933 0.27917 0.23777 0.15191 0.04169 0.00014 ( 1)  0.032
 185 I   0.30028 0.28798 0.23874 0.14152 0.03144 0.00005 ( 1)  0.028
 186 I   0.30189 0.28927 0.23883 0.13995 0.03003 0.00004 ( 1)  0.028
 187 M   0.30134 0.28886 0.23889 0.14055 0.03033 0.00004 ( 1)  0.028
 188 S   0.00000 0.00001 0.00149 0.03924 0.46355 0.49571 ( 6)  0.621
 189 N   0.28292 0.27387 0.23671 0.15757 0.04867 0.00026 ( 1)  0.034
 190 T   0.27277 0.26535 0.23442 0.16585 0.06098 0.00064 ( 1)  0.039
 191 A   0.00090 0.03026 0.14558 0.35234 0.44255 0.02837 ( 5)  0.179
 192 C   0.27588 0.26798 0.23524 0.16344 0.05699 0.00047 ( 1)  0.037
 193 D   0.00130 0.04309 0.19688 0.41253 0.34210 0.00410 ( 4)  0.135
 194 A   0.00000 0.00002 0.00274 0.06700 0.64189 0.28835 ( 5)  0.463
 195 G   0.25609 0.25092 0.22895 0.17721 0.08436 0.00247 ( 1)  0.047
 196 N   0.28235 0.27341 0.23663 0.15808 0.04927 0.00026 ( 1)  0.035
 197 T   0.00000 0.00113 0.02859 0.21290 0.67509 0.08228 ( 5)  0.279
 198 T   0.00120 0.04007 0.18519 0.40092 0.36596 0.00666 ( 4)  0.143
 199 K   0.29536 0.28405 0.23840 0.14626 0.03586 0.00008 ( 1)  0.030
 200 L   0.24739 0.24320 0.22523 0.18175 0.09767 0.00475 ( 1)  0.053
 201 F   0.27226 0.26491 0.23429 0.16624 0.06164 0.00067 ( 1)  0.039
 202 G   0.00000 0.00000 0.00019 0.01510 0.41464 0.57006 ( 6)  0.680
 203 L   0.23826 0.23497 0.22074 0.18539 0.11184 0.00880 ( 1)  0.061
 204 I   0.00156 0.05134 0.22724 0.43604 0.28243 0.00139 ( 4)  0.120
 205 T   0.00119 0.03950 0.18297 0.39856 0.37049 0.00731 ( 4)  0.144
 206 E   0.28569 0.27617 0.23721 0.15517 0.04557 0.00019 ( 1)  0.033
 207 H   0.28500 0.27562 0.23714 0.15581 0.04623 0.00020 ( 1)  0.034
 208 F   0.00093 0.03135 0.15016 0.35888 0.43466 0.02402 ( 5)  0.173
 209 K   0.27690 0.26883 0.23541 0.16254 0.05587 0.00046 ( 1)  0.037
 210 N   0.29242 0.28168 0.23814 0.14906 0.03861 0.00010 ( 1)  0.031
 211 V   0.25548 0.25038 0.22869 0.17755 0.08529 0.00261 ( 1)  0.048
 212 T   0.27034 0.26328 0.23375 0.16767 0.06417 0.00079 ( 1)  0.040
 213 F   0.27953 0.27106 0.23605 0.16044 0.05257 0.00034 ( 1)  0.036
 214 T   0.28311 0.27404 0.23676 0.15741 0.04843 0.00025 ( 1)  0.034
 215 T   0.27206 0.26474 0.23422 0.16637 0.06193 0.00069 ( 1)  0.039
 216 V   0.25490 0.24987 0.22846 0.17788 0.08616 0.00273 ( 1)  0.048
 217 Q   0.25637 0.25115 0.22902 0.17699 0.08399 0.00248 ( 1)  0.047
 218 R   0.28666 0.27697 0.23736 0.15430 0.04453 0.00018 ( 1)  0.033
 219 K   0.00138 0.04568 0.20650 0.42038 0.32290 0.00317 ( 4)  0.130
 220 Y   0.25583 0.25068 0.22880 0.17729 0.08480 0.00260 ( 1)  0.048
 221 F   0.26578 0.25936 0.23240 0.17100 0.07033 0.00113 ( 1)  0.042
 222 N   0.29245 0.28171 0.23814 0.14902 0.03857 0.00010 ( 1)  0.031
 223 E   0.28826 0.27829 0.23762 0.15287 0.04280 0.00015 ( 1)  0.032
 224 T   0.28150 0.27270 0.23645 0.15878 0.05028 0.00029 ( 1)  0.035
 225 K   0.00102 0.03411 0.16142 0.37338 0.41319 0.01689 ( 5)  0.162
 226 G   0.26480 0.25851 0.23208 0.17168 0.07171 0.00123 ( 1)  0.042
 227 L   0.24573 0.24171 0.22447 0.18252 0.10024 0.00533 ( 1)  0.055
 228 E   0.28056 0.27191 0.23623 0.15955 0.05143 0.00033 ( 1)  0.035
 229 Y   0.25983 0.25418 0.23031 0.17487 0.07889 0.00191 ( 1)  0.045
 230 I   0.00000 0.00004 0.00573 0.12191 0.78963 0.08268 ( 5)  0.301
 231 E   0.28546 0.27598 0.23717 0.15536 0.04583 0.00020 ( 1)  0.033
 232 Q   0.25914 0.25359 0.23008 0.17532 0.07988 0.00199 ( 1)  0.046
 233 L   0.24569 0.24167 0.22443 0.18251 0.10031 0.00539 ( 1)  0.055
 234 C   0.27344 0.26592 0.23461 0.16535 0.06009 0.00059 ( 1)  0.038
 235 A   0.27046 0.26338 0.23381 0.16762 0.06396 0.00076 ( 1)  0.040
 236 S   0.26643 0.25992 0.23259 0.17052 0.06946 0.00109 ( 1)  0.042
 237 E   0.28826 0.27829 0.23762 0.15287 0.04280 0.00015 ( 1)  0.032
 238 F   0.26930 0.26239 0.23347 0.16848 0.06552 0.00084 ( 1)  0.040
 239 S   0.27077 0.26365 0.23390 0.16740 0.06354 0.00074 ( 1)  0.039
 240 T   0.25988 0.25424 0.23036 0.17487 0.07878 0.00187 ( 1)  0.045
 241 V   0.00000 0.00000 0.00000 0.00048 0.05402 0.94550 ( 6)  0.960
 242 F   0.26578 0.25936 0.23240 0.17100 0.07033 0.00113 ( 1)  0.042
 243 M   0.29876 0.28680 0.23875 0.14307 0.03257 0.00005 ( 1)  0.029
 244 E   0.26958 0.26263 0.23354 0.16826 0.06516 0.00083 ( 1)  0.040
 245 V   0.00095 0.03176 0.15183 0.36102 0.43142 0.02303 ( 5)  0.172
 246 Q   0.26081 0.25504 0.23067 0.17425 0.07746 0.00177 ( 1)  0.045
 247 S   0.00084 0.02842 0.13771 0.34010 0.45400 0.03892 ( 5)  0.191
 248 K   0.27172 0.26445 0.23412 0.16662 0.06239 0.00071 ( 1)  0.039
 249 Y   0.26315 0.25707 0.23148 0.17273 0.07411 0.00146 ( 1)  0.043
 250 Y   0.25583 0.25068 0.22880 0.17729 0.08480 0.00260 ( 1)  0.048
 251 C   0.27356 0.26602 0.23464 0.16526 0.05994 0.00058 ( 1)  0.038
 252 L   0.26595 0.25950 0.23243 0.17086 0.07013 0.00113 ( 1)  0.042
 253 A   0.27465 0.26695 0.23494 0.16442 0.05852 0.00052 ( 1)  0.038
 254 A   0.26458 0.25832 0.23201 0.17183 0.07201 0.00125 ( 1)  0.043
 255 V   0.00000 0.00086 0.02221 0.17504 0.65274 0.14916 ( 5)  0.336
 256 A   0.00000 0.00106 0.02683 0.20307 0.67350 0.09553 ( 5)  0.291
 257 A   0.26458 0.25832 0.23201 0.17183 0.07201 0.00125 ( 1)  0.043
 258 L   0.24590 0.24187 0.22454 0.18243 0.09998 0.00529 ( 1)  0.055
 259 L   0.24853 0.24422 0.22574 0.18120 0.09590 0.00440 ( 1)  0.053
 260 K   0.29318 0.28229 0.23817 0.14829 0.03797 0.00010 ( 1)  0.031
 261 Y   0.27152 0.26427 0.23404 0.16674 0.06268 0.00074 ( 1)  0.039
 262 V   0.26961 0.26265 0.23355 0.16823 0.06514 0.00083 ( 1)  0.040
 263 E   0.28209 0.27318 0.23654 0.15826 0.04964 0.00028 ( 1)  0.035
 264 F   0.28036 0.27175 0.23624 0.15977 0.05156 0.00032 ( 1)  0.035
 265 I   0.27711 0.26902 0.23548 0.16239 0.05556 0.00044 ( 1)  0.037
 266 Q   0.25969 0.25407 0.23028 0.17499 0.07907 0.00191 ( 1)  0.045
 267 N   0.28740 0.27757 0.23745 0.15361 0.04379 0.00017 ( 1)  0.033
 268 S   0.00000 0.00065 0.01692 0.13972 0.59699 0.24573 ( 5)  0.415
 269 V   0.00081 0.02722 0.13278 0.33378 0.46396 0.04145 ( 5)  0.196
 270 Y   0.27249 0.26510 0.23431 0.16601 0.06142 0.00068 ( 1)  0.039
 271 A   0.26458 0.25832 0.23201 0.17183 0.07201 0.00125 ( 1)  0.043
 272 P   0.26314 0.25708 0.23153 0.17280 0.07405 0.00141 ( 1)  0.043
 273 K   0.29090 0.28043 0.23790 0.15041 0.04023 0.00013 ( 1)  0.031
 274 S   0.25963 0.25401 0.23023 0.17498 0.07919 0.00196 ( 1)  0.045
 275 L   0.25040 0.24588 0.22659 0.18031 0.09302 0.00380 ( 1)  0.051
 276 K   0.27384 0.26625 0.23469 0.16501 0.05963 0.00059 ( 1)  0.038
 277 V   0.25831 0.25286 0.22979 0.17588 0.08107 0.00208 ( 1)  0.046
 278 R   0.00000 0.00001 0.00190 0.04871 0.53445 0.41492 ( 5)  0.559
 279 F   0.26787 0.26117 0.23305 0.16952 0.06744 0.00095 ( 1)  0.041
 280 Q   0.24854 0.24423 0.22576 0.18121 0.09589 0.00438 ( 1)  0.053
 281 G   0.25593 0.25078 0.22889 0.17732 0.08459 0.00249 ( 1)  0.047
 282 S   0.28832 0.27835 0.23766 0.15285 0.04268 0.00014 ( 1)  0.032
 283 E   0.26793 0.26121 0.23305 0.16946 0.06739 0.00095 ( 1)  0.041
 284 K   0.29623 0.28475 0.23847 0.14543 0.03504 0.00007 ( 1)  0.030
 285 T   0.28544 0.27597 0.23718 0.15539 0.04582 0.00020 ( 1)  0.033
 286 A   0.26300 0.25696 0.23148 0.17290 0.07423 0.00142 ( 1)  0.043
 287 M   0.30134 0.28886 0.23889 0.14055 0.03033 0.00004 ( 1)  0.028
 288 I   0.30274 0.28994 0.23885 0.13910 0.02932 0.00003 ( 1)  0.028
 289 D   0.28903 0.27893 0.23777 0.15222 0.04191 0.00013 ( 1)  0.032
 290 S   0.26283 0.25679 0.23137 0.17294 0.07457 0.00151 ( 1)  0.044
 291 S   0.00086 0.02881 0.13940 0.34282 0.45177 0.03633 ( 5)  0.188
 292 S   0.26292 0.25687 0.23140 0.17287 0.07444 0.00150 ( 1)  0.043
 293 A   0.26651 0.25999 0.23263 0.17049 0.06932 0.00107 ( 1)  0.042
 294 Q   0.26460 0.25834 0.23200 0.17179 0.07200 0.00127 ( 1)  0.043
 295 N   0.29516 0.28390 0.23843 0.14649 0.03594 0.00008 ( 1)  0.030
 296 L   0.26105 0.25525 0.23078 0.17414 0.07709 0.00170 ( 1)  0.044
 297 E   0.29068 0.28027 0.23796 0.15068 0.04029 0.00012 ( 1)  0.032
 298 L   0.24785 0.24361 0.22543 0.18152 0.09696 0.00463 ( 1)  0.053
 299 V   0.27865 0.27031 0.23586 0.16118 0.05363 0.00037 ( 1)  0.036
 300 T   0.00000 0.00114 0.02881 0.21412 0.67515 0.08077 ( 5)  0.277
 301 N   0.29461 0.28346 0.23837 0.14700 0.03647 0.00008 ( 1)  0.030
 302 N   0.00113 0.03767 0.17581 0.39091 0.38506 0.00942 ( 4)  0.149
 303 R   0.28973 0.27950 0.23783 0.15154 0.04126 0.00013 ( 1)  0.032
 304 D   0.28903 0.27893 0.23777 0.15222 0.04191 0.00013 ( 1)  0.032
 305 S   0.00094 0.03159 0.15114 0.36015 0.43279 0.02338 ( 5)  0.172
 306 R   0.24689 0.24276 0.22502 0.18202 0.09843 0.00487 ( 1)  0.054
 307 N   0.00139 0.04592 0.20745 0.42145 0.32090 0.00289 ( 4)  0.129
 308 G   0.26987 0.26288 0.23365 0.16807 0.06474 0.00079 ( 1)  0.040
 309 H   0.27153 0.26429 0.23409 0.16680 0.06258 0.00070 ( 1)  0.039
 310 T   0.28067 0.27201 0.23628 0.15948 0.05124 0.00031 ( 1)  0.035
 311 L   0.26789 0.26118 0.23304 0.16949 0.06744 0.00096 ( 1)  0.041
 312 F   0.00111 0.03705 0.17333 0.38810 0.39004 0.01037 ( 5)  0.151
 313 G   0.26934 0.26242 0.23349 0.16846 0.06545 0.00083 ( 1)  0.040
 314 V   0.00000 0.00000 0.00005 0.00470 0.17431 0.82093 ( 6)  0.867
 315 L   0.25040 0.24588 0.22657 0.18027 0.09302 0.00385 ( 1)  0.051
 316 N   0.29491 0.28370 0.23840 0.14672 0.03618 0.00008 ( 1)  0.030
 317 Y   0.26319 0.25711 0.23149 0.17268 0.07406 0.00147 ( 1)  0.043
 318 T   0.27310 0.26563 0.23452 0.16559 0.06054 0.00062 ( 1)  0.038
 319 K   0.00143 0.04736 0.21276 0.42550 0.31048 0.00247 ( 4)  0.127
 320 T   0.27446 0.26678 0.23487 0.16455 0.05881 0.00054 ( 1)  0.038
 321 S   0.00000 0.00087 0.02229 0.17558 0.65348 0.14778 ( 5)  0.335
 322 G   0.26978 0.26280 0.23362 0.16813 0.06485 0.00080 ( 1)  0.040
 323 G   0.27474 0.26702 0.23495 0.16434 0.05843 0.00052 ( 1)  0.038
 324 S   0.28878 0.27873 0.23773 0.15244 0.04219 0.00014 ( 1)  0.032
 325 R   0.24735 0.24317 0.22521 0.18177 0.09773 0.00477 ( 1)  0.053
 326 R   0.28878 0.27871 0.23769 0.15241 0.04227 0.00014 ( 1)  0.032
 327 L   0.26429 0.25807 0.23190 0.17201 0.07243 0.00129 ( 1)  0.043
 328 R   0.28496 0.27558 0.23710 0.15581 0.04633 0.00021 ( 1)  0.034
 329 S   0.00000 0.00059 0.01546 0.12961 0.57753 0.27681 ( 5)  0.440
 330 N   0.00139 0.04614 0.20830 0.42223 0.31917 0.00276 ( 4)  0.129
 331 I   0.26536 0.25899 0.23222 0.17123 0.07099 0.00122 ( 1)  0.042
 332 L   0.23216 0.22941 0.21743 0.18717 0.12120 0.01263 ( 1)  0.068
 333 E   0.27315 0.26567 0.23454 0.16558 0.06046 0.00060 ( 1)  0.038
 334 P   0.27091 0.26376 0.23394 0.16730 0.06336 0.00073 ( 1)  0.039
 335 L   0.00076 0.02562 0.12561 0.32064 0.47005 0.05733 ( 5)  0.212
 336 V   0.27165 0.26440 0.23413 0.16671 0.06241 0.00069 ( 1)  0.039
 337 D   0.28903 0.27893 0.23777 0.15222 0.04191 0.00013 ( 1)  0.032
 338 A   0.26542 0.25906 0.23229 0.17126 0.07082 0.00116 ( 1)  0.042
 339 E   0.29068 0.28027 0.23796 0.15068 0.04029 0.00012 ( 1)  0.032
 340 T   0.28544 0.27597 0.23718 0.15539 0.04582 0.00020 ( 1)  0.033
 341 I   0.28061 0.27195 0.23626 0.15953 0.05134 0.00032 ( 1)  0.035
 342 N   0.00118 0.03930 0.18221 0.39783 0.37204 0.00744 ( 4)  0.145
 343 T   0.00000 0.00000 0.00000 0.00107 0.10495 0.89398 ( 6)  0.922
 344 R   0.28907 0.27896 0.23773 0.15214 0.04195 0.00014 ( 1)  0.032
 345 L   0.23261 0.22981 0.21767 0.18703 0.12051 0.01237 ( 1)  0.067
 346 D   0.27383 0.26625 0.23472 0.16504 0.05959 0.00057 ( 1)  0.038
 347 C   0.00000 0.00111 0.02794 0.20945 0.67562 0.08588 ( 5)  0.282
 348 V   0.26891 0.26206 0.23335 0.16875 0.06605 0.00088 ( 1)  0.040
 349 Q   0.24799 0.24374 0.22552 0.18150 0.09673 0.00452 ( 1)  0.053
 350 E   0.29036 0.28001 0.23791 0.15098 0.04063 0.00012 ( 1)  0.032
 351 L   0.00085 0.02863 0.13861 0.34158 0.45289 0.03744 ( 5)  0.190
 352 L   0.25214 0.24743 0.22733 0.17941 0.09035 0.00334 ( 1)  0.050
 353 Q   0.24782 0.24359 0.22545 0.18159 0.09700 0.00456 ( 1)  0.053
 354 D   0.28889 0.27882 0.23775 0.15234 0.04207 0.00014 ( 1)  0.032
 355 E   0.26743 0.26078 0.23291 0.16983 0.06806 0.00099 ( 1)  0.041
 356 E   0.26814 0.26139 0.23312 0.16932 0.06710 0.00093 ( 1)  0.041
 357 M   0.00063 0.02117 0.10571 0.28389 0.48183 0.10678 ( 5)  0.261
 358 F   0.28264 0.27365 0.23670 0.15785 0.04891 0.00025 ( 1)  0.034
 359 F   0.28206 0.27317 0.23658 0.15833 0.04959 0.00027 ( 1)  0.035
 360 G   0.00098 0.03273 0.15586 0.36668 0.42435 0.01940 ( 5)  0.167
 361 L   0.26788 0.26117 0.23304 0.16950 0.06745 0.00096 ( 1)  0.041
 362 Q   0.26487 0.25857 0.23209 0.17161 0.07162 0.00123 ( 1)  0.042
 363 A   0.00000 0.00002 0.00248 0.06137 0.61193 0.32420 ( 5)  0.490
 364 G   0.00097 0.03265 0.15551 0.36608 0.42482 0.01998 ( 5)  0.168
 365 N   0.00087 0.02927 0.14137 0.34587 0.44889 0.03374 ( 5)  0.185
 366 S   0.00000 0.00055 0.01465 0.12408 0.56769 0.29302 ( 5)  0.453
 367 L   0.00000 0.00004 0.00483 0.10647 0.76680 0.12187 ( 5)  0.332
 368 F   0.26737 0.26073 0.23288 0.16986 0.06815 0.00100 ( 1)  0.041
 369 L   0.23181 0.22908 0.21722 0.18722 0.12172 0.01296 ( 1)  0.068
 370 N   0.00127 0.04208 0.19302 0.40889 0.34998 0.00477 ( 4)  0.137
 371 K   0.00101 0.03375 0.16033 0.37398 0.41645 0.01449 ( 5)  0.161
 372 Y   0.00000 0.00145 0.03583 0.25127 0.67038 0.04106 ( 5)  0.240
 373 Q   0.26330 0.25721 0.23156 0.17266 0.07385 0.00141 ( 1)  0.043
 374 T   0.00000 0.00043 0.01139 0.09944 0.49842 0.39032 ( 5)  0.530
 375 P   0.00093 0.03118 0.14944 0.35778 0.43578 0.02489 ( 5)  0.174
 376 P   0.00086 0.02902 0.14027 0.34412 0.45035 0.03537 ( 5)  0.187
 377 T   0.00000 0.00000 0.00011 0.00879 0.27949 0.71162 ( 6)  0.786
 378 F   0.00066 0.02238 0.11120 0.29451 0.48035 0.09090 ( 5)  0.246
 379 V   0.28107 0.27234 0.23638 0.15916 0.05075 0.00030 ( 1)  0.035
 380 N   0.00000 0.00072 0.01871 0.15211 0.62072 0.20774 ( 5)  0.384
 381 F   0.00111 0.03701 0.17317 0.38777 0.39030 0.01064 ( 5)  0.152
 382 F   0.00000 0.00091 0.02332 0.18224 0.66149 0.13204 ( 5)  0.322
 383 Q   0.00101 0.03365 0.15960 0.37125 0.41687 0.01762 ( 5)  0.164
 384 Q   0.00069 0.02323 0.11504 0.30184 0.47887 0.08032 ( 5)  0.235
 385 -   0.28439 0.27511 0.23702 0.15633 0.04693 0.00021 ( 1)  0.034
 386 -   0.27935 0.27090 0.23601 0.16059 0.05280 0.00035 ( 1)  0.036
 387 V   0.27082 0.26369 0.23390 0.16734 0.06351 0.00075 ( 1)  0.039
 388 K   0.29470 0.28352 0.23833 0.14688 0.03648 0.00009 ( 1)  0.030
 389 T   0.27316 0.26568 0.23453 0.16555 0.06048 0.00061 ( 1)  0.038
 390 A   0.26508 0.25876 0.23217 0.17149 0.07130 0.00120 ( 1)  0.042
 391 E   0.28921 0.27907 0.23776 0.15202 0.04180 0.00014 ( 1)  0.032
 392 S   0.26207 0.25613 0.23110 0.17343 0.07566 0.00161 ( 1)  0.044
 393 K   0.29470 0.28352 0.23833 0.14688 0.03648 0.00009 ( 1)  0.030
 394 I   0.30116 0.28869 0.23880 0.14067 0.03065 0.00004 ( 1)  0.028
 395 T   0.00101 0.03377 0.16011 0.37205 0.41605 0.01701 ( 5)  0.163
 396 N   0.29277 0.28196 0.23818 0.14873 0.03827 0.00010 ( 1)  0.031
 397 L   0.00089 0.02993 0.14410 0.34973 0.44411 0.03124 ( 5)  0.182
 398 I   0.26567 0.25925 0.23232 0.17102 0.07055 0.00118 ( 1)  0.042
 399 Y   0.26231 0.25635 0.23120 0.17329 0.07529 0.00156 ( 1)  0.044
 400 L   0.23249 0.22971 0.21762 0.18709 0.12070 0.01239 ( 1)  0.067
 401 K   0.27581 0.26792 0.23518 0.16345 0.05716 0.00049 ( 1)  0.037
 402 H   0.28556 0.27608 0.23724 0.15532 0.04561 0.00019 ( 1)  0.033
 403 T   0.27201 0.26470 0.23422 0.16643 0.06197 0.00068 ( 1)  0.039
 404 L   0.25035 0.24584 0.22654 0.18029 0.09310 0.00387 ( 1)  0.051
 405 E   0.28991 0.27964 0.23785 0.15138 0.04109 0.00013 ( 1)  0.032
 406 L   0.26862 0.26180 0.23326 0.16897 0.06646 0.00090 ( 1)  0.041
 407 V   0.26133 0.25550 0.23087 0.17395 0.07669 0.00167 ( 1)  0.044
 408 E   0.27026 0.26320 0.23371 0.16772 0.06431 0.00080 ( 1)  0.040
 409 P   0.26271 0.25670 0.23138 0.17310 0.07466 0.00145 ( 1)  0.044
 410 L   0.24477 0.24085 0.22400 0.18292 0.10173 0.00572 ( 1)  0.055
 411 K   0.29120 0.28068 0.23796 0.15014 0.03989 0.00012 ( 1)  0.031
 412 A   0.26704 0.26045 0.23280 0.17012 0.06857 0.00101 ( 1)  0.041
 413 A   0.00092 0.03088 0.14817 0.35610 0.43819 0.02574 ( 5)  0.176
 414 L   0.00080 0.02701 0.13164 0.33041 0.46219 0.04795 ( 5)  0.202
 415 R   0.00000 0.00159 0.03901 0.26678 0.66232 0.03029 ( 5)  0.228
 416 N   0.00000 0.00000 0.00000 0.00012 0.03335 0.96653 ( 6)  0.975
 417 C   0.27356 0.26602 0.23464 0.16525 0.05994 0.00059 ( 1)  0.038
 418 S   0.00000 0.00000 0.00016 0.01291 0.37062 0.61631 ( 6)  0.715
 419 T   0.00120 0.03997 0.18483 0.40061 0.36668 0.00671 ( 4)  0.143
 420 P   0.00000 0.00001 0.00103 0.02794 0.36716 0.60387 ( 6)  0.703
 421 L   0.23310 0.23027 0.21796 0.18694 0.11978 0.01196 ( 1)  0.067
 422 L   0.25101 0.24642 0.22684 0.17998 0.09209 0.00367 ( 1)  0.051
 423 K   0.00109 0.03625 0.17007 0.38395 0.39635 0.01230 ( 5)  0.154
 424 A   0.26567 0.25926 0.23236 0.17108 0.07049 0.00114 ( 1)  0.042
 425 Y   0.27212 0.26478 0.23422 0.16631 0.06188 0.00069 ( 1)  0.039
 426 Y   0.00080 0.02701 0.13167 0.33063 0.46260 0.04729 ( 5)  0.201
 427 S   0.00000 0.00000 0.00000 0.00045 0.09371 0.90584 ( 6)  0.930
 428 S   0.00000 0.00086 0.02204 0.17400 0.65162 0.15148 ( 5)  0.338
 429 L   0.26861 0.26180 0.23326 0.16897 0.06646 0.00090 ( 1)  0.041
 430 E   0.29071 0.28030 0.23795 0.15065 0.04027 0.00012 ( 1)  0.032
 431 D   0.28961 0.27941 0.23785 0.15169 0.04132 0.00013 ( 1)  0.032
 432 S   0.00000 0.00000 0.00017 0.01328 0.37530 0.61124 ( 6)  0.711
 433 R   0.28027 0.27168 0.23621 0.15983 0.05169 0.00032 ( 1)  0.035
 434 F   0.28305 0.27399 0.23678 0.15749 0.04845 0.00024 ( 1)  0.034
 435 E   0.00000 0.00002 0.00263 0.06460 0.62875 0.30400 ( 5)  0.475
 436 I   0.00000 0.00002 0.00230 0.05788 0.59840 0.34140 ( 5)  0.504
 437 I   0.00000 0.00212 0.05040 0.31685 0.61919 0.01143 ( 5)  0.203
 438 L   0.26894 0.26208 0.23336 0.16874 0.06602 0.00087 ( 1)  0.040
 439 E   0.00132 0.04369 0.19909 0.41433 0.33767 0.00391 ( 4)  0.134
 440 K   0.27435 0.26668 0.23482 0.16461 0.05898 0.00056 ( 1)  0.038
 441 I   0.28433 0.27502 0.23687 0.15623 0.04729 0.00025 ( 1)  0.034
 442 T   0.28600 0.27643 0.23727 0.15490 0.04520 0.00019 ( 1)  0.033
 443 T   0.00000 0.00002 0.00259 0.06364 0.62282 0.31093 ( 5)  0.480
 444 V   0.27781 0.26961 0.23567 0.16186 0.05464 0.00040 ( 1)  0.036
 445 I   0.28115 0.27240 0.23637 0.15907 0.05070 0.00030 ( 1)  0.035
 446 N   0.29554 0.28421 0.23846 0.14613 0.03559 0.00007 ( 1)  0.030
 447 D   0.28794 0.27803 0.23760 0.15320 0.04308 0.00015 ( 1)  0.032
 448 D   0.00130 0.04325 0.19747 0.41307 0.34090 0.00400 ( 4)  0.135
 449 T   0.28154 0.27273 0.23646 0.15875 0.05023 0.00029 ( 1)  0.035
 450 R   0.27417 0.26651 0.23469 0.16464 0.05937 0.00062 ( 1)  0.038
 451 -   0.17746 0.17746 0.17746 0.17746 0.17746 0.11268 ( 4)  0.180
 452 T   0.00000 0.00002 0.00315 0.07546 0.68262 0.23874 ( 5)  0.424
 453 K   0.29684 0.28524 0.23852 0.14485 0.03449 0.00007 ( 1)  0.029
 454 G   0.27525 0.26746 0.23508 0.16393 0.05778 0.00050 ( 1)  0.037
 455 C   0.27591 0.26801 0.23524 0.16342 0.05696 0.00047 ( 1)  0.037
 456 L   0.23294 0.23012 0.21787 0.18698 0.12002 0.01206 ( 1)  0.067
 457 N   0.00000 0.00000 0.00037 0.02710 0.60476 0.36777 ( 5)  0.529
 458 M   0.30197 0.28935 0.23891 0.13993 0.02981 0.00003 ( 1)  0.028
 459 R   0.27108 0.26390 0.23395 0.16712 0.06321 0.00074 ( 1)  0.039
 460 T   0.26016 0.25448 0.23046 0.17470 0.07837 0.00183 ( 1)  0.045
 461 Q   0.25297 0.24816 0.22765 0.17892 0.08911 0.00320 ( 1)  0.049
 462 K   0.29115 0.28063 0.23794 0.15019 0.03998 0.00012 ( 1)  0.031
 463 C   0.26021 0.25452 0.23050 0.17471 0.07827 0.00179 ( 1)  0.045
 464 Y   0.27277 0.26534 0.23439 0.16580 0.06105 0.00066 ( 1)  0.039
 465 A   0.26704 0.26045 0.23280 0.17012 0.06857 0.00101 ( 1)  0.041
 466 V   0.00000 0.00109 0.02751 0.20689 0.67416 0.09035 ( 5)  0.286
 467 K   0.27474 0.26701 0.23491 0.16430 0.05850 0.00054 ( 1)  0.038
 468 P   0.26717 0.26056 0.23284 0.17003 0.06840 0.00101 ( 1)  0.041
 469 N   0.00111 0.03709 0.17348 0.38821 0.38971 0.01040 ( 5)  0.151
 470 V   0.00000 0.00001 0.00136 0.03597 0.43545 0.52721 ( 6)  0.645
 471 N   0.00000 0.00168 0.04080 0.27508 0.65628 0.02616 ( 5)  0.223
 472 E   0.28824 0.27827 0.23761 0.15289 0.04284 0.00015 ( 1)  0.032
 473 F   0.26726 0.26063 0.23285 0.16994 0.06831 0.00101 ( 1)  0.041
 474 L   0.26646 0.25994 0.23260 0.17051 0.06941 0.00108 ( 1)  0.042
 475 D   0.27533 0.26752 0.23508 0.16386 0.05771 0.00050 ( 1)  0.037
 476 I   0.00000 0.00204 0.04856 0.30922 0.62681 0.01337 ( 5)  0.206
 477 A   0.26523 0.25889 0.23222 0.17139 0.07109 0.00118 ( 1)  0.042
 478 R   0.26440 0.25816 0.23195 0.17196 0.07227 0.00127 ( 1)  0.043
 479 R   0.28828 0.27830 0.23762 0.15286 0.04279 0.00015 ( 1)  0.032
 480 T   0.28363 0.27447 0.23686 0.15696 0.04784 0.00024 ( 1)  0.034
 481 Y   0.25665 0.25140 0.22913 0.17682 0.08357 0.00243 ( 1)  0.047
 482 T   0.28360 0.27444 0.23685 0.15700 0.04788 0.00024 ( 1)  0.034
 483 E   0.28921 0.27907 0.23776 0.15202 0.04180 0.00014 ( 1)  0.032
 484 I   0.27897 0.27057 0.23591 0.16089 0.05330 0.00037 ( 1)  0.036
 485 V   0.00098 0.03281 0.15619 0.36699 0.42354 0.01948 ( 5)  0.167
 486 D   0.28758 0.27774 0.23755 0.15352 0.04345 0.00015 ( 1)  0.033
 487 D   0.27180 0.26452 0.23419 0.16662 0.06219 0.00067 ( 1)  0.039
 488 I   0.29989 0.28767 0.23868 0.14187 0.03184 0.00005 ( 1)  0.029
 489 A   0.27683 0.26879 0.23547 0.16270 0.05579 0.00043 ( 1)  0.037
 490 G   0.26987 0.26288 0.23365 0.16807 0.06474 0.00079 ( 1)  0.040
 491 L   0.00000 0.00158 0.03870 0.26558 0.66410 0.03004 ( 5)  0.228
 492 I   0.30061 0.28826 0.23876 0.14119 0.03113 0.00004 ( 1)  0.028
 493 T   0.00000 0.00124 0.03113 0.22684 0.67621 0.06458 ( 5)  0.263
 494 Q   0.26429 0.25807 0.23189 0.17200 0.07245 0.00130 ( 1)  0.043
 495 L   0.26794 0.26122 0.23306 0.16946 0.06738 0.00095 ( 1)  0.041
 496 A   0.27164 0.26439 0.23414 0.16674 0.06240 0.00069 ( 1)  0.039
 497 E   0.28802 0.27809 0.23758 0.15310 0.04306 0.00015 ( 1)  0.032
 498 K   0.27883 0.27045 0.23584 0.16096 0.05352 0.00039 ( 1)  0.036
 499 Y   0.25765 0.25228 0.22951 0.17622 0.08208 0.00225 ( 1)  0.046
 500 N   0.00000 0.00000 0.00000 0.00013 0.03525 0.96462 ( 6)  0.974
 501 L   0.24679 0.24266 0.22495 0.18202 0.09861 0.00498 ( 1)  0.054
 502 P   0.27231 0.26496 0.23433 0.16624 0.06152 0.00064 ( 1)  0.039
 503 M   0.00000 0.00004 0.00460 0.10296 0.76620 0.12621 ( 5)  0.336
 504 R   0.00000 0.00178 0.04315 0.28574 0.64799 0.02133 ( 5)  0.217
 505 T   0.28478 0.27542 0.23707 0.15597 0.04655 0.00021 ( 1)  0.034
 506 S   0.00128 0.04255 0.19480 0.41060 0.34634 0.00443 ( 4)  0.136
 507 F   0.26779 0.26109 0.23303 0.16959 0.06755 0.00095 ( 1)  0.041
 508 S   0.00109 0.03646 0.17100 0.38547 0.39478 0.01120 ( 5)  0.153
 509 S   0.26756 0.26090 0.23295 0.16973 0.06788 0.00098 ( 1)  0.041
 510 A   0.00087 0.02919 0.14109 0.34580 0.45006 0.03298 ( 5)  0.185
 511 R   0.26656 0.26003 0.23265 0.17047 0.06924 0.00105 ( 1)  0.042
 512 G   0.27339 0.26587 0.23460 0.16539 0.06015 0.00059 ( 1)  0.038
 513 F   0.28264 0.27365 0.23670 0.15785 0.04891 0.00025 ( 1)  0.034
 514 F   0.28264 0.27365 0.23670 0.15785 0.04891 0.00025 ( 1)  0.034
 515 I   0.26421 0.25800 0.23186 0.17204 0.07257 0.00132 ( 1)  0.043
 516 Q   0.24795 0.24370 0.22550 0.18152 0.09680 0.00452 ( 1)  0.053
 517 M   0.00000 0.00186 0.04465 0.29187 0.64201 0.01962 ( 5)  0.215
 518 N   0.00000 0.00166 0.04051 0.27388 0.65777 0.02617 ( 5)  0.224
 519 A   0.00000 0.00000 0.00006 0.00496 0.18306 0.81193 ( 6)  0.860
 520 D   0.28903 0.27893 0.23777 0.15222 0.04191 0.00013 ( 1)  0.032
 521 C   0.27588 0.26798 0.23524 0.16344 0.05699 0.00047 ( 1)  0.037
 522 S   0.00087 0.02909 0.14056 0.34455 0.44991 0.03502 ( 5)  0.187
 523 I   0.00000 0.00000 0.00001 0.00239 0.18743 0.81017 ( 6)  0.860
 524 L   0.25605 0.25087 0.22885 0.17710 0.08450 0.00263 ( 1)  0.048
 525 P   0.25100 0.24642 0.22686 0.18004 0.09209 0.00359 ( 1)  0.051
 526 D   0.00000 0.00000 0.00002 0.00510 0.32740 0.66747 ( 6)  0.754
 527 G   0.25363 0.24875 0.22796 0.17862 0.08807 0.00296 ( 1)  0.049
 528 Q   0.00079 0.02674 0.13052 0.32877 0.46413 0.04905 ( 5)  0.203
 529 L   0.26845 0.26166 0.23321 0.16909 0.06668 0.00091 ( 1)  0.041
 530 P   0.26308 0.25703 0.23151 0.17285 0.07412 0.00141 ( 1)  0.043
 531 S   0.26299 0.25694 0.23143 0.17283 0.07433 0.00148 ( 1)  0.043
 532 E   0.28999 0.27970 0.23786 0.15131 0.04101 0.00013 ( 1)  0.032
 533 F   0.28211 0.27321 0.23659 0.15829 0.04952 0.00027 ( 1)  0.035
 534 T   0.28506 0.27565 0.23712 0.15573 0.04624 0.00020 ( 1)  0.034
 535 K   0.27384 0.26625 0.23469 0.16501 0.05963 0.00059 ( 1)  0.038
 536 I   0.00000 0.00077 0.01986 0.15976 0.63233 0.18728 ( 5)  0.368
 537 T   0.27320 0.26571 0.23454 0.16551 0.06042 0.00061 ( 1)  0.038
 538 K   0.29623 0.28475 0.23847 0.14543 0.03504 0.00007 ( 1)  0.030
 539 M   0.00000 0.00000 0.00045 0.03203 0.66594 0.30158 ( 5)  0.479
 540 K   0.00133 0.04400 0.20016 0.41486 0.33560 0.00406 ( 4)  0.134
 541 N   0.27987 0.27134 0.23613 0.16017 0.05217 0.00033 ( 1)  0.036
 542 T   0.00117 0.03890 0.18064 0.39616 0.37524 0.00790 ( 4)  0.146
 543 Y   0.27093 0.26377 0.23389 0.16720 0.06343 0.00077 ( 1)  0.039
 544 S   0.00103 0.03447 0.16299 0.37591 0.41076 0.01485 ( 5)  0.160
 545 F   0.27096 0.26381 0.23393 0.16723 0.06333 0.00074 ( 1)  0.039
 546 T   0.27446 0.26678 0.23487 0.16455 0.05881 0.00054 ( 1)  0.038
 547 S   0.00087 0.02923 0.14116 0.34544 0.44896 0.03434 ( 5)  0.186
 548 A   0.27568 0.26782 0.23520 0.16361 0.05721 0.00047 ( 1)  0.037
 549 D   0.28416 0.27491 0.23698 0.15654 0.04719 0.00022 ( 1)  0.034
 550 L   0.25714 0.25182 0.22929 0.17649 0.08288 0.00238 ( 1)  0.047
 551 I   0.00000 0.00212 0.05025 0.31629 0.61994 0.01141 ( 5)  0.203
 552 K   0.29496 0.28372 0.23836 0.14664 0.03624 0.00008 ( 1)  0.030
 553 M   0.30134 0.28886 0.23889 0.14055 0.03033 0.00004 ( 1)  0.028
 554 N   0.29506 0.28382 0.23842 0.14658 0.03604 0.00008 ( 1)  0.030
 555 E   0.28904 0.27893 0.23772 0.15217 0.04200 0.00014 ( 1)  0.032
 556 R   0.28973 0.27950 0.23783 0.15154 0.04126 0.00013 ( 1)  0.032
 557 C   0.27401 0.26641 0.23477 0.16491 0.05934 0.00056 ( 1)  0.038
 558 Q   0.00067 0.02254 0.11196 0.29613 0.48067 0.08803 ( 5)  0.243
 559 E   0.27554 0.26769 0.23512 0.16366 0.05748 0.00050 ( 1)  0.037
 560 S   0.25264 0.24787 0.22755 0.17914 0.08958 0.00322 ( 1)  0.050
 561 L   0.23224 0.22923 0.21626 0.18451 0.12018 0.01757 ( 1)  0.072
 562 R   0.00129 0.04278 0.19566 0.41117 0.34463 0.00447 ( 4)  0.136
 563 E   0.29068 0.28027 0.23796 0.15068 0.04029 0.00012 ( 1)  0.032
 564 I   0.29832 0.28642 0.23860 0.14340 0.03321 0.00006 ( 1)  0.029
 565 Y   0.27490 0.26714 0.23494 0.16415 0.05832 0.00054 ( 1)  0.038
 566 H   0.26956 0.26262 0.23356 0.16830 0.06515 0.00082 ( 1)  0.040
 567 M   0.30134 0.28886 0.23889 0.14055 0.03033 0.00004 ( 1)  0.028
 568 T   0.25952 0.25392 0.23023 0.17510 0.07930 0.00192 ( 1)  0.045
 569 Y   0.00080 0.02705 0.13184 0.33091 0.46240 0.04699 ( 5)  0.201
 570 L   0.25701 0.25171 0.22923 0.17656 0.08308 0.00242 ( 1)  0.047
 571 I   0.00152 0.05019 0.22304 0.43295 0.29058 0.00171 ( 4)  0.122
 572 V   0.25746 0.25212 0.22947 0.17639 0.08234 0.00223 ( 1)  0.047
 573 C   0.27588 0.26798 0.23524 0.16344 0.05699 0.00047 ( 1)  0.037
 574 K   0.29309 0.28221 0.23816 0.14839 0.03806 0.00010 ( 1)  0.031
 575 L   0.25055 0.24601 0.22663 0.18021 0.09280 0.00380 ( 1)  0.051
 576 L   0.23676 0.23361 0.21996 0.18590 0.11417 0.00959 ( 1)  0.063
 577 N   0.00000 0.00152 0.03726 0.25819 0.66664 0.03639 ( 5)  0.235
 578 E   0.26766 0.26097 0.23297 0.16966 0.06776 0.00097 ( 1)  0.041
 579 I   0.26484 0.25854 0.23206 0.17161 0.07169 0.00126 ( 1)  0.042
 580 Y   0.27456 0.26686 0.23486 0.16442 0.05875 0.00056 ( 1)  0.038
 581 E   0.28893 0.27884 0.23771 0.15226 0.04211 0.00014 ( 1)  0.032
 582 Y   0.00000 0.00110 0.02784 0.20876 0.67480 0.08750 ( 5)  0.283
 583 I   0.28032 0.27171 0.23620 0.15977 0.05168 0.00033 ( 1)  0.035
 584 H   0.28500 0.27562 0.23714 0.15581 0.04623 0.00020 ( 1)  0.034
 585 C   0.26313 0.25707 0.23152 0.17279 0.07407 0.00142 ( 1)  0.043
 586 L   0.24083 0.23730 0.22207 0.18450 0.10787 0.00744 ( 1)  0.059
 587 Y   0.25765 0.25228 0.22951 0.17622 0.08208 0.00225 ( 1)  0.046
 588 K   0.27427 0.26661 0.23479 0.16466 0.05909 0.00057 ( 1)  0.038
 589 L   0.23684 0.23368 0.22000 0.18587 0.11405 0.00957 ( 1)  0.063
 590 S   0.26786 0.26115 0.23303 0.16951 0.06748 0.00096 ( 1)  0.041
 591 D   0.27417 0.26654 0.23480 0.16477 0.05917 0.00056 ( 1)  0.038
 592 V   0.00000 0.00000 0.00001 0.00172 0.14473 0.85354 ( 6)  0.892
 593 V   0.25728 0.25196 0.22940 0.17650 0.08260 0.00226 ( 1)  0.047
 594 S   0.26059 0.25485 0.23060 0.17441 0.07777 0.00178 ( 1)  0.045
 595 M   0.30134 0.28886 0.23889 0.14055 0.03033 0.00004 ( 1)  0.028
 596 L   0.23281 0.23000 0.21779 0.18700 0.12022 0.01219 ( 1)  0.067
 597 D   0.28100 0.27229 0.23639 0.15925 0.05077 0.00029 ( 1)  0.035
 598 M   0.30134 0.28886 0.23889 0.14055 0.03033 0.00004 ( 1)  0.028
 599 L   0.23295 0.23012 0.21786 0.18694 0.11998 0.01215 ( 1)  0.067
 600 L   0.26789 0.26117 0.23304 0.16950 0.06744 0.00095 ( 1)  0.041
 601 S   0.26308 0.25701 0.23146 0.17277 0.07421 0.00148 ( 1)  0.043
 602 F   0.28209 0.27320 0.23659 0.15831 0.04955 0.00027 ( 1)  0.035
 603 A   0.25343 0.24857 0.22788 0.17874 0.08838 0.00301 ( 1)  0.049
 604 H   0.28225 0.27332 0.23662 0.15818 0.04936 0.00026 ( 1)  0.035
 605 A   0.00000 0.00052 0.01365 0.11661 0.54814 0.32108 ( 5)  0.475
 606 C   0.26312 0.25705 0.23151 0.17280 0.07410 0.00143 ( 1)  0.043
 607 T   0.27279 0.26536 0.23443 0.16584 0.06095 0.00063 ( 1)  0.039
 608 L   0.00000 0.00001 0.00138 0.03657 0.44121 0.52083 ( 6)  0.640
 609 S   0.26550 0.25912 0.23229 0.17118 0.07074 0.00117 ( 1)  0.042
 610 D   0.28100 0.27229 0.23639 0.15925 0.05077 0.00029 ( 1)  0.035
 611 Y   0.00104 0.03476 0.16413 0.37700 0.40819 0.01487 ( 5)  0.159
 612 V   0.27184 0.26456 0.23418 0.16657 0.06216 0.00068 ( 1)  0.039
 613 R   0.26656 0.26003 0.23265 0.17047 0.06924 0.00105 ( 1)  0.042
 614 P   0.27323 0.26574 0.23458 0.16554 0.06033 0.00059 ( 1)  0.038
 615 E   0.29068 0.28027 0.23796 0.15068 0.04029 0.00012 ( 1)  0.032
 616 F   0.28264 0.27365 0.23670 0.15785 0.04891 0.00025 ( 1)  0.034
 617 T   0.27282 0.26538 0.23441 0.16579 0.06096 0.00065 ( 1)  0.039
 618 D   0.28874 0.27869 0.23772 0.15248 0.04223 0.00014 ( 1)  0.032
 619 T   0.27406 0.26644 0.23476 0.16486 0.05932 0.00057 ( 1)  0.038
 620 L   0.25715 0.25184 0.22930 0.17649 0.08285 0.00238 ( 1)  0.047
 621 A   0.26765 0.26097 0.23298 0.16968 0.06776 0.00097 ( 1)  0.041
 622 I   0.26421 0.25800 0.23186 0.17204 0.07257 0.00132 ( 1)  0.043
 623 K   0.27555 0.26769 0.23509 0.16362 0.05753 0.00052 ( 1)  0.037
 624 Q   0.24763 0.24341 0.22536 0.18169 0.09730 0.00461 ( 1)  0.053
 625 G   0.27394 0.26635 0.23475 0.16496 0.05944 0.00056 ( 1)  0.038
 626 W   0.00062 0.02102 0.10503 0.28265 0.48234 0.10835 ( 5)  0.262
 627 H   0.28476 0.27542 0.23710 0.15602 0.04650 0.00020 ( 1)  0.034
 628 P   0.25088 0.24632 0.22681 0.18009 0.09226 0.00363 ( 1)  0.051
 629 I   0.28092 0.27221 0.23630 0.15924 0.05101 0.00032 ( 1)  0.035
 630 L   0.26845 0.26166 0.23321 0.16909 0.06668 0.00091 ( 1)  0.041
 631 E   0.29068 0.28027 0.23796 0.15068 0.04029 0.00012 ( 1)  0.032
 632 K   0.27873 0.27037 0.23582 0.16104 0.05364 0.00039 ( 1)  0.036
 633 I   0.30274 0.28994 0.23885 0.13910 0.02932 0.00003 ( 1)  0.028
 634 A   0.26656 0.26004 0.23265 0.17046 0.06924 0.00105 ( 1)  0.042
 635 V   0.00000 0.00000 0.00000 0.00000 0.00683 0.99317 ( 6)  0.995
 636 E   0.28907 0.27895 0.23773 0.15214 0.04196 0.00014 ( 1)  0.032
 637 K   0.29521 0.28392 0.23838 0.14640 0.03601 0.00008 ( 1)  0.030
 638 P   0.26099 0.25521 0.23079 0.17421 0.07712 0.00167 ( 1)  0.044
 639 V   0.25917 0.25362 0.23011 0.17533 0.07980 0.00197 ( 1)  0.046
 640 S   0.00000 0.00000 0.00000 0.00069 0.07117 0.92814 ( 6)  0.947
 641 N   0.27976 0.27125 0.23611 0.16026 0.05229 0.00034 ( 1)  0.036
 642 N   0.00118 0.03920 0.18179 0.39736 0.37287 0.00760 ( 4)  0.145
 643 T   0.00000 0.00115 0.02889 0.21457 0.67522 0.08018 ( 5)  0.277
 644 Y   0.26337 0.25727 0.23156 0.17258 0.07379 0.00143 ( 1)  0.043
 645 L   0.00043 0.01454 0.07463 0.21620 0.45576 0.23844 ( 5)  0.379
 646 T   0.28544 0.27597 0.23718 0.15539 0.04582 0.00020 ( 1)  0.033
 647 E   0.27170 0.26444 0.23414 0.16667 0.06235 0.00069 ( 1)  0.039
 648 G   0.26653 0.26001 0.23264 0.17047 0.06928 0.00106 ( 1)  0.042
 649 S   0.00107 0.03576 0.16820 0.38209 0.40033 0.01255 ( 5)  0.155
 650 S   0.00000 0.00171 0.04148 0.27830 0.65431 0.02421 ( 5)  0.221
 651 F   0.00112 0.03738 0.17466 0.38966 0.38740 0.00978 ( 4)  0.150
 652 V   0.00000 0.00000 0.00000 0.00003 0.00975 0.99022 ( 6)  0.993
 653 I   0.28032 0.27171 0.23620 0.15977 0.05168 0.00033 ( 1)  0.035
 654 I   0.27765 0.26947 0.23561 0.16196 0.05489 0.00042 ( 1)  0.037
 655 T   0.28216 0.27325 0.23659 0.15824 0.04950 0.00027 ( 1)  0.035
 656 G   0.27474 0.26702 0.23495 0.16434 0.05843 0.00052 ( 1)  0.038
 657 P   0.27329 0.26580 0.23459 0.16549 0.06024 0.00059 ( 1)  0.038
 658 N   0.29456 0.28342 0.23836 0.14705 0.03653 0.00008 ( 1)  0.030
 659 M   0.30134 0.28886 0.23889 0.14055 0.03033 0.00004 ( 1)  0.028
 660 S   0.28887 0.27880 0.23774 0.15237 0.04209 0.00014 ( 1)  0.032
 661 G   0.27162 0.26437 0.23413 0.16674 0.06245 0.00069 ( 1)  0.039
 662 K   0.29584 0.28444 0.23844 0.14580 0.03541 0.00008 ( 1)  0.030
 663 S   0.26334 0.25724 0.23155 0.17259 0.07383 0.00145 ( 1)  0.043
 664 T   0.28359 0.27444 0.23686 0.15700 0.04787 0.00024 ( 1)  0.034
 665 Y   0.26678 0.26021 0.23266 0.17022 0.06904 0.00110 ( 1)  0.041
 666 L   0.00069 0.02325 0.11508 0.30168 0.47799 0.08131 ( 5)  0.236
 667 K   0.29578 0.28439 0.23843 0.14585 0.03546 0.00008 ( 1)  0.030
 668 Q   0.24819 0.24391 0.22560 0.18140 0.09643 0.00447 ( 1)  0.053
 669 I   0.28100 0.27227 0.23631 0.15917 0.05093 0.00032 ( 1)  0.035
 670 A   0.26774 0.26105 0.23301 0.16961 0.06763 0.00096 ( 1)  0.041
 671 L   0.25322 0.24838 0.22779 0.17883 0.08870 0.00308 ( 1)  0.049
 672 C   0.27425 0.26661 0.23482 0.16472 0.05905 0.00055 ( 1)  0.038
 673 Q   0.26347 0.25736 0.23162 0.17255 0.07361 0.00140 ( 1)  0.043
 674 I   0.27921 0.27077 0.23595 0.16068 0.05302 0.00037 ( 1)  0.036
 675 M   0.29973 0.28758 0.23881 0.14212 0.03172 0.00004 ( 1)  0.029
 676 A   0.26440 0.25817 0.23194 0.17194 0.07227 0.00128 ( 1)  0.043
 677 Q   0.24671 0.24259 0.22494 0.18211 0.09873 0.00494 ( 1)  0.054
 678 I   0.27873 0.27037 0.23585 0.16107 0.05360 0.00038 ( 1)  0.036
 679 G   0.26810 0.26135 0.23312 0.16936 0.06715 0.00093 ( 1)  0.041
 680 S   0.26578 0.25935 0.23238 0.17097 0.07037 0.00115 ( 1)  0.042
 681 Y   0.27083 0.26369 0.23385 0.16726 0.06358 0.00078 ( 1)  0.040
 682 V   0.25336 0.24851 0.22784 0.17874 0.08849 0.00306 ( 1)  0.049
 683 P   0.26993 0.26292 0.23366 0.16802 0.06468 0.00080 ( 1)  0.040
 684 A   0.27412 0.26650 0.23480 0.16483 0.05920 0.00055 ( 1)  0.038
 685 E   0.27055 0.26344 0.23378 0.16749 0.06394 0.00079 ( 1)  0.040
 686 Y   0.27200 0.26468 0.23417 0.16638 0.06206 0.00071 ( 1)  0.039
 687 C   0.27084 0.26370 0.23390 0.16732 0.06349 0.00075 ( 1)  0.039
 688 S   0.26550 0.25911 0.23229 0.17117 0.07075 0.00118 ( 1)  0.042
 689 F   0.27949 0.27102 0.23605 0.16049 0.05262 0.00035 ( 1)  0.036
 690 R   0.25536 0.25024 0.22851 0.17738 0.08560 0.00291 ( 1)  0.048
 691 I   0.27448 0.26678 0.23478 0.16441 0.05895 0.00059 ( 1)  0.038
 692 A   0.00104 0.03479 0.16428 0.37744 0.40816 0.01430 ( 5)  0.159
 693 E   0.00090 0.03025 0.14553 0.35214 0.44242 0.02877 ( 5)  0.179
 694 Q   0.25608 0.25089 0.22888 0.17711 0.08445 0.00259 ( 1)  0.047
 695 I   0.27883 0.27044 0.23580 0.16090 0.05362 0.00041 ( 1)  0.036
 696 F   0.27678 0.26874 0.23543 0.16270 0.05592 0.00045 ( 1)  0.037
 697 T   0.25500 0.24995 0.22849 0.17781 0.08602 0.00272 ( 1)  0.048
 698 R   0.28641 0.27676 0.23732 0.15452 0.04481 0.00018 ( 1)  0.033
 699 I   0.00150 0.04943 0.22033 0.43124 0.29567 0.00183 ( 4)  0.123
 700 G   0.26735 0.26072 0.23289 0.16989 0.06816 0.00099 ( 1)  0.041
 701 M   0.29812 0.28629 0.23871 0.14368 0.03314 0.00005 ( 1)  0.029
 702 D   0.28536 0.27590 0.23718 0.15548 0.04588 0.00020 ( 1)  0.033
 703 D   0.00123 0.04099 0.18882 0.40475 0.35855 0.00565 ( 4)  0.140
 704 D   0.28606 0.27649 0.23731 0.15487 0.04510 0.00018 ( 1)  0.033
 705 I   0.29560 0.28424 0.23841 0.14602 0.03565 0.00008 ( 1)  0.030
 706 E   0.28767 0.27780 0.23752 0.15340 0.04344 0.00016 ( 1)  0.033
 707 T   0.28254 0.27356 0.23665 0.15790 0.04910 0.00026 ( 1)  0.035
 708 N   0.29206 0.28139 0.23810 0.14939 0.03897 0.00011 ( 1)  0.031
 709 A   0.00091 0.03056 0.14682 0.35409 0.44036 0.02727 ( 5)  0.178
 710 S   0.26081 0.25504 0.23066 0.17423 0.07747 0.00179 ( 1)  0.045
 711 T   0.28166 0.27283 0.23647 0.15864 0.05011 0.00029 ( 1)  0.035
 712 F   0.26529 0.25894 0.23224 0.17134 0.07102 0.00118 ( 1)  0.042
 713 M   0.29812 0.28629 0.23871 0.14368 0.03314 0.00005 ( 1)  0.029
 714 K   0.27146 0.26422 0.23404 0.16681 0.06274 0.00073 ( 1)  0.039
 715 E   0.28767 0.27780 0.23752 0.15340 0.04344 0.00016 ( 1)  0.033
 716 M   0.29812 0.28629 0.23871 0.14368 0.03314 0.00005 ( 1)  0.029
 717 K   0.29309 0.28221 0.23816 0.14838 0.03805 0.00010 ( 1)  0.031
 718 E   0.26494 0.25863 0.23211 0.17156 0.07152 0.00123 ( 1)  0.042
 719 I   0.00149 0.04923 0.21960 0.43077 0.29705 0.00186 ( 4)  0.123
 720 T   0.27701 0.26893 0.23546 0.16248 0.05568 0.00045 ( 1)  0.037
 721 Y   0.25990 0.25424 0.23033 0.17481 0.07881 0.00192 ( 1)  0.045
 722 I   0.26179 0.25590 0.23103 0.17364 0.07603 0.00162 ( 1)  0.044
 723 I   0.00000 0.00195 0.04670 0.30133 0.63441 0.01562 ( 5)  0.209
 724 Q   0.26197 0.25606 0.23110 0.17354 0.07575 0.00158 ( 1)  0.044
 725 N   0.28984 0.27957 0.23779 0.15140 0.04126 0.00014 ( 1)  0.032
 726 A   0.26426 0.25804 0.23190 0.17205 0.07247 0.00129 ( 1)  0.043
 727 N   0.29206 0.28139 0.23810 0.14939 0.03897 0.00011 ( 1)  0.031
 728 D   0.00104 0.03481 0.16438 0.37761 0.40799 0.01417 ( 5)  0.159
 729 K   0.29258 0.28180 0.23810 0.14885 0.03856 0.00011 ( 1)  0.031
 730 S   0.26086 0.25508 0.23067 0.17420 0.07742 0.00178 ( 1)  0.045
 731 L   0.25103 0.24644 0.22685 0.17998 0.09205 0.00365 ( 1)  0.051
 732 I   0.26251 0.25652 0.23127 0.17315 0.07501 0.00154 ( 1)  0.044
 733 I   0.29424 0.28314 0.23825 0.14727 0.03701 0.00009 ( 1)  0.030
 734 I   0.27728 0.26916 0.23551 0.16225 0.05536 0.00044 ( 1)  0.037
 735 D   0.28464 0.27531 0.23704 0.15609 0.04670 0.00021 ( 1)  0.034
 736 E   0.28737 0.27755 0.23747 0.15367 0.04377 0.00017 ( 1)  0.033
 737 L   0.26474 0.25846 0.23204 0.17169 0.07182 0.00126 ( 1)  0.042
 738 G   0.25633 0.25113 0.22903 0.17705 0.08400 0.00245 ( 1)  0.047
 739 R   0.28674 0.27704 0.23738 0.15423 0.04444 0.00018 ( 1)  0.033
 740 G   0.26732 0.26069 0.23288 0.16991 0.06820 0.00100 ( 1)  0.041
 741 T   0.25500 0.24995 0.22849 0.17781 0.08602 0.00272 ( 1)  0.048
 742 S   0.00121 0.04040 0.18651 0.40232 0.36328 0.00628 ( 4)  0.142
 743 A   0.00000 0.00077 0.02000 0.16078 0.63491 0.18354 ( 5)  0.365
 744 E   0.00125 0.04154 0.19087 0.40657 0.35437 0.00540 ( 4)  0.139
 745 E   0.28767 0.27780 0.23752 0.15340 0.04344 0.00016 ( 1)  0.033
 746 G   0.26704 0.26045 0.23279 0.17011 0.06859 0.00102 ( 1)  0.041
 747 I   0.27818 0.26990 0.23568 0.16147 0.05434 0.00042 ( 1)  0.036
 748 G   0.25366 0.24878 0.22797 0.17859 0.08802 0.00297 ( 1)  0.049
 749 I   0.27781 0.26960 0.23564 0.16183 0.05471 0.00042 ( 1)  0.036
 750 C   0.27261 0.26521 0.23439 0.16598 0.06117 0.00064 ( 1)  0.039
 751 Y   0.26917 0.26227 0.23337 0.16849 0.06580 0.00090 ( 1)  0.040
 752 A   0.26409 0.25790 0.23184 0.17216 0.07270 0.00130 ( 1)  0.043
 753 A   0.00000 0.00048 0.01284 0.11054 0.53187 0.34426 ( 5)  0.494
 754 C   0.27244 0.26506 0.23434 0.16611 0.06140 0.00065 ( 1)  0.039
 755 E   0.28767 0.27780 0.23752 0.15340 0.04344 0.00016 ( 1)  0.033
 756 Y   0.27222 0.26487 0.23423 0.16621 0.06177 0.00070 ( 1)  0.039
 757 L   0.23516 0.23215 0.21910 0.18638 0.11663 0.01058 ( 1)  0.064
 758 L   0.24492 0.24098 0.22407 0.18285 0.10151 0.00567 ( 1)  0.055
 759 S   0.00000 0.00003 0.00415 0.09450 0.74312 0.15820 ( 5)  0.361
 760 L   0.25016 0.24566 0.22644 0.18036 0.09341 0.00396 ( 1)  0.051
 761 K   0.27120 0.26400 0.23397 0.16701 0.06308 0.00075 ( 1)  0.039
 762 A   0.27243 0.26506 0.23435 0.16613 0.06139 0.00064 ( 1)  0.039
 763 F   0.27980 0.27128 0.23612 0.16023 0.05223 0.00033 ( 1)  0.036
 764 T   0.28060 0.27194 0.23626 0.15953 0.05135 0.00032 ( 1)  0.035
 765 L   0.24197 0.23833 0.22264 0.18407 0.10610 0.00691 ( 1)  0.058
 766 F   0.27980 0.27128 0.23612 0.16023 0.05223 0.00033 ( 1)  0.036
 767 A   0.26409 0.25790 0.23184 0.17216 0.07270 0.00130 ( 1)  0.043
 768 T   0.28217 0.27325 0.23657 0.15821 0.04952 0.00027 ( 1)  0.035
 769 H   0.28169 0.27286 0.23651 0.15864 0.05001 0.00028 ( 1)  0.035
 770 F   0.26611 0.25964 0.23248 0.17074 0.06991 0.00113 ( 1)  0.042
 771 L   0.23129 0.22860 0.21690 0.18729 0.12247 0.01345 ( 1)  0.069
 772 E   0.28727 0.27748 0.23746 0.15375 0.04387 0.00017 ( 1)  0.033
 773 L   0.23693 0.23376 0.22004 0.18582 0.11389 0.00955 ( 1)  0.063
 774 C   0.27261 0.26521 0.23439 0.16598 0.06117 0.00064 ( 1)  0.039
 775 H   0.28212 0.27322 0.23660 0.15829 0.04951 0.00026 ( 1)  0.035
 776 I   0.00000 0.00196 0.04702 0.30269 0.63310 0.01523 ( 5)  0.209
 777 D   0.28378 0.27460 0.23690 0.15686 0.04764 0.00023 ( 1)  0.034
 778 A   0.00088 0.02965 0.14301 0.34854 0.44675 0.03117 ( 5)  0.183
 779 L   0.00074 0.02491 0.12242 0.31466 0.47170 0.06557 ( 5)  0.220
 780 Y   0.27222 0.26487 0.23423 0.16621 0.06177 0.00070 ( 1)  0.039
 781 P   0.24574 0.24173 0.22449 0.18256 0.10023 0.00526 ( 1)  0.055
 782 N   0.29128 0.28075 0.23799 0.15010 0.03976 0.00012 ( 1)  0.031
 783 V   0.25503 0.24998 0.22851 0.17780 0.08597 0.00270 ( 1)  0.048
 784 E   0.28767 0.27780 0.23752 0.15340 0.04344 0.00016 ( 1)  0.033
 785 N   0.28808 0.27813 0.23755 0.15300 0.04308 0.00016 ( 1)  0.032
 786 Y   0.00077 0.02591 0.12689 0.32263 0.46812 0.05569 ( 5)  0.210
 787 H   0.28212 0.27322 0.23660 0.15829 0.04951 0.00026 ( 1)  0.035
 788 F   0.27980 0.27128 0.23612 0.16023 0.05223 0.00033 ( 1)  0.036
 789 E   0.00125 0.04159 0.19106 0.40672 0.35400 0.00539 ( 4)  0.139
 790 V   0.25528 0.25020 0.22861 0.17766 0.08560 0.00265 ( 1)  0.048
 791 Q   0.25660 0.25136 0.22910 0.17683 0.08365 0.00246 ( 1)  0.047
 792 H   0.28212 0.27322 0.23660 0.15829 0.04951 0.00026 ( 1)  0.035
 793 V   0.00000 0.00059 0.01541 0.12933 0.57790 0.27678 ( 5)  0.440
 794 R   0.28674 0.27704 0.23738 0.15423 0.04444 0.00018 ( 1)  0.033
 795 S   0.27114 0.26396 0.23398 0.16710 0.06310 0.00073 ( 1)  0.039
 796 S   0.00120 0.03986 0.18441 0.40023 0.36757 0.00674 ( 4)  0.143
 797 A   0.00000 0.00001 0.00153 0.04012 0.47134 0.48700 ( 6)  0.614
 798 S   0.00000 0.00000 0.00000 0.00007 0.02155 0.97838 ( 6)  0.984
 799 G   0.00000 0.00000 0.00006 0.00631 0.26257 0.73106 ( 6)  0.801
 800 N   0.00000 0.00104 0.02628 0.19938 0.66829 0.10501 ( 5)  0.298
 801 E   0.26591 0.25946 0.23240 0.17086 0.07021 0.00115 ( 1)  0.042
 802 K   0.29309 0.28221 0.23816 0.14838 0.03805 0.00010 ( 1)  0.031
 803 I   0.27691 0.26884 0.23543 0.16255 0.05582 0.00045 ( 1)  0.037
 804 A   0.00000 0.00000 0.00006 0.00548 0.19603 0.79842 ( 6)  0.850
 805 Y   0.00077 0.02601 0.12732 0.32335 0.46759 0.05496 ( 5)  0.209
 806 T   0.27180 0.26452 0.23415 0.16658 0.06226 0.00070 ( 1)  0.039
 807 Y   0.25569 0.25056 0.22874 0.17737 0.08501 0.00263 ( 1)  0.048
 808 K   0.00000 0.00001 0.00185 0.04886 0.56064 0.38863 ( 5)  0.540
 809 L   0.25701 0.25173 0.22930 0.17665 0.08299 0.00231 ( 1)  0.047
 810 S   0.00090 0.03038 0.14606 0.35290 0.44149 0.02827 ( 5)  0.179
 811 K   0.00137 0.04528 0.20499 0.41906 0.32593 0.00338 ( 4)  0.131
 812 G   0.27094 0.26379 0.23393 0.16725 0.06335 0.00074 ( 1)  0.039
 813 Y   0.00095 0.03174 0.15172 0.36062 0.43121 0.02376 ( 5)  0.172
 814 T   0.28166 0.27283 0.23648 0.15864 0.05009 0.00029 ( 1)  0.035
 815 E   0.00089 0.02999 0.14444 0.35056 0.44423 0.02989 ( 5)  0.181
 816 E   0.28767 0.27780 0.23752 0.15340 0.04344 0.00016 ( 1)  0.033
 817 K   0.00100 0.03344 0.15872 0.37003 0.41843 0.01838 ( 5)  0.165
 818 N   0.27682 0.26878 0.23544 0.16266 0.05586 0.00044 ( 1)  0.037
 819 Y   0.26618 0.25969 0.23245 0.17062 0.06989 0.00117 ( 1)  0.042
 820 G   0.27034 0.26327 0.23375 0.16769 0.06417 0.00078 ( 1)  0.040
 821 L   0.00073 0.02469 0.12148 0.31304 0.47265 0.06740 ( 5)  0.222
 822 K   0.29195 0.28129 0.23802 0.14943 0.03919 0.00012 ( 1)  0.031
 823 A   0.26344 0.25733 0.23162 0.17260 0.07363 0.00138 ( 1)  0.043
 824 A   0.27153 0.26430 0.23410 0.16681 0.06256 0.00070 ( 1)  0.039
 825 E   0.28680 0.27709 0.23739 0.15417 0.04438 0.00018 ( 1)  0.033
 826 V   0.26629 0.25979 0.23253 0.17060 0.06967 0.00111 ( 1)  0.042
 827 S   0.24966 0.24523 0.22626 0.18068 0.09415 0.00402 ( 1)  0.052
 828 S   0.25802 0.25261 0.22967 0.17603 0.08152 0.00216 ( 1)  0.046
 829 L   0.24824 0.24395 0.22558 0.18130 0.09637 0.00456 ( 1)  0.053
 830 P   0.26991 0.26291 0.23365 0.16803 0.06470 0.00080 ( 1)  0.040
 831 P   0.00090 0.03014 0.14502 0.35124 0.44295 0.02976 ( 5)  0.180
 832 S   0.25353 0.24865 0.22789 0.17861 0.08826 0.00307 ( 1)  0.049
 833 I   0.00000 0.00003 0.00350 0.08361 0.72702 0.18585 ( 5)  0.384
 834 I   0.00107 0.03582 0.16836 0.38206 0.39982 0.01288 ( 5)  0.156
 835 L   0.00000 0.00039 0.01057 0.09316 0.47966 0.41621 ( 5)  0.550
 836 D   0.28494 0.27556 0.23711 0.15584 0.04634 0.00020 ( 1)  0.034
 837 A   0.27298 0.26553 0.23450 0.16571 0.06067 0.00061 ( 1)  0.038
 838 R   0.00098 0.03273 0.15580 0.36624 0.42395 0.02030 ( 5)  0.168
 839 E   0.00119 0.03975 0.18393 0.39950 0.36851 0.00712 ( 4)  0.144
 840 I   0.26170 0.25582 0.23099 0.17368 0.07617 0.00164 ( 1)  0.044
 841 T   0.28104 0.27231 0.23635 0.15916 0.05084 0.00031 ( 1)  0.035
 842 N   0.00000 0.00003 0.00414 0.09419 0.74024 0.16140 ( 5)  0.364
 843 H   0.00108 0.03611 0.16957 0.38364 0.39753 0.01207 ( 5)  0.154
 844 I   0.00104 0.03479 0.16418 0.37682 0.40785 0.01532 ( 5)  0.160
 845 A   0.00101 0.03380 0.16025 0.37234 0.41593 0.01666 ( 5)  0.163
 846 R   0.00000 0.00003 0.00447 0.10009 0.75352 0.14189 ( 5)  0.348
 847 Q   0.26173 0.25585 0.23102 0.17369 0.07609 0.00161 ( 1)  0.044
 848 I   0.27674 0.26870 0.23539 0.16268 0.05603 0.00046 ( 1)  0.037
 849 L   0.00063 0.02144 0.10694 0.28625 0.48141 0.10333 ( 5)  0.257
 850 H   0.00000 0.00071 0.01861 0.15144 0.61987 0.20937 ( 5)  0.386
 851 R   0.00000 0.00045 0.01226 0.11084 0.57115 0.30530 ( 5)  0.465
 852 Q   0.00057 0.01935 0.09731 0.26670 0.48008 0.13600 ( 5)  0.288
 853 K   0.00000 0.00099 0.02528 0.19321 0.66274 0.11777 ( 5)  0.309
 854 S   0.00000 0.00001 0.00116 0.03120 0.39619 0.57145 ( 6)  0.678
 855 T   0.00085 0.02851 0.13811 0.34090 0.45383 0.03780 ( 5)  0.190
 856 P   0.25130 0.24669 0.22698 0.17985 0.09163 0.00356 ( 1)  0.050
 857 E   0.25662 0.25138 0.22913 0.17687 0.08360 0.00241 ( 1)  0.047
 858 T   0.00000 0.00090 0.02332 0.18456 0.67678 0.11443 ( 5)  0.309
 859 M   0.00123 0.04100 0.18886 0.40481 0.35847 0.00562 ( 4)  0.140
 860 K   0.00000 0.00129 0.03208 0.23157 0.67375 0.06132 ( 5)  0.259
 861 Q   0.00000 0.00000 0.00048 0.01386 0.21971 0.76595 ( 6)  0.825
 862 R   0.27673 0.26870 0.23539 0.16269 0.05602 0.00046 ( 1)  0.037
 863 A   0.00000 0.00061 0.01593 0.13303 0.58579 0.26464 ( 5)  0.430
 864 V   0.00000 0.00001 0.00120 0.03228 0.40486 0.56165 ( 6)  0.671
 865 Y   0.25197 0.24727 0.22721 0.17940 0.09064 0.00351 ( 1)  0.050
 866 H   0.00000 0.00001 0.00153 0.04002 0.46895 0.48949 ( 6)  0.616
 867 L   0.24705 0.24288 0.22502 0.18180 0.09821 0.00503 ( 1)  0.054
 868 A   0.26348 0.25737 0.23163 0.17256 0.07359 0.00138 ( 1)  0.043
 869 V   0.00000 0.00092 0.02398 0.19211 0.69633 0.08665 ( 5)  0.287
 870 R   0.00104 0.03474 0.16399 0.37667 0.40831 0.01524 ( 5)  0.160
 871 L   0.23755 0.23431 0.22034 0.18556 0.11293 0.00931 ( 1)  0.062
 872 V   0.26014 0.25446 0.23044 0.17471 0.07842 0.00184 ( 1)  0.045
 873 Q   0.23920 0.23583 0.22125 0.18510 0.11039 0.00823 ( 1)  0.060
 874 T   0.00085 0.02868 0.13886 0.34200 0.45263 0.03698 ( 5)  0.189
 875 A   0.24261 0.23891 0.22298 0.18387 0.10510 0.00653 ( 1)  0.057
 876 R   0.27568 0.26780 0.23513 0.16353 0.05736 0.00051 ( 1)  0.037
 877 N   0.28136 0.27257 0.23639 0.15886 0.05051 0.00031 ( 1)  0.035
 878 S   0.25493 0.24989 0.22845 0.17782 0.08614 0.00277 ( 1)  0.048
 879 R   0.00000 0.00033 0.00879 0.07907 0.43214 0.47967 ( 6)  0.600
 880 L   0.23268 0.22986 0.21765 0.18688 0.12033 0.01259 ( 1)  0.067
 881 D   0.27323 0.26574 0.23455 0.16549 0.06038 0.00061 ( 1)  0.038
 882 P   0.00000 0.00001 0.00091 0.02499 0.33875 0.63534 ( 6)  0.726
 883 D   0.00000 0.00000 0.00006 0.00506 0.18379 0.81110 ( 6)  0.860
 884 S   0.27502 0.26725 0.23499 0.16408 0.05812 0.00052 ( 1)  0.038
 885 L   0.23847 0.23515 0.22084 0.18531 0.11152 0.00871 ( 1)  0.061
 886 R   0.00000 0.00047 0.01238 0.10697 0.52102 0.35917 ( 5)  0.505
 887 I   0.00000 0.00003 0.00343 0.08042 0.69186 0.22426 ( 5)  0.413
 888 Y   0.26332 0.25722 0.23152 0.17257 0.07390 0.00148 ( 1)  0.043
 889 L   0.23854 0.23523 0.22090 0.18532 0.11141 0.00860 ( 1)  0.061
 890 K   0.00116 0.03877 0.18004 0.39502 0.37627 0.00873 ( 4)  0.147
 891 G   0.00062 0.02098 0.10484 0.28219 0.48198 0.10938 ( 5)  0.263
 892 L   0.23561 0.23256 0.21932 0.18620 0.11591 0.01038 ( 1)  0.064
 893 K   0.26237 0.25640 0.23121 0.17323 0.07523 0.00157 ( 1)  0.044
 894 K   0.00000 0.00129 0.03213 0.23181 0.67342 0.06134 ( 5)  0.259
 895 K   0.26352 0.25739 0.23158 0.17243 0.07363 0.00146 ( 1)  0.043
 896 Y   0.26028 0.25457 0.23045 0.17455 0.07827 0.00188 ( 1)  0.045
 897 E   0.00000 0.00097 0.02480 0.19085 0.66482 0.11856 ( 5)  0.310
 898 A   0.00059 0.02014 0.10099 0.27443 0.48172 0.12213 ( 5)  0.275
 899 N   0.00000 0.00105 0.02654 0.20117 0.67133 0.09992 ( 5)  0.294
 900 C   0.00000 0.00001 0.00151 0.03952 0.46546 0.49351 ( 6)  0.619
 901 P   0.00000 0.00000 0.00002 0.00230 0.09956 0.89812 ( 6)  0.924
 902 A   0.00000 0.00085 0.02197 0.17348 0.65045 0.15324 ( 5)  0.340
 903 F   0.00000 0.00000 0.00000 0.00000 0.00212 0.99788 ( 6)  0.998
 904 A   0.00000 0.00000 0.00000 0.00000 0.00372 0.99627 ( 6)  0.997
 905 P   0.00000 0.00000 0.00000 0.00002 0.00771 0.99227 ( 6)  0.994
 906 S   0.00000 0.00000 0.00017 0.01326 0.37454 0.61204 ( 6)  0.711

Positively selected sites

	Prob(w>1)  mean w



lnL = -15669.878089

