

TREE # 1

  0  0.0000  17345.367498  x:  0.08402   0.04351   0.03539   0.08380   0.03791   0.09290   0.08003   0.09707   0.08235   0.08502   0.08581   0.06003   0.08860   0.02615   0.03058   0.06000   0.07018   0.04414   0.01813   0.07680   0.05554   0.02013   0.08795   0.04945   0.04239   0.01157   0.01831   0.03637   0.02567   0.06504   0.10223   0.10536   0.06646   0.09219   0.05112   0.06395   0.04400   0.05737   0.05572   0.01630   0.10802   0.10022   0.10911   0.10749   0.02351   0.09188   0.07132   0.09113   0.07519   0.09804   0.03042   0.03125   0.07386   2.00000   0.90000   1.07391   1.79642  
  1 99.0000  16515.940449  x:  0.06555   0.02790   0.04457   0.07845   0.02897   0.09032   0.07641   0.07622   0.10994   0.10020   0.08130   0.09761   0.07589   0.09259   0.11642   0.05994   0.10530   0.07452   0.03684   0.08366   0.04307   0.05505   0.07806   0.05614   0.06937   0.16908   0.25232   0.01746   0.08435   0.05245   0.08367   0.09780   0.08495   0.09221   0.07018   0.06925   0.08343   0.06358   0.06215   0.00000   0.08828   0.08327   0.09626   0.09274   0.00877   0.08384   0.05273   0.08061   0.06215   0.08842   0.02134   0.02827   0.08936   2.00609   0.91746   1.05794   1.80314  
  2 9782.3435  16368.648066  x:  0.05092   0.01623   0.04791   0.07336   0.01401   0.08281   0.07599   0.05888   0.12518   0.10756   0.07680   0.11200   0.06320   0.09438   0.12111   0.05616   0.11429   0.08218   0.03745   0.08800   0.03118   0.05892   0.07022   0.05821   0.07689   0.16104   0.24726   0.00000   0.08814   0.04037   0.06785   0.09227   0.09481   0.09228   0.07868   0.07245   0.09262   0.06740   0.06698   0.00154   0.07281   0.07046   0.08663   0.08180   0.00706   0.07895   0.03859   0.07289   0.05339   0.08276   0.01944   0.02842   0.09887   2.01097   0.92654   1.04335   1.80841  
  3 2417.2533  16357.498176  x:  0.04927   0.01590   0.04772   0.07325   0.01256   0.08235   0.07622   0.05632   0.12546   0.10730   0.07608   0.11208   0.06146   0.09450   0.12148   0.05587   0.11461   0.08208   0.03722   0.08813   0.02990   0.05911   0.06954   0.05789   0.07660   0.16053   0.24734   0.00000   0.08843   0.03921   0.06566   0.09167   0.09479   0.09220   0.07849   0.07237   0.09250   0.06735   0.06730   0.00000   0.07084   0.06916   0.08563   0.08075   0.00909   0.07858   0.03734   0.07213   0.05305   0.08230   0.01987   0.02830   0.09870   2.01165   0.92791   1.04132   1.80914  
  4 3640.1487  16270.394063  x:  0.03483   0.01636   0.04519   0.07336   0.00000   0.07916   0.07930   0.03062   0.12455   0.10184   0.06875   0.10906   0.04448   0.09544   0.12448   0.05359   0.11573   0.07883   0.03471   0.08829   0.01852   0.06020   0.06393   0.05384   0.07136   0.15724   0.25048   0.00000   0.09070   0.02936   0.04422   0.08625   0.09175   0.09135   0.07397   0.07049   0.08867   0.06544   0.06961   0.00844   0.05245   0.05738   0.07671   0.07169   0.01880   0.07549   0.02680   0.06537   0.05166   0.07891   0.02397   0.02695   0.09492   2.01847   0.94194   1.02133   1.81639  
  5 8945.2926  16190.351061  x:  0.02004   0.01998   0.04367   0.07409   0.00000   0.07723   0.08413   0.00000   0.12263   0.09358   0.06021   0.10454   0.02591   0.09517   0.12570   0.05151   0.11486   0.07513   0.03354   0.08758   0.00929   0.06055   0.05953   0.05083   0.06660   0.15331   0.25357   0.00000   0.09131   0.02237   0.02049   0.08140   0.08767   0.09080   0.06924   0.06780   0.08383   0.06281   0.07103   0.00415   0.03263   0.04612   0.06816   0.06375   0.00677   0.07218   0.01806   0.05905   0.05227   0.07518   0.02226   0.02596   0.08983   2.02654   0.95902   0.99784   1.82493  
  6 7431.7868  16150.697377  x:  0.00745   0.02914   0.04821   0.07327   0.00000   0.07597   0.09429   0.00000   0.12835   0.08141   0.04873   0.10646   0.00802   0.09302   0.12284   0.04912   0.11082   0.07654   0.04027   0.08556   0.01931   0.06036   0.05963   0.05519   0.07215   0.14854   0.25733   0.00000   0.08788   0.03155   0.00000   0.07961   0.08832   0.09140   0.07264   0.06460   0.08404   0.06109   0.07043   0.00592   0.02304   0.04330   0.06227   0.06072   0.01225   0.06905   0.02116   0.05458   0.05722   0.07201   0.00854   0.02723   0.09044   2.03943   0.98480   0.96080   1.83849  
  7 1612.2777  16132.656008  x:  0.00074   0.03334   0.04998   0.07271   0.00000   0.07487   0.10005   0.00000   0.13218   0.07488   0.04192   0.10787   0.00000   0.09224   0.12171   0.04801   0.10904   0.07702   0.04252   0.08448   0.02275   0.06016   0.05913   0.05668   0.07433   0.14598   0.25926   0.00000   0.08651   0.03546   0.00418   0.07889   0.08900   0.09174   0.07424   0.06311   0.08415   0.06029   0.07031   0.00613   0.01889   0.04162   0.05904   0.05891   0.01270   0.06731   0.02165   0.05210   0.05902   0.07049   0.01135   0.02768   0.09089   2.04672   0.99686   0.93963   1.84604  
  8 2700.2779  16126.486457  x:  0.00000   0.03456   0.05019   0.07243   0.00000   0.07440   0.10226   0.00000   0.13394   0.07263   0.03943   0.10863   0.00123   0.09226   0.12154   0.04784   0.10858   0.07704   0.04261   0.08411   0.02326   0.06000   0.05881   0.05676   0.07465   0.14522   0.25979   0.00000   0.08615   0.03609   0.00337   0.07866   0.08922   0.09168   0.07460   0.06279   0.08422   0.06013   0.07038   0.00604   0.01902   0.04130   0.05818   0.05845   0.01255   0.06681   0.02148   0.05139   0.05924   0.07011   0.01309   0.02757   0.09113   2.04932   0.99809   0.93199   1.84860  
  9 2136.9829  16092.613058  x:  0.00000   0.04058   0.05017   0.07092   0.00000   0.07122   0.11539   0.00000   0.14420   0.06052   0.02367   0.11188   0.00000   0.09271   0.12084   0.04742   0.10674   0.07651   0.04125   0.08215   0.02359   0.05909   0.05644   0.05578   0.07466   0.14128   0.26283   0.00000   0.08489   0.03740   0.00377   0.07743   0.09004   0.09109   0.07550   0.06144   0.08419   0.05941   0.07139   0.00568   0.02160   0.03958   0.05387   0.05589   0.01280   0.06445   0.01928   0.04777   0.05946   0.06794   0.01217   0.02608   0.09210   2.06492   0.99409   0.88576   1.86348  
 10 5363.3335  16021.688770  x:  0.00000   0.03347   0.04596   0.06928   0.00000   0.06430   0.15156   0.00000   0.16807   0.04985   0.00000   0.10937   0.00075   0.09758   0.11599   0.05123   0.10726   0.07834   0.04216   0.08443   0.02388   0.06035   0.05605   0.05663   0.07396   0.13586   0.26584   0.00000   0.08535   0.03487   0.00476   0.07745   0.08924   0.08889   0.07395   0.06396   0.08425   0.06049   0.07240   0.00571   0.00302   0.04495   0.05978   0.05897   0.01367   0.06713   0.02181   0.05228   0.05878   0.06845   0.01092   0.03720   0.09060   2.11195   0.98726   0.73626   1.90792  
 11 3694.7831  16002.391930  x:  0.00000   0.03222   0.04510   0.06887   0.00000   0.06256   0.16014   0.00000   0.17367   0.04695   0.00117   0.10890   0.00000   0.09867   0.11498   0.05191   0.10731   0.07860   0.04222   0.08483   0.02354   0.06060   0.05566   0.05665   0.07366   0.13435   0.26670   0.00000   0.08543   0.03409   0.00477   0.07722   0.08902   0.08838   0.07353   0.06436   0.08412   0.06059   0.07272   0.00558   0.00190   0.04556   0.06049   0.05918   0.01368   0.06744   0.02187   0.05284   0.05858   0.06834   0.01082   0.03930   0.09021   2.12332   0.98614   0.70023   1.91869  
 12 15368.6394  16002.391930  x:  0.00000   0.03222   0.04510   0.06887   0.00000   0.06256   0.16014   0.00000   0.17367   0.04695   0.00117   0.10890   0.00000   0.09867   0.11498   0.05191   0.10731   0.07860   0.04222   0.08483   0.02354   0.06060   0.05566   0.05665   0.07366   0.13435   0.26670   0.00000   0.08543   0.03409   0.00477   0.07722   0.08902   0.08838   0.07353   0.06436   0.08412   0.06059   0.07272   0.00558   0.00190   0.04556   0.06049   0.05918   0.01368   0.06744   0.02187   0.05284   0.05858   0.06834   0.01082   0.03930   0.09021   2.12332   0.98614   0.70023   1.91869  
 13 102470.6345  15971.910515  x:  0.00000   0.02879   0.04648   0.06753   0.00000   0.06077   0.15901   0.00000   0.17725   0.05106   0.02001   0.11353   0.00200   0.09968   0.11701   0.05089   0.10993   0.08039   0.04121   0.08588   0.01935   0.06142   0.05350   0.05655   0.07529   0.13362   0.26608   0.00000   0.08674   0.03043   0.00430   0.07608   0.09194   0.08837   0.07583   0.06534   0.08683   0.06159   0.07395   0.00453   0.04279   0.04244   0.05807   0.05659   0.01205   0.06608   0.01762   0.05102   0.05546   0.06737   0.01501   0.03684   0.09321   2.12471   0.98357   0.69506   1.91981  
 14 4305.6671  15941.888567  x:  0.00000   0.02384   0.04815   0.06543   0.00000   0.05791   0.15678   0.00000   0.18242   0.05651   0.02007   0.12013   0.00000   0.10094   0.12000   0.04938   0.11412   0.08318   0.03976   0.08761   0.01296   0.06280   0.05032   0.05643   0.07777   0.13246   0.26510   0.00000   0.08886   0.02483   0.00404   0.07437   0.09636   0.08839   0.07932   0.06682   0.09103   0.06341   0.07585   0.00052   0.04204   0.03748   0.05455   0.05250   0.00882   0.06417   0.01138   0.04820   0.05077   0.06541   0.01746   0.03319   0.09748   2.12699   0.98011   0.68658   1.92164  
 15 1510.2227  15908.424820  x:  0.00000   0.01501   0.05175   0.06101   0.00000   0.05184   0.15151   0.00000   0.19386   0.06618   0.01994   0.13415   0.00000   0.10372   0.12665   0.04618   0.12314   0.08913   0.03694   0.09158   0.00000   0.06598   0.04392   0.05608   0.08276   0.12975   0.26282   0.00000   0.09335   0.01391   0.00492   0.07073   0.10558   0.08839   0.08643   0.06979   0.09950   0.06719   0.08022   0.01748   0.03997   0.02796   0.04727   0.04419   0.00832   0.06038   0.00174   0.04243   0.04172   0.06158   0.01940   0.02620   0.10663   2.13255   0.97428   0.66570   1.92617  
 16 4870.2418  15889.509016  x:  0.00000   0.00744   0.05539   0.05653   0.00000   0.04563   0.14540   0.00000   0.20654   0.07535   0.02034   0.14909   0.00000   0.10664   0.13390   0.04286   0.13292   0.09557   0.03467   0.09627   0.01064   0.06985   0.03826   0.05572   0.08786   0.12663   0.26019   0.00000   0.09820   0.00522   0.00599   0.06698   0.11524   0.08831   0.09376   0.07282   0.10824   0.07107   0.08507   0.02658   0.03834   0.02010   0.04006   0.03631   0.01051   0.05680   0.01087   0.03686   0.03402   0.05736   0.02001   0.02048   0.11604   2.13924   0.96900   0.64046   1.93163  
 17 2930.5265  15863.418157  x:  0.00000   0.02214   0.06095   0.05145   0.00000   0.03805   0.13264   0.00000   0.23081   0.08562   0.02224   0.17492   0.00000   0.11134   0.14711   0.03826   0.15093   0.10613   0.03066   0.10489   0.00998   0.07644   0.03147   0.05514   0.09524   0.12022   0.25480   0.00000   0.10696   0.03362   0.00974   0.06217   0.13099   0.08813   0.10495   0.07722   0.12166   0.07766   0.09456   0.03012   0.03627   0.02441   0.03346   0.03195   0.01672   0.05257   0.02038   0.03111   0.02679   0.05149   0.01663   0.02341   0.13065   2.15511   0.96317   0.57992   1.94448  
 18 1686.8536  15834.600991  x:  0.00000   0.02039   0.05931   0.05203   0.00000   0.04189   0.12386   0.00000   0.24631   0.08395   0.02260   0.18780   0.00000   0.11290   0.15420   0.04032   0.16075   0.11029   0.03008   0.10981   0.00753   0.07951   0.03584   0.05537   0.09652   0.11677   0.25095   0.00000   0.10911   0.03064   0.00000   0.06160   0.13674   0.08619   0.10794   0.07783   0.12552   0.07868   0.10108   0.03105   0.03554   0.03364   0.04116   0.04272   0.01464   0.05409   0.02354   0.03662   0.03240   0.05299   0.01596   0.03099   0.13502   2.17030   0.95850   0.52201   1.95592  
 19 1274.7481  15805.489270  x:  0.00000   0.01545   0.05346   0.05686   0.00000   0.05249   0.10832   0.00000   0.27382   0.07419   0.02239   0.20681   0.00000   0.11402   0.16485   0.04564   0.17633   0.11458   0.03016   0.11739   0.00510   0.08307   0.04592   0.05552   0.09535   0.11077   0.24360   0.00000   0.11021   0.02091   0.03037   0.06551   0.14324   0.08301   0.10947   0.07679   0.12751   0.07765   0.11308   0.02967   0.03515   0.04442   0.05427   0.05817   0.01027   0.05898   0.02446   0.04735   0.04257   0.05856   0.01522   0.04019   0.13791   2.20392   0.94470   0.39501   1.97994  
 20 3571.0891  15765.081197  x:  0.00000   0.02819   0.04686   0.06052   0.00000   0.05830   0.10379   0.00000   0.29029   0.05361   0.01704   0.20558   0.00000   0.10927   0.16307   0.04586   0.17868   0.10683   0.02898   0.11662   0.01259   0.07710   0.04588   0.05343   0.08439   0.10723   0.23786   0.00000   0.10209   0.01790   0.02227   0.06575   0.13340   0.07849   0.09792   0.07049   0.11435   0.06965   0.12090   0.02590   0.03696   0.03214   0.04780   0.04608   0.02580   0.06177   0.01144   0.04544   0.03880   0.06221   0.01129   0.02998   0.12510   2.24851   0.90158   0.24180   2.00618  
 21 1401.6347  15757.535979  x:  0.00000   0.02366   0.04723   0.05873   0.00000   0.05522   0.10739   0.00000   0.29064   0.05647   0.01570   0.19951   0.00000   0.10787   0.15876   0.04348   0.17520   0.10284   0.02788   0.11415   0.00919   0.07398   0.04220   0.05300   0.08275   0.10667   0.23689   0.00000   0.09966   0.02360   0.02067   0.06508   0.12836   0.07896   0.09455   0.06934   0.11002   0.06788   0.12067   0.02934   0.03651   0.03164   0.04464   0.04325   0.01453   0.05924   0.01948   0.04290   0.03993   0.05939   0.02244   0.03102   0.12013   2.26329   0.89125   0.20666   2.01319  
 22 811.4075  15754.677957  x:  0.00000   0.01988   0.04827   0.05699   0.00000   0.05241   0.10964   0.00000   0.28973   0.05978   0.01604   0.19563   0.00000   0.10751   0.15601   0.04215   0.17263   0.10139   0.02803   0.11274   0.00752   0.07289   0.04069   0.05296   0.08315   0.10650   0.23645   0.00000   0.09898   0.02506   0.02059   0.06447   0.12628   0.07948   0.09387   0.06934   0.10898   0.06798   0.11972   0.02977   0.03667   0.03305   0.04411   0.04361   0.00906   0.05740   0.02214   0.04168   0.03903   0.05662   0.01444   0.03161   0.11850   2.27169   0.88760   0.19532   2.01661  
 23 551.7789  15753.194234  x:  0.00000   0.01620   0.05003   0.05475   0.00000   0.04890   0.11161   0.00000   0.28795   0.06378   0.01656   0.19124   0.00000   0.10754   0.15287   0.04118   0.16940   0.10086   0.02889   0.11138   0.00584   0.07261   0.04030   0.05302   0.08478   0.10639   0.23584   0.00000   0.09903   0.02463   0.02136   0.06363   0.12511   0.08009   0.09449   0.06993   0.10948   0.06925   0.11790   0.02846   0.03615   0.03584   0.04509   0.04572   0.01492   0.05579   0.02294   0.04119   0.03722   0.05463   0.01381   0.03331   0.11824   2.28279   0.88664   0.18950   2.02071  
 24 295.8317  15750.701228  x:  0.00000   0.02165   0.05353   0.05177   0.00000   0.04405   0.11263   0.00000   0.28398   0.06610   0.01782   0.18331   0.00000   0.10815   0.14749   0.04138   0.16296   0.10196   0.03121   0.10974   0.00976   0.07403   0.04250   0.05275   0.08846   0.10622   0.23392   0.00000   0.10045   0.02169   0.02193   0.06186   0.12517   0.08037   0.09740   0.07146   0.11301   0.07284   0.11326   0.02946   0.03470   0.03752   0.04703   0.04889   0.01264   0.05411   0.01857   0.04190   0.03256   0.05412   0.01571   0.03447   0.12081   2.31348   0.88689   0.18490   2.03190  
 25 280.1221  15741.023812  x:  0.00000   0.02218   0.05053   0.05207   0.00000   0.04432   0.10779   0.00000   0.27085   0.05858   0.01801   0.16285   0.00000   0.11088   0.13511   0.04673   0.14417   0.10707   0.02593   0.10648   0.00425   0.07914   0.04120   0.04915   0.09545   0.10554   0.22514   0.00000   0.10710   0.02179   0.02092   0.05914   0.13194   0.07792   0.10763   0.07462   0.12654   0.07913   0.09484   0.02781   0.03118   0.02957   0.04480   0.04464   0.01328   0.05690   0.02433   0.04514   0.04256   0.05804   0.01416   0.02983   0.13321   2.46051   0.88350   0.18537   2.08588  
 26 483.0470  15729.060564  x:  0.00000   0.00874   0.04323   0.05683   0.00000   0.05290   0.10578   0.00000   0.26056   0.05827   0.01429   0.15680   0.00000   0.11190   0.13453   0.04602   0.13703   0.11013   0.03013   0.10746   0.01224   0.07993   0.03732   0.05204   0.09029   0.10529   0.21823   0.00000   0.10689   0.03038   0.01927   0.06303   0.13651   0.07431   0.10815   0.07165   0.12809   0.07368   0.07918   0.02964   0.02752   0.03624   0.04147   0.04048   0.01183   0.05678   0.01439   0.03924   0.03669   0.05573   0.01583   0.03228   0.13596   2.64947   0.88042   0.19621   2.15629  
 27 1085.6898  15710.239166  x:  0.00000   0.02324   0.04968   0.05924   0.00000   0.05819   0.11163   0.00000   0.24773   0.07165   0.01159   0.16248   0.00000   0.11033   0.14331   0.03845   0.13922   0.10598   0.02982   0.10938   0.00581   0.07349   0.02929   0.05689   0.07563   0.10687   0.21339   0.00000   0.09715   0.01695   0.01997   0.06827   0.13534   0.07240   0.09813   0.06382   0.11566   0.05982   0.06385   0.02751   0.01962   0.03783   0.03971   0.04073   0.01292   0.05338   0.02139   0.03088   0.03369   0.04819   0.01556   0.03277   0.12699   2.97753   0.88287   0.21994   2.27958  
 28 2214.8651  15697.375932  x:  0.00000   0.01747   0.05416   0.05164   0.00000   0.04464   0.11824   0.00000   0.24234   0.07203   0.01275   0.17207   0.00000   0.10569   0.14952   0.03570   0.14856   0.09749   0.02791   0.10877   0.00502   0.06828   0.04335   0.05405   0.07616   0.10882   0.21799   0.00000   0.09099   0.02285   0.01844   0.06292   0.12513   0.07950   0.08842   0.06440   0.10080   0.06044   0.07004   0.02624   0.01314   0.02519   0.03988   0.04011   0.01277   0.05112   0.02107   0.04054   0.03051   0.05325   0.01513   0.02524   0.11277   3.19517   0.89604   0.23628   2.36267  
 29 1900.0764  15694.232420  x:  0.00000   0.01731   0.05359   0.04996   0.00000   0.03964   0.11925   0.00000   0.24243   0.06726   0.00513   0.17402   0.00000   0.10306   0.14859   0.03812   0.15221   0.09409   0.02788   0.10634   0.00525   0.06674   0.03923   0.05086   0.07975   0.10907   0.22229   0.00000   0.09130   0.02090   0.01875   0.05993   0.11926   0.08160   0.08678   0.06643   0.09862   0.06448   0.07838   0.02554   0.01538   0.02800   0.03844   0.03800   0.01226   0.05141   0.02016   0.03781   0.03140   0.05359   0.01499   0.02686   0.10906   3.24497   0.90079   0.24060   2.38246  
 30 824.7790  15693.069650  x:  0.00000   0.01716   0.05255   0.04999   0.00000   0.03890   0.12015   0.00000   0.24341   0.06397   0.00941   0.17442   0.00000   0.10163   0.14698   0.03939   0.15390   0.09237   0.02816   0.10430   0.00557   0.06611   0.03548   0.04959   0.08156   0.10886   0.22551   0.00000   0.09194   0.01980   0.01880   0.05896   0.11553   0.08214   0.08620   0.06751   0.09842   0.06649   0.08464   0.02526   0.01293   0.02942   0.03767   0.03716   0.01208   0.05161   0.01942   0.03507   0.03208   0.05268   0.01515   0.02773   0.10759   3.26620   0.90311   0.24258   2.39136  
 31 662.9610  15692.352084  x:  0.00000   0.01734   0.05200   0.05129   0.00000   0.04203   0.12127   0.00000   0.24613   0.06428   0.00852   0.17284   0.00000   0.10073   0.14270   0.03771   0.15430   0.09207   0.02860   0.10131   0.00569   0.06666   0.03516   0.05156   0.08177   0.10747   0.23023   0.00000   0.09321   0.02045   0.01861   0.06039   0.11225   0.08111   0.08670   0.06771   0.10070   0.06624   0.09377   0.02528   0.01301   0.02680   0.03837   0.03961   0.01226   0.05067   0.01941   0.03410   0.03185   0.04999   0.01535   0.02616   0.10830   3.27865   0.90431   0.24422   2.39799  
 32 172.1251  15692.088037  x:  0.00000   0.01761   0.05213   0.05105   0.00000   0.04198   0.12152   0.00000   0.24834   0.06520   0.00863   0.17128   0.00000   0.10107   0.14024   0.03689   0.15386   0.09260   0.02825   0.10018   0.00543   0.06702   0.03660   0.05168   0.08037   0.10673   0.23302   0.00000   0.09312   0.01997   0.01866   0.06108   0.11205   0.08002   0.08708   0.06703   0.10154   0.06481   0.09914   0.02527   0.01284   0.02826   0.03786   0.03744   0.01225   0.05087   0.01974   0.03552   0.03147   0.05114   0.01525   0.02697   0.10919   3.28303   0.90304   0.24550   2.40153  
 33 102.7444  15692.008013  x:  0.00000   0.01748   0.05259   0.05078   0.00000   0.04115   0.12166   0.00000   0.24965   0.06540   0.00863   0.17008   0.00000   0.10191   0.13984   0.03798   0.15318   0.09318   0.02857   0.10058   0.00554   0.06682   0.03605   0.05112   0.07952   0.10708   0.23429   0.00000   0.09257   0.02028   0.01875   0.06088   0.11337   0.07986   0.08721   0.06656   0.10092   0.06412   0.10129   0.02532   0.01282   0.02793   0.03812   0.03854   0.01225   0.05126   0.01969   0.03506   0.03158   0.05190   0.01527   0.02679   0.10944   3.28406   0.90187   0.24621   2.40391  
 34 44.3845  15691.955566  x:  0.00000   0.01751   0.05292   0.05114   0.00000   0.04144   0.12243   0.00000   0.25082   0.06513   0.00859   0.16875   0.00000   0.10276   0.14047   0.03822   0.15195   0.09335   0.02848   0.10168   0.00555   0.06667   0.03631   0.05187   0.08006   0.10802   0.23536   0.00000   0.09226   0.02021   0.01872   0.06072   0.11479   0.08047   0.08720   0.06667   0.09994   0.06460   0.10245   0.02528   0.01290   0.02794   0.03820   0.03799   0.01229   0.05110   0.01960   0.03510   0.03180   0.05100   0.01532   0.02697   0.10920   3.28420   0.90165   0.24662   2.40756  
 35 27.8702  15691.896683  x:  0.00000   0.01761   0.05236   0.05111   0.00000   0.04165   0.12346   0.00000   0.25192   0.06486   0.00859   0.16786   0.00000   0.10286   0.14151   0.03681   0.15064   0.09302   0.02847   0.10252   0.00542   0.06683   0.03584   0.05141   0.08043   0.10867   0.23615   0.00000   0.09262   0.02005   0.01870   0.06112   0.11494   0.08095   0.08689   0.06705   0.10008   0.06500   0.10253   0.02523   0.01305   0.02831   0.03782   0.03849   0.01225   0.05113   0.01978   0.03534   0.03129   0.05183   0.01535   0.02640   0.10888   3.28362   0.90132   0.24727   2.41442  
 36 29.1733  15691.733797  x:  0.00000   0.01768   0.05206   0.05079   0.00000   0.04119   0.12540   0.00000   0.25380   0.06529   0.00866   0.16691   0.00000   0.10199   0.14297   0.03718   0.14877   0.09229   0.02938   0.10296   0.00542   0.06740   0.03605   0.05079   0.08026   0.10957   0.23736   0.00000   0.09347   0.02004   0.01865   0.06153   0.11316   0.08119   0.08619   0.06747   0.10156   0.06479   0.10118   0.02514   0.01356   0.02669   0.03827   0.03786   0.01232   0.05123   0.01964   0.03483   0.03149   0.05215   0.01524   0.02820   0.10853   3.28102   0.90036   0.24923   2.43673  
 37 72.5881  15691.425517  x:  0.00000   0.01754   0.05293   0.05064   0.00000   0.03998   0.12738   0.00000   0.25559   0.06557   0.00895   0.16606   0.00000   0.10064   0.14334   0.03948   0.14701   0.09149   0.02926   0.10208   0.00556   0.06754   0.03664   0.05144   0.07986   0.11023   0.23888   0.00000   0.09380   0.02015   0.01862   0.06118   0.11014   0.08110   0.08573   0.06753   0.10279   0.06430   0.09835   0.02505   0.01441   0.02799   0.03832   0.03728   0.01229   0.05131   0.01930   0.03478   0.03214   0.05106   0.01558   0.02534   0.10836   3.27560   0.89893   0.25288   2.47982  
 38 255.8368  15690.814059  x:  0.00000   0.01689   0.05439   0.05074   0.00000   0.03908   0.12773   0.00000   0.25420   0.06411   0.00968   0.16489   0.00000   0.10044   0.13865   0.03854   0.14652   0.09162   0.02714   0.09808   0.00576   0.06543   0.03517   0.05286   0.08016   0.10919   0.24037   0.00000   0.09160   0.01980   0.01848   0.05996   0.10849   0.08087   0.08666   0.06667   0.09958   0.06486   0.09385   0.02454   0.01611   0.02651   0.03562   0.03804   0.01218   0.05098   0.01877   0.03608   0.03047   0.05072   0.01569   0.02661   0.10821   3.26368   0.89866   0.25961   2.56773  
 39 333.3349  15690.399782  x:  0.00000   0.01687   0.05384   0.04983   0.00000   0.03929   0.12730   0.00000   0.25031   0.06471   0.01020   0.16355   0.00000   0.10126   0.13442   0.03654   0.14714   0.09192   0.02931   0.09629   0.00537   0.06448   0.03529   0.05116   0.08039   0.10827   0.24047   0.00000   0.09055   0.01954   0.01800   0.05997   0.10945   0.08104   0.08668   0.06637   0.09698   0.06533   0.09248   0.02406   0.01726   0.02587   0.03752   0.03571   0.01204   0.05039   0.01883   0.03397   0.03058   0.05112   0.01573   0.02508   0.10732   3.25498   0.90044   0.26347   2.62814  
 40 511.4801  15690.158670  x:  0.00000   0.01711   0.05265   0.04944   0.00000   0.03917   0.12651   0.00000   0.24413   0.06639   0.01062   0.16190   0.00000   0.10173   0.13304   0.03721   0.14770   0.09025   0.02841   0.09737   0.00553   0.06507   0.03601   0.04971   0.07988   0.10835   0.23900   0.00000   0.09135   0.01913   0.01775   0.06024   0.11102   0.08122   0.08504   0.06658   0.09764   0.06454   0.09468   0.02386   0.01775   0.02559   0.03530   0.03591   0.01210   0.05008   0.01832   0.03351   0.03062   0.04997   0.01577   0.02486   0.10585   3.24901   0.90156   0.26534   2.66361  
 41 208.3412  15690.026013  x:  0.00000   0.01694   0.05313   0.04970   0.00000   0.03848   0.12580   0.00000   0.23920   0.06641   0.01084   0.16094   0.00000   0.10130   0.13375   0.03695   0.14753   0.08961   0.02817   0.09842   0.00548   0.06515   0.03461   0.05107   0.07958   0.10840   0.23734   0.00000   0.09160   0.01917   0.01769   0.05975   0.11111   0.08126   0.08438   0.06661   0.09865   0.06410   0.09722   0.02376   0.01791   0.02528   0.03664   0.03534   0.01204   0.05012   0.01838   0.03428   0.02988   0.05018   0.01581   0.02472   0.10555   3.24502   0.90109   0.26648   2.68357  
 42 161.1663  15689.954498  x:  0.00000   0.01680   0.05398   0.04954   0.00000   0.03876   0.12576   0.00000   0.23637   0.06628   0.01091   0.16072   0.00000   0.10064   0.13506   0.03655   0.14677   0.09033   0.02905   0.09861   0.00529   0.06492   0.03525   0.05144   0.07967   0.10850   0.23612   0.00000   0.09109   0.01913   0.01769   0.05952   0.11019   0.08135   0.08504   0.06648   0.09853   0.06445   0.09895   0.02366   0.01786   0.02535   0.03575   0.03553   0.01204   0.05003   0.01849   0.03357   0.03030   0.05055   0.01580   0.02473   0.10621   3.24213   0.90023   0.26715   2.69454  
 43 84.2835  15689.897031  x:  0.00000   0.01686   0.05372   0.04949   0.00000   0.03917   0.12624   0.00000   0.23503   0.06691   0.01082   0.16088   0.00000   0.10038   0.13597   0.03684   0.14563   0.09086   0.02812   0.09794   0.00552   0.06464   0.03511   0.05016   0.07983   0.10878   0.23531   0.00000   0.09069   0.01920   0.01765   0.06006   0.10944   0.08135   0.08591   0.06633   0.09775   0.06480   0.09978   0.02371   0.01768   0.02529   0.03626   0.03535   0.01206   0.05012   0.01828   0.03385   0.03007   0.05008   0.01584   0.02469   0.10689   3.23889   0.89987   0.26764   2.70356  
 44 53.2385  15689.690722  x:  0.00000   0.01718   0.05160   0.05030   0.00000   0.03720   0.12768   0.00000   0.23431   0.06759   0.01029   0.16133   0.00000   0.10095   0.13593   0.03748   0.14212   0.09133   0.02916   0.09537   0.00538   0.06503   0.03436   0.05145   0.08021   0.10941   0.23396   0.00000   0.09112   0.01887   0.01736   0.06065   0.10939   0.08051   0.08604   0.06597   0.09661   0.06414   0.09946   0.02346   0.01669   0.02484   0.03531   0.03499   0.01207   0.05017   0.01819   0.03408   0.03005   0.05041   0.01576   0.02426   0.10671   3.22471   0.90126   0.26908   2.73633  
 45 64.5802  15689.292089  x:  0.00000   0.01654   0.05347   0.04886   0.00000   0.03785   0.12893   0.00000   0.23476   0.06562   0.00916   0.16056   0.00000   0.10121   0.13352   0.03665   0.13813   0.08974   0.02782   0.09384   0.00533   0.06521   0.03473   0.05094   0.07947   0.10954   0.23268   0.00000   0.09157   0.01862   0.01736   0.05844   0.10994   0.07993   0.08468   0.06597   0.09750   0.06344   0.09691   0.02307   0.01465   0.02469   0.03549   0.03461   0.01199   0.04917   0.01789   0.03207   0.02938   0.05032   0.01580   0.02415   0.10521   3.19670   0.90151   0.27278   2.79908  
 46 262.3238  15689.129466  x:  0.00000   0.01642   0.05435   0.04876   0.00000   0.03810   0.12896   0.00000   0.23513   0.06575   0.00874   0.15861   0.00000   0.10062   0.13205   0.03658   0.13889   0.08939   0.02941   0.09535   0.00542   0.06445   0.03366   0.05006   0.07921   0.10917   0.23303   0.00000   0.09082   0.01858   0.01721   0.05893   0.10935   0.08063   0.08451   0.06623   0.09804   0.06411   0.09515   0.02299   0.01376   0.02444   0.03473   0.03424   0.01203   0.04949   0.01758   0.03369   0.02979   0.04944   0.01586   0.02389   0.10516   3.18499   0.90110   0.27437   2.82504  
 47 239.1462  15689.061723  x:  0.00000   0.01653   0.05361   0.04929   0.00000   0.03751   0.12876   0.00000   0.23511   0.06614   0.00864   0.15679   0.00000   0.10019   0.13164   0.03671   0.14043   0.08935   0.02861   0.09661   0.00537   0.06413   0.03408   0.05063   0.07958   0.10891   0.23388   0.00000   0.09037   0.01847   0.01711   0.05968   0.10858   0.08120   0.08480   0.06635   0.09790   0.06451   0.09406   0.02297   0.01337   0.02438   0.03490   0.03425   0.01202   0.04967   0.01764   0.03279   0.02953   0.04993   0.01585   0.02387   0.10566   3.18016   0.90061   0.27503   2.83566  
 48 110.2401  15689.049078  x:  0.00000   0.01659   0.05337   0.04902   0.00000   0.03773   0.12891   0.00000   0.23474   0.06619   0.00862   0.15609   0.00000   0.10033   0.13209   0.03675   0.14120   0.08967   0.02858   0.09645   0.00538   0.06448   0.03395   0.05065   0.07974   0.10897   0.23471   0.00000   0.09080   0.01843   0.01716   0.05916   0.10841   0.08108   0.08489   0.06625   0.09760   0.06418   0.09367   0.02296   0.01330   0.02439   0.03489   0.03426   0.01204   0.04926   0.01761   0.03294   0.02957   0.05000   0.01585   0.02387   0.10584   3.17938   0.90048   0.27505   2.83740  
 49 17.3634  15689.042405  x:  0.00000   0.01651   0.05366   0.04922   0.00000   0.03756   0.12900   0.00000   0.23431   0.06607   0.00861   0.15589   0.00000   0.10049   0.13248   0.03655   0.14150   0.08980   0.02856   0.09611   0.00539   0.06461   0.03402   0.05051   0.07970   0.10903   0.23554   0.00000   0.09101   0.01844   0.01714   0.05927   0.10855   0.08089   0.08492   0.06623   0.09768   0.06415   0.09342   0.02295   0.01328   0.02439   0.03489   0.03426   0.01203   0.04972   0.01759   0.03288   0.02958   0.04984   0.01585   0.02388   0.10584   3.17913   0.90049   0.27495   2.83804  
 50  8.7844  15689.030904  x:  0.00000   0.01650   0.05376   0.04911   0.00000   0.03771   0.12903   0.00000   0.23356   0.06608   0.00860   0.15628   0.00000   0.10058   0.13273   0.03685   0.14145   0.08962   0.02860   0.09577   0.00541   0.06433   0.03401   0.05064   0.07963   0.10910   0.23695   0.00000   0.09082   0.01848   0.01710   0.05975   0.10897   0.08081   0.08501   0.06638   0.09810   0.06453   0.09311   0.02297   0.01326   0.02442   0.03488   0.03425   0.01204   0.04932   0.01761   0.03293   0.02959   0.05014   0.01583   0.02389   0.10576   3.17903   0.90027   0.27482   2.83857  
 51  6.1353  15689.002937  x:  0.00000   0.01669   0.05294   0.04905   0.00000   0.03768   0.12865   0.00000   0.23261   0.06632   0.00864   0.15747   0.00000   0.10039   0.13240   0.03661   0.14072   0.08946   0.02877   0.09618   0.00543   0.06422   0.03419   0.05072   0.07979   0.10901   0.23887   0.00000   0.09058   0.01843   0.01720   0.05898   0.10915   0.08111   0.08510   0.06652   0.09824   0.06451   0.09275   0.02300   0.01322   0.02446   0.03504   0.03443   0.01205   0.04978   0.01759   0.03302   0.02975   0.04978   0.01587   0.02395   0.10592   3.17919   0.89948   0.27481   2.83919  
 52  7.7463  15688.901281  x:  0.00000   0.01647   0.05415   0.05027   0.00000   0.03823   0.12784   0.00000   0.23146   0.06669   0.00865   0.15902   0.00000   0.10003   0.13117   0.03726   0.13910   0.08997   0.02873   0.09805   0.00528   0.06536   0.03386   0.05030   0.08033   0.10920   0.24118   0.00000   0.09147   0.01837   0.01697   0.05900   0.10824   0.08184   0.08496   0.06624   0.09731   0.06363   0.09227   0.02281   0.01320   0.02448   0.03484   0.03422   0.01205   0.04971   0.01765   0.03295   0.02920   0.05062   0.01576   0.02391   0.10646   3.18033   0.90013   0.27442   2.84059  
 53 10.2581  15688.415243  x:  0.00000   0.01610   0.05456   0.04699   0.00000   0.03629   0.12517   0.00000   0.23059   0.06466   0.00873   0.16007   0.00000   0.10007   0.13023   0.03581   0.13686   0.09188   0.02737   0.10083   0.00591   0.06706   0.03304   0.05094   0.07943   0.10904   0.24292   0.00000   0.09306   0.01783   0.01651   0.06255   0.10666   0.08120   0.08425   0.06502   0.09584   0.06325   0.09173   0.02202   0.01325   0.02431   0.03508   0.03432   0.01206   0.04832   0.01598   0.03284   0.03166   0.04929   0.01575   0.02388   0.10720   3.18639   0.90080   0.27456   2.84630  
 54 20.6721  15683.191682  x:  0.00000   0.01527   0.04944   0.04185   0.00000   0.04026   0.11465   0.00000   0.23025   0.05885   0.00866   0.15486   0.00000   0.10209   0.13107   0.04126   0.13187   0.09765   0.02887   0.10373   0.00239   0.06559   0.03515   0.05154   0.07362   0.10865   0.24182   0.00000   0.09350   0.01258   0.01236   0.06179   0.10244   0.07318   0.08284   0.06367   0.09698   0.07008   0.09013   0.01447   0.01396   0.02300   0.03479   0.03395   0.01139   0.05296   0.01536   0.03322   0.02355   0.04769   0.01494   0.02248   0.10529   3.24912   0.90581   0.27730   2.90299  
 55 93.1439  15677.469210  x:  0.00000   0.01442   0.04870   0.04894   0.00000   0.04181   0.10981   0.00000   0.23057   0.05974   0.00861   0.14993   0.00000   0.10242   0.13132   0.03965   0.12980   0.09726   0.02701   0.10169   0.00572   0.06353   0.03489   0.05019   0.07376   0.10720   0.23781   0.00000   0.09213   0.00806   0.00833   0.05767   0.10289   0.07023   0.08398   0.06464   0.09996   0.07144   0.08892   0.00766   0.01433   0.02228   0.03544   0.03378   0.01156   0.05227   0.00576   0.03368   0.03157   0.05211   0.01359   0.02169   0.10374   3.31593   0.90694   0.28061   2.96313  
 56 873.8086  15675.781122  x:  0.00000   0.01452   0.04847   0.04957   0.00000   0.04153   0.11263   0.00000   0.22985   0.05379   0.00850   0.15039   0.00000   0.10032   0.12937   0.04095   0.13232   0.09359   0.02965   0.09871   0.00474   0.06670   0.03653   0.04898   0.07904   0.10741   0.23461   0.00000   0.09252   0.00621   0.00681   0.06189   0.10709   0.07501   0.08574   0.06520   0.09955   0.06602   0.08884   0.00543   0.01446   0.02268   0.03632   0.03466   0.01154   0.05152   0.00556   0.03452   0.03006   0.05090   0.01356   0.02199   0.10629   3.33723   0.90159   0.28280   2.98220  
 57 301.8173  15675.656451  x:  0.00000   0.01452   0.04878   0.04811   0.00000   0.04259   0.11482   0.00000   0.22948   0.05422   0.00841   0.15104   0.00000   0.10039   0.12817   0.04126   0.13320   0.09312   0.02948   0.09860   0.00504   0.06741   0.03618   0.05016   0.07925   0.10841   0.23403   0.00000   0.09335   0.00626   0.00675   0.06229   0.10756   0.07539   0.08524   0.06512   0.09901   0.06690   0.08885   0.00536   0.01448   0.02274   0.03631   0.03467   0.01154   0.05353   0.00514   0.03451   0.03055   0.05178   0.01347   0.02203   0.10724   3.33884   0.90087   0.28285   2.98362  
 58 57.0865  15675.631561  x:  0.00000   0.01451   0.04865   0.04873   0.00000   0.04235   0.11587   0.00000   0.22924   0.05391   0.00838   0.15155   0.00000   0.10080   0.12745   0.04116   0.13372   0.09345   0.02953   0.09888   0.00498   0.06761   0.03637   0.05003   0.07868   0.10923   0.23377   0.00000   0.09385   0.00623   0.00679   0.06218   0.10751   0.07502   0.08483   0.06509   0.09893   0.06782   0.08885   0.00535   0.01448   0.02280   0.03644   0.03480   0.01156   0.05314   0.00522   0.03463   0.03056   0.05173   0.01349   0.02209   0.10765   3.33917   0.90019   0.28295   2.98387  
 59 21.7976  15675.626823  x:  0.00000   0.01452   0.04862   0.04867   0.00000   0.04235   0.11616   0.00000   0.22916   0.05379   0.00837   0.15170   0.00000   0.10127   0.12723   0.04112   0.13387   0.09378   0.02946   0.09907   0.00499   0.06738   0.03637   0.05004   0.07875   0.10970   0.23371   0.00000   0.09374   0.00624   0.00679   0.06221   0.10727   0.07503   0.08516   0.06526   0.09924   0.06749   0.08884   0.00535   0.01449   0.02281   0.03644   0.03479   0.01156   0.05319   0.00521   0.03462   0.03058   0.05175   0.01349   0.02210   0.10737   3.33923   0.90020   0.28292   2.98387  
 60  4.3602  15675.510957  x:  0.00000   0.01447   0.04890   0.04878   0.00000   0.04263   0.11471   0.00000   0.22948   0.05449   0.00844   0.15196   0.00000   0.10223   0.12709   0.04096   0.13423   0.09281   0.02978   0.09901   0.00491   0.06821   0.03647   0.04985   0.08133   0.11147   0.23346   0.00000   0.09328   0.00655   0.00676   0.06259   0.10679   0.07325   0.08526   0.06336   0.09950   0.06799   0.08887   0.00532   0.01445   0.02280   0.03659   0.03496   0.01152   0.05331   0.00536   0.03478   0.03072   0.05193   0.01358   0.02213   0.10631   3.34045   0.89886   0.28336   2.98252  
 61  0.8130  15673.524420  x:  0.00000   0.01268   0.04932   0.05021   0.00000   0.04317   0.10973   0.00000   0.23186   0.05741   0.00868   0.15202   0.00000   0.10276   0.12790   0.03979   0.13563   0.08807   0.03064   0.09525   0.00379   0.07048   0.03696   0.05084   0.07581   0.11926   0.23213   0.00000   0.09564   0.00898   0.00478   0.06212   0.10802   0.08000   0.09207   0.06600   0.09951   0.06864   0.08893   0.00298   0.01444   0.02301   0.03728   0.03566   0.01079   0.05323   0.00632   0.03530   0.03228   0.05260   0.01423   0.02245   0.10882   3.36122   0.89770   0.28451   2.95892  
 62 17.6795  15671.897915  x:  0.00172   0.01126   0.04939   0.05100   0.00000   0.04342   0.11613   0.00000   0.23244   0.05801   0.00846   0.15285   0.00000   0.10002   0.12862   0.04094   0.13600   0.09375   0.02937   0.09664   0.00295   0.06653   0.03737   0.05001   0.08043   0.11263   0.23134   0.00000   0.09516   0.01103   0.00343   0.06204   0.11195   0.07838   0.08763   0.06719   0.10219   0.06640   0.08903   0.00099   0.01458   0.02314   0.03787   0.03624   0.01018   0.05329   0.00698   0.03579   0.03353   0.05316   0.01471   0.02263   0.11156   3.37818   0.89779   0.28523   2.93956  
 63 131.1421  15671.870675  x:  0.00085   0.01128   0.04939   0.05104   0.00000   0.04344   0.11652   0.00000   0.23238   0.05797   0.00845   0.15293   0.00000   0.10033   0.12866   0.04108   0.13597   0.09390   0.02933   0.09683   0.00295   0.06686   0.03735   0.05003   0.08050   0.11173   0.23131   0.00000   0.09515   0.01102   0.00344   0.06208   0.11190   0.07832   0.08779   0.06716   0.10217   0.06656   0.08903   0.00100   0.01459   0.02314   0.03789   0.03625   0.01019   0.05332   0.00699   0.03580   0.03355   0.05319   0.01472   0.02263   0.11110   3.37816   0.89760   0.28529   2.93958  
 64 37.9240  15671.828836  x:  0.00134   0.01128   0.04942   0.05120   0.00000   0.04352   0.11715   0.00000   0.23233   0.05802   0.00842   0.15315   0.00000   0.10132   0.12879   0.04139   0.13593   0.09393   0.02931   0.09713   0.00290   0.06799   0.03730   0.05016   0.08026   0.10977   0.23116   0.00000   0.09532   0.01108   0.00340   0.06217   0.11170   0.07861   0.08875   0.06722   0.10202   0.06712   0.08903   0.00097   0.01460   0.02315   0.03796   0.03631   0.01017   0.05340   0.00703   0.03586   0.03365   0.05328   0.01476   0.02265   0.10981   3.37877   0.89697   0.28548   2.93887  
 65 50.4019  15671.826189  x:  0.00134   0.01127   0.04945   0.05120   0.00000   0.04352   0.11717   0.00000   0.23232   0.05799   0.00841   0.15318   0.00000   0.10179   0.12887   0.04141   0.13590   0.09356   0.02939   0.09721   0.00291   0.06763   0.03735   0.05015   0.08030   0.10954   0.23115   0.00000   0.09557   0.01107   0.00339   0.06218   0.11155   0.07858   0.08877   0.06716   0.10196   0.06706   0.08903   0.00096   0.01460   0.02315   0.03796   0.03631   0.01017   0.05340   0.00703   0.03586   0.03365   0.05328   0.01476   0.02265   0.11010   3.37878   0.89696   0.28549   2.93878  
 66  1.9222  15671.505303  x:  0.00137   0.01104   0.04952   0.05134   0.00000   0.04340   0.11905   0.00000   0.23309   0.05829   0.00827   0.15407   0.00000   0.10451   0.12994   0.04127   0.13677   0.09290   0.02925   0.09729   0.00294   0.07071   0.03683   0.04995   0.08072   0.10849   0.23137   0.00000   0.09060   0.01158   0.00349   0.06177   0.11135   0.07906   0.08702   0.06844   0.10344   0.06654   0.08928   0.00146   0.01469   0.02336   0.03798   0.03636   0.00983   0.05314   0.00718   0.03579   0.03380   0.05319   0.01498   0.02280   0.11370   3.37938   0.89750   0.28486   2.92483  
 67  0.6486  15670.766439  x:  0.00085   0.01118   0.05010   0.05206   0.00000   0.04340   0.12202   0.00000   0.23564   0.06061   0.00835   0.15650   0.00000   0.10107   0.13092   0.04155   0.13908   0.09533   0.02903   0.09788   0.00320   0.06694   0.03736   0.05012   0.08257   0.10667   0.23128   0.00000   0.09554   0.01236   0.00377   0.06197   0.11529   0.07989   0.08959   0.06755   0.10440   0.06609   0.09007   0.00327   0.01474   0.02413   0.03850   0.03704   0.00910   0.05307   0.00780   0.03618   0.03417   0.05341   0.01558   0.02345   0.11206   3.38064   0.89450   0.28442   2.89146  
 68 72.6449  15670.762543  x:  0.00086   0.01116   0.05008   0.05203   0.00000   0.04333   0.12234   0.00000   0.23562   0.06051   0.00834   0.15651   0.00000   0.10074   0.13090   0.04152   0.13910   0.09496   0.02905   0.09820   0.00319   0.06700   0.03734   0.05010   0.08246   0.10668   0.23133   0.00000   0.09542   0.01238   0.00377   0.06190   0.11544   0.07937   0.09014   0.06745   0.10434   0.06601   0.09007   0.00326   0.01475   0.02411   0.03849   0.03702   0.00909   0.05303   0.00779   0.03617   0.03417   0.05339   0.01558   0.02343   0.11214   3.38065   0.89475   0.28436   2.89129  
 69  6.9262  15670.550055  x:  0.00066   0.01163   0.05104   0.05204   0.00000   0.04346   0.12161   0.00000   0.23719   0.06280   0.00841   0.15807   0.00000   0.10126   0.13194   0.04108   0.14046   0.09442   0.02925   0.09840   0.00323   0.06732   0.03720   0.05047   0.08296   0.10768   0.23175   0.00000   0.09524   0.01224   0.00442   0.06211   0.11557   0.07706   0.09013   0.07252   0.10303   0.06554   0.09056   0.00303   0.01471   0.02479   0.03869   0.03746   0.00904   0.05289   0.00779   0.03624   0.03436   0.05326   0.01587   0.02401   0.11233   3.37662   0.89283   0.28527   2.89326  
 70  0.0356  15670.163319  x:  0.00044   0.01233   0.05139   0.05221   0.00000   0.04310   0.12294   0.00000   0.23967   0.06575   0.00841   0.16068   0.00000   0.10233   0.13419   0.04003   0.14296   0.09405   0.02912   0.09859   0.00330   0.06738   0.03668   0.05065   0.08237   0.10939   0.23298   0.00000   0.09369   0.01177   0.00533   0.06099   0.11616   0.07982   0.09098   0.06767   0.10548   0.06603   0.09141   0.00242   0.01476   0.02589   0.03878   0.03788   0.00892   0.05222   0.00759   0.03608   0.03462   0.05279   0.01628   0.02486   0.11336   3.36946   0.89267   0.28601   2.89675  
 71 32.5071  15670.047447  x:  0.00000   0.01303   0.05156   0.05231   0.00000   0.04294   0.12279   0.00000   0.24127   0.06603   0.00841   0.16254   0.00000   0.10242   0.13506   0.03970   0.14445   0.09427   0.02909   0.09895   0.00372   0.06743   0.03651   0.05075   0.08235   0.10935   0.23361   0.00000   0.09369   0.01246   0.00457   0.06114   0.11674   0.07973   0.09100   0.06780   0.10558   0.06616   0.09243   0.00236   0.01485   0.02552   0.03842   0.03743   0.00914   0.05198   0.00721   0.03580   0.03416   0.05247   0.01630   0.02448   0.11370   3.36465   0.89082   0.28569   2.91099  
 72  0.0284  15670.007850  x:  0.00000   0.01344   0.05202   0.05190   0.00000   0.04289   0.12266   0.00000   0.24185   0.06635   0.00841   0.16320   0.00000   0.10248   0.13492   0.03960   0.14492   0.09446   0.02878   0.09913   0.00340   0.06746   0.03633   0.05096   0.08261   0.10924   0.23398   0.00000   0.09404   0.01245   0.00440   0.06118   0.11699   0.07978   0.09108   0.06785   0.10568   0.06656   0.09347   0.00226   0.01489   0.02505   0.03821   0.03720   0.00911   0.05233   0.00773   0.03565   0.03433   0.05251   0.01636   0.02412   0.11390   3.35718   0.89006   0.28710   2.94631  
 73  0.0446  15669.974527  x:  0.00000   0.01318   0.05227   0.05156   0.00000   0.04250   0.12256   0.00000   0.24189   0.06610   0.00843   0.16306   0.00000   0.10232   0.13448   0.03970   0.14473   0.09471   0.02891   0.09909   0.00353   0.06758   0.03647   0.05091   0.08287   0.10878   0.23393   0.00000   0.09446   0.01297   0.00464   0.06128   0.11710   0.07994   0.09111   0.06787   0.10570   0.06690   0.09411   0.00205   0.01488   0.02495   0.03824   0.03733   0.00893   0.05222   0.00758   0.03566   0.03402   0.05231   0.01636   0.02407   0.11397   3.35007   0.88956   0.29093   3.01639  
 74  0.0497  15669.913975  x:  0.00000   0.01291   0.05167   0.05182   0.00000   0.04268   0.12253   0.00000   0.24212   0.06624   0.00839   0.16302   0.00000   0.10219   0.13484   0.03979   0.14461   0.09469   0.02895   0.09920   0.00343   0.06721   0.03648   0.05083   0.08293   0.10909   0.23365   0.00000   0.09473   0.01299   0.00431   0.06140   0.11678   0.07976   0.09132   0.06777   0.10556   0.06679   0.09359   0.00216   0.01481   0.02546   0.03835   0.03733   0.00941   0.05229   0.00773   0.03572   0.03417   0.05255   0.01649   0.02453   0.11326   3.35505   0.88834   0.30066   3.18563  
 75  0.0550  15669.913912  x:  0.00005   0.01291   0.05167   0.05183   0.00000   0.04268   0.12253   0.00000   0.24212   0.06624   0.00839   0.16302   0.00000   0.10219   0.13485   0.03979   0.14461   0.09469   0.02895   0.09920   0.00343   0.06721   0.03648   0.05083   0.08293   0.10910   0.23364   0.00000   0.09473   0.01299   0.00431   0.06140   0.11678   0.07976   0.09132   0.06776   0.10556   0.06679   0.09358   0.00216   0.01481   0.02546   0.03835   0.03733   0.00942   0.05229   0.00773   0.03572   0.03417   0.05255   0.01649   0.02453   0.11326   3.35507   0.88834   0.30070   3.18632  
 76 40.9896  15669.904876  x:  0.00000   0.01298   0.05168   0.05186   0.00000   0.04272   0.12249   0.00000   0.24215   0.06621   0.00839   0.16304   0.00000   0.10224   0.13487   0.03978   0.14465   0.09467   0.02895   0.09921   0.00345   0.06725   0.03650   0.05083   0.08290   0.10911   0.23365   0.00000   0.09466   0.01297   0.00432   0.06137   0.11680   0.07976   0.09131   0.06778   0.10558   0.06676   0.09354   0.00217   0.01483   0.02545   0.03838   0.03737   0.00933   0.05229   0.00772   0.03575   0.03420   0.05256   0.01645   0.02451   0.11332   3.35653   0.88820   0.30176   3.20159  
 77  0.0744  15669.880370  x:  0.00000   0.01344   0.05194   0.05196   0.00000   0.04291   0.12238   0.00000   0.24233   0.06597   0.00841   0.16326   0.00000   0.10249   0.13496   0.03975   0.14498   0.09464   0.02889   0.09927   0.00354   0.06756   0.03658   0.05087   0.08274   0.10904   0.23380   0.00000   0.09427   0.01281   0.00455   0.06123   0.11708   0.07979   0.09119   0.06784   0.10575   0.06661   0.09366   0.00223   0.01489   0.02530   0.03847   0.03754   0.00916   0.05227   0.00766   0.03588   0.03435   0.05253   0.01630   0.02435   0.11387   3.36491   0.88739   0.30907   3.30084  
 78  0.1126  15669.878353  x:  0.00000   0.01326   0.05192   0.05193   0.00000   0.04291   0.12233   0.00000   0.24229   0.06601   0.00841   0.16329   0.00000   0.10251   0.13497   0.03973   0.14499   0.09464   0.02889   0.09929   0.00352   0.06757   0.03655   0.05089   0.08271   0.10907   0.23380   0.00000   0.09426   0.01275   0.00448   0.06125   0.11706   0.07977   0.09118   0.06786   0.10574   0.06664   0.09350   0.00223   0.01487   0.02532   0.03844   0.03752   0.00905   0.05228   0.00764   0.03586   0.03434   0.05252   0.01630   0.02437   0.11390   3.36586   0.88734   0.31065   3.32095  
 79  0.0250  15669.878115  x:  0.00000   0.01323   0.05188   0.05192   0.00000   0.04291   0.12237   0.00000   0.24232   0.06598   0.00840   0.16331   0.00000   0.10249   0.13499   0.03974   0.14499   0.09465   0.02889   0.09929   0.00352   0.06757   0.03655   0.05089   0.08272   0.10905   0.23380   0.00000   0.09428   0.01274   0.00450   0.06126   0.11710   0.07979   0.09118   0.06786   0.10575   0.06663   0.09347   0.00223   0.01486   0.02531   0.03843   0.03750   0.00910   0.05229   0.00764   0.03584   0.03431   0.05252   0.01629   0.02436   0.11391   3.36581   0.88731   0.31118   3.32636  
 80  0.0050  15669.878091  x:  0.00000   0.01324   0.05189   0.05192   0.00000   0.04290   0.12238   0.00000   0.24232   0.06599   0.00840   0.16331   0.00000   0.10249   0.13499   0.03974   0.14499   0.09466   0.02890   0.09929   0.00353   0.06756   0.03655   0.05089   0.08273   0.10905   0.23381   0.00000   0.09430   0.01273   0.00450   0.06127   0.11711   0.07979   0.09119   0.06786   0.10576   0.06663   0.09350   0.00223   0.01486   0.02531   0.03843   0.03749   0.00910   0.05228   0.00764   0.03584   0.03430   0.05252   0.01630   0.02436   0.11391   3.36566   0.88732   0.31126   3.32651  
 81  0.0002  15669.878089  x:  0.00000   0.01324   0.05189   0.05192   0.00000   0.04290   0.12238   0.00000   0.24232   0.06599   0.00840   0.16332   0.00000   0.10249   0.13499   0.03974   0.14499   0.09466   0.02890   0.09929   0.00353   0.06756   0.03655   0.05089   0.08272   0.10905   0.23381   0.00000   0.09430   0.01273   0.00450   0.06127   0.11711   0.07979   0.09119   0.06786   0.10575   0.06663   0.09350   0.00223   0.01486   0.02531   0.03842   0.03749   0.00910   0.05228   0.00764   0.03584   0.03430   0.05252   0.01630   0.02436   0.11390   3.36563   0.88732   0.31126   3.32618  
 82  0.0003  15669.878089  x:  0.00000   0.01324   0.05189   0.05192   0.00000   0.04290   0.12238   0.00000   0.24232   0.06599   0.00840   0.16332   0.00000   0.10249   0.13499   0.03974   0.14499   0.09466   0.02890   0.09929   0.00353   0.06756   0.03655   0.05089   0.08272   0.10905   0.23381   0.00000   0.09430   0.01273   0.00450   0.06127   0.11711   0.07979   0.09119   0.06786   0.10575   0.06663   0.09350   0.00223   0.01486   0.02531   0.03843   0.03750   0.00910   0.05228   0.00764   0.03584   0.03430   0.05252   0.01630   0.02436   0.11391   3.36562   0.88732   0.31126   3.32608  
 83  0.0001  15669.878089  x:  0.00000   0.01324   0.05189   0.05192   0.00000   0.04290   0.12238   0.00000   0.24232   0.06599   0.00840   0.16332   0.00000   0.10249   0.13499   0.03974   0.14499   0.09466   0.02890   0.09929   0.00353   0.06756   0.03655   0.05089   0.08272   0.10905   0.23381   0.00000   0.09430   0.01273   0.00450   0.06127   0.11711   0.07979   0.09119   0.06786   0.10575   0.06663   0.09350   0.00223   0.01486   0.02531   0.03843   0.03750   0.00910   0.05228   0.00764   0.03584   0.03430   0.05252   0.01630   0.02436   0.11391   3.36562   0.88732   0.31126   3.32609  
 84  0.0000  15669.878089  x:  0.00000   0.01324   0.05189   0.05192   0.00000   0.04290   0.12238   0.00000   0.24232   0.06599   0.00840   0.16332   0.00000   0.10249   0.13499   0.03974   0.14499   0.09466   0.02890   0.09929   0.00353   0.06756   0.03655   0.05089   0.08272   0.10905   0.23381   0.00000   0.09430   0.01273   0.00450   0.06127   0.11711   0.07979   0.09119   0.06786   0.10575   0.06663   0.09350   0.00223   0.01486   0.02531   0.03843   0.03750   0.00910   0.05228   0.00764   0.03584   0.03430   0.05252   0.01630   0.02436   0.11391   3.36562   0.88732   0.31126   3.32610  
 85  0.0000  15669.878089  x:  0.00000   0.01324   0.05189   0.05192   0.00000   0.04290   0.12238   0.00000   0.24232   0.06599   0.00840   0.16332   0.00000   0.10249   0.13499   0.03974   0.14499   0.09466   0.02890   0.09929   0.00353   0.06756   0.03655   0.05089   0.08272   0.10905   0.23381   0.00000   0.09430   0.01273   0.00450   0.06127   0.11711   0.07979   0.09119   0.06786   0.10575   0.06663   0.09350   0.00223   0.01486   0.02531   0.03843   0.03750   0.00910   0.05228   0.00764   0.03584   0.03430   0.05252   0.01630   0.02436   0.11391   3.36562   0.88732   0.31126   3.32610  