

Model 0: one-ratio

TREE # 1

  0  0.0000   1449.314858  x:  0.10265   0.02100   0.06566   0.08365   0.10898   0.02040   0.04012   0.09634   0.09339   0.01030   0.09367   0.10045   0.10768   0.08600   0.09005   0.01359   0.06754   0.01850   0.10771   0.08725   0.10862   0.06044   0.09197   0.03939   2.00000   0.40000  
  1 99.0000   1414.289827  x:  0.11405   0.01495   0.05363   0.07534   0.09922   0.02625   0.04972   0.09095   0.08310   0.00000   0.08944   0.08692   0.10185   0.08782   0.09119   0.02499   0.09443   0.09086   0.10802   0.08517   0.09983   0.05516   0.08150   0.03407   2.00187   0.38645  
  2 747.6569   1390.417779  x:  0.12864   0.00000   0.02634   0.05576   0.07526   0.03283   0.05957   0.07902   0.05806   0.00000   0.08059   0.05317   0.08872   0.09143   0.09481   0.03958   0.11898   0.08140   0.10390   0.07026   0.07917   0.04470   0.05677   0.02540   2.00643   0.35245  
  3 369.5395   1372.356105  x:  0.13900   0.03874   0.00000   0.03635   0.05037   0.03218   0.06209   0.06642   0.02694   0.00000   0.07167   0.00439   0.07384   0.09511   0.09831   0.04993   0.13699   0.07516   0.09873   0.05541   0.05430   0.03906   0.02694   0.02583   2.01304   0.30181  
  4 806.5801   1370.631155  x:  0.13978   0.04078   0.00227   0.03543   0.04817   0.03218   0.06231   0.06539   0.02463   0.00000   0.07102   0.00000   0.07262   0.09542   0.09856   0.05072   0.13856   0.07471   0.09839   0.05401   0.05223   0.03875   0.02467   0.02589   2.01366   0.29700  
  5 865.1153   1359.724713  x:  0.13708   0.04276   0.00451   0.04224   0.00000   0.02734   0.05420   0.05947   0.03912   0.00000   0.07539   0.00000   0.06355   0.09823   0.09529   0.04802   0.14302   0.07633   0.09910   0.03422   0.03367   0.05521   0.02718   0.04030   2.02647   0.19499  
  6 243.6573   1355.992942  x:  0.13760   0.04164   0.00444   0.03891   0.01093   0.03022   0.05308   0.05800   0.04665   0.00000   0.07817   0.00000   0.06104   0.09950   0.09349   0.04854   0.14579   0.07620   0.10045   0.02493   0.03105   0.06064   0.02921   0.04293   2.03484   0.13052  
  7 321.0698   1355.410673  x:  0.13796   0.04233   0.00486   0.03702   0.00690   0.03141   0.05553   0.06117   0.04362   0.00000   0.07896   0.00000   0.06493   0.09918   0.09367   0.04890   0.14438   0.07589   0.10267   0.03018   0.04286   0.05756   0.02864   0.03869   2.03917   0.11681  
  8 72.7829   1355.272994  x:  0.13929   0.04287   0.00502   0.03614   0.00621   0.02973   0.05547   0.06434   0.04260   0.00000   0.08051   0.00000   0.06887   0.09880   0.09400   0.05023   0.14209   0.07596   0.10639   0.03267   0.03755   0.05339   0.03126   0.03432   2.04910   0.11458  
  9 17.5679   1354.767987  x:  0.14570   0.04638   0.00463   0.03798   0.00440   0.04127   0.05460   0.06430   0.04106   0.00000   0.08380   0.00000   0.06893   0.09860   0.09507   0.05664   0.13769   0.07559   0.12348   0.02618   0.03687   0.04533   0.03031   0.03797   2.12576   0.11602  
 10 21.7005   1353.467106  x:  0.15487   0.04910   0.00434   0.03132   0.00442   0.02528   0.05454   0.05877   0.03643   0.00000   0.08302   0.00000   0.06267   0.09933   0.09640   0.06581   0.13958   0.07441   0.14950   0.01811   0.04254   0.04802   0.02549   0.03726   2.31751   0.12080  
 11 140.5122   1351.944573  x:  0.15371   0.05567   0.00334   0.02915   0.00351   0.03384   0.06156   0.05475   0.02956   0.00000   0.07117   0.00000   0.05696   0.10120   0.09616   0.06465   0.15555   0.06937   0.15290   0.03440   0.03700   0.06414   0.02588   0.02898   2.57669   0.12562  
 12 220.3379   1350.230045  x:  0.14928   0.06112   0.00231   0.02984   0.00300   0.03191   0.06006   0.06372   0.03155   0.00000   0.06402   0.00000   0.07014   0.10251   0.09713   0.06022   0.17831   0.06657   0.11416   0.03206   0.03732   0.04538   0.01919   0.03351   2.85126   0.13054  
 13 199.0324   1349.920841  x:  0.15129   0.06307   0.00288   0.02629   0.00177   0.03278   0.05985   0.06197   0.02933   0.00000   0.06876   0.00000   0.06793   0.10218   0.09774   0.06223   0.17897   0.06664   0.10098   0.02959   0.03907   0.04239   0.02687   0.03155   2.90533   0.13209  
 14 135.6375   1349.775084  x:  0.15414   0.06269   0.00250   0.02984   0.00215   0.03259   0.05967   0.06070   0.02911   0.00000   0.07381   0.00000   0.06569   0.10127   0.09814   0.06508   0.17403   0.06750   0.09276   0.03083   0.03906   0.04276   0.02390   0.02839   2.93120   0.13240  
 15 56.0154   1349.709254  x:  0.15581   0.06162   0.00298   0.02681   0.00194   0.03285   0.06025   0.06084   0.03028   0.00000   0.07429   0.00000   0.06571   0.10061   0.09811   0.06674   0.16934   0.06829   0.08936   0.03325   0.03840   0.04356   0.02204   0.03065   2.94401   0.13275  
 16 28.1600   1349.623770  x:  0.15714   0.05953   0.00273   0.02886   0.00272   0.03199   0.06098   0.06136   0.02760   0.00000   0.06956   0.00000   0.06655   0.10022   0.09809   0.06808   0.16357   0.06951   0.08704   0.03403   0.03843   0.04417   0.02377   0.03338   2.96313   0.13300  
 17 19.7308   1349.394671  x:  0.15483   0.05737   0.00330   0.02876   0.00304   0.03326   0.05975   0.06191   0.03231   0.00000   0.06215   0.00000   0.06800   0.10082   0.09771   0.06577   0.15474   0.07206   0.08644   0.03128   0.04012   0.04478   0.02433   0.02763   3.01691   0.13607  
 18 34.3324   1348.726974  x:  0.13965   0.04609   0.00368   0.03166   0.00738   0.03246   0.05754   0.06511   0.03157   0.00000   0.07359   0.00000   0.07052   0.10247   0.09676   0.05059   0.14585   0.07685   0.09310   0.03684   0.04244   0.04470   0.02557   0.03000   3.17810   0.14504  
 19 84.3528   1348.668978  x:  0.14221   0.04697   0.00384   0.03354   0.00756   0.03176   0.05978   0.06581   0.03495   0.00000   0.07462   0.00000   0.07158   0.09960   0.09645   0.05315   0.14901   0.07570   0.09389   0.03850   0.04311   0.04518   0.02692   0.03090   3.19219   0.14605  
 20 21.0161   1348.660785  x:  0.14280   0.04680   0.00386   0.03342   0.00758   0.03204   0.05776   0.06629   0.03463   0.00000   0.07469   0.00000   0.07218   0.09818   0.09591   0.05374   0.14973   0.07563   0.09394   0.03865   0.04332   0.04597   0.02692   0.03083   3.19375   0.14618  
 21  4.2398   1348.588661  x:  0.14123   0.04645   0.00387   0.03301   0.00748   0.03212   0.06072   0.06694   0.03324   0.00000   0.07488   0.00000   0.07164   0.09087   0.09118   0.05217   0.14919   0.07638   0.09440   0.03628   0.04284   0.04595   0.02624   0.03028   3.20068   0.14615  
 22  0.9202   1346.179987  x:  0.14664   0.03883   0.00614   0.03516   0.00826   0.03021   0.05405   0.04564   0.02998   0.00000   0.06670   0.00000   0.05750   0.08582   0.08912   0.05759   0.16363   0.08870   0.10763   0.04154   0.04151   0.02721   0.02488   0.03025   3.40894   0.14077  
 23  9.0966   1342.425973  x:  0.16142   0.02946   0.00972   0.03447   0.00780   0.03367   0.06500   0.05678   0.01246   0.00000   0.06965   0.00000   0.06017   0.10111   0.10107   0.07237   0.18704   0.10805   0.12427   0.01762   0.03924   0.04031   0.01836   0.02686   3.73727   0.13732  
 24 321.1955   1342.415708  x:  0.16164   0.02945   0.00975   0.03449   0.00780   0.03359   0.06473   0.05891   0.01262   0.00000   0.06939   0.00000   0.05809   0.10168   0.10025   0.07259   0.18724   0.10806   0.12433   0.01785   0.03929   0.03989   0.01842   0.02689   3.73832   0.13731  
 25  5.7022   1342.392681  x:  0.16239   0.02953   0.00981   0.03460   0.00778   0.03361   0.06483   0.05829   0.01274   0.00000   0.06972   0.00000   0.05909   0.10458   0.09523   0.07335   0.18762   0.10808   0.12423   0.01790   0.03933   0.04001   0.01843   0.02687   3.74174   0.13745  
 26  1.0372   1341.039049  x:  0.16553   0.02128   0.01210   0.03541   0.00957   0.03629   0.06807   0.05803   0.03044   0.00000   0.06987   0.00000   0.06237   0.10625   0.10480   0.07651   0.20491   0.12268   0.12283   0.01417   0.03680   0.04683   0.02046   0.02776   3.99867   0.13602  
 27  3.9050   1340.242176  x:  0.17220   0.02314   0.01401   0.03090   0.01380   0.03604   0.07001   0.06259   0.02925   0.00000   0.06806   0.00000   0.06676   0.10499   0.10549   0.08321   0.21726   0.13659   0.12014   0.02814   0.04087   0.04124   0.02236   0.02307   4.08721   0.14646  
 28  0.0994   1339.576724  x:  0.17055   0.02113   0.01654   0.02722   0.01685   0.03783   0.06720   0.06054   0.02372   0.00000   0.06516   0.00000   0.05973   0.10243   0.09784   0.08156   0.22539   0.16266   0.10787   0.02204   0.03908   0.04023   0.02244   0.03077   4.15073   0.14062  
 29  0.0464   1339.263154  x:  0.16885   0.02145   0.01777   0.02823   0.01820   0.03717   0.06674   0.05976   0.02196   0.00000   0.06909   0.00000   0.06119   0.10228   0.10214   0.07987   0.21252   0.18142   0.11457   0.01665   0.03921   0.04118   0.02014   0.02410   4.03041   0.13791  
 30  0.0646   1339.153055  x:  0.16683   0.02013   0.01830   0.02938   0.01827   0.03659   0.06618   0.05993   0.02252   0.00000   0.06844   0.00000   0.06294   0.10293   0.10330   0.07785   0.20282   0.18993   0.11705   0.02100   0.03958   0.04273   0.02165   0.02667   3.93137   0.13783  
 31  0.0828   1339.127711  x:  0.16660   0.02246   0.01854   0.02927   0.01748   0.03691   0.06678   0.06131   0.02336   0.00000   0.06770   0.00000   0.06306   0.10367   0.10219   0.07762   0.20174   0.19356   0.11526   0.01938   0.03979   0.04189   0.02184   0.02717   3.88459   0.13863  
 32  0.0434   1339.120566  x:  0.16637   0.02196   0.01868   0.02894   0.01653   0.03669   0.06671   0.06096   0.02383   0.00000   0.06760   0.00000   0.06198   0.10347   0.10115   0.07739   0.20225   0.19503   0.11446   0.01944   0.03954   0.04196   0.02166   0.02669   3.87160   0.13882  
 33  0.0096   1339.118425  x:  0.16649   0.02252   0.01858   0.02922   0.01569   0.03669   0.06670   0.06078   0.02391   0.00000   0.06790   0.00000   0.06228   0.10322   0.10180   0.07751   0.20397   0.19461   0.11480   0.01940   0.03948   0.04184   0.02168   0.02686   3.86634   0.13870  
 34  0.0028   1339.117728  x:  0.16629   0.02267   0.01843   0.02921   0.01554   0.03664   0.06668   0.06086   0.02359   0.00000   0.06774   0.00000   0.06243   0.10334   0.10158   0.07731   0.20399   0.19495   0.11539   0.01920   0.03964   0.04189   0.02178   0.02678   3.86301   0.13885  
 35  0.0013   1339.116763  x:  0.16612   0.02287   0.01801   0.02921   0.01553   0.03667   0.06677   0.06078   0.02359   0.00000   0.06784   0.00000   0.06225   0.10336   0.10141   0.07714   0.20398   0.19513   0.11521   0.01937   0.03944   0.04208   0.02153   0.02683   3.86918   0.13876  
 36  0.0016   1339.116158  x:  0.16617   0.02254   0.01775   0.02928   0.01566   0.03667   0.06684   0.06090   0.02375   0.00000   0.06794   0.00000   0.06242   0.10325   0.10153   0.07719   0.20372   0.19559   0.11497   0.01930   0.03953   0.04188   0.02166   0.02685   3.87351   0.13888  
 37  0.0027   1339.116070  x:  0.16627   0.02256   0.01772   0.02934   0.01571   0.03663   0.06683   0.06076   0.02380   0.00000   0.06789   0.00000   0.06240   0.10324   0.10154   0.07728   0.20368   0.19576   0.11504   0.01930   0.03955   0.04192   0.02173   0.02681   3.87144   0.13879  
 38  0.0018   1339.116055  x:  0.16631   0.02253   0.01771   0.02934   0.01575   0.03662   0.06681   0.06077   0.02380   0.00000   0.06788   0.00000   0.06241   0.10324   0.10152   0.07733   0.20374   0.19580   0.11508   0.01930   0.03955   0.04190   0.02169   0.02682   3.86990   0.13878  
 39  0.0011   1339.116052  x:  0.16630   0.02252   0.01771   0.02933   0.01576   0.03662   0.06681   0.06077   0.02380   0.00000   0.06790   0.00000   0.06240   0.10324   0.10151   0.07731   0.20380   0.19576   0.11506   0.01930   0.03954   0.04190   0.02170   0.02682   3.86913   0.13877  
 40  0.0005   1339.116052  x:  0.16630   0.02252   0.01771   0.02933   0.01577   0.03663   0.06681   0.06077   0.02380   0.00000   0.06790   0.00000   0.06240   0.10324   0.10152   0.07731   0.20379   0.19575   0.11505   0.01931   0.03955   0.04191   0.02170   0.02682   3.86888   0.13877  
 41  0.0002   1339.116052  x:  0.16630   0.02252   0.01771   0.02934   0.01576   0.03663   0.06681   0.06077   0.02380   0.00000   0.06790   0.00000   0.06240   0.10324   0.10152   0.07731   0.20379   0.19575   0.11505   0.01931   0.03955   0.04190   0.02170   0.02682   3.86887   0.13877  
 42  0.0000   1339.116052  x:  0.16630   0.02252   0.01771   0.02933   0.01576   0.03663   0.06681   0.06077   0.02380   0.00000   0.06790   0.00000   0.06240   0.10324   0.10152   0.07731   0.20379   0.19575   0.11505   0.01931   0.03955   0.04190   0.02170   0.02682   3.86888   0.13877  
 43  0.0000   1339.116052  x:  0.16630   0.02252   0.01771   0.02933   0.01576   0.03663   0.06681   0.06077   0.02380   0.00000   0.06790   0.00000   0.06240   0.10324   0.10152   0.07731   0.20379   0.19575   0.11505   0.01931   0.03955   0.04190   0.02170   0.02682   3.86887   0.13877  
 44  0.0000   1339.116052  x:  0.16630   0.02252   0.01771   0.02933   0.01576   0.03663   0.06681   0.06077   0.02380   0.00000   0.06790   0.00000   0.06240   0.10324   0.10152   0.07731   0.20379   0.19575   0.11505   0.01931   0.03955   0.04190   0.02170   0.02682   3.86888   0.13877  
 45  0.0000   1339.116052  x:  0.16630   0.02252   0.01771   0.02933   0.01576   0.03663   0.06681   0.06077   0.02380   0.00000   0.06790   0.00000   0.06240   0.10324   0.10152   0.07731   0.20379   0.19575   0.11505   0.01931   0.03955   0.04190   0.02170   0.02682   3.86888   0.13877  
 46  0.0000   1339.116052  x:  0.16630   0.02252   0.01771   0.02933   0.01576   0.03663   0.06681   0.06077   0.02380   0.00000   0.06790   0.00000   0.06240   0.10324   0.10152   0.07731   0.20379   0.19575   0.11505   0.01931   0.03955   0.04190   0.02170   0.02682   3.86888   0.13877  
check convergence!


Model 1: NearlyNeutral

TREE # 1

  0  0.0000   1417.259175  x:  0.10146   0.09875   0.07147   0.05492   0.05509   0.04008   0.05619   0.07752   0.01375   0.08983   0.10922   0.09112   0.02668   0.06077   0.05938   0.06469   0.04551   0.02223   0.09702   0.10854   0.07893   0.07571   0.07009   0.06572   3.86888   0.89774   0.13961  
  1 99.0000   1347.031087  x:  0.13102   0.05069   0.01772   0.02400   0.01437   0.02859   0.07242   0.06435   0.01856   0.03125   0.07826   0.03017   0.10941   0.11688   0.11025   0.09425   0.26751   0.32883   0.11312   0.09180   0.04602   0.04505   0.02380   0.02640   3.86923   0.90490   0.09223  
  2 724.1508   1338.812622  x:  0.13393   0.03476   0.01619   0.03360   0.00722   0.03492   0.07278   0.06325   0.01805   0.00015   0.07081   0.00000   0.09733   0.11609   0.11126   0.09716   0.26927   0.32952   0.11125   0.07417   0.04151   0.04252   0.02081   0.02540   3.86939   0.89777   0.08012  
  3 182.6206   1338.789165  x:  0.13394   0.03472   0.01620   0.03359   0.00725   0.03494   0.07278   0.06325   0.01809   0.00000   0.07080   0.00000   0.09728   0.11608   0.11126   0.09717   0.26928   0.32952   0.11124   0.07410   0.04150   0.04251   0.02081   0.02540   3.86939   0.89775   0.08008  
  4 486.3363   1337.457896  x:  0.13712   0.02200   0.01859   0.01981   0.01194   0.03373   0.07006   0.06404   0.01096   0.00000   0.07695   0.00000   0.08631   0.11197   0.10949   0.10035   0.27330   0.33120   0.11150   0.04373   0.04316   0.04392   0.02317   0.02710   3.86978   0.89133   0.07713  
  5 120.0050   1336.797623  x:  0.13876   0.02345   0.02233   0.02517   0.01048   0.03256   0.06658   0.06705   0.01281   0.00000   0.08679   0.00000   0.08351   0.10771   0.10793   0.10199   0.27729   0.33354   0.11610   0.01716   0.04695   0.04610   0.01988   0.02661   3.87028   0.88984   0.08323  
  6 68.4920   1336.637674  x:  0.13912   0.02789   0.01713   0.02501   0.00907   0.03407   0.06658   0.06753   0.01294   0.00000   0.08846   0.00000   0.08282   0.10631   0.10730   0.10235   0.27794   0.33320   0.12106   0.00895   0.04642   0.04618   0.02091   0.02745   3.87062   0.89049   0.08241  
  7 39.5653   1336.547036  x:  0.13938   0.03087   0.02008   0.02359   0.00628   0.03350   0.06758   0.06659   0.01308   0.00000   0.08884   0.00000   0.08237   0.10492   0.10623   0.10260   0.27858   0.33248   0.13031   0.00477   0.04471   0.04553   0.02103   0.02785   3.87122   0.89127   0.07910  
  8 22.0817   1336.517016  x:  0.13973   0.03111   0.02014   0.02429   0.00795   0.03321   0.06748   0.06625   0.01209   0.00000   0.08858   0.00000   0.08173   0.10446   0.10577   0.10296   0.27914   0.33211   0.13556   0.00407   0.04472   0.04535   0.02026   0.02706   3.87166   0.89057   0.07858  
  9 18.0056   1336.482263  x:  0.14019   0.02910   0.01908   0.02421   0.00777   0.03288   0.06686   0.06619   0.01294   0.00000   0.08862   0.00000   0.08113   0.10398   0.10522   0.10341   0.27982   0.33131   0.14294   0.00405   0.04581   0.04560   0.02034   0.02632   3.87241   0.88889   0.07962  
 10 23.0427   1336.476612  x:  0.14025   0.02880   0.01935   0.02464   0.00803   0.03337   0.06688   0.06646   0.01282   0.00000   0.08855   0.00000   0.08144   0.10435   0.10545   0.10348   0.28018   0.33122   0.14412   0.00398   0.04599   0.04566   0.02130   0.02719   3.87280   0.88822   0.07980  
 11  6.1556   1336.466184  x:  0.14019   0.02890   0.01962   0.02414   0.00807   0.03439   0.06725   0.06759   0.01281   0.00000   0.08847   0.00000   0.08280   0.10598   0.10666   0.10342   0.28065   0.32999   0.14521   0.00358   0.04594   0.04566   0.02034   0.02778   3.87436   0.88575   0.07973  
 12  3.7631   1336.451548  x:  0.14027   0.02946   0.01968   0.02431   0.00785   0.03341   0.06738   0.06848   0.01277   0.00000   0.08856   0.00000   0.08425   0.10790   0.10823   0.10350   0.28157   0.32824   0.14579   0.00305   0.04600   0.04615   0.02128   0.02648   3.87714   0.88240   0.07860  
 13  7.5689   1336.421478  x:  0.14116   0.03042   0.01902   0.02498   0.00733   0.03164   0.06698   0.06713   0.01295   0.00000   0.08992   0.00000   0.08426   0.10800   0.10885   0.10438   0.28455   0.32579   0.14551   0.00373   0.04719   0.04600   0.02057   0.02849   3.88419   0.87833   0.07617  
 14  5.5656   1336.332937  x:  0.14354   0.03220   0.01953   0.02540   0.00646   0.03603   0.06824   0.06341   0.01314   0.00000   0.09252   0.00000   0.08329   0.10546   0.10790   0.10676   0.29360   0.31969   0.14404   0.00556   0.04720   0.04609   0.02123   0.02668   3.90637   0.87125   0.07372  
 15 17.8034   1336.094500  x:  0.14697   0.03030   0.01849   0.02709   0.00629   0.03357   0.07268   0.06720   0.01341   0.00000   0.08562   0.00000   0.08093   0.10259   0.10459   0.11020   0.31194   0.30477   0.14160   0.00514   0.03893   0.04466   0.02100   0.02772   3.96528   0.86865   0.07437  
 16 27.0873   1335.865072  x:  0.14757   0.02790   0.01872   0.02774   0.00602   0.03527   0.07238   0.06995   0.01315   0.00000   0.07584   0.00000   0.07844   0.10486   0.10519   0.11080   0.32511   0.29280   0.14046   0.00292   0.04533   0.04496   0.02003   0.02676   4.02344   0.87435   0.06936  
 17 61.7015   1335.721176  x:  0.14549   0.02719   0.01903   0.02791   0.00576   0.03645   0.06503   0.06475   0.01292   0.00000   0.07259   0.00000   0.07311   0.11018   0.11096   0.10871   0.32527   0.29117   0.14109   0.00130   0.04193   0.04337   0.01990   0.02661   4.05987   0.87626   0.07014  
 18 30.7962   1335.512971  x:  0.14182   0.02369   0.01781   0.03016   0.00692   0.03702   0.07040   0.06698   0.01343   0.00000   0.07658   0.00000   0.06631   0.11037   0.11550   0.10505   0.30652   0.30418   0.14335   0.00115   0.03955   0.04554   0.01933   0.02672   4.11452   0.87308   0.06491  
 19 19.5980   1335.397154  x:  0.14168   0.02367   0.01781   0.03035   0.00700   0.03688   0.07126   0.06627   0.01346   0.00000   0.07402   0.00000   0.06635   0.10920   0.11475   0.10491   0.29843   0.30950   0.14358   0.00000   0.04024   0.04373   0.01953   0.02662   4.13298   0.86979   0.06455  
 20 51.9382   1335.397154  x:  0.14168   0.02367   0.01781   0.03035   0.00700   0.03688   0.07126   0.06627   0.01346   0.00000   0.07402   0.00000   0.06635   0.10920   0.11475   0.10491   0.29843   0.30950   0.14358   0.00000   0.04024   0.04373   0.01953   0.02662   4.13298   0.86979   0.06455  
 21 27.5907   1334.659473  x:  0.14186   0.02809   0.01966   0.02955   0.01540   0.03732   0.07085   0.06575   0.02543   0.00000   0.07281   0.00000   0.06594   0.10904   0.11342   0.10509   0.29524   0.30599   0.14338   0.00006   0.04066   0.04380   0.02131   0.02749   4.13302   0.86956   0.06434  
 22 109.1615   1333.704421  x:  0.14354   0.01697   0.01454   0.02966   0.01382   0.03689   0.06701   0.06234   0.03182   0.00000   0.06455   0.00000   0.06039   0.10717   0.10107   0.10677   0.26337   0.27200   0.14176   0.00604   0.04340   0.04396   0.02606   0.03104   4.13335   0.86397   0.06558  
 23 38.3837   1332.800072  x:  0.14539   0.01804   0.02105   0.03214   0.02067   0.03636   0.06518   0.06023   0.02487   0.00000   0.06125   0.00000   0.05795   0.10513   0.09059   0.10861   0.22514   0.23100   0.13835   0.01064   0.04312   0.04334   0.02180   0.02882   4.13377   0.86137   0.06460  
 24 129.9923   1332.455623  x:  0.14620   0.02076   0.01508   0.02878   0.02003   0.03696   0.06686   0.06211   0.02488   0.00000   0.06618   0.00000   0.06126   0.10500   0.09369   0.10943   0.20859   0.21253   0.13493   0.00985   0.04082   0.04329   0.02088   0.02657   4.13400   0.86590   0.06273  
 25 61.8492   1332.342470  x:  0.14636   0.02037   0.01823   0.02996   0.01683   0.03656   0.06797   0.06277   0.02656   0.00000   0.06862   0.00000   0.06292   0.10493   0.09734   0.10959   0.20264   0.20524   0.13277   0.00958   0.04034   0.04319   0.02244   0.02768   4.13412   0.87048   0.06343  
 26 39.8700   1332.291322  x:  0.14630   0.02185   0.01740   0.03072   0.01639   0.03562   0.06771   0.06190   0.02645   0.00000   0.06704   0.00000   0.06160   0.10468   0.10019   0.10952   0.20088   0.20145   0.13057   0.01207   0.04171   0.04271   0.02148   0.02895   4.13427   0.87654   0.06757  
 27 14.8347   1332.263257  x:  0.14595   0.02077   0.01783   0.02946   0.01690   0.03600   0.06700   0.06107   0.02619   0.00000   0.06509   0.00000   0.06037   0.10433   0.10012   0.10918   0.20107   0.19902   0.12793   0.01313   0.04115   0.04306   0.02221   0.02691   4.13442   0.88288   0.06818  
 28 11.5965   1332.254833  x:  0.14562   0.02012   0.01766   0.02952   0.01728   0.03608   0.06647   0.06122   0.02619   0.00000   0.06509   0.00000   0.06040   0.10409   0.09883   0.10885   0.20161   0.19808   0.12648   0.01297   0.04059   0.04252   0.02147   0.02793   4.13451   0.88544   0.06796  
 29  7.5008   1332.252554  x:  0.14531   0.02030   0.01747   0.02985   0.01730   0.03580   0.06635   0.06135   0.02611   0.00000   0.06560   0.00000   0.06067   0.10385   0.09786   0.10853   0.20200   0.19767   0.12573   0.01296   0.04071   0.04255   0.02191   0.02781   4.13457   0.88600   0.06847  
 30  3.4482   1332.251966  x:  0.14510   0.02033   0.01752   0.02978   0.01709   0.03580   0.06649   0.06129   0.02629   0.00000   0.06578   0.00000   0.06075   0.10371   0.09758   0.10833   0.20223   0.19748   0.12544   0.01317   0.04078   0.04259   0.02164   0.02764   4.13462   0.88600   0.06860  
 31  1.9265   1332.251554  x:  0.14482   0.02050   0.01753   0.02969   0.01702   0.03591   0.06674   0.06115   0.02624   0.00000   0.06578   0.00000   0.06074   0.10356   0.09756   0.10804   0.20256   0.19719   0.12514   0.01343   0.04076   0.04264   0.02175   0.02780   4.13470   0.88586   0.06845  
 32  1.1928   1332.251155  x:  0.14452   0.02045   0.01746   0.02989   0.01707   0.03583   0.06677   0.06113   0.02626   0.00000   0.06566   0.00000   0.06069   0.10351   0.09782   0.10775   0.20303   0.19676   0.12478   0.01334   0.04068   0.04258   0.02171   0.02772   4.13485   0.88557   0.06837  
 33  1.0198   1332.250817  x:  0.14444   0.02036   0.01754   0.02965   0.01716   0.03575   0.06654   0.06127   0.02620   0.00000   0.06571   0.00000   0.06076   0.10364   0.09800   0.10767   0.20344   0.19641   0.12472   0.01336   0.04083   0.04261   0.02171   0.02778   4.13505   0.88540   0.06841  
 34  0.6735   1332.250020  x:  0.14463   0.02044   0.01753   0.02987   0.01710   0.03607   0.06627   0.06155   0.02623   0.00000   0.06584   0.00000   0.06079   0.10404   0.09808   0.10785   0.20423   0.19584   0.12495   0.01368   0.04082   0.04271   0.02171   0.02771   4.13565   0.88534   0.06832  
 35  0.8489   1332.247565  x:  0.14546   0.02086   0.01762   0.02964   0.01673   0.03582   0.06679   0.06130   0.02621   0.00000   0.06584   0.00000   0.06072   0.10455   0.09793   0.10869   0.20600   0.19478   0.12562   0.01332   0.04037   0.04247   0.02176   0.02773   4.13764   0.88533   0.06856  
 36  1.5336   1332.244453  x:  0.14600   0.02106   0.01756   0.02980   0.01659   0.03576   0.06722   0.06111   0.02613   0.00000   0.06579   0.00000   0.06090   0.10401   0.09804   0.10923   0.20715   0.19450   0.12607   0.01267   0.04134   0.04276   0.02162   0.02770   4.14028   0.88567   0.06810  
 37  2.3309   1332.228742  x:  0.14635   0.02133   0.01765   0.02967   0.01657   0.03627   0.06669   0.06162   0.02577   0.00000   0.06643   0.00000   0.06169   0.10035   0.09947   0.10958   0.20940   0.19649   0.12718   0.01235   0.04026   0.04285   0.02154   0.02762   4.15364   0.88633   0.06879  
 38  4.1861   1332.198568  x:  0.14464   0.02239   0.01781   0.02953   0.01596   0.03490   0.06701   0.06211   0.02529   0.00000   0.06808   0.00000   0.06119   0.10267   0.10121   0.10787   0.21112   0.20274   0.12681   0.01218   0.04032   0.04152   0.02145   0.02695   4.17964   0.88811   0.06796  
 39 11.3417   1332.189940  x:  0.14406   0.02256   0.01789   0.02942   0.01594   0.03603   0.06756   0.06210   0.02498   0.00000   0.06793   0.00000   0.06170   0.10416   0.10158   0.10729   0.21144   0.20461   0.12613   0.01112   0.04019   0.04255   0.02120   0.02722   4.18706   0.88841   0.06887  
 40 15.5100   1332.189592  x:  0.14418   0.02256   0.01787   0.02945   0.01595   0.03588   0.06758   0.06209   0.02497   0.00000   0.06770   0.00000   0.06215   0.10427   0.10160   0.10740   0.21144   0.20474   0.12592   0.01129   0.04013   0.04262   0.02119   0.02722   4.18734   0.88838   0.06881  
 41  1.1861   1332.189492  x:  0.14437   0.02253   0.01789   0.02944   0.01598   0.03597   0.06761   0.06211   0.02496   0.00000   0.06772   0.00000   0.06216   0.10427   0.10164   0.10760   0.21144   0.20482   0.12558   0.01135   0.04018   0.04250   0.02121   0.02721   4.18738   0.88828   0.06882  
 42  0.4524   1332.189466  x:  0.14445   0.02253   0.01789   0.02944   0.01599   0.03593   0.06760   0.06212   0.02497   0.00000   0.06776   0.00000   0.06210   0.10427   0.10165   0.10767   0.21144   0.20485   0.12545   0.01138   0.04016   0.04259   0.02119   0.02723   4.18737   0.88824   0.06880  
 43  0.3730   1332.189432  x:  0.14445   0.02264   0.01790   0.02942   0.01588   0.03594   0.06749   0.06213   0.02497   0.00000   0.06770   0.00000   0.06209   0.10426   0.10164   0.10768   0.21142   0.20484   0.12542   0.01132   0.04016   0.04258   0.02119   0.02722   4.18681   0.88823   0.06877  
 44  0.0387   1332.187717  x:  0.14436   0.02280   0.01784   0.02939   0.01573   0.03596   0.06773   0.06234   0.02445   0.00000   0.06800   0.00000   0.06225   0.10421   0.10181   0.10758   0.21104   0.20424   0.12540   0.01140   0.04007   0.04259   0.02107   0.02712   4.15742   0.88839   0.06869  
 45  0.8269   1332.187699  x:  0.14436   0.02279   0.01783   0.02940   0.01574   0.03597   0.06767   0.06222   0.02444   0.00000   0.06805   0.00000   0.06227   0.10422   0.10182   0.10759   0.21103   0.20423   0.12540   0.01140   0.04007   0.04259   0.02107   0.02712   4.15712   0.88839   0.06868  
 46  0.5600   1332.187484  x:  0.14439   0.02280   0.01779   0.02940   0.01561   0.03598   0.06768   0.06223   0.02428   0.00000   0.06808   0.00000   0.06229   0.10421   0.10180   0.10761   0.21089   0.20406   0.12545   0.01141   0.04007   0.04259   0.02106   0.02711   4.16760   0.88821   0.06865  
 47  0.0115   1332.187466  x:  0.14438   0.02275   0.01778   0.02940   0.01557   0.03597   0.06767   0.06222   0.02428   0.00000   0.06805   0.00000   0.06227   0.10422   0.10179   0.10761   0.21096   0.20413   0.12545   0.01141   0.04008   0.04259   0.02107   0.02712   4.16629   0.88823   0.06867  
 48  0.0013   1332.187466  x:  0.14438   0.02275   0.01778   0.02940   0.01558   0.03597   0.06767   0.06222   0.02427   0.00000   0.06804   0.00000   0.06226   0.10422   0.10178   0.10761   0.21096   0.20414   0.12545   0.01141   0.04008   0.04259   0.02107   0.02712   4.16630   0.88824   0.06867  
 49  0.0000   1332.187466  x:  0.14438   0.02275   0.01778   0.02940   0.01558   0.03597   0.06767   0.06222   0.02427   0.00000   0.06804   0.00000   0.06226   0.10422   0.10178   0.10761   0.21096   0.20414   0.12545   0.01141   0.04008   0.04259   0.02107   0.02712   4.16630   0.88824   0.06867  
 50  0.0000   1332.187466  x:  0.14438   0.02275   0.01778   0.02940   0.01558   0.03597   0.06767   0.06222   0.02427   0.00000   0.06804   0.00000   0.06226   0.10422   0.10178   0.10761   0.21096   0.20414   0.12545   0.01141   0.04008   0.04259   0.02107   0.02712   4.16631   0.88824   0.06867  
 51  0.0000   1332.187466  x:  0.14438   0.02275   0.01778   0.02940   0.01558   0.03597   0.06767   0.06222   0.02427   0.00000   0.06804   0.00000   0.06226   0.10422   0.10178   0.10761   0.21096   0.20414   0.12545   0.01141   0.04008   0.04259   0.02107   0.02712   4.16630   0.88824   0.06867  

Model 2: PositiveSelection

TREE # 1

  0  0.0000   1438.270254  x:  0.07265   0.03692   0.05172   0.02716   0.09312   0.01232   0.10752   0.08394   0.06434   0.05877   0.04643   0.01187   0.03264   0.08580   0.01762   0.09967   0.03823   0.08887   0.07183   0.04026   0.07394   0.04335   0.04869   0.09792   4.16630   1.34581   0.53759   0.29486   2.74105  
  1 99.0000   1405.157011  x:  0.07977   0.03125   0.04316   0.03302   0.08598   0.02100   0.10559   0.08298   0.05938   0.05029   0.05549   0.00000   0.04742   0.09198   0.08058   0.10679   0.08940   0.10792   0.07823   0.04217   0.06985   0.04561   0.04277   0.09022   4.16658   1.34886   0.53680   0.28601   2.74020  
  2 712.8869   1385.069821  x:  0.10724   0.00562   0.00631   0.04448   0.05151   0.03762   0.09697   0.07957   0.03261   0.00000   0.08372   0.00000   0.07236   0.11843   0.03308   0.13427   0.14190   0.16483   0.10480   0.04727   0.05321   0.05612   0.01926   0.05353   4.16793   1.36464   0.53218   0.23584   2.73638  
  3 262.6016   1379.422087  x:  0.12748   0.02287   0.04606   0.04714   0.02669   0.04260   0.08947   0.07647   0.02064   0.00000   0.09757   0.00000   0.07649   0.13421   0.02881   0.15450   0.13785   0.20186   0.12509   0.04522   0.04343   0.06210   0.01990   0.01967   4.16966   1.38584   0.52586   0.16974   2.73122  
  4 186.5323   1371.088358  x:  0.15087   0.02940   0.04190   0.03951   0.00000   0.04459   0.08364   0.07565   0.03036   0.00000   0.10754   0.00000   0.07350   0.15070   0.04005   0.17790   0.10919   0.24144   0.14991   0.03830   0.04355   0.06505   0.03222   0.02019   4.17216   1.41820   0.51597   0.07029   2.72348  
  5 269.8750   1367.759991  x:  0.16247   0.04052   0.03889   0.03735   0.01037   0.04620   0.08223   0.07618   0.03276   0.00000   0.11132   0.00000   0.07311   0.15791   0.04205   0.18950   0.10134   0.26070   0.16171   0.03429   0.04493   0.06573   0.03382   0.02312   4.17346   1.43544   0.51083   0.02145   2.71926  
  6 537.3954   1366.928161  x:  0.16957   0.03418   0.04444   0.03924   0.00999   0.04028   0.08822   0.08064   0.02285   0.00000   0.10174   0.00000   0.06875   0.15503   0.04349   0.19659   0.09869   0.27347   0.16818   0.02353   0.05329   0.05961   0.02399   0.03142   4.17529   1.45979   0.50561   0.01652   2.71233  
  7 46.0193   1365.547018  x:  0.18506   0.02454   0.04713   0.03540   0.01671   0.03552   0.09720   0.08745   0.03368   0.00000   0.08110   0.00000   0.06253   0.14735   0.04517   0.21209   0.09303   0.30421   0.18284   0.00000   0.05787   0.05269   0.02378   0.02210   4.18015   1.52275   0.49278   0.02627   2.69402  
  8 83.3937   1365.547018  x:  0.18506   0.02454   0.04713   0.03540   0.01671   0.03552   0.09720   0.08745   0.03368   0.00000   0.08110   0.00000   0.06253   0.14735   0.04517   0.21209   0.09303   0.30421   0.18284   0.00000   0.05787   0.05269   0.02378   0.02210   4.18015   1.52275   0.49278   0.02627   2.69402  
  9 120.5273   1354.310517  x:  0.18279   0.03157   0.01728   0.04002   0.03727   0.05050   0.09516   0.08614   0.03416   0.00000   0.08954   0.00000   0.08221   0.14367   0.16477   0.20982   0.15682   0.31134   0.18357   0.00980   0.05444   0.05751   0.03458   0.05841   4.18125   1.53738   0.48985   0.03730   2.68950  
 10 221.3208   1352.038387  x:  0.17966   0.01938   0.04031   0.04883   0.02564   0.05104   0.09740   0.08890   0.03622   0.00000   0.09788   0.00000   0.09140   0.14580   0.17277   0.20668   0.20714   0.31659   0.18394   0.01721   0.05832   0.06383   0.02417   0.03946   4.18247   1.55770   0.48477   0.05008   2.68493  
 11 75.8983   1350.266003  x:  0.17503   0.03447   0.02924   0.04127   0.02846   0.05035   0.10107   0.09469   0.03848   0.00000   0.10422   0.00000   0.09491   0.15200   0.15478   0.20205   0.26779   0.32110   0.18362   0.02102   0.06296   0.06792   0.03431   0.02266   4.18456   1.59533   0.47407   0.04325   2.67771  
 12 71.0676   1349.084930  x:  0.17030   0.03607   0.01940   0.03887   0.02068   0.04873   0.10364   0.09780   0.03653   0.00000   0.10619   0.00000   0.09386   0.15704   0.13065   0.19732   0.31633   0.32252   0.18368   0.01938   0.06380   0.06522   0.03431   0.04424   4.18675   1.63582   0.46246   0.04578   2.67044  
 13 102.3980   1348.422352  x:  0.16633   0.04456   0.02635   0.04656   0.02966   0.04993   0.10266   0.09250   0.03532   0.00000   0.09874   0.00000   0.08669   0.15595   0.12540   0.19335   0.33175   0.31622   0.18316   0.00483   0.05426   0.05697   0.03054   0.04826   4.18900   1.68005   0.44919   0.04672   2.66354  
 14 41.9752   1347.892428  x:  0.16441   0.04275   0.02321   0.04645   0.02732   0.04996   0.10123   0.08933   0.03413   0.00000   0.09474   0.00000   0.08361   0.15422   0.12576   0.19144   0.33392   0.31181   0.18399   0.00000   0.05191   0.05561   0.02963   0.04576   4.19031   1.70596   0.44140   0.04833   2.65958  
 15 74.7709   1347.892428  x:  0.16441   0.04275   0.02321   0.04645   0.02732   0.04996   0.10123   0.08933   0.03413   0.00000   0.09474   0.00000   0.08361   0.15422   0.12576   0.19144   0.33392   0.31181   0.18399   0.00000   0.05191   0.05561   0.02963   0.04576   4.19031   1.70596   0.44140   0.04833   2.65958  
 16 198.3977   1347.341517  x:  0.16398   0.03160   0.02367   0.04284   0.01606   0.04888   0.09987   0.08923   0.03454   0.00000   0.09674   0.00000   0.08728   0.15198   0.13362   0.19100   0.33074   0.31033   0.18649   0.00493   0.05783   0.06150   0.02926   0.03819   4.19090   1.71695   0.43831   0.05128   2.65766  
 17 38.1533   1346.812115  x:  0.16287   0.03330   0.02923   0.03768   0.02582   0.04846   0.09675   0.08900   0.03757   0.00000   0.10006   0.00000   0.09344   0.14620   0.15121   0.18989   0.32077   0.30465   0.19102   0.01860   0.06365   0.06731   0.02907   0.03179   4.19284   1.75295   0.42805   0.05092   2.65139  
 18 34.5206   1345.740508  x:  0.16129   0.02539   0.01904   0.04488   0.02964   0.05131   0.09217   0.09067   0.03239   0.00000   0.10132   0.00000   0.09584   0.13762   0.17917   0.18831   0.29468   0.28835   0.19372   0.02950   0.05996   0.06258   0.03134   0.05130   4.19817   1.85499   0.39900   0.05912   2.63417  
 19 59.5900   1343.916638  x:  0.15881   0.01731   0.03565   0.05190   0.02529   0.04975   0.09290   0.08852   0.03518   0.00000   0.09450   0.00000   0.08558   0.13399   0.19066   0.18584   0.25360   0.26110   0.18370   0.01533   0.04244   0.04830   0.02183   0.04478   4.20783   2.04401   0.34515   0.05934   2.60294  
 20 109.5655   1341.758624  x:  0.15619   0.02513   0.02595   0.04293   0.02164   0.04520   0.09182   0.08430   0.03240   0.00000   0.08476   0.00000   0.07318   0.13363   0.18373   0.18321   0.22080   0.23942   0.17055   0.00000   0.04249   0.04736   0.03021   0.03145   4.21704   2.22456   0.29429   0.06622   2.57276  
 21 271.8397   1340.014754  x:  0.15123   0.02908   0.02117   0.03003   0.01539   0.04010   0.08537   0.07727   0.02629   0.00000   0.07697   0.00000   0.06905   0.13182   0.15440   0.17826   0.20511   0.22951   0.16148   0.00549   0.05050   0.04908   0.01289   0.03563   4.22582   2.39490   0.24733   0.06439   2.54307  
 22 224.1169   1338.637164  x:  0.14465   0.02671   0.02934   0.02750   0.00972   0.03774   0.07709   0.07039   0.02523   0.00000   0.07233   0.00000   0.06992   0.12787   0.11692   0.17168   0.19960   0.22508   0.15288   0.01928   0.05316   0.05211   0.02187   0.04136   4.23434   2.55908   0.20286   0.06571   2.51347  
 23 374.6250   1337.791984  x:  0.13874   0.02109   0.02383   0.03439   0.01548   0.04183   0.07207   0.06947   0.02949   0.00000   0.07507   0.00000   0.07418   0.12234   0.09474   0.16576   0.20864   0.22753   0.14663   0.02509   0.04938   0.05285   0.01799   0.03303   4.23959   2.65924   0.17700   0.07946   2.49398  
 24 181.5006   1337.290425  x:  0.13130   0.01654   0.01799   0.03067   0.01751   0.03890   0.07540   0.06922   0.02731   0.00000   0.08123   0.00000   0.07607   0.11577   0.09343   0.15832   0.23112   0.23635   0.13982   0.02257   0.04489   0.04843   0.02008   0.02953   4.24292   2.72167   0.16268   0.07253   2.47952  
 25 68.2059   1336.960798  x:  0.12490   0.02208   0.02191   0.03266   0.01412   0.03621   0.07813   0.06807   0.02701   0.00000   0.08123   0.00000   0.07378   0.11205   0.09917   0.15192   0.25313   0.24524   0.13447   0.01658   0.04955   0.04938   0.01925   0.03228   4.24530   2.76555   0.15430   0.07757   2.46748  
 26 67.7835   1336.900422  x:  0.12427   0.02354   0.02148   0.03180   0.01231   0.03983   0.07684   0.06815   0.02875   0.00000   0.07678   0.00000   0.07168   0.11449   0.10153   0.15130   0.25884   0.24688   0.13577   0.01732   0.04751   0.05045   0.01921   0.03215   4.24580   2.77404   0.15415   0.07695   2.46347  
 27 18.3106   1336.875570  x:  0.12489   0.02294   0.02206   0.03177   0.01310   0.03900   0.07500   0.06852   0.02627   0.00000   0.07453   0.00000   0.07094   0.11722   0.10237   0.15192   0.26177   0.24683   0.13793   0.01722   0.04702   0.05022   0.01933   0.03138   4.24606   2.77778   0.15562   0.07746   2.46001  
 28 10.5817   1336.854355  x:  0.12631   0.02223   0.02203   0.03111   0.01364   0.03781   0.07391   0.06913   0.02816   0.00000   0.07457   0.00000   0.07110   0.11983   0.10251   0.15333   0.26412   0.24558   0.14090   0.01581   0.04798   0.04924   0.01961   0.03202   4.24638   2.78142   0.15892   0.07755   2.45454  
 29  9.1669   1336.811267  x:  0.12954   0.02419   0.02210   0.03263   0.01225   0.03975   0.07544   0.06968   0.02704   0.00000   0.07773   0.00000   0.07170   0.12170   0.10182   0.15656   0.26744   0.24160   0.14677   0.01407   0.04882   0.04955   0.01976   0.03162   4.24717   2.78920   0.16924   0.07609   2.43924  
 30 12.4046   1336.746802  x:  0.13217   0.02572   0.02259   0.02966   0.01092   0.03850   0.07768   0.06792   0.02660   0.00000   0.07786   0.00000   0.07166   0.11819   0.10064   0.15919   0.27028   0.23591   0.15112   0.01347   0.04507   0.04994   0.01963   0.03205   4.24842   2.80006   0.18815   0.07837   2.41303  
 31 20.0448   1336.556559  x:  0.13418   0.02538   0.02041   0.03327   0.01042   0.03524   0.07723   0.06461   0.02770   0.00000   0.07028   0.00000   0.06863   0.10639   0.09811   0.16120   0.27398   0.22138   0.15326   0.01245   0.04635   0.04926   0.01956   0.03014   4.25225   2.83133   0.24764   0.07488   2.33196  
 32 47.1943   1336.083657  x:  0.12886   0.02184   0.02286   0.02658   0.01153   0.04340   0.06974   0.06611   0.02413   0.00000   0.06705   0.00000   0.06455   0.09802   0.09369   0.15589   0.27405   0.19363   0.14200   0.00758   0.04955   0.04510   0.01972   0.02996   4.26179   2.90796   0.39821   0.07428   2.12750  
 33 110.4520   1335.252235  x:  0.11759   0.02617   0.01957   0.02745   0.00538   0.03509   0.06232   0.06613   0.02427   0.00000   0.06884   0.00000   0.05990   0.10307   0.08963   0.14461   0.26678   0.15928   0.11935   0.01180   0.04268   0.04399   0.01808   0.02668   4.27785   3.03700   0.65188   0.07135   1.78211  
 34 352.3560   1334.723176  x:  0.11384   0.01961   0.01807   0.02752   0.01008   0.03428   0.07554   0.05877   0.02378   0.00000   0.06177   0.00000   0.05952   0.10982   0.08670   0.14087   0.25340   0.15505   0.10865   0.01007   0.04240   0.04781   0.01761   0.02692   4.28895   3.12810   0.82874   0.06982   1.53930  
 35 262.7659   1334.166476  x:  0.11475   0.02172   0.01698   0.02583   0.00725   0.03395   0.07543   0.05934   0.02258   0.00000   0.05716   0.00000   0.05704   0.10516   0.08367   0.14178   0.23175   0.17259   0.10721   0.00787   0.04247   0.03591   0.01850   0.02252   4.29973   3.21925   1.00457   0.06951   1.29610  
 36 228.1524   1333.985821  x:  0.11516   0.02110   0.01689   0.02579   0.00781   0.03292   0.07052   0.06096   0.02244   0.00000   0.05790   0.00000   0.05431   0.10156   0.08248   0.14218   0.22351   0.18041   0.10798   0.00251   0.03966   0.04081   0.01826   0.02313   4.30317   3.24959   1.06276   0.06731   1.21510  
 37 220.1404   1333.980518  x:  0.11482   0.02079   0.01688   0.02577   0.00803   0.03293   0.07058   0.06050   0.02250   0.00000   0.05855   0.00000   0.05263   0.10152   0.08240   0.14184   0.22328   0.18056   0.10852   0.00282   0.03979   0.04073   0.01828   0.02307   4.30304   3.25030   1.06401   0.06740   1.21292  
 38  4.9997   1333.941122  x:  0.10983   0.02130   0.01644   0.02609   0.00803   0.03306   0.06996   0.05771   0.02238   0.00000   0.05868   0.00000   0.05365   0.10142   0.08207   0.13685   0.22131   0.18024   0.11377   0.00121   0.03948   0.03997   0.01851   0.02284   4.29997   3.25398   1.06873   0.06730   1.19893  
 39  2.9177   1333.834397  x:  0.10493   0.02146   0.01637   0.02602   0.00872   0.03175   0.07331   0.06570   0.02247   0.00000   0.05716   0.00000   0.05329   0.10011   0.08157   0.13196   0.21816   0.17952   0.11886   0.00198   0.03914   0.04051   0.01868   0.02301   4.29028   3.26420   1.07967   0.06734   1.16035  
 40 14.7247   1333.080198  x:  0.10592   0.02151   0.01552   0.02640   0.01150   0.03249   0.06954   0.06370   0.02243   0.00000   0.05906   0.00000   0.05590   0.09739   0.08711   0.13294   0.21007   0.17998   0.11676   0.00552   0.03750   0.04038   0.01917   0.02370   4.24854   3.30653   1.12274   0.06653   1.00000  
 41 48.8156   1332.345400  x:  0.11165   0.02283   0.01896   0.02988   0.01207   0.03552   0.07293   0.06505   0.02485   0.00000   0.06744   0.00000   0.06094   0.10933   0.09855   0.13867   0.21355   0.21302   0.13131   0.00480   0.04143   0.04376   0.02090   0.02611   4.19868   3.34161   1.07173   0.06780   1.00000  
 42  0.1345   1332.207865  x:  0.11232   0.02422   0.01821   0.02920   0.01434   0.03609   0.06673   0.06148   0.02409   0.00000   0.06712   0.00000   0.06155   0.10517   0.09909   0.13935   0.21317   0.20562   0.12615   0.00877   0.04034   0.04250   0.02114   0.02778   4.15412   3.34306   0.93347   0.06730   1.00000  
 43  0.1886   1332.192048  x:  0.11254   0.02304   0.01774   0.02936   0.01474   0.03606   0.06696   0.06171   0.02423   0.00000   0.06801   0.00000   0.06234   0.10362   0.10176   0.13956   0.21123   0.20343   0.12590   0.01003   0.04032   0.04272   0.02109   0.02679   4.16282   3.33766   0.91458   0.06878   1.00000  
 44  0.0345   1332.188057  x:  0.11248   0.02297   0.01783   0.02942   0.01533   0.03593   0.06780   0.06217   0.02427   0.00000   0.06820   0.00000   0.06248   0.10419   0.10188   0.13950   0.21056   0.20408   0.12560   0.01097   0.03978   0.04252   0.02105   0.02721   4.17343   3.33569   0.93026   0.06867   1.00000  
 45  0.0186   1332.187538  x:  0.11244   0.02287   0.01775   0.02938   0.01553   0.03597   0.06770   0.06222   0.02426   0.00000   0.06804   0.00000   0.06240   0.10429   0.10183   0.13947   0.21084   0.20425   0.12551   0.01131   0.04010   0.04267   0.02106   0.02712   4.16484   3.33578   0.93243   0.06868   1.00000  
 46  0.0106   1332.187473  x:  0.11248   0.02275   0.01780   0.02941   0.01558   0.03598   0.06764   0.06223   0.02428   0.00000   0.06801   0.00000   0.06231   0.10421   0.10181   0.13950   0.21099   0.20416   0.12548   0.01139   0.04008   0.04260   0.02106   0.02712   4.16603   3.33592   0.93136   0.06866   1.00000  
 47  0.0019   1332.187467  x:  0.11249   0.02275   0.01778   0.02941   0.01558   0.03597   0.06767   0.06222   0.02427   0.00000   0.06803   0.00000   0.06227   0.10421   0.10179   0.13951   0.21098   0.20414   0.12545   0.01140   0.04008   0.04259   0.02107   0.02713   4.16654   3.33592   0.93066   0.06868   1.00000  
 48  0.0011   1332.187466  x:  0.11249   0.02274   0.01778   0.02940   0.01558   0.03597   0.06767   0.06222   0.02427   0.00000   0.06804   0.00000   0.06227   0.10422   0.10178   0.13951   0.21095   0.20414   0.12544   0.01141   0.04008   0.04259   0.02107   0.02712   4.16631   3.33597   0.93067   0.06867   1.00000  
 49  0.0004   1332.187466  x:  0.11249   0.02275   0.01778   0.02940   0.01558   0.03597   0.06767   0.06222   0.02427   0.00000   0.06804   0.00000   0.06226   0.10422   0.10178   0.13951   0.21095   0.20414   0.12545   0.01141   0.04008   0.04259   0.02107   0.02712   4.16628   3.33597   0.93071   0.06867   1.00000  
 50  0.0000   1332.187466  x:  0.11249   0.02275   0.01778   0.02940   0.01558   0.03597   0.06767   0.06222   0.02427   0.00000   0.06804   0.00000   0.06226   0.10422   0.10178   0.13951   0.21096   0.20414   0.12545   0.01141   0.04008   0.04259   0.02107   0.02712   4.16631   3.33597   0.93071   0.06867   1.00000  
 51  0.0000   1332.187466  x:  0.11249   0.02275   0.01778   0.02940   0.01558   0.03597   0.06767   0.06222   0.02427   0.00000   0.06804   0.00000   0.06226   0.10422   0.10178   0.13951   0.21096   0.20414   0.12545   0.01141   0.04008   0.04259   0.02107   0.02712   4.16631   3.33597   0.93071   0.06867   1.00000  
 52  0.0000   1332.187466  x:  0.11249   0.02275   0.01778   0.02940   0.01558   0.03597   0.06767   0.06222   0.02427   0.00000   0.06804   0.00000   0.06226   0.10422   0.10178   0.13951   0.21096   0.20414   0.12545   0.01141   0.04008   0.04259   0.02107   0.02712   4.16631   3.33597   0.93071   0.06867   1.00000  

Model 7: beta

TREE # 1

  0  0.0000   1487.097643  x:  0.08823   0.06487   0.03969   0.10274   0.07751   0.04334   0.04940   0.03130   0.08359   0.07818   0.08279   0.10484   0.05487   0.01953   0.06442   0.02286   0.01011   0.01010   0.04406   0.03826   0.04340   0.05960   0.06628   0.06215   4.16631   0.77359   1.11821  
  1 99.0000   1381.124589  x:  0.10927   0.05163   0.02393   0.09003   0.06561   0.03772   0.05894   0.05075   0.07030   0.06048   0.07962   0.08673   0.06273   0.10026   0.07462   0.04391   0.35851   0.28887   0.06930   0.05485   0.04297   0.05463   0.05293   0.05218   4.16648   0.76734   1.12192  
  2 2558.1911   1362.865725  x:  0.12779   0.02366   0.00000   0.06302   0.04045   0.03246   0.07411   0.06564   0.04075   0.02124   0.07345   0.04261   0.06592   0.11039   0.09652   0.06242   0.35364   0.28655   0.08883   0.04508   0.04367   0.04767   0.02774   0.03421   4.16679   0.75016   1.13038  
  3 232.3790   1355.512060  x:  0.13505   0.01410   0.01479   0.05326   0.03325   0.03254   0.07898   0.06988   0.02751   0.00000   0.07119   0.01872   0.06713   0.11447   0.10471   0.06968   0.35215   0.28585   0.09735   0.03912   0.04390   0.04557   0.01890   0.02789   4.16699   0.74069   1.13510  
  4 612.8096   1353.037231  x:  0.13783   0.01596   0.01598   0.04568   0.03021   0.03651   0.07810   0.06881   0.02559   0.00000   0.07192   0.00000   0.06798   0.11525   0.10651   0.07246   0.35172   0.28604   0.10069   0.03527   0.04400   0.04664   0.02486   0.03029   4.16719   0.73232   1.13932  
  5 203.2428   1350.992426  x:  0.14748   0.02753   0.01973   0.02187   0.01956   0.04316   0.07191   0.06341   0.04417   0.00000   0.08133   0.00000   0.07104   0.11742   0.10630   0.08211   0.35001   0.28715   0.11416   0.01923   0.04345   0.04819   0.02244   0.03282   4.16819   0.69121   1.15975  
  6 157.9082   1348.219324  x:  0.15942   0.04024   0.01876   0.03760   0.00078   0.04562   0.06248   0.05856   0.05075   0.00000   0.09025   0.00000   0.07155   0.11906   0.10315   0.09405   0.34736   0.28935   0.13440   0.00000   0.04347   0.05039   0.02645   0.03517   4.17003   0.61415   1.19689  
  7 134.4439   1348.219324  x:  0.15942   0.04024   0.01876   0.03760   0.00078   0.04562   0.06248   0.05856   0.05075   0.00000   0.09025   0.00000   0.07155   0.11906   0.10315   0.09405   0.34736   0.28935   0.13440   0.00000   0.04347   0.05039   0.02645   0.03517   4.17003   0.61415   1.19689  
  8 355.1453   1346.021534  x:  0.15944   0.03829   0.01842   0.03203   0.03610   0.04135   0.07182   0.06516   0.02980   0.00000   0.08267   0.00000   0.06995   0.11648   0.10636   0.09408   0.33519   0.28059   0.13808   0.01115   0.04406   0.04725   0.02037   0.02927   4.17038   0.59625   1.20376  
  9 116.7067   1344.032408  x:  0.15872   0.01872   0.01642   0.03229   0.03410   0.03687   0.07858   0.07022   0.01241   0.00000   0.07438   0.00000   0.06818   0.11376   0.11000   0.09335   0.31678   0.26746   0.13973   0.01734   0.04431   0.04545   0.02389   0.02759   4.17086   0.56912   1.21395  
 10 107.4857   1341.897251  x:  0.15779   0.00000   0.01919   0.03143   0.03740   0.03395   0.08639   0.07573   0.02240   0.00000   0.06380   0.00000   0.06643   0.11019   0.11481   0.09243   0.28709   0.24658   0.14112   0.02415   0.04420   0.04310   0.02435   0.02600   4.17165   0.52433   1.23061  
 11 194.7401   1335.637235  x:  0.15776   0.02043   0.01656   0.03968   0.03027   0.03319   0.09275   0.08031   0.02569   0.00000   0.04975   0.00000   0.06188   0.10208   0.12435   0.09239   0.18406   0.17740   0.13484   0.03813   0.04233   0.04297   0.03469   0.03400   4.17437   0.36027   1.29012  
 12 255.8793   1333.556331  x:  0.15847   0.01821   0.01668   0.03030   0.02692   0.03505   0.08566   0.07406   0.02245   0.00000   0.06541   0.00000   0.06269   0.10221   0.12089   0.09311   0.15523   0.15916   0.12918   0.03302   0.04048   0.04198   0.01838   0.02457   4.17529   0.29232   1.31323  
 13 184.9816   1332.669022  x:  0.15928   0.01260   0.02050   0.02630   0.03407   0.03372   0.07526   0.06573   0.02114   0.00000   0.06578   0.00000   0.06233   0.10279   0.11155   0.09391   0.15691   0.16230   0.12392   0.02507   0.04079   0.04161   0.02814   0.02779   4.17571   0.24762   1.32762  
 14 75.2041   1332.289503  x:  0.15959   0.01156   0.01520   0.03173   0.03469   0.03427   0.07156   0.06452   0.02147   0.00000   0.05835   0.00000   0.06039   0.10215   0.10682   0.09423   0.16297   0.16841   0.12163   0.02426   0.04003   0.04036   0.02330   0.02733   4.17586   0.22556   1.33543  
 15 62.9533   1332.228195  x:  0.15896   0.01296   0.01863   0.03084   0.03277   0.03357   0.07352   0.06627   0.02118   0.00000   0.05734   0.00000   0.06004   0.10081   0.10665   0.09359   0.16582   0.17130   0.12132   0.02608   0.03954   0.04080   0.02229   0.02641   4.17586   0.22103   1.33847  
 16 19.2908   1332.203048  x:  0.15841   0.01358   0.01735   0.02861   0.03197   0.03353   0.07506   0.06759   0.02157   0.00000   0.05770   0.00000   0.05988   0.10003   0.10716   0.09305   0.16737   0.17284   0.12125   0.02699   0.03955   0.04091   0.02275   0.02638   4.17584   0.21936   1.34079  
 17 16.4448   1332.181845  x:  0.15714   0.01339   0.01708   0.03031   0.03236   0.03403   0.07671   0.06852   0.02168   0.00000   0.06018   0.00000   0.06001   0.09938   0.10902   0.09178   0.16885   0.17416   0.12113   0.02642   0.04008   0.04012   0.02303   0.02713   4.17574   0.21936   1.34687  
 18  6.7066   1332.103617  x:  0.15265   0.01410   0.01627   0.03093   0.03271   0.03154   0.07742   0.06611   0.02168   0.00000   0.05975   0.00000   0.06146   0.09869   0.11321   0.08728   0.17183   0.17695   0.12075   0.02258   0.03885   0.04222   0.02309   0.02496   4.17515   0.22518   1.37778  
 19 12.2547   1331.960044  x:  0.14749   0.01432   0.01736   0.02824   0.03213   0.03442   0.07581   0.06279   0.02060   0.00000   0.05792   0.00000   0.06193   0.09918   0.11476   0.08212   0.17635   0.18144   0.12161   0.02100   0.03951   0.04111   0.02010   0.02919   4.17393   0.23825   1.43887  
 20 55.8494   1331.629616  x:  0.14523   0.01479   0.01765   0.02885   0.03107   0.03903   0.06938   0.06395   0.02090   0.00000   0.06104   0.00000   0.05939   0.10290   0.10812   0.07987   0.18650   0.19118   0.12478   0.02522   0.04113   0.03913   0.02280   0.02288   4.17092   0.26941   1.58114  
 21 104.3106   1331.398885  x:  0.15048   0.01456   0.01693   0.02968   0.03069   0.03260   0.06859   0.06772   0.02144   0.00000   0.06524   0.00000   0.05999   0.10452   0.10154   0.08511   0.19423   0.19722   0.12554   0.02491   0.03949   0.04183   0.02068   0.02683   4.16859   0.29154   1.68199  
 22 137.3283   1331.291683  x:  0.15760   0.01490   0.01735   0.02923   0.03026   0.03567   0.07333   0.06757   0.02100   0.00000   0.06443   0.00000   0.06211   0.10321   0.10048   0.09223   0.19864   0.19936   0.12359   0.01993   0.03961   0.04181   0.02066   0.02583   4.16722   0.30179   1.72904  
 23 61.9812   1331.278105  x:  0.15952   0.01500   0.01747   0.02898   0.02998   0.03480   0.07292   0.06594   0.02111   0.00000   0.06453   0.00000   0.06133   0.10254   0.10275   0.09415   0.19976   0.19961   0.12330   0.02065   0.04054   0.04070   0.02060   0.02562   4.16680   0.30295   1.73498  
 24 10.8534   1331.275791  x:  0.15997   0.01482   0.01754   0.02898   0.03005   0.03528   0.07243   0.06586   0.02108   0.00000   0.06464   0.00000   0.06120   0.10250   0.10368   0.09461   0.20018   0.19952   0.12324   0.02108   0.03997   0.04135   0.02061   0.02575   4.16653   0.30306   1.73595  
 25  3.5449   1331.274686  x:  0.16006   0.01488   0.01764   0.02885   0.03001   0.03529   0.07186   0.06656   0.02105   0.00000   0.06447   0.00000   0.06151   0.10288   0.10421   0.09470   0.20067   0.19902   0.12294   0.02092   0.04016   0.04125   0.02058   0.02571   4.16585   0.30304   1.73623  
 26  1.0360   1331.270246  x:  0.15979   0.01507   0.01769   0.02875   0.02981   0.03521   0.07233   0.06643   0.02107   0.00000   0.06451   0.00000   0.06048   0.10406   0.10412   0.09442   0.20284   0.19635   0.12209   0.02092   0.03973   0.04104   0.02056   0.02572   4.16127   0.30290   1.73670  
 27  1.1439   1331.263552  x:  0.15942   0.01516   0.01752   0.02897   0.02955   0.03529   0.07254   0.06560   0.02116   0.00000   0.06475   0.00000   0.06149   0.10367   0.10345   0.09406   0.20519   0.19353   0.12166   0.02182   0.04071   0.04183   0.02047   0.02573   4.15376   0.30266   1.73720  
 28  5.3224   1331.253123  x:  0.15907   0.01546   0.01740   0.02902   0.02916   0.03522   0.07185   0.06526   0.02124   0.00000   0.06500   0.00000   0.06263   0.10158   0.10273   0.09370   0.20675   0.19155   0.12164   0.02207   0.03930   0.04061   0.02066   0.02571   4.14167   0.30253   1.73774  
 29  8.2017   1331.205201  x:  0.15837   0.01659   0.01762   0.02866   0.02771   0.03556   0.06931   0.06602   0.02131   0.00000   0.06540   0.00000   0.05932   0.09671   0.10168   0.09300   0.20789   0.19037   0.12249   0.01883   0.04046   0.04183   0.02042   0.02578   4.08544   0.30186   1.73973  
 30 15.8879   1330.978496  x:  0.15739   0.02158   0.01788   0.02835   0.01981   0.03608   0.06680   0.06095   0.02223   0.00000   0.06734   0.00000   0.06202   0.10358   0.10150   0.09203   0.20720   0.19814   0.12715   0.01361   0.03986   0.04194   0.02102   0.02639   3.82181   0.29633   1.74867  
 31 64.6943   1330.965345  x:  0.15689   0.02130   0.01783   0.02842   0.01974   0.03610   0.06650   0.06069   0.02234   0.00000   0.06750   0.00000   0.06202   0.10324   0.10103   0.09153   0.20581   0.19960   0.12080   0.01489   0.03984   0.04205   0.02103   0.02654   3.80678   0.29671   1.74902  
 32  8.2611   1330.910367  x:  0.15645   0.02352   0.01783   0.02876   0.01480   0.03624   0.06647   0.06082   0.02309   0.00000   0.06773   0.00000   0.06212   0.10363   0.10132   0.09108   0.20661   0.20048   0.12112   0.01437   0.03976   0.04215   0.02131   0.02687   3.95361   0.29181   1.71247  
 33  0.2106   1330.896897  x:  0.15687   0.02272   0.01765   0.02956   0.01574   0.03623   0.06760   0.06210   0.02435   0.00000   0.06740   0.00000   0.06206   0.10387   0.10205   0.09150   0.20659   0.20056   0.12144   0.01565   0.03974   0.04213   0.02160   0.02704   3.96891   0.28184   1.63396  
 34  0.0513   1330.888973  x:  0.15713   0.02228   0.01783   0.02922   0.01562   0.03623   0.06710   0.06161   0.02454   0.00000   0.06764   0.00000   0.06205   0.10380   0.10156   0.09177   0.20742   0.20130   0.12132   0.01449   0.03973   0.04214   0.02136   0.02688   3.97425   0.27117   1.55739  
 35  0.0485   1330.887243  x:  0.15691   0.02248   0.01779   0.02912   0.01534   0.03620   0.06714   0.06158   0.02407   0.00000   0.06762   0.00000   0.06208   0.10370   0.10149   0.09154   0.20842   0.20179   0.12179   0.01466   0.03981   0.04214   0.02138   0.02691   3.95942   0.26971   1.53970  
 36  0.0189   1330.886916  x:  0.15687   0.02255   0.01776   0.02916   0.01560   0.03622   0.06709   0.06153   0.02391   0.00000   0.06766   0.00000   0.06211   0.10378   0.10153   0.09150   0.20859   0.20205   0.12171   0.01458   0.03980   0.04216   0.02139   0.02693   3.96691   0.26971   1.53770  
 37  0.0087   1330.886886  x:  0.15689   0.02266   0.01777   0.02918   0.01552   0.03623   0.06714   0.06160   0.02390   0.00000   0.06768   0.00000   0.06211   0.10382   0.10157   0.09152   0.20856   0.20204   0.12169   0.01460   0.03979   0.04217   0.02137   0.02692   3.96780   0.26958   1.53731  
 38  0.0009   1330.886884  x:  0.15691   0.02267   0.01777   0.02918   0.01552   0.03622   0.06713   0.06159   0.02390   0.00000   0.06768   0.00000   0.06211   0.10381   0.10156   0.09154   0.20856   0.20202   0.12169   0.01460   0.03979   0.04217   0.02138   0.02692   3.96773   0.26949   1.53695  
 39  0.0004   1330.886884  x:  0.15691   0.02267   0.01777   0.02918   0.01552   0.03622   0.06713   0.06159   0.02390   0.00000   0.06768   0.00000   0.06211   0.10380   0.10156   0.09155   0.20856   0.20202   0.12169   0.01460   0.03979   0.04217   0.02138   0.02692   3.96765   0.26949   1.53695  
 40  0.0001   1330.886884  x:  0.15691   0.02267   0.01777   0.02918   0.01552   0.03622   0.06713   0.06159   0.02390   0.00000   0.06768   0.00000   0.06211   0.10380   0.10155   0.09154   0.20856   0.20202   0.12169   0.01460   0.03979   0.04217   0.02138   0.02692   3.96765   0.26949   1.53696  

Model 8: beta&w>1

TREE # 1

  0  0.0000   1433.699190  x:  0.05552   0.02686   0.04286   0.10401   0.10268   0.02413   0.01891   0.01328   0.01408   0.01091   0.08097   0.01973   0.05878   0.04969   0.08121   0.09092   0.02516   0.02582   0.09918   0.02743   0.07271   0.05874   0.05621   0.10422   3.96765   0.90000   0.49992   1.89591   2.72145  
  1 99.0000   1358.783973  x:  0.06855   0.01961   0.02968   0.09348   0.09206   0.03555   0.07504   0.08496   0.02548   0.00000   0.07984   0.00655   0.06296   0.07281   0.08842   0.10395   0.14863   0.12840   0.10303   0.04313   0.06732   0.05601   0.04583   0.09330   3.96792   0.93067   0.49649   1.89679   2.72009  
  2 1146.2775   1354.275729  x:  0.07296   0.01655   0.02449   0.08867   0.08713   0.03631   0.07378   0.08056   0.02589   0.00000   0.08024   0.00000   0.06477   0.07814   0.09161   0.10836   0.14860   0.12991   0.10427   0.04202   0.06477   0.05520   0.04184   0.08786   3.96799   0.94204   0.49470   1.89720   2.71982  
  3 236.8673   1341.653483  x:  0.07267   0.01321   0.01339   0.06291   0.06332   0.03115   0.06851   0.06856   0.03725   0.00000   0.07985   0.00000   0.05662   0.06607   0.08105   0.10807   0.15048   0.13531   0.10360   0.03371   0.05140   0.04911   0.02701   0.05604   3.96808   0.99999   0.48395   1.89933   2.72015  
  4 366.8819   1338.847244  x:  0.06870   0.01064   0.01098   0.03977   0.03975   0.02859   0.06341   0.06029   0.02952   0.00000   0.07338   0.00000   0.05045   0.06195   0.07245   0.10410   0.15304   0.13973   0.09997   0.02488   0.03935   0.04195   0.01875   0.02721   3.96796   0.99999   0.47343   1.90121   2.72146  
  5 507.1289   1338.061567  x:  0.07044   0.02078   0.02105   0.02937   0.02570   0.03081   0.06147   0.05447   0.03442   0.00000   0.07213   0.00000   0.05164   0.06412   0.07259   0.10584   0.15380   0.14356   0.10024   0.02313   0.03766   0.04143   0.02395   0.02049   3.96796   0.99999   0.46273   1.90325   2.72224  
  6 75.4841   1337.504017  x:  0.07096   0.02613   0.01964   0.02657   0.01035   0.03097   0.06007   0.05287   0.03401   0.00000   0.07067   0.00000   0.05136   0.06411   0.07256   0.10636   0.15416   0.14625   0.10113   0.02147   0.03887   0.04067   0.02360   0.02695   3.96793   0.99999   0.44935   1.90572   2.72337  
  7 60.6337   1336.440937  x:  0.07458   0.04675   0.01334   0.03296   0.00521   0.03166   0.05831   0.05268   0.02781   0.00000   0.06783   0.00000   0.05197   0.06756   0.07566   0.10998   0.15560   0.15139   0.10529   0.01420   0.03973   0.04083   0.01522   0.02353   3.96780   0.99999   0.40336   1.91403   2.72720  
  8 54.6397   1334.748566  x:  0.08327   0.04254   0.00857   0.02938   0.00992   0.02773   0.05869   0.05256   0.01999   0.00000   0.06741   0.00000   0.05186   0.07091   0.07933   0.11867   0.15902   0.15793   0.11494   0.00806   0.03439   0.04080   0.02667   0.02397   3.96756   0.99999   0.31944   1.92877   2.73400  
  9 103.5460   1333.822807  x:  0.08749   0.03241   0.01708   0.03077   0.01076   0.02835   0.05914   0.05292   0.01807   0.00000   0.06669   0.00000   0.05252   0.07431   0.08169   0.12289   0.16044   0.16074   0.12033   0.00941   0.03361   0.03932   0.02115   0.02402   3.96734   0.99999   0.27026   1.93726   2.73824  
 10 249.1035   1333.543297  x:  0.08518   0.02902   0.01481   0.02829   0.01193   0.03443   0.05899   0.05457   0.02096   0.00000   0.06315   0.00000   0.05424   0.07908   0.08254   0.12058   0.16040   0.15998   0.11842   0.01298   0.03822   0.03912   0.02102   0.02247   3.96702   0.99999   0.25888   1.93920   2.74045  
 11 45.0961   1333.190143  x:  0.08284   0.02638   0.01481   0.02745   0.01354   0.02835   0.05848   0.05317   0.02475   0.00000   0.06252   0.00000   0.05811   0.09004   0.08832   0.11824   0.16464   0.16093   0.10710   0.01260   0.03517   0.04061   0.01930   0.02426   3.96585   0.99999   0.26297   1.93915   2.74536  
 12 13.6754   1332.635821  x:  0.08843   0.02229   0.01428   0.03120   0.01215   0.03397   0.05995   0.04854   0.01994   0.00000   0.06938   0.00000   0.05772   0.09537   0.09548   0.12383   0.17099   0.16438   0.09500   0.01844   0.03438   0.04184   0.02104   0.02204   3.96361   0.99999   0.28144   1.93750   2.75376  
 13 28.7879   1332.326645  x:  0.09485   0.02226   0.01576   0.02455   0.01556   0.03576   0.05981   0.05065   0.01656   0.00000   0.06735   0.00000   0.05824   0.09786   0.09716   0.13025   0.17278   0.16592   0.09567   0.01767   0.03701   0.03827   0.01826   0.02467   3.96215   0.99999   0.29534   1.93592   2.75892  
 14 38.0866   1332.096336  x:  0.09992   0.01962   0.01668   0.02673   0.01397   0.03564   0.05870   0.05616   0.01727   0.00000   0.06002   0.00000   0.05908   0.10152   0.09710   0.13532   0.17257   0.16658   0.10228   0.01413   0.03781   0.03756   0.01984   0.02274   3.96082   0.99999   0.30765   1.93423   2.76352  
 15 39.9405   1332.044168  x:  0.09928   0.01998   0.01651   0.02629   0.01401   0.03551   0.05897   0.05596   0.01669   0.00000   0.05888   0.00000   0.05876   0.10376   0.09627   0.13468   0.17235   0.16736   0.10794   0.01639   0.03565   0.03964   0.01950   0.02296   3.96028   0.99999   0.31094   1.93341   2.76540  
 16 16.2011   1332.015726  x:  0.09734   0.01950   0.01658   0.02649   0.01415   0.03607   0.05973   0.05444   0.01667   0.00000   0.06098   0.00000   0.05851   0.10592   0.09613   0.13274   0.17262   0.16862   0.11280   0.01435   0.03644   0.03880   0.01962   0.02299   3.95966   0.99999   0.31285   1.93243   2.76756  
 17 10.5242   1332.009205  x:  0.09688   0.01941   0.01650   0.02652   0.01417   0.03577   0.05875   0.05459   0.01657   0.00000   0.06127   0.00000   0.05968   0.10507   0.09752   0.13228   0.17223   0.16977   0.11370   0.01478   0.03655   0.03817   0.01975   0.02273   3.95888   0.99999   0.31298   1.93116   2.77031  
 18  2.8351   1331.992576  x:  0.09671   0.01894   0.01666   0.02622   0.01461   0.03698   0.05879   0.05433   0.01686   0.00000   0.06062   0.00000   0.05971   0.10362   0.09997   0.13211   0.17068   0.17243   0.11413   0.01350   0.03589   0.03950   0.01942   0.02315   3.95607   0.99999   0.31278   1.92663   2.78014  
 19  6.4613   1331.926568  x:  0.09877   0.01872   0.01650   0.02649   0.01521   0.03460   0.06115   0.05339   0.01785   0.00000   0.06031   0.00000   0.05671   0.10383   0.10173   0.13417   0.16472   0.18009   0.11437   0.01474   0.03810   0.03926   0.01954   0.02271   3.94394   0.99999   0.31095   1.90701   2.82263  
 20 19.9646   1331.820340  x:  0.10285   0.01892   0.01605   0.02732   0.01579   0.03606   0.06082   0.05519   0.01986   0.00000   0.06448   0.00000   0.05919   0.10523   0.09717   0.13825   0.15917   0.18686   0.11425   0.01470   0.03534   0.03796   0.01932   0.02379   3.92386   0.99999   0.30755   1.87440   2.89301  
 21 59.3513   1331.749415  x:  0.10588   0.01851   0.01600   0.02698   0.01572   0.03491   0.05963   0.05424   0.02008   0.00000   0.06661   0.00000   0.06223   0.10442   0.09487   0.14128   0.16132   0.18707   0.11556   0.01416   0.03816   0.04213   0.01876   0.02350   3.91019   0.99999   0.30512   1.85196   2.94101  
 22 64.5253   1331.629192  x:  0.11050   0.01946   0.01551   0.02793   0.01577   0.03516   0.05990   0.04998   0.02273   0.00000   0.06554   0.00000   0.06224   0.10215   0.09756   0.14590   0.17128   0.17953   0.11972   0.01492   0.03754   0.04019   0.01871   0.02439   3.88717   0.99999   0.30076   1.81370   3.02200  
 23 66.7610   1331.602083  x:  0.11132   0.01997   0.01555   0.02701   0.01479   0.03480   0.06087   0.05245   0.02318   0.00000   0.06774   0.00000   0.06112   0.10205   0.10021   0.14672   0.17253   0.17584   0.12097   0.01499   0.03727   0.04063   0.01851   0.02383   3.88208   0.99999   0.29971   1.80494   3.04000  
 24 35.1789   1331.594462  x:  0.11138   0.02008   0.01568   0.02711   0.01501   0.03503   0.05882   0.05284   0.02329   0.00000   0.06799   0.00000   0.05965   0.10270   0.10044   0.14678   0.17315   0.17627   0.12099   0.01495   0.03744   0.04086   0.01864   0.02408   3.88313   0.99999   0.29910   1.79946   3.03842  
 25  0.5086   1331.312456  x:  0.11134   0.02662   0.01639   0.03076   0.01475   0.03611   0.06360   0.05673   0.02167   0.00000   0.06777   0.00000   0.06384   0.10706   0.10558   0.14674   0.17859   0.17998   0.12197   0.01369   0.04006   0.04284   0.02224   0.02733   3.92782   0.99999   0.27623   1.58193   2.96620  
 26 10.7441   1331.033487  x:  0.10992   0.01872   0.01885   0.02924   0.01759   0.03676   0.06597   0.06057   0.02448   0.00000   0.06770   0.00000   0.06303   0.10824   0.10418   0.14532   0.19432   0.19133   0.11955   0.01819   0.04043   0.04224   0.02228   0.02976   4.06226   0.99999   0.27364   1.57434   3.07784  
 27  0.0899   1330.930393  x:  0.10870   0.02149   0.01883   0.02827   0.01603   0.03687   0.06631   0.06100   0.02391   0.00000   0.06692   0.00000   0.06239   0.10779   0.10297   0.14410   0.20282   0.19957   0.12038   0.01582   0.03962   0.04186   0.02160   0.02739   3.91622   0.99999   0.25062   1.42948   3.06636  
 28  0.1997   1330.896468  x:  0.10611   0.02284   0.01877   0.02879   0.01593   0.03687   0.06680   0.06151   0.02433   0.00000   0.06719   0.00000   0.06240   0.10481   0.10173   0.14151   0.20643   0.20079   0.12122   0.01522   0.04002   0.04216   0.02109   0.02622   3.96532   0.99999   0.26869   1.52360   3.10001  
 29  0.1225   1330.888552  x:  0.10638   0.02263   0.01797   0.02921   0.01535   0.03627   0.06712   0.06157   0.02395   0.00000   0.06775   0.00000   0.06205   0.10337   0.10150   0.14178   0.20821   0.20186   0.12168   0.01465   0.03989   0.04218   0.02130   0.02679   3.97638   0.99999   0.26724   1.52643   3.11939  
 30  0.0182   1330.887935  x:  0.10645   0.02262   0.01780   0.02919   0.01549   0.03622   0.06715   0.06161   0.02392   0.00000   0.06769   0.00000   0.06208   0.10370   0.10148   0.14185   0.20848   0.20193   0.12173   0.01463   0.03983   0.04216   0.02142   0.02694   3.96354   0.99999   0.26933   1.53577   3.11914  
 31  0.0142   1330.887883  x:  0.10653   0.02267   0.01776   0.02918   0.01552   0.03622   0.06714   0.06160   0.02390   0.00000   0.06768   0.00000   0.06210   0.10381   0.10153   0.14193   0.20854   0.20201   0.12172   0.01459   0.03980   0.04216   0.02139   0.02692   3.96827   0.99999   0.26933   1.53522   3.12074  
 32  0.0057   1330.887878  x:  0.10653   0.02267   0.01777   0.02918   0.01553   0.03623   0.06714   0.06160   0.02390   0.00000   0.06768   0.00000   0.06211   0.10381   0.10155   0.14193   0.20856   0.20202   0.12169   0.01460   0.03980   0.04217   0.02138   0.02692   3.96764   0.99999   0.26946   1.53684   3.12091  
 33  0.0018   1330.887878  x:  0.10653   0.02267   0.01777   0.02918   0.01552   0.03622   0.06714   0.06160   0.02390   0.00000   0.06768   0.00000   0.06211   0.10381   0.10156   0.14193   0.20856   0.20203   0.12169   0.01460   0.03980   0.04217   0.02138   0.02692   3.96768   0.99999   0.26949   1.53697   3.12095  
 34  0.0001   1330.887878  x:  0.10653   0.02267   0.01777   0.02918   0.01552   0.03623   0.06714   0.06160   0.02390   0.00000   0.06768   0.00000   0.06211   0.10381   0.10156   0.14193   0.20857   0.20203   0.12169   0.01460   0.03980   0.04217   0.02138   0.02692   3.96767   0.99999   0.26949   1.53698   3.12086  
 35  0.0000   1330.887878  x:  0.10653   0.02267   0.01777   0.02918   0.01552   0.03623   0.06713   0.06159   0.02390   0.00000   0.06768   0.00000   0.06211   0.10381   0.10156   0.14194   0.20857   0.20203   0.12169   0.01460   0.03980   0.04217   0.02138   0.02692   3.96767   0.99999   0.26949   1.53700   3.12028  
 36  0.0001   1330.887877  x:  0.10653   0.02268   0.01777   0.02917   0.01552   0.03623   0.06713   0.06158   0.02389   0.00000   0.06768   0.00000   0.06211   0.10380   0.10154   0.14194   0.20858   0.20202   0.12170   0.01460   0.03979   0.04216   0.02139   0.02692   3.96765   0.99999   0.26949   1.53711   3.11202  
 37  0.0032   1330.887869  x:  0.10649   0.02268   0.01778   0.02917   0.01552   0.03623   0.06713   0.06158   0.02389   0.00000   0.06768   0.00000   0.06211   0.10380   0.10154   0.14198   0.20859   0.20201   0.12170   0.01460   0.03980   0.04216   0.02138   0.02692   3.96760   0.99999   0.26948   1.53702   3.07717  
 38  0.0044   1330.887711  x:  0.10438   0.02242   0.01782   0.02905   0.01575   0.03621   0.06710   0.06145   0.02358   0.00000   0.06771   0.00000   0.06210   0.10369   0.10178   0.14402   0.20907   0.20160   0.12199   0.01479   0.03987   0.04216   0.02122   0.02695   3.96210   0.99999   0.26862   1.52864   1.00000  
 39  8.1825   1330.886943  x:  0.10653   0.02267   0.01777   0.02918   0.01552   0.03623   0.06714   0.06160   0.02390   0.00000   0.06768   0.00000   0.06211   0.10381   0.10156   0.14194   0.20856   0.20203   0.12169   0.01460   0.03980   0.04217   0.02138   0.02692   3.96772   0.99999   0.26950   1.53703   1.00000  
 40  0.0106   1330.886943  x:  0.10652   0.02267   0.01777   0.02918   0.01552   0.03622   0.06713   0.06159   0.02390   0.00000   0.06768   0.00000   0.06211   0.10380   0.10155   0.14194   0.20856   0.20202   0.12169   0.01460   0.03979   0.04217   0.02138   0.02692   3.96766   0.99999   0.26949   1.53706   1.00000  
 41  0.0001   1330.886943  x:  0.10652   0.02267   0.01777   0.02918   0.01552   0.03622   0.06713   0.06159   0.02390   0.00000   0.06768   0.00000   0.06211   0.10380   0.10156   0.14194   0.20856   0.20202   0.12169   0.01460   0.03979   0.04217   0.02138   0.02692   3.96767   0.99999   0.26950   1.53707   1.00000  
 42  0.0000   1330.886943  x:  0.10652   0.02267   0.01777   0.02918   0.01552   0.03622   0.06713   0.06159   0.02390   0.00000   0.06768   0.00000   0.06211   0.10380   0.10156   0.14194   0.20856   0.20202   0.12169   0.01460   0.03979   0.04217   0.02138   0.02692   3.96767   0.99999   0.26950   1.53707   1.00000  
 43  0.0000   1330.886943  x:  0.10652   0.02267   0.01777   0.02918   0.01552   0.03622   0.06713   0.06159   0.02390   0.00000   0.06768   0.00000   0.06211   0.10380   0.10156   0.14194   0.20856   0.20202   0.12169   0.01460   0.03979   0.04217   0.02138   0.02692   3.96767   0.99999   0.26950   1.53707   1.00000  