

TREE # 1

  0  0.0000  15010.182087  x:  0.04517   0.03639   0.03178   0.02627   0.04298   0.04987   0.07391   0.06260   0.05997   0.02263   0.01826   0.08510   0.04707   0.07173   0.07328   0.10041   0.05378   0.05814   0.07209   0.08226   0.04247   0.02431   0.01084   0.10137   0.04275   0.03468   0.08282   0.02940   0.07575   0.10528   0.02528   0.04056   0.05285   0.08313   0.07126   0.10911   0.02863   0.01153   0.07359   0.07640   0.06268   0.09209   0.04322   0.03566   0.02007   0.02956   0.01913   0.05826   0.01495   0.02017   0.06193   0.05951   0.07723   0.01972   0.03843   2.00000   0.90000   0.87852   1.86791  
  1 99.0000  14145.150030  x:  0.01112   0.02613   0.12493   0.27444   0.03215   0.08722   0.10599   0.02931   0.20575   0.13724   0.02588   0.17750   0.02640   0.07879   0.06716   0.09091   0.17300   0.11655   0.08299   0.11145   0.01664   0.08272   0.06685   0.07350   0.03996   0.18892   0.15078   0.01635   0.12763   0.07018   0.00786   0.09828   0.17189   0.16164   0.12692   0.11018   0.20690   0.21397   0.08058   0.03388   0.03639   0.07272   0.03546   0.03486   0.01142   0.04922   0.00000   0.07815   0.13665   0.12845   0.03621   0.02343   0.05054   0.13037   0.07361   2.00871   0.91384   0.86186   1.87415  
  2 6504.3989  14099.348954  x:  0.00048   0.02116   0.12614   0.28861   0.02054   0.09367   0.11442   0.01078   0.22518   0.13943   0.02826   0.19936   0.02150   0.08351   0.06987   0.08535   0.18805   0.12688   0.08567   0.12273   0.00933   0.08086   0.05855   0.06311   0.04180   0.19981   0.16874   0.00318   0.14187   0.05075   0.00000   0.10106   0.18681   0.18343   0.14026   0.11267   0.21465   0.21433   0.08734   0.01204   0.02662   0.06852   0.03644   0.03909   0.03153   0.05198   0.09273   0.08504   0.13328   0.12965   0.03069   0.00925   0.04151   0.13042   0.07677   2.01334   0.91203   0.85851   1.87491  
  3 2558.1424  14088.293866  x:  0.01585   0.02028   0.12563   0.29087   0.01742   0.09526   0.11667   0.00553   0.22990   0.13903   0.02864   0.20512   0.02028   0.08488   0.07073   0.08371   0.19160   0.12944   0.08634   0.12583   0.00814   0.07983   0.05555   0.06035   0.04236   0.20177   0.17354   0.00000   0.14570   0.04492   0.00014   0.10139   0.19034   0.18934   0.14369   0.11340   0.21545   0.21258   0.08932   0.00609   0.02450   0.06724   0.03684   0.04000   0.03332   0.05221   0.10483   0.08635   0.13093   0.12917   0.02986   0.00761   0.03957   0.12940   0.07751   2.01479   0.91119   0.85762   1.87508  
  4 3327.5356  14069.308346  x:  0.01532   0.01935   0.12390   0.29113   0.01447   0.09682   0.11911   0.00016   0.23435   0.13718   0.02863   0.21117   0.01915   0.08651   0.07181   0.08177   0.19474   0.13188   0.08697   0.12923   0.00822   0.07800   0.05130   0.05755   0.04304   0.20248   0.17869   0.00000   0.14982   0.03768   0.00290   0.10112   0.19347   0.19578   0.14715   0.11425   0.21450   0.20794   0.09140   0.00000   0.02346   0.06580   0.03744   0.04065   0.03092   0.05180   0.10360   0.08709   0.12632   0.12746   0.03003   0.01034   0.03815   0.12682   0.07811   2.01666   0.90971   0.85667   1.87519  
  5 1481.9786  14057.435051  x:  0.01493   0.01893   0.12249   0.29123   0.01284   0.09798   0.12101   0.00059   0.23793   0.13579   0.02844   0.21573   0.01831   0.08768   0.07253   0.08026   0.19713   0.13365   0.08736   0.13167   0.00807   0.07670   0.04827   0.05570   0.04345   0.20296   0.18254   0.00000   0.15281   0.03161   0.00000   0.10069   0.19576   0.20052   0.14965   0.11482   0.21363   0.20403   0.09303   0.00000   0.02400   0.06487   0.03778   0.04102   0.02920   0.05157   0.10177   0.08763   0.12253   0.12614   0.02954   0.00922   0.03772   0.12474   0.07870   2.01825   0.90854   0.85586   1.87530  
  6 3488.5149  14037.910101  x:  0.01397   0.02000   0.11843   0.29241   0.01270   0.10111   0.12664   0.01457   0.24969   0.13181   0.02591   0.22852   0.01617   0.09049   0.07380   0.07610   0.20440   0.13825   0.08787   0.13735   0.00676   0.07429   0.04236   0.05279   0.04381   0.20491   0.19307   0.00000   0.16057   0.01394   0.01053   0.10009   0.20292   0.21371   0.15596   0.11584   0.21158   0.19173   0.09709   0.00000   0.02921   0.06344   0.03780   0.04146   0.02765   0.05197   0.09871   0.08941   0.11110   0.12300   0.02701   0.00121   0.03920   0.11894   0.08074   2.02394   0.90521   0.85273   1.87580  
  7 2394.5813  14023.132445  x:  0.01388   0.02136   0.11542   0.29389   0.01370   0.10348   0.13111   0.02930   0.25940   0.12886   0.02339   0.23842   0.01458   0.09250   0.07453   0.07293   0.21028   0.14172   0.08810   0.14141   0.00554   0.07290   0.03874   0.05119   0.04386   0.20679   0.20111   0.00000   0.16634   0.00000   0.01637   0.09963   0.20863   0.22376   0.16064   0.11643   0.21033   0.18216   0.10010   0.00000   0.03418   0.06271   0.03753   0.04167   0.02764   0.05261   0.09810   0.09093   0.10230   0.12098   0.02505   0.00532   0.04107   0.11467   0.08247   2.02868   0.90263   0.85007   1.87624  
  8 6369.2508  14005.749268  x:  0.01352   0.02644   0.10527   0.30052   0.01828   0.11059   0.14730   0.06547   0.29558   0.11469   0.00967   0.27246   0.01056   0.09894   0.07591   0.06352   0.23147   0.15293   0.08834   0.15383   0.00958   0.07095   0.03338   0.05008   0.04391   0.21459   0.22797   0.00000   0.18523   0.03267   0.02624   0.09791   0.22858   0.25823   0.17562   0.11743   0.20632   0.14526   0.10817   0.00000   0.04225   0.06191   0.03612   0.04231   0.02919   0.05502   0.09500   0.09617   0.07134   0.11474   0.02666   0.01342   0.04664   0.10032   0.08726   2.04822   0.89150   0.83935   1.87798  
  9 1138.9818  13996.299996  x:  0.01302   0.02819   0.10284   0.30452   0.01639   0.10754   0.15710   0.06929   0.31696   0.09643   0.00000   0.28271   0.01697   0.09875   0.07497   0.06595   0.24015   0.15273   0.08580   0.15046   0.00500   0.07799   0.05348   0.06288   0.04400   0.21945   0.23181   0.00000   0.18410   0.03068   0.02552   0.09690   0.23496   0.26580   0.17581   0.11454   0.20429   0.11939   0.10345   0.00000   0.02690   0.06758   0.03623   0.04243   0.03383   0.05603   0.09114   0.09806   0.06766   0.11546   0.03423   0.01286   0.04627   0.09800   0.08499   2.06637   0.87830   0.83130   1.87881  
 10 372.9451  13993.157716  x:  0.01287   0.02932   0.10249   0.30717   0.01574   0.10477   0.16352   0.07012   0.33032   0.08489   0.01093   0.28671   0.01616   0.09799   0.07368   0.06841   0.24432   0.15155   0.08486   0.14750   0.01320   0.08113   0.05969   0.06685   0.04334   0.22225   0.23166   0.00000   0.18130   0.03003   0.02552   0.09663   0.23750   0.26765   0.17433   0.11268   0.20333   0.10495   0.10037   0.00000   0.02439   0.07049   0.03662   0.04182   0.03667   0.05670   0.08944   0.09870   0.06955   0.11712   0.03148   0.01290   0.04615   0.09818   0.08378   2.08023   0.86905   0.82519   1.87948  
 11 475.3016  13988.943068  x:  0.01259   0.03059   0.10357   0.31023   0.01623   0.10013   0.17010   0.06526   0.34818   0.07144   0.00731   0.28815   0.00515   0.09684   0.06995   0.07184   0.24790   0.14820   0.08406   0.14166   0.01005   0.08149   0.05710   0.06546   0.04215   0.22526   0.22808   0.00000   0.17520   0.03051   0.02511   0.09671   0.23859   0.26625   0.17056   0.11094   0.20185   0.08952   0.09752   0.00000   0.03306   0.07249   0.03763   0.04076   0.03893   0.05709   0.08725   0.09858   0.07650   0.12032   0.02338   0.01304   0.04594   0.10030   0.08295   2.10480   0.85438   0.81450   1.88076  
 12 344.5413  13985.228994  x:  0.01233   0.03238   0.10568   0.31306   0.01992   0.09560   0.17744   0.06379   0.37034   0.06228   0.00467   0.28717   0.01473   0.09688   0.07174   0.07427   0.24973   0.14394   0.08497   0.13670   0.01033   0.07830   0.04368   0.05790   0.04254   0.22731   0.22159   0.00000   0.16790   0.03018   0.02501   0.09692   0.23757   0.26127   0.16564   0.11063   0.19969   0.08218   0.09762   0.00000   0.03949   0.07094   0.03706   0.04037   0.03885   0.05608   0.08628   0.09707   0.08279   0.12302   0.03285   0.01260   0.04671   0.10333   0.08344   2.14341   0.83694   0.79677   1.88339  
 13 317.6762  13979.171740  x:  0.01156   0.03199   0.10604   0.31119   0.02131   0.09279   0.18366   0.06732   0.39544   0.06651   0.00000   0.28246   0.00964   0.09789   0.07263   0.07408   0.24753   0.13990   0.08769   0.13627   0.01484   0.07508   0.03561   0.05567   0.04586   0.22529   0.21309   0.00000   0.16264   0.02975   0.02564   0.09612   0.23268   0.25268   0.16126   0.11296   0.19366   0.08687   0.10056   0.00000   0.02602   0.06726   0.03576   0.04286   0.03483   0.05341   0.08403   0.09449   0.07946   0.12124   0.03046   0.01273   0.04699   0.10337   0.08360   2.20580   0.81614   0.76731   1.88835  
 14 327.0534  13974.729745  x:  0.01076   0.02993   0.10532   0.30728   0.01955   0.09253   0.18701   0.06730   0.41397   0.07127   0.00801   0.27839   0.00868   0.09905   0.07472   0.07231   0.24401   0.13797   0.08919   0.13770   0.00328   0.07349   0.03789   0.05666   0.04518   0.22199   0.20815   0.00000   0.16200   0.03153   0.02625   0.09542   0.22790   0.24643   0.15990   0.11549   0.18791   0.09363   0.10308   0.00000   0.02553   0.06544   0.03647   0.04337   0.03224   0.05323   0.08070   0.09344   0.07386   0.11822   0.02987   0.01313   0.04635   0.10151   0.08374   2.26671   0.80036   0.73823   1.89357  
 15 730.0119  13967.844808  x:  0.00972   0.02571   0.10376   0.29793   0.01430   0.09575   0.18667   0.05945   0.43885   0.07856   0.00433   0.27046   0.00999   0.10059   0.07712   0.06871   0.23565   0.13842   0.09154   0.14454   0.01029   0.07472   0.05512   0.06141   0.03953   0.21427   0.20389   0.00000   0.16655   0.02959   0.02564   0.09483   0.21935   0.23752   0.16131   0.11953   0.17921   0.10833   0.10555   0.00000   0.04364   0.06582   0.03947   0.04120   0.03179   0.05673   0.07525   0.09434   0.06559   0.11257   0.03177   0.01249   0.04420   0.09720   0.08386   2.38556   0.77737   0.68143   1.90432  
 16 929.7211  13960.717969  x:  0.00789   0.03956   0.10366   0.28462   0.02873   0.10538   0.17054   0.05281   0.43054   0.07335   0.00506   0.26552   0.01504   0.09745   0.07109   0.06898   0.22573   0.14625   0.08631   0.14824   0.00875   0.07823   0.05452   0.06046   0.04677   0.20641   0.21652   0.00000   0.18021   0.02799   0.02325   0.09675   0.21642   0.24089   0.16968   0.11634   0.18141   0.11208   0.09806   0.00000   0.04068   0.07269   0.03230   0.03881   0.03644   0.05844   0.06500   0.10057   0.07765   0.11138   0.02529   0.01199   0.04899   0.09589   0.08310   2.51731   0.77094   0.62310   1.91683  
 17 375.3223  13955.520902  x:  0.00674   0.02884   0.10417   0.27920   0.02488   0.10651   0.15580   0.05828   0.40788   0.07140   0.00719   0.26448   0.00639   0.09403   0.06531   0.07193   0.22232   0.15112   0.08131   0.14523   0.00879   0.07967   0.04868   0.05811   0.03786   0.20505   0.22485   0.00000   0.18419   0.02748   0.02351   0.09837   0.21889   0.24697   0.17314   0.11064   0.19014   0.10725   0.09360   0.00000   0.03504   0.07376   0.03792   0.04023   0.03915   0.05699   0.05767   0.10003   0.08366   0.11575   0.03696   0.01175   0.04819   0.09870   0.08200   2.61330   0.76877   0.58865   1.92509  
 18 482.5122  13951.443218  x:  0.00560   0.02051   0.10439   0.27981   0.01279   0.10268   0.14757   0.06261   0.37990   0.07083   0.00502   0.26633   0.01529   0.09295   0.06932   0.07395   0.22369   0.15240   0.07890   0.13991   0.00879   0.07891   0.04583   0.05760   0.03877   0.20777   0.22807   0.00000   0.18131   0.02900   0.02466   0.09793   0.22350   0.25300   0.17267   0.10594   0.20006   0.10102   0.09465   0.00000   0.03355   0.07009   0.03924   0.03915   0.03842   0.05479   0.05196   0.09542   0.08190   0.12033   0.02655   0.01263   0.04409   0.10162   0.08104   2.69018   0.76617   0.56978   1.93067  
 19 494.4758  13947.896887  x:  0.00425   0.03521   0.10351   0.28576   0.00777   0.09743   0.14765   0.06224   0.34574   0.07314   0.00595   0.27040   0.01149   0.09331   0.07245   0.07303   0.22899   0.15021   0.07958   0.13510   0.00951   0.07647   0.04854   0.05838   0.04225   0.21351   0.22744   0.00000   0.17360   0.02819   0.02421   0.09472   0.22924   0.25888   0.16929   0.10386   0.20950   0.09625   0.09898   0.00000   0.03569   0.06458   0.03651   0.03865   0.03516   0.05365   0.04775   0.08989   0.07343   0.12218   0.03020   0.01227   0.04080   0.10270   0.08066   2.76322   0.76205   0.56296   1.93466  
 20 418.7493  13945.322306  x:  0.00348   0.03059   0.10017   0.29363   0.02375   0.09614   0.15423   0.05789   0.31715   0.07531   0.00643   0.27494   0.01086   0.09453   0.07427   0.06984   0.23514   0.14646   0.08180   0.13445   0.00989   0.07452   0.05171   0.05884   0.04020   0.21889   0.22495   0.00000   0.16722   0.02666   0.02296   0.09158   0.23335   0.26282   0.16588   0.10535   0.21408   0.09306   0.10062   0.00000   0.03639   0.06334   0.03487   0.04019   0.03272   0.05491   0.04376   0.08925   0.06683   0.12047   0.02968   0.01172   0.04222   0.10095   0.08130   2.82004   0.75771   0.56750   1.93670  
 21 381.8980  13942.918758  x:  0.00246   0.02897   0.09436   0.30231   0.01672   0.09759   0.16378   0.05896   0.29816   0.07609   0.00600   0.27881   0.01186   0.09501   0.06971   0.06526   0.24102   0.14236   0.08358   0.14023   0.00952   0.07537   0.04862   0.05866   0.04236   0.22127   0.21923   0.00000   0.16737   0.02706   0.02337   0.09185   0.23372   0.26290   0.16437   0.11067   0.20998   0.09490   0.09682   0.00000   0.03561   0.07148   0.03596   0.03970   0.03536   0.05771   0.03749   0.09778   0.07289   0.11347   0.03036   0.01186   0.05107   0.09498   0.08249   2.86710   0.75568   0.58903   1.93679  
 22 170.2801  13941.005622  x:  0.00149   0.03220   0.09476   0.30635   0.01721   0.10154   0.16444   0.06150   0.29624   0.07289   0.00536   0.27891   0.01282   0.09465   0.07028   0.06735   0.24222   0.14331   0.08242   0.14214   0.00925   0.07788   0.04681   0.05896   0.03515   0.21893   0.21848   0.00000   0.17425   0.02751   0.02372   0.09475   0.23042   0.25994   0.16618   0.11097   0.20117   0.09593   0.09707   0.00000   0.03421   0.07072   0.03627   0.03774   0.03501   0.05433   0.03240   0.09600   0.07616   0.11230   0.02892   0.01214   0.04043   0.09387   0.07931   2.90095   0.76143   0.62113   1.93581  
 23 117.1765  13939.514642  x:  0.00079   0.02887   0.09746   0.30775   0.01817   0.10296   0.16135   0.06200   0.29992   0.07102   0.00598   0.27784   0.01074   0.09421   0.07129   0.07002   0.24151   0.14555   0.08113   0.14105   0.00941   0.07880   0.04800   0.05996   0.04448   0.21595   0.21989   0.00000   0.17877   0.02748   0.02396   0.09612   0.22751   0.25754   0.16803   0.10921   0.19466   0.09481   0.09788   0.00000   0.03595   0.06847   0.03671   0.03972   0.03432   0.05366   0.02847   0.09225   0.07585   0.11449   0.03118   0.01211   0.03953   0.09591   0.07966   2.92746   0.77097   0.65029   1.93511  
 24 233.9909  13938.831367  x:  0.00041   0.02990   0.09945   0.30652   0.01745   0.10139   0.15849   0.06033   0.30451   0.07191   0.00597   0.27704   0.01124   0.09438   0.07181   0.07066   0.24009   0.14682   0.08098   0.13933   0.00950   0.07748   0.04853   0.05962   0.04078   0.21425   0.22167   0.00000   0.17806   0.02723   0.02373   0.09505   0.22693   0.25742   0.16844   0.10800   0.19376   0.09347   0.09770   0.00000   0.03519   0.06799   0.03592   0.03994   0.03269   0.05511   0.02694   0.09152   0.07372   0.11624   0.03027   0.01199   0.04651   0.09772   0.08157   2.93916   0.77823   0.66433   1.93503  
 25 140.4573  13938.347763  x:  0.00039   0.02967   0.09918   0.30309   0.01798   0.09861   0.15672   0.06000   0.31057   0.07533   0.00611   0.27645   0.01178   0.09484   0.06957   0.06889   0.23807   0.14622   0.08152   0.13808   0.00963   0.07568   0.04773   0.06059   0.04142   0.21338   0.22370   0.00000   0.17261   0.02719   0.02368   0.09233   0.22873   0.25961   0.16709   0.10822   0.19777   0.09254   0.09474   0.00000   0.03572   0.07162   0.03594   0.03705   0.02934   0.05527   0.02631   0.09484   0.07300   0.11547   0.03045   0.01194   0.04343   0.09693   0.07950   2.94961   0.78721   0.67537   1.93562  
 26 54.2867  13937.872857  x:  0.00041   0.03014   0.09694   0.29880   0.01768   0.09847   0.15704   0.05946   0.31567   0.07419   0.00598   0.27568   0.01195   0.09478   0.06996   0.06796   0.23630   0.14419   0.08153   0.13830   0.00958   0.07645   0.04777   0.05993   0.04075   0.21341   0.22399   0.00000   0.16852   0.02718   0.02348   0.09198   0.23102   0.26179   0.16511   0.10879   0.20322   0.09373   0.09556   0.00000   0.03614   0.07169   0.03587   0.04351   0.03242   0.05458   0.02392   0.09411   0.07359   0.11323   0.02989   0.01194   0.04231   0.09524   0.07909   2.96221   0.79691   0.68676   1.93677  
 27 56.1417  13937.175211  x:  0.00062   0.02889   0.09398   0.29350   0.01744   0.10010   0.15884   0.05890   0.32065   0.07058   0.00582   0.27466   0.01055   0.09421   0.07104   0.06837   0.23470   0.14182   0.08141   0.13912   0.00942   0.07803   0.04848   0.05899   0.04080   0.21411   0.22281   0.00000   0.16701   0.02701   0.02320   0.09321   0.23318   0.26355   0.16318   0.10910   0.20949   0.09526   0.09762   0.00000   0.03527   0.06740   0.03487   0.03761   0.03443   0.05408   0.02184   0.09121   0.07444   0.11112   0.03028   0.01187   0.04477   0.09396   0.08035   2.98098   0.80816   0.70289   1.93865  
 28 105.3998  13936.330256  x:  0.00110   0.03051   0.09552   0.29110   0.01773   0.10026   0.16097   0.05882   0.32213   0.07041   0.00554   0.27430   0.01147   0.09341   0.07023   0.07079   0.23505   0.14343   0.08193   0.13827   0.00949   0.07555   0.04886   0.05932   0.04070   0.21566   0.21962   0.00000   0.17397   0.02702   0.02327   0.09377   0.23172   0.26154   0.16477   0.10732   0.21084   0.09383   0.09589   0.00000   0.03508   0.06891   0.03979   0.04000   0.02819   0.05693   0.02132   0.09203   0.07223   0.11561   0.02950   0.01186   0.04663   0.09703   0.08148   3.00315   0.81434   0.72139   1.94153  
 29 60.0312  13935.743653  x:  0.00136   0.02932   0.09867   0.29146   0.01703   0.09777   0.15976   0.05808   0.32225   0.07364   0.00583   0.27480   0.01119   0.09397   0.07008   0.07064   0.23566   0.14628   0.08214   0.13704   0.00957   0.07372   0.04857   0.05913   0.03998   0.21606   0.21962   0.00000   0.17674   0.02678   0.02320   0.09242   0.22961   0.25967   0.16730   0.10643   0.20822   0.09185   0.09622   0.00000   0.03519   0.07069   0.03291   0.04068   0.03194   0.05784   0.01839   0.09435   0.07040   0.11912   0.03009   0.01175   0.04629   0.09917   0.08120   3.01474   0.81451   0.73193   1.94379  
 30 78.0239  13935.237466  x:  0.00150   0.03047   0.10207   0.29421   0.01832   0.09489   0.15482   0.05734   0.32192   0.07664   0.00610   0.27620   0.01163   0.09540   0.07133   0.06807   0.23622   0.14898   0.08122   0.13634   0.00969   0.07519   0.04869   0.05874   0.04028   0.21528   0.22422   0.00000   0.17289   0.02673   0.02318   0.09071   0.22805   0.25915   0.16965   0.10695   0.20224   0.09131   0.09832   0.00000   0.03469   0.07048   0.03800   0.03954   0.03601   0.05596   0.01541   0.09512   0.07149   0.11955   0.02970   0.01172   0.04768   0.09912   0.08114   3.01933   0.81123   0.73746   1.94673  
 31 44.9610  13934.648171  x:  0.00172   0.02968   0.10340   0.29836   0.01743   0.09635   0.14944   0.05785   0.32123   0.07583   0.00640   0.27722   0.01171   0.09542   0.07081   0.06788   0.23649   0.14970   0.08008   0.13675   0.00977   0.07742   0.04933   0.05965   0.03967   0.21378   0.23070   0.00000   0.16600   0.02691   0.02339   0.09203   0.22809   0.26005   0.16980   0.10771   0.19510   0.09253   0.09748   0.00000   0.03548   0.06974   0.03450   0.04160   0.02968   0.05650   0.01455   0.09294   0.07425   0.11746   0.03000   0.01178   0.04894   0.09762   0.08186   3.01753   0.80675   0.73812   1.95153  
 32 40.9367  13933.700136  x:  0.00168   0.02998   0.10207   0.30325   0.01672   0.10123   0.14988   0.05719   0.32133   0.07451   0.00632   0.27542   0.01197   0.09338   0.06957   0.07273   0.23544   0.14691   0.08177   0.13643   0.00965   0.07297   0.04830   0.05921   0.03986   0.21162   0.23373   0.00000   0.16421   0.02653   0.02299   0.09367   0.23029   0.26152   0.16543   0.10646   0.19173   0.09442   0.09526   0.00000   0.03479   0.07144   0.03569   0.04047   0.03240   0.06017   0.00839   0.09207   0.06978   0.11647   0.02969   0.01169   0.04774   0.09858   0.08149   3.00259   0.80497   0.72922   1.96183  
 33 36.3042  13933.070466  x:  0.00162   0.02962   0.10034   0.30407   0.01679   0.09870   0.15270   0.05710   0.32161   0.07466   0.00617   0.27380   0.01141   0.09397   0.07105   0.07060   0.23414   0.14543   0.08165   0.13665   0.00966   0.07492   0.04896   0.05902   0.03968   0.21014   0.23067   0.00000   0.16906   0.02649   0.02307   0.09140   0.23073   0.26173   0.16468   0.10688   0.19390   0.09195   0.09780   0.00000   0.03515   0.07148   0.03482   0.04089   0.02969   0.05500   0.00544   0.09370   0.07204   0.11676   0.02990   0.01166   0.04854   0.09812   0.08091   2.98957   0.80541   0.72078   1.96978  
 34 62.3846  13932.997307  x:  0.00161   0.02967   0.10029   0.30311   0.01701   0.09726   0.15263   0.05706   0.32181   0.07439   0.00616   0.27429   0.01156   0.09454   0.07031   0.06903   0.23449   0.14648   0.08076   0.13668   0.00966   0.07559   0.04833   0.05930   0.03969   0.21067   0.22902   0.00000   0.16946   0.02645   0.02303   0.09132   0.22994   0.26126   0.16637   0.10720   0.19558   0.09200   0.09694   0.00000   0.03500   0.07091   0.03490   0.04085   0.02982   0.05740   0.00496   0.09170   0.07210   0.11626   0.02985   0.01165   0.04816   0.09702   0.08057   2.98770   0.80479   0.72000   1.97108  
 35 21.5494  13932.940810  x:  0.00160   0.02966   0.10026   0.30106   0.01710   0.09812   0.15190   0.05696   0.32207   0.07375   0.00621   0.27552   0.01157   0.09453   0.07000   0.06941   0.23578   0.14818   0.08011   0.13647   0.00970   0.07485   0.04852   0.05912   0.03978   0.21229   0.22766   0.00000   0.16835   0.02642   0.02303   0.09211   0.22854   0.26040   0.16811   0.10660   0.19763   0.09282   0.09635   0.00000   0.03519   0.07161   0.03486   0.04079   0.02984   0.05546   0.00483   0.09179   0.07121   0.11557   0.02984   0.01164   0.04850   0.09625   0.08083   2.98654   0.80334   0.72016   1.97284  
 36 10.1169  13932.807695  x:  0.00156   0.02973   0.09960   0.29593   0.01710   0.10047   0.15098   0.05709   0.32239   0.07471   0.00620   0.27747   0.01118   0.09400   0.07194   0.07045   0.23796   0.14893   0.08054   0.13684   0.00968   0.07485   0.04875   0.05920   0.03987   0.21466   0.22778   0.00000   0.16726   0.02650   0.02314   0.09182   0.22658   0.25947   0.16802   0.10600   0.19945   0.09236   0.09920   0.00000   0.03495   0.07154   0.03504   0.04083   0.02933   0.05802   0.00456   0.09402   0.07293   0.11543   0.03001   0.01166   0.04808   0.09717   0.08045   2.98494   0.80064   0.72112   1.97854  
 37 10.6431  13932.032234  x:  0.00157   0.03007   0.10002   0.27877   0.01702   0.10129   0.15128   0.05565   0.32326   0.07880   0.00630   0.28162   0.01227   0.09305   0.06954   0.06868   0.24348   0.14415   0.08274   0.13951   0.00965   0.07841   0.04787   0.06050   0.04004   0.21950   0.23468   0.00000   0.17082   0.02614   0.02284   0.09194   0.22604   0.26018   0.16157   0.11018   0.20114   0.09346   0.09540   0.00000   0.03601   0.07080   0.03507   0.04108   0.03037   0.05558   0.00438   0.09042   0.07325   0.11916   0.03001   0.01154   0.04845   0.10325   0.08142   2.97980   0.78869   0.72720   2.01385  
 38 25.2975  13928.066016  x:  0.00153   0.02801   0.11411   0.25356   0.01685   0.08900   0.15716   0.05246   0.32697   0.06640   0.00589   0.27752   0.00915   0.10138   0.07409   0.06377   0.24710   0.13841   0.07893   0.13296   0.01067   0.06929   0.05157   0.05385   0.04097   0.22189   0.24693   0.00000   0.17969   0.02418   0.02110   0.10112   0.24085   0.26617   0.16005   0.11434   0.19940   0.10596   0.10235   0.00000   0.03352   0.07684   0.03515   0.04055   0.02711   0.05889   0.00496   0.09534   0.07222   0.12084   0.03038   0.01096   0.04772   0.09629   0.08008   2.96143   0.75888   0.75019   2.20100  
 39 89.5577  13911.156580  x:  0.00177   0.02690   0.12659   0.22337   0.01314   0.09616   0.18546   0.02323   0.35166   0.07691   0.00493   0.26537   0.00820   0.11013   0.07172   0.07977   0.24507   0.15847   0.08978   0.13674   0.00921   0.07490   0.03047   0.07608   0.04100   0.21860   0.25114   0.00000   0.18189   0.01372   0.01308   0.08956   0.27487   0.28314   0.18471   0.10531   0.18752   0.09357   0.10531   0.00000   0.03561   0.06194   0.03689   0.04347   0.02482   0.05519   0.00763   0.09647   0.06943   0.10770   0.03068   0.00762   0.04896   0.07596   0.08743   2.89315   0.68073   0.83065   2.98900  
 40 557.9890  13898.164610  x:  0.00191   0.02741   0.10632   0.22203   0.01010   0.10059   0.18620   0.00639   0.37245   0.07989   0.00414   0.28144   0.00570   0.10779   0.07315   0.06832   0.24335   0.16413   0.08740   0.15377   0.00759   0.07077   0.03876   0.04279   0.04335   0.20987   0.24332   0.00000   0.17824   0.00666   0.00800   0.08935   0.26855   0.29126   0.19548   0.11178   0.17539   0.07338   0.10247   0.00000   0.03036   0.06501   0.03661   0.04259   0.01961   0.05505   0.01016   0.08744   0.06265   0.10214   0.02970   0.00542   0.04499   0.08965   0.08547   2.84586   0.64139   0.88320   3.55870  
 41 1426.7580  13894.853047  x:  0.00196   0.02722   0.09783   0.22708   0.01031   0.09700   0.18135   0.00000   0.37892   0.07387   0.00409   0.29782   0.00375   0.10745   0.07605   0.06243   0.24722   0.15995   0.08480   0.15508   0.00789   0.06437   0.03233   0.05446   0.04259   0.20780   0.24217   0.00000   0.17972   0.00424   0.00622   0.09292   0.25418   0.29342   0.19152   0.11562   0.17128   0.07448   0.10479   0.00000   0.03018   0.06463   0.03641   0.04239   0.01903   0.05392   0.01083   0.08868   0.06007   0.10612   0.02984   0.00455   0.04548   0.09022   0.08452   2.83439   0.63935   0.89354   3.70559  
 42 710.3607  13894.853047  x:  0.00196   0.02722   0.09783   0.22708   0.01031   0.09700   0.18135   0.00000   0.37892   0.07387   0.00409   0.29782   0.00375   0.10745   0.07605   0.06243   0.24722   0.15995   0.08480   0.15508   0.00789   0.06437   0.03233   0.05446   0.04259   0.20780   0.24217   0.00000   0.17972   0.00424   0.00622   0.09292   0.25418   0.29342   0.19152   0.11562   0.17128   0.07448   0.10479   0.00000   0.03018   0.06463   0.03641   0.04239   0.01903   0.05392   0.01083   0.08868   0.06007   0.10612   0.02984   0.00455   0.04548   0.09022   0.08452   2.83439   0.63935   0.89354   3.70559  
 43 176.3258  13890.971643  x:  0.00991   0.02719   0.09751   0.22739   0.00957   0.09748   0.18134   0.00030   0.37874   0.07408   0.00556   0.29842   0.00530   0.10752   0.07650   0.06252   0.24720   0.15991   0.08498   0.15550   0.00792   0.06438   0.03207   0.05375   0.04309   0.20748   0.24254   0.00000   0.18042   0.00321   0.00560   0.09287   0.25375   0.29382   0.19150   0.11571   0.17105   0.07488   0.10522   0.00000   0.02924   0.06446   0.03681   0.04263   0.01956   0.05376   0.01069   0.08906   0.06012   0.10580   0.03040   0.01297   0.04463   0.08975   0.08434   2.83449   0.64052   0.89349   3.70560  
 44 996.0368  13888.695684  x:  0.00554   0.02589   0.09608   0.22918   0.00625   0.10026   0.18117   0.00025   0.37770   0.07516   0.01015   0.30181   0.00934   0.10782   0.07839   0.06304   0.24711   0.15971   0.08601   0.15789   0.00794   0.06447   0.03081   0.05003   0.04567   0.20574   0.24474   0.00000   0.18444   0.00086   0.00379   0.09274   0.25130   0.29618   0.19139   0.11629   0.16983   0.07642   0.10686   0.00000   0.02462   0.06366   0.03890   0.04389   0.02206   0.05301   0.00949   0.09117   0.06042   0.10349   0.03097   0.01629   0.03991   0.08723   0.08332   2.83507   0.64694   0.89328   3.70563  
 45 263.7139  13888.005024  x:  0.00532   0.02563   0.09557   0.22982   0.00571   0.10124   0.18105   0.00000   0.37729   0.07551   0.01076   0.30298   0.00976   0.10790   0.07884   0.06323   0.24707   0.15964   0.08634   0.15870   0.00783   0.06449   0.03050   0.04893   0.04636   0.20512   0.24554   0.00000   0.18584   0.00268   0.00407   0.09275   0.25045   0.29703   0.19134   0.11648   0.16941   0.07693   0.10742   0.00000   0.02350   0.06337   0.03950   0.04422   0.02269   0.05279   0.00927   0.09184   0.06050   0.10274   0.03101   0.01649   0.03858   0.08640   0.08304   2.83528   0.64923   0.89322   3.70563  
 46 552.0667  13885.948537  x:  0.00954   0.02536   0.09272   0.23349   0.00614   0.10675   0.18001   0.00000   0.37470   0.07746   0.00914   0.30971   0.00708   0.10819   0.08016   0.06403   0.24679   0.15916   0.08805   0.16322   0.00682   0.06460   0.02957   0.04418   0.04890   0.20138   0.25021   0.00000   0.19369   0.00095   0.00542   0.09268   0.24537   0.30200   0.19100   0.11746   0.16704   0.07954   0.11048   0.00000   0.02080   0.06180   0.04203   0.04533   0.02456   0.05186   0.00924   0.09513   0.06074   0.09874   0.03044   0.01178   0.03332   0.08202   0.08189   2.83654   0.66263   0.89300   3.70563  
 47 453.0102  13884.595673  x:  0.00718   0.02574   0.09056   0.23681   0.00733   0.11079   0.17864   0.00000   0.37185   0.07832   0.00560   0.31604   0.00370   0.10822   0.08049   0.06443   0.24634   0.15857   0.08910   0.16686   0.00617   0.06454   0.03029   0.04397   0.04849   0.19763   0.25448   0.00000   0.20018   0.00103   0.00357   0.09232   0.24034   0.30673   0.19051   0.11794   0.16494   0.08056   0.11216   0.00000   0.02512   0.06083   0.04235   0.04492   0.02278   0.05164   0.00912   0.09671   0.06044   0.09625   0.03049   0.01493   0.03443   0.07933   0.08176   2.83786   0.67543   0.89317   3.70551  
 48 282.0426  13883.839476  x:  0.00755   0.02622   0.08926   0.23921   0.00652   0.11257   0.17738   0.00000   0.36925   0.07793   0.00668   0.32111   0.00763   0.10812   0.08081   0.06450   0.24579   0.15795   0.08937   0.16899   0.00614   0.06425   0.03117   0.04643   0.04647   0.19448   0.25752   0.00000   0.20430   0.00077   0.00529   0.09204   0.23626   0.31047   0.18990   0.11785   0.16350   0.08019   0.11243   0.00000   0.02768   0.06052   0.04098   0.04386   0.02045   0.05183   0.01010   0.09653   0.05990   0.09535   0.03009   0.01408   0.03816   0.07864   0.08210   2.83906   0.68554   0.89381   3.70529  
 49 245.1603  13883.503042  x:  0.00820   0.02578   0.08916   0.24024   0.00485   0.11201   0.17629   0.00000   0.36719   0.07693   0.00765   0.32389   0.00643   0.10767   0.07991   0.06425   0.24526   0.15739   0.08886   0.16917   0.00608   0.06379   0.03091   0.04831   0.04498   0.19255   0.25882   0.00000   0.20526   0.00111   0.00317   0.09160   0.23383   0.31256   0.18932   0.11723   0.16295   0.07884   0.11141   0.00000   0.02537   0.06098   0.03926   0.04336   0.02058   0.05202   0.00989   0.09502   0.05950   0.09598   0.03008   0.01333   0.03970   0.07969   0.08219   2.83998   0.69093   0.89501   3.70492  
 50 120.0192  13883.320951  x:  0.00771   0.02539   0.08930   0.24074   0.00514   0.11109   0.17536   0.00000   0.36542   0.07598   0.00781   0.32572   0.00534   0.10721   0.07904   0.06401   0.24475   0.15690   0.08824   0.16876   0.00607   0.06341   0.03051   0.04899   0.04438   0.19117   0.25950   0.00000   0.20526   0.00070   0.00503   0.09137   0.23216   0.31395   0.18878   0.11653   0.16268   0.07762   0.11024   0.00000   0.02368   0.06146   0.03823   0.04318   0.02123   0.05210   0.00958   0.09355   0.05924   0.09678   0.03021   0.01403   0.03977   0.08073   0.08208   2.84077   0.69461   0.89632   3.70453  
 51 140.3017  13883.133843  x:  0.00773   0.02551   0.08978   0.24087   0.00726   0.10910   0.17402   0.00000   0.36252   0.07460   0.00738   0.32771   0.00663   0.10649   0.07805   0.06371   0.24385   0.15611   0.08713   0.16730   0.00620   0.06300   0.03011   0.04806   0.04490   0.18944   0.25983   0.00000   0.20391   0.00086   0.00427   0.09083   0.23006   0.31548   0.18788   0.11524   0.16245   0.07617   0.10837   0.00000   0.02412   0.06198   0.03807   0.04324   0.02211   0.05197   0.00963   0.09152   0.05909   0.09796   0.03005   0.01395   0.03801   0.08197   0.08159   2.84209   0.69915   0.89900   3.70375  
 52 88.4955  13883.016890  x:  0.00788   0.02585   0.09004   0.24050   0.00545   0.10728   0.17304   0.00000   0.36000   0.07414   0.00717   0.32872   0.00649   0.10589   0.07751   0.06364   0.24305   0.15551   0.08639   0.16576   0.00631   0.06293   0.03029   0.04682   0.04555   0.18832   0.25940   0.00000   0.20213   0.00081   0.00460   0.09050   0.22874   0.31624   0.18713   0.11424   0.16228   0.07577   0.10723   0.00000   0.02530   0.06179   0.03877   0.04322   0.02127   0.05165   0.00925   0.09069   0.05909   0.09835   0.02986   0.01381   0.03688   0.08221   0.08121   2.84331   0.70228   0.90177   3.70293  
 53 80.1287  13882.919165  x:  0.00774   0.02569   0.08994   0.23941   0.00581   0.10598   0.17226   0.00000   0.35682   0.07466   0.00788   0.32895   0.00597   0.10530   0.07759   0.06382   0.24198   0.15491   0.08597   0.16383   0.00630   0.06305   0.03062   0.04623   0.04551   0.18751   0.25820   0.00000   0.19951   0.00084   0.00459   0.09023   0.22771   0.31641   0.18631   0.11338   0.16197   0.07638   0.10681   0.00000   0.02479   0.06080   0.03954   0.04300   0.02057   0.05127   0.01099   0.09117   0.05914   0.09762   0.02986   0.01391   0.03738   0.08130   0.08096   2.84505   0.70556   0.90599   3.70167  
 54 55.2399  13882.822654  x:  0.00780   0.02538   0.08963   0.23806   0.00661   0.10519   0.17161   0.00000   0.35344   0.07531   0.00802   0.32875   0.00607   0.10480   0.07791   0.06405   0.24085   0.15437   0.08579   0.16205   0.00640   0.06311   0.03058   0.04631   0.04513   0.18687   0.25670   0.00000   0.19685   0.00087   0.00453   0.09002   0.22689   0.31626   0.18555   0.11274   0.16157   0.07709   0.10680   0.00000   0.02424   0.05989   0.03978   0.04286   0.02030   0.05101   0.00937   0.09195   0.05901   0.09660   0.02985   0.01381   0.03815   0.08013   0.08079   2.84705   0.70887   0.91089   3.70019  
 55 110.2236  13882.750329  x:  0.00778   0.02523   0.08918   0.23677   0.00598   0.10525   0.17122   0.00000   0.35063   0.07560   0.00709   0.32798   0.00643   0.10457   0.07820   0.06413   0.23992   0.15404   0.08598   0.16117   0.00651   0.06293   0.03002   0.04701   0.04472   0.18660   0.25518   0.00000   0.19517   0.00087   0.00459   0.08994   0.22652   0.31566   0.18507   0.11264   0.16116   0.07730   0.10724   0.00000   0.02458   0.05992   0.03908   0.04300   0.02202   0.05118   0.00948   0.09247   0.05878   0.09579   0.02978   0.01382   0.03819   0.07934   0.08068   2.84902   0.71163   0.91576   3.69869  
 56 74.7481  13882.639466  x:  0.00774   0.02571   0.08842   0.23464   0.00612   0.10710   0.17111   0.00000   0.34650   0.07520   0.00774   0.32545   0.00616   0.10454   0.07830   0.06377   0.23860   0.15375   0.08677   0.16148   0.00636   0.06239   0.02974   0.04757   0.04480   0.18674   0.25266   0.00000   0.19441   0.00089   0.00455   0.08999   0.22661   0.31365   0.18476   0.11343   0.16042   0.07632   0.10828   0.00000   0.02467   0.06131   0.03740   0.04323   0.02057   0.05150   0.00971   0.09213   0.05838   0.09538   0.02951   0.01382   0.03652   0.07934   0.08055   2.85300   0.71602   0.92566   3.69555  
 57 53.4509  13882.542638  x:  0.00780   0.02507   0.08834   0.23336   0.00601   0.10859   0.17108   0.00000   0.34375   0.07450   0.00758   0.32258   0.00628   0.10470   0.07777   0.06314   0.23783   0.15362   0.08706   0.16292   0.00644   0.06246   0.03086   0.04611   0.04502   0.18707   0.25108   0.00000   0.19563   0.00090   0.00453   0.08999   0.22700   0.31131   0.18474   0.11423   0.15998   0.07545   0.10820   0.00000   0.02445   0.06128   0.03864   0.04253   0.02107   0.05128   0.00959   0.09108   0.05853   0.09601   0.03002   0.01369   0.03783   0.08036   0.08073   2.85735   0.71975   0.93640   3.69201  
 58 58.6292  13882.527060  x:  0.00779   0.02520   0.08844   0.23335   0.00602   0.10858   0.17107   0.00064   0.34361   0.07450   0.00761   0.32220   0.00628   0.10473   0.07768   0.06309   0.23781   0.15361   0.08697   0.16314   0.00624   0.06249   0.03062   0.04614   0.04497   0.18711   0.25105   0.00000   0.19598   0.00090   0.00453   0.08998   0.22706   0.31098   0.18476   0.11425   0.15998   0.07554   0.10803   0.00000   0.02446   0.06109   0.03882   0.04252   0.02110   0.05120   0.00958   0.09101   0.05858   0.09612   0.02989   0.01370   0.03790   0.08042   0.08071   2.85810   0.72018   0.93822   3.69138  
 59 59.5247  13882.469561  x:  0.00773   0.02589   0.08904   0.23359   0.00605   0.10818   0.17103   0.00016   0.34338   0.07444   0.00768   0.32068   0.00629   0.10484   0.07731   0.06298   0.23792   0.15364   0.08641   0.16403   0.00578   0.06263   0.02932   0.04660   0.04466   0.18730   0.25129   0.00000   0.19767   0.00089   0.00454   0.08990   0.22729   0.30963   0.18484   0.11419   0.16010   0.07623   0.10715   0.00000   0.02448   0.06003   0.03944   0.04260   0.02111   0.05085   0.00961   0.09088   0.05881   0.09655   0.02920   0.01375   0.03798   0.08051   0.08054   2.86141   0.72181   0.94627   3.68856  
 60 107.4928  13882.420702  x:  0.00779   0.02556   0.08952   0.23431   0.00615   0.10725   0.17097   0.00032   0.34408   0.07470   0.00771   0.31982   0.00621   0.10489   0.07722   0.06316   0.23833   0.15381   0.08592   0.16454   0.00716   0.06282   0.02966   0.04727   0.04461   0.18738   0.25213   0.00000   0.19907   0.00091   0.00454   0.08985   0.22741   0.30879   0.18494   0.11386   0.16034   0.07682   0.10644   0.00000   0.02463   0.05952   0.03908   0.04298   0.02101   0.05085   0.00967   0.09115   0.05880   0.09665   0.02948   0.01367   0.03746   0.08019   0.08037   2.86453   0.72279   0.95367   3.68586  
 61 73.2629  13882.371003  x:  0.00784   0.02492   0.08976   0.23532   0.00617   0.10621   0.17096   0.00020   0.34540   0.07498   0.00759   0.31943   0.00633   0.10493   0.07739   0.06345   0.23896   0.15399   0.08547   0.16449   0.00603   0.06282   0.03066   0.04744   0.04475   0.18745   0.25334   0.00000   0.20012   0.00090   0.00455   0.08985   0.22747   0.30831   0.18507   0.11347   0.16065   0.07705   0.10617   0.00000   0.02473   0.05977   0.03831   0.04327   0.02097   0.05115   0.00967   0.09161   0.05864   0.09653   0.03009   0.01358   0.03719   0.07980   0.08038   2.86792   0.72346   0.96155   3.68288  
 62 87.9821  13882.308063  x:  0.00781   0.02580   0.08939   0.23694   0.00622   0.10543   0.17113   0.00020   0.34827   0.07522   0.00757   0.32019   0.00619   0.10493   0.07799   0.06402   0.24007   0.15445   0.08574   0.16372   0.00643   0.06247   0.03039   0.04627   0.04503   0.18746   0.25534   0.00000   0.20024   0.00092   0.00457   0.09001   0.22748   0.30875   0.18536   0.11319   0.16109   0.07645   0.10710   0.00000   0.02459   0.06136   0.03796   0.04291   0.02106   0.05172   0.00964   0.09209   0.05846   0.09610   0.02948   0.01360   0.03818   0.07971   0.08089   2.87278   0.72374   0.97226   3.67853  
 63 57.5375  13882.267281  x:  0.00786   0.02513   0.08886   0.23782   0.00618   0.10620   0.17152   0.00021   0.35071   0.07499   0.00742   0.32179   0.00619   0.10498   0.07816   0.06412   0.24079   0.15475   0.08648   0.16306   0.00646   0.06270   0.02981   0.04714   0.04480   0.18751   0.25642   0.00000   0.19921   0.00092   0.00459   0.09022   0.22758   0.31006   0.18570   0.11358   0.16131   0.07600   0.10814   0.00000   0.02479   0.06136   0.03912   0.04255   0.02084   0.05138   0.00974   0.09185   0.05887   0.09625   0.03001   0.01351   0.03786   0.08028   0.08106   2.87637   0.72353   0.97941   3.67528  
 64 42.3201  13882.249161  x:  0.00782   0.02579   0.08888   0.23795   0.00616   0.10706   0.17185   0.00020   0.35190   0.07486   0.00752   0.32302   0.00613   0.10508   0.07801   0.06394   0.24100   0.15478   0.08679   0.16302   0.00641   0.06302   0.03061   0.04743   0.04485   0.18761   0.25657   0.00000   0.19846   0.00093   0.00460   0.09030   0.22776   0.31116   0.18591   0.11399   0.16142   0.07637   0.10830   0.00000   0.02476   0.06081   0.03904   0.04290   0.02117   0.05125   0.00968   0.09163   0.05900   0.09658   0.02971   0.01354   0.03778   0.08062   0.08101   2.87823   0.72330   0.98258   3.67356  
 65 31.9738  13882.239215  x:  0.00783   0.02549   0.08920   0.23775   0.00610   0.10766   0.17212   0.00020   0.35251   0.07490   0.00735   0.32406   0.00621   0.10523   0.07784   0.06374   0.24101   0.15470   0.08678   0.16339   0.00643   0.06299   0.03029   0.04700   0.04496   0.18779   0.25628   0.00000   0.19807   0.00094   0.00461   0.09034   0.22803   0.31216   0.18605   0.11428   0.16149   0.07679   0.10794   0.00000   0.02477   0.06054   0.03849   0.04321   0.02097   0.05145   0.00975   0.09165   0.05890   0.09687   0.02979   0.01353   0.03803   0.08066   0.08099   2.87953   0.72299   0.98416   3.67233  
 66 18.1531  13882.234268  x:  0.00787   0.02553   0.08952   0.23739   0.00617   0.10769   0.17230   0.00017   0.35266   0.07503   0.00763   0.32478   0.00607   0.10534   0.07787   0.06370   0.24090   0.15464   0.08659   0.16387   0.00641   0.06287   0.03029   0.04710   0.04494   0.18801   0.25580   0.00000   0.19815   0.00094   0.00463   0.09036   0.22830   0.31291   0.18611   0.11429   0.16153   0.07677   0.10762   0.00000   0.02497   0.06090   0.03870   0.04299   0.02113   0.05158   0.00970   0.09187   0.05886   0.09688   0.02991   0.01349   0.03801   0.08047   0.08102   2.88054   0.72273   0.98473   3.67135  
 67  9.5210  13882.231474  x:  0.00785   0.02560   0.08964   0.23714   0.00615   0.10756   0.17236   0.00018   0.35267   0.07508   0.00734   0.32520   0.00619   0.10540   0.07794   0.06374   0.24083   0.15465   0.08650   0.16416   0.00642   0.06287   0.03039   0.04722   0.04493   0.18816   0.25547   0.00000   0.19832   0.00094   0.00461   0.09038   0.22848   0.31337   0.18614   0.11422   0.16155   0.07668   0.10754   0.00000   0.02475   0.06109   0.03885   0.04289   0.02101   0.05156   0.00973   0.09198   0.05889   0.09683   0.02982   0.01353   0.03796   0.08040   0.08106   2.88127   0.72253   0.98490   3.67063  
 68 12.7116  13882.226978  x:  0.00785   0.02550   0.08946   0.23678   0.00622   0.10702   0.17240   0.00018   0.35243   0.07500   0.00743   0.32569   0.00612   0.10539   0.07813   0.06395   0.24073   0.15485   0.08660   0.16435   0.00639   0.06309   0.03036   0.04717   0.04498   0.18841   0.25499   0.00000   0.19890   0.00094   0.00461   0.09045   0.22875   0.31400   0.18619   0.11396   0.16156   0.07645   0.10796   0.00000   0.02486   0.06085   0.03869   0.04315   0.02106   0.05134   0.00973   0.09190   0.05905   0.09672   0.02972   0.01353   0.03802   0.08059   0.08117   2.88305   0.72213   0.98466   3.66883  
 69  7.1290  13882.222710  x:  0.00783   0.02581   0.08931   0.23670   0.00623   0.10682   0.17241   0.00019   0.35213   0.07497   0.00739   0.32584   0.00616   0.10533   0.07809   0.06402   0.24070   0.15504   0.08676   0.16419   0.00640   0.06298   0.03031   0.04713   0.04495   0.18851   0.25484   0.00000   0.19929   0.00093   0.00460   0.09045   0.22885   0.31432   0.18626   0.11388   0.16160   0.07670   0.10821   0.00000   0.02479   0.06071   0.03868   0.04304   0.02104   0.05155   0.00974   0.09177   0.05891   0.09679   0.03020   0.01351   0.03800   0.08072   0.08111   2.88519   0.72180   0.98401   3.66661  
 70 10.1139  13882.209017  x:  0.00781   0.02538   0.08907   0.23689   0.00623   0.10685   0.17243   0.00019   0.35120   0.07503   0.00747   0.32589   0.00619   0.10516   0.07781   0.06400   0.24070   0.15543   0.08709   0.16347   0.00642   0.06260   0.03046   0.04721   0.04494   0.18860   0.25489   0.00000   0.20000   0.00093   0.00458   0.09041   0.22897   0.31482   0.18653   0.11392   0.16180   0.07742   0.10840   0.00000   0.02481   0.06083   0.03891   0.04276   0.02105   0.05211   0.00973   0.09163   0.05859   0.09713   0.02962   0.01358   0.03789   0.08082   0.08092   2.89246   0.72090   0.98143   3.65900  
 71 28.0363  13882.173472  x:  0.00781   0.02556   0.08935   0.23782   0.00613   0.10775   0.17247   0.00017   0.34939   0.07530   0.00754   0.32543   0.00625   0.10507   0.07775   0.06371   0.24088   0.15564   0.08697   0.16237   0.00649   0.06305   0.03034   0.04728   0.04513   0.18852   0.25568   0.00000   0.20037   0.00092   0.00458   0.09034   0.22893   0.31524   0.18699   0.11434   0.16228   0.07721   0.10775   0.00000   0.02477   0.06166   0.03892   0.04353   0.02107   0.05118   0.00972   0.09214   0.05931   0.09735   0.02996   0.01359   0.03820   0.08050   0.08102   2.91179   0.71920   0.97407   3.63843  
 72 56.3669  13882.149594  x:  0.00779   0.02560   0.08965   0.23830   0.00606   0.10802   0.17242   0.00015   0.34909   0.07528   0.00756   0.32502   0.00621   0.10534   0.07828   0.06375   0.24113   0.15525   0.08651   0.16296   0.00646   0.06331   0.03034   0.04701   0.04494   0.18844   0.25625   0.00000   0.19962   0.00091   0.00456   0.09048   0.22882   0.31492   0.18693   0.11441   0.16227   0.07629   0.10759   0.00000   0.02476   0.06066   0.03853   0.04261   0.02114   0.05139   0.00971   0.09221   0.05906   0.09685   0.02984   0.01366   0.03778   0.08043   0.08124   2.92462   0.71853   0.96892   3.62425  
 73 69.4555  13882.132873  x:  0.00778   0.02557   0.08957   0.23821   0.00609   0.10761   0.17227   0.00014   0.34989   0.07510   0.00756   0.32475   0.00616   0.10556   0.07843   0.06392   0.24132   0.15477   0.08635   0.16423   0.00640   0.06285   0.03034   0.04717   0.04512   0.18835   0.25639   0.00000   0.19854   0.00092   0.00456   0.09052   0.22869   0.31418   0.18650   0.11416   0.16186   0.07641   0.10787   0.00000   0.02469   0.06066   0.03903   0.04346   0.02108   0.05184   0.00971   0.09187   0.05867   0.09654   0.02986   0.01367   0.03793   0.08062   0.08122   2.93336   0.71877   0.96509   3.61383  
 74 49.1697  13882.123594  x:  0.00776   0.02549   0.08933   0.23777   0.00612   0.10715   0.17220   0.00012   0.35104   0.07507   0.00756   0.32469   0.00620   0.10551   0.07806   0.06397   0.24133   0.15465   0.08664   0.16478   0.00634   0.06284   0.03034   0.04701   0.04497   0.18826   0.25611   0.00000   0.19808   0.00092   0.00457   0.09039   0.22860   0.31351   0.18614   0.11399   0.16150   0.07698   0.10805   0.00000   0.02469   0.06101   0.03873   0.04299   0.02111   0.05131   0.00969   0.09181   0.05911   0.09676   0.02985   0.01368   0.03785   0.08060   0.08096   2.93777   0.71934   0.96290   3.60762  
 75 29.4486  13882.115676  x:  0.00776   0.02552   0.08926   0.23697   0.00614   0.10704   0.17227   0.00010   0.35271   0.07508   0.00753   0.32475   0.00621   0.10517   0.07776   0.06382   0.24105   0.15480   0.08695   0.16409   0.00633   0.06320   0.03025   0.04708   0.04519   0.18809   0.25532   0.00000   0.19840   0.00093   0.00457   0.09020   0.22848   0.31278   0.18594   0.11409   0.16137   0.07652   0.10774   0.00000   0.02464   0.06084   0.03877   0.04301   0.02110   0.05148   0.00969   0.09200   0.05872   0.09693   0.02983   0.01368   0.03786   0.08028   0.08093   2.94054   0.72025   0.96102   3.60144  
 76 14.0253  13882.111170  x:  0.00776   0.02551   0.08937   0.23663   0.00613   0.10718   0.17233   0.00010   0.35348   0.07496   0.00750   0.32477   0.00618   0.10509   0.07799   0.06381   0.24077   0.15478   0.08670   0.16353   0.00638   0.06275   0.03033   0.04690   0.04469   0.18800   0.25489   0.00000   0.19869   0.00093   0.00456   0.09027   0.22838   0.31248   0.18594   0.11415   0.16143   0.07649   0.10762   0.00000   0.02466   0.06074   0.03880   0.04317   0.02108   0.05147   0.00968   0.09189   0.05893   0.09669   0.02982   0.01368   0.03775   0.08035   0.08099   2.94149   0.72066   0.96002   3.59741  
 77 14.7339  13882.104912  x:  0.00777   0.02546   0.08948   0.23649   0.00613   0.10739   0.17234   0.00011   0.35396   0.07481   0.00746   0.32471   0.00612   0.10519   0.07830   0.06388   0.24038   0.15462   0.08614   0.16309   0.00644   0.06253   0.03029   0.04713   0.04534   0.18794   0.25455   0.00000   0.19891   0.00094   0.00456   0.09043   0.22821   0.31233   0.18601   0.11412   0.16156   0.07677   0.10768   0.00000   0.02466   0.06075   0.03868   0.04292   0.02110   0.05128   0.00969   0.09161   0.05903   0.09633   0.02981   0.01365   0.03787   0.08059   0.08101   2.94195   0.72096   0.95875   3.59107  
 78 16.0995  13882.062050  x:  0.00775   0.02539   0.08935   0.23679   0.00614   0.10779   0.17214   0.00011   0.35462   0.07478   0.00739   0.32410   0.00607   0.10604   0.07809   0.06412   0.23848   0.15398   0.08463   0.16271   0.00651   0.06447   0.03016   0.04687   0.04452   0.18790   0.25381   0.00000   0.19900   0.00100   0.00458   0.09061   0.22735   0.31232   0.18652   0.11356   0.16205   0.07743   0.10843   0.00000   0.02471   0.06158   0.03879   0.04292   0.02100   0.05129   0.00972   0.09109   0.05799   0.09604   0.02981   0.01353   0.03782   0.08099   0.08053   2.94225   0.72176   0.95057   3.54532  
 79 34.6302  13881.747742  x:  0.00772   0.02575   0.08786   0.23920   0.00640   0.10730   0.17080   0.00008   0.35558   0.07535   0.00702   0.32010   0.00587   0.10872   0.07518   0.06417   0.22977   0.15299   0.08486   0.16337   0.00650   0.06268   0.03038   0.04732   0.04489   0.18823   0.25149   0.00000   0.19764   0.00147   0.00491   0.08969   0.22369   0.31311   0.18881   0.11132   0.16352   0.07543   0.10940   0.00000   0.02493   0.06038   0.03849   0.04300   0.02073   0.05293   0.00972   0.09239   0.06053   0.09794   0.02974   0.01262   0.03830   0.08002   0.08010   2.94143   0.72695   0.89261   3.21566  
 80 245.5084  13881.336073  x:  0.00779   0.02578   0.08877   0.23987   0.00672   0.10549   0.17066   0.00015   0.35470   0.07433   0.00624   0.31672   0.00507   0.10717   0.07767   0.06425   0.22693   0.15430   0.08891   0.16377   0.00623   0.06125   0.03064   0.04747   0.04422   0.18907   0.25079   0.00000   0.19576   0.00205   0.00521   0.08994   0.22376   0.31361   0.18915   0.11207   0.16323   0.07609   0.10649   0.00000   0.02539   0.06053   0.03823   0.04273   0.02055   0.04924   0.00998   0.09162   0.05650   0.09786   0.02964   0.01149   0.03835   0.08038   0.08197   2.93936   0.73540   0.81788   2.79019  
 81 878.1537  13881.012128  x:  0.00781   0.02580   0.09031   0.23823   0.00693   0.10450   0.17182   0.00019   0.35280   0.07430   0.00572   0.31566   0.00461   0.10449   0.07869   0.06449   0.23052   0.15512   0.08864   0.16287   0.00620   0.06404   0.03041   0.04778   0.04419   0.18985   0.25131   0.00000   0.19461   0.00249   0.00535   0.09069   0.22694   0.31310   0.18771   0.11363   0.16222   0.07690   0.10561   0.00000   0.02558   0.06131   0.03810   0.04249   0.02018   0.05289   0.00993   0.09042   0.05983   0.09691   0.02959   0.01069   0.03858   0.08151   0.08186   2.93720   0.74400   0.75779   2.44766  
 82 1105.3370  13880.868767  x:  0.00771   0.02585   0.09038   0.23655   0.00689   0.10483   0.17271   0.00015   0.35158   0.07533   0.00565   0.31635   0.00476   0.10501   0.07637   0.06424   0.23479   0.15472   0.08530   0.16171   0.00649   0.06258   0.03055   0.04778   0.04408   0.19037   0.25177   0.00000   0.19452   0.00265   0.00536   0.09063   0.22951   0.31216   0.18688   0.11350   0.16246   0.07582   0.10788   0.00000   0.02563   0.06079   0.03802   0.04258   0.02018   0.05154   0.00997   0.09131   0.05863   0.09791   0.02957   0.01048   0.03872   0.08158   0.08089   2.93584   0.74828   0.73141   2.29499  
 83 511.9007  13880.804372  x:  0.00762   0.02579   0.08933   0.23608   0.00682   0.10501   0.17211   0.00025   0.35118   0.07403   0.00578   0.31734   0.00459   0.10842   0.07745   0.06310   0.23666   0.15463   0.08568   0.16123   0.00655   0.06290   0.03048   0.04769   0.04416   0.19082   0.25139   0.00000   0.19449   0.00267   0.00532   0.09008   0.22981   0.31110   0.18797   0.11192   0.16429   0.07648   0.10758   0.00000   0.02543   0.06081   0.03813   0.04257   0.02024   0.05181   0.00993   0.09167   0.05879   0.09889   0.02959   0.01062   0.03841   0.08087   0.08232   2.93456   0.75077   0.72010   2.22535  
 84 108.8727  13880.706817  x:  0.00745   0.02569   0.08984   0.23703   0.00661   0.10502   0.17144   0.00006   0.35126   0.07613   0.00618   0.31812   0.00495   0.10936   0.07702   0.06474   0.23623   0.15486   0.08764   0.16168   0.00639   0.06286   0.03038   0.04742   0.04443   0.19175   0.25044   0.00000   0.19441   0.00260   0.00514   0.09103   0.22876   0.31027   0.19060   0.11195   0.16625   0.07617   0.10669   0.00000   0.02519   0.06082   0.03831   0.04273   0.02050   0.05167   0.00981   0.09111   0.05887   0.09734   0.02963   0.01116   0.03819   0.08182   0.08070   2.93196   0.75432   0.70420   2.12014  
 85 124.1579  13880.629426  x:  0.00725   0.02555   0.09037   0.23841   0.00639   0.10470   0.17178   0.00012   0.35181   0.07507   0.00649   0.31747   0.00517   0.10656   0.07769   0.06441   0.23340   0.15485   0.08664   0.16243   0.00645   0.06295   0.03028   0.04715   0.04468   0.19184   0.25037   0.00000   0.19447   0.00253   0.00503   0.09068   0.22826   0.31108   0.19102   0.11305   0.16528   0.07664   0.10807   0.00000   0.02480   0.06075   0.03854   0.04284   0.02070   0.05173   0.00970   0.09231   0.05889   0.09832   0.02969   0.01166   0.03774   0.08139   0.08166   2.92963   0.75663   0.69199   2.03733  
 86 164.0471  13880.617327  x:  0.00722   0.02557   0.08985   0.23849   0.00628   0.10500   0.17255   0.00007   0.35214   0.07557   0.00652   0.31650   0.00520   0.10713   0.07790   0.06432   0.23245   0.15517   0.08658   0.16217   0.00646   0.06293   0.03026   0.04709   0.04472   0.19183   0.25091   0.00000   0.19459   0.00251   0.00500   0.09067   0.22896   0.31216   0.18963   0.11245   0.16437   0.07655   0.10765   0.00000   0.02473   0.06073   0.03856   0.04285   0.02075   0.05169   0.00968   0.09178   0.05891   0.09835   0.02969   0.01175   0.03769   0.08116   0.08155   2.92925   0.75713   0.69015   2.02465  
 87 30.7896  13880.615226  x:  0.00721   0.02554   0.09016   0.23841   0.00627   0.10491   0.17259   0.00010   0.35227   0.07525   0.00654   0.31601   0.00521   0.10751   0.07768   0.06444   0.23231   0.15522   0.08675   0.16204   0.00646   0.06294   0.03025   0.04708   0.04472   0.19188   0.25111   0.00000   0.19458   0.00250   0.00498   0.09072   0.22921   0.31272   0.18933   0.11254   0.16450   0.07659   0.10772   0.00000   0.02473   0.06073   0.03857   0.04285   0.02075   0.05171   0.00967   0.09213   0.05889   0.09817   0.02969   0.01177   0.03767   0.08138   0.08152   2.92918   0.75745   0.68981   2.02278  
 88  6.2297  13880.613937  x:  0.00721   0.02554   0.09017   0.23823   0.00627   0.10477   0.17246   0.00008   0.35243   0.07543   0.00655   0.31551   0.00521   0.10752   0.07779   0.06442   0.23243   0.15508   0.08673   0.16205   0.00647   0.06294   0.03025   0.04708   0.04472   0.19194   0.25119   0.00000   0.19454   0.00250   0.00498   0.09066   0.22931   0.31326   0.18948   0.11280   0.16485   0.07658   0.10783   0.00000   0.02471   0.06073   0.03857   0.04285   0.02076   0.05170   0.00967   0.09191   0.05891   0.09831   0.02969   0.01178   0.03766   0.08121   0.08155   2.92913   0.75774   0.68968   2.02230  
 89  1.5871  13880.610895  x:  0.00720   0.02555   0.08959   0.23799   0.00625   0.10499   0.17223   0.00009   0.35263   0.07531   0.00657   0.31487   0.00524   0.10702   0.07774   0.06436   0.23292   0.15492   0.08659   0.16216   0.00647   0.06292   0.03024   0.04706   0.04472   0.19196   0.25112   0.00000   0.19451   0.00250   0.00496   0.09073   0.22922   0.31393   0.18985   0.11238   0.16496   0.07658   0.10752   0.00000   0.02471   0.06071   0.03857   0.04285   0.02076   0.05169   0.00967   0.09216   0.05888   0.09814   0.02969   0.01179   0.03764   0.08140   0.08145   2.92897   0.75790   0.68960   2.02234  
 90  1.1493  13880.589430  x:  0.00716   0.02550   0.09122   0.23793   0.00618   0.10578   0.17207   0.00007   0.35285   0.07534   0.00666   0.31402   0.00532   0.10670   0.07752   0.06425   0.23457   0.15539   0.08689   0.16215   0.00644   0.06294   0.03023   0.04702   0.04476   0.19145   0.25041   0.00000   0.19466   0.00250   0.00500   0.09046   0.22819   0.31488   0.19043   0.11071   0.16376   0.07658   0.10816   0.00000   0.02465   0.06072   0.03860   0.04287   0.02080   0.05164   0.00965   0.09163   0.05892   0.09797   0.02970   0.01186   0.03759   0.08082   0.08174   2.92775   0.75806   0.68957   2.02518  
 91  1.6749  13880.447365  x:  0.00696   0.02549   0.09078   0.23826   0.00613   0.10496   0.17252   0.00000   0.35259   0.07599   0.00691   0.31459   0.00536   0.10883   0.07906   0.06366   0.23820   0.15618   0.08613   0.16203   0.00650   0.06297   0.03016   0.04681   0.04501   0.18918   0.24912   0.00000   0.19567   0.00254   0.00490   0.09134   0.22585   0.31572   0.19063   0.11338   0.15955   0.07660   0.10808   0.00000   0.02439   0.06068   0.03880   0.04301   0.02101   0.05168   0.00956   0.09298   0.05893   0.09883   0.02976   0.01222   0.03742   0.08175   0.08045   2.92050   0.75898   0.68954   2.04379  
 92 10.1441  13880.167934  x:  0.00645   0.02529   0.08832   0.23822   0.00557   0.10628   0.17349   0.00000   0.35132   0.07446   0.00769   0.31977   0.00613   0.10725   0.07620   0.06527   0.24059   0.15513   0.08564   0.16316   0.00652   0.06301   0.03000   0.04622   0.04550   0.18810   0.25126   0.00000   0.19780   0.00258   0.00464   0.08971   0.22714   0.31412   0.18676   0.11585   0.16093   0.07726   0.10757   0.00000   0.02372   0.06061   0.03924   0.04325   0.02150   0.05136   0.00938   0.09141   0.05909   0.09534   0.02988   0.01314   0.03659   0.07910   0.08267   2.90453   0.76111   0.68939   2.08524  
 93 49.7968  13880.067551  x:  0.00630   0.02520   0.08930   0.23757   0.00526   0.10765   0.17314   0.00000   0.35086   0.07523   0.00779   0.32225   0.00614   0.10529   0.07842   0.06396   0.23983   0.15445   0.08651   0.16372   0.00652   0.06303   0.02995   0.04610   0.04567   0.18858   0.25363   0.00000   0.19848   0.00261   0.00453   0.09006   0.22908   0.31280   0.18509   0.11382   0.16318   0.07718   0.10854   0.00000   0.02355   0.06062   0.03936   0.04335   0.02163   0.05140   0.00931   0.09237   0.05909   0.09652   0.02992   0.01339   0.03665   0.07985   0.08063   2.89885   0.76277   0.68919   2.10026  
 94 52.6859  13880.061737  x:  0.00629   0.02520   0.08943   0.23692   0.00522   0.10768   0.17260   0.00000   0.35085   0.07553   0.00782   0.32253   0.00619   0.10536   0.07823   0.06392   0.23932   0.15456   0.08642   0.16356   0.00654   0.06306   0.02994   0.04610   0.04569   0.18913   0.25460   0.00000   0.19842   0.00261   0.00450   0.09050   0.22959   0.31262   0.18599   0.11364   0.16243   0.07725   0.10853   0.00000   0.02354   0.06062   0.03938   0.04335   0.02165   0.05142   0.00931   0.09243   0.05909   0.09659   0.02993   0.01341   0.03654   0.07999   0.08117   2.89853   0.76306   0.68914   2.10110  
 95  5.7567  13880.061013  x:  0.00629   0.02520   0.08945   0.23673   0.00521   0.10769   0.17251   0.00000   0.35085   0.07535   0.00782   0.32258   0.00618   0.10541   0.07828   0.06394   0.23923   0.15461   0.08639   0.16353   0.00654   0.06304   0.02994   0.04609   0.04568   0.18925   0.25484   0.00000   0.19841   0.00261   0.00451   0.09029   0.22966   0.31260   0.18623   0.11366   0.16225   0.07721   0.10851   0.00000   0.02354   0.06061   0.03938   0.04335   0.02164   0.05140   0.00931   0.09237   0.05909   0.09651   0.02993   0.01341   0.03659   0.07986   0.08090   2.89849   0.76305   0.68913   2.10117  
 96  2.6738  13880.060894  x:  0.00629   0.02519   0.08945   0.23656   0.00520   0.10768   0.17261   0.00000   0.35083   0.07539   0.00782   0.32258   0.00618   0.10541   0.07828   0.06392   0.23922   0.15464   0.08639   0.16356   0.00654   0.06305   0.02994   0.04609   0.04568   0.18919   0.25495   0.00000   0.19841   0.00261   0.00452   0.09019   0.22954   0.31259   0.18624   0.11367   0.16229   0.07722   0.10851   0.00000   0.02354   0.06062   0.03938   0.04335   0.02164   0.05140   0.00931   0.09239   0.05909   0.09648   0.02993   0.01341   0.03658   0.07993   0.08093   2.89847   0.76302   0.68913   2.10106  
 97  0.3395  13880.060657  x:  0.00629   0.02520   0.08946   0.23637   0.00520   0.10768   0.17272   0.00000   0.35082   0.07532   0.00782   0.32258   0.00617   0.10541   0.07828   0.06397   0.23922   0.15466   0.08640   0.16359   0.00653   0.06305   0.02994   0.04609   0.04569   0.18913   0.25507   0.00000   0.19843   0.00261   0.00451   0.09038   0.22937   0.31258   0.18623   0.11367   0.16234   0.07721   0.10851   0.00000   0.02354   0.06062   0.03938   0.04335   0.02165   0.05140   0.00931   0.09237   0.05910   0.09653   0.02993   0.01341   0.03659   0.07983   0.08090   2.89842   0.76299   0.68911   2.10073  
 98  0.5843  13880.039852  x:  0.00632   0.02523   0.08957   0.23576   0.00524   0.10836   0.17083   0.00000   0.35114   0.07554   0.00787   0.32340   0.00619   0.10555   0.07861   0.06491   0.24012   0.15324   0.08693   0.16349   0.00656   0.06307   0.02999   0.04618   0.04567   0.18919   0.25562   0.00000   0.19932   0.00257   0.00450   0.09013   0.22831   0.31295   0.18490   0.11422   0.16162   0.07723   0.10837   0.00000   0.02364   0.06066   0.03937   0.04335   0.02163   0.05142   0.00935   0.09254   0.05907   0.09696   0.02994   0.01326   0.03668   0.08004   0.08104   2.89447   0.76542   0.68616   2.06764  
 99  0.9984  13880.001877  x:  0.00636   0.02523   0.08950   0.23643   0.00539   0.10805   0.17065   0.00000   0.35171   0.07559   0.00790   0.32482   0.00628   0.10570   0.07829   0.06258   0.24115   0.15395   0.08715   0.16401   0.00660   0.06302   0.03004   0.04626   0.04563   0.18847   0.25606   0.00000   0.19976   0.00253   0.00442   0.09074   0.22811   0.31365   0.18512   0.11476   0.16139   0.07720   0.10855   0.00000   0.02382   0.06071   0.03934   0.04334   0.02159   0.05130   0.00943   0.09231   0.05902   0.09574   0.02994   0.01301   0.03691   0.07992   0.08073   2.88735   0.77138   0.68045   2.00751  
100 67.5755  13879.979483  x:  0.00639   0.02526   0.08937   0.23738   0.00545   0.10818   0.17237   0.00000   0.35197   0.07545   0.00782   0.32558   0.00625   0.10572   0.07867   0.06404   0.24167   0.15524   0.08682   0.16438   0.00655   0.06301   0.03010   0.04631   0.04562   0.18826   0.25606   0.00000   0.19946   0.00250   0.00438   0.09051   0.22852   0.31399   0.18631   0.11457   0.16149   0.07722   0.10837   0.00000   0.02392   0.06072   0.03933   0.04332   0.02157   0.05132   0.00948   0.09253   0.05899   0.09644   0.02995   0.01283   0.03700   0.08007   0.08086   2.88313   0.77590   0.67681   1.97158  
101 86.9613  13879.979240  x:  0.00640   0.02526   0.08938   0.23741   0.00545   0.10812   0.17259   0.00000   0.35196   0.07544   0.00781   0.32559   0.00625   0.10572   0.07866   0.06403   0.24168   0.15490   0.08693   0.16433   0.00656   0.06301   0.03010   0.04632   0.04562   0.18822   0.25607   0.00000   0.19951   0.00250   0.00438   0.09051   0.22858   0.31399   0.18643   0.11454   0.16141   0.07722   0.10838   0.00000   0.02392   0.06072   0.03933   0.04332   0.02157   0.05132   0.00948   0.09253   0.05899   0.09643   0.02995   0.01283   0.03700   0.08007   0.08086   2.88309   0.77595   0.67676   1.97117  
102  1.3787  13879.977765  x:  0.00639   0.02527   0.08935   0.23729   0.00545   0.10818   0.17230   0.00000   0.35201   0.07543   0.00781   0.32550   0.00624   0.10570   0.07863   0.06414   0.24136   0.15487   0.08695   0.16440   0.00655   0.06300   0.03011   0.04633   0.04561   0.18734   0.25600   0.00000   0.19950   0.00247   0.00439   0.09049   0.22886   0.31386   0.18650   0.11447   0.16140   0.07720   0.10836   0.00000   0.02392   0.06072   0.03932   0.04332   0.02156   0.05132   0.00949   0.09250   0.05899   0.09644   0.02995   0.01282   0.03702   0.08005   0.08085   2.88396   0.77637   0.67345   1.95870  
103  0.0487  13879.975174  x:  0.00638   0.02529   0.08929   0.23733   0.00544   0.10814   0.17244   0.00000   0.35209   0.07537   0.00778   0.32535   0.00623   0.10563   0.07856   0.06396   0.24101   0.15475   0.08690   0.16432   0.00658   0.06298   0.03012   0.04637   0.04558   0.18807   0.25589   0.00000   0.19945   0.00243   0.00442   0.09045   0.22831   0.31369   0.18628   0.11442   0.16131   0.07716   0.10834   0.00000   0.02393   0.06072   0.03931   0.04331   0.02154   0.05131   0.00949   0.09244   0.05898   0.09643   0.02994   0.01281   0.03706   0.08003   0.08083   2.88551   0.77745   0.66755   1.93674  
104 16.3455  13879.974255  x:  0.00636   0.02530   0.08926   0.23724   0.00541   0.10816   0.17237   0.00000   0.35209   0.07534   0.00778   0.32520   0.00624   0.10555   0.07850   0.06391   0.24062   0.15466   0.08685   0.16427   0.00659   0.06298   0.03012   0.04637   0.04558   0.18806   0.25580   0.00000   0.19940   0.00237   0.00445   0.09042   0.22830   0.31346   0.18615   0.11433   0.16131   0.07714   0.10835   0.00000   0.02390   0.06072   0.03930   0.04332   0.02154   0.05133   0.00947   0.09242   0.05900   0.09644   0.02994   0.01285   0.03706   0.08001   0.08083   2.88683   0.77828   0.66894   1.93663  
105  0.0029  13879.974224  x:  0.00637   0.02529   0.08928   0.23722   0.00542   0.10816   0.17238   0.00000   0.35205   0.07536   0.00778   0.32518   0.00624   0.10556   0.07851   0.06392   0.24067   0.15468   0.08686   0.16427   0.00659   0.06298   0.03011   0.04637   0.04559   0.18808   0.25582   0.00000   0.19941   0.00235   0.00446   0.09043   0.22835   0.31346   0.18616   0.11434   0.16133   0.07715   0.10835   0.00000   0.02391   0.06073   0.03931   0.04332   0.02154   0.05133   0.00947   0.09242   0.05900   0.09644   0.02995   0.01286   0.03705   0.08001   0.08084   2.88660   0.77831   0.66874   1.93545  
106  0.0010  13879.974223  x:  0.00637   0.02529   0.08928   0.23723   0.00542   0.10816   0.17238   0.00000   0.35205   0.07535   0.00778   0.32519   0.00623   0.10556   0.07851   0.06392   0.24068   0.15468   0.08686   0.16427   0.00659   0.06298   0.03012   0.04637   0.04558   0.18808   0.25582   0.00000   0.19941   0.00235   0.00446   0.09043   0.22834   0.31347   0.18616   0.11434   0.16133   0.07715   0.10835   0.00000   0.02391   0.06073   0.03930   0.04332   0.02154   0.05133   0.00947   0.09242   0.05900   0.09644   0.02995   0.01287   0.03705   0.08001   0.08084   2.88660   0.77828   0.66880   1.93594  
107  0.0004  13879.974223  x:  0.00637   0.02529   0.08928   0.23723   0.00542   0.10816   0.17238   0.00000   0.35205   0.07535   0.00778   0.32519   0.00623   0.10556   0.07851   0.06392   0.24068   0.15468   0.08686   0.16427   0.00659   0.06298   0.03012   0.04637   0.04558   0.18808   0.25582   0.00000   0.19941   0.00235   0.00446   0.09043   0.22834   0.31347   0.18616   0.11434   0.16133   0.07715   0.10835   0.00000   0.02391   0.06073   0.03930   0.04332   0.02154   0.05133   0.00947   0.09242   0.05900   0.09644   0.02995   0.01287   0.03705   0.08001   0.08084   2.88660   0.77828   0.66880   1.93592  
108  0.0000  13879.974223  x:  0.00637   0.02529   0.08928   0.23723   0.00542   0.10816   0.17238   0.00000   0.35205   0.07535   0.00778   0.32519   0.00623   0.10556   0.07851   0.06392   0.24068   0.15468   0.08686   0.16427   0.00659   0.06298   0.03012   0.04637   0.04558   0.18808   0.25582   0.00000   0.19941   0.00235   0.00446   0.09043   0.22834   0.31347   0.18616   0.11434   0.16133   0.07715   0.10835   0.00000   0.02391   0.06073   0.03930   0.04332   0.02154   0.05133   0.00947   0.09242   0.05900   0.09644   0.02995   0.01287   0.03705   0.08001   0.08084   2.88660   0.77828   0.66880   1.93593  
109  0.0000  13879.974223  x:  0.00637   0.02529   0.08928   0.23723   0.00542   0.10816   0.17238   0.00000   0.35205   0.07535   0.00778   0.32519   0.00623   0.10556   0.07851   0.06392   0.24068   0.15468   0.08686   0.16427   0.00659   0.06298   0.03012   0.04637   0.04558   0.18808   0.25582   0.00000   0.19941   0.00235   0.00446   0.09043   0.22834   0.31347   0.18616   0.11434   0.16133   0.07715   0.10835   0.00000   0.02391   0.06073   0.03930   0.04332   0.02154   0.05133   0.00947   0.09242   0.05900   0.09644   0.02995   0.01287   0.03705   0.08001   0.08084   2.88660   0.77828   0.66880   1.93592  
110  0.0000  13879.974223  x:  0.00637   0.02529   0.08928   0.23723   0.00542   0.10816   0.17238   0.00000   0.35205   0.07535   0.00778   0.32519   0.00623   0.10556   0.07851   0.06392   0.24068   0.15468   0.08686   0.16427   0.00659   0.06298   0.03012   0.04637   0.04558   0.18808   0.25582   0.00000   0.19941   0.00235   0.00446   0.09043   0.22834   0.31347   0.18616   0.11434   0.16133   0.07715   0.10835   0.00000   0.02391   0.06073   0.03930   0.04332   0.02154   0.05133   0.00947   0.09242   0.05900   0.09644   0.02995   0.01287   0.03705   0.08001   0.08084   2.88660   0.77828   0.66880   1.93592  
111  0.0000  13879.974223  x:  0.00637   0.02529   0.08928   0.23723   0.00542   0.10816   0.17238   0.00000   0.35205   0.07535   0.00778   0.32519   0.00623   0.10556   0.07851   0.06392   0.24068   0.15468   0.08686   0.16427   0.00659   0.06298   0.03012   0.04637   0.04558   0.18808   0.25582   0.00000   0.19941   0.00235   0.00446   0.09043   0.22834   0.31347   0.18616   0.11434   0.16133   0.07715   0.10835   0.00000   0.02391   0.06073   0.03930   0.04332   0.02154   0.05133   0.00947   0.09242   0.05900   0.09644   0.02995   0.01287   0.03705   0.08001   0.08084   2.88660   0.77828   0.66880   1.93592  
112  0.0012  13879.974223  x:  0.00637   0.02529   0.08928   0.23723   0.00542   0.10816   0.17238   0.00000   0.35205   0.07535   0.00778   0.32519   0.00623   0.10556   0.07851   0.06392   0.24068   0.15468   0.08686   0.16427   0.00659   0.06298   0.03012   0.04637   0.04558   0.18808   0.25582   0.00000   0.19941   0.00235   0.00446   0.09043   0.22834   0.31347   0.18616   0.11434   0.16133   0.07715   0.10835   0.00000   0.02391   0.06073   0.03930   0.04332   0.02154   0.05133   0.00947   0.09242   0.05900   0.09644   0.02995   0.01287   0.03705   0.08001   0.08084   2.88660   0.77828   0.66880   1.93592  
113  0.0006  13879.974223  x:  0.00637   0.02529   0.08928   0.23723   0.00542   0.10816   0.17238   0.00000   0.35205   0.07535   0.00778   0.32519   0.00623   0.10556   0.07851   0.06392   0.24068   0.15468   0.08686   0.16427   0.00659   0.06298   0.03012   0.04637   0.04558   0.18808   0.25582   0.00000   0.19941   0.00235   0.00446   0.09043   0.22834   0.31347   0.18616   0.11434   0.16133   0.07715   0.10835   0.00000   0.02391   0.06073   0.03930   0.04332   0.02154   0.05133   0.00947   0.09242   0.05900   0.09644   0.02995   0.01287   0.03705   0.08001   0.08084   2.88660   0.77828   0.66880   1.93592  