Supplemental results for CODEML (seqf: hfm1_noMNM.fasta  treef: hfm1_tree.txt)


MLEs of dN/dS (w) for site classes (K=6)

p:   0.15511  0.15511  0.15511  0.15511  0.15511  0.22443
w:   0.00029  0.00991  0.05216  0.16478  0.44990  1.00000

Naive Empirical Bayes (NEB) probabilities for 6 classes & postmean_w
(amino acids refer to 1st sequence: Nothoprocta_perdicaria)

   1 M   0.33152 0.31048 0.23287 0.10850 0.01600 0.00063 ( 1)  0.041
   2 F   0.27128 0.26287 0.22896 0.15855 0.06282 0.01553 ( 1)  0.085
   3 S   0.00000 0.00000 0.00000 0.00052 0.05469 0.94479 ( 6)  0.969
   4 S   0.00113 0.03670 0.16471 0.34074 0.32078 0.13595 ( 4)  0.345
   5 E   0.00000 0.00000 0.00020 0.01253 0.21160 0.77567 ( 6)  0.873
   6 D   0.00119 0.03855 0.17189 0.34947 0.31523 0.12367 ( 4)  0.332
   7 L   0.00000 0.00000 0.00000 0.00009 0.03136 0.96855 ( 6)  0.983
   8 T   0.00000 0.00000 0.00000 0.00067 0.04899 0.95033 ( 6)  0.972
   9 F   0.30337 0.28931 0.23493 0.13512 0.03373 0.00354 ( 1)  0.056
  10 S   0.00102 0.03328 0.15107 0.32225 0.32853 0.16384 ( 5)  0.373
  11 L   0.24377 0.23863 0.21732 0.16950 0.09074 0.04004 ( 1)  0.123
  12 D   0.00000 0.00000 0.00070 0.03606 0.38035 0.58288 ( 6)  0.760
  13 N   0.00000 0.00354 0.07472 0.36243 0.44736 0.11195 ( 5)  0.377
  14 L   0.00000 0.00000 0.00000 0.00062 0.04857 0.95080 ( 6)  0.973
  15 F   0.30337 0.28931 0.23493 0.13512 0.03373 0.00354 ( 1)  0.056
  16 F   0.00000 0.00140 0.03225 0.19840 0.44142 0.32653 ( 5)  0.560
  17 E   0.32217 0.30365 0.23422 0.11766 0.02107 0.00122 ( 1)  0.045
  18 R   0.00211 0.06709 0.27160 0.42793 0.20568 0.02559 ( 4)  0.203
  19 P   0.28315 0.27292 0.23223 0.15113 0.05119 0.00937 ( 1)  0.072
  20 D   0.31907 0.30138 0.23464 0.12070 0.02280 0.00142 ( 1)  0.047
  21 E   0.00000 0.00000 0.00001 0.00155 0.08329 0.91516 ( 6)  0.953
  22 G   0.00000 0.00174 0.03943 0.23170 0.45837 0.26877 ( 5)  0.515
  23 Y   0.00000 0.00002 0.00300 0.05848 0.35725 0.58124 ( 6)  0.752
  24 Q   0.00000 0.00000 0.00004 0.00313 0.09003 0.90680 ( 6)  0.948
  25 E   0.32248 0.30388 0.23419 0.11737 0.02089 0.00119 ( 1)  0.045
  26 N   0.00219 0.06954 0.27914 0.43022 0.19639 0.02252 ( 4)  0.197
  27 E   0.00000 0.00000 0.00058 0.03046 0.34618 0.62278 ( 6)  0.784
  28 E   0.00000 0.00000 0.00001 0.00214 0.10219 0.89566 ( 6)  0.942
  29 P   0.00000 0.00000 0.00000 0.00025 0.03769 0.96206 ( 6)  0.979
  30 R   0.00000 0.00000 0.00001 0.00264 0.11615 0.88121 ( 6)  0.934
  31 M   0.00000 0.00000 0.00000 0.00088 0.08411 0.91501 ( 6)  0.953
  32 W   0.00061 0.02003 0.09573 0.23421 0.33556 0.31386 ( 5)  0.509
  33 F   0.00000 0.00000 0.00000 0.00040 0.05085 0.94875 ( 6)  0.972
  34 I   0.00155 0.04986 0.21374 0.39193 0.27450 0.06841 ( 4)  0.268
  35 A   0.29820 0.28522 0.23464 0.13961 0.03780 0.00454 ( 1)  0.060
  36 P   0.27011 0.26188 0.22862 0.15926 0.06398 0.01615 ( 1)  0.086
  37 A   0.28188 0.27186 0.23193 0.15200 0.05241 0.00992 ( 1)  0.073
  38 P   0.28567 0.27502 0.23278 0.14936 0.04882 0.00834 ( 1)  0.070
  39 A   0.00000 0.00113 0.02663 0.17170 0.42616 0.37438 ( 5)  0.596
  40 L   0.00023 0.00912 0.06974 0.27409 0.43547 0.21135 ( 5)  0.456
  41 T   0.00000 0.00000 0.00019 0.01203 0.20647 0.78130 ( 6)  0.876
  42 E   0.00218 0.06919 0.27818 0.43043 0.19757 0.02246 ( 4)  0.197
  43 I   0.30583 0.29121 0.23492 0.13288 0.03197 0.00319 ( 1)  0.055
  44 P   0.28496 0.27443 0.23263 0.14987 0.04949 0.00862 ( 1)  0.071
  45 S   0.00000 0.00000 0.00000 0.00024 0.03670 0.96306 ( 6)  0.980
  46 A   0.00000 0.00166 0.03789 0.22563 0.45880 0.27602 ( 5)  0.522
  47 E   0.00128 0.04163 0.18359 0.36274 0.30511 0.10564 ( 4)  0.313
  48 E   0.00127 0.04125 0.18221 0.36143 0.30658 0.10725 ( 4)  0.315
  49 L   0.26934 0.26114 0.22802 0.15916 0.06486 0.01748 ( 1)  0.087
  50 Q   0.24878 0.24315 0.21991 0.16832 0.08574 0.03409 ( 1)  0.114
  51 K   0.00000 0.00003 0.00336 0.06430 0.37458 0.55773 ( 6)  0.737
  52 E   0.32356 0.30468 0.23405 0.11632 0.02028 0.00111 ( 1)  0.045
  53 L   0.22584 0.22230 0.20738 0.17238 0.10811 0.06399 ( 1)  0.154
  54 E   0.31795 0.30050 0.23461 0.12172 0.02364 0.00159 ( 1)  0.048
  55 G   0.00150 0.04846 0.20890 0.38845 0.28035 0.07234 ( 4)  0.274
  56 D   0.00000 0.00000 0.00019 0.00857 0.15525 0.83599 ( 6)  0.907
  57 I   0.00000 0.00000 0.00001 0.00247 0.13937 0.85815 ( 6)  0.921
  58 Q   0.00000 0.00000 0.00027 0.01253 0.19945 0.78775 ( 6)  0.880
  59 H   0.00000 0.00002 0.00231 0.04703 0.31940 0.63125 ( 6)  0.783
  60 Q   0.00000 0.00001 0.00098 0.02280 0.21308 0.76313 ( 6)  0.863
  61 K   0.00140 0.04523 0.19694 0.37631 0.29203 0.08809 ( 4)  0.292
  62 S   0.00000 0.00004 0.00449 0.08195 0.42144 0.49208 ( 6)  0.695
  63 M   0.00000 0.00000 0.00158 0.06969 0.51066 0.41806 ( 5)  0.659
  64 Q   0.00000 0.00091 0.02177 0.14609 0.40135 0.42988 ( 6)  0.636
  65 Q   0.00000 0.00079 0.01912 0.13149 0.38444 0.46415 ( 6)  0.660
  66 C   0.00000 0.00000 0.00021 0.01276 0.21424 0.77279 ( 6)  0.871
  67 K   0.00000 0.00166 0.03787 0.22479 0.45600 0.27967 ( 5)  0.524
  68 R   0.00000 0.00000 0.00006 0.00905 0.24481 0.74609 ( 6)  0.858
  69 N   0.00000 0.00000 0.00000 0.00056 0.06240 0.93704 ( 6)  0.965
  70 T   0.00000 0.00004 0.00426 0.07832 0.41262 0.50477 ( 6)  0.704
  71 E   0.00128 0.04150 0.18316 0.36250 0.30576 0.10581 ( 4)  0.313
  72 E   0.00000 0.00009 0.01047 0.16047 0.53849 0.29047 ( 5)  0.560
  73 V   0.00000 0.00000 0.00043 0.02359 0.30261 0.67338 ( 6)  0.813
  74 N   0.00000 0.00010 0.01071 0.16286 0.53810 0.28822 ( 5)  0.558
  75 E   0.00000 0.00007 0.00803 0.13069 0.50753 0.35369 ( 5)  0.604
  76 K   0.00000 0.00011 0.01164 0.17261 0.54159 0.27405 ( 5)  0.547
  77 S   0.00000 0.00099 0.02336 0.15435 0.40870 0.41260 ( 6)  0.623
  78 Q   0.00000 0.00000 0.00012 0.00828 0.16503 0.82656 ( 6)  0.902
  79 E   0.00000 0.00000 0.00002 0.00297 0.12558 0.87143 ( 6)  0.928
  80 P   0.00000 0.00083 0.02004 0.13684 0.39212 0.45017 ( 6)  0.650
  81 V   0.00000 0.00000 0.00024 0.01428 0.22829 0.75719 ( 6)  0.862
  82 H   0.00000 0.00000 0.00000 0.00076 0.07706 0.92218 ( 6)  0.957
  83 C   0.00000 0.00199 0.04458 0.25434 0.46584 0.23325 ( 5)  0.487
  84 D   0.00000 0.00074 0.01797 0.12506 0.37651 0.47972 ( 6)  0.671
  85 I   0.00000 0.00012 0.01319 0.19031 0.55504 0.24133 ( 5)  0.523
  86 A   0.00000 0.00000 0.00005 0.00383 0.10233 0.89378 ( 6)  0.940
  87 S   0.00108 0.03532 0.15928 0.33371 0.32438 0.14622 ( 4)  0.356
  88 K   0.00000 0.00000 0.00000 0.00028 0.05800 0.94172 ( 6)  0.968
  89 R   0.00229 0.07247 0.28780 0.43179 0.18587 0.01978 ( 4)  0.190
  90 E   0.00210 0.06666 0.27031 0.42772 0.20730 0.02592 ( 4)  0.204
  91 V   0.00000 0.00000 0.00001 0.00174 0.08955 0.90870 ( 6)  0.949
  92 F   0.00000 0.00000 0.00000 0.00063 0.04700 0.95237 ( 6)  0.974
  93 Q   0.00000 0.00001 0.00125 0.02782 0.23833 0.73259 ( 6)  0.844
  94 L   0.26982 0.26155 0.22820 0.15894 0.06438 0.01711 ( 1)  0.087
  95 S   0.00000 0.00266 0.05805 0.30694 0.46621 0.16613 ( 5)  0.430
  96 L   0.00000 0.00000 0.00000 0.00030 0.04234 0.95736 ( 6)  0.976
  97 G   0.30127 0.28766 0.23482 0.13695 0.03537 0.00393 ( 1)  0.058
  98 G   0.00211 0.06704 0.27146 0.42801 0.20586 0.02552 ( 4)  0.203
  99 R   0.00195 0.06226 0.25612 0.42105 0.22476 0.03386 ( 4)  0.218
 100 N   0.00000 0.00000 0.00000 0.00000 0.00658 0.99342 ( 6)  0.996
 101 K   0.00000 0.00367 0.07684 0.36730 0.44198 0.11022 ( 5)  0.374
 102 T   0.00000 0.00119 0.02788 0.17686 0.42584 0.36822 ( 5)  0.590
 103 I   0.00000 0.00000 0.00002 0.00372 0.14291 0.85334 ( 6)  0.918
 104 F   0.00000 0.00002 0.00253 0.05067 0.33104 0.61574 ( 6)  0.773
 105 Q   0.00000 0.00000 0.00000 0.00000 0.00324 0.99676 ( 6)  0.998
 106 C   0.00000 0.00000 0.00000 0.00001 0.01198 0.98801 ( 6)  0.993
 107 M   0.00000 0.00007 0.00840 0.13527 0.51224 0.34402 ( 5)  0.597
 108 V   0.00000 0.00003 0.00304 0.05924 0.35988 0.57781 ( 6)  0.750
 109 S   0.00104 0.03395 0.15374 0.32586 0.32701 0.15840 ( 5)  0.368
 110 S   0.00000 0.00000 0.00000 0.00004 0.01602 0.98394 ( 6)  0.991
 111 F   0.00000 0.00192 0.04316 0.24805 0.46364 0.24322 ( 5)  0.495
 112 L   0.24661 0.24121 0.21885 0.16894 0.08793 0.03646 ( 1)  0.118
 113 S   0.00104 0.03404 0.15419 0.32689 0.32740 0.15643 ( 5)  0.366
 114 S   0.00000 0.00002 0.00216 0.04457 0.31088 0.64237 ( 6)  0.790
 115 Q   0.00000 0.00002 0.00294 0.05759 0.35497 0.58448 ( 6)  0.754
 116 D   0.00000 0.00000 0.00060 0.03136 0.35345 0.61459 ( 6)  0.779
 117 N   0.00000 0.00310 0.06628 0.33353 0.45508 0.14200 ( 5)  0.405
 118 H   0.00000 0.00002 0.00218 0.04450 0.30733 0.64598 ( 6)  0.792
 119 K   0.00229 0.07259 0.28810 0.43161 0.18553 0.01987 ( 4)  0.190
 120 K   0.00000 0.00000 0.00000 0.00000 0.00758 0.99242 ( 6)  0.996
 121 E   0.00000 0.00192 0.04315 0.24819 0.46438 0.24237 ( 5)  0.494
 122 M   0.00000 0.00000 0.00000 0.00025 0.05386 0.94589 ( 6)  0.970
 123 G   0.00000 0.00000 0.00000 0.00001 0.00851 0.99148 ( 6)  0.995
 124 A   0.00000 0.00000 0.00000 0.00009 0.02808 0.97183 ( 6)  0.984
 125 Y   0.00000 0.00000 0.00010 0.00721 0.15568 0.83700 ( 6)  0.908
 126 Q   0.00000 0.00001 0.00093 0.02170 0.20676 0.77061 ( 6)  0.867
 127 P   0.00000 0.00000 0.00012 0.00790 0.16027 0.83171 ( 6)  0.905
 128 P   0.00000 0.00000 0.00000 0.00002 0.00921 0.99077 ( 6)  0.995
 129 Q   0.00000 0.00001 0.00172 0.03659 0.27855 0.68314 ( 6)  0.815
 130 N   0.00000 0.00009 0.00958 0.14974 0.52757 0.31302 ( 5)  0.576
 131 K   0.00000 0.00390 0.08111 0.38029 0.43580 0.09890 ( 5)  0.362
 132 V   0.00000 0.00000 0.00000 0.00023 0.04972 0.95005 ( 6)  0.972
 133 L   0.00000 0.00080 0.01930 0.13198 0.38272 0.46519 ( 6)  0.660
 134 I   0.00000 0.00000 0.00000 0.00011 0.03297 0.96692 ( 6)  0.982
 135 D   0.00000 0.00000 0.00066 0.03407 0.36890 0.59636 ( 6)  0.768
 136 D   0.00213 0.06777 0.27399 0.42976 0.20273 0.02361 ( 4)  0.201
 137 D   0.00142 0.04619 0.20484 0.39916 0.28846 0.05994 ( 4)  0.267
 138 E   0.00129 0.04178 0.18418 0.36353 0.30472 0.10450 ( 4)  0.312
 139 S   0.32360 0.30474 0.23416 0.11632 0.02012 0.00106 ( 1)  0.045
 140 I   0.00000 0.00000 0.00000 0.00015 0.02709 0.97276 ( 6)  0.985
 141 H   0.00181 0.05786 0.24182 0.41403 0.24251 0.04197 ( 4)  0.232
 142 S   0.27926 0.26963 0.23115 0.15355 0.05502 0.01141 ( 1)  0.076
 143 S   0.00000 0.00000 0.00000 0.00000 0.00616 0.99384 ( 6)  0.997
 144 L   0.00000 0.00095 0.02250 0.14962 0.40354 0.42340 ( 6)  0.631
 145 R   0.32055 0.30241 0.23428 0.11918 0.02217 0.00141 ( 1)  0.046
 146 K   0.00000 0.00413 0.08537 0.39281 0.42893 0.08874 ( 5)  0.351
 147 R   0.00000 0.00000 0.00001 0.00254 0.11371 0.88373 ( 6)  0.935
 148 L   0.27346 0.26469 0.22944 0.15701 0.06073 0.01467 ( 1)  0.083
 149 F   0.30720 0.29231 0.23506 0.13174 0.03082 0.00286 ( 1)  0.054
 150 K   0.00000 0.00000 0.00116 0.05377 0.45284 0.49223 ( 6)  0.705
 151 I   0.00000 0.00000 0.00000 0.00000 0.00405 0.99595 ( 6)  0.998
 152 P   0.00000 0.00000 0.00000 0.00063 0.05195 0.94742 ( 6)  0.971
 153 -   0.00213 0.06760 0.27283 0.42707 0.20405 0.02631 ( 4)  0.203
 154 -   0.00000 0.00167 0.03842 0.23296 0.47134 0.25562 ( 5)  0.508
 155 -   0.00000 0.00214 0.04772 0.26660 0.46567 0.21786 ( 5)  0.474
 156 -   0.00000 0.00285 0.06163 0.31943 0.46300 0.15309 ( 5)  0.417
 157 F   0.00000 0.00219 0.04869 0.27127 0.46822 0.20963 ( 5)  0.468
 158 K   0.00000 0.00012 0.01333 0.19152 0.55457 0.24045 ( 5)  0.522
 159 D   0.00195 0.06218 0.25607 0.42179 0.22496 0.03305 ( 4)  0.218
 160 S   0.00000 0.00000 0.00000 0.00025 0.05390 0.94585 ( 6)  0.970
 161 S   0.00000 0.00099 0.02356 0.15566 0.41130 0.40849 ( 5)  0.620
 162 I   0.00000 0.00000 0.00000 0.00060 0.05302 0.94638 ( 6)  0.970
 163 D   0.00000 0.00351 0.07424 0.36275 0.45080 0.10870 ( 5)  0.375
 164 T   0.00000 0.00000 0.00016 0.01136 0.22006 0.76842 ( 6)  0.869
 165 K   0.00255 0.08017 0.31046 0.43569 0.15875 0.01239 ( 4)  0.173
 166 E   0.00000 0.00000 0.00078 0.03946 0.39851 0.56125 ( 6)  0.747
 167 I   0.00000 0.00000 0.00036 0.02039 0.27974 0.69950 ( 6)  0.829
 168 D   0.00000 0.00000 0.00000 0.00108 0.09515 0.90377 ( 6)  0.947
 169 T   0.00000 0.00000 0.00032 0.01876 0.26734 0.71358 ( 6)  0.837
 170 Y   0.00000 0.00000 0.00001 0.00116 0.06912 0.92971 ( 6)  0.961
 171 L   0.00000 0.00002 0.00093 0.01604 0.15587 0.82715 ( 6)  0.900
 172 K   0.00000 0.00013 0.01396 0.19920 0.56236 0.22436 ( 5)  0.511
 173 T   0.00000 0.00006 0.00731 0.12146 0.49529 0.37587 ( 5)  0.619
 174 N   0.00000 0.00000 0.00000 0.00036 0.06850 0.93115 ( 6)  0.962
 175 V   0.00000 0.00382 0.07993 0.37926 0.44076 0.09622 ( 5)  0.361
 176 N   0.00000 0.00186 0.04189 0.24293 0.46337 0.24994 ( 5)  0.501
 177 M   0.00000 0.00000 0.00013 0.01761 0.35584 0.62643 ( 6)  0.789
 178 R   0.00000 0.00000 0.00000 0.00205 0.14093 0.85702 ( 6)  0.921
 179 E   0.00203 0.06468 0.26400 0.42502 0.21510 0.02917 ( 4)  0.210
 180 M   0.00000 0.00000 0.00000 0.00004 0.01689 0.98308 ( 6)  0.991
 181 K   0.00000 0.00000 0.00000 0.00035 0.06706 0.93259 ( 6)  0.963
 182 E   0.00000 0.00430 0.08851 0.40197 0.42395 0.08127 ( 5)  0.343
 183 D   0.00000 0.00000 0.00000 0.00018 0.04669 0.95312 ( 6)  0.974
 184 D   0.00000 0.00000 0.00010 0.00688 0.14634 0.84667 ( 6)  0.914
 185 I   0.00000 0.00000 0.00000 0.00005 0.01934 0.98061 ( 6)  0.989
 186 L   0.00000 0.00000 0.00000 0.00009 0.01937 0.98054 ( 6)  0.989
 187 R   0.00000 0.00379 0.07938 0.37753 0.44155 0.09775 ( 5)  0.363
 188 K   0.00000 0.00000 0.00000 0.00000 0.00554 0.99446 ( 6)  0.997
 189 N   0.00000 0.00000 0.00002 0.00499 0.20377 0.79121 ( 6)  0.884
 190 H   0.00000 0.00262 0.05724 0.30467 0.46824 0.16724 ( 5)  0.431
 191 H   0.00000 0.00000 0.00003 0.00498 0.17271 0.82228 ( 6)  0.901
 192 I   0.00000 0.00000 0.00000 0.00032 0.04407 0.95561 ( 6)  0.975
 193 P   0.00000 0.00000 0.00019 0.01183 0.20516 0.78281 ( 6)  0.877
 194 V   0.00000 0.00000 0.00010 0.01465 0.31700 0.66825 ( 6)  0.813
 195 T   0.00000 0.00191 0.04296 0.24752 0.46458 0.24304 ( 5)  0.495
 196 K   0.00000 0.00000 0.00000 0.00006 0.03015 0.96979 ( 6)  0.983
 197 D   0.00000 0.00000 0.00017 0.01094 0.19547 0.79342 ( 6)  0.883
 198 S   0.00116 0.03771 0.16857 0.34515 0.31740 0.13000 ( 4)  0.339
 199 F   0.00175 0.05623 0.23618 0.40993 0.24914 0.04676 ( 4)  0.239
 200 T   0.00116 0.03773 0.16878 0.34607 0.31813 0.12813 ( 4)  0.337
 201 L   0.25339 0.24725 0.22199 0.16669 0.08103 0.02964 ( 1)  0.108
 202 C   0.00000 0.00266 0.05799 0.30760 0.46822 0.16353 ( 5)  0.428
 203 K   0.00000 0.00003 0.00401 0.07457 0.40327 0.51812 ( 6)  0.712
 204 I   0.00191 0.06089 0.25181 0.41946 0.23020 0.03573 ( 4)  0.222
 205 N   0.33237 0.31105 0.23259 0.10763 0.01573 0.00063 ( 1)  0.041
 206 D   0.00000 0.00000 0.00086 0.04253 0.41323 0.54338 ( 6)  0.736
 207 G   0.00000 0.00000 0.00011 0.00716 0.15119 0.84155 ( 6)  0.911
 208 D   0.00000 0.00000 0.00000 0.00036 0.04780 0.95184 ( 6)  0.973
 209 F   0.00000 0.00000 0.00000 0.00000 0.00755 0.99245 ( 6)  0.996
 210 G   0.00000 0.00002 0.00251 0.05054 0.33259 0.61434 ( 6)  0.772
 211 P   0.00000 0.00007 0.00351 0.05313 0.32537 0.61792 ( 6)  0.773
 212 K   0.00000 0.00000 0.00112 0.05256 0.44895 0.49737 ( 6)  0.708
 213 S   0.00000 0.00000 0.00000 0.00139 0.11090 0.88771 ( 6)  0.938
 214 R   0.00000 0.00004 0.00499 0.08929 0.43788 0.46779 ( 6)  0.680
 215 I   0.00000 0.00004 0.00483 0.08673 0.43034 0.47805 ( 6)  0.686
 216 N   0.00000 0.00000 0.00083 0.04109 0.40002 0.55805 ( 6)  0.745
 217 I   0.00000 0.00000 0.00080 0.03977 0.39327 0.56616 ( 6)  0.750
 218 K   0.00000 0.00275 0.05956 0.31016 0.46027 0.16726 ( 5)  0.429
 219 S   0.00000 0.00000 0.00014 0.00927 0.17616 0.81443 ( 6)  0.895
 220 F   0.00000 0.00008 0.00548 0.08819 0.42884 0.47742 ( 6)  0.685
 221 S   0.00000 0.00000 0.00015 0.00966 0.18141 0.80878 ( 6)  0.892
 222 D   0.00000 0.00000 0.00008 0.01216 0.29065 0.69711 ( 6)  0.830
 223 A   0.28656 0.27576 0.23296 0.14872 0.04799 0.00800 ( 1)  0.069
 224 S   0.00114 0.03702 0.16586 0.34176 0.31934 0.13488 ( 4)  0.344
 225 K   0.00000 0.00003 0.00312 0.06050 0.36331 0.57304 ( 6)  0.747
 226 I   0.00000 0.00221 0.04908 0.27212 0.46632 0.21026 ( 5)  0.467
 227 L   0.22822 0.22449 0.20881 0.17221 0.10590 0.06037 ( 1)  0.150
 228 N   0.00000 0.00009 0.01055 0.16194 0.54261 0.28481 ( 5)  0.556
 229 M   0.00000 0.00000 0.00001 0.00391 0.21075 0.78533 ( 6)  0.881
 230 K   0.00000 0.00302 0.06493 0.33149 0.46124 0.13932 ( 5)  0.405
 231 G   0.30757 0.29261 0.23510 0.13145 0.03051 0.00276 ( 1)  0.053
 232 T   0.00000 0.00195 0.04386 0.25145 0.46571 0.23702 ( 5)  0.490
 233 A   0.00000 0.00000 0.00000 0.00097 0.08975 0.90927 ( 6)  0.950
 234 E   0.00000 0.00006 0.00658 0.11149 0.47907 0.40280 ( 5)  0.637
 235 R   0.33197 0.31078 0.23272 0.10804 0.01587 0.00063 ( 1)  0.041
 236 N   0.00000 0.00011 0.01181 0.17495 0.54515 0.26799 ( 5)  0.543
 237 L   0.00074 0.02436 0.11436 0.26666 0.33917 0.25470 ( 5)  0.457
 238 E   0.00234 0.07390 0.29260 0.43458 0.17984 0.01675 ( 4)  0.185
 239 I   0.00000 0.00000 0.00004 0.00601 0.19228 0.80168 ( 6)  0.889
 240 W   0.00073 0.02409 0.11324 0.26483 0.33924 0.25787 ( 5)  0.460
 241 R   0.29875 0.28566 0.23466 0.13912 0.03737 0.00445 ( 1)  0.059
 242 A   0.00000 0.00116 0.02718 0.17462 0.42908 0.36796 ( 5)  0.591
 243 V   0.29993 0.28659 0.23473 0.13811 0.03644 0.00421 ( 1)  0.059
 244 T   0.32167 0.30331 0.23439 0.11820 0.02123 0.00120 ( 1)  0.046
 245 E   0.33112 0.31017 0.23288 0.10889 0.01627 0.00066 ( 1)  0.041
 246 I   0.33057 0.30970 0.23275 0.10938 0.01683 0.00077 ( 1)  0.042
 247 P   0.27242 0.26387 0.22937 0.15798 0.06165 0.01471 ( 1)  0.083
 248 T   0.00083 0.02733 0.12689 0.28725 0.33869 0.21900 ( 5)  0.426
 249 Q   0.28346 0.27317 0.23225 0.15085 0.05094 0.00933 ( 1)  0.072
 250 F   0.31143 0.29559 0.23508 0.12791 0.02776 0.00223 ( 1)  0.051
 251 R   0.32578 0.30631 0.23376 0.11415 0.01904 0.00096 ( 1)  0.044
 252 S   0.00216 0.06867 0.27681 0.43071 0.19924 0.02240 ( 4)  0.198
 253 I   0.31017 0.29459 0.23499 0.12899 0.02878 0.00248 ( 1)  0.052
 254 F   0.31143 0.29559 0.23508 0.12791 0.02776 0.00223 ( 1)  0.051
 255 K   0.00153 0.04933 0.21188 0.39040 0.27659 0.07027 ( 4)  0.271
 256 E   0.29291 0.28094 0.23396 0.14384 0.04235 0.00600 ( 1)  0.064
 257 F   0.29636 0.28372 0.23435 0.14103 0.03943 0.00511 ( 1)  0.061
 258 P   0.28120 0.27130 0.23180 0.15248 0.05304 0.01018 ( 1)  0.074
 259 Y   0.29844 0.28536 0.23446 0.13922 0.03780 0.00472 ( 1)  0.060
 260 F   0.31033 0.29474 0.23507 0.12891 0.02856 0.00239 ( 1)  0.052
 261 N   0.30311 0.28910 0.23490 0.13534 0.03395 0.00360 ( 1)  0.056
 262 Y   0.30198 0.28819 0.23474 0.13623 0.03494 0.00392 ( 1)  0.057
 263 V   0.00000 0.00004 0.00462 0.08388 0.42628 0.48518 ( 6)  0.691
 264 Q   0.25412 0.24790 0.22236 0.16650 0.08030 0.02883 ( 1)  0.107
 265 S   0.28949 0.27816 0.23345 0.14650 0.04536 0.00704 ( 1)  0.067
 266 K   0.33731 0.31448 0.23135 0.10270 0.01368 0.00048 ( 1)  0.039
 267 A   0.28712 0.27622 0.23306 0.14831 0.04748 0.00780 ( 1)  0.069
 268 L   0.25728 0.25068 0.22367 0.16519 0.07706 0.02611 ( 1)  0.102
 269 D   0.32620 0.30665 0.23380 0.11377 0.01869 0.00089 ( 1)  0.043
 270 D   0.32682 0.30709 0.23371 0.11317 0.01836 0.00085 ( 1)  0.043
 271 L   0.29088 0.27930 0.23369 0.14545 0.04410 0.00657 ( 1)  0.065
 272 L   0.27817 0.26772 0.22697 0.14958 0.05916 0.01840 ( 1)  0.084
 273 Y   0.29985 0.28650 0.23462 0.13808 0.03661 0.00434 ( 1)  0.059
 274 T   0.32105 0.30285 0.23446 0.11880 0.02160 0.00125 ( 1)  0.046
 275 D   0.32512 0.30585 0.23393 0.11483 0.01931 0.00097 ( 1)  0.044
 276 R   0.00170 0.05452 0.23015 0.40504 0.25598 0.05261 ( 4)  0.247
 277 N   0.32737 0.30745 0.23347 0.11257 0.01826 0.00089 ( 1)  0.043
 278 F   0.31143 0.29559 0.23508 0.12791 0.02776 0.00223 ( 1)  0.051
 279 V   0.27518 0.26621 0.23013 0.15624 0.05894 0.01329 ( 1)  0.080
 280 I   0.31023 0.29463 0.23497 0.12893 0.02875 0.00249 ( 1)  0.052
 281 C   0.30550 0.29099 0.23506 0.13330 0.03205 0.00310 ( 1)  0.055
 282 A   0.28656 0.27576 0.23296 0.14872 0.04799 0.00800 ( 1)  0.069
 283 P   0.27835 0.26890 0.23104 0.15431 0.05581 0.01159 ( 1)  0.077
 284 T   0.30376 0.28963 0.23499 0.13483 0.03339 0.00341 ( 1)  0.056
 285 G   0.25770 0.25107 0.22394 0.16517 0.07664 0.02548 ( 1)  0.101
 286 S   0.29042 0.27893 0.23361 0.14580 0.04451 0.00672 ( 1)  0.066
 287 G   0.30774 0.29274 0.23511 0.13130 0.03038 0.00273 ( 1)  0.053
 288 K   0.32989 0.30922 0.23289 0.11005 0.01715 0.00081 ( 1)  0.042
 289 T   0.30376 0.28963 0.23499 0.13483 0.03339 0.00341 ( 1)  0.056
 290 V   0.31511 0.29839 0.23491 0.12446 0.02532 0.00181 ( 1)  0.049
 291 M   0.34041 0.31673 0.23081 0.09961 0.01211 0.00033 ( 1)  0.037
 292 F   0.29204 0.28020 0.23369 0.14435 0.04324 0.00648 ( 1)  0.065
 293 E   0.30756 0.29258 0.23500 0.13137 0.03063 0.00286 ( 1)  0.054
 294 L   0.26212 0.25494 0.22568 0.16318 0.07212 0.02196 ( 1)  0.096
 295 A   0.28656 0.27576 0.23296 0.14872 0.04799 0.00800 ( 1)  0.069
 296 I   0.00178 0.05691 0.23826 0.41044 0.24632 0.04630 ( 4)  0.238
 297 T   0.26166 0.25455 0.22553 0.16344 0.07258 0.02225 ( 1)  0.096
 298 R   0.00239 0.07536 0.29697 0.43547 0.17452 0.01529 ( 4)  0.182
 299 L   0.27711 0.26780 0.23052 0.15485 0.05713 0.01259 ( 1)  0.079
 300 L   0.27164 0.26318 0.22903 0.15828 0.06247 0.01540 ( 1)  0.084
 301 M   0.34041 0.31673 0.23081 0.09961 0.01211 0.00033 ( 1)  0.037
 302 E   0.33112 0.31017 0.23288 0.10889 0.01627 0.00066 ( 1)  0.041
 303 T   0.00000 0.00000 0.00000 0.00064 0.04763 0.95172 ( 6)  0.973
 304 P   0.29118 0.27956 0.23379 0.14528 0.04379 0.00640 ( 1)  0.065
 305 M   0.00000 0.00000 0.00024 0.01420 0.22514 0.76043 ( 6)  0.864
 306 P   0.27463 0.26575 0.23004 0.15668 0.05945 0.01345 ( 1)  0.081
 307 W   0.24938 0.24369 0.22021 0.16815 0.08513 0.03344 ( 1)  0.113
 308 L   0.00104 0.03380 0.15307 0.32468 0.32697 0.16045 ( 5)  0.369
 309 N   0.33565 0.31337 0.23188 0.10436 0.01424 0.00050 ( 1)  0.039
 310 I   0.00177 0.05671 0.23766 0.41033 0.24715 0.04638 ( 4)  0.238
 311 K   0.33511 0.31294 0.23186 0.10489 0.01464 0.00056 ( 1)  0.040
 312 I   0.00000 0.00192 0.04310 0.24773 0.46351 0.24374 ( 5)  0.495
 313 V   0.30135 0.28772 0.23483 0.13689 0.03530 0.00391 ( 1)  0.058
 314 Y   0.26761 0.25969 0.22764 0.16039 0.06655 0.01813 ( 1)  0.089
 315 M   0.34041 0.31673 0.23081 0.09961 0.01211 0.00033 ( 1)  0.037
 316 A   0.28692 0.27606 0.23303 0.14846 0.04766 0.00787 ( 1)  0.069
 317 P   0.29118 0.27956 0.23379 0.14528 0.04379 0.00640 ( 1)  0.065
 318 I   0.34219 0.31787 0.23011 0.09783 0.01166 0.00033 ( 1)  0.037
 319 K   0.33731 0.31448 0.23135 0.10270 0.01368 0.00048 ( 1)  0.039
 320 A   0.28586 0.27518 0.23282 0.14923 0.04864 0.00827 ( 1)  0.070
 321 L   0.25943 0.25256 0.22451 0.16421 0.07487 0.02443 ( 1)  0.099
 322 C   0.26711 0.25928 0.22757 0.16082 0.06703 0.01820 ( 1)  0.089
 323 S   0.32759 0.30766 0.23360 0.11241 0.01794 0.00081 ( 1)  0.043
 324 Q   0.25571 0.24932 0.22308 0.16594 0.07867 0.02728 ( 1)  0.104
 325 R   0.28656 0.27576 0.23296 0.14873 0.04800 0.00800 ( 1)  0.069
 326 F   0.00174 0.05589 0.23500 0.40910 0.25054 0.04773 ( 4)  0.241
 327 D   0.00000 0.00344 0.07289 0.35829 0.45246 0.11292 ( 5)  0.379
 328 D   0.31315 0.29691 0.23503 0.12632 0.02658 0.00201 ( 1)  0.050
 329 W   0.24938 0.24369 0.22021 0.16815 0.08513 0.03344 ( 1)  0.113
 330 K   0.00255 0.08011 0.31031 0.43574 0.15891 0.01239 ( 4)  0.173
 331 E   0.33112 0.31017 0.23288 0.10889 0.01627 0.00066 ( 1)  0.041
 332 K   0.33629 0.31377 0.23158 0.10371 0.01413 0.00052 ( 1)  0.039
 333 F   0.31143 0.29559 0.23508 0.12791 0.02776 0.00223 ( 1)  0.051
 334 G   0.30781 0.29279 0.23511 0.13123 0.03033 0.00272 ( 1)  0.053
 335 P   0.26613 0.25844 0.22724 0.16135 0.06801 0.01882 ( 1)  0.091
 336 I   0.00000 0.00502 0.10115 0.43461 0.39956 0.05966 ( 4)  0.316
 337 G   0.30675 0.29197 0.23509 0.13219 0.03112 0.00289 ( 1)  0.054
 338 L   0.25073 0.24490 0.22084 0.16772 0.08376 0.03205 ( 1)  0.111
 339 N   0.00000 0.00000 0.00001 0.00179 0.09174 0.90646 ( 6)  0.948
 340 C   0.27007 0.26182 0.22850 0.15912 0.06406 0.01643 ( 1)  0.086
 341 K   0.30151 0.28782 0.23475 0.13667 0.03527 0.00397 ( 1)  0.058
 342 E   0.32713 0.30729 0.23356 0.11283 0.01832 0.00088 ( 1)  0.043
 343 L   0.22966 0.22581 0.20966 0.17208 0.10454 0.05824 ( 1)  0.147
 344 T   0.32032 0.30231 0.23453 0.11950 0.02203 0.00131 ( 1)  0.046
 345 G   0.30798 0.29293 0.23511 0.13108 0.03021 0.00270 ( 1)  0.053
 346 D   0.32735 0.30749 0.23363 0.11264 0.01807 0.00082 ( 1)  0.043
 347 T   0.32167 0.30331 0.23439 0.11820 0.02123 0.00120 ( 1)  0.046
 348 E   0.00000 0.00000 0.00000 0.00018 0.03030 0.96952 ( 6)  0.983
 349 M   0.00000 0.00414 0.08589 0.39721 0.43120 0.08156 ( 5)  0.346
 350 D   0.32657 0.30691 0.23374 0.11341 0.01850 0.00087 ( 1)  0.043
 351 D   0.32529 0.30598 0.23394 0.11467 0.01918 0.00094 ( 1)  0.044
 352 L   0.26815 0.26012 0.22765 0.15983 0.06602 0.01823 ( 1)  0.089
 353 F   0.31109 0.29533 0.23508 0.12822 0.02801 0.00228 ( 1)  0.051
 354 E   0.33112 0.31017 0.23288 0.10889 0.01627 0.00066 ( 1)  0.041
 355 I   0.00000 0.00512 0.10282 0.43919 0.39651 0.05636 ( 4)  0.313
 356 Q   0.00000 0.00204 0.04568 0.25945 0.46832 0.22451 ( 5)  0.480
 357 H   0.00000 0.00221 0.04906 0.27288 0.46871 0.20713 ( 5)  0.466
 358 A   0.28712 0.27622 0.23306 0.14831 0.04748 0.00780 ( 1)  0.069
 359 H   0.00000 0.00131 0.03036 0.18989 0.43831 0.34014 ( 5)  0.570
 360 I   0.00000 0.00234 0.05173 0.28267 0.46700 0.19626 ( 5)  0.456
 361 I   0.31095 0.29519 0.23498 0.12828 0.02822 0.00237 ( 1)  0.051
 362 I   0.29225 0.28025 0.23326 0.14370 0.04348 0.00706 ( 1)  0.065
 363 T   0.30376 0.28963 0.23499 0.13483 0.03339 0.00341 ( 1)  0.056
 364 T   0.32133 0.30306 0.23443 0.11853 0.02143 0.00122 ( 1)  0.046
 365 P   0.27465 0.26576 0.23005 0.15667 0.05944 0.01344 ( 1)  0.081
 366 E   0.32383 0.30488 0.23403 0.11607 0.02011 0.00109 ( 1)  0.045
 367 K   0.33002 0.30931 0.23287 0.10992 0.01708 0.00080 ( 1)  0.042
 368 W   0.24938 0.24369 0.22021 0.16815 0.08513 0.03344 ( 1)  0.113
 369 D   0.32704 0.30726 0.23367 0.11294 0.01824 0.00084 ( 1)  0.043
 370 S   0.29020 0.27875 0.23361 0.14601 0.04468 0.00674 ( 1)  0.066
 371 M   0.34041 0.31673 0.23081 0.09961 0.01211 0.00033 ( 1)  0.037
 372 T   0.30376 0.28963 0.23499 0.13483 0.03339 0.00341 ( 1)  0.056
 373 R   0.33100 0.31008 0.23288 0.10900 0.01636 0.00068 ( 1)  0.041
 374 R   0.30262 0.28870 0.23480 0.13570 0.03441 0.00377 ( 1)  0.057
 375 W   0.24938 0.24369 0.22021 0.16815 0.08513 0.03344 ( 1)  0.113
 376 R   0.00000 0.00398 0.08287 0.38771 0.43562 0.08981 ( 5)  0.354
 377 G   0.00128 0.04154 0.18340 0.36325 0.30608 0.10445 ( 4)  0.312
 378 N   0.30298 0.28900 0.23491 0.13546 0.03404 0.00361 ( 1)  0.056
 379 S   0.28970 0.27834 0.23349 0.14635 0.04516 0.00696 ( 1)  0.066
 380 I   0.34319 0.31856 0.22985 0.09684 0.01127 0.00030 ( 1)  0.037
 381 V   0.27089 0.26253 0.22878 0.15868 0.06323 0.01589 ( 1)  0.085
 382 Q   0.00071 0.02322 0.10953 0.25864 0.33922 0.26869 ( 5)  0.470
 383 L   0.29088 0.27930 0.23369 0.14545 0.04410 0.00657 ( 1)  0.065
 384 V   0.30912 0.29380 0.23505 0.12999 0.02945 0.00258 ( 1)  0.053
 385 R   0.25544 0.24907 0.22292 0.16596 0.07894 0.02768 ( 1)  0.105
 386 L   0.22998 0.22610 0.20985 0.17206 0.10425 0.05777 ( 1)  0.146
 387 F   0.31014 0.29459 0.23507 0.12909 0.02870 0.00242 ( 1)  0.052
 388 L   0.25119 0.24530 0.22103 0.16751 0.08328 0.03168 ( 1)  0.111
 389 I   0.31408 0.29756 0.23480 0.12534 0.02619 0.00204 ( 1)  0.050
 390 D   0.32759 0.30766 0.23360 0.11241 0.01794 0.00081 ( 1)  0.043
 391 E   0.29423 0.28200 0.23411 0.14276 0.04123 0.00566 ( 1)  0.063
 392 V   0.28942 0.27810 0.23342 0.14654 0.04543 0.00709 ( 1)  0.067
 393 H   0.30712 0.29226 0.23509 0.13184 0.03084 0.00284 ( 1)  0.054
 394 I   0.00153 0.04925 0.21177 0.39113 0.27731 0.06902 ( 4)  0.270
 395 I   0.00274 0.08583 0.32646 0.43642 0.14010 0.00845 ( 4)  0.161
 396 K   0.30218 0.28835 0.23478 0.13608 0.03476 0.00385 ( 1)  0.057
 397 D   0.32759 0.30766 0.23360 0.11241 0.01794 0.00081 ( 1)  0.043
 398 E   0.33112 0.31017 0.23288 0.10889 0.01627 0.00066 ( 1)  0.041
 399 N   0.00000 0.00002 0.00286 0.05649 0.35282 0.58780 ( 6)  0.756
 400 R   0.28050 0.27071 0.23160 0.15292 0.05373 0.01055 ( 1)  0.075
 401 G   0.28925 0.27796 0.23340 0.14667 0.04558 0.00713 ( 1)  0.067
 402 A   0.30344 0.28939 0.23504 0.13516 0.03357 0.00341 ( 1)  0.056
 403 T   0.31494 0.29826 0.23492 0.12463 0.02542 0.00182 ( 1)  0.049
 404 L   0.27032 0.26199 0.22840 0.15871 0.06387 0.01672 ( 1)  0.086
 405 E   0.33112 0.31017 0.23288 0.10889 0.01627 0.00066 ( 1)  0.041
 406 V   0.30072 0.28722 0.23479 0.13743 0.03579 0.00403 ( 1)  0.058
 407 V   0.31771 0.30036 0.23474 0.12200 0.02365 0.00154 ( 1)  0.048
 408 V   0.26002 0.25311 0.22486 0.16414 0.07425 0.02361 ( 1)  0.098
 409 S   0.32759 0.30766 0.23360 0.11241 0.01794 0.00081 ( 1)  0.043
 410 R   0.25311 0.24701 0.22193 0.16689 0.08133 0.02973 ( 1)  0.108
 411 M   0.34041 0.31673 0.23081 0.09961 0.01211 0.00033 ( 1)  0.037
 412 K   0.00000 0.00227 0.05030 0.27730 0.46760 0.20253 ( 5)  0.461
 413 T   0.30284 0.28890 0.23494 0.13563 0.03410 0.00359 ( 1)  0.056
 414 V   0.00000 0.00004 0.00432 0.07920 0.41459 0.50186 ( 6)  0.702
 415 Q   0.25287 0.24680 0.22183 0.16700 0.08158 0.02992 ( 1)  0.108
 416 S   0.29088 0.27930 0.23369 0.14545 0.04410 0.00657 ( 1)  0.065
 417 L   0.29040 0.27891 0.23361 0.14582 0.04454 0.00673 ( 1)  0.066
 418 L   0.00000 0.00000 0.00000 0.00060 0.04542 0.95398 ( 6)  0.975
 419 R   0.00000 0.00126 0.02929 0.18511 0.43685 0.34750 ( 5)  0.576
 420 L   0.00113 0.03663 0.16443 0.34042 0.32100 0.13639 ( 4)  0.346
 421 S   0.00000 0.00000 0.00001 0.00151 0.08199 0.91649 ( 6)  0.954
 422 D   0.00134 0.04333 0.19008 0.37019 0.29960 0.09547 ( 4)  0.302
 423 D   0.00000 0.00000 0.00108 0.05129 0.44862 0.49901 ( 6)  0.709
 424 H   0.00000 0.00000 0.00046 0.02540 0.31671 0.65742 ( 6)  0.804
 425 D   0.00000 0.00146 0.03355 0.20566 0.44952 0.30981 ( 5)  0.548
 426 T   0.00000 0.00000 0.00001 0.00223 0.10510 0.89266 ( 6)  0.940
 427 V   0.00000 0.00167 0.03812 0.22640 0.45817 0.27563 ( 5)  0.521
 428 S   0.00000 0.00089 0.02137 0.14415 0.40045 0.43314 ( 6)  0.638
 429 S   0.00000 0.00039 0.00970 0.07510 0.29539 0.61943 ( 6)  0.765
 430 L   0.25801 0.25133 0.22400 0.16493 0.07631 0.02541 ( 1)  0.101
 431 R   0.33197 0.31078 0.23272 0.10804 0.01587 0.00063 ( 1)  0.041
 432 F   0.31135 0.29553 0.23508 0.12799 0.02782 0.00224 ( 1)  0.051
 433 V   0.31830 0.30080 0.23470 0.12144 0.02328 0.00149 ( 1)  0.047
 434 A   0.28689 0.27603 0.23302 0.14848 0.04769 0.00788 ( 1)  0.069
 435 V   0.29950 0.28625 0.23471 0.13847 0.03677 0.00430 ( 1)  0.059
 436 S   0.28921 0.27793 0.23338 0.14668 0.04562 0.00718 ( 1)  0.067
 437 A   0.30344 0.28939 0.23504 0.13516 0.03357 0.00341 ( 1)  0.056
 438 T   0.32167 0.30331 0.23439 0.11820 0.02123 0.00120 ( 1)  0.046
 439 I   0.28084 0.27094 0.23146 0.15239 0.05355 0.01082 ( 1)  0.075
 440 P   0.29064 0.27912 0.23370 0.14569 0.04427 0.00657 ( 1)  0.066
 441 N   0.32321 0.30439 0.23399 0.11661 0.02061 0.00119 ( 1)  0.045
 442 A   0.00000 0.00135 0.03140 0.19547 0.44386 0.32791 ( 5)  0.561
 443 E   0.00000 0.00318 0.06791 0.34090 0.45686 0.13115 ( 5)  0.396
 444 D   0.32721 0.30738 0.23365 0.11278 0.01815 0.00083 ( 1)  0.043
 445 I   0.30748 0.29250 0.23497 0.13142 0.03073 0.00290 ( 1)  0.054
 446 A   0.29992 0.28660 0.23480 0.13818 0.03638 0.00414 ( 1)  0.058
 447 E   0.32803 0.30794 0.23341 0.11194 0.01785 0.00083 ( 1)  0.043
 448 W   0.24797 0.24243 0.21953 0.16857 0.08656 0.03494 ( 1)  0.116
 449 L   0.28921 0.27793 0.23341 0.14672 0.04561 0.00713 ( 1)  0.067
 450 S   0.28120 0.27126 0.23164 0.15227 0.05314 0.01048 ( 1)  0.074
 451 D   0.32513 0.30587 0.23395 0.11482 0.01927 0.00096 ( 1)  0.044
 452 G   0.00000 0.00191 0.04306 0.24807 0.46503 0.24193 ( 5)  0.494
 453 K   0.00000 0.00176 0.03993 0.23383 0.45895 0.26553 ( 5)  0.513
 454 M   0.00000 0.00006 0.00739 0.13111 0.54137 0.32007 ( 5)  0.586
 455 P   0.27471 0.26581 0.23006 0.15662 0.05938 0.01342 ( 1)  0.081
 456 A   0.28492 0.27440 0.23262 0.14990 0.04952 0.00864 ( 1)  0.071
 457 V   0.00000 0.00005 0.00606 0.10455 0.46846 0.42089 ( 5)  0.649
 458 C   0.29695 0.28420 0.23443 0.14056 0.03891 0.00494 ( 1)  0.061
 459 L   0.00051 0.01697 0.08220 0.20835 0.32680 0.36517 ( 6)  0.551
 460 K   0.33533 0.31310 0.23181 0.10466 0.01455 0.00055 ( 1)  0.040
 461 I   0.00255 0.08038 0.31122 0.43620 0.15773 0.01192 ( 4)  0.172
 462 D   0.00218 0.06908 0.27809 0.43124 0.19764 0.02177 ( 4)  0.197
 463 E   0.29742 0.28454 0.23434 0.14005 0.03866 0.00498 ( 1)  0.061
 464 D   0.32569 0.30628 0.23388 0.11427 0.01896 0.00092 ( 1)  0.044
 465 H   0.00000 0.00101 0.02384 0.15707 0.41252 0.40557 ( 5)  0.618
 466 R   0.25395 0.24775 0.22225 0.16650 0.08046 0.02908 ( 1)  0.107
 467 P   0.28603 0.27532 0.23286 0.14911 0.04848 0.00819 ( 1)  0.070
 468 V   0.27337 0.26466 0.22959 0.15731 0.06074 0.01433 ( 1)  0.082
 469 K   0.30012 0.28671 0.23463 0.13784 0.03640 0.00430 ( 1)  0.059
 470 L   0.25904 0.25224 0.22445 0.16453 0.07526 0.02448 ( 1)  0.100
 471 R   0.24652 0.24113 0.21883 0.16901 0.08804 0.03646 ( 1)  0.118
 472 K   0.33533 0.31310 0.23181 0.10466 0.01455 0.00055 ( 1)  0.040
 473 V   0.00000 0.00211 0.04698 0.26408 0.46684 0.21998 ( 5)  0.476
 474 V   0.29661 0.28394 0.23440 0.14085 0.03919 0.00501 ( 1)  0.061
 475 L   0.28827 0.27716 0.23324 0.14742 0.04646 0.00746 ( 1)  0.068
 476 G   0.29646 0.28383 0.23445 0.14103 0.03925 0.00497 ( 1)  0.061
 477 F   0.30964 0.29421 0.23509 0.12955 0.02903 0.00248 ( 1)  0.052
 478 P   0.27835 0.26890 0.23106 0.15433 0.05581 0.01156 ( 1)  0.077
 479 C   0.26511 0.25755 0.22684 0.16181 0.06906 0.01963 ( 1)  0.092
 480 S   0.00220 0.06969 0.27999 0.43188 0.19528 0.02096 ( 4)  0.195
 481 D   0.00131 0.04251 0.18693 0.36645 0.30215 0.10066 ( 4)  0.307
 482 S   0.00000 0.00011 0.01206 0.17872 0.55210 0.25701 ( 5)  0.535
 483 Q   0.00067 0.02213 0.10485 0.25054 0.33844 0.28337 ( 5)  0.483
 484 T   0.31981 0.30193 0.23457 0.11999 0.02234 0.00135 ( 1)  0.046
 485 E   0.32856 0.30833 0.23333 0.11141 0.01756 0.00079 ( 1)  0.042
 486 F   0.27688 0.26765 0.23065 0.15525 0.05725 0.01233 ( 1)  0.078
 487 K   0.32911 0.30867 0.23308 0.11083 0.01748 0.00083 ( 1)  0.042
 488 F   0.30964 0.29421 0.23509 0.12955 0.02903 0.00248 ( 1)  0.052
 489 D   0.28936 0.27806 0.23344 0.14661 0.04546 0.00706 ( 1)  0.067
 490 L   0.27538 0.26633 0.23002 0.15589 0.05883 0.01355 ( 1)  0.080
 491 T   0.30201 0.28825 0.23489 0.13633 0.03476 0.00376 ( 1)  0.057
 492 L   0.28196 0.27192 0.23191 0.15188 0.05236 0.00997 ( 1)  0.073
 493 N   0.30016 0.28678 0.23475 0.13790 0.03624 0.00416 ( 1)  0.058
 494 Y   0.25944 0.25258 0.22455 0.16425 0.07485 0.02433 ( 1)  0.099
 495 K   0.30622 0.29150 0.23489 0.13250 0.03173 0.00316 ( 1)  0.054
 496 I   0.33978 0.31621 0.23073 0.10023 0.01265 0.00040 ( 1)  0.038
 497 A   0.00000 0.00108 0.02557 0.16630 0.42176 0.38528 ( 5)  0.604
 498 G   0.00000 0.00000 0.00004 0.00714 0.21323 0.77959 ( 6)  0.877
 499 V   0.00000 0.00000 0.00000 0.00011 0.03265 0.96724 ( 6)  0.982
 500 I   0.34118 0.31719 0.23041 0.09884 0.01203 0.00035 ( 1)  0.037
 501 Q   0.28137 0.27142 0.23175 0.15226 0.05293 0.01026 ( 1)  0.074
 502 T   0.00000 0.00271 0.05905 0.31080 0.46617 0.16126 ( 5)  0.425
 503 Y   0.26723 0.25935 0.22743 0.16047 0.06695 0.01857 ( 1)  0.090
 504 A   0.00000 0.00075 0.01818 0.12632 0.37857 0.47618 ( 6)  0.668
 505 E   0.00208 0.06616 0.26868 0.42690 0.20929 0.02689 ( 4)  0.206
 506 Q   0.28230 0.27221 0.23199 0.15165 0.05203 0.00982 ( 1)  0.073
 507 K   0.33470 0.31265 0.23194 0.10529 0.01484 0.00058 ( 1)  0.040
 508 P   0.28951 0.27819 0.23351 0.14655 0.04529 0.00695 ( 1)  0.066
 509 S   0.00000 0.00003 0.00410 0.07603 0.40809 0.51175 ( 6)  0.708
 510 L   0.28196 0.27192 0.23191 0.15188 0.05236 0.00997 ( 1)  0.073
 511 V   0.27360 0.26486 0.22966 0.15718 0.06051 0.01419 ( 1)  0.082
 512 F   0.30825 0.29313 0.23507 0.13080 0.03006 0.00270 ( 1)  0.053
 513 C   0.30550 0.29099 0.23506 0.13330 0.03205 0.00310 ( 1)  0.055
 514 A   0.26239 0.25517 0.22578 0.16306 0.07184 0.02176 ( 1)  0.095
 515 T   0.32167 0.30331 0.23439 0.11820 0.02123 0.00120 ( 1)  0.046
 516 R   0.33197 0.31078 0.23272 0.10804 0.01587 0.00063 ( 1)  0.041
 517 K   0.33731 0.31448 0.23135 0.10270 0.01368 0.00048 ( 1)  0.039
 518 G   0.30798 0.29293 0.23511 0.13108 0.03021 0.00270 ( 1)  0.053
 519 V   0.31023 0.29466 0.23506 0.12899 0.02865 0.00242 ( 1)  0.052
 520 Q   0.25505 0.24872 0.22274 0.16610 0.07934 0.02806 ( 1)  0.105
 521 Q   0.25740 0.25080 0.22379 0.16525 0.07694 0.02582 ( 1)  0.102
 522 A   0.26586 0.25821 0.22713 0.16145 0.06829 0.01906 ( 1)  0.091
 523 A   0.28656 0.27576 0.23296 0.14872 0.04799 0.00800 ( 1)  0.069
 524 S   0.29088 0.27930 0.23369 0.14545 0.04410 0.00657 ( 1)  0.065
 525 V   0.00152 0.04911 0.21129 0.39068 0.27781 0.06958 ( 4)  0.270
 526 L   0.00131 0.04230 0.18625 0.36628 0.30337 0.10051 ( 4)  0.307
 527 A   0.00000 0.00156 0.03573 0.21572 0.45434 0.29265 ( 5)  0.534
 528 K   0.33731 0.31448 0.23135 0.10270 0.01368 0.00048 ( 1)  0.039
 529 D   0.32750 0.30759 0.23361 0.11250 0.01799 0.00081 ( 1)  0.043
 530 A   0.27979 0.27011 0.23142 0.15339 0.05441 0.01087 ( 1)  0.075
 531 K   0.33507 0.31291 0.23186 0.10492 0.01467 0.00056 ( 1)  0.040
 532 F   0.31143 0.29559 0.23508 0.12791 0.02776 0.00223 ( 1)  0.051
 533 L   0.26029 0.25334 0.22496 0.16400 0.07398 0.02343 ( 1)  0.098
 534 L   0.23800 0.23337 0.21412 0.17041 0.09631 0.04780 ( 1)  0.133
 535 S   0.00221 0.07025 0.28171 0.43240 0.19315 0.02028 ( 4)  0.194
 536 I   0.00000 0.00000 0.00126 0.05794 0.47203 0.46877 ( 5)  0.691
 537 E   0.32717 0.30732 0.23356 0.11279 0.01829 0.00087 ( 1)  0.043
 538 Q   0.25397 0.24777 0.22229 0.16654 0.08045 0.02897 ( 1)  0.107
 539 K   0.33671 0.31406 0.23149 0.10330 0.01394 0.00050 ( 1)  0.039
 540 Q   0.28315 0.27291 0.23217 0.15105 0.05123 0.00947 ( 1)  0.072
 541 R   0.32901 0.30865 0.23326 0.11098 0.01733 0.00077 ( 1)  0.042
 542 L   0.27676 0.26750 0.23040 0.15503 0.05748 0.01282 ( 1)  0.079
 543 Q   0.25287 0.24680 0.22183 0.16700 0.08158 0.02992 ( 1)  0.108
 544 R   0.00000 0.00000 0.00002 0.00341 0.13558 0.86099 ( 6)  0.923
 545 S   0.00000 0.00151 0.03461 0.21052 0.45172 0.30165 ( 5)  0.541
 546 A   0.00156 0.05020 0.21530 0.39463 0.27371 0.06459 ( 4)  0.264
 547 N   0.33590 0.31355 0.23183 0.10412 0.01412 0.00049 ( 1)  0.039
 548 S   0.28301 0.27277 0.23207 0.15106 0.05142 0.00967 ( 1)  0.073
 549 L   0.25494 0.24861 0.22263 0.16604 0.07945 0.02834 ( 1)  0.106
 550 K   0.33547 0.31319 0.23178 0.10453 0.01449 0.00055 ( 1)  0.040
 551 D   0.31871 0.30110 0.23466 0.12105 0.02303 0.00145 ( 1)  0.047
 552 A   0.00000 0.00046 0.01150 0.08660 0.31732 0.58412 ( 6)  0.742
 553 K   0.32953 0.30898 0.23302 0.11042 0.01725 0.00080 ( 1)  0.042
 554 L   0.23478 0.23049 0.21258 0.17141 0.09963 0.05111 ( 1)  0.138
 555 R   0.00237 0.07485 0.29543 0.43518 0.17639 0.01579 ( 4)  0.183
 556 D   0.00204 0.06495 0.26502 0.42602 0.21387 0.02810 ( 4)  0.209
 557 L   0.29088 0.27930 0.23369 0.14545 0.04410 0.00657 ( 1)  0.065
 558 L   0.27373 0.26492 0.22951 0.15683 0.06046 0.01454 ( 1)  0.082
 559 M   0.00000 0.00010 0.01135 0.17112 0.54907 0.26836 ( 5)  0.544
 560 Y   0.00151 0.04883 0.21011 0.38894 0.27858 0.07202 ( 4)  0.273
 561 G   0.29817 0.28520 0.23463 0.13963 0.03782 0.00454 ( 1)  0.060
 562 V   0.00099 0.03244 0.14781 0.31828 0.33118 0.16929 ( 5)  0.379
 563 A   0.28641 0.27564 0.23293 0.14883 0.04813 0.00805 ( 1)  0.069
 564 Y   0.30232 0.28845 0.23476 0.13594 0.03467 0.00385 ( 1)  0.057
 565 H   0.31495 0.29828 0.23498 0.12466 0.02535 0.00179 ( 1)  0.049
 566 H   0.31583 0.29896 0.23494 0.12383 0.02475 0.00168 ( 1)  0.049
 567 A   0.26230 0.25511 0.22582 0.16320 0.07192 0.02165 ( 1)  0.095
 568 G   0.29784 0.28493 0.23459 0.13990 0.03810 0.00464 ( 1)  0.060
 569 M   0.34041 0.31673 0.23081 0.09961 0.01211 0.00033 ( 1)  0.037
 570 E   0.29385 0.28170 0.23405 0.14305 0.04156 0.00578 ( 1)  0.063
 571 L   0.00000 0.00000 0.00000 0.00000 0.00081 0.99919 ( 6)  1.000
 572 S   0.00000 0.00101 0.02401 0.15826 0.41466 0.40205 ( 5)  0.616
 573 D   0.29722 0.28440 0.23440 0.14029 0.03875 0.00494 ( 1)  0.061
 574 R   0.33197 0.31078 0.23272 0.10804 0.01587 0.00063 ( 1)  0.041
 575 K   0.33731 0.31448 0.23135 0.10270 0.01368 0.00048 ( 1)  0.039
 576 I   0.00000 0.00000 0.00174 0.07566 0.53038 0.39221 ( 5)  0.643
 577 I   0.00000 0.00231 0.05100 0.27977 0.46677 0.20015 ( 5)  0.459
 578 E   0.33112 0.31017 0.23288 0.10889 0.01627 0.00066 ( 1)  0.041
 579 G   0.30663 0.29188 0.23509 0.13229 0.03121 0.00291 ( 1)  0.054
 580 T   0.00000 0.00115 0.02699 0.17362 0.42819 0.37005 ( 5)  0.593
 581 F   0.31143 0.29559 0.23508 0.12791 0.02776 0.00223 ( 1)  0.051
 582 T   0.00158 0.05083 0.21745 0.39604 0.27105 0.06306 ( 4)  0.262
 583 V   0.00000 0.00000 0.00000 0.00007 0.02667 0.97326 ( 6)  0.985
 584 G   0.30798 0.29293 0.23511 0.13108 0.03021 0.00270 ( 1)  0.053
 585 D   0.31004 0.29451 0.23507 0.12917 0.02877 0.00243 ( 1)  0.052
 586 L   0.00095 0.03118 0.14258 0.31011 0.33232 0.18285 ( 5)  0.391
 587 P   0.28645 0.27567 0.23294 0.14881 0.04810 0.00804 ( 1)  0.069
 588 V   0.31830 0.30080 0.23470 0.12144 0.02328 0.00149 ( 1)  0.047
 589 L   0.28326 0.27301 0.23223 0.15103 0.05111 0.00936 ( 1)  0.072
 590 F   0.31143 0.29559 0.23508 0.12791 0.02776 0.00223 ( 1)  0.051
 591 T   0.30376 0.28963 0.23499 0.13483 0.03339 0.00341 ( 1)  0.056
 592 T   0.30246 0.28860 0.23492 0.13595 0.03439 0.00367 ( 1)  0.057
 593 S   0.29935 0.28612 0.23463 0.13854 0.03696 0.00440 ( 1)  0.059
 594 T   0.26306 0.25577 0.22607 0.16278 0.07115 0.02118 ( 1)  0.094
 595 L   0.27658 0.26734 0.23034 0.15512 0.05767 0.01296 ( 1)  0.079
 596 A   0.28820 0.27711 0.23327 0.14752 0.04650 0.00741 ( 1)  0.068
 597 M   0.34041 0.31673 0.23081 0.09961 0.01211 0.00033 ( 1)  0.037
 598 G   0.30798 0.29293 0.23511 0.13108 0.03021 0.00270 ( 1)  0.053
 599 V   0.25894 0.25216 0.22443 0.16461 0.07536 0.02450 ( 1)  0.100
 600 N   0.33372 0.31201 0.23230 0.10629 0.01511 0.00057 ( 1)  0.040
 601 L   0.25489 0.24858 0.22268 0.16617 0.07950 0.02817 ( 1)  0.105
 602 P   0.27484 0.26593 0.23010 0.15655 0.05924 0.01333 ( 1)  0.080
 603 A   0.30344 0.28939 0.23504 0.13516 0.03357 0.00341 ( 1)  0.056
 604 H   0.29651 0.28386 0.23443 0.14098 0.03924 0.00499 ( 1)  0.061
 605 L   0.22803 0.22431 0.20871 0.17225 0.10609 0.06062 ( 1)  0.150
 606 V   0.27518 0.26621 0.23013 0.15624 0.05894 0.01329 ( 1)  0.080
 607 V   0.00153 0.04927 0.21184 0.39109 0.27715 0.06912 ( 4)  0.270
 608 I   0.34319 0.31856 0.22985 0.09684 0.01127 0.00030 ( 1)  0.037
 609 K   0.33618 0.31370 0.23162 0.10382 0.01417 0.00052 ( 1)  0.039
 610 S   0.25061 0.24479 0.22079 0.16776 0.08388 0.03218 ( 1)  0.112
 611 T   0.31865 0.30106 0.23469 0.12111 0.02304 0.00145 ( 1)  0.047
 612 M   0.34041 0.31673 0.23081 0.09961 0.01211 0.00033 ( 1)  0.037
 613 H   0.28922 0.27794 0.23344 0.14675 0.04557 0.00708 ( 1)  0.067
 614 Y   0.30055 0.28705 0.23465 0.13746 0.03607 0.00421 ( 1)  0.058
 615 A   0.00000 0.00174 0.03946 0.23233 0.46030 0.26617 ( 5)  0.514
 616 G   0.30798 0.29293 0.23511 0.13108 0.03021 0.00270 ( 1)  0.053
 617 G   0.30531 0.29084 0.23506 0.13347 0.03220 0.00313 ( 1)  0.055
 618 M   0.00000 0.00172 0.03913 0.23041 0.45804 0.27070 ( 5)  0.517
 619 F   0.29598 0.28341 0.23427 0.14130 0.03978 0.00526 ( 1)  0.062
 620 Q   0.00000 0.00118 0.02761 0.17617 0.42790 0.36713 ( 5)  0.590
 621 E   0.29298 0.28101 0.23397 0.14377 0.04228 0.00598 ( 1)  0.064
 622 Y   0.27163 0.26313 0.22890 0.15811 0.06254 0.01569 ( 1)  0.085
 623 S   0.32650 0.30686 0.23375 0.11348 0.01853 0.00087 ( 1)  0.043
 624 E   0.32940 0.30894 0.23319 0.11058 0.01714 0.00075 ( 1)  0.042
 625 T   0.30200 0.28824 0.23489 0.13635 0.03476 0.00376 ( 1)  0.057
 626 D   0.32699 0.30722 0.23368 0.11300 0.01827 0.00084 ( 1)  0.043
 627 I   0.31032 0.29471 0.23498 0.12886 0.02867 0.00246 ( 1)  0.052
 628 L   0.22752 0.22385 0.20840 0.17228 0.10656 0.06137 ( 1)  0.151
 629 Q   0.28302 0.27280 0.23214 0.15115 0.05136 0.00953 ( 1)  0.072
 630 M   0.34041 0.31673 0.23081 0.09961 0.01211 0.00033 ( 1)  0.037
 631 I   0.31095 0.29519 0.23498 0.12828 0.02822 0.00237 ( 1)  0.051
 632 G   0.27366 0.26492 0.22972 0.15721 0.06043 0.01406 ( 1)  0.082
 633 R   0.33159 0.31051 0.23278 0.10841 0.01606 0.00065 ( 1)  0.041
 634 A   0.29931 0.28611 0.23475 0.13869 0.03687 0.00427 ( 1)  0.059
 635 G   0.30647 0.29175 0.23508 0.13243 0.03133 0.00294 ( 1)  0.054
 636 R   0.30150 0.28781 0.23477 0.13670 0.03526 0.00396 ( 1)  0.058
 637 P   0.27497 0.26604 0.23014 0.15647 0.05912 0.01326 ( 1)  0.080
 638 Q   0.27609 0.26696 0.23036 0.15564 0.05807 0.01289 ( 1)  0.079
 639 F   0.00125 0.04060 0.18286 0.37405 0.31292 0.08834 ( 4)  0.301
 640 D   0.28837 0.27724 0.23326 0.14736 0.04637 0.00741 ( 1)  0.068
 641 T   0.30173 0.28802 0.23487 0.13657 0.03498 0.00382 ( 1)  0.057
 642 T   0.00131 0.04276 0.19159 0.38500 0.30380 0.07553 ( 4)  0.286
 643 A   0.28244 0.27233 0.23204 0.15159 0.05188 0.00971 ( 1)  0.073
 644 T   0.31816 0.30069 0.23472 0.12158 0.02336 0.00150 ( 1)  0.047
 645 A   0.30031 0.28691 0.23483 0.13785 0.03605 0.00405 ( 1)  0.058
 646 V   0.29636 0.28373 0.23438 0.14106 0.03939 0.00507 ( 1)  0.061
 647 I   0.30052 0.28703 0.23468 0.13752 0.03606 0.00419 ( 1)  0.058
 648 M   0.33718 0.31448 0.23164 0.10285 0.01343 0.00042 ( 1)  0.039
 649 T   0.30150 0.28784 0.23485 0.13677 0.03517 0.00388 ( 1)  0.057
 650 R   0.28289 0.27271 0.23218 0.15131 0.05144 0.00948 ( 1)  0.072
 651 L   0.00000 0.00000 0.00000 0.00011 0.02186 0.97804 ( 6)  0.988
 652 S   0.32157 0.30324 0.23439 0.11829 0.02130 0.00121 ( 1)  0.046
 653 T   0.30825 0.29312 0.23504 0.13078 0.03009 0.00272 ( 1)  0.053
 654 R   0.00141 0.04573 0.19900 0.37931 0.29083 0.08371 ( 4)  0.288
 655 D   0.00000 0.00000 0.00001 0.00243 0.11059 0.88697 ( 6)  0.937
 656 K   0.00162 0.05195 0.22123 0.39846 0.26637 0.06037 ( 4)  0.258
 657 Y   0.29952 0.28622 0.23455 0.13832 0.03692 0.00447 ( 1)  0.059
 658 V   0.00000 0.00000 0.00001 0.00329 0.18620 0.81050 ( 6)  0.895
 659 Q   0.25052 0.24471 0.22075 0.16779 0.08397 0.03226 ( 1)  0.112
 660 M   0.33718 0.31448 0.23164 0.10285 0.01343 0.00042 ( 1)  0.039
 661 L   0.27394 0.26510 0.22957 0.15671 0.06026 0.01442 ( 1)  0.082
 662 S   0.00000 0.00335 0.07123 0.35181 0.45289 0.12072 ( 5)  0.386
 663 G   0.29546 0.28302 0.23433 0.14185 0.04011 0.00523 ( 1)  0.062
 664 A   0.29293 0.28098 0.23401 0.14387 0.04228 0.00592 ( 1)  0.064
 665 D   0.32380 0.30489 0.23413 0.11613 0.02001 0.00104 ( 1)  0.045
 666 I   0.00262 0.08247 0.31715 0.43657 0.15077 0.01042 ( 4)  0.168
 667 I   0.33991 0.31631 0.23076 0.10011 0.01253 0.00038 ( 1)  0.038
 668 E   0.29022 0.27875 0.23354 0.14591 0.04473 0.00685 ( 1)  0.066
 669 S   0.28748 0.27652 0.23312 0.14804 0.04716 0.00768 ( 1)  0.068
 670 S   0.28748 0.27652 0.23312 0.14804 0.04716 0.00768 ( 1)  0.068
 671 L   0.25640 0.24990 0.22328 0.16551 0.07796 0.02694 ( 1)  0.103
 672 H   0.27676 0.26756 0.23064 0.15536 0.05735 0.01233 ( 1)  0.078
 673 R   0.00000 0.00000 0.00002 0.00357 0.14064 0.85577 ( 6)  0.920
 674 H   0.30582 0.29125 0.23507 0.13301 0.03181 0.00305 ( 1)  0.055
 675 L   0.28815 0.27706 0.23322 0.14751 0.04657 0.00749 ( 1)  0.068
 676 V   0.29409 0.28190 0.23411 0.14290 0.04133 0.00567 ( 1)  0.063
 677 E   0.29764 0.28477 0.23454 0.14003 0.03830 0.00472 ( 1)  0.060
 678 H   0.29142 0.27972 0.23369 0.14494 0.04370 0.00653 ( 1)  0.065
 679 L   0.27257 0.26393 0.22916 0.15751 0.06162 0.01522 ( 1)  0.084
 680 N   0.33271 0.31129 0.23252 0.10730 0.01557 0.00061 ( 1)  0.041
 681 A   0.30026 0.28687 0.23483 0.13789 0.03610 0.00406 ( 1)  0.058
 682 E   0.32798 0.30791 0.23344 0.11199 0.01785 0.00082 ( 1)  0.043
 683 I   0.33927 0.31587 0.23090 0.10074 0.01281 0.00041 ( 1)  0.038
 684 V   0.00000 0.00076 0.01841 0.12762 0.38014 0.47307 ( 6)  0.666
 685 L   0.24590 0.24055 0.21843 0.16900 0.08861 0.03751 ( 1)  0.119
 686 H   0.00000 0.00236 0.05222 0.28544 0.46924 0.19074 ( 5)  0.452
 687 T   0.29393 0.28178 0.23409 0.14302 0.04146 0.00571 ( 1)  0.063
 688 I   0.00000 0.00056 0.01376 0.10050 0.34133 0.54385 ( 6)  0.715
 689 T   0.31148 0.29562 0.23503 0.12784 0.02778 0.00225 ( 1)  0.051
 690 D   0.32449 0.30540 0.23405 0.11545 0.01961 0.00099 ( 1)  0.044
 691 V   0.00000 0.00053 0.01299 0.09583 0.33363 0.55703 ( 6)  0.724
 692 T   0.00000 0.00004 0.00469 0.08478 0.42777 0.48273 ( 6)  0.689
 693 V   0.31531 0.29854 0.23490 0.12428 0.02519 0.00179 ( 1)  0.049
 694 A   0.28388 0.27353 0.23240 0.15063 0.05051 0.00906 ( 1)  0.072
 695 L   0.25583 0.24941 0.22308 0.16581 0.07854 0.02733 ( 1)  0.104
 696 E   0.00209 0.06637 0.26935 0.42721 0.20847 0.02652 ( 4)  0.205
 697 W   0.24708 0.24163 0.21909 0.16883 0.08747 0.03590 ( 1)  0.117
 698 I   0.00264 0.08293 0.31862 0.43713 0.14888 0.00979 ( 4)  0.166
 699 R   0.25331 0.24717 0.22196 0.16673 0.08112 0.02970 ( 1)  0.108
 700 S   0.28101 0.27110 0.23159 0.15241 0.05332 0.01056 ( 1)  0.075
 701 T   0.30848 0.29331 0.23508 0.13059 0.02988 0.00266 ( 1)  0.053
 702 F   0.28476 0.27423 0.23243 0.14982 0.04979 0.00898 ( 1)  0.071
 703 L   0.25947 0.25257 0.22442 0.16402 0.07483 0.02470 ( 1)  0.100
 704 Y   0.25957 0.25269 0.22460 0.16419 0.07472 0.02423 ( 1)  0.099
 705 I   0.30751 0.29252 0.23497 0.13140 0.03071 0.00289 ( 1)  0.054
 706 R   0.32681 0.30704 0.23356 0.11313 0.01854 0.00092 ( 1)  0.043
 707 A   0.26693 0.25913 0.22749 0.16089 0.06721 0.01835 ( 1)  0.090
 708 L   0.27449 0.26558 0.22977 0.15643 0.05970 0.01402 ( 1)  0.081
 709 K   0.33409 0.31222 0.23209 0.10590 0.01510 0.00060 ( 1)  0.040
 710 N   0.33271 0.31129 0.23252 0.10730 0.01557 0.00061 ( 1)  0.041
 711 P   0.28800 0.27695 0.23324 0.14768 0.04666 0.00747 ( 1)  0.068
 712 T   0.00000 0.00176 0.04001 0.23482 0.46121 0.26219 ( 5)  0.510
 713 H   0.00182 0.05838 0.24358 0.41516 0.24039 0.04067 ( 4)  0.231
 714 Y   0.29670 0.28398 0.23431 0.14068 0.03922 0.00511 ( 1)  0.061
 715 G   0.00148 0.04769 0.20623 0.38647 0.28355 0.07458 ( 4)  0.277
 716 F   0.31143 0.29559 0.23508 0.12791 0.02776 0.00223 ( 1)  0.051
 717 S   0.28356 0.27323 0.23219 0.15068 0.05091 0.00944 ( 1)  0.072
 718 S   0.00000 0.00133 0.03083 0.19257 0.44147 0.33379 ( 5)  0.566
 719 G   0.30714 0.29227 0.23510 0.13183 0.03082 0.00283 ( 1)  0.054
 720 L   0.26277 0.25550 0.22589 0.16281 0.07146 0.02159 ( 1)  0.095
 721 D   0.00223 0.07081 0.28345 0.43294 0.19100 0.01957 ( 4)  0.192
 722 K   0.33731 0.31448 0.23135 0.10270 0.01368 0.00048 ( 1)  0.039
 723 T   0.00000 0.00000 0.00000 0.00002 0.01470 0.98528 ( 6)  0.992
 724 G   0.30781 0.29280 0.23511 0.13123 0.03033 0.00272 ( 1)  0.053
 725 I   0.31060 0.29492 0.23498 0.12861 0.02847 0.00242 ( 1)  0.052
 726 E   0.33112 0.31017 0.23288 0.10889 0.01627 0.00066 ( 1)  0.041
 727 A   0.00156 0.05020 0.21529 0.39464 0.27375 0.06457 ( 4)  0.264
 728 K   0.33731 0.31448 0.23135 0.10270 0.01368 0.00048 ( 1)  0.039
 729 L   0.27711 0.26780 0.23052 0.15485 0.05713 0.01259 ( 1)  0.079
 730 Q   0.28131 0.27136 0.23171 0.15228 0.05301 0.01033 ( 1)  0.074
 731 E   0.33078 0.30993 0.23294 0.10923 0.01645 0.00068 ( 1)  0.041
 732 L   0.23928 0.23455 0.21489 0.17033 0.09514 0.04581 ( 1)  0.130
 733 C   0.30550 0.29099 0.23506 0.13330 0.03205 0.00310 ( 1)  0.055
 734 L   0.25135 0.24543 0.22104 0.16735 0.08310 0.03173 ( 1)  0.111
 735 K   0.30151 0.28782 0.23475 0.13667 0.03527 0.00397 ( 1)  0.058
 736 N   0.30190 0.28816 0.23488 0.13643 0.03485 0.00379 ( 1)  0.057
 737 L   0.27242 0.26380 0.22910 0.15759 0.06177 0.01532 ( 1)  0.084
 738 N   0.00238 0.07523 0.29637 0.43476 0.17535 0.01591 ( 4)  0.183
 739 D   0.32759 0.30766 0.23360 0.11241 0.01794 0.00081 ( 1)  0.043
 740 L   0.27549 0.26642 0.23002 0.15578 0.05873 0.01355 ( 1)  0.080
 741 S   0.28234 0.27222 0.23192 0.15152 0.05204 0.00997 ( 1)  0.073
 742 S   0.00000 0.00130 0.03029 0.18988 0.43957 0.33896 ( 5)  0.570
 743 F   0.30408 0.28987 0.23496 0.13450 0.03319 0.00340 ( 1)  0.056
 744 D   0.00000 0.00340 0.07232 0.35673 0.45358 0.11397 ( 5)  0.381
 745 L   0.25824 0.25154 0.22411 0.16485 0.07607 0.02518 ( 1)  0.101
 746 I   0.00000 0.00077 0.01856 0.12843 0.38114 0.47110 ( 6)  0.665
 747 R   0.00147 0.04742 0.20520 0.38536 0.28450 0.07606 ( 4)  0.279
 748 M   0.34211 0.31789 0.23034 0.09791 0.01145 0.00029 ( 1)  0.037
 749 D   0.32891 0.30861 0.23337 0.11110 0.01726 0.00074 ( 1)  0.042
 750 K   0.00239 0.07534 0.29636 0.43365 0.17562 0.01665 ( 4)  0.183
 751 A   0.00000 0.00005 0.00587 0.10175 0.46159 0.43074 ( 5)  0.655
 752 N   0.00254 0.08005 0.31049 0.43678 0.15841 0.01172 ( 4)  0.172
 753 N   0.00000 0.00013 0.01444 0.20454 0.56559 0.21530 ( 5)  0.504
 754 F   0.27985 0.27016 0.23144 0.15336 0.05436 0.01084 ( 1)  0.075
 755 T   0.00235 0.07432 0.29348 0.43349 0.17895 0.01740 ( 4)  0.185
 756 P   0.00000 0.00003 0.00311 0.06062 0.36608 0.57016 ( 6)  0.745
 757 T   0.00204 0.06511 0.26558 0.42645 0.21320 0.02762 ( 4)  0.208
 758 E   0.00000 0.00152 0.03492 0.21180 0.45182 0.29994 ( 5)  0.540
 759 T   0.30088 0.28735 0.23481 0.13730 0.03566 0.00400 ( 1)  0.058
 760 G   0.30950 0.29410 0.23512 0.12971 0.02910 0.00247 ( 1)  0.052
 761 R   0.33362 0.31196 0.23238 0.10640 0.01509 0.00056 ( 1)  0.040
 762 L   0.27849 0.26897 0.23090 0.15399 0.05579 0.01187 ( 1)  0.077
 763 M   0.34211 0.31789 0.23034 0.09791 0.01145 0.00029 ( 1)  0.037
 764 A   0.30019 0.28681 0.23481 0.13793 0.03617 0.00409 ( 1)  0.058
 765 W   0.25060 0.24478 0.22078 0.16777 0.08390 0.03218 ( 1)  0.112
 766 Y   0.30435 0.29005 0.23488 0.13419 0.03308 0.00344 ( 1)  0.056
 767 Y   0.29688 0.28411 0.23430 0.14050 0.03910 0.00511 ( 1)  0.061
 768 I   0.31249 0.29638 0.23495 0.12687 0.02714 0.00216 ( 1)  0.051
 769 A   0.30367 0.28958 0.23505 0.13496 0.03338 0.00337 ( 1)  0.056
 770 F   0.00179 0.05729 0.23980 0.41236 0.24482 0.04394 ( 4)  0.235
 771 D   0.00000 0.00011 0.01173 0.17574 0.55350 0.25892 ( 5)  0.538
 772 T   0.32326 0.30449 0.23421 0.11666 0.02031 0.00108 ( 1)  0.045
 773 V   0.28364 0.27332 0.23230 0.15074 0.05076 0.00924 ( 1)  0.072
 774 K   0.32585 0.30630 0.23356 0.11401 0.01924 0.00104 ( 1)  0.044
 775 Q   0.26394 0.25653 0.22638 0.16234 0.07025 0.02055 ( 1)  0.093
 776 F   0.31297 0.29677 0.23504 0.12649 0.02670 0.00203 ( 1)  0.050
 777 F   0.00108 0.03519 0.15882 0.33345 0.32518 0.14628 ( 4)  0.356
 778 T   0.00210 0.06678 0.27086 0.42851 0.20664 0.02511 ( 4)  0.203
 779 I   0.00182 0.05823 0.24282 0.41373 0.24100 0.04240 ( 4)  0.232
 780 K   0.31278 0.29655 0.23479 0.12650 0.02713 0.00224 ( 1)  0.051
 781 G   0.30950 0.29410 0.23512 0.12971 0.02910 0.00247 ( 1)  0.052
 782 T   0.31230 0.29625 0.23503 0.12709 0.02720 0.00213 ( 1)  0.051
 783 E   0.30004 0.28668 0.23474 0.13801 0.03635 0.00419 ( 1)  0.058
 784 T   0.30588 0.29129 0.23508 0.13297 0.03176 0.00303 ( 1)  0.054
 785 L   0.00102 0.03333 0.15119 0.32208 0.32794 0.16443 ( 5)  0.373
 786 N   0.00000 0.00000 0.00122 0.05681 0.46960 0.47237 ( 6)  0.693
 787 E   0.33277 0.31135 0.23256 0.10725 0.01548 0.00059 ( 1)  0.041
 788 L   0.25334 0.24720 0.22193 0.16663 0.08107 0.02983 ( 1)  0.108
 789 V   0.00164 0.05276 0.22416 0.40111 0.26323 0.05710 ( 4)  0.254
 790 T   0.00131 0.04287 0.19409 0.39412 0.30194 0.06567 ( 4)  0.277
 791 M   0.34211 0.31789 0.23034 0.09791 0.01145 0.00029 ( 1)  0.037
 792 I   0.27405 0.26523 0.22977 0.15687 0.06007 0.01400 ( 1)  0.082
 793 S   0.25183 0.24588 0.22136 0.16736 0.08264 0.03094 ( 1)  0.110
 794 S   0.00000 0.00000 0.00000 0.00061 0.06703 0.93236 ( 6)  0.963
 795 C   0.26863 0.26060 0.22809 0.16001 0.06548 0.01719 ( 1)  0.088
 796 T   0.00000 0.00000 0.00000 0.00026 0.05603 0.94371 ( 6)  0.969
 797 E   0.33277 0.31135 0.23256 0.10725 0.01548 0.00059 ( 1)  0.041
 798 F   0.31297 0.29677 0.23504 0.12649 0.02670 0.00203 ( 1)  0.050
 799 L   0.00065 0.02158 0.10247 0.24628 0.33765 0.29136 ( 5)  0.489
 800 D   0.32921 0.30883 0.23333 0.11080 0.01711 0.00072 ( 1)  0.042
 801 V   0.26441 0.25694 0.22658 0.16215 0.06977 0.02015 ( 1)  0.093
 802 K   0.30346 0.28936 0.23486 0.13499 0.03374 0.00358 ( 1)  0.056
 803 L   0.27778 0.26836 0.23068 0.15440 0.05649 0.01229 ( 1)  0.078
 804 R   0.32860 0.30832 0.23321 0.11134 0.01769 0.00084 ( 1)  0.042
 805 T   0.00000 0.00000 0.00086 0.04254 0.41410 0.54250 ( 6)  0.736
 806 N   0.33669 0.31410 0.23163 0.10333 0.01379 0.00046 ( 1)  0.039
 807 E   0.32747 0.30754 0.23352 0.11250 0.01813 0.00085 ( 1)  0.043
 808 K   0.30300 0.28900 0.23485 0.13540 0.03408 0.00366 ( 1)  0.057
 809 K   0.33900 0.31567 0.23094 0.10101 0.01296 0.00042 ( 1)  0.038
 810 I   0.00000 0.00017 0.01789 0.23881 0.57243 0.17071 ( 5)  0.469
 811 L   0.24003 0.23524 0.21535 0.17029 0.09444 0.04466 ( 1)  0.129
 812 N   0.30935 0.29398 0.23507 0.12980 0.02926 0.00253 ( 1)  0.052
 813 S   0.00000 0.00000 0.00000 0.00009 0.02784 0.97208 ( 6)  0.985
 814 L   0.25306 0.24694 0.22179 0.16671 0.08136 0.03014 ( 1)  0.108
 815 N   0.33758 0.31472 0.23143 0.10244 0.01339 0.00043 ( 1)  0.039
 816 K   0.00000 0.00443 0.08996 0.39812 0.41580 0.09169 ( 5)  0.349
 817 D   0.30067 0.28717 0.23474 0.13744 0.03589 0.00410 ( 1)  0.058
 818 K   0.31133 0.29549 0.23499 0.12795 0.02794 0.00230 ( 1)  0.051
 819 N   0.00000 0.00156 0.03571 0.21555 0.45393 0.29324 ( 5)  0.535
 820 K   0.00238 0.07505 0.29572 0.43416 0.17622 0.01648 ( 4)  0.183
 821 I   0.00000 0.00000 0.00170 0.07383 0.51976 0.40470 ( 5)  0.651
 822 T   0.30253 0.28866 0.23494 0.13590 0.03433 0.00364 ( 1)  0.057
 823 I   0.27405 0.26523 0.22977 0.15687 0.06007 0.01400 ( 1)  0.082
 824 R   0.29980 0.28650 0.23476 0.13825 0.03650 0.00419 ( 1)  0.059
 825 F   0.31267 0.29654 0.23504 0.12676 0.02691 0.00207 ( 1)  0.050
 826 P   0.29261 0.28072 0.23401 0.14418 0.04252 0.00596 ( 1)  0.064
 827 M   0.00000 0.00463 0.09465 0.42141 0.41486 0.06444 ( 4)  0.326
 828 E   0.30324 0.28918 0.23483 0.13517 0.03393 0.00365 ( 1)  0.056
 829 G   0.27519 0.26622 0.23018 0.15629 0.05891 0.01321 ( 1)  0.080
 830 K   0.00000 0.00182 0.04122 0.23957 0.46106 0.25633 ( 5)  0.505
 831 I   0.33722 0.31441 0.23132 0.10278 0.01378 0.00050 ( 1)  0.039
 832 K   0.33900 0.31567 0.23094 0.10101 0.01296 0.00042 ( 1)  0.038
 833 T   0.32294 0.30425 0.23425 0.11697 0.02049 0.00110 ( 1)  0.045
 834 R   0.33362 0.31196 0.23238 0.10640 0.01509 0.00056 ( 1)  0.040
 835 E   0.33277 0.31135 0.23256 0.10725 0.01548 0.00059 ( 1)  0.041
 836 M   0.34211 0.31789 0.23034 0.09791 0.01145 0.00029 ( 1)  0.037
 837 K   0.33900 0.31567 0.23094 0.10101 0.01296 0.00042 ( 1)  0.038
 838 V   0.00000 0.00000 0.00106 0.05075 0.44822 0.49996 ( 6)  0.710
 839 N   0.30338 0.28933 0.23497 0.13515 0.03368 0.00349 ( 1)  0.056
 840 C   0.30700 0.29217 0.23511 0.13196 0.03091 0.00285 ( 1)  0.054
 841 L   0.28127 0.27134 0.23174 0.15235 0.05302 0.01028 ( 1)  0.074
 842 I   0.31249 0.29638 0.23495 0.12687 0.02714 0.00216 ( 1)  0.051
 843 Q   0.25410 0.24789 0.22239 0.16656 0.08032 0.02873 ( 1)  0.106
 844 A   0.28797 0.27693 0.23323 0.14770 0.04669 0.00748 ( 1)  0.068
 845 Q   0.00077 0.02520 0.11797 0.27287 0.33968 0.24352 ( 5)  0.448
 846 L   0.24916 0.24348 0.22005 0.16811 0.08533 0.03386 ( 1)  0.114
 847 G   0.30891 0.29365 0.23512 0.13024 0.02952 0.00255 ( 1)  0.053
 848 C   0.27892 0.26938 0.23120 0.15396 0.05526 0.01129 ( 1)  0.076
 849 I   0.31300 0.29674 0.23488 0.12636 0.02688 0.00214 ( 1)  0.050
 850 P   0.27658 0.26741 0.23061 0.15549 0.05752 0.01239 ( 1)  0.079
 851 I   0.00000 0.00000 0.00002 0.00335 0.13511 0.86152 ( 6)  0.923
 852 Q   0.28533 0.27473 0.23267 0.14955 0.04917 0.00855 ( 1)  0.070
 853 D   0.29163 0.27992 0.23384 0.14492 0.04341 0.00629 ( 1)  0.065
 854 F   0.31188 0.29594 0.23505 0.12749 0.02746 0.00218 ( 1)  0.051
 855 T   0.30525 0.29080 0.23506 0.13352 0.03223 0.00314 ( 1)  0.055
 856 L   0.25894 0.25215 0.22439 0.16455 0.07536 0.02460 ( 1)  0.100
 857 T   0.32326 0.30449 0.23421 0.11666 0.02031 0.00108 ( 1)  0.045
 858 Q   0.28488 0.27435 0.23256 0.14986 0.04960 0.00874 ( 1)  0.071
 859 D   0.32921 0.30883 0.23333 0.11080 0.01711 0.00072 ( 1)  0.042
 860 T   0.00163 0.05243 0.22310 0.40066 0.26465 0.05753 ( 4)  0.255
 861 G   0.25841 0.25170 0.22424 0.16489 0.07590 0.02485 ( 1)  0.100
 862 K   0.00240 0.07576 0.29760 0.43388 0.17413 0.01623 ( 4)  0.182
 863 I   0.34491 0.31973 0.22934 0.09512 0.01063 0.00026 ( 1)  0.036
 864 F   0.31297 0.29677 0.23504 0.12649 0.02670 0.00203 ( 1)  0.050
 865 R   0.33334 0.31176 0.23244 0.10667 0.01522 0.00057 ( 1)  0.040
 866 S   0.00256 0.08042 0.31161 0.43708 0.15703 0.01131 ( 4)  0.171
 867 G   0.25845 0.25173 0.22426 0.16487 0.07587 0.02481 ( 1)  0.100
 868 I   0.00000 0.00006 0.00645 0.10855 0.46556 0.41939 ( 5)  0.647
 869 R   0.33362 0.31196 0.23238 0.10640 0.01509 0.00056 ( 1)  0.040
 870 V   0.00000 0.00175 0.03977 0.23380 0.46106 0.26361 ( 5)  0.512
 871 T   0.30461 0.29030 0.23503 0.13409 0.03272 0.00325 ( 1)  0.055
 872 R   0.33362 0.31196 0.23238 0.10640 0.01509 0.00056 ( 1)  0.040
 873 W   0.25060 0.24478 0.22078 0.16777 0.08390 0.03218 ( 1)  0.112
 874 L   0.27592 0.26678 0.23016 0.15553 0.05831 0.01330 ( 1)  0.080
 875 A   0.00000 0.00000 0.00001 0.00253 0.11368 0.88378 ( 6)  0.935
 876 D   0.30067 0.28717 0.23474 0.13744 0.03589 0.00410 ( 1)  0.058
 877 F   0.00182 0.05839 0.24355 0.41488 0.24034 0.04102 ( 4)  0.231
 878 L   0.23021 0.22631 0.20997 0.17199 0.10401 0.05751 ( 1)  0.146
 879 A   0.00000 0.00180 0.04071 0.23824 0.46346 0.25579 ( 5)  0.506
 880 S   0.28457 0.27407 0.23241 0.14998 0.04995 0.00901 ( 1)  0.071
 881 R   0.00000 0.00000 0.00032 0.01839 0.26410 0.71719 ( 6)  0.839
 882 K   0.32219 0.30362 0.23406 0.11757 0.02125 0.00130 ( 1)  0.046
 883 N   0.00000 0.00000 0.00025 0.01496 0.23424 0.75055 ( 6)  0.858
 884 N   0.30424 0.29000 0.23498 0.13437 0.03305 0.00336 ( 1)  0.056
 885 F   0.30815 0.29305 0.23508 0.13089 0.03012 0.00270 ( 1)  0.053
 886 S   0.00000 0.00002 0.00292 0.05727 0.35473 0.58507 ( 6)  0.754
 887 A   0.29661 0.28396 0.23449 0.14093 0.03911 0.00491 ( 1)  0.061
 888 L   0.27826 0.26878 0.23083 0.15412 0.05601 0.01200 ( 1)  0.077
 889 L   0.27849 0.26897 0.23090 0.15399 0.05579 0.01187 ( 1)  0.077
 890 N   0.30359 0.28949 0.23498 0.13497 0.03352 0.00345 ( 1)  0.056
 891 S   0.28845 0.27731 0.23328 0.14730 0.04629 0.00738 ( 1)  0.067
 892 L   0.00000 0.00043 0.01077 0.08195 0.30860 0.59826 ( 6)  0.751
 893 I   0.00182 0.05839 0.24336 0.41407 0.24034 0.04201 ( 4)  0.232
 894 L   0.27834 0.26884 0.23085 0.15407 0.05594 0.01196 ( 1)  0.077
 895 A   0.29427 0.28207 0.23422 0.14285 0.04109 0.00550 ( 1)  0.063
 896 K   0.30413 0.28988 0.23488 0.13439 0.03324 0.00348 ( 1)  0.056
 897 C   0.30700 0.29217 0.23511 0.13196 0.03091 0.00285 ( 1)  0.054
 898 F   0.27985 0.27016 0.23144 0.15336 0.05436 0.01084 ( 1)  0.075
 899 R   0.30196 0.28820 0.23486 0.13635 0.03483 0.00380 ( 1)  0.057
 900 C   0.27070 0.26237 0.22873 0.15881 0.06342 0.01598 ( 1)  0.085
 901 K   0.00000 0.00013 0.01377 0.19646 0.55795 0.23169 ( 5)  0.516
 902 L   0.29162 0.27991 0.23381 0.14489 0.04344 0.00633 ( 1)  0.065
 903 W   0.25060 0.24478 0.22078 0.16777 0.08390 0.03218 ( 1)  0.112
 904 E   0.33277 0.31135 0.23256 0.10725 0.01548 0.00059 ( 1)  0.041
 905 N   0.33758 0.31472 0.23143 0.10244 0.01339 0.00043 ( 1)  0.039
 906 S   0.28442 0.27395 0.23239 0.15009 0.05009 0.00907 ( 1)  0.071
 907 L   0.28998 0.27857 0.23354 0.14614 0.04491 0.00686 ( 1)  0.066
 908 H   0.31323 0.29697 0.23505 0.12626 0.02651 0.00199 ( 1)  0.050
 909 V   0.28597 0.27524 0.23271 0.14898 0.04863 0.00847 ( 1)  0.070
 910 S   0.29231 0.28047 0.23391 0.14435 0.04283 0.00612 ( 1)  0.064
 911 K   0.33713 0.31436 0.23139 0.10288 0.01376 0.00049 ( 1)  0.039
 912 Q   0.27926 0.26965 0.23123 0.15365 0.05496 0.01124 ( 1)  0.076
 913 L   0.25673 0.25020 0.22343 0.16538 0.07762 0.02664 ( 1)  0.103
 914 E   0.33277 0.31135 0.23256 0.10725 0.01548 0.00059 ( 1)  0.041
 915 K   0.33747 0.31461 0.23134 0.10254 0.01358 0.00046 ( 1)  0.039
 916 I   0.31249 0.29638 0.23495 0.12687 0.02714 0.00216 ( 1)  0.051
 917 G   0.29964 0.28638 0.23477 0.13841 0.03661 0.00420 ( 1)  0.059
 918 V   0.31539 0.29860 0.23490 0.12420 0.02513 0.00178 ( 1)  0.049
 919 S   0.28359 0.27326 0.23220 0.15066 0.05087 0.00942 ( 1)  0.072
 920 L   0.24064 0.23580 0.21568 0.17017 0.09384 0.04388 ( 1)  0.128
 921 S   0.00118 0.03827 0.17073 0.34782 0.31580 0.12620 ( 4)  0.335
 922 N   0.33657 0.31401 0.23166 0.10345 0.01385 0.00047 ( 1)  0.039
 923 A   0.00125 0.04063 0.17999 0.35953 0.30922 0.10937 ( 4)  0.318
 924 M   0.34211 0.31789 0.23034 0.09791 0.01145 0.00029 ( 1)  0.037
 925 V   0.31895 0.30129 0.23465 0.12082 0.02287 0.00142 ( 1)  0.047
 926 N   0.33758 0.31472 0.23143 0.10244 0.01339 0.00043 ( 1)  0.039
 927 A   0.28797 0.27693 0.23323 0.14770 0.04669 0.00748 ( 1)  0.068
 928 G   0.27515 0.26619 0.23017 0.15632 0.05895 0.01322 ( 1)  0.080
 929 L   0.22900 0.22521 0.20929 0.17217 0.10518 0.05916 ( 1)  0.148
 930 T   0.31094 0.29521 0.23508 0.12837 0.02811 0.00229 ( 1)  0.051
 931 S   0.00000 0.00109 0.02556 0.16583 0.41962 0.38790 ( 5)  0.605
 932 F   0.31240 0.29633 0.23505 0.12701 0.02710 0.00211 ( 1)  0.051
 933 K   0.00256 0.08054 0.31156 0.43590 0.15743 0.01201 ( 4)  0.172
 934 K   0.33900 0.31567 0.23094 0.10101 0.01296 0.00042 ( 1)  0.038
 935 I   0.33732 0.31451 0.23139 0.10269 0.01363 0.00047 ( 1)  0.039
 936 E   0.00238 0.07532 0.29685 0.43546 0.17466 0.01532 ( 4)  0.182
 937 D   0.00000 0.00003 0.00351 0.06683 0.38317 0.54647 ( 6)  0.730
 938 I   0.00000 0.00000 0.00108 0.05155 0.45365 0.49371 ( 6)  0.706
 939 N   0.33590 0.31354 0.23180 0.10412 0.01415 0.00050 ( 1)  0.039
 940 A   0.00160 0.05141 0.21959 0.39827 0.26891 0.06021 ( 4)  0.259
 941 R   0.31042 0.29478 0.23500 0.12878 0.02858 0.00244 ( 1)  0.052
 942 E   0.32539 0.30602 0.23382 0.11453 0.01925 0.00098 ( 1)  0.044
 943 L   0.28150 0.27154 0.23182 0.15222 0.05279 0.01014 ( 1)  0.074
 944 E   0.33277 0.31135 0.23256 0.10725 0.01548 0.00059 ( 1)  0.041
 945 L   0.25911 0.25230 0.22446 0.16447 0.07519 0.02447 ( 1)  0.100
 946 I   0.31232 0.29623 0.23489 0.12698 0.02734 0.00223 ( 1)  0.051
 947 L   0.27725 0.26791 0.23050 0.15467 0.05702 0.01264 ( 1)  0.079
 948 N   0.30338 0.28933 0.23497 0.13515 0.03368 0.00349 ( 1)  0.056
 949 R   0.33362 0.31196 0.23238 0.10640 0.01509 0.00056 ( 1)  0.040
 950 H   0.31766 0.30034 0.23483 0.12209 0.02358 0.00150 ( 1)  0.048
 951 P   0.27610 0.26700 0.23047 0.15578 0.05799 0.01264 ( 1)  0.079
 952 P   0.27708 0.26783 0.23074 0.15518 0.05704 0.01213 ( 1)  0.078
 953 F   0.31297 0.29677 0.23504 0.12649 0.02670 0.00203 ( 1)  0.050
 954 G   0.30869 0.29348 0.23512 0.13044 0.02969 0.00259 ( 1)  0.053
 955 N   0.30338 0.28933 0.23497 0.13515 0.03368 0.00349 ( 1)  0.056
 956 Q   0.25410 0.24789 0.22239 0.16656 0.08032 0.02873 ( 1)  0.106
 957 I   0.34438 0.31936 0.22948 0.09565 0.01085 0.00028 ( 1)  0.036
 958 K   0.33834 0.31521 0.23110 0.10167 0.01324 0.00044 ( 1)  0.038
 959 E   0.32278 0.30411 0.23416 0.11708 0.02071 0.00116 ( 1)  0.045
 960 S   0.29231 0.28047 0.23391 0.14435 0.04283 0.00612 ( 1)  0.064
 961 V   0.29715 0.28437 0.23450 0.14044 0.03870 0.00485 ( 1)  0.061
 962 L   0.26014 0.25320 0.22485 0.16398 0.07413 0.02370 ( 1)  0.098
 963 H   0.00137 0.04439 0.19394 0.37379 0.29544 0.09107 ( 4)  0.296
 964 L   0.29169 0.27997 0.23382 0.14483 0.04338 0.00631 ( 1)  0.065
 965 P   0.29133 0.27968 0.23381 0.14517 0.04366 0.00635 ( 1)  0.065
 966 K   0.33732 0.31449 0.23134 0.10269 0.01369 0.00048 ( 1)  0.039
 967 Y   0.30331 0.28924 0.23483 0.13510 0.03389 0.00364 ( 1)  0.056
 968 E   0.33277 0.31135 0.23256 0.10725 0.01548 0.00059 ( 1)  0.041
 969 L   0.29186 0.28010 0.23385 0.14470 0.04323 0.00626 ( 1)  0.065
 970 D   0.00000 0.00184 0.04156 0.24174 0.46390 0.25096 ( 5)  0.502
 971 I   0.00179 0.05747 0.24023 0.41203 0.24408 0.04439 ( 4)  0.235
 972 E   0.33277 0.31135 0.23256 0.10725 0.01548 0.00059 ( 1)  0.041
 973 Q   0.25410 0.24789 0.22239 0.16656 0.08032 0.02873 ( 1)  0.106
 974 L   0.29148 0.27979 0.23378 0.14500 0.04357 0.00638 ( 1)  0.065
 975 A   0.00000 0.00115 0.02709 0.17418 0.42883 0.36875 ( 5)  0.592
 976 K   0.33799 0.31496 0.23118 0.10202 0.01339 0.00046 ( 1)  0.039
 977 Y   0.26223 0.25502 0.22567 0.16304 0.07201 0.02204 ( 1)  0.096
 978 S   0.32845 0.30828 0.23345 0.11156 0.01751 0.00076 ( 1)  0.042
 979 D   0.32236 0.30383 0.23431 0.11753 0.02083 0.00114 ( 1)  0.045
 980 T   0.00000 0.00145 0.03501 0.22864 0.48939 0.24550 ( 5)  0.505
 981 L   0.00000 0.00063 0.01528 0.10947 0.35471 0.51991 ( 6)  0.698
 982 A   0.28130 0.27138 0.23180 0.15239 0.05296 0.01017 ( 1)  0.074
 983 E   0.33277 0.31135 0.23256 0.10725 0.01548 0.00059 ( 1)  0.041
 984 I   0.28169 0.27168 0.23179 0.15199 0.05266 0.01020 ( 1)  0.074
 985 L   0.27775 0.26833 0.23066 0.15440 0.05653 0.01233 ( 1)  0.078
 986 V   0.31988 0.30198 0.23457 0.11993 0.02230 0.00134 ( 1)  0.046
 987 T   0.00083 0.02722 0.12646 0.28661 0.33887 0.22001 ( 5)  0.427
 988 I   0.00000 0.00000 0.00000 0.00103 0.06422 0.93475 ( 6)  0.964
 989 K   0.00000 0.00000 0.00011 0.01527 0.32280 0.66182 ( 6)  0.810
 990 L   0.27564 0.26654 0.23005 0.15566 0.05859 0.01351 ( 1)  0.080
 991 T   0.32208 0.30362 0.23435 0.11780 0.02098 0.00116 ( 1)  0.045
 992 N   0.30389 0.28973 0.23498 0.13470 0.03330 0.00341 ( 1)  0.056
 993 F   0.00170 0.05445 0.22999 0.40527 0.25631 0.05228 ( 4)  0.247
 994 E   0.30324 0.28918 0.23483 0.13517 0.03393 0.00365 ( 1)  0.056
 995 Q   0.25644 0.24995 0.22333 0.16554 0.07792 0.02682 ( 1)  0.103
 996 L   0.26230 0.25510 0.22574 0.16307 0.07193 0.02186 ( 1)  0.095
 997 Q   0.25578 0.24937 0.22307 0.16585 0.07860 0.02733 ( 1)  0.104
 998 T   0.00000 0.00296 0.06387 0.32821 0.46292 0.14203 ( 5)  0.408
 999 K   0.00000 0.00183 0.04128 0.23982 0.46113 0.25594 ( 5)  0.505
1000 R   0.33290 0.31144 0.23253 0.10712 0.01543 0.00059 ( 1)  0.040
1001 T   0.31871 0.30111 0.23469 0.12106 0.02299 0.00144 ( 1)  0.047
1002 A   0.27803 0.26861 0.23093 0.15449 0.05615 0.01180 ( 1)  0.077
1003 P   0.00000 0.00003 0.00377 0.07094 0.39453 0.53073 ( 6)  0.720
1004 D   0.00140 0.04540 0.19770 0.37769 0.29187 0.08594 ( 4)  0.290
1005 F   0.31221 0.29618 0.23505 0.12719 0.02724 0.00214 ( 1)  0.051
1006 H   0.28107 0.27119 0.23177 0.15257 0.05316 0.01024 ( 1)  0.074
1007 Y   0.30435 0.29005 0.23488 0.13419 0.03308 0.00344 ( 1)  0.056
1008 V   0.00153 0.04944 0.21239 0.39131 0.27635 0.06898 ( 4)  0.269
1009 T   0.00201 0.06409 0.26226 0.42477 0.21729 0.02957 ( 4)  0.212
1010 L   0.25708 0.25048 0.22348 0.16507 0.07725 0.02663 ( 1)  0.103
1011 V   0.00000 0.00000 0.00009 0.00610 0.13692 0.85689 ( 6)  0.920
1012 I   0.00000 0.00501 0.10094 0.43475 0.40039 0.05891 ( 4)  0.316
1013 G   0.30950 0.29410 0.23512 0.12971 0.02910 0.00247 ( 1)  0.052
1014 D   0.32874 0.30849 0.23340 0.11127 0.01735 0.00075 ( 1)  0.042
1015 A   0.00128 0.04139 0.18286 0.36274 0.30667 0.10507 ( 4)  0.313
1016 D   0.29216 0.28035 0.23391 0.14449 0.04295 0.00614 ( 1)  0.064
1017 N   0.32169 0.30329 0.23426 0.11812 0.02137 0.00126 ( 1)  0.046
1018 Q   0.00120 0.03902 0.17374 0.35193 0.31405 0.12006 ( 4)  0.329
1019 V   0.27897 0.26939 0.23111 0.15378 0.05527 0.01148 ( 1)  0.076
1020 I   0.00180 0.05752 0.24042 0.41216 0.24386 0.04424 ( 4)  0.235
1021 F   0.00182 0.05839 0.24355 0.41488 0.24034 0.04102 ( 4)  0.231
1022 K   0.00000 0.00006 0.00699 0.11895 0.49920 0.37479 ( 5)  0.619
1023 Q   0.25410 0.24789 0.22239 0.16656 0.08032 0.02873 ( 1)  0.106
1024 K   0.33799 0.31496 0.23119 0.10202 0.01338 0.00045 ( 1)  0.039
1025 I   0.32120 0.30287 0.23411 0.11850 0.02190 0.00141 ( 1)  0.046
1026 M   0.34211 0.31789 0.23034 0.09791 0.01145 0.00029 ( 1)  0.037
1027 D   0.32921 0.30883 0.23333 0.11080 0.01711 0.00072 ( 1)  0.042
1028 S   0.29134 0.27968 0.23375 0.14508 0.04369 0.00646 ( 1)  0.065
1029 V   0.00000 0.00000 0.00018 0.01133 0.19863 0.78986 ( 6)  0.881
1030 L   0.24140 0.23649 0.21611 0.17006 0.09310 0.04284 ( 1)  0.126
1031 L   0.23170 0.22768 0.21083 0.17183 0.10259 0.05538 ( 1)  0.143
1032 K   0.00254 0.08002 0.31006 0.43577 0.15920 0.01241 ( 4)  0.173
1033 T   0.00000 0.00195 0.04392 0.25175 0.46595 0.23642 ( 5)  0.490
1034 G   0.30659 0.29185 0.23509 0.13233 0.03123 0.00291 ( 1)  0.054
1035 N   0.00250 0.07889 0.30717 0.43654 0.16234 0.01256 ( 4)  0.174
1036 W   0.25060 0.24478 0.22078 0.16777 0.08390 0.03218 ( 1)  0.112
1037 T   0.00000 0.00000 0.00002 0.00246 0.11586 0.88166 ( 6)  0.934
1038 K   0.30300 0.28900 0.23485 0.13540 0.03408 0.00366 ( 1)  0.057
1039 K   0.33848 0.31530 0.23107 0.10153 0.01318 0.00044 ( 1)  0.038
1040 I   0.31239 0.29628 0.23489 0.12692 0.02729 0.00223 ( 1)  0.051
1041 E   0.33253 0.31118 0.23261 0.10748 0.01560 0.00060 ( 1)  0.041
1042 V   0.28137 0.27143 0.23178 0.15231 0.05292 0.01020 ( 1)  0.074
1043 K   0.00000 0.00014 0.01471 0.20682 0.56439 0.21394 ( 5)  0.503
1044 R   0.33362 0.31196 0.23238 0.10640 0.01509 0.00056 ( 1)  0.040
1045 A   0.00123 0.04009 0.17792 0.35715 0.31101 0.11260 ( 4)  0.321
1046 V   0.00000 0.00000 0.00000 0.00037 0.04842 0.95121 ( 6)  0.973
1047 R   0.00000 0.00468 0.09527 0.42006 0.41138 0.06860 ( 4)  0.328
1048 S   0.28445 0.27398 0.23239 0.15007 0.05006 0.00905 ( 1)  0.071
1049 E   0.00177 0.05666 0.23771 0.41120 0.24743 0.04522 ( 4)  0.237
1050 D   0.00000 0.00003 0.00336 0.06451 0.37693 0.55517 ( 6)  0.736
1051 F   0.00000 0.00197 0.04417 0.25161 0.46243 0.23982 ( 5)  0.492
1052 S   0.00000 0.00378 0.07922 0.37806 0.44308 0.09585 ( 5)  0.362
1053 I   0.34491 0.31973 0.22934 0.09512 0.01063 0.00026 ( 1)  0.036
1054 N   0.00250 0.07892 0.30720 0.43644 0.16233 0.01261 ( 4)  0.174
1055 L   0.27849 0.26897 0.23090 0.15399 0.05579 0.01187 ( 1)  0.077
1056 V   0.00176 0.05646 0.23684 0.40987 0.24817 0.04690 ( 4)  0.239
1057 S   0.32921 0.30883 0.23333 0.11080 0.01710 0.00072 ( 1)  0.042
1058 S   0.29231 0.28047 0.23391 0.14435 0.04283 0.00612 ( 1)  0.064
1059 D   0.32921 0.30883 0.23333 0.11080 0.01711 0.00072 ( 1)  0.042
1060 Y   0.00158 0.05099 0.21777 0.39536 0.27008 0.06422 ( 4)  0.263
1061 V   0.30150 0.28784 0.23485 0.13678 0.03517 0.00387 ( 1)  0.057
1062 G   0.25810 0.25143 0.22412 0.16502 0.07622 0.02511 ( 1)  0.101
1063 L   0.00000 0.00144 0.03314 0.20367 0.44833 0.31342 ( 5)  0.550
1064 D   0.32677 0.30706 0.23371 0.11321 0.01840 0.00086 ( 1)  0.043
1065 I   0.00000 0.00000 0.00174 0.07508 0.52866 0.39453 ( 5)  0.645
1066 Q   0.00000 0.00050 0.01235 0.09197 0.32736 0.56782 ( 6)  0.731
1067 Q   0.00000 0.00000 0.00010 0.00660 0.14451 0.84880 ( 6)  0.915
1068 A   0.00000 0.00000 0.00000 0.00076 0.07712 0.92212 ( 6)  0.957
1069 F   0.00000 0.00003 0.00404 0.07483 0.40229 0.51880 ( 6)  0.712
1070 T   0.32255 0.30397 0.23429 0.11734 0.02071 0.00113 ( 1)  0.045
1071 A   0.00000 0.00053 0.01318 0.09689 0.33477 0.55462 ( 6)  0.722
1072 F   0.30629 0.29160 0.23504 0.13256 0.03151 0.00302 ( 1)  0.054
1073 Y   0.26223 0.25502 0.22567 0.16304 0.07201 0.02204 ( 1)  0.096
1074 L   0.27788 0.26845 0.23072 0.15435 0.05639 0.01222 ( 1)  0.078
1075 G   0.00000 0.00000 0.00000 0.00049 0.06433 0.93518 ( 6)  0.964
1076 P   0.00000 0.00088 0.02110 0.14270 0.39875 0.43657 ( 6)  0.641
1077 K   0.00000 0.00012 0.01340 0.19355 0.56090 0.23202 ( 5)  0.517
1078 T   0.00000 0.00000 0.00002 0.00426 0.15645 0.83926 ( 6)  0.910
1079 L   0.00000 0.00000 0.00000 0.00018 0.03061 0.96920 ( 6)  0.983
1080 G   0.30950 0.29410 0.23512 0.12971 0.02910 0.00247 ( 1)  0.052
1081 S   0.00000 0.00000 0.00000 0.00001 0.01021 0.98978 ( 6)  0.994
1082 K   0.32929 0.30879 0.23300 0.11064 0.01744 0.00084 ( 1)  0.042
1083 I   0.00000 0.00000 0.00010 0.00696 0.15433 0.83861 ( 6)  0.909
1084 I   0.00000 0.00000 0.00000 0.00011 0.03146 0.96844 ( 6)  0.983
1085 I   0.00000 0.00000 0.00008 0.01149 0.28037 0.70807 ( 6)  0.836
1086 N   0.00256 0.08053 0.31188 0.43695 0.15675 0.01133 ( 4)  0.171
1087 Q   0.00000 0.00000 0.00013 0.00834 0.16342 0.82811 ( 6)  0.903
1088 K   0.00000 0.00448 0.09164 0.41053 0.41828 0.07507 ( 5)  0.336
1089 L   0.00052 0.01731 0.08372 0.21121 0.32765 0.35959 ( 6)  0.546
1090 K   0.00000 0.00013 0.01404 0.19919 0.55847 0.22816 ( 5)  0.513
1091 D   0.00000 0.00002 0.00253 0.05085 0.33401 0.61259 ( 6)  0.771
1092 D   0.00000 0.00000 0.00000 0.00000 0.00377 0.99623 ( 6)  0.998
1093 S   0.29231 0.28047 0.23391 0.14435 0.04283 0.00612 ( 1)  0.064
1094 S   0.00000 0.00000 0.00023 0.01398 0.22576 0.76003 ( 6)  0.864
1095 L   0.00000 0.00000 0.00021 0.01311 0.21760 0.76907 ( 6)  0.869
1096 D   0.00000 0.00373 0.07828 0.37522 0.44460 0.09817 ( 5)  0.364
1097 T   0.00000 0.00000 0.00000 0.00000 0.00002 0.99998 ( 6)  1.000
1098 C   0.00000 0.00000 0.00001 0.00190 0.09686 0.90124 ( 6)  0.945
1099 H   0.00000 0.00000 0.00000 0.00070 0.07260 0.92670 ( 6)  0.959
1100 G   0.00076 0.02500 0.11715 0.27165 0.34001 0.24543 ( 5)  0.450
1101 K   0.00000 0.00014 0.01516 0.21161 0.56650 0.20659 ( 5)  0.497
1102 M   0.00000 0.00000 0.00001 0.00202 0.12331 0.87466 ( 6)  0.930
1103 N   0.00000 0.00011 0.01213 0.18028 0.55702 0.25046 ( 5)  0.531
1104 T   0.00000 0.00000 0.00005 0.00766 0.21833 0.77397 ( 6)  0.873
1105 G   0.00171 0.05487 0.23160 0.40708 0.25478 0.04996 ( 4)  0.244
1106 D   0.00000 0.00000 0.00008 0.00555 0.12927 0.86510 ( 6)  0.924
1107 K   0.00000 0.00011 0.01188 0.17688 0.55210 0.25904 ( 5)  0.537
1108 S   0.00133 0.04297 0.18880 0.36904 0.30100 0.09685 ( 4)  0.303
1109 K   0.00000 0.00470 0.09546 0.42031 0.41083 0.06871 ( 4)  0.328
1110 Q   0.00000 0.00000 0.00019 0.01197 0.20505 0.78279 ( 6)  0.877
1111 E   0.00153 0.04934 0.21203 0.39110 0.27685 0.06916 ( 4)  0.270
1112 N   0.00000 0.00000 0.00000 0.00016 0.04074 0.95910 ( 6)  0.977
1113 T   0.00000 0.00000 0.00001 0.00160 0.08543 0.91297 ( 6)  0.952
1114 C   0.00000 0.00000 0.00000 0.00017 0.02877 0.97106 ( 6)  0.984
1115 R   0.00000 0.00000 0.00002 0.00347 0.13775 0.85876 ( 6)  0.921
1116 K   0.00000 0.00467 0.09481 0.41711 0.41068 0.07273 ( 4)  0.331
1117 Y   0.29650 0.28382 0.23430 0.14085 0.03937 0.00515 ( 1)  0.061
1118 G   0.00143 0.04614 0.20032 0.37984 0.28890 0.08337 ( 4)  0.287
1119 N   0.30338 0.28933 0.23497 0.13515 0.03368 0.00349 ( 1)  0.056
1120 R   0.33267 0.31127 0.23257 0.10735 0.01554 0.00060 ( 1)  0.041
1121 E   0.32921 0.30880 0.23322 0.11077 0.01723 0.00076 ( 1)  0.042
1122 C   0.27438 0.26553 0.22992 0.15675 0.05972 0.01369 ( 1)  0.081
1123 N   0.00000 0.00192 0.04314 0.24840 0.46515 0.24140 ( 5)  0.494
1124 H   0.31039 0.29480 0.23512 0.12889 0.02846 0.00234 ( 1)  0.052
1125 H   0.00000 0.00053 0.01312 0.09662 0.33479 0.55493 ( 6)  0.722
1126 C   0.30700 0.29217 0.23511 0.13196 0.03091 0.00285 ( 1)  0.054
1127 K   0.33900 0.31567 0.23094 0.10101 0.01296 0.00042 ( 1)  0.038
1128 N   0.33641 0.31390 0.23169 0.10361 0.01392 0.00047 ( 1)  0.039
1129 K   0.33787 0.31488 0.23121 0.10214 0.01344 0.00046 ( 1)  0.039
1130 D   0.32874 0.30849 0.23340 0.11127 0.01735 0.00075 ( 1)  0.042
1131 V   0.00110 0.03589 0.16149 0.33640 0.32255 0.14256 ( 4)  0.352
1132 C   0.30700 0.29217 0.23511 0.13196 0.03091 0.00285 ( 1)  0.054
1133 G   0.30028 0.28687 0.23476 0.13781 0.03616 0.00413 ( 1)  0.058
1134 H   0.31766 0.30034 0.23483 0.12209 0.02358 0.00150 ( 1)  0.048
1135 D   0.29180 0.28006 0.23386 0.14478 0.04326 0.00624 ( 1)  0.065
1136 C   0.26743 0.25957 0.22769 0.16065 0.06669 0.01797 ( 1)  0.089
1137 C   0.30700 0.29217 0.23511 0.13196 0.03091 0.00285 ( 1)  0.054
1138 K   0.33900 0.31567 0.23094 0.10101 0.01296 0.00042 ( 1)  0.038
1139 T   0.00162 0.05200 0.22157 0.39940 0.26637 0.05904 ( 4)  0.257
1140 G   0.30891 0.29365 0.23512 0.13024 0.02953 0.00255 ( 1)  0.053
1141 V   0.31183 0.29590 0.23508 0.12754 0.02747 0.00217 ( 1)  0.051
1142 S   0.00000 0.00000 0.00000 0.00026 0.03871 0.96103 ( 6)  0.978
1143 P   0.00000 0.00000 0.00020 0.01219 0.20886 0.77875 ( 6)  0.875
1144 K   0.00000 0.00194 0.04350 0.24931 0.46352 0.24173 ( 5)  0.494
1145 L   0.00124 0.04031 0.17866 0.35747 0.30961 0.11271 ( 4)  0.321
1146 E   0.00000 0.00116 0.02715 0.17395 0.42656 0.37118 ( 5)  0.593
1147 M   0.00000 0.00524 0.10517 0.44731 0.39288 0.04940 ( 4)  0.305
1148 K   0.00000 0.00000 0.00105 0.05008 0.44583 0.50305 ( 6)  0.712
1149 D   0.00200 0.06381 0.26143 0.42464 0.21836 0.02975 ( 4)  0.212
1150 S   0.00000 0.00155 0.03546 0.21413 0.45216 0.29670 ( 5)  0.537
1151 K   0.00000 0.00000 0.00000 0.00062 0.06722 0.93215 ( 6)  0.962
1152 F   0.00182 0.05819 0.24287 0.41446 0.24115 0.04151 ( 4)  0.232
1153 S   0.00000 0.00000 0.00024 0.01435 0.22892 0.75649 ( 6)  0.862
1154 L   0.00000 0.00000 0.00000 0.00012 0.02384 0.97603 ( 6)  0.987
1155 Y   0.26274 0.25547 0.22587 0.16280 0.07148 0.02164 ( 1)  0.095
1156 L   0.25976 0.25283 0.22453 0.16386 0.07452 0.02450 ( 1)  0.099
1157 A   0.28797 0.27693 0.23323 0.14770 0.04669 0.00748 ( 1)  0.068
1158 D   0.32760 0.30766 0.23358 0.11239 0.01796 0.00081 ( 1)  0.043
1159 L   0.27849 0.26897 0.23090 0.15399 0.05579 0.01187 ( 1)  0.077
1160 R   0.00150 0.04848 0.20907 0.38895 0.28040 0.07160 ( 4)  0.273
1161 S   0.29163 0.27992 0.23384 0.14492 0.04341 0.00629 ( 1)  0.065
1162 R   0.30056 0.28710 0.23480 0.13759 0.03591 0.00405 ( 1)  0.058
1163 D   0.00000 0.00189 0.04267 0.24642 0.46475 0.24427 ( 5)  0.496
1164 S   0.28411 0.27370 0.23235 0.15034 0.05035 0.00914 ( 1)  0.071
1165 V   0.00000 0.00000 0.00000 0.00064 0.06842 0.93094 ( 6)  0.962
1166 S   0.28398 0.27359 0.23229 0.15040 0.05050 0.00925 ( 1)  0.072
1167 S   0.00131 0.04249 0.18696 0.36704 0.30270 0.09950 ( 4)  0.306
1168 V   0.00000 0.00000 0.00085 0.04215 0.41136 0.54564 ( 6)  0.738
1169 L   0.00054 0.01790 0.08640 0.21677 0.33070 0.34769 ( 6)  0.537
1170 P   0.29261 0.28072 0.23401 0.14418 0.04252 0.00596 ( 1)  0.064
1171 V   0.31988 0.30198 0.23457 0.11993 0.02230 0.00134 ( 1)  0.046
1172 K   0.33023 0.30948 0.23286 0.10972 0.01694 0.00077 ( 1)  0.042
1173 R   0.25802 0.25135 0.22405 0.16500 0.07631 0.02528 ( 1)  0.101
1174 L   0.27477 0.26582 0.22985 0.15626 0.05943 0.01387 ( 1)  0.081
1175 K   0.30300 0.28900 0.23485 0.13540 0.03408 0.00366 ( 1)  0.057
1176 M   0.00000 0.00509 0.10268 0.44132 0.39813 0.05277 ( 4)  0.310
1177 Q   0.25410 0.24789 0.22239 0.16656 0.08032 0.02873 ( 1)  0.106
1178 M   0.34211 0.31789 0.23034 0.09791 0.01145 0.00029 ( 1)  0.037
1179 N   0.00256 0.08045 0.31164 0.43693 0.15703 0.01139 ( 4)  0.171
1180 Q   0.00100 0.03253 0.14812 0.31844 0.33056 0.16935 ( 5)  0.379
1181 S   0.00000 0.00000 0.00016 0.01032 0.18883 0.80069 ( 6)  0.887
1182 Q   0.00000 0.00141 0.03265 0.20112 0.44599 0.31883 ( 5)  0.554
1183 N   0.00000 0.00000 0.00116 0.05446 0.46006 0.48432 ( 6)  0.700
1184 V   0.27654 0.26736 0.23052 0.15542 0.05760 0.01255 ( 1)  0.079
1185 D   0.32787 0.30785 0.23354 0.11213 0.01781 0.00080 ( 1)  0.043
1186 L   0.25276 0.24670 0.22178 0.16703 0.08169 0.03004 ( 1)  0.108
1187 S   0.00000 0.00000 0.00053 0.03017 0.36780 0.60150 ( 6)  0.772
1188 Q   0.00000 0.00002 0.00242 0.04899 0.32699 0.62158 ( 6)  0.777
1189 F   0.31272 0.29658 0.23504 0.12672 0.02687 0.00206 ( 1)  0.050
1190 V   0.00000 0.00000 0.00000 0.00000 0.00546 0.99454 ( 6)  0.997
1191 F   0.31267 0.29654 0.23504 0.12676 0.02691 0.00207 ( 1)  0.050
1192 T   0.00000 0.00000 0.00004 0.00628 0.19870 0.79499 ( 6)  0.885
1193 R   0.00000 0.00053 0.01314 0.09690 0.33616 0.55327 ( 6)  0.721
1194 K   0.33168 0.31050 0.23257 0.10829 0.01625 0.00071 ( 1)  0.041
1195 S   0.00000 0.00002 0.00267 0.05326 0.34191 0.60214 ( 6)  0.765
1196 S   0.00000 0.00000 0.00000 0.00003 0.01273 0.98724 ( 6)  0.993
1197 M   0.00168 0.05405 0.22850 0.40375 0.25781 0.05421 ( 4)  0.249
1198 P   0.28992 0.27853 0.23358 0.14625 0.04492 0.00681 ( 1)  0.066
1199 A   0.00000 0.00154 0.03534 0.21399 0.45366 0.29547 ( 5)  0.537
1200 L   0.00000 0.00001 0.00109 0.02493 0.22400 0.74996 ( 6)  0.855
1201 P   0.00000 0.00000 0.00001 0.00194 0.09673 0.90132 ( 6)  0.945
1202 R   0.30100 0.28744 0.23481 0.13719 0.03557 0.00398 ( 1)  0.058
1203 S   0.29191 0.28015 0.23385 0.14466 0.04318 0.00624 ( 1)  0.065
1204 D   0.00000 0.00000 0.00000 0.00026 0.03927 0.96046 ( 6)  0.978
1205 N   0.00000 0.00440 0.09042 0.40847 0.42162 0.07509 ( 5)  0.337
1206 K   0.00000 0.00457 0.09334 0.41490 0.41499 0.07220 ( 5)  0.332
1207 S   0.00000 0.00000 0.00000 0.00002 0.01005 0.98993 ( 6)  0.994
1208 S   0.00000 0.00000 0.00000 0.00026 0.03820 0.96155 ( 6)  0.979
1209 S   0.00000 0.00150 0.03452 0.21014 0.45166 0.30218 ( 5)  0.542
1210 S   0.00000 0.00000 0.00000 0.00005 0.01817 0.98178 ( 6)  0.990
1211 W   0.00000 0.00000 0.00009 0.00647 0.14231 0.85112 ( 6)  0.916
1212 P   0.00000 0.00000 0.00012 0.00784 0.16017 0.83187 ( 6)  0.905
1213 S   0.00118 0.03825 0.17066 0.34777 0.31589 0.12626 ( 4)  0.335
1214 V   0.00000 0.00095 0.02251 0.15008 0.40571 0.42076 ( 6)  0.629
1215 D   0.00000 0.00000 0.00000 0.00002 0.01312 0.98687 ( 6)  0.993
1216 Q   0.00000 0.00000 0.00007 0.00477 0.11738 0.87779 ( 6)  0.931
1217 E   0.00000 0.00000 0.00000 0.00002 0.01586 0.98412 ( 6)  0.991
1218 D   0.00000 0.00379 0.07948 0.37893 0.44274 0.09505 ( 5)  0.361
1219 N   0.00000 0.00000 0.00080 0.03985 0.39618 0.56317 ( 6)  0.748
1220 I   0.00000 0.00000 0.00000 0.00001 0.01211 0.98788 ( 6)  0.993
1221 N   0.00254 0.08003 0.31042 0.43678 0.15849 0.01174 ( 4)  0.172
1222 V   0.00000 0.00000 0.00000 0.00000 0.00564 0.99435 ( 6)  0.997
1223 V   0.00103 0.03368 0.15260 0.32400 0.32715 0.16154 ( 5)  0.370
1224 G   0.00171 0.05499 0.23201 0.40734 0.25427 0.04967 ( 4)  0.244
1225 R   0.00000 0.00000 0.00000 0.00009 0.03172 0.96819 ( 6)  0.982
1226 S   0.00000 0.00138 0.03191 0.19778 0.44480 0.32414 ( 5)  0.559
1227 K   0.00000 0.00460 0.09383 0.41607 0.41395 0.07155 ( 4)  0.331
1228 P   0.00000 0.00000 0.00014 0.00918 0.17566 0.81502 ( 6)  0.896
1229 Q   0.00112 0.03649 0.16387 0.33966 0.32132 0.13755 ( 4)  0.347
1230 S   0.00068 0.02255 0.10667 0.25381 0.33901 0.27727 ( 5)  0.477
1231 W   0.25060 0.24478 0.22078 0.16777 0.08390 0.03218 ( 1)  0.112
1232 N   0.00000 0.00000 0.00008 0.01194 0.28432 0.70366 ( 6)  0.834
1233 Y   0.00000 0.00183 0.04122 0.23942 0.46053 0.25700 ( 5)  0.506
1234 G   0.00000 0.00218 0.04860 0.27112 0.46890 0.20919 ( 5)  0.467
1235 N   0.00000 0.00199 0.04453 0.25354 0.46401 0.23592 ( 5)  0.489
1236 E   0.00000 0.00000 0.00000 0.00000 0.00095 0.99905 ( 6)  0.999
1237 T   0.00000 0.00000 0.00001 0.00211 0.10175 0.89613 ( 6)  0.942
1238 L   0.00000 0.00000 0.00006 0.00462 0.11499 0.88033 ( 6)  0.933
1239 N   0.00000 0.00000 0.00001 0.00250 0.16081 0.83669 ( 6)  0.909
1240 I   0.00000 0.00001 0.00108 0.02556 0.23687 0.73648 ( 6)  0.847
1241 N   0.00000 0.00000 0.00029 0.01724 0.25379 0.72868 ( 6)  0.846
1242 F   0.00000 0.00004 0.00472 0.08537 0.43012 0.47975 ( 6)  0.688
1243 E   0.00233 0.07374 0.29209 0.43441 0.18047 0.01697 ( 4)  0.186
1244 L   0.00053 0.01747 0.08439 0.21242 0.32788 0.35732 ( 6)  0.544
1245 E   0.00000 0.00000 0.00000 0.00169 0.12504 0.87327 ( 6)  0.930
1246 N   0.00000 0.00000 0.00111 0.05285 0.45849 0.48754 ( 6)  0.703
1247 D   0.32099 0.30281 0.23446 0.11885 0.02163 0.00125 ( 1)  0.046
1248 V   0.00000 0.00000 0.00002 0.00401 0.15118 0.84479 ( 6)  0.913
1249 W   0.25060 0.24478 0.22078 0.16777 0.08390 0.03218 ( 1)  0.112
1250 D   0.00000 0.00000 0.00110 0.05231 0.45774 0.48885 ( 6)  0.703
1251 D   0.32921 0.30883 0.23333 0.11080 0.01711 0.00072 ( 1)  0.042
1252 F   0.00000 0.00004 0.00498 0.08905 0.43714 0.46879 ( 6)  0.680
1253 D   0.00229 0.07252 0.28866 0.43440 0.18455 0.01758 ( 4)  0.188
1254 D   0.32921 0.30883 0.23333 0.11080 0.01711 0.00072 ( 1)  0.042
1255 E   0.00000 0.00216 0.04810 0.26812 0.46589 0.21573 ( 5)  0.472
1256 K   0.00000 0.00000 0.00116 0.05404 0.45577 0.48903 ( 6)  0.703
1257 L   0.27483 0.26586 0.22986 0.15622 0.05937 0.01385 ( 1)  0.081
1258 V   0.00000 0.00296 0.06385 0.32802 0.46281 0.14235 ( 5)  0.408
1259 L   0.00000 0.00000 0.00000 0.00000 0.00324 0.99676 ( 6)  0.998
1260 A   0.28534 0.27475 0.23271 0.14960 0.04913 0.00847 ( 1)  0.070
1261 S   0.30510 0.29067 0.23502 0.13363 0.03239 0.00320 ( 1)  0.055
1262 N   0.00000 0.00243 0.05353 0.29009 0.46811 0.18584 ( 5)  0.447
1263 I   0.00000 0.00005 0.00561 0.09663 0.45121 0.44650 ( 5)  0.666
1264 S   0.00000 0.00000 0.00000 0.00071 0.05083 0.94846 ( 6)  0.971
1265 S   0.00000 0.00011 0.01166 0.17502 0.55337 0.25984 ( 5)  0.538
1266 R   0.00000 0.00000 0.00123 0.05709 0.47402 0.46766 ( 5)  0.690
1267 D   0.00000 0.00011 0.01257 0.18495 0.55844 0.24392 ( 5)  0.526
1268 L   0.27688 0.26760 0.23042 0.15493 0.05737 0.01279 ( 1)  0.079
1269 D   0.32754 0.30762 0.23359 0.11245 0.01798 0.00081 ( 1)  0.043
1270 E   0.00178 0.05691 0.23837 0.41084 0.24636 0.04575 ( 4)  0.237
1271 C   0.00000 0.00000 0.00000 0.00000 0.00060 0.99940 ( 6)  1.000
1272 E   0.00000 0.00334 0.07101 0.35120 0.45335 0.12110 ( 5)  0.387
1273 P   0.00000 0.00104 0.02447 0.16035 0.41533 0.39881 ( 5)  0.613
1274 L   0.00000 0.00000 0.00014 0.00908 0.17469 0.81609 ( 6)  0.896
1275 C   0.00000 0.00001 0.00132 0.02934 0.24656 0.72277 ( 6)  0.839
1276 Q   0.00000 0.00000 0.00000 0.00016 0.02820 0.97164 ( 6)  0.984
1277 Y   0.30085 0.28729 0.23468 0.13722 0.03582 0.00414 ( 1)  0.058
1278 T   0.00000 0.00000 0.00004 0.00662 0.20422 0.78912 ( 6)  0.882
1279 R   0.00000 0.00000 0.00000 0.00140 0.11243 0.88616 ( 6)  0.937
1280 S   0.00145 0.04694 0.20349 0.38390 0.28643 0.07779 ( 4)  0.281
1281 R   0.00000 0.00014 0.01457 0.20519 0.56279 0.21732 ( 5)  0.505
1282 V   0.00000 0.00000 0.00005 0.00352 0.09715 0.89928 ( 6)  0.944
1283 T   0.00000 0.00008 0.00859 0.13809 0.51839 0.33485 ( 5)  0.591
1284 T   0.00000 0.00000 0.00000 0.00226 0.15104 0.84670 ( 6)  0.915
1285 D   0.00000 0.00003 0.00314 0.06095 0.36667 0.56921 ( 6)  0.744
1286 I   0.00000 0.00131 0.03098 0.20059 0.46290 0.30422 ( 5)  0.547
1287 S   0.28481 0.27427 0.23247 0.14982 0.04973 0.00891 ( 1)  0.071
1288 K   0.00000 0.00013 0.01360 0.19457 0.55680 0.23490 ( 5)  0.518
1289 D   0.00000 0.00000 0.00000 0.00170 0.12704 0.87126 ( 6)  0.929
1290 S   0.00000 0.00002 0.00266 0.05307 0.34077 0.60348 ( 6)  0.766
1291 C   0.00000 0.00071 0.01721 0.12088 0.37174 0.48945 ( 6)  0.678
1292 T   0.00000 0.00006 0.00685 0.11515 0.48506 0.39288 ( 5)  0.630
1293 L   0.00127 0.04111 0.18158 0.36021 0.30656 0.10927 ( 4)  0.316
1294 Q   0.00000 0.00119 0.02794 0.17826 0.43120 0.36140 ( 5)  0.586
1295 D   0.00000 0.00000 0.00005 0.00860 0.23898 0.75237 ( 6)  0.861
1296 E   0.00000 0.00000 0.00000 0.00009 0.02788 0.97204 ( 6)  0.985
1297 T   0.00000 0.00000 0.00006 0.00462 0.11522 0.88009 ( 6)  0.933
1298 N   0.00000 0.00000 0.00001 0.00247 0.15952 0.83801 ( 6)  0.910
1299 S   0.00000 0.00000 0.00000 0.00002 0.01392 0.98606 ( 6)  0.992
1300 Q   0.00000 0.00049 0.01224 0.09124 0.32607 0.56996 ( 6)  0.732
1301 N   0.00177 0.05671 0.23756 0.40986 0.24713 0.04697 ( 4)  0.239
1302 S   0.00000 0.00000 0.00014 0.00891 0.17247 0.81849 ( 6)  0.898
1303 V   0.00000 0.00000 0.00000 0.00000 0.00716 0.99284 ( 6)  0.996
1304 V   0.00000 0.00000 0.00000 0.00001 0.01076 0.98923 ( 6)  0.994
1305 S   0.00133 0.04299 0.18886 0.36910 0.30095 0.09676 ( 4)  0.303
1306 V   0.00000 0.00001 0.00179 0.03791 0.28442 0.67587 ( 6)  0.810
1307 F   0.00000 0.00000 0.00000 0.00042 0.05256 0.94702 ( 6)  0.971
1308 N   0.00000 0.00013 0.01395 0.19923 0.56264 0.22405 ( 5)  0.511
1309 G   0.00000 0.00002 0.00247 0.04989 0.33068 0.61694 ( 6)  0.774
1310 P   0.00000 0.00000 0.00002 0.00368 0.14369 0.85261 ( 6)  0.918
1311 S   0.28530 0.27468 0.23257 0.14947 0.04927 0.00871 ( 1)  0.070
1312 K   0.00000 0.00462 0.09415 0.41682 0.41326 0.07114 ( 4)  0.331
1313 G   0.00000 0.00000 0.00001 0.00125 0.07311 0.92563 ( 6)  0.959
1314 K   0.00000 0.00000 0.00125 0.05792 0.47528 0.46555 ( 5)  0.689
1315 L   0.00099 0.03239 0.14747 0.31703 0.33004 0.17208 ( 5)  0.381
1316 S   0.00000 0.00000 0.00000 0.00006 0.02224 0.97770 ( 6)  0.988
1317 I   0.00000 0.00007 0.00754 0.12444 0.49955 0.36841 ( 5)  0.614
1318 Q   0.25410 0.24789 0.22239 0.16656 0.08032 0.02873 ( 1)  0.106
1319 S   0.00000 0.00000 0.00100 0.04826 0.43925 0.51149 ( 6)  0.717
1320 G   0.00000 0.00006 0.00711 0.11885 0.49203 0.38194 ( 5)  0.623
1321 N   0.00000 0.00000 0.00008 0.01171 0.28376 0.70445 ( 6)  0.834
1322 I   0.00000 0.00000 0.00000 0.00000 0.00909 0.99090 ( 6)  0.995
1323 N   0.00000 0.00000 0.00108 0.05110 0.44796 0.49986 ( 6)  0.710
1324 M   0.00000 0.00000 0.00003 0.00519 0.17630 0.81848 ( 6)  0.899
1325 F   0.00000 0.00001 0.00181 0.03825 0.28608 0.67385 ( 6)  0.809
1326 S   0.00000 0.00000 0.00088 0.04354 0.41883 0.53675 ( 6)  0.732
1327 F   0.00000 0.00004 0.00491 0.08813 0.43535 0.47156 ( 6)  0.682
1328 Q   0.00119 0.03869 0.17248 0.35043 0.31507 0.12213 ( 4)  0.331
1329 E   0.00232 0.07343 0.29119 0.43428 0.18155 0.01722 ( 4)  0.186
1330 K   0.00000 0.00000 0.00131 0.05978 0.47951 0.45940 ( 5)  0.685
1331 Q   0.00000 0.00000 0.00000 0.00013 0.03544 0.96443 ( 6)  0.980
1332 Y   0.00000 0.00000 0.00055 0.02935 0.34274 0.62736 ( 6)  0.786
1333 S   0.00114 0.03702 0.16590 0.34191 0.31947 0.13456 ( 4)  0.344
1334 N   0.00000 0.00000 0.00138 0.06274 0.49172 0.44416 ( 5)  0.676
1335 P   0.00000 0.00000 0.00000 0.00022 0.03522 0.96456 ( 6)  0.980
1336 S   0.00000 0.00119 0.02785 0.17757 0.42971 0.36368 ( 5)  0.588
1337 Q   0.28401 0.27363 0.23236 0.15045 0.05043 0.00913 ( 1)  0.072
1338 E   0.00000 0.00002 0.00296 0.05795 0.35646 0.58261 ( 6)  0.753
1339 F   0.00000 0.00001 0.00082 0.01941 0.19326 0.78650 ( 6)  0.877
1340 K   0.00000 0.00013 0.01409 0.19996 0.55990 0.22591 ( 5)  0.512
1341 N   0.00000 0.00000 0.00085 0.04218 0.40739 0.54957 ( 6)  0.740
1342 V   0.00000 0.00000 0.00000 0.00000 0.00709 0.99291 ( 6)  0.996
1343 C   0.00000 0.00000 0.00041 0.02281 0.29864 0.67815 ( 6)  0.816
1344 A   0.00000 0.00002 0.00287 0.05648 0.35244 0.58818 ( 6)  0.756
1345 L   0.00000 0.00000 0.00010 0.00675 0.14508 0.84807 ( 6)  0.914
1346 S   0.00000 0.00000 0.00001 0.00161 0.08573 0.91265 ( 6)  0.951
1347 A   0.00000 0.00002 0.00222 0.04548 0.31348 0.63881 ( 6)  0.787
1348 E   0.00000 0.00000 0.00001 0.00272 0.16731 0.82997 ( 6)  0.906
1349 I   0.00000 0.00000 0.00008 0.01244 0.29105 0.69642 ( 6)  0.829
1350 I   0.00000 0.00088 0.02104 0.14212 0.39704 0.43892 ( 6)  0.642
1351 S   0.00000 0.00002 0.00228 0.04656 0.31753 0.63360 ( 6)  0.784
1352 D   0.00000 0.00002 0.00297 0.05821 0.35796 0.58083 ( 6)  0.752
1353 S   0.00000 0.00140 0.03231 0.19971 0.44596 0.32062 ( 5)  0.556
1354 S   0.00000 0.00137 0.03181 0.19732 0.44456 0.32494 ( 5)  0.559
1355 K   0.00259 0.08156 0.31443 0.43597 0.15410 0.01134 ( 4)  0.170
1356 F   0.00110 0.03572 0.16087 0.33598 0.32361 0.14272 ( 4)  0.352
1357 K   0.00000 0.00176 0.03989 0.23444 0.46156 0.26235 ( 5)  0.511
1358 K   0.33804 0.31500 0.23117 0.10197 0.01337 0.00045 ( 1)  0.039
1359 G   0.00000 0.00004 0.00450 0.08192 0.42045 0.49308 ( 6)  0.696
1360 D   0.00000 0.00384 0.08036 0.38146 0.44118 0.09315 ( 5)  0.359
1361 F   0.31038 0.29478 0.23508 0.12887 0.02852 0.00238 ( 1)  0.052
1362 F   0.31182 0.29589 0.23505 0.12754 0.02751 0.00219 ( 1)  0.051
1363 I   0.00148 0.04782 0.20652 0.38591 0.28254 0.07573 ( 4)  0.278
1364 C   0.00000 0.00084 0.02024 0.13799 0.39346 0.44746 ( 6)  0.648
1365 T   0.00000 0.00007 0.00778 0.12737 0.50272 0.36206 ( 5)  0.610
1366 R   0.00000 0.00008 0.00937 0.14677 0.52259 0.32119 ( 5)  0.581
1367 E   0.00000 0.00392 0.08185 0.38494 0.43761 0.09167 ( 5)  0.356
1368 P   0.00000 0.00000 0.00007 0.00490 0.11921 0.87582 ( 6)  0.930
1369 E   0.00000 0.00409 0.08487 0.39368 0.43240 0.08495 ( 5)  0.349
1370 K   0.00000 0.00405 0.08404 0.39095 0.43336 0.08760 ( 5)  0.351
1371 E   0.00000 0.00398 0.08288 0.38813 0.43606 0.08895 ( 5)  0.353
1372 M   0.00000 0.00000 0.00000 0.00000 0.00700 0.99300 ( 6)  0.996
1373 D   0.00000 0.00008 0.00875 0.14048 0.52280 0.32789 ( 5)  0.587
1374 S   0.00000 0.00000 0.00002 0.00170 0.06642 0.93186 ( 6)  0.962
1375 D   0.32921 0.30883 0.23333 0.11080 0.01711 0.00072 ( 1)  0.042
1376 D   0.32921 0.30883 0.23333 0.11080 0.01711 0.00072 ( 1)  0.042
1377 E   0.32799 0.30792 0.23344 0.11198 0.01785 0.00082 ( 1)  0.043
1378 T   0.00000 0.00000 0.00000 0.00003 0.01279 0.98719 ( 6)  0.993
1379 N   0.00000 0.00000 0.00000 0.00225 0.15163 0.84611 ( 6)  0.915
1380 D   0.32868 0.30844 0.23341 0.11133 0.01739 0.00075 ( 1)  0.042
1381 V   0.00078 0.02567 0.11994 0.27613 0.33962 0.23786 ( 5)  0.443
1382 K   0.00000 0.00186 0.04191 0.24227 0.46103 0.25293 ( 5)  0.502
1383 P   0.24945 0.24376 0.22025 0.16814 0.08506 0.03333 ( 1)  0.113
1384 F   0.00000 0.00191 0.04306 0.24800 0.46478 0.24224 ( 5)  0.494
1385 L   0.00132 0.04269 0.18775 0.36789 0.30198 0.09837 ( 4)  0.305
1386 G   0.30933 0.29398 0.23512 0.12986 0.02922 0.00249 ( 1)  0.052
1387 I   0.00000 0.00352 0.07438 0.36171 0.44844 0.11195 ( 5)  0.377
1388 F   0.00170 0.05444 0.23004 0.40561 0.25640 0.05181 ( 4)  0.247
1389 D   0.32921 0.30883 0.23333 0.11080 0.01711 0.00072 ( 1)  0.042
1390 D   0.00000 0.00002 0.00239 0.04843 0.32477 0.62440 ( 6)  0.779

Positively selected sites

	Prob(w>1)  mean w



lnL = -26468.653365

