

TREE # 1

  0  0.0000  28673.007520  x:  0.02309   0.06206   0.09737   0.07924   0.07288   0.05225   0.08335   0.10069   0.03909   0.02587   0.05219   0.06898   0.10233   0.06856   0.05260   0.08609   0.03863   0.02608   0.06053   0.09353   0.02573   0.05030   0.08931   0.04647   0.03638   0.05755   0.01724   0.04653   0.09826   0.03528   0.09989   0.10638   0.07541   0.10804   0.10920   0.09474   0.10063   0.04863   0.01668   0.08524   0.06369   0.09546   0.01277   0.10747   0.03501   0.01194   0.02971   0.07372   0.07939   0.09894   0.10995   0.02987   0.08969   0.04621   0.03737   2.00000   0.90000   0.63810   1.34881  
  1 99.0000  27308.527251  x:  0.00000   0.04311   0.08966   0.07705   0.04811   0.06119   0.09384   0.07191   0.24118   0.14907   0.05302   0.13364   0.07766   0.08848   0.07390   0.08729   0.10639   0.07422   0.04959   0.10416   0.00038   0.04721   0.07534   0.05263   0.02867   0.10089   0.20849   0.01791   0.10856   0.00660   0.07156   0.09215   0.09134   0.10440   0.11130   0.09116   0.10251   0.06190   0.14054   0.05260   0.04165   0.08273   0.03994   0.08067   0.01864   0.09275   0.00666   0.06466   0.06667   0.08590   0.08081   0.01317   0.06640   0.05079   0.04493   2.00658   0.90498   0.62456   1.35229  
  2 13216.2721  27272.385735  x:  0.00257   0.04163   0.08910   0.07714   0.04530   0.06091   0.09449   0.06907   0.24237   0.14879   0.05263   0.13589   0.07529   0.08942   0.07470   0.08705   0.10743   0.07429   0.04871   0.10508   0.00000   0.04735   0.07442   0.05307   0.02860   0.10223   0.20799   0.01496   0.10947   0.00361   0.06881   0.09104   0.09235   0.10435   0.11160   0.09102   0.10284   0.06252   0.13968   0.04957   0.04013   0.08180   0.03896   0.07820   0.01788   0.09138   0.00623   0.06432   0.06590   0.08509   0.07822   0.01356   0.06455   0.05102   0.04518   2.00719   0.90477   0.62347   1.35247  
  3 3968.6861  27229.838249  x:  0.00234   0.03983   0.08845   0.07725   0.04193   0.06057   0.09526   0.06566   0.24358   0.14832   0.05215   0.13846   0.07245   0.09049   0.07559   0.08675   0.10857   0.07432   0.04769   0.10615   0.00020   0.04751   0.07334   0.05357   0.02852   0.10376   0.20719   0.01142   0.11053   0.00000   0.06551   0.08971   0.09352   0.10428   0.11195   0.09086   0.10323   0.06321   0.13851   0.04593   0.03835   0.08070   0.03779   0.07527   0.01708   0.08965   0.00589   0.06392   0.06500   0.08414   0.07512   0.01397   0.06233   0.05128   0.04546   2.00791   0.90453   0.62217   1.35268  
  4 48626.7499  27226.806623  x:  0.00230   0.03971   0.08839   0.07726   0.04164   0.06054   0.09532   0.06536   0.24368   0.14827   0.05208   0.13862   0.07220   0.09055   0.07564   0.08672   0.10865   0.07432   0.04761   0.10621   0.00000   0.04751   0.07325   0.05360   0.02852   0.10385   0.20713   0.01111   0.11059   0.00000   0.06523   0.08961   0.09359   0.10428   0.11197   0.09084   0.10325   0.06324   0.13842   0.04562   0.03824   0.08062   0.03773   0.07503   0.01708   0.08952   0.00596   0.06389   0.06495   0.08406   0.07486   0.01395   0.06217   0.05128   0.04547   2.00797   0.90453   0.62205   1.35271  
  5 38757.2444  27135.597535  x:  0.00273   0.03713   0.08673   0.07745   0.03148   0.05967   0.09707   0.05479   0.24757   0.14664   0.04897   0.14152   0.06370   0.09093   0.07562   0.08555   0.10998   0.07434   0.04592   0.10698   0.00060   0.04716   0.07089   0.05395   0.02868   0.10540   0.20599   0.00000   0.11180   0.00000   0.05534   0.08646   0.09436   0.10409   0.11209   0.09008   0.10336   0.06328   0.13617   0.03506   0.03649   0.07853   0.03773   0.06740   0.02010   0.08619   0.01138   0.06325   0.06364   0.08209   0.06637   0.01122   0.05750   0.05074   0.04490   2.01020   0.90578   0.61765   1.35374  
  6 25877.5554  26918.055418  x:  0.00318   0.03371   0.08221   0.07790   0.00000   0.05750   0.10225   0.02107   0.25956   0.14025   0.03656   0.14345   0.03743   0.08849   0.07234   0.08172   0.11070   0.07396   0.04274   0.10581   0.00054   0.04527   0.06501   0.05334   0.02936   0.10577   0.20393   0.00000   0.11247   0.00000   0.02479   0.07836   0.09299   0.10330   0.11092   0.08737   0.10204   0.06101   0.13084   0.00273   0.03504   0.07361   0.04124   0.04598   0.02681   0.07809   0.00890   0.06128   0.06101   0.07790   0.04225   0.01555   0.04643   0.04797   0.04214   2.01725   0.91306   0.60307   1.35760  
  7 26036.1136  26845.006504  x:  0.00316   0.03390   0.08018   0.07708   0.00000   0.05738   0.10711   0.00000   0.26649   0.13351   0.02788   0.14329   0.02316   0.08779   0.07194   0.07993   0.10987   0.07309   0.04153   0.10447   0.00036   0.04504   0.06237   0.05259   0.02901   0.10513   0.20350   0.00000   0.11133   0.00000   0.01187   0.07528   0.09228   0.10174   0.10934   0.08576   0.10051   0.06075   0.12821   0.00099   0.03366   0.07131   0.03974   0.03742   0.02015   0.07454   0.00566   0.05985   0.05980   0.07597   0.03230   0.00716   0.04389   0.04837   0.04261   2.02168   0.91994   0.59332   1.36049  
  8 6409.8530  26805.019988  x:  0.00322   0.03364   0.07760   0.07576   0.00000   0.05711   0.11390   0.00000   0.27643   0.12449   0.01678   0.14382   0.00566   0.08742   0.07201   0.07774   0.10918   0.07212   0.03984   0.10304   0.00055   0.04479   0.05904   0.05175   0.02849   0.10471   0.20375   0.00000   0.10988   0.00000   0.00000   0.07162   0.09180   0.09954   0.10729   0.08373   0.09859   0.06069   0.12536   0.00644   0.03181   0.06842   0.03734   0.02786   0.01319   0.07069   0.01048   0.05816   0.05821   0.07352   0.02179   0.01084   0.04113   0.04894   0.04314   2.02752   0.92908   0.58035   1.36434  
  9 7683.3159  26791.537919  x:  0.00324   0.03350   0.07674   0.07538   0.00000   0.05697   0.11605   0.00000   0.27966   0.12160   0.01318   0.14398   0.00000   0.08723   0.07194   0.07700   0.10897   0.07181   0.03928   0.10257   0.00059   0.04467   0.05792   0.05148   0.02836   0.10457   0.20376   0.00000   0.10946   0.00000   0.00064   0.07041   0.09164   0.09886   0.10664   0.08307   0.09798   0.06060   0.12438   0.00696   0.03124   0.06746   0.03673   0.02459   0.01144   0.06936   0.01150   0.05762   0.05769   0.07270   0.01821   0.01148   0.04006   0.04903   0.04322   2.02943   0.93198   0.57614   1.36558  
 10 10652.4279  26756.305105  x:  0.00335   0.03196   0.07322   0.07370   0.00000   0.05573   0.12655   0.00000   0.29434   0.10700   0.00000   0.14615   0.00517   0.08761   0.07308   0.07419   0.10841   0.07048   0.03684   0.10111   0.00068   0.04423   0.05344   0.05060   0.02804   0.10453   0.20364   0.00000   0.10791   0.00000   0.00109   0.06601   0.09166   0.09590   0.10397   0.08048   0.09559   0.06046   0.12000   0.00661   0.02839   0.06363   0.03391   0.01535   0.01169   0.06408   0.01258   0.05540   0.05512   0.06903   0.01047   0.01239   0.03591   0.04909   0.04332   2.03799   0.94426   0.55721   1.37108  
 11 2868.8544  26699.170913  x:  0.00363   0.02677   0.06461   0.06963   0.00000   0.05117   0.15440   0.00000   0.33404   0.06667   0.00375   0.15245   0.00000   0.08865   0.07500   0.06738   0.10740   0.06712   0.03106   0.09819   0.00081   0.04301   0.04271   0.04879   0.02828   0.10512   0.20233   0.00000   0.10452   0.00000   0.00064   0.05573   0.09192   0.08853   0.09752   0.07429   0.09001   0.05992   0.10795   0.00091   0.02144   0.05456   0.02883   0.01026   0.01936   0.05104   0.01209   0.05039   0.04855   0.05985   0.01948   0.01224   0.02600   0.04805   0.04260   2.06162   0.97406   0.50554   1.38569  
 12 3784.9660  26699.170913  x:  0.00363   0.02677   0.06461   0.06963   0.00000   0.05117   0.15440   0.00000   0.33404   0.06667   0.00375   0.15245   0.00000   0.08865   0.07500   0.06738   0.10740   0.06712   0.03106   0.09819   0.00081   0.04301   0.04271   0.04879   0.02828   0.10512   0.20233   0.00000   0.10452   0.00000   0.00064   0.05573   0.09192   0.08853   0.09752   0.07429   0.09001   0.05992   0.10795   0.00091   0.02144   0.05456   0.02883   0.01026   0.01936   0.05104   0.01209   0.05039   0.04855   0.05985   0.01948   0.01224   0.02600   0.04805   0.04260   2.06162   0.97406   0.50554   1.38569  
 13 1857.6778  26688.985862  x:  0.00347   0.02591   0.06459   0.06979   0.00000   0.05084   0.15440   0.00000   0.33403   0.06659   0.00336   0.15362   0.00100   0.08926   0.07536   0.06742   0.10790   0.06709   0.03080   0.09889   0.00015   0.04315   0.04260   0.04914   0.02845   0.10590   0.20129   0.00000   0.10516   0.00000   0.01128   0.05574   0.09262   0.08864   0.09785   0.07443   0.09039   0.06028   0.10708   0.00096   0.02096   0.05440   0.02852   0.01210   0.01851   0.05037   0.01071   0.05042   0.04830   0.05973   0.01856   0.01296   0.02564   0.04809   0.04266   2.06210   0.97284   0.50482   1.38572  
 14 4502.5360  26666.280384  x:  0.00316   0.02105   0.06451   0.07070   0.00000   0.04902   0.15441   0.00000   0.33398   0.06619   0.00104   0.16054   0.00000   0.09277   0.07731   0.06764   0.11086   0.06697   0.02947   0.10312   0.00240   0.04401   0.04200   0.05117   0.02949   0.11050   0.19505   0.00000   0.10887   0.00000   0.01068   0.05480   0.09617   0.08931   0.09987   0.07517   0.09260   0.06239   0.10194   0.00109   0.01844   0.05346   0.02670   0.01927   0.01393   0.04656   0.00351   0.05063   0.04691   0.05904   0.01358   0.01618   0.02370   0.04837   0.04303   2.06503   0.96569   0.50051   1.38592  
 15 1675.9924  26654.736272  x:  0.00377   0.01864   0.06448   0.07124   0.00000   0.04796   0.15447   0.00000   0.33398   0.06596   0.00154   0.16487   0.00213   0.09491   0.07852   0.06776   0.11270   0.06689   0.02867   0.10562   0.00000   0.04444   0.04157   0.05241   0.03003   0.11335   0.19098   0.00000   0.11112   0.00000   0.00998   0.05427   0.09830   0.08970   0.10110   0.07561   0.09393   0.06363   0.09872   0.00132   0.01759   0.05293   0.02575   0.02100   0.01243   0.04454   0.00489   0.05085   0.04626   0.05865   0.01194   0.01695   0.02286   0.04853   0.04324   2.06700   0.96130   0.49755   1.38610  
 16 3339.4110  26640.353917  x:  0.00471   0.01629   0.06451   0.07211   0.00000   0.04634   0.15460   0.00000   0.33398   0.06568   0.00223   0.17216   0.00000   0.09821   0.08025   0.06790   0.11575   0.06686   0.02777   0.10971   0.00236   0.04507   0.04084   0.05436   0.03078   0.11808   0.18368   0.00000   0.11476   0.00000   0.01043   0.05357   0.10170   0.09034   0.10310   0.07630   0.09603   0.06554   0.09330   0.00066   0.01746   0.05220   0.02476   0.01994   0.01293   0.04189   0.00913   0.05123   0.04549   0.05816   0.01275   0.01635   0.02217   0.04875   0.04358   2.07071   0.95396   0.49190   1.38651  
 17 3564.1921  26640.353917  x:  0.00471   0.01629   0.06451   0.07211   0.00000   0.04634   0.15460   0.00000   0.33398   0.06568   0.00223   0.17216   0.00000   0.09821   0.08025   0.06790   0.11575   0.06686   0.02777   0.10971   0.00236   0.04507   0.04084   0.05436   0.03078   0.11808   0.18368   0.00000   0.11476   0.00000   0.01043   0.05357   0.10170   0.09034   0.10310   0.07630   0.09603   0.06554   0.09330   0.00066   0.01746   0.05220   0.02476   0.01994   0.01293   0.04189   0.00913   0.05123   0.04549   0.05816   0.01275   0.01635   0.02217   0.04875   0.04358   2.07071   0.95396   0.49190   1.38651  
 18 3648.4506  26636.185984  x:  0.00446   0.01671   0.06456   0.07222   0.00000   0.04622   0.15465   0.00000   0.33399   0.06567   0.00215   0.17327   0.00103   0.09863   0.08047   0.06790   0.11621   0.06688   0.02770   0.11021   0.00000   0.04509   0.04071   0.05462   0.03083   0.11877   0.18239   0.00000   0.11524   0.00000   0.00841   0.05352   0.10211   0.09043   0.10338   0.07638   0.09630   0.06575   0.09253   0.00238   0.01770   0.05218   0.02490   0.01911   0.01338   0.04182   0.00790   0.05124   0.04545   0.05817   0.01320   0.01602   0.02233   0.04878   0.04361   2.07146   0.95284   0.49074   1.38662  
 19 1259.3280  26629.332015  x:  0.00364   0.01784   0.06468   0.07257   0.00000   0.04579   0.15480   0.00000   0.33402   0.06565   0.00165   0.17697   0.00072   0.09997   0.08111   0.06790   0.11769   0.06698   0.02767   0.11196   0.00023   0.04522   0.04035   0.05544   0.03101   0.12106   0.17806   0.00000   0.11682   0.00000   0.00278   0.05337   0.10348   0.09072   0.10429   0.07664   0.09716   0.06639   0.08998   0.00085   0.01821   0.05211   0.02535   0.01665   0.01458   0.04159   0.00479   0.05128   0.04536   0.05816   0.01431   0.01511   0.02268   0.04884   0.04374   2.07403   0.94909   0.48679   1.38699  
 20 1891.5090  26621.885619  x:  0.00368   0.01879   0.06481   0.07298   0.00000   0.04530   0.15498   0.00000   0.33407   0.06563   0.00149   0.18130   0.00000   0.10148   0.08182   0.06787   0.11941   0.06711   0.02763   0.11397   0.00067   0.04537   0.03994   0.05637   0.03122   0.12373   0.17291   0.00000   0.11863   0.00000   0.00375   0.05340   0.10511   0.09105   0.10533   0.07695   0.09814   0.06708   0.08707   0.00133   0.01874   0.05203   0.02579   0.01472   0.01540   0.04137   0.00465   0.05138   0.04534   0.05813   0.01497   0.01445   0.02307   0.04892   0.04385   2.07717   0.94467   0.48194   1.38747  
 21 1924.4561  26617.054983  x:  0.00379   0.01917   0.06488   0.07327   0.00000   0.04497   0.15513   0.00000   0.33412   0.06563   0.00173   0.18456   0.00082   0.10260   0.08235   0.06784   0.12069   0.06720   0.02758   0.11543   0.00000   0.04547   0.03965   0.05705   0.03138   0.12571   0.16896   0.00000   0.11997   0.00000   0.00424   0.05344   0.10629   0.09129   0.10609   0.07717   0.09886   0.06755   0.08497   0.00013   0.01893   0.05199   0.02604   0.01426   0.01561   0.04125   0.00563   0.05148   0.04536   0.05809   0.01504   0.01435   0.02325   0.04898   0.04392   2.07968   0.94130   0.47807   1.38786  
 22 6760.7242  26607.568678  x:  0.00445   0.01867   0.06507   0.07417   0.00000   0.04407   0.15576   0.00000   0.33435   0.06570   0.00315   0.19623   0.00427   0.10635   0.08411   0.06765   0.12515   0.06759   0.02748   0.12046   0.00285   0.04584   0.03883   0.05934   0.03200   0.13272   0.15442   0.00000   0.12450   0.00000   0.00167   0.05360   0.11022   0.09212   0.10870   0.07790   0.10125   0.06887   0.07813   0.00163   0.01869   0.05194   0.02647   0.01792   0.01413   0.04103   0.01138   0.05183   0.04554   0.05798   0.01321   0.01595   0.02334   0.04916   0.04411   2.08961   0.92887   0.46288   1.38943  
 23 5400.3740  26598.053882  x:  0.00272   0.01484   0.06513   0.07464   0.00000   0.04417   0.15643   0.00000   0.33469   0.06616   0.00127   0.20614   0.00151   0.10864   0.08486   0.06728   0.12867   0.06793   0.02722   0.12390   0.00100   0.04604   0.03866   0.06089   0.03251   0.13839   0.14124   0.00000   0.12766   0.00000   0.00277   0.05405   0.11281   0.09272   0.11058   0.07833   0.10282   0.06912   0.07463   0.00139   0.01645   0.05221   0.02549   0.02790   0.01007   0.04133   0.00705   0.05193   0.04566   0.05804   0.00999   0.01959   0.02194   0.04927   0.04419   2.10098   0.91692   0.44594   1.39126  
 24 2207.4222  26595.407397  x:  0.00602   0.01414   0.06513   0.07455   0.00000   0.04463   0.15671   0.00000   0.33489   0.06639   0.00156   0.20819   0.00000   0.10856   0.08464   0.06704   0.12916   0.06802   0.02715   0.12406   0.00023   0.04601   0.03889   0.06091   0.03255   0.13933   0.13823   0.00000   0.12783   0.00000   0.00247   0.05425   0.11281   0.09276   0.11071   0.07827   0.10278   0.06875   0.07559   0.00117   0.01646   0.05242   0.02469   0.03091   0.01115   0.04174   0.00650   0.05190   0.04578   0.05814   0.01151   0.02004   0.02156   0.04926   0.04415   2.10552   0.91348   0.43942   1.39202  
 25 1267.5549  26591.731008  x:  0.00587   0.01395   0.06517   0.07407   0.00000   0.04594   0.15729   0.00000   0.33539   0.06685   0.00236   0.21062   0.00274   0.10747   0.08383   0.06644   0.12926   0.06818   0.02712   0.12318   0.00171   0.04588   0.03966   0.06035   0.03242   0.13999   0.13430   0.00000   0.12704   0.00000   0.00375   0.05469   0.11175   0.09261   0.11035   0.07792   0.10206   0.06752   0.07981   0.00111   0.01680   0.05285   0.02304   0.03442   0.01436   0.04273   0.00413   0.05175   0.04598   0.05854   0.01453   0.01913   0.02080   0.04918   0.04408   2.11560   0.90724   0.42535   1.39370  
 26 1488.4594  26584.323155  x:  0.00152   0.01521   0.06528   0.07307   0.00000   0.04822   0.15820   0.00000   0.33631   0.06766   0.00110   0.21346   0.00091   0.10472   0.08190   0.06530   0.12873   0.06836   0.02700   0.12068   0.00085   0.04554   0.04102   0.05894   0.03191   0.14016   0.12936   0.00000   0.12483   0.00000   0.00313   0.05528   0.10910   0.09220   0.10926   0.07715   0.10031   0.06523   0.08837   0.00122   0.01756   0.05346   0.02121   0.03672   0.01725   0.04418   0.00700   0.05156   0.04640   0.05924   0.01631   0.01607   0.02026   0.04903   0.04396   2.13464   0.89643   0.39935   1.39681  
 27 2630.3707  26574.412774  x:  0.00345   0.01782   0.06536   0.07193   0.00000   0.05012   0.15906   0.00000   0.33739   0.06821   0.00000   0.21534   0.00168   0.10132   0.07979   0.06402   0.12753   0.06840   0.02693   0.11725   0.00105   0.04511   0.04221   0.05705   0.03097   0.13946   0.12592   0.00000   0.12176   0.00000   0.00298   0.05556   0.10568   0.09159   0.10768   0.07622   0.09809   0.06305   0.09763   0.00110   0.01787   0.05379   0.02176   0.03439   0.01436   0.04467   0.00650   0.05120   0.04653   0.05973   0.01197   0.01319   0.02120   0.04886   0.04381   2.15821   0.88390   0.36813   1.40053  
 28 3218.0598  26567.733189  x:  0.00262   0.01671   0.06503   0.07084   0.00000   0.05045   0.15959   0.00000   0.33846   0.06802   0.00783   0.21553   0.00021   0.09794   0.07804   0.06280   0.12561   0.06806   0.02678   0.11341   0.00066   0.04458   0.04259   0.05504   0.02967   0.13772   0.12502   0.00000   0.11831   0.00000   0.00272   0.05512   0.10215   0.09077   0.10579   0.07525   0.09582   0.06165   0.10462   0.00118   0.01708   0.05337   0.02399   0.02863   0.00997   0.04370   0.00583   0.05070   0.04607   0.05950   0.01186   0.01792   0.02207   0.04856   0.04339   2.18602   0.87019   0.33326   1.40467  
 29 3185.2868  26560.908715  x:  0.00331   0.01003   0.06395   0.07043   0.00000   0.04738   0.15830   0.00000   0.33844   0.06631   0.00226   0.21160   0.00164   0.09648   0.07785   0.06228   0.12300   0.06701   0.02638   0.11071   0.00103   0.04413   0.04120   0.05379   0.02870   0.13441   0.12962   0.00000   0.11579   0.00000   0.00255   0.05335   0.10030   0.08979   0.10412   0.07467   0.09463   0.06283   0.10289   0.00133   0.01487   0.05167   0.02530   0.02390   0.01251   0.04078   0.00685   0.05020   0.04462   0.05775   0.01239   0.02397   0.02110   0.04803   0.04253   2.21347   0.85853   0.30415   1.40812  
 30 1417.4976  26554.593990  x:  0.00307   0.01713   0.06265   0.07043   0.00000   0.04200   0.15563   0.00000   0.33744   0.06310   0.00042   0.20304   0.00172   0.09648   0.07869   0.06252   0.11940   0.06521   0.02596   0.10889   0.00105   0.04363   0.03883   0.05316   0.02881   0.12922   0.13836   0.00000   0.11386   0.00000   0.00274   0.05093   0.09973   0.08839   0.10236   0.07415   0.09407   0.06584   0.09324   0.00125   0.01475   0.04933   0.02308   0.02696   0.01218   0.03790   0.00667   0.04949   0.04281   0.05524   0.01422   0.02612   0.01900   0.04708   0.04152   2.24695   0.84668   0.27537   1.41164  
 31 1386.9001  26550.569641  x:  0.00275   0.01465   0.06154   0.07032   0.00000   0.03975   0.15347   0.00000   0.33610   0.06129   0.00391   0.19578   0.00070   0.09706   0.07916   0.06318   0.11706   0.06407   0.02592   0.10847   0.00070   0.04335   0.03769   0.05313   0.02974   0.12556   0.14417   0.00000   0.11320   0.00000   0.00272   0.05007   0.09999   0.08739   0.10137   0.07380   0.09399   0.06661   0.08461   0.00117   0.01717   0.04852   0.02145   0.02934   0.01397   0.03810   0.00591   0.04902   0.04240   0.05416   0.01149   0.02017   0.01971   0.04651   0.04133   2.27143   0.83909   0.25913   1.41377  
 32 1491.6706  26548.781820  x:  0.00280   0.01305   0.06124   0.07008   0.00000   0.04094   0.15228   0.00000   0.33476   0.06123   0.00354   0.19172   0.00098   0.09744   0.07890   0.06372   0.11626   0.06385   0.02609   0.10884   0.00082   0.04326   0.03773   0.05331   0.03043   0.12412   0.14567   0.00000   0.11335   0.00000   0.00271   0.05061   0.10035   0.08696   0.10109   0.07358   0.09399   0.06554   0.08081   0.00118   0.01637   0.04903   0.02228   0.02981   0.01092   0.03964   0.00606   0.04884   0.04304   0.05445   0.01459   0.01685   0.02076   0.04638   0.04157   2.28494   0.83593   0.25455   1.41458  
 33 803.6129  26544.822934  x:  0.00291   0.01510   0.06153   0.06905   0.00000   0.04832   0.14909   0.00000   0.32941   0.06329   0.00352   0.18062   0.00098   0.09838   0.07697   0.06528   0.11537   0.06427   0.02666   0.11115   0.00073   0.04309   0.03876   0.05416   0.03151   0.12180   0.14521   0.00000   0.11489   0.00000   0.00265   0.05361   0.10165   0.08620   0.10107   0.07298   0.09408   0.06001   0.07485   0.00121   0.01447   0.05218   0.02487   0.02910   0.01339   0.04478   0.00598   0.04870   0.04551   0.05685   0.01313   0.01982   0.02084   0.04667   0.04214   2.32619   0.82948   0.25260   1.41614  
 34 635.8029  26540.177375  x:  0.00311   0.01420   0.06225   0.06863   0.00000   0.05128   0.14584   0.00000   0.32233   0.06513   0.00274   0.17078   0.00148   0.09923   0.07580   0.06579   0.11548   0.06505   0.02645   0.11364   0.00085   0.04327   0.03870   0.05495   0.03014   0.12102   0.14231   0.00000   0.11682   0.00000   0.00255   0.05419   0.10290   0.08635   0.10181   0.07304   0.09453   0.05782   0.07555   0.00109   0.02119   0.05252   0.01972   0.02706   0.01092   0.04267   0.00614   0.04918   0.04500   0.05788   0.01341   0.02206   0.01795   0.04710   0.04195   2.38218   0.82365   0.25727   1.41774  
 35 992.2773  26528.692763  x:  0.00282   0.01458   0.06373   0.06930   0.00000   0.04802   0.14018   0.00000   0.30619   0.06656   0.00454   0.15563   0.00109   0.10036   0.07601   0.06508   0.11683   0.06638   0.02540   0.11736   0.00071   0.04408   0.03829   0.05602   0.02665   0.12149   0.13571   0.00000   0.12004   0.00000   0.00264   0.05125   0.10458   0.08795   0.10393   0.07421   0.09576   0.06197   0.08475   0.00117   0.01493   0.04910   0.02157   0.02872   0.01247   0.03255   0.00624   0.05024   0.04107   0.05644   0.01332   0.01929   0.02288   0.04788   0.04148   2.52473   0.81604   0.27400   1.42169  
 36 2037.1584  26517.202699  x:  0.00280   0.01413   0.06325   0.07151   0.00000   0.03806   0.13988   0.00000   0.29443   0.06365   0.00442   0.15860   0.00090   0.10031   0.08025   0.06387   0.11869   0.06604   0.02646   0.11644   0.00057   0.04449   0.04130   0.05579   0.03157   0.12384   0.13651   0.00000   0.11969   0.00000   0.00270   0.04903   0.10403   0.08967   0.10505   0.07559   0.09667   0.07061   0.09087   0.00119   0.01764   0.04783   0.02932   0.02890   0.01190   0.04456   0.00602   0.04983   0.04347   0.05378   0.01328   0.01912   0.01632   0.04712   0.04175   2.68077   0.82255   0.29129   1.42675  
 37 2054.5345  26506.090536  x:  0.00264   0.01407   0.06202   0.07325   0.00000   0.03727   0.14479   0.00000   0.28979   0.06113   0.00329   0.17401   0.00095   0.09972   0.08405   0.06439   0.12025   0.06483   0.02740   0.11285   0.00063   0.04376   0.04017   0.05478   0.03327   0.12655   0.14330   0.00000   0.11725   0.00000   0.00258   0.05120   0.10264   0.09028   0.10482   0.07604   0.09686   0.07363   0.08897   0.00110   0.01593   0.05030   0.01924   0.02736   0.01146   0.05018   0.00589   0.04934   0.04653   0.05416   0.01290   0.02221   0.02646   0.04680   0.04332   2.83377   0.83806   0.30680   1.43226  
 38 2801.8688  26495.865553  x:  0.00271   0.01405   0.06139   0.07291   0.00000   0.04581   0.15278   0.00000   0.29395   0.06184   0.00359   0.19429   0.00055   0.09887   0.08429   0.06600   0.12077   0.06381   0.02638   0.10880   0.00059   0.04299   0.03513   0.05361   0.02942   0.12850   0.15193   0.00000   0.11435   0.00000   0.00259   0.05387   0.10145   0.08944   0.10344   0.07520   0.09628   0.06884   0.08155   0.00109   0.01650   0.05245   0.02366   0.02878   0.01197   0.03996   0.00586   0.04947   0.04471   0.05661   0.01307   0.01939   0.02017   0.04684   0.04234   2.97370   0.85688   0.32067   1.43756  
 39 2588.2091  26493.987640  x:  0.00288   0.01413   0.06209   0.07078   0.00000   0.04373   0.15389   0.00000   0.30295   0.06375   0.00364   0.19738   0.00062   0.09873   0.08043   0.06507   0.11936   0.06462   0.02607   0.10972   0.00052   0.04422   0.03978   0.05400   0.03272   0.12735   0.15168   0.00000   0.11476   0.00000   0.00261   0.05103   0.10195   0.08818   0.10261   0.07413   0.09552   0.06376   0.07917   0.00116   0.01517   0.04946   0.02252   0.02812   0.01200   0.03869   0.00597   0.04928   0.04273   0.05578   0.01299   0.01907   0.01929   0.04711   0.04147   3.00024   0.86029   0.32422   1.43847  
 40 513.6532  26493.100545  x:  0.00264   0.01426   0.06232   0.06967   0.00000   0.04186   0.15391   0.00000   0.31200   0.06396   0.00298   0.19754   0.00072   0.09876   0.07808   0.06445   0.11809   0.06501   0.02620   0.11075   0.00053   0.04376   0.03899   0.05425   0.03051   0.12604   0.15033   0.00000   0.11533   0.00000   0.00269   0.05013   0.10235   0.08744   0.10213   0.07366   0.09509   0.06238   0.07853   0.00106   0.01730   0.04866   0.02419   0.02894   0.01210   0.03964   0.00584   0.04923   0.04284   0.05517   0.01327   0.01979   0.02160   0.04705   0.04166   3.01313   0.86167   0.32636   1.43885  
 41 375.4871  26492.358679  x:  0.00281   0.01412   0.06224   0.06949   0.00000   0.04106   0.15366   0.00000   0.32264   0.06304   0.00322   0.19649   0.00070   0.09902   0.07729   0.06438   0.11706   0.06499   0.02633   0.11175   0.00052   0.04313   0.03746   0.05451   0.02827   0.12479   0.14851   0.00000   0.11595   0.00000   0.00262   0.05073   0.10270   0.08716   0.10196   0.07371   0.09502   0.06354   0.07859   0.00114   0.01554   0.04936   0.02291   0.02819   0.01202   0.04093   0.00589   0.04926   0.04383   0.05482   0.01308   0.01924   0.01998   0.04679   0.04195   3.02380   0.86231   0.32841   1.43912  
 42 369.9796  26491.829643  x:  0.00274   0.01402   0.06190   0.07065   0.00000   0.04260   0.15346   0.00000   0.33266   0.06157   0.00295   0.19459   0.00067   0.09940   0.07901   0.06523   0.11689   0.06444   0.02614   0.11197   0.00052   0.04352   0.03843   0.05462   0.03059   0.12422   0.14724   0.00000   0.11612   0.00000   0.00261   0.05209   0.10272   0.08762   0.10222   0.07431   0.09538   0.06636   0.07920   0.00111   0.01616   0.05066   0.02331   0.02825   0.01206   0.03984   0.00591   0.04934   0.04397   0.05536   0.01311   0.01957   0.02040   0.04678   0.04206   3.03165   0.86249   0.32986   1.43930  
 43 242.9532  26491.727039  x:  0.00276   0.01405   0.06210   0.07140   0.00000   0.04308   0.15384   0.00000   0.33524   0.06225   0.00291   0.19398   0.00063   0.09962   0.08056   0.06581   0.11788   0.06459   0.02680   0.11131   0.00052   0.04385   0.03786   0.05446   0.03072   0.12509   0.14802   0.00000   0.11585   0.00000   0.00264   0.05138   0.10261   0.08830   0.10274   0.07467   0.09582   0.06592   0.07951   0.00111   0.01612   0.04989   0.02328   0.02832   0.01207   0.04044   0.00593   0.04942   0.04349   0.05577   0.01312   0.01960   0.02047   0.04718   0.04192   3.03317   0.86153   0.33042   1.43923  
 44 64.9029  26491.692123  x:  0.00276   0.01407   0.06221   0.07139   0.00000   0.04269   0.15425   0.00000   0.33626   0.06257   0.00291   0.19388   0.00063   0.09970   0.08078   0.06582   0.11859   0.06466   0.02610   0.11099   0.00054   0.04367   0.03795   0.05440   0.03081   0.12587   0.14907   0.00000   0.11578   0.00000   0.00264   0.05163   0.10264   0.08860   0.10305   0.07471   0.09604   0.06552   0.07973   0.00111   0.01613   0.05020   0.02333   0.02841   0.01209   0.04036   0.00592   0.04954   0.04400   0.05569   0.01314   0.01962   0.02048   0.04709   0.04218   3.03368   0.86039   0.33089   1.43912  
 45 37.5574  26491.677058  x:  0.00276   0.01407   0.06224   0.07123   0.00000   0.04268   0.15462   0.00000   0.33668   0.06245   0.00290   0.19400   0.00064   0.09973   0.08045   0.06566   0.11891   0.06489   0.02666   0.11108   0.00053   0.04379   0.03816   0.05445   0.03076   0.12628   0.14992   0.00000   0.11588   0.00000   0.00264   0.05188   0.10275   0.08861   0.10315   0.07468   0.09610   0.06569   0.07991   0.00111   0.01615   0.05046   0.02337   0.02849   0.01209   0.04033   0.00593   0.04955   0.04396   0.05569   0.01315   0.01963   0.02049   0.04709   0.04215   3.03390   0.85956   0.33119   1.43903  
 46 25.7008  26491.670904  x:  0.00276   0.01407   0.06228   0.07125   0.00000   0.04295   0.15487   0.00000   0.33681   0.06235   0.00291   0.19415   0.00064   0.09976   0.08026   0.06559   0.11888   0.06485   0.02641   0.11130   0.00053   0.04384   0.03823   0.05453   0.03069   0.12632   0.15036   0.00000   0.11602   0.00000   0.00264   0.05178   0.10285   0.08856   0.10313   0.07472   0.09608   0.06594   0.08004   0.00111   0.01616   0.05032   0.02336   0.02852   0.01209   0.04050   0.00593   0.04956   0.04384   0.05581   0.01314   0.01965   0.02051   0.04721   0.04213   3.03398   0.85916   0.33132   1.43896  
 47 14.1695  26491.662768  x:  0.00276   0.01407   0.06238   0.07154   0.00000   0.04298   0.15516   0.00000   0.33683   0.06254   0.00290   0.19439   0.00063   0.09987   0.08043   0.06567   0.11853   0.06484   0.02658   0.11172   0.00052   0.04378   0.03824   0.05465   0.03075   0.12597   0.15067   0.00000   0.11626   0.00000   0.00265   0.05168   0.10294   0.08854   0.10304   0.07490   0.09606   0.06591   0.08026   0.00111   0.01616   0.05026   0.02338   0.02855   0.01210   0.04040   0.00593   0.04966   0.04419   0.05589   0.01314   0.01966   0.02050   0.04717   0.04231   3.03408   0.85883   0.33138   1.43885  
 48  5.8363  26491.641918  x:  0.00276   0.01408   0.06239   0.07165   0.00000   0.04268   0.15552   0.00000   0.33682   0.06275   0.00289   0.19476   0.00062   0.09999   0.08083   0.06607   0.11798   0.06489   0.02646   0.11203   0.00052   0.04393   0.03813   0.05471   0.03079   0.12531   0.15082   0.00000   0.11645   0.00000   0.00264   0.05208   0.10297   0.08867   0.10303   0.07505   0.09610   0.06564   0.08049   0.00111   0.01615   0.05065   0.02341   0.02854   0.01209   0.04053   0.00594   0.04955   0.04366   0.05578   0.01315   0.01966   0.02054   0.04718   0.04199   3.03433   0.85833   0.33148   1.43854  
 49  8.5964  26491.426445  x:  0.00277   0.01415   0.06183   0.06966   0.00000   0.04274   0.15657   0.00000   0.33661   0.06177   0.00283   0.19602   0.00063   0.09979   0.08109   0.06864   0.11693   0.06570   0.02653   0.11077   0.00051   0.04415   0.03817   0.05417   0.03089   0.12299   0.14991   0.00000   0.11594   0.00000   0.00268   0.05186   0.10270   0.08968   0.10386   0.07431   0.09676   0.06586   0.08020   0.00112   0.01620   0.05007   0.02348   0.02837   0.01214   0.04044   0.00596   0.04974   0.04414   0.05567   0.01315   0.01966   0.02050   0.04795   0.04292   3.03686   0.85596   0.33168   1.43541  
 50 10.5936  26489.879968  x:  0.00283   0.01410   0.06469   0.07211   0.00000   0.04285   0.15857   0.00000   0.33634   0.06352   0.00265   0.19817   0.00077   0.09962   0.07800   0.06994   0.11743   0.06432   0.02712   0.10735   0.00044   0.04197   0.03918   0.05343   0.03065   0.12024   0.14614   0.00000   0.11451   0.00000   0.00287   0.05021   0.10308   0.09044   0.10645   0.07341   0.09863   0.06800   0.07846   0.00115   0.01637   0.05073   0.02355   0.02705   0.01223   0.04040   0.00606   0.05032   0.04517   0.05776   0.01310   0.01933   0.02102   0.04386   0.03841   3.05494   0.85055   0.32731   1.41439  
 51 56.9809  26483.042989  x:  0.00303   0.01445   0.06818   0.07923   0.00000   0.04195   0.16126   0.00000   0.33605   0.06725   0.00199   0.20202   0.00103   0.10115   0.07406   0.06590   0.12208   0.06168   0.02762   0.10609   0.00000   0.04552   0.04025   0.05428   0.02936   0.12047   0.13643   0.00000   0.11464   0.00000   0.00337   0.05297   0.10559   0.08958   0.11042   0.07443   0.10036   0.06896   0.07644   0.00138   0.01691   0.05209   0.02408   0.02215   0.01255   0.04032   0.00655   0.04957   0.04193   0.05781   0.01284   0.01801   0.02078   0.04843   0.04685   3.12375   0.83967   0.30510   1.33573  
 52 549.4287  26483.042989  x:  0.00303   0.01445   0.06818   0.07923   0.00000   0.04195   0.16126   0.00000   0.33605   0.06725   0.00199   0.20202   0.00103   0.10115   0.07406   0.06590   0.12208   0.06168   0.02762   0.10609   0.00000   0.04552   0.04025   0.05428   0.02936   0.12047   0.13643   0.00000   0.11464   0.00000   0.00337   0.05297   0.10559   0.08958   0.11042   0.07443   0.10036   0.06896   0.07644   0.00138   0.01691   0.05209   0.02408   0.02215   0.01255   0.04032   0.00655   0.04957   0.04193   0.05781   0.01284   0.01801   0.02078   0.04843   0.04685   3.12375   0.83967   0.30510   1.33573  
 53 1427.4015  26480.889272  x:  0.00412   0.01520   0.06790   0.07885   0.00000   0.04206   0.16109   0.00000   0.33601   0.06701   0.00110   0.20222   0.00000   0.10131   0.07450   0.06593   0.12223   0.06198   0.02757   0.10668   0.00011   0.04540   0.04014   0.05445   0.02944   0.12100   0.13626   0.00000   0.11501   0.00000   0.00538   0.05296   0.10574   0.08962   0.11031   0.07451   0.10029   0.06885   0.07649   0.00089   0.01723   0.05196   0.02420   0.02083   0.01301   0.04032   0.00646   0.04964   0.04221   0.05772   0.01304   0.01715   0.02110   0.04837   0.04645   3.12382   0.83947   0.30487   1.33576  
 54 936.6486  26480.289143  x:  0.00422   0.01549   0.06774   0.07864   0.00000   0.04212   0.16100   0.00000   0.33599   0.06688   0.00095   0.20233   0.00029   0.10140   0.07475   0.06595   0.12231   0.06214   0.02754   0.10699   0.00000   0.04534   0.04008   0.05453   0.02949   0.12129   0.13617   0.00000   0.11521   0.00000   0.00544   0.05294   0.10581   0.08964   0.11025   0.07455   0.10026   0.06879   0.07652   0.00110   0.01736   0.05189   0.02426   0.02021   0.01318   0.04032   0.00643   0.04968   0.04234   0.05768   0.01313   0.01677   0.02123   0.04834   0.04624   3.12386   0.83936   0.30475   1.33578  
 55 873.4139  26478.752394  x:  0.00355   0.01665   0.06687   0.07743   0.00000   0.04245   0.16050   0.00000   0.33590   0.06616   0.00070   0.20298   0.00020   0.10194   0.07617   0.06603   0.12279   0.06303   0.02741   0.10882   0.00069   0.04504   0.03975   0.05504   0.02975   0.12297   0.13563   0.00000   0.11636   0.00000   0.00421   0.05275   0.10619   0.08974   0.10992   0.07478   0.10007   0.06838   0.07662   0.00017   0.01777   0.05152   0.02460   0.01717   0.01382   0.04032   0.00638   0.04989   0.04306   0.05743   0.01343   0.01511   0.02177   0.04818   0.04511   3.12411   0.83867   0.30400   1.33588  
 56 1515.7015  26478.549269  x:  0.00346   0.01672   0.06677   0.07730   0.00000   0.04249   0.16044   0.00000   0.33589   0.06608   0.00073   0.20306   0.00000   0.10200   0.07632   0.06604   0.12284   0.06312   0.02739   0.10901   0.00073   0.04501   0.03972   0.05510   0.02978   0.12316   0.13557   0.00000   0.11649   0.00000   0.00410   0.05274   0.10623   0.08976   0.10988   0.07481   0.10005   0.06833   0.07663   0.00031   0.01780   0.05148   0.02463   0.01694   0.01384   0.04031   0.00638   0.04991   0.04313   0.05740   0.01345   0.01502   0.02181   0.04817   0.04500   3.12414   0.83859   0.30391   1.33590  
 57 1419.4784  26478.549269  x:  0.00346   0.01672   0.06677   0.07730   0.00000   0.04249   0.16044   0.00000   0.33589   0.06608   0.00073   0.20306   0.00000   0.10200   0.07632   0.06604   0.12284   0.06312   0.02739   0.10901   0.00073   0.04501   0.03972   0.05510   0.02978   0.12316   0.13557   0.00000   0.11649   0.00000   0.00410   0.05274   0.10623   0.08976   0.10988   0.07481   0.10005   0.06833   0.07663   0.00031   0.01780   0.05148   0.02463   0.01694   0.01384   0.04031   0.00638   0.04991   0.04313   0.05740   0.01345   0.01502   0.02181   0.04817   0.04500   3.12414   0.83859   0.30391   1.33590  
 58 672.3369  26477.965642  x:  0.00370   0.01679   0.06669   0.07718   0.00000   0.04251   0.16039   0.00000   0.33588   0.06601   0.00076   0.20313   0.00026   0.10206   0.07646   0.06605   0.12290   0.06320   0.02735   0.10919   0.00017   0.04498   0.03968   0.05515   0.02980   0.12334   0.13552   0.00000   0.11661   0.00000   0.00454   0.05274   0.10628   0.08977   0.10984   0.07483   0.10003   0.06829   0.07665   0.00150   0.01787   0.05146   0.02466   0.01685   0.01385   0.04031   0.00638   0.04992   0.04318   0.05739   0.01346   0.01499   0.02187   0.04816   0.04490   3.12417   0.83851   0.30382   1.33591  
 59 958.5846  26477.816245  x:  0.00379   0.01683   0.06663   0.07710   0.00000   0.04253   0.16035   0.00000   0.33587   0.06597   0.00076   0.20318   0.00031   0.10210   0.07655   0.06605   0.12293   0.06325   0.02734   0.10932   0.00000   0.04496   0.03966   0.05519   0.02982   0.12347   0.13548   0.00000   0.11669   0.00000   0.00474   0.05273   0.10631   0.08977   0.10982   0.07485   0.10002   0.06826   0.07666   0.00142   0.01788   0.05144   0.02468   0.01678   0.01385   0.04031   0.00638   0.04993   0.04322   0.05737   0.01346   0.01498   0.02189   0.04815   0.04484   3.12419   0.83846   0.30376   1.33592  
 60 462.6257  26477.023985  x:  0.00472   0.01738   0.06560   0.07568   0.00000   0.04285   0.15967   0.00000   0.33574   0.06519   0.00063   0.20408   0.00037   0.10276   0.07814   0.06610   0.12354   0.06423   0.02717   0.11156   0.00114   0.04470   0.03928   0.05581   0.03011   0.12567   0.13479   0.00000   0.11813   0.00000   0.00669   0.05264   0.10682   0.08991   0.10939   0.07513   0.09981   0.06776   0.07681   0.00132   0.01809   0.05110   0.02497   0.01585   0.01391   0.04028   0.00634   0.05012   0.04383   0.05709   0.01355   0.01479   0.02226   0.04802   0.04376   3.12456   0.83745   0.30265   1.33607  
 61 768.9371  26476.208117  x:  0.00449   0.01761   0.06492   0.07471   0.00000   0.04307   0.15918   0.00000   0.33565   0.06468   0.00061   0.20474   0.00000   0.10322   0.07921   0.06613   0.12399   0.06488   0.02702   0.11311   0.00098   0.04453   0.03902   0.05625   0.03032   0.12726   0.13430   0.00000   0.11914   0.00000   0.00626   0.05254   0.10717   0.09000   0.10908   0.07532   0.09968   0.06742   0.07690   0.00137   0.01816   0.05090   0.02514   0.01551   0.01394   0.04027   0.00634   0.05025   0.04420   0.05692   0.01358   0.01474   0.02242   0.04794   0.04309   3.12485   0.83668   0.30184   1.33619  
 62 832.4713  26475.697778  x:  0.00409   0.01774   0.06411   0.07353   0.00000   0.04332   0.15852   0.00000   0.33553   0.06410   0.00099   0.20567   0.00143   0.10385   0.08056   0.06614   0.12457   0.06565   0.02684   0.11513   0.00101   0.04438   0.03870   0.05681   0.03057   0.12939   0.13366   0.00000   0.12045   0.00000   0.00539   0.05243   0.10762   0.09012   0.10869   0.07557   0.09953   0.06699   0.07701   0.00128   0.01817   0.05069   0.02526   0.01557   0.01395   0.04027   0.00633   0.05038   0.04456   0.05673   0.01358   0.01477   0.02253   0.04787   0.04244   3.12527   0.83554   0.30067   1.33635  
 63 1347.0206  26475.335534  x:  0.00433   0.01706   0.06398   0.07310   0.00000   0.04329   0.15776   0.00000   0.33537   0.06417   0.00000   0.20680   0.00153   0.10430   0.08105   0.06596   0.12514   0.06588   0.02673   0.11671   0.00100   0.04463   0.03859   0.05725   0.03071   0.13162   0.13310   0.00000   0.12153   0.00000   0.00547   0.05255   0.10802   0.09023   0.10839   0.07574   0.09958   0.06687   0.07709   0.00129   0.01795   0.05091   0.02482   0.01793   0.01379   0.04032   0.00633   0.05032   0.04419   0.05682   0.01342   0.01523   0.02215   0.04803   0.04316   3.12594   0.83370   0.29905   1.33659  
 64 257.9142  26475.149138  x:  0.00443   0.01669   0.06415   0.07313   0.00000   0.04321   0.15730   0.00000   0.33528   0.06445   0.00108   0.20761   0.00118   0.10452   0.08107   0.06579   0.12549   0.06583   0.02671   0.11751   0.00102   0.04489   0.03859   0.05747   0.03076   0.13302   0.13281   0.00000   0.12210   0.00000   0.00569   0.05269   0.10824   0.09030   0.10824   0.07583   0.09968   0.06691   0.07714   0.00131   0.01785   0.05115   0.02449   0.01876   0.01376   0.04037   0.00636   0.05024   0.04380   0.05697   0.01338   0.01535   0.02189   0.04817   0.04393   3.12648   0.83223   0.29783   1.33678  
 65 348.2529  26474.652755  x:  0.00427   0.01663   0.06557   0.07428   0.00000   0.04285   0.15594   0.00000   0.33500   0.06592   0.00067   0.21023   0.00139   0.10491   0.08011   0.06514   0.12642   0.06509   0.02682   0.11897   0.00099   0.04577   0.03887   0.05785   0.03069   0.13695   0.13225   0.00000   0.12324   0.00000   0.00560   0.05321   0.10875   0.09048   0.10805   0.07597   0.10022   0.06756   0.07724   0.00131   0.01791   0.05204   0.02390   0.01707   0.01403   0.04057   0.00645   0.04996   0.04256   0.05768   0.01367   0.01476   0.02152   0.04869   0.04657   3.12855   0.82667   0.29354   1.33745  
 66 256.9058  26474.402331  x:  0.00495   0.01742   0.06640   0.07533   0.00000   0.04297   0.15549   0.00000   0.33492   0.06661   0.00075   0.21178   0.00141   0.10489   0.07930   0.06487   0.12680   0.06468   0.02701   0.11880   0.00096   0.04572   0.03912   0.05780   0.03051   0.13854   0.13240   0.00000   0.12327   0.00000   0.00524   0.05331   0.10886   0.09061   0.10828   0.07601   0.10059   0.06810   0.07735   0.00126   0.01807   0.05210   0.02528   0.01713   0.01371   0.04060   0.00626   0.05013   0.04308   0.05789   0.01332   0.01563   0.02223   0.04871   0.04624   3.13034   0.82228   0.29033   1.33800  
 67 183.2012  26474.219931  x:  0.00391   0.01749   0.06681   0.07602   0.00000   0.04319   0.15534   0.00000   0.33491   0.06693   0.00073   0.21286   0.00143   0.10481   0.07883   0.06476   0.12699   0.06452   0.02716   0.11836   0.00101   0.04553   0.03932   0.05769   0.03039   0.13934   0.13269   0.00000   0.12309   0.00000   0.00576   0.05333   0.10890   0.09072   0.10856   0.07605   0.10084   0.06841   0.07742   0.00131   0.01807   0.05198   0.02586   0.01743   0.01376   0.04064   0.00653   0.05036   0.04372   0.05795   0.01334   0.01569   0.02248   0.04863   0.04547   3.13189   0.81871   0.28775   1.33848  
 68 353.5599  26473.983689  x:  0.00444   0.01681   0.06689   0.07662   0.00000   0.04361   0.15551   0.00000   0.33501   0.06693   0.00075   0.21412   0.00144   0.10466   0.07861   0.06482   0.12713   0.06463   0.02730   0.11733   0.00099   0.04516   0.03960   0.05745   0.03033   0.13970   0.13338   0.00000   0.12256   0.00000   0.00555   0.05323   0.10887   0.09089   0.10912   0.07613   0.10111   0.06863   0.07759   0.00129   0.01812   0.05168   0.02509   0.01774   0.01421   0.04068   0.00636   0.05069   0.04454   0.05781   0.01387   0.01460   0.02227   0.04847   0.04405   3.13447   0.81331   0.28383   1.33927  
 69 289.2067  26473.817416  x:  0.00443   0.01664   0.06635   0.07635   0.00000   0.04379   0.15608   0.00000   0.33526   0.06644   0.00072   0.21462   0.00144   0.10460   0.07917   0.06509   0.12705   0.06512   0.02723   0.11645   0.00100   0.04513   0.03968   0.05729   0.03044   0.13900   0.13410   0.00000   0.12206   0.00000   0.00559   0.05316   0.10882   0.09102   0.10960   0.07622   0.10114   0.06848   0.07772   0.00131   0.01798   0.05158   0.02399   0.01725   0.01373   0.04068   0.00637   0.05070   0.04432   0.05764   0.01333   0.01561   0.02185   0.04851   0.04393   3.13700   0.80920   0.28040   1.34007  
 70 183.0032  26473.621298  x:  0.00440   0.01744   0.06539   0.07536   0.00000   0.04364   0.15719   0.00000   0.33578   0.06563   0.00071   0.21458   0.00140   0.10464   0.08036   0.06559   0.12676   0.06585   0.02701   0.11566   0.00100   0.04544   0.03953   0.05717   0.03062   0.13716   0.13497   0.00000   0.12154   0.00000   0.00558   0.05317   0.10876   0.09112   0.11008   0.07632   0.10099   0.06805   0.07782   0.00130   0.01805   0.05175   0.02476   0.01754   0.01402   0.04071   0.00658   0.05046   0.04334   0.05754   0.01370   0.01524   0.02206   0.04873   0.04518   3.14093   0.80452   0.27555   1.34138  
 71 190.6582  26473.585313  x:  0.00430   0.01712   0.06540   0.07519   0.00000   0.04349   0.15745   0.00000   0.33596   0.06568   0.00069   0.21429   0.00140   0.10471   0.08044   0.06567   0.12669   0.06581   0.02704   0.11584   0.00100   0.04549   0.03942   0.05722   0.03062   0.13664   0.13497   0.00000   0.12163   0.00000   0.00563   0.05322   0.10878   0.09109   0.11003   0.07631   0.10094   0.06798   0.07779   0.00130   0.01809   0.05183   0.02497   0.01748   0.01394   0.04071   0.00607   0.05044   0.04345   0.05762   0.01349   0.01511   0.02215   0.04873   0.04531   3.14207   0.80394   0.27448   1.34178  
 72 91.8279  26473.515134  x:  0.00444   0.01642   0.06563   0.07491   0.00000   0.04311   0.15799   0.00000   0.33640   0.06598   0.00067   0.21344   0.00140   0.10487   0.08043   0.06580   0.12651   0.06554   0.02714   0.11652   0.00098   0.04555   0.03916   0.05738   0.03059   0.13546   0.13480   0.00000   0.12196   0.00000   0.00557   0.05333   0.10883   0.09100   0.10978   0.07625   0.10084   0.06789   0.07767   0.00129   0.01818   0.05198   0.02520   0.01732   0.01382   0.04072   0.00653   0.05047   0.04394   0.05783   0.01327   0.01505   0.02229   0.04869   0.04536   3.14484   0.80308   0.27219   1.34275  
 73 184.2630  26473.444567  x:  0.00440   0.01683   0.06602   0.07482   0.00000   0.04285   0.15846   0.00000   0.33689   0.06630   0.00066   0.21235   0.00140   0.10501   0.08018   0.06588   0.12635   0.06515   0.02719   0.11737   0.00097   0.04550   0.03899   0.05756   0.03062   0.13435   0.13443   0.00000   0.12237   0.00000   0.00557   0.05336   0.10887   0.09087   0.10940   0.07616   0.10072   0.06791   0.07753   0.00130   0.01800   0.05202   0.02482   0.01738   0.01393   0.04069   0.00637   0.05049   0.04426   0.05796   0.01390   0.01539   0.02212   0.04859   0.04511   3.14819   0.80249   0.26990   1.34392  
 74 166.5249  26473.403502  x:  0.00437   0.01738   0.06618   0.07493   0.00000   0.04294   0.15855   0.00000   0.33716   0.06631   0.00066   0.21165   0.00140   0.10501   0.07989   0.06586   0.12628   0.06497   0.02713   0.11775   0.00097   0.04540   0.03905   0.05761   0.03068   0.13398   0.13410   0.00000   0.12256   0.00000   0.00557   0.05327   0.10884   0.09078   0.10915   0.07610   0.10066   0.06798   0.07746   0.00130   0.01796   0.05188   0.02455   0.01752   0.01398   0.04063   0.00641   0.05044   0.04401   0.05786   0.01334   0.01506   0.02196   0.04853   0.04484   3.15066   0.80227   0.26884   1.34474  
 75 115.3864  26473.298621  x:  0.00436   0.01686   0.06596   0.07549   0.00000   0.04366   0.15814   0.00000   0.33769   0.06565   0.00066   0.20988   0.00142   0.10470   0.07903   0.06558   0.12618   0.06491   0.02688   0.11798   0.00096   0.04505   0.03944   0.05748   0.03071   0.13404   0.13307   0.00000   0.12261   0.00000   0.00558   0.05280   0.10857   0.09056   0.10856   0.07594   0.10048   0.06803   0.07736   0.00129   0.01826   0.05121   0.02483   0.01740   0.01371   0.04040   0.00642   0.05020   0.04258   0.05715   0.01360   0.01513   0.02203   0.04846   0.04435   3.15863   0.80201   0.26715   1.34729  
 76 106.2870  26473.104504  x:  0.00443   0.01667   0.06504   0.07581   0.00000   0.04375   0.15664   0.00000   0.33818   0.06454   0.00068   0.20743   0.00143   0.10397   0.07841   0.06486   0.12601   0.06527   0.02704   0.11704   0.00095   0.04506   0.03930   0.05696   0.02986   0.13524   0.13170   0.00000   0.12193   0.00000   0.00557   0.05262   0.10793   0.09026   0.10798   0.07572   0.10012   0.06782   0.07719   0.00132   0.01719   0.05114   0.02476   0.01723   0.01472   0.04059   0.00637   0.05012   0.04326   0.05669   0.01332   0.01538   0.02232   0.04839   0.04495   3.17543   0.80186   0.26563   1.35255  
 77 169.2679  26472.877259  x:  0.00433   0.01712   0.06433   0.07564   0.00000   0.04331   0.15498   0.00000   0.33842   0.06403   0.00070   0.20537   0.00143   0.10334   0.07836   0.06421   0.12580   0.06548   0.02708   0.11573   0.00095   0.04520   0.03923   0.05645   0.02947   0.13665   0.13075   0.00000   0.12103   0.00000   0.00556   0.05274   0.10732   0.09002   0.10765   0.07556   0.09978   0.06753   0.07703   0.00130   0.01793   0.05145   0.02452   0.01734   0.01327   0.04057   0.00636   0.05013   0.04437   0.05683   0.01358   0.01487   0.02184   0.04825   0.04542   3.19563   0.80175   0.26464   1.35883  
 78 519.7346  26472.549881  x:  0.00428   0.01701   0.06457   0.07448   0.00000   0.04247   0.15340   0.00000   0.33804   0.06517   0.00070   0.20440   0.00140   0.10314   0.07937   0.06407   0.12549   0.06499   0.02655   0.11428   0.00097   0.04517   0.03955   0.05620   0.03065   0.13799   0.13094   0.00000   0.12006   0.00000   0.00555   0.05308   0.10702   0.08993   0.10788   0.07551   0.09955   0.06712   0.07686   0.00124   0.01938   0.05190   0.02455   0.01735   0.01451   0.04020   0.00630   0.05009   0.04399   0.05778   0.01330   0.01540   0.02143   0.04810   0.04459   3.22659   0.80155   0.26472   1.36842  
 79 448.5759  26472.089459  x:  0.00440   0.01681   0.06552   0.07308   0.00000   0.04215   0.15229   0.00000   0.33705   0.06696   0.00067   0.20465   0.00136   0.10335   0.08070   0.06449   0.12517   0.06427   0.02639   0.11326   0.00098   0.04491   0.03927   0.05625   0.03162   0.13890   0.13210   0.00000   0.11936   0.00000   0.00554   0.05321   0.10710   0.08998   0.10849   0.07555   0.09953   0.06688   0.07669   0.00129   0.01709   0.05189   0.02464   0.01723   0.01363   0.03982   0.00640   0.04995   0.04274   0.05846   0.01348   0.01495   0.02227   0.04807   0.04350   3.26949   0.80097   0.26601   1.38166  
 80 964.5779  26471.309943  x:  0.00433   0.01693   0.06693   0.07306   0.00000   0.04413   0.15323   0.00000   0.33450   0.06747   0.00063   0.20831   0.00134   0.10431   0.08093   0.06598   0.12492   0.06417   0.02818   0.11450   0.00093   0.04454   0.03681   0.05699   0.02956   0.13779   0.13490   0.00000   0.12016   0.00000   0.00556   0.05229   0.10812   0.09030   0.10953   0.07565   0.10009   0.06746   0.07694   0.00127   0.01819   0.05061   0.02457   0.01733   0.01386   0.04078   0.00637   0.04996   0.04259   0.05704   0.01344   0.01511   0.02187   0.04841   0.04437   3.34423   0.79906   0.27065   1.40476  
 81 792.3619  26470.809544  x:  0.00433   0.01693   0.06631   0.07471   0.00000   0.04413   0.15524   0.00000   0.33296   0.06572   0.00062   0.21174   0.00136   0.10479   0.07969   0.06629   0.12503   0.06470   0.02692   0.11653   0.00091   0.04535   0.03931   0.05754   0.03129   0.13582   0.13582   0.00000   0.12158   0.00000   0.00554   0.05250   0.10880   0.09055   0.10968   0.07575   0.10057   0.06800   0.07728   0.00128   0.01801   0.05104   0.02470   0.01733   0.01387   0.04069   0.00635   0.05029   0.04423   0.05643   0.01350   0.01512   0.02191   0.04845   0.04540   3.39275   0.79697   0.27495   1.41986  
 82 807.0633  26470.693550  x:  0.00432   0.01698   0.06552   0.07540   0.00000   0.04306   0.15644   0.00000   0.33317   0.06534   0.00061   0.21264   0.00136   0.10471   0.07935   0.06581   0.12549   0.06525   0.02692   0.11707   0.00090   0.04526   0.03922   0.05741   0.03030   0.13514   0.13500   0.00000   0.12207   0.00000   0.00553   0.05317   0.10875   0.09067   0.10936   0.07591   0.10064   0.06797   0.07742   0.00127   0.01806   0.05186   0.02463   0.01738   0.01390   0.04035   0.00638   0.05033   0.04355   0.05755   0.01351   0.01514   0.02212   0.04841   0.04465   3.40381   0.79576   0.27672   1.42348  
 83 216.3050  26470.663579  x:  0.00437   0.01699   0.06550   0.07533   0.00000   0.04322   0.15739   0.00000   0.33410   0.06587   0.00059   0.21274   0.00136   0.10461   0.07968   0.06561   0.12611   0.06530   0.02718   0.11697   0.00090   0.04523   0.03942   0.05722   0.03044   0.13507   0.13400   0.00000   0.12214   0.00000   0.00554   0.05304   0.10859   0.09076   0.10911   0.07608   0.10065   0.06786   0.07748   0.00128   0.01794   0.05160   0.02487   0.01735   0.01390   0.04076   0.00639   0.05032   0.04363   0.05774   0.01352   0.01516   0.02171   0.04854   0.04474   3.40657   0.79506   0.27764   1.42476  
 84 47.1886  26470.651944  x:  0.00433   0.01702   0.06564   0.07527   0.00000   0.04335   0.15785   0.00000   0.33479   0.06603   0.00058   0.21273   0.00136   0.10460   0.07985   0.06559   0.12643   0.06525   0.02710   0.11689   0.00090   0.04526   0.03941   0.05717   0.03050   0.13513   0.13362   0.00000   0.12214   0.00000   0.00555   0.05301   0.10856   0.09082   0.10906   0.07614   0.10068   0.06788   0.07752   0.00127   0.01810   0.05155   0.02465   0.01740   0.01391   0.04071   0.00638   0.05037   0.04372   0.05767   0.01353   0.01516   0.02217   0.04858   0.04488   3.40759   0.79476   0.27807   1.42543  
 85 47.3208  26470.641186  x:  0.00434   0.01700   0.06595   0.07523   0.00000   0.04339   0.15822   0.00000   0.33603   0.06587   0.00056   0.21265   0.00136   0.10473   0.07993   0.06572   0.12675   0.06518   0.02690   0.11683   0.00091   0.04537   0.03922   0.05724   0.03048   0.13537   0.13364   0.00000   0.12215   0.00000   0.00555   0.05314   0.10867   0.09089   0.10922   0.07617   0.10078   0.06805   0.07758   0.00127   0.01805   0.05178   0.02476   0.01739   0.01393   0.04037   0.00639   0.05046   0.04377   0.05741   0.01354   0.01517   0.02200   0.04852   0.04489   3.40840   0.79450   0.27851   1.42645  
 86 24.6555  26470.630088  x:  0.00434   0.01701   0.06605   0.07531   0.00000   0.04323   0.15840   0.00000   0.33770   0.06562   0.00055   0.21257   0.00136   0.10493   0.07983   0.06584   0.12690   0.06531   0.02721   0.11690   0.00090   0.04539   0.03929   0.05740   0.03066   0.13569   0.13409   0.00000   0.12220   0.00000   0.00555   0.05322   0.10887   0.09096   0.10950   0.07616   0.10089   0.06818   0.07762   0.00127   0.01808   0.05185   0.02474   0.01741   0.01392   0.04073   0.00639   0.05043   0.04371   0.05753   0.01354   0.01517   0.02208   0.04855   0.04484   3.40910   0.79433   0.27893   1.42797  
 87 27.6096  26470.623850  x:  0.00434   0.01702   0.06581   0.07542   0.00000   0.04331   0.15832   0.00000   0.33861   0.06581   0.00055   0.21260   0.00136   0.10498   0.07976   0.06581   0.12673   0.06533   0.02697   0.11703   0.00091   0.04529   0.03934   0.05744   0.03052   0.13576   0.13446   0.00000   0.12228   0.00000   0.00555   0.05311   0.10893   0.09097   0.10958   0.07617   0.10091   0.06807   0.07764   0.00127   0.01808   0.05165   0.02475   0.01741   0.01393   0.04068   0.00639   0.05044   0.04378   0.05779   0.01355   0.01518   0.02205   0.04865   0.04493   3.40935   0.79420   0.27918   1.42924  
 88 19.9828  26470.617225  x:  0.00434   0.01704   0.06566   0.07547   0.00000   0.04346   0.15802   0.00000   0.33918   0.06607   0.00054   0.21277   0.00136   0.10489   0.07985   0.06570   0.12637   0.06537   0.02725   0.11717   0.00090   0.04547   0.03951   0.05735   0.03048   0.13563   0.13460   0.00000   0.12235   0.00000   0.00555   0.05315   0.10884   0.09095   0.10945   0.07622   0.10086   0.06796   0.07764   0.00127   0.01808   0.05179   0.02475   0.01741   0.01394   0.04047   0.00640   0.05048   0.04376   0.05760   0.01355   0.01518   0.02207   0.04856   0.04491   3.40937   0.79401   0.27946   1.43129  
 89 15.5544  26470.599532  x:  0.00433   0.01702   0.06590   0.07541   0.00000   0.04344   0.15731   0.00000   0.33984   0.06599   0.00054   0.21327   0.00136   0.10465   0.08010   0.06570   0.12573   0.06521   0.02691   0.11725   0.00091   0.04533   0.03946   0.05715   0.03039   0.13524   0.13443   0.00000   0.12242   0.00000   0.00554   0.05330   0.10863   0.09092   0.10907   0.07631   0.10082   0.06805   0.07763   0.00127   0.01809   0.05200   0.02475   0.01741   0.01391   0.04101   0.00639   0.05045   0.04372   0.05731   0.01355   0.01518   0.02208   0.04853   0.04482   3.40913   0.79351   0.28012   1.43768  
 90 33.7918  26470.540473  x:  0.00434   0.01697   0.06650   0.07517   0.00000   0.04320   0.15610   0.00000   0.34057   0.06522   0.00055   0.21439   0.00135   0.10441   0.08013   0.06627   0.12517   0.06529   0.02732   0.11707   0.00089   0.04506   0.03918   0.05701   0.03081   0.13451   0.13355   0.00000   0.12234   0.00000   0.00554   0.05305   0.10845   0.09093   0.10864   0.07631   0.10082   0.06846   0.07764   0.00126   0.01807   0.05133   0.02473   0.01740   0.01395   0.04031   0.00639   0.05039   0.04382   0.05797   0.01354   0.01517   0.02203   0.04883   0.04499   3.40797   0.79226   0.28188   1.46008  
 91 100.9302  26470.248663  x:  0.00431   0.01701   0.06508   0.07507   0.00000   0.04414   0.15540   0.00000   0.34068   0.06587   0.00052   0.21660   0.00133   0.10508   0.07864   0.06769   0.12642   0.06563   0.02667   0.11579   0.00090   0.04652   0.03848   0.05764   0.03091   0.13377   0.13160   0.00000   0.12156   0.00000   0.00552   0.05263   0.10909   0.09098   0.10949   0.07574   0.10087   0.06782   0.07756   0.00124   0.01802   0.05185   0.02467   0.01732   0.01388   0.04087   0.00637   0.05054   0.04364   0.05833   0.01352   0.01513   0.02205   0.04791   0.04441   3.40161   0.78722   0.28951   1.57412  
 92 288.0779  26469.896584  x:  0.00424   0.01704   0.06462   0.07555   0.00000   0.04298   0.15673   0.00000   0.33936   0.06625   0.00047   0.21652   0.00127   0.10527   0.07920   0.06590   0.12773   0.06534   0.02707   0.11552   0.00089   0.04387   0.03948   0.05771   0.03045   0.13440   0.13224   0.00000   0.12123   0.00000   0.00544   0.05352   0.10917   0.09086   0.11028   0.07577   0.10079   0.06735   0.07748   0.00124   0.01806   0.05178   0.02459   0.01725   0.01388   0.04037   0.00635   0.05028   0.04371   0.05642   0.01350   0.01508   0.02199   0.04889   0.04468   3.39390   0.78023   0.29934   1.71015  
 93 1014.9960  26469.716619  x:  0.00424   0.01694   0.06570   0.07572   0.00000   0.04334   0.15820   0.00000   0.33800   0.06538   0.00047   0.21482   0.00123   0.10453   0.08038   0.06441   0.12755   0.06522   0.02688   0.11602   0.00087   0.04541   0.03992   0.05702   0.02985   0.13545   0.13395   0.00000   0.12157   0.00000   0.00543   0.05301   0.10851   0.09079   0.10981   0.07625   0.10073   0.06799   0.07756   0.00123   0.01804   0.05127   0.02459   0.01725   0.01389   0.04055   0.00635   0.05043   0.04366   0.05734   0.01350   0.01508   0.02201   0.04861   0.04437   3.38989   0.77575   0.30511   1.78010  
 94 799.5221  26469.688370  x:  0.00424   0.01695   0.06569   0.07563   0.00000   0.04380   0.15848   0.00000   0.33756   0.06553   0.00049   0.21387   0.00124   0.10428   0.08007   0.06514   0.12708   0.06558   0.02691   0.11619   0.00087   0.04493   0.03963   0.05681   0.03026   0.13585   0.13430   0.00000   0.12181   0.00000   0.00543   0.05311   0.10833   0.09093   0.10936   0.07636   0.10081   0.06815   0.07772   0.00123   0.01804   0.05180   0.02460   0.01725   0.01389   0.04056   0.00635   0.05055   0.04371   0.05765   0.01351   0.01509   0.02202   0.04852   0.04453   3.38925   0.77453   0.30644   1.79096  
 95 140.4131  26469.683257  x:  0.00424   0.01696   0.06561   0.07566   0.00000   0.04352   0.15845   0.00000   0.33742   0.06566   0.00049   0.21351   0.00124   0.10436   0.07997   0.06546   0.12682   0.06559   0.02690   0.11621   0.00086   0.04514   0.03952   0.05684   0.03032   0.13595   0.13427   0.00000   0.12189   0.00000   0.00543   0.05317   0.10841   0.09102   0.10931   0.07637   0.10090   0.06811   0.07777   0.00123   0.01805   0.05160   0.02461   0.01725   0.01390   0.04057   0.00636   0.05051   0.04373   0.05746   0.01352   0.01509   0.02203   0.04867   0.04447   3.38913   0.77412   0.30683   1.79288  
 96 32.7152  26469.682444  x:  0.00424   0.01697   0.06562   0.07571   0.00000   0.04354   0.15839   0.00000   0.33738   0.06563   0.00049   0.21338   0.00124   0.10449   0.08005   0.06548   0.12671   0.06552   0.02692   0.11621   0.00086   0.04511   0.03959   0.05693   0.03028   0.13593   0.13417   0.00000   0.12190   0.00000   0.00543   0.05313   0.10853   0.09104   0.10941   0.07637   0.10095   0.06808   0.07775   0.00123   0.01805   0.05163   0.02461   0.01725   0.01390   0.04058   0.00636   0.05054   0.04373   0.05749   0.01352   0.01510   0.02203   0.04860   0.04450   3.38911   0.77399   0.30694   1.79314  
 97  5.0735  26469.682199  x:  0.00424   0.01697   0.06563   0.07570   0.00000   0.04360   0.15836   0.00000   0.33737   0.06564   0.00049   0.21334   0.00124   0.10452   0.08006   0.06545   0.12669   0.06556   0.02692   0.11621   0.00086   0.04513   0.03961   0.05696   0.03026   0.13591   0.13414   0.00000   0.12190   0.00000   0.00543   0.05318   0.10856   0.09104   0.10947   0.07637   0.10095   0.06812   0.07776   0.00123   0.01805   0.05164   0.02461   0.01726   0.01390   0.04058   0.00636   0.05052   0.04374   0.05751   0.01352   0.01510   0.02203   0.04868   0.04448   3.38911   0.77397   0.30696   1.79318  
 98  1.5090  26469.680723  x:  0.00424   0.01696   0.06568   0.07561   0.00000   0.04355   0.15819   0.00000   0.33735   0.06572   0.00050   0.21324   0.00124   0.10449   0.07999   0.06531   0.12679   0.06573   0.02689   0.11630   0.00086   0.04511   0.03956   0.05697   0.03030   0.13580   0.13413   0.00000   0.12192   0.00000   0.00543   0.05314   0.10856   0.09101   0.10967   0.07639   0.10092   0.06821   0.07784   0.00123   0.01805   0.05161   0.02462   0.01725   0.01390   0.04059   0.00636   0.05057   0.04373   0.05748   0.01352   0.01510   0.02203   0.04857   0.04451   3.38912   0.77388   0.30705   1.79324  
 99  0.8700  26469.665002  x:  0.00424   0.01700   0.06558   0.07569   0.00000   0.04367   0.15741   0.00000   0.33729   0.06557   0.00052   0.21288   0.00123   0.10423   0.08007   0.06542   0.12781   0.06527   0.02696   0.11670   0.00084   0.04517   0.03940   0.05685   0.03046   0.13540   0.13435   0.00000   0.12212   0.00000   0.00543   0.05301   0.10836   0.09101   0.11000   0.07636   0.10081   0.06782   0.07775   0.00122   0.01806   0.05177   0.02463   0.01724   0.01391   0.04059   0.00636   0.05046   0.04378   0.05752   0.01353   0.01510   0.02204   0.04878   0.04445   3.38929   0.77354   0.30742   1.79364  
100  2.3181  26469.558318  x:  0.00421   0.01705   0.06529   0.07600   0.00000   0.04392   0.15611   0.00000   0.33722   0.06574   0.00055   0.21241   0.00107   0.10477   0.08113   0.06613   0.12967   0.06578   0.02687   0.11702   0.00073   0.04513   0.03989   0.05696   0.03010   0.13517   0.13485   0.00000   0.12256   0.00000   0.00533   0.05446   0.10864   0.09141   0.10872   0.07629   0.10128   0.06833   0.07746   0.00120   0.01808   0.05089   0.02471   0.01716   0.01393   0.04071   0.00636   0.05117   0.04377   0.05767   0.01353   0.01511   0.02210   0.04807   0.04459   3.39050   0.77375   0.30795   1.79645  
101  7.5675  26469.164122  x:  0.00403   0.01722   0.06503   0.07496   0.00000   0.04346   0.15499   0.00000   0.33718   0.06587   0.00062   0.21232   0.00056   0.10655   0.08232   0.06593   0.13082   0.06756   0.02653   0.11788   0.00030   0.04504   0.04021   0.05798   0.02979   0.13643   0.13499   0.00000   0.12362   0.00000   0.00522   0.05171   0.11000   0.09199   0.10589   0.07671   0.10196   0.06890   0.07790   0.00110   0.01815   0.05221   0.02493   0.01680   0.01395   0.04056   0.00639   0.05011   0.04433   0.05723   0.01359   0.01505   0.02229   0.04907   0.04367   3.39490   0.77494   0.30951   1.80657  
102 49.2845  26468.789828  x:  0.00395   0.01743   0.06468   0.07362   0.00000   0.04378   0.15560   0.00000   0.33721   0.06504   0.00067   0.21282   0.00026   0.10656   0.08208   0.06524   0.12948   0.06701   0.02667   0.11922   0.00000   0.04499   0.03928   0.05842   0.03055   0.13819   0.13419   0.00000   0.12422   0.00000   0.00508   0.05248   0.11014   0.09158   0.10649   0.07692   0.10135   0.06762   0.07809   0.00104   0.01816   0.05162   0.02507   0.01653   0.01397   0.04059   0.00639   0.05052   0.04446   0.05728   0.01361   0.01502   0.02239   0.04867   0.04343   3.39788   0.77571   0.31060   1.81341  
103 107.4636  26468.746097  x:  0.00393   0.01742   0.06442   0.07408   0.00000   0.04356   0.15596   0.00000   0.33724   0.06522   0.00066   0.21299   0.00019   0.10597   0.08285   0.06614   0.12900   0.06727   0.02661   0.12000   0.00000   0.04497   0.03939   0.05810   0.03045   0.13881   0.13368   0.00000   0.12436   0.00000   0.00507   0.05234   0.10951   0.09134   0.10773   0.07645   0.10092   0.06827   0.07746   0.00103   0.01817   0.05165   0.02510   0.01649   0.01397   0.04057   0.00639   0.05034   0.04451   0.05722   0.01361   0.01501   0.02241   0.04863   0.04335   3.39847   0.77610   0.31062   1.81479  
104 36.3293  26468.745540  x:  0.00393   0.01742   0.06448   0.07409   0.00000   0.04355   0.15597   0.00000   0.33724   0.06522   0.00066   0.21300   0.00018   0.10595   0.08286   0.06621   0.12899   0.06731   0.02660   0.12003   0.00000   0.04497   0.03946   0.05806   0.03039   0.13883   0.13366   0.00000   0.12436   0.00000   0.00507   0.05233   0.10947   0.09141   0.10779   0.07646   0.10095   0.06819   0.07759   0.00103   0.01817   0.05166   0.02510   0.01649   0.01397   0.04057   0.00639   0.05044   0.04450   0.05723   0.01361   0.01501   0.02241   0.04868   0.04334   3.39848   0.77614   0.31060   1.81481  
105  4.2621  26468.745506  x:  0.00393   0.01742   0.06448   0.07408   0.00000   0.04355   0.15597   0.00000   0.33724   0.06522   0.00066   0.21300   0.00018   0.10595   0.08285   0.06621   0.12899   0.06731   0.02660   0.12004   0.00000   0.04497   0.03947   0.05805   0.03038   0.13883   0.13365   0.00000   0.12436   0.00000   0.00507   0.05233   0.10946   0.09143   0.10780   0.07646   0.10096   0.06818   0.07761   0.00103   0.01817   0.05165   0.02510   0.01649   0.01397   0.04057   0.00639   0.05040   0.04450   0.05723   0.01361   0.01501   0.02241   0.04866   0.04334   3.39848   0.77614   0.31059   1.81481  
106  1.0347  26468.745454  x:  0.00393   0.01742   0.06447   0.07405   0.00000   0.04355   0.15597   0.00000   0.33724   0.06522   0.00066   0.21300   0.00018   0.10596   0.08284   0.06620   0.12899   0.06729   0.02661   0.12005   0.00000   0.04497   0.03947   0.05802   0.03038   0.13883   0.13365   0.00000   0.12436   0.00000   0.00507   0.05233   0.10944   0.09147   0.10781   0.07646   0.10100   0.06820   0.07759   0.00103   0.01817   0.05166   0.02510   0.01649   0.01397   0.04057   0.00639   0.05041   0.04450   0.05723   0.01361   0.01501   0.02241   0.04867   0.04334   3.39848   0.77615   0.31059   1.81482  
107  0.2284  26468.743744  x:  0.00393   0.01743   0.06453   0.07417   0.00000   0.04357   0.15598   0.00000   0.33725   0.06521   0.00066   0.21301   0.00018   0.10606   0.08289   0.06608   0.12893   0.06743   0.02658   0.12011   0.00000   0.04497   0.03931   0.05791   0.03052   0.13885   0.13363   0.00000   0.12434   0.00000   0.00507   0.05234   0.10939   0.09150   0.10783   0.07631   0.10122   0.06803   0.07750   0.00102   0.01817   0.05165   0.02510   0.01648   0.01397   0.04057   0.00639   0.05040   0.04451   0.05722   0.01361   0.01501   0.02241   0.04866   0.04334   3.39856   0.77615   0.31061   1.81513  
108  0.2075  26468.684090  x:  0.00397   0.01755   0.06393   0.07367   0.00000   0.04376   0.15640   0.00000   0.33743   0.06481   0.00060   0.21358   0.00011   0.10655   0.08295   0.06580   0.12809   0.06674   0.02675   0.12094   0.00000   0.04494   0.03859   0.05763   0.03108   0.13985   0.13307   0.00000   0.12436   0.00000   0.00523   0.05268   0.10946   0.09048   0.10830   0.07669   0.10106   0.06784   0.07856   0.00098   0.01817   0.05136   0.02519   0.01630   0.01398   0.04059   0.00639   0.05062   0.04461   0.05726   0.01362   0.01499   0.02248   0.04847   0.04322   3.40104   0.77596   0.31149   1.82574  
109  4.4296  26468.655411  x:  0.00401   0.01763   0.06427   0.07300   0.00000   0.04384   0.15662   0.00000   0.33752   0.06458   0.00058   0.21384   0.00010   0.10609   0.08259   0.06574   0.12769   0.06694   0.02673   0.12109   0.00000   0.04490   0.03871   0.05826   0.03096   0.14034   0.13285   0.00000   0.12471   0.00000   0.00531   0.05284   0.10961   0.09090   0.10851   0.07679   0.10045   0.06713   0.07770   0.00095   0.01820   0.05121   0.02523   0.01622   0.01399   0.04059   0.00638   0.05071   0.04465   0.05724   0.01363   0.01498   0.02251   0.04837   0.04317   3.40223   0.77575   0.31200   1.83081  
110 52.7862  26468.654482  x:  0.00401   0.01763   0.06423   0.07305   0.00000   0.04385   0.15663   0.00000   0.33753   0.06458   0.00058   0.21385   0.00010   0.10594   0.08265   0.06568   0.12766   0.06690   0.02674   0.12103   0.00000   0.04490   0.03864   0.05843   0.03101   0.14035   0.13284   0.00000   0.12482   0.00000   0.00531   0.05284   0.10961   0.09108   0.10851   0.07665   0.10043   0.06716   0.07782   0.00095   0.01819   0.05121   0.02523   0.01621   0.01399   0.04059   0.00638   0.05072   0.04466   0.05724   0.01363   0.01498   0.02251   0.04837   0.04317   3.40227   0.77576   0.31200   1.83097  
111  5.1867  26468.654477  x:  0.00401   0.01763   0.06423   0.07305   0.00000   0.04385   0.15663   0.00000   0.33753   0.06459   0.00058   0.21385   0.00010   0.10594   0.08265   0.06568   0.12766   0.06690   0.02674   0.12102   0.00000   0.04490   0.03864   0.05844   0.03101   0.14035   0.13284   0.00000   0.12483   0.00000   0.00531   0.05284   0.10961   0.09107   0.10851   0.07666   0.10045   0.06716   0.07781   0.00095   0.01819   0.05121   0.02523   0.01621   0.01399   0.04059   0.00638   0.05072   0.04466   0.05724   0.01363   0.01498   0.02251   0.04837   0.04317   3.40227   0.77576   0.31200   1.83097  
112  0.3437  26468.654476  x:  0.00401   0.01763   0.06423   0.07305   0.00000   0.04385   0.15663   0.00000   0.33753   0.06459   0.00058   0.21385   0.00010   0.10594   0.08265   0.06568   0.12766   0.06690   0.02674   0.12102   0.00000   0.04490   0.03864   0.05844   0.03101   0.14035   0.13284   0.00000   0.12484   0.00000   0.00531   0.05284   0.10961   0.09107   0.10851   0.07666   0.10045   0.06716   0.07781   0.00095   0.01819   0.05121   0.02523   0.01621   0.01399   0.04059   0.00638   0.05072   0.04466   0.05724   0.01363   0.01498   0.02251   0.04837   0.04317   3.40227   0.77576   0.31200   1.83097  
113  0.0412  26468.654468  x:  0.00401   0.01763   0.06423   0.07306   0.00000   0.04385   0.15663   0.00000   0.33753   0.06458   0.00058   0.21385   0.00010   0.10595   0.08265   0.06568   0.12766   0.06690   0.02674   0.12101   0.00000   0.04490   0.03864   0.05842   0.03101   0.14035   0.13284   0.00000   0.12486   0.00000   0.00531   0.05284   0.10961   0.09108   0.10852   0.07666   0.10043   0.06716   0.07781   0.00095   0.01819   0.05121   0.02523   0.01621   0.01399   0.04059   0.00638   0.05072   0.04466   0.05724   0.01363   0.01498   0.02251   0.04837   0.04317   3.40226   0.77576   0.31200   1.83102  
114  0.0157  26468.653507  x:  0.00401   0.01764   0.06421   0.07302   0.00000   0.04386   0.15666   0.00000   0.33757   0.06459   0.00059   0.21388   0.00013   0.10592   0.08264   0.06570   0.12771   0.06688   0.02664   0.12098   0.00000   0.04487   0.03862   0.05844   0.03102   0.14043   0.13285   0.00000   0.12487   0.00000   0.00533   0.05287   0.10963   0.09108   0.10860   0.07669   0.10054   0.06718   0.07779   0.00098   0.01820   0.05121   0.02523   0.01624   0.01399   0.04060   0.00638   0.05074   0.04467   0.05724   0.01363   0.01498   0.02252   0.04838   0.04317   3.40198   0.77564   0.31244   1.83585  
115  0.4667  26468.653491  x:  0.00401   0.01764   0.06422   0.07302   0.00000   0.04386   0.15666   0.00000   0.33757   0.06459   0.00059   0.21388   0.00013   0.10594   0.08264   0.06571   0.12771   0.06687   0.02663   0.12098   0.00000   0.04487   0.03862   0.05846   0.03102   0.14043   0.13286   0.00000   0.12487   0.00000   0.00533   0.05287   0.10959   0.09109   0.10860   0.07669   0.10053   0.06718   0.07779   0.00098   0.01820   0.05121   0.02523   0.01624   0.01399   0.04060   0.00638   0.05074   0.04467   0.05724   0.01363   0.01498   0.02252   0.04838   0.04317   3.40198   0.77563   0.31245   1.83593  
116  0.9936  26468.653377  x:  0.00402   0.01764   0.06422   0.07302   0.00000   0.04386   0.15664   0.00000   0.33757   0.06459   0.00059   0.21388   0.00012   0.10596   0.08264   0.06571   0.12772   0.06688   0.02663   0.12100   0.00000   0.04487   0.03862   0.05844   0.03101   0.14044   0.13286   0.00000   0.12481   0.00000   0.00534   0.05288   0.10961   0.09110   0.10858   0.07664   0.10048   0.06718   0.07779   0.00098   0.01820   0.05121   0.02522   0.01625   0.01399   0.04060   0.00638   0.05074   0.04467   0.05724   0.01363   0.01497   0.02252   0.04837   0.04317   3.40205   0.77558   0.31267   1.83829  
117  0.0024  26468.653366  x:  0.00402   0.01764   0.06422   0.07303   0.00000   0.04386   0.15664   0.00000   0.33757   0.06459   0.00059   0.21388   0.00012   0.10596   0.08264   0.06571   0.12772   0.06688   0.02664   0.12101   0.00000   0.04487   0.03863   0.05844   0.03101   0.14043   0.13286   0.00000   0.12481   0.00000   0.00533   0.05287   0.10962   0.09110   0.10858   0.07664   0.10047   0.06718   0.07780   0.00098   0.01820   0.05121   0.02523   0.01624   0.01399   0.04060   0.00638   0.05073   0.04467   0.05724   0.01363   0.01498   0.02252   0.04837   0.04317   3.40210   0.77557   0.31273   1.83890  
118  0.0007  26468.653365  x:  0.00402   0.01764   0.06422   0.07303   0.00000   0.04386   0.15664   0.00000   0.33757   0.06459   0.00059   0.21388   0.00012   0.10596   0.08264   0.06571   0.12772   0.06688   0.02664   0.12101   0.00000   0.04487   0.03863   0.05845   0.03101   0.14043   0.13286   0.00000   0.12481   0.00000   0.00533   0.05287   0.10962   0.09110   0.10858   0.07664   0.10047   0.06718   0.07780   0.00098   0.01820   0.05121   0.02523   0.01624   0.01399   0.04060   0.00638   0.05073   0.04467   0.05724   0.01363   0.01498   0.02252   0.04837   0.04317   3.40211   0.77557   0.31275   1.83898  
119  0.0001  26468.653365  x:  0.00402   0.01764   0.06422   0.07303   0.00000   0.04386   0.15664   0.00000   0.33757   0.06459   0.00059   0.21388   0.00012   0.10596   0.08264   0.06571   0.12772   0.06688   0.02664   0.12101   0.00000   0.04487   0.03863   0.05845   0.03101   0.14043   0.13286   0.00000   0.12482   0.00000   0.00533   0.05287   0.10962   0.09110   0.10858   0.07664   0.10047   0.06718   0.07780   0.00098   0.01820   0.05121   0.02523   0.01624   0.01399   0.04060   0.00638   0.05073   0.04467   0.05724   0.01363   0.01498   0.02252   0.04837   0.04317   3.40211   0.77557   0.31275   1.83903  
120  0.0000  26468.653365  x:  0.00402   0.01764   0.06422   0.07303   0.00000   0.04386   0.15664   0.00000   0.33757   0.06459   0.00059   0.21388   0.00012   0.10596   0.08264   0.06571   0.12772   0.06688   0.02664   0.12101   0.00000   0.04487   0.03863   0.05845   0.03101   0.14043   0.13286   0.00000   0.12481   0.00000   0.00533   0.05287   0.10962   0.09110   0.10858   0.07664   0.10048   0.06718   0.07780   0.00098   0.01820   0.05121   0.02523   0.01624   0.01399   0.04060   0.00638   0.05073   0.04467   0.05724   0.01363   0.01498   0.02252   0.04837   0.04317   3.40210   0.77557   0.31275   1.83900  
121  0.0000  26468.653365  x:  0.00402   0.01764   0.06422   0.07303   0.00000   0.04386   0.15664   0.00000   0.33757   0.06459   0.00059   0.21388   0.00012   0.10596   0.08264   0.06571   0.12772   0.06688   0.02664   0.12101   0.00000   0.04487   0.03863   0.05845   0.03101   0.14043   0.13286   0.00000   0.12481   0.00000   0.00533   0.05287   0.10962   0.09110   0.10858   0.07664   0.10048   0.06718   0.07780   0.00098   0.01820   0.05121   0.02523   0.01624   0.01399   0.04060   0.00638   0.05073   0.04467   0.05724   0.01363   0.01498   0.02252   0.04837   0.04317   3.40210   0.77557   0.31275   1.83900  
122  0.0000  26468.653365  x:  0.00402   0.01764   0.06422   0.07303   0.00000   0.04386   0.15664   0.00000   0.33757   0.06459   0.00059   0.21388   0.00012   0.10596   0.08264   0.06571   0.12772   0.06688   0.02664   0.12101   0.00000   0.04487   0.03863   0.05845   0.03101   0.14043   0.13286   0.00000   0.12481   0.00000   0.00533   0.05287   0.10962   0.09110   0.10858   0.07664   0.10048   0.06718   0.07780   0.00098   0.01820   0.05121   0.02523   0.01624   0.01399   0.04060   0.00638   0.05073   0.04467   0.05724   0.01363   0.01498   0.02252   0.04837   0.04317   3.40210   0.77557   0.31275   1.83900  
123  0.0000  26468.653365  x:  0.00402   0.01764   0.06422   0.07303   0.00000   0.04386   0.15664   0.00000   0.33757   0.06459   0.00059   0.21388   0.00012   0.10596   0.08264   0.06571   0.12772   0.06688   0.02664   0.12101   0.00000   0.04487   0.03863   0.05845   0.03101   0.14043   0.13286   0.00000   0.12481   0.00000   0.00533   0.05287   0.10962   0.09110   0.10858   0.07664   0.10048   0.06718   0.07780   0.00098   0.01820   0.05121   0.02523   0.01624   0.01399   0.04060   0.00638   0.05073   0.04467   0.05724   0.01363   0.01498   0.02252   0.04837   0.04317   3.40210   0.77557   0.31275   1.83900  