

TREE # 1

  0  0.0000  10334.828133  x:  0.01049   0.04065   0.04888   0.05096   0.09883   0.03571   0.07891   0.02166   0.08484   0.06517   0.07076   0.01872   0.04412   0.05571   0.05929   0.01243   0.08609   0.01924   0.10706   0.08379   0.03032   0.05029   0.01229   0.03574   0.03475   0.02884   0.09284   0.07467   0.09291   0.05199   0.05100   0.02304   0.09237   0.09282   0.09869   0.09914   0.10167   0.05994   0.09779   0.07481   0.02776   0.10619   0.04535   0.09719   0.06129   0.10989   0.10827   0.03535   0.10190   0.02707   0.08714   2.00000   0.90000   0.97727   1.20636  
  1 99.0000   9874.668927  x:  0.00000   0.03089   0.06016   0.05132   0.08384   0.06641   0.11133   0.02501   0.09594   0.07927   0.07444   0.25193   0.10213   0.11481   0.05968   0.09740   0.10519   0.00402   0.09967   0.07491   0.04809   0.06584   0.27502   0.02919   0.09928   0.02715   0.07828   0.09625   0.11684   0.08678   0.08068   0.04873   0.09389   0.08004   0.10066   0.07402   0.07839   0.04551   0.08219   0.05466   0.00637   0.08629   0.02559   0.08080   0.04472   0.09890   0.08396   0.02403   0.09436   0.08851   0.08613   2.00675   0.93875   0.94194   1.22636  
  2 5301.9206   9736.386331  x:  0.02112   0.02896   0.07051   0.04892   0.05184   0.05467   0.13088   0.02088   0.11103   0.08642   0.06903   0.24749   0.10960   0.13518   0.04411   0.09308   0.11863   0.00000   0.09612   0.06670   0.05123   0.07346   0.26529   0.01865   0.11260   0.01484   0.05641   0.11380   0.13822   0.10282   0.10121   0.05399   0.09750   0.06740   0.10694   0.04364   0.04968   0.03684   0.06692   0.03261   0.00517   0.06442   0.01325   0.06136   0.03245   0.09048   0.05437   0.02386   0.08703   0.09488   0.08236   2.01601   0.98524   0.88199   1.25473  
  3 1264.3775   9699.553981  x:  0.01365   0.02779   0.07190   0.04904   0.04162   0.05230   0.13505   0.01877   0.11512   0.08775   0.06676   0.24691   0.11112   0.13941   0.04082   0.09255   0.12129   0.00776   0.09533   0.06508   0.05105   0.07394   0.26323   0.01677   0.11553   0.01246   0.04963   0.11681   0.14192   0.10599   0.10561   0.05379   0.09801   0.06379   0.10764   0.03399   0.04149   0.03729   0.06384   0.02877   0.00897   0.05959   0.01760   0.05619   0.03255   0.08894   0.04631   0.02443   0.08450   0.09596   0.08149   2.01916   0.99999   0.86079   1.26383  
  4 3788.1097   9668.690456  x:  0.00000   0.02736   0.07205   0.04993   0.02958   0.05086   0.13824   0.01561   0.11938   0.08863   0.06360   0.24632   0.11205   0.14235   0.03887   0.09172   0.12230   0.00048   0.09411   0.06361   0.04996   0.07312   0.26101   0.01672   0.11768   0.01154   0.04211   0.11834   0.14375   0.10822   0.10905   0.05206   0.09796   0.06054   0.10766   0.02448   0.03345   0.03908   0.06178   0.02797   0.00675   0.05568   0.02034   0.05129   0.03468   0.08825   0.03898   0.02521   0.08193   0.09655   0.08049   2.02317   0.99999   0.83278   1.27471  
  5 3582.9279   9661.965203  x:  0.00071   0.02772   0.07163   0.05041   0.02673   0.05100   0.13845   0.01466   0.12021   0.08865   0.06272   0.24664   0.11209   0.14247   0.03899   0.09182   0.12207   0.00000   0.09391   0.06356   0.04950   0.07249   0.26103   0.01755   0.11784   0.01189   0.04052   0.11805   0.14336   0.10830   0.10931   0.05121   0.09766   0.06021   0.10751   0.02335   0.03232   0.04010   0.06182   0.02883   0.00660   0.05540   0.02129   0.05050   0.03587   0.08847   0.03800   0.02546   0.08155   0.09657   0.08029   2.02424   0.99999   0.82500   1.27741  
  6 2428.6029   9623.047400  x:  0.00000   0.03090   0.06962   0.05225   0.01012   0.05270   0.13963   0.00921   0.12523   0.08959   0.05764   0.24809   0.11218   0.14288   0.04034   0.09252   0.12063   0.00394   0.09306   0.06382   0.04804   0.06964   0.26065   0.02169   0.11800   0.01401   0.03255   0.11652   0.14096   0.10924   0.11064   0.04661   0.09605   0.05942   0.10692   0.02286   0.02960   0.04332   0.06235   0.03354   0.00226   0.05432   0.01389   0.04670   0.03869   0.09046   0.03560   0.02585   0.08050   0.09689   0.07904   2.03142   0.99999   0.77142   1.29477  
  7 6221.7618   9623.047400  x:  0.00000   0.03090   0.06962   0.05225   0.01012   0.05270   0.13963   0.00921   0.12523   0.08959   0.05764   0.24809   0.11218   0.14288   0.04034   0.09252   0.12063   0.00394   0.09306   0.06382   0.04804   0.06964   0.26065   0.02169   0.11800   0.01401   0.03255   0.11652   0.14096   0.10924   0.11064   0.04661   0.09605   0.05942   0.10692   0.02286   0.02960   0.04332   0.06235   0.03354   0.00226   0.05432   0.01389   0.04670   0.03869   0.09046   0.03560   0.02585   0.08050   0.09689   0.07904   2.03142   0.99999   0.77142   1.29477  
  8 16739.7882   9594.321190  x:  0.02676   0.03047   0.07239   0.05185   0.00000   0.05013   0.14497   0.00719   0.13033   0.09227   0.05546   0.24621   0.11404   0.14812   0.03626   0.09100   0.12386   0.00046   0.09217   0.06184   0.04909   0.07165   0.25685   0.01934   0.12103   0.01032   0.02632   0.12102   0.14618   0.11392   0.11614   0.04749   0.09667   0.05637   0.10915   0.01687   0.02351   0.04212   0.05867   0.02708   0.02856   0.04942   0.01841   0.04134   0.03582   0.08879   0.02826   0.02611   0.07908   0.09828   0.07823   2.03594   0.99999   0.73875   1.30678  
  9 1016.6432   9594.321190  x:  0.02676   0.03047   0.07239   0.05185   0.00000   0.05013   0.14497   0.00719   0.13033   0.09227   0.05546   0.24621   0.11404   0.14812   0.03626   0.09100   0.12386   0.00046   0.09217   0.06184   0.04909   0.07165   0.25685   0.01934   0.12103   0.01032   0.02632   0.12102   0.14618   0.11392   0.11614   0.04749   0.09667   0.05637   0.10915   0.01687   0.02351   0.04212   0.05867   0.02708   0.02856   0.04942   0.01841   0.04134   0.03582   0.08879   0.02826   0.02611   0.07908   0.09828   0.07823   2.03594   0.99999   0.73875   1.30678  
 10 1448.7379   9542.111946  x:  0.00412   0.02581   0.07589   0.05160   0.00088   0.04954   0.15554   0.00282   0.14078   0.09777   0.05115   0.24278   0.11747   0.15858   0.03053   0.08942   0.13040   0.01434   0.09136   0.05933   0.05048   0.07462   0.24986   0.01584   0.12706   0.00801   0.01661   0.12952   0.15578   0.12295   0.12687   0.04841   0.09924   0.05088   0.11110   0.00385   0.01011   0.03673   0.05256   0.02070   0.00000   0.04122   0.01408   0.03431   0.03155   0.08676   0.02163   0.02625   0.07411   0.10097   0.07693   2.04575   0.99999   0.66623   1.33193  
 11 772.8672   9532.985922  x:  0.00000   0.02495   0.07668   0.05157   0.00101   0.04940   0.15787   0.00183   0.14310   0.09898   0.05019   0.24202   0.11823   0.16087   0.02932   0.08906   0.13181   0.01691   0.09116   0.05877   0.05077   0.07525   0.24831   0.01515   0.12838   0.00756   0.01457   0.13138   0.15789   0.12493   0.12924   0.04858   0.09979   0.04968   0.11156   0.00231   0.00794   0.03577   0.05128   0.01943   0.00152   0.03956   0.01336   0.03280   0.03073   0.08636   0.02030   0.02631   0.07308   0.10154   0.07667   2.04794   0.99999   0.64994   1.33754  
 12 5030.4252   9532.985922  x:  0.00000   0.02495   0.07668   0.05157   0.00101   0.04940   0.15787   0.00183   0.14310   0.09898   0.05019   0.24202   0.11823   0.16087   0.02932   0.08906   0.13181   0.01691   0.09116   0.05877   0.05077   0.07525   0.24831   0.01515   0.12838   0.00756   0.01457   0.13138   0.15789   0.12493   0.12924   0.04858   0.09979   0.04968   0.11156   0.00231   0.00794   0.03577   0.05128   0.01943   0.00152   0.03956   0.01336   0.03280   0.03073   0.08636   0.02030   0.02631   0.07308   0.10154   0.07667   2.04794   0.99999   0.64994   1.33754  
 13 8803.7494   9517.437583  x:  0.01746   0.02666   0.07700   0.05190   0.00041   0.04921   0.15873   0.00123   0.14412   0.09941   0.04979   0.24170   0.11854   0.16160   0.02942   0.08888   0.13208   0.01393   0.09094   0.05856   0.05068   0.07530   0.24762   0.01596   0.12877   0.00800   0.01491   0.13200   0.15860   0.12557   0.13016   0.04840   0.09973   0.04976   0.11209   0.02149   0.01537   0.03709   0.05146   0.02030   0.01795   0.03996   0.01501   0.03272   0.03150   0.08662   0.02099   0.02670   0.07329   0.10175   0.07670   2.04905   0.99999   0.64125   1.34015  
 14 2291.2053   9504.499230  x:  0.01742   0.02749   0.07743   0.05224   0.00000   0.04912   0.16038   0.00018   0.14603   0.10032   0.04910   0.24119   0.11912   0.16303   0.02964   0.08861   0.13265   0.00876   0.09063   0.05827   0.05058   0.07545   0.24640   0.01632   0.12952   0.00859   0.01542   0.13315   0.15994   0.12678   0.13187   0.04810   0.09997   0.04963   0.11242   0.02142   0.01690   0.03790   0.05165   0.02161   0.01715   0.04054   0.01639   0.03295   0.03229   0.08676   0.02255   0.02687   0.07304   0.10210   0.07668   2.05114   0.99999   0.62477   1.34496  
 15 761.5816   9502.339751  x:  0.01744   0.02754   0.07748   0.05226   0.00014   0.04912   0.16065   0.00000   0.14636   0.10048   0.04899   0.24112   0.11922   0.16326   0.02964   0.08860   0.13276   0.00840   0.09064   0.05827   0.05057   0.07546   0.24621   0.01632   0.12963   0.00850   0.01538   0.13331   0.16015   0.12696   0.13215   0.04804   0.10001   0.04962   0.11247   0.02146   0.01685   0.03792   0.05165   0.02155   0.01711   0.04054   0.01624   0.03296   0.03229   0.08677   0.02244   0.02684   0.07302   0.10216   0.07668   2.05151   0.99999   0.62174   1.34577  
 16 7345.2759   9499.252189  x:  0.01744   0.02756   0.07754   0.05229   0.00000   0.04909   0.16102   0.00000   0.14681   0.10071   0.04886   0.24103   0.11935   0.16356   0.02963   0.08861   0.13291   0.00814   0.09068   0.05830   0.05058   0.07548   0.24596   0.01628   0.12976   0.00842   0.01533   0.13352   0.16042   0.12720   0.13253   0.04794   0.10006   0.04960   0.11254   0.02149   0.01679   0.03794   0.05167   0.02148   0.01709   0.04054   0.01616   0.03296   0.03229   0.08678   0.02235   0.02683   0.07301   0.10223   0.07669   2.05204   0.99999   0.61732   1.34688  
 17 60849.2391   9499.252189  x:  0.01744   0.02756   0.07754   0.05229   0.00000   0.04909   0.16102   0.00000   0.14681   0.10071   0.04886   0.24103   0.11935   0.16356   0.02963   0.08861   0.13291   0.00814   0.09068   0.05830   0.05058   0.07548   0.24596   0.01628   0.12976   0.00842   0.01533   0.13352   0.16042   0.12720   0.13253   0.04794   0.10006   0.04960   0.11254   0.02149   0.01679   0.03794   0.05167   0.02148   0.01709   0.04054   0.01616   0.03296   0.03229   0.08678   0.02235   0.02683   0.07301   0.10223   0.07669   2.05204   0.99999   0.61732   1.34688  
 18 971576.9825   9471.762446  x:  0.01016   0.02831   0.07828   0.05279   0.00019   0.04905   0.16438   0.00000   0.15077   0.10262   0.04750   0.24007   0.12055   0.16646   0.02992   0.08825   0.13414   0.00000   0.09034   0.05797   0.05045   0.07575   0.24355   0.01652   0.13122   0.00892   0.01585   0.13573   0.16309   0.12960   0.13602   0.04726   0.10063   0.04931   0.11304   0.01352   0.01601   0.03876   0.05194   0.02304   0.00885   0.04132   0.01730   0.03339   0.03323   0.08694   0.02427   0.02687   0.07246   0.10292   0.07667   2.05647   0.99999   0.58170   1.35676  
 19 708.2358   9458.795443  x:  0.00874   0.02875   0.07863   0.05297   0.00000   0.04896   0.16598   0.00000   0.15273   0.10345   0.04685   0.23962   0.12113   0.16783   0.02995   0.08830   0.13485   0.00168   0.09037   0.05799   0.05043   0.07582   0.24238   0.01659   0.13186   0.00883   0.01586   0.13671   0.16432   0.13070   0.13771   0.04687   0.10085   0.04916   0.11334   0.01224   0.01653   0.03930   0.05205   0.02326   0.00776   0.04155   0.01745   0.03339   0.03354   0.08706   0.02448   0.02686   0.07243   0.10323   0.07670   2.05873   0.99999   0.56326   1.36162  
 20 5009.8949   9303.458919  x:  0.00434   0.03382   0.08269   0.05484   0.00000   0.04765   0.18509   0.00000   0.17665   0.11279   0.03905   0.23447   0.12804   0.18401   0.02993   0.08819   0.14260   0.00000   0.09040   0.05793   0.05009   0.07661   0.22842   0.01735   0.13924   0.00678   0.01489   0.14797   0.17880   0.14370   0.15804   0.04171   0.10323   0.04750   0.11717   0.01175   0.02398   0.04561   0.05326   0.02378   0.01003   0.04334   0.01788   0.03263   0.03632   0.08869   0.02431   0.02698   0.07312   0.10677   0.07738   2.08680   0.99999   0.33103   1.42032  
 21 33042.4595   9265.318561  x:  0.01185   0.03056   0.08149   0.05376   0.00000   0.04590   0.18797   0.00000   0.18228   0.11212   0.03723   0.23366   0.12855   0.18563   0.02797   0.08758   0.14216   0.00121   0.08936   0.05700   0.04894   0.07526   0.22557   0.01510   0.13894   0.00671   0.01245   0.14800   0.17985   0.14489   0.16188   0.03880   0.10219   0.04711   0.11697   0.01304   0.01471   0.04119   0.05169   0.02140   0.00000   0.04080   0.01561   0.03184   0.03320   0.08751   0.02269   0.02657   0.07279   0.10598   0.07647   2.09509   0.99999   0.26090   1.42969  
 22 5465.4790   9265.318561  x:  0.01185   0.03056   0.08149   0.05376   0.00000   0.04590   0.18797   0.00000   0.18228   0.11212   0.03723   0.23366   0.12855   0.18563   0.02797   0.08758   0.14216   0.00121   0.08936   0.05700   0.04894   0.07526   0.22557   0.01510   0.13894   0.00671   0.01245   0.14800   0.17985   0.14489   0.16188   0.03880   0.10219   0.04711   0.11697   0.01304   0.01471   0.04119   0.05169   0.02140   0.00000   0.04080   0.01561   0.03184   0.03320   0.08751   0.02269   0.02657   0.07279   0.10598   0.07647   2.09509   0.99999   0.26090   1.42969  
 23 12696.5261   9256.530048  x:  0.01151   0.03041   0.08148   0.05370   0.00000   0.04579   0.18807   0.00000   0.18261   0.11199   0.03710   0.23359   0.12851   0.18566   0.02787   0.08750   0.14204   0.00091   0.08925   0.05691   0.04885   0.07513   0.22538   0.01503   0.13884   0.00668   0.01239   0.14793   0.17983   0.14490   0.16206   0.03859   0.10209   0.04682   0.11689   0.01290   0.01554   0.04144   0.05169   0.02144   0.01600   0.04095   0.01586   0.03179   0.03323   0.08751   0.02273   0.02648   0.07270   0.10580   0.07648   2.09564   0.98786   0.25673   1.43000  
 24 2499.1683   9242.828001  x:  0.00899   0.02951   0.08096   0.05334   0.00000   0.04524   0.18865   0.00000   0.18426   0.11146   0.03635   0.23334   0.12836   0.18579   0.02746   0.08709   0.14145   0.00000   0.08868   0.05644   0.04842   0.07453   0.22450   0.01473   0.13833   0.00659   0.01211   0.14760   0.17974   0.14493   0.16305   0.03755   0.10159   0.04638   0.11642   0.01147   0.01563   0.04067   0.05125   0.02154   0.01442   0.04068   0.01593   0.03164   0.03286   0.08723   0.02286   0.02609   0.07216   0.10530   0.07613   2.09838   0.98460   0.23371   1.43221  
 25 620.6383   9205.354179  x:  0.02388   0.03118   0.07821   0.05161   0.00000   0.04207   0.19080   0.00000   0.19246   0.10811   0.03214   0.23161   0.12678   0.18541   0.02569   0.08570   0.13829   0.02228   0.08590   0.05457   0.04629   0.07114   0.21944   0.01564   0.13478   0.00575   0.01076   0.14503   0.17810   0.14436   0.16761   0.03226   0.09802   0.04552   0.11423   0.02642   0.01909   0.04030   0.04936   0.01933   0.01688   0.03856   0.01477   0.02941   0.03216   0.08519   0.01958   0.02626   0.07083   0.10230   0.07386   2.11298   0.98387   0.12126   1.44005  
 26 3285.9287   9201.986413  x:  0.03309   0.03156   0.07628   0.04989   0.00000   0.03986   0.19020   0.00000   0.19534   0.10543   0.02957   0.22980   0.12457   0.18336   0.02435   0.08313   0.13470   0.02646   0.08236   0.05195   0.04455   0.06888   0.21616   0.01447   0.13162   0.00478   0.00945   0.14234   0.17545   0.14277   0.16846   0.02966   0.09527   0.04401   0.11174   0.02887   0.01325   0.03993   0.04814   0.01758   0.00772   0.03714   0.01296   0.02814   0.03095   0.08235   0.01885   0.02579   0.06905   0.09970   0.07167   2.11983   0.97015   0.11249   1.43676  
 27 319.2242   9199.374460  x:  0.04311   0.02908   0.07361   0.04783   0.00000   0.03661   0.18878   0.00000   0.20250   0.09949   0.02523   0.22516   0.11965   0.17807   0.02466   0.07719   0.12592   0.02315   0.07472   0.04747   0.04299   0.06550   0.20820   0.01417   0.12458   0.01056   0.01172   0.13628   0.16864   0.13962   0.17045   0.02553   0.08987   0.03924   0.10525   0.02199   0.01362   0.04154   0.04749   0.02049   0.00847   0.03891   0.01876   0.02807   0.03044   0.07834   0.02323   0.02466   0.06449   0.09383   0.06843   2.13792   0.97147   0.10654   1.42602  
 28 192.8193   9197.483086  x:  0.04823   0.02811   0.07227   0.04690   0.00000   0.03546   0.18789   0.00000   0.20936   0.09530   0.02389   0.22103   0.11621   0.17392   0.02632   0.07364   0.11964   0.01873   0.07123   0.04710   0.04323   0.06431   0.20118   0.01445   0.11907   0.00549   0.01144   0.13109   0.16294   0.13735   0.17231   0.02381   0.08699   0.03880   0.10055   0.01576   0.01591   0.04062   0.04681   0.01875   0.01066   0.03813   0.01244   0.02825   0.02986   0.07625   0.01973   0.02365   0.06211   0.09030   0.06714   2.15594   0.97457   0.10291   1.41532  
 29 313.2789   9195.247616  x:  0.05024   0.02782   0.07278   0.04910   0.00000   0.03836   0.18759   0.00000   0.22285   0.09179   0.02847   0.21391   0.11317   0.16797   0.02896   0.07305   0.11486   0.01375   0.07496   0.05399   0.04533   0.06616   0.18992   0.01766   0.11452   0.00538   0.01305   0.12533   0.15450   0.13634   0.17573   0.02624   0.08680   0.04554   0.09783   0.01588   0.01441   0.03691   0.04675   0.01509   0.01042   0.03643   0.01787   0.02849   0.03079   0.07643   0.01625   0.02795   0.06344   0.08907   0.06984   2.19409   0.97416   0.09841   1.39298  
 30 209.3307   9192.796292  x:  0.04939   0.02721   0.07342   0.05068   0.00000   0.04159   0.18753   0.00000   0.23968   0.08988   0.03391   0.20609   0.11088   0.16220   0.02925   0.07438   0.11315   0.01179   0.08008   0.05890   0.04571   0.06792   0.17835   0.01689   0.11233   0.00724   0.01409   0.12132   0.14665   0.13588   0.17970   0.02919   0.08800   0.04958   0.09739   0.01951   0.01638   0.03575   0.04735   0.02217   0.00912   0.03563   0.01275   0.02806   0.03035   0.07813   0.02316   0.02762   0.06583   0.08989   0.07271   2.24387   0.97250   0.09401   1.36405  
 31 518.5822   9188.246040  x:  0.04067   0.02557   0.07332   0.05017   0.00000   0.04459   0.18772   0.00000   0.26925   0.09100   0.03858   0.19581   0.10953   0.15666   0.02435   0.07872   0.11768   0.01544   0.08418   0.05545   0.04178   0.06766   0.16547   0.00831   0.11506   0.00462   0.01286   0.12139   0.14076   0.13544   0.18585   0.03092   0.09104   0.04422   0.10135   0.02274   0.01694   0.04009   0.04726   0.02134   0.00859   0.03954   0.01633   0.02772   0.02947   0.08069   0.01950   0.01688   0.06782   0.09340   0.07402   2.33702   0.97247   0.08814   1.31063  
 32 540.4596   9182.863684  x:  0.02665   0.02730   0.07310   0.05036   0.00000   0.04706   0.18813   0.00000   0.30739   0.09422   0.03913   0.18645   0.10955   0.15377   0.01976   0.08378   0.12575   0.02195   0.08379   0.04492   0.03822   0.06550   0.15669   0.01351   0.12209   0.00850   0.01233   0.12594   0.14033   0.13512   0.19290   0.02964   0.09378   0.03358   0.10740   0.02294   0.01521   0.04449   0.04626   0.01417   0.00870   0.04097   0.01148   0.02757   0.02904   0.08213   0.01856   0.02662   0.06773   0.09707   0.07203   2.46305   0.97297   0.08084   1.23897  
 33 1132.2660   9178.575490  x:  0.01937   0.03224   0.07333   0.04949   0.00000   0.04566   0.18857   0.00000   0.33393   0.09687   0.03353   0.18627   0.11183   0.15784   0.02481   0.08496   0.13016   0.02688   0.07891   0.04136   0.04330   0.06437   0.16168   0.01606   0.12668   0.00115   0.01164   0.13172   0.14819   0.13529   0.19664   0.02538   0.09309   0.03673   0.11037   0.02187   0.01559   0.04385   0.04696   0.02192   0.00790   0.03754   0.01576   0.02759   0.03150   0.08123   0.01817   0.02999   0.06586   0.09657   0.06862   2.55885   0.97203   0.07583   1.18573  
 34 811.2004   9175.562300  x:  0.01447   0.03588   0.07390   0.04830   0.00000   0.04290   0.18951   0.00000   0.35754   0.09917   0.02728   0.18947   0.11517   0.16392   0.02925   0.08413   0.13272   0.02997   0.07440   0.04323   0.04854   0.06410   0.17107   0.01560   0.13009   0.00875   0.01116   0.13731   0.15791   0.13653   0.19953   0.02132   0.09153   0.04323   0.11165   0.02059   0.01781   0.04034   0.04697   0.02295   0.00714   0.03345   0.01436   0.02740   0.03266   0.07997   0.01410   0.02552   0.06444   0.09531   0.06580   2.64828   0.97096   0.07139   1.13709  
 35 1608.0148   9172.851340  x:  0.01398   0.03430   0.07400   0.04763   0.00000   0.03928   0.19140   0.00000   0.37484   0.10065   0.02329   0.19634   0.11944   0.17121   0.02804   0.08067   0.13251   0.02980   0.07256   0.04960   0.04887   0.06447   0.18306   0.01371   0.13086   0.00722   0.01018   0.14104   0.16744   0.13922   0.20116   0.01951   0.08989   0.04638   0.11076   0.02081   0.01933   0.03642   0.04605   0.01469   0.00724   0.03416   0.01475   0.02717   0.03128   0.07895   0.02289   0.02303   0.06476   0.09410   0.06543   2.71978   0.97125   0.06792   1.10028  
 36 929.1047   9170.507663  x:  0.01771   0.02757   0.07359   0.04905   0.00000   0.03582   0.19536   0.00000   0.38803   0.10107   0.02352   0.20785   0.12490   0.18018   0.02171   0.07541   0.12940   0.02528   0.07411   0.05627   0.04292   0.06516   0.19770   0.01597   0.12894   0.00645   0.00983   0.14254   0.17632   0.14426   0.20189   0.02057   0.08866   0.04331   0.10754   0.02268   0.01899   0.03660   0.04630   0.01909   0.00686   0.03862   0.01431   0.02762   0.02860   0.07870   0.01859   0.02535   0.06713   0.09354   0.06818   2.78386   0.97108   0.06505   1.07176  
 37 530.8357   9169.656620  x:  0.02042   0.02825   0.07341   0.04929   0.00000   0.03584   0.19964   0.00000   0.39102   0.09943   0.02642   0.21670   0.12660   0.18539   0.02692   0.07748   0.12669   0.02212   0.07731   0.05233   0.04126   0.06589   0.20414   0.01498   0.12543   0.00690   0.00885   0.14004   0.17709   0.14752   0.20164   0.02102   0.08946   0.04014   0.10568   0.02324   0.01996   0.04143   0.04687   0.01784   0.00600   0.03686   0.01413   0.02819   0.03279   0.08005   0.01894   0.02542   0.06863   0.09383   0.07123   2.81202   0.97026   0.06459   1.06715  
 38 164.3400   9168.956540  x:  0.02048   0.03165   0.07425   0.04959   0.00000   0.03568   0.20537   0.00000   0.39106   0.09659   0.02683   0.22629   0.12560   0.18926   0.02425   0.08013   0.12443   0.02219   0.08075   0.04681   0.04470   0.06629   0.20788   0.01476   0.12196   0.00685   0.01108   0.13630   0.17458   0.14997   0.20099   0.01953   0.09123   0.04080   0.10529   0.02258   0.01774   0.04139   0.04699   0.01776   0.00659   0.03671   0.01416   0.02580   0.02851   0.08167   0.01920   0.02485   0.06864   0.09385   0.07270   2.83955   0.97091   0.06575   1.07136  
 39 127.6853   9168.287111  x:  0.01914   0.03105   0.07502   0.04921   0.00000   0.03494   0.21153   0.00000   0.38861   0.09410   0.02451   0.23536   0.12236   0.19164   0.02087   0.08279   0.12385   0.02501   0.08216   0.04685   0.04504   0.06542   0.20921   0.01525   0.12079   0.00690   0.01011   0.13286   0.16996   0.15142   0.19994   0.01738   0.09233   0.04126   0.10617   0.02253   0.01875   0.03819   0.04659   0.01819   0.00651   0.03804   0.01417   0.02981   0.03227   0.08253   0.01915   0.02516   0.06712   0.09379   0.07131   2.87074   0.97070   0.06843   1.08211  
 40 152.3634   9167.504441  x:  0.01919   0.02801   0.07488   0.04857   0.00000   0.03397   0.21733   0.00000   0.38198   0.09410   0.02278   0.24328   0.11823   0.19237   0.02552   0.08467   0.12570   0.02627   0.07920   0.05203   0.04138   0.06474   0.20850   0.01510   0.12350   0.00662   0.01140   0.13275   0.16513   0.15234   0.19792   0.01826   0.09192   0.04087   0.10816   0.02252   0.01705   0.03889   0.04709   0.01840   0.00710   0.03710   0.01398   0.02676   0.03012   0.08097   0.01902   0.02561   0.06611   0.09439   0.06818   2.91099   0.97126   0.07172   1.10010  
 41 165.8586   9166.598092  x:  0.02420   0.03168   0.07435   0.04924   0.00000   0.03322   0.22032   0.00000   0.36906   0.09800   0.02612   0.24713   0.11626   0.19007   0.02365   0.07924   0.12846   0.02223   0.07237   0.05380   0.04379   0.06683   0.20635   0.01575   0.12894   0.00635   0.01150   0.13730   0.16357   0.15108   0.19410   0.02158   0.09002   0.04208   0.10975   0.02235   0.01801   0.04336   0.04753   0.01768   0.00677   0.03733   0.01382   0.02817   0.03072   0.07872   0.01928   0.02506   0.06828   0.09563   0.06817   2.96130   0.97093   0.07488   1.12468  
 42 179.7121   9165.833471  x:  0.02811   0.02942   0.07493   0.04978   0.00000   0.03493   0.21646   0.00000   0.35243   0.10092   0.02753   0.24327   0.11784   0.18651   0.02628   0.07440   0.12942   0.02082   0.07435   0.05046   0.04500   0.06675   0.20559   0.01310   0.13013   0.00704   0.00808   0.14183   0.16845   0.14631   0.18914   0.02150   0.08943   0.04091   0.10762   0.02234   0.01500   0.03810   0.04690   0.01838   0.00789   0.03788   0.01340   0.02755   0.03122   0.07948   0.01943   0.02591   0.06947   0.09482   0.07209   3.00504   0.97212   0.07758   1.14624  
 43 151.6400   9165.319486  x:  0.02967   0.02887   0.07566   0.05074   0.00000   0.03648   0.21086   0.00000   0.33788   0.10140   0.02667   0.23774   0.11995   0.18379   0.02718   0.07340   0.12884   0.02141   0.07807   0.04941   0.04351   0.06582   0.20604   0.01541   0.12865   0.00656   0.01108   0.14395   0.17398   0.14302   0.18507   0.02226   0.08983   0.04063   0.10548   0.02183   0.01835   0.03797   0.04703   0.01776   0.00696   0.03761   0.01382   0.02786   0.03014   0.08108   0.01935   0.02461   0.06852   0.09352   0.07321   3.03623   0.97098   0.07964   1.16108  
 44 226.1237   9164.884315  x:  0.02937   0.03044   0.07598   0.04975   0.00000   0.03677   0.20366   0.00000   0.32242   0.10029   0.02547   0.23113   0.12274   0.18194   0.02541   0.07561   0.12700   0.02193   0.08033   0.05134   0.04244   0.06581   0.20799   0.01458   0.12558   0.00696   0.00955   0.14289   0.17852   0.14150   0.18132   0.02443   0.09047   0.04215   0.10438   0.02061   0.01569   0.04240   0.04799   0.01783   0.00754   0.03736   0.01341   0.02850   0.03058   0.08123   0.01966   0.02520   0.06693   0.09247   0.07176   3.06231   0.97165   0.08066   1.17213  
 45 170.9405   9164.658903  x:  0.02861   0.03008   0.07527   0.04904   0.00000   0.03669   0.19888   0.00000   0.31102   0.09919   0.02665   0.22706   0.12469   0.18205   0.02474   0.07864   0.12541   0.02135   0.07766   0.05166   0.04408   0.06679   0.21006   0.01481   0.12396   0.00712   0.00833   0.13999   0.17907   0.14210   0.17929   0.02575   0.09064   0.04077   0.10533   0.02225   0.01726   0.04148   0.04725   0.01784   0.00733   0.03808   0.01379   0.02656   0.03061   0.08052   0.01939   0.02553   0.06721   0.09299   0.07039   3.07573   0.97146   0.08099   1.17607  
 46 88.3236   9164.541886  x:  0.02832   0.02984   0.07483   0.04921   0.00000   0.03681   0.19637   0.00000   0.30293   0.09895   0.02780   0.22510   0.12546   0.18273   0.02481   0.07977   0.12479   0.02108   0.07573   0.05125   0.04362   0.06671   0.21140   0.01496   0.12382   0.00691   0.01039   0.13827   0.17810   0.14281   0.17828   0.02562   0.09066   0.04051   0.10624   0.02287   0.01592   0.04023   0.04711   0.01791   0.00769   0.03757   0.01349   0.02826   0.03067   0.07983   0.01950   0.02482   0.06800   0.09372   0.07029   3.08262   0.97179   0.08077   1.17678  
 47 76.2949   9164.391547  x:  0.02823   0.03040   0.07480   0.04976   0.00000   0.03716   0.19411   0.00000   0.28878   0.09964   0.02852   0.22362   0.12510   0.18438   0.02467   0.07865   0.12496   0.02140   0.07559   0.05086   0.04168   0.06553   0.21279   0.01453   0.12521   0.00696   0.00967   0.13617   0.17410   0.14383   0.17748   0.02319   0.09039   0.04188   0.10697   0.02181   0.01704   0.04010   0.04768   0.01791   0.00758   0.03708   0.01387   0.02824   0.02978   0.07987   0.01944   0.02536   0.06880   0.09474   0.07114   3.09097   0.97168   0.08017   1.17513  
 48 52.8126   9164.261330  x:  0.02806   0.02952   0.07488   0.04994   0.00000   0.03697   0.19331   0.00000   0.27453   0.10051   0.02810   0.22323   0.12396   0.18547   0.02485   0.07709   0.12563   0.02196   0.07726   0.05129   0.04348   0.06576   0.21305   0.01504   0.12633   0.00675   0.01076   0.13586   0.17047   0.14520   0.17749   0.02230   0.09009   0.04133   0.10662   0.02100   0.01647   0.04098   0.04744   0.01782   0.00744   0.03793   0.01348   0.02703   0.03124   0.08009   0.01943   0.02493   0.06831   0.09459   0.07131   3.09801   0.97148   0.07933   1.17235  
 49 74.1644   9164.182586  x:  0.02765   0.02943   0.07505   0.04916   0.00000   0.03624   0.19435   0.00000   0.26483   0.10083   0.02767   0.22396   0.12307   0.18530   0.02527   0.07695   0.12605   0.02168   0.07790   0.05109   0.04407   0.06643   0.21190   0.01462   0.12596   0.00678   0.01036   0.13695   0.16934   0.14602   0.17840   0.02333   0.09002   0.04076   0.10587   0.02171   0.01685   0.04088   0.04701   0.01783   0.00737   0.03734   0.01368   0.02854   0.02992   0.08051   0.01931   0.02532   0.06747   0.09346   0.07094   3.10204   0.97142   0.07881   1.16987  
 50 49.3220   9164.116189  x:  0.02712   0.03034   0.07520   0.04898   0.00000   0.03594   0.19652   0.00000   0.25625   0.10068   0.02778   0.22529   0.12254   0.18451   0.02491   0.07758   0.12606   0.02102   0.07743   0.05062   0.04266   0.06633   0.20990   0.01532   0.12484   0.00675   0.00999   0.13840   0.16989   0.14585   0.17982   0.02389   0.09028   0.04128   0.10531   0.02237   0.01663   0.04001   0.04718   0.01790   0.00751   0.03750   0.01369   0.02768   0.03064   0.08051   0.01940   0.02475   0.06720   0.09258   0.07065   3.10523   0.97160   0.07837   1.16735  
 51 45.9476   9164.078474  x:  0.02691   0.02986   0.07491   0.04939   0.00000   0.03641   0.19842   0.00000   0.25153   0.10007   0.02809   0.22637   0.12258   0.18379   0.02468   0.07827   0.12563   0.02132   0.07685   0.05122   0.04317   0.06592   0.20826   0.01450   0.12409   0.00680   0.01039   0.13878   0.17148   0.14465   0.18102   0.02285   0.09045   0.04127   0.10543   0.02210   0.01690   0.04045   0.04740   0.01786   0.00741   0.03746   0.01365   0.02768   0.03068   0.08016   0.01930   0.02529   0.06785   0.09318   0.07083   3.10686   0.97150   0.07818   1.16578  
 52 25.4523   9164.067354  x:  0.02696   0.02972   0.07483   0.04967   0.00000   0.03675   0.19897   0.00000   0.25044   0.09976   0.02799   0.22665   0.12267   0.18361   0.02487   0.07828   0.12542   0.02152   0.07683   0.05133   0.04335   0.06593   0.20779   0.01506   0.12425   0.00683   0.00986   0.13837   0.17211   0.14435   0.18152   0.02288   0.09037   0.04116   0.10573   0.02181   0.01673   0.04060   0.04724   0.01789   0.00741   0.03750   0.01370   0.02792   0.03039   0.08008   0.01941   0.02488   0.06804   0.09358   0.07092   3.10724   0.97148   0.07813   1.16533  
 53 14.0243   9164.045644  x:  0.02713   0.02995   0.07486   0.04960   0.00000   0.03679   0.19964   0.00000   0.24933   0.09917   0.02737   0.22692   0.12295   0.18332   0.02504   0.07761   0.12501   0.02168   0.07714   0.05103   0.04311   0.06620   0.20716   0.01460   0.12531   0.00685   0.01021   0.13689   0.17335   0.14430   0.18272   0.02400   0.08998   0.04122   0.10664   0.02132   0.01684   0.04031   0.04690   0.01795   0.00739   0.03760   0.01370   0.02781   0.03057   0.08021   0.01938   0.02511   0.06800   0.09427   0.07090   3.10775   0.97145   0.07808   1.16459  
 54  8.8674   9163.988850  x:  0.02670   0.02940   0.07536   0.04950   0.00000   0.03593   0.20025   0.00000   0.24880   0.09913   0.02759   0.22684   0.12389   0.18303   0.02485   0.07678   0.12513   0.02065   0.07749   0.05072   0.04336   0.06620   0.20691   0.01477   0.12703   0.00678   0.01031   0.13452   0.17431   0.14357   0.18513   0.02331   0.08996   0.04109   0.10677   0.02270   0.01671   0.04054   0.04866   0.01770   0.00745   0.03681   0.01368   0.02769   0.03066   0.08054   0.01938   0.02493   0.06709   0.09367   0.07033   3.10856   0.97158   0.07813   1.16309  
 55  6.3342   9163.768337  x:  0.02599   0.03131   0.07592   0.04920   0.00000   0.03531   0.20095   0.00000   0.24883   0.10033   0.02852   0.22585   0.12597   0.18314   0.02629   0.07728   0.12663   0.01891   0.07754   0.05160   0.04310   0.06560   0.20777   0.01451   0.12899   0.00679   0.01100   0.13143   0.17471   0.14245   0.19252   0.02104   0.09058   0.04111   0.10499   0.02378   0.01638   0.04121   0.04619   0.01782   0.00731   0.04017   0.01334   0.02835   0.03003   0.08074   0.01923   0.02517   0.06651   0.09139   0.07021   3.11122   0.97150   0.07822   1.15731  
 56 16.6344   9162.734388  x:  0.02479   0.03155   0.07525   0.04926   0.00000   0.03792   0.20116   0.00000   0.25104   0.10434   0.02756   0.22116   0.12966   0.18459   0.02247   0.07954   0.13104   0.01717   0.07611   0.05342   0.04275   0.06553   0.21288   0.01434   0.12881   0.00657   0.01126   0.13001   0.17220   0.14436   0.22070   0.02090   0.09227   0.03846   0.09948   0.01951   0.01643   0.04081   0.04306   0.01871   0.00729   0.03370   0.01436   0.02684   0.03118   0.07975   0.01969   0.02471   0.06939   0.08826   0.07356   3.12289   0.97165   0.07854   1.13001  
 57 54.3610   9161.197875  x:  0.02325   0.02856   0.07437   0.05005   0.00000   0.03954   0.19841   0.00000   0.25504   0.10581   0.02472   0.21577   0.13038   0.18623   0.02406   0.08165   0.13184   0.01301   0.07510   0.05036   0.04359   0.06735   0.21912   0.01432   0.12398   0.00658   0.01074   0.13608   0.16799   0.14989   0.25440   0.02185   0.09216   0.04120   0.09998   0.01561   0.01670   0.04044   0.05349   0.01771   0.00625   0.04037   0.01358   0.02841   0.03016   0.07929   0.01971   0.02526   0.07226   0.09173   0.07472   3.14044   0.97062   0.07802   1.08634  
 58 162.8033   9159.391808  x:  0.01825   0.02697   0.07460   0.05099   0.00000   0.03642   0.19300   0.00000   0.25974   0.10240   0.02753   0.21458   0.12710   0.18646   0.02400   0.07809   0.12577   0.00384   0.07942   0.04917   0.04258   0.06700   0.22163   0.01493   0.11920   0.00619   0.00988   0.14638   0.16608   0.15422   0.27396   0.01527   0.08967   0.04262   0.11050   0.01800   0.01605   0.04280   0.04723   0.01786   0.00656   0.03844   0.01370   0.02794   0.03054   0.08086   0.01965   0.02487   0.06992   0.09872   0.07153   3.15863   0.97145   0.07713   1.03740  
 59 161.4270   9158.093293  x:  0.01154   0.03021   0.07540   0.04947   0.00000   0.03360   0.18969   0.00000   0.26319   0.10035   0.03923   0.21842   0.12528   0.18531   0.02506   0.07474   0.12110   0.00662   0.08018   0.05200   0.04196   0.06837   0.21931   0.01510   0.12021   0.00614   0.00954   0.14865   0.16788   0.15810   0.27268   0.01419   0.08913   0.03873   0.11129   0.01262   0.01592   0.04083   0.04937   0.01839   0.00605   0.03843   0.01416   0.02799   0.03026   0.08136   0.02001   0.02443   0.06771   0.09700   0.07102   3.17150   0.97095   0.07582   0.99874  
 60 133.0967   9156.114309  x:  0.00804   0.02955   0.07605   0.04842   0.00000   0.03959   0.18732   0.00000   0.26704   0.09937   0.03873   0.22477   0.11984   0.18453   0.02359   0.07726   0.12279   0.00000   0.07848   0.05188   0.04245   0.06659   0.21342   0.01408   0.12647   0.00602   0.00961   0.14498   0.17227   0.16138   0.25631   0.01557   0.09255   0.03877   0.10701   0.01173   0.01601   0.04134   0.04992   0.01840   0.00559   0.03905   0.01415   0.02807   0.03022   0.08134   0.02006   0.02447   0.06855   0.09352   0.07236   3.18668   0.97084   0.07281   0.94883  
 61 167.8784   9155.721990  x:  0.00677   0.02611   0.07610   0.05095   0.00000   0.03504   0.18989   0.00000   0.26798   0.10192   0.03841   0.22524   0.12248   0.18368   0.02343   0.07834   0.12556   0.00018   0.07765   0.04951   0.04172   0.06961   0.21208   0.01429   0.12504   0.00610   0.00969   0.14233   0.17169   0.15912   0.24958   0.01710   0.09205   0.04197   0.10609   0.01008   0.01619   0.04253   0.04807   0.01838   0.00545   0.03897   0.01416   0.02792   0.03040   0.08168   0.02017   0.02470   0.06916   0.09344   0.07275   3.19043   0.97068   0.07209   0.93601  
 62 84.2155   9155.680352  x:  0.00681   0.02633   0.07600   0.05098   0.00000   0.03484   0.19036   0.00000   0.26803   0.10218   0.03817   0.22509   0.12291   0.18372   0.02344   0.07838   0.12582   0.00000   0.07780   0.04964   0.04171   0.06966   0.21207   0.01430   0.12476   0.00611   0.00972   0.14218   0.17147   0.15869   0.24900   0.01721   0.09190   0.04175   0.10626   0.00999   0.01618   0.04240   0.04818   0.01840   0.00544   0.03895   0.01418   0.02793   0.03040   0.08167   0.02017   0.02469   0.06914   0.09362   0.07274   3.19064   0.97068   0.07203   0.93525  
 63 54.1411   9155.624472  x:  0.00546   0.02660   0.07580   0.05054   0.00000   0.03556   0.19240   0.00000   0.26816   0.10257   0.03749   0.22428   0.12446   0.18421   0.02365   0.07710   0.12550   0.00024   0.07749   0.04968   0.04177   0.06912   0.21250   0.01432   0.12376   0.00612   0.00985   0.14189   0.17039   0.15711   0.24740   0.01823   0.09126   0.04164   0.10623   0.01074   0.01614   0.04264   0.04819   0.01836   0.00545   0.03902   0.01416   0.02791   0.03041   0.08148   0.02014   0.02469   0.06903   0.09384   0.07303   3.19117   0.97070   0.07200   0.93343  
 64 42.3913   9155.594026  x:  0.00589   0.02601   0.07650   0.04976   0.00000   0.03640   0.19440   0.00000   0.26818   0.10227   0.03800   0.22316   0.12582   0.18491   0.02358   0.07694   0.12497   0.00024   0.07725   0.04950   0.04192   0.06849   0.21317   0.01433   0.12403   0.00614   0.00990   0.14239   0.16948   0.15582   0.24637   0.01917   0.09196   0.04200   0.10674   0.01028   0.01614   0.04269   0.04799   0.01837   0.00541   0.03907   0.01415   0.02793   0.03041   0.08188   0.02018   0.02472   0.06838   0.09359   0.07238   3.19145   0.97065   0.07187   0.93234  
 65 22.1907   9155.582375  x:  0.00580   0.02620   0.07671   0.05027   0.00000   0.03581   0.19556   0.00000   0.26818   0.10109   0.03767   0.22208   0.12572   0.18536   0.02360   0.07713   0.12419   0.00022   0.07720   0.04955   0.04186   0.06880   0.21379   0.01422   0.12500   0.00611   0.00984   0.14299   0.16902   0.15492   0.24587   0.01947   0.09257   0.04177   0.10650   0.01033   0.01613   0.04270   0.04802   0.01837   0.00539   0.03907   0.01415   0.02792   0.03042   0.08184   0.02017   0.02472   0.06869   0.09336   0.07265   3.19158   0.97063   0.07184   0.93196  
 66  8.9659   9155.577405  x:  0.00580   0.02611   0.07620   0.04978   0.00000   0.03567   0.19630   0.00000   0.26820   0.10068   0.03806   0.22134   0.12495   0.18559   0.02350   0.07741   0.12442   0.00018   0.07746   0.04947   0.04184   0.06884   0.21423   0.01436   0.12525   0.00611   0.00986   0.14299   0.16927   0.15472   0.24564   0.01947   0.09191   0.04195   0.10631   0.01031   0.01615   0.04270   0.04802   0.01837   0.00541   0.03907   0.01415   0.02792   0.03041   0.08179   0.02017   0.02470   0.06878   0.09338   0.07276   3.19168   0.97065   0.07185   0.93187  
 67  3.0174   9155.566082  x:  0.00582   0.02620   0.07664   0.05069   0.00000   0.03570   0.19740   0.00000   0.26826   0.10084   0.03858   0.22018   0.12320   0.18591   0.02354   0.07713   0.12498   0.00019   0.07733   0.04950   0.04192   0.06853   0.21490   0.01410   0.12467   0.00613   0.00980   0.14248   0.16998   0.15489   0.24521   0.01973   0.09190   0.04178   0.10637   0.01034   0.01613   0.04265   0.04802   0.01836   0.00539   0.03909   0.01414   0.02793   0.03041   0.08175   0.02019   0.02472   0.06837   0.09342   0.07250   3.19197   0.97063   0.07181   0.93171  
 68  3.0091   9155.514540  x:  0.00588   0.02626   0.07749   0.04862   0.00000   0.03543   0.19892   0.00000   0.26870   0.10217   0.03790   0.21887   0.12135   0.18558   0.02381   0.07631   0.12455   0.00033   0.07682   0.04979   0.04159   0.06995   0.21508   0.01455   0.12377   0.00614   0.00999   0.14152   0.17085   0.15526   0.24352   0.01871   0.09390   0.04148   0.10698   0.01027   0.01601   0.04277   0.04801   0.01842   0.00531   0.03906   0.01420   0.02790   0.03041   0.08243   0.02018   0.02468   0.06939   0.09369   0.07289   3.19343   0.97049   0.07170   0.93114  
 69  2.9351   9154.876961  x:  0.00635   0.02654   0.07201   0.04893   0.00000   0.03236   0.20603   0.00000   0.27415   0.10687   0.03395   0.21666   0.12286   0.18125   0.02424   0.07818   0.12029   0.00099   0.07887   0.04988   0.04359   0.06296   0.21076   0.01462   0.12585   0.00601   0.00970   0.13931   0.17150   0.16047   0.22478   0.01914   0.09705   0.04171   0.10728   0.01024   0.01614   0.04163   0.04771   0.01864   0.00487   0.03872   0.01434   0.02806   0.03030   0.08015   0.02033   0.02448   0.07034   0.09323   0.07321   3.21147   0.96948   0.07054   0.92424  
 70  9.5009   9153.898457  x:  0.00739   0.02798   0.07291   0.05206   0.00000   0.03940   0.21175   0.00000   0.28238   0.10377   0.02864   0.21760   0.12673   0.17944   0.02335   0.08079   0.12227   0.00178   0.07905   0.05025   0.04230   0.06963   0.20407   0.01270   0.12780   0.00564   0.01019   0.13740   0.17020   0.15961   0.19663   0.01668   0.09167   0.04021   0.10560   0.01052   0.01580   0.03972   0.04751   0.01908   0.00397   0.03810   0.01444   0.02823   0.03007   0.07880   0.02050   0.02440   0.06691   0.09275   0.07113   3.23923   0.96766   0.06831   0.91312  
 71 82.6412   9153.511536  x:  0.00760   0.02829   0.07708   0.05000   0.00000   0.03719   0.20933   0.00000   0.28553   0.09820   0.02744   0.22107   0.12582   0.18047   0.02347   0.08059   0.12808   0.00203   0.07785   0.05116   0.04349   0.06571   0.20167   0.01328   0.12664   0.00568   0.01044   0.13600   0.16892   0.15267   0.18661   0.02038   0.09056   0.03924   0.10517   0.01033   0.01534   0.03935   0.04743   0.01922   0.00353   0.03792   0.01457   0.02817   0.03012   0.08138   0.02058   0.02422   0.06932   0.09407   0.07232   3.25021   0.96685   0.06714   0.90830  
 72 57.7662   9153.407618  x:  0.00761   0.02830   0.07399   0.04984   0.00000   0.03750   0.20694   0.00000   0.28633   0.09870   0.02793   0.22358   0.12334   0.18229   0.02338   0.08012   0.12876   0.00214   0.07870   0.05086   0.04334   0.06631   0.20168   0.01325   0.12633   0.00590   0.01056   0.13517   0.16836   0.14630   0.18455   0.02284   0.09321   0.03943   0.10588   0.01030   0.01553   0.03893   0.04741   0.01932   0.00348   0.03791   0.01466   0.02825   0.03008   0.07990   0.02066   0.02425   0.06871   0.09380   0.07150   3.25314   0.96669   0.06667   0.90673  
 73 25.8085   9153.398313  x:  0.00761   0.02830   0.07459   0.04985   0.00000   0.03749   0.20656   0.00000   0.28640   0.09996   0.02789   0.22396   0.12264   0.18262   0.02321   0.08093   0.12766   0.00215   0.07869   0.05086   0.04336   0.06623   0.20171   0.01324   0.12664   0.00589   0.01060   0.13510   0.16828   0.14513   0.18445   0.02329   0.09249   0.03934   0.10585   0.01029   0.01549   0.03891   0.04743   0.01932   0.00346   0.03792   0.01466   0.02824   0.03008   0.08014   0.02066   0.02424   0.06855   0.09391   0.07172   3.25341   0.96665   0.06660   0.90654  
 74  7.6658   9153.397531  x:  0.00759   0.02832   0.07456   0.04992   0.00000   0.03752   0.20655   0.00000   0.28642   0.10002   0.02789   0.22395   0.12263   0.18274   0.02322   0.08088   0.12759   0.00215   0.07876   0.05084   0.04336   0.06623   0.20164   0.01322   0.12664   0.00589   0.01060   0.13510   0.16829   0.14511   0.18444   0.02329   0.09242   0.03933   0.10574   0.01029   0.01548   0.03888   0.04743   0.01933   0.00347   0.03791   0.01467   0.02824   0.03009   0.08030   0.02066   0.02424   0.06890   0.09388   0.07132   3.25347   0.96665   0.06660   0.90649  
 75  0.4284   9153.353435  x:  0.00767   0.02818   0.07517   0.04941   0.00000   0.03673   0.20610   0.00000   0.28738   0.10011   0.02800   0.22312   0.12281   0.18710   0.02326   0.08062   0.12726   0.00194   0.07898   0.05075   0.04339   0.06620   0.19829   0.01339   0.12633   0.00591   0.01056   0.13529   0.16892   0.14563   0.18431   0.02308   0.09273   0.03969   0.10438   0.01052   0.01556   0.03864   0.04720   0.01939   0.00368   0.03781   0.01475   0.02830   0.03009   0.07911   0.02073   0.02420   0.06832   0.09540   0.07096   3.25759   0.96666   0.06656   0.90339  
 76  0.5339   9153.227794  x:  0.00782   0.02760   0.07328   0.05019   0.00000   0.03675   0.20493   0.00000   0.28981   0.09946   0.02765   0.22261   0.12211   0.18993   0.02349   0.08032   0.12678   0.00147   0.07763   0.05132   0.04358   0.06614   0.19520   0.01331   0.12529   0.00585   0.01051   0.13543   0.16916   0.14576   0.18370   0.02281   0.09183   0.04032   0.10703   0.01075   0.01527   0.03865   0.04707   0.01935   0.00415   0.03785   0.01453   0.02825   0.03020   0.08267   0.02074   0.02423   0.06748   0.09220   0.07260   3.26927   0.96651   0.06604   0.89375  
 77 12.9551   9152.951158  x:  0.00755   0.02648   0.07632   0.04958   0.00000   0.03793   0.20283   0.00000   0.29475   0.09784   0.02809   0.22419   0.11976   0.18267   0.02432   0.07973   0.12626   0.00024   0.07924   0.05061   0.04382   0.06578   0.19693   0.01336   0.12444   0.00540   0.01059   0.13529   0.16757   0.14423   0.18196   0.02292   0.09036   0.04139   0.10903   0.01137   0.01590   0.03786   0.04626   0.01947   0.00522   0.03762   0.01446   0.02847   0.03027   0.07862   0.02081   0.02409   0.06857   0.09027   0.07113   3.29464   0.96619   0.06421   0.87169  
 78 34.4226   9152.887695  x:  0.00758   0.02659   0.07561   0.04960   0.00000   0.03817   0.20245   0.00000   0.29569   0.09753   0.02830   0.22471   0.11923   0.18010   0.02453   0.07952   0.12604   0.00000   0.07862   0.05077   0.04385   0.06577   0.19799   0.01337   0.12469   0.00531   0.01059   0.13528   0.16705   0.14380   0.18162   0.02298   0.09084   0.04164   0.10712   0.01160   0.01569   0.03745   0.04600   0.01953   0.00547   0.03744   0.01453   0.02849   0.03030   0.08037   0.02086   0.02401   0.06717   0.09284   0.07042   3.29965   0.96613   0.06379   0.86722  
 79 32.0185   9152.476996  x:  0.00718   0.02822   0.07522   0.04981   0.00000   0.03931   0.19830   0.00000   0.30209   0.09622   0.02924   0.22246   0.11856   0.18052   0.02486   0.07940   0.12582   0.00039   0.07968   0.05171   0.04391   0.06567   0.19803   0.01340   0.12387   0.00453   0.01054   0.13776   0.16517   0.14610   0.19817   0.02087   0.09009   0.04140   0.10760   0.00957   0.01573   0.03710   0.04696   0.01959   0.00570   0.03735   0.01452   0.02850   0.03032   0.08092   0.02091   0.02382   0.06595   0.09563   0.06985   3.34988   0.96148   0.05698   0.77879  
 80  0.0624   9152.142849  x:  0.00808   0.02773   0.07489   0.05009   0.00000   0.03774   0.20141   0.00000   0.30308   0.09901   0.03076   0.22082   0.12183   0.18069   0.02472   0.07891   0.12624   0.00035   0.07926   0.05101   0.04338   0.06687   0.19986   0.01356   0.12458   0.00449   0.01064   0.13665   0.16549   0.14600   0.19350   0.02299   0.09083   0.04139   0.10620   0.01154   0.01554   0.03844   0.04766   0.01951   0.00567   0.03807   0.01476   0.02835   0.03019   0.08141   0.02090   0.02408   0.06709   0.09477   0.07048   3.36643   0.95624   0.05049   0.70565  
 81  0.0659   9151.995276  x:  0.00776   0.02771   0.07490   0.05020   0.00000   0.03801   0.20378   0.00000   0.30192   0.09986   0.02941   0.22226   0.12254   0.18131   0.02423   0.07991   0.12702   0.00079   0.07928   0.05104   0.04345   0.06666   0.20133   0.01333   0.12605   0.00491   0.01057   0.13640   0.16789   0.14572   0.18775   0.02345   0.09194   0.04068   0.10639   0.01095   0.01565   0.03876   0.04727   0.01961   0.00652   0.03804   0.01483   0.02836   0.03027   0.08105   0.02085   0.02417   0.06807   0.09490   0.07142   3.34954   0.95487   0.04826   0.65335  
 82  0.0598   9151.938855  x:  0.00744   0.02761   0.07502   0.05002   0.00000   0.03804   0.20392   0.00000   0.29991   0.09931   0.02880   0.22342   0.12172   0.18201   0.02409   0.08040   0.12706   0.00080   0.07929   0.05108   0.04362   0.06631   0.20085   0.01329   0.12613   0.00510   0.01056   0.13648   0.16819   0.14602   0.18771   0.02281   0.09206   0.04073   0.10693   0.01066   0.01558   0.03843   0.04687   0.01962   0.00682   0.03779   0.01473   0.02838   0.03029   0.08075   0.02083   0.02413   0.06797   0.09470   0.07127   3.33062   0.95356   0.04514   0.61792  
 83  0.0625   9151.907657  x:  0.00746   0.02747   0.07520   0.04992   0.00000   0.03780   0.20347   0.00000   0.29833   0.09875   0.02896   0.22439   0.12135   0.18266   0.02433   0.08007   0.12692   0.00059   0.07924   0.05111   0.04377   0.06635   0.20069   0.01344   0.12559   0.00524   0.01059   0.13679   0.16804   0.14609   0.19138   0.02238   0.09154   0.04129   0.10720   0.01098   0.01552   0.03804   0.04673   0.01959   0.00684   0.03764   0.01462   0.02842   0.03027   0.08073   0.02088   0.02413   0.06771   0.09435   0.07093   3.31240   0.95268   0.04335   0.58470  
 84  0.0475   9151.894821  x:  0.00767   0.02778   0.07498   0.05001   0.00000   0.03791   0.20285   0.00000   0.29665   0.09882   0.02913   0.22382   0.12162   0.18188   0.02459   0.07932   0.12661   0.00071   0.07916   0.05126   0.04371   0.06650   0.20108   0.01353   0.12524   0.00521   0.01066   0.13666   0.16726   0.14568   0.19025   0.02287   0.09100   0.04132   0.10655   0.01079   0.01557   0.03805   0.04714   0.01947   0.00701   0.03776   0.01466   0.02849   0.03031   0.08083   0.02091   0.02415   0.06732   0.09463   0.07087   3.30414   0.95242   0.04116   0.55080  
 85  0.0196   9151.872903  x:  0.00763   0.02765   0.07509   0.04991   0.00000   0.03793   0.20229   0.00000   0.29616   0.09909   0.02936   0.22305   0.12160   0.18162   0.02435   0.08015   0.12690   0.00058   0.07960   0.05130   0.04372   0.06652   0.20086   0.01353   0.12554   0.00505   0.01065   0.13688   0.16721   0.14629   0.18949   0.02268   0.09171   0.04120   0.10710   0.01093   0.01549   0.03807   0.04731   0.01946   0.00696   0.03785   0.01474   0.02852   0.03030   0.08124   0.02095   0.02419   0.06705   0.09510   0.07040   3.30240   0.95300   0.03737   0.48463  
 86  0.0264   9151.845391  x:  0.00779   0.02740   0.07495   0.04998   0.00000   0.03796   0.20249   0.00000   0.29741   0.09879   0.02886   0.22307   0.12104   0.18175   0.02422   0.07997   0.12655   0.00055   0.07925   0.05095   0.04362   0.06630   0.20019   0.01335   0.12542   0.00491   0.01056   0.13660   0.16748   0.14600   0.19019   0.02252   0.09171   0.04109   0.10703   0.01103   0.01542   0.03842   0.04678   0.01948   0.00660   0.03778   0.01463   0.02835   0.03021   0.08079   0.02083   0.02415   0.06775   0.09480   0.07086   3.31104   0.95415   0.03108   0.38751  
 87  0.0507   9151.842314  x:  0.00776   0.02746   0.07497   0.04997   0.00000   0.03794   0.20256   0.00000   0.29735   0.09875   0.02895   0.22319   0.12109   0.18176   0.02427   0.07989   0.12655   0.00059   0.07919   0.05097   0.04363   0.06631   0.20024   0.01337   0.12539   0.00494   0.01056   0.13658   0.16749   0.14590   0.19018   0.02256   0.09159   0.04110   0.10695   0.01100   0.01545   0.03835   0.04680   0.01950   0.00661   0.03777   0.01463   0.02836   0.03022   0.08076   0.02084   0.02414   0.06773   0.09468   0.07089   3.31070   0.95424   0.02993   0.36839  
 88  0.0622   9151.837837  x:  0.00764   0.02764   0.07507   0.04988   0.00000   0.03785   0.20275   0.00000   0.29703   0.09872   0.02933   0.22346   0.12138   0.18181   0.02440   0.07978   0.12668   0.00072   0.07911   0.05109   0.04366   0.06637   0.20048   0.01346   0.12535   0.00511   0.01059   0.13656   0.16751   0.14568   0.19008   0.02267   0.09128   0.04112   0.10680   0.01091   0.01555   0.03805   0.04694   0.01955   0.00669   0.03770   0.01466   0.02839   0.03026   0.08074   0.02087   0.02411   0.06747   0.09433   0.07083   3.30976   0.95416   0.02885   0.35297  
 89  0.0256   9151.836648  x:  0.00762   0.02763   0.07503   0.04991   0.00000   0.03788   0.20272   0.00000   0.29691   0.09877   0.02917   0.22345   0.12143   0.18185   0.02441   0.07967   0.12662   0.00070   0.07914   0.05112   0.04367   0.06637   0.20059   0.01346   0.12534   0.00515   0.01060   0.13657   0.16748   0.14575   0.19007   0.02268   0.09127   0.04116   0.10676   0.01090   0.01554   0.03811   0.04695   0.01952   0.00670   0.03770   0.01465   0.02840   0.03026   0.08074   0.02087   0.02412   0.06747   0.09439   0.07084   3.31002   0.95410   0.02768   0.33538  
 90  0.0194   9151.835642  x:  0.00763   0.02758   0.07499   0.04997   0.00000   0.03792   0.20266   0.00000   0.29694   0.09885   0.02894   0.22342   0.12143   0.18188   0.02440   0.07960   0.12658   0.00065   0.07920   0.05116   0.04366   0.06638   0.20072   0.01345   0.12534   0.00520   0.01061   0.13662   0.16748   0.14586   0.19007   0.02267   0.09133   0.04119   0.10676   0.01093   0.01551   0.03823   0.04695   0.01945   0.00671   0.03772   0.01463   0.02840   0.03026   0.08077   0.02085   0.02415   0.06751   0.09458   0.07086   3.31144   0.95401   0.02583   0.30870  
 91  0.0169   9151.835377  x:  0.00763   0.02758   0.07500   0.04996   0.00000   0.03791   0.20266   0.00000   0.29697   0.09884   0.02898   0.22342   0.12142   0.18187   0.02439   0.07963   0.12659   0.00066   0.07920   0.05115   0.04366   0.06638   0.20070   0.01345   0.12534   0.00520   0.01061   0.13662   0.16749   0.14585   0.19007   0.02267   0.09133   0.04119   0.10677   0.01093   0.01551   0.03821   0.04695   0.01945   0.00671   0.03772   0.01463   0.02840   0.03026   0.08077   0.02085   0.02415   0.06751   0.09457   0.07086   3.31154   0.95404   0.02533   0.30125  
 92  0.0234   9151.834941  x:  0.00764   0.02761   0.07504   0.04991   0.00000   0.03787   0.20270   0.00000   0.29708   0.09877   0.02920   0.22344   0.12138   0.18183   0.02438   0.07974   0.12664   0.00069   0.07915   0.05111   0.04366   0.06637   0.20056   0.01346   0.12536   0.00516   0.01060   0.13660   0.16752   0.14577   0.19006   0.02267   0.09132   0.04115   0.10681   0.01092   0.01553   0.03812   0.04694   0.01949   0.00670   0.03772   0.01464   0.02839   0.03025   0.08076   0.02086   0.02413   0.06750   0.09444   0.07084   3.31109   0.95415   0.02487   0.29455  
 93  0.0060   9151.834701  x:  0.00765   0.02761   0.07502   0.04993   0.00000   0.03790   0.20270   0.00000   0.29702   0.09878   0.02911   0.22344   0.12139   0.18184   0.02440   0.07968   0.12661   0.00068   0.07915   0.05111   0.04366   0.06637   0.20058   0.01345   0.12534   0.00515   0.01060   0.13659   0.16749   0.14577   0.19009   0.02267   0.09131   0.04116   0.10678   0.01091   0.01553   0.03816   0.04694   0.01950   0.00670   0.03772   0.01464   0.02840   0.03026   0.08075   0.02086   0.02413   0.06751   0.09446   0.07086   3.31058   0.95414   0.02402   0.28227  
 94  0.0063   9151.834628  x:  0.00765   0.02760   0.07501   0.04994   0.00000   0.03790   0.20270   0.00000   0.29699   0.09879   0.02908   0.22343   0.12140   0.18184   0.02440   0.07967   0.12661   0.00068   0.07916   0.05112   0.04366   0.06637   0.20060   0.01345   0.12534   0.00514   0.01060   0.13659   0.16748   0.14578   0.19009   0.02267   0.09131   0.04116   0.10677   0.01091   0.01552   0.03817   0.04694   0.01950   0.00671   0.03772   0.01464   0.02840   0.03026   0.08075   0.02086   0.02413   0.06751   0.09447   0.07086   3.31039   0.95413   0.02394   0.28132  
 95  0.0014   9151.834455  x:  0.00763   0.02760   0.07503   0.04992   0.00000   0.03788   0.20268   0.00000   0.29700   0.09879   0.02917   0.22342   0.12138   0.18184   0.02438   0.07973   0.12664   0.00068   0.07917   0.05112   0.04366   0.06637   0.20058   0.01345   0.12536   0.00514   0.01060   0.13660   0.16752   0.14580   0.19005   0.02266   0.09133   0.04116   0.10681   0.01093   0.01552   0.03814   0.04694   0.01950   0.00670   0.03772   0.01465   0.02840   0.03025   0.08077   0.02086   0.02413   0.06749   0.09447   0.07083   3.31070   0.95414   0.02285   0.26579  
 96  0.0060   9151.834444  x:  0.00764   0.02761   0.07503   0.04992   0.00000   0.03788   0.20268   0.00000   0.29700   0.09879   0.02916   0.22343   0.12139   0.18184   0.02439   0.07972   0.12663   0.00068   0.07916   0.05112   0.04366   0.06637   0.20058   0.01345   0.12536   0.00514   0.01060   0.13660   0.16751   0.14579   0.19006   0.02267   0.09133   0.04116   0.10680   0.01093   0.01553   0.03814   0.04694   0.01950   0.00670   0.03772   0.01464   0.02840   0.03025   0.08077   0.02086   0.02413   0.06750   0.09447   0.07084   3.31069   0.95414   0.02303   0.26835  
 97  0.0074   9151.834420  x:  0.00764   0.02761   0.07502   0.04993   0.00000   0.03789   0.20270   0.00000   0.29701   0.09879   0.02912   0.22344   0.12139   0.18184   0.02439   0.07969   0.12662   0.00068   0.07915   0.05112   0.04366   0.06637   0.20059   0.01345   0.12535   0.00515   0.01060   0.13659   0.16749   0.14578   0.19008   0.02267   0.09131   0.04116   0.10678   0.01092   0.01553   0.03816   0.04694   0.01950   0.00670   0.03772   0.01464   0.02840   0.03026   0.08075   0.02086   0.02413   0.06751   0.09447   0.07086   3.31065   0.95414   0.02301   0.26810  
 98  0.0002   9151.834398  x:  0.00764   0.02760   0.07503   0.04992   0.00000   0.03788   0.20268   0.00000   0.29702   0.09879   0.02916   0.22342   0.12138   0.18184   0.02439   0.07972   0.12663   0.00068   0.07916   0.05112   0.04366   0.06637   0.20058   0.01345   0.12536   0.00515   0.01060   0.13660   0.16751   0.14580   0.19005   0.02266   0.09133   0.04116   0.10680   0.01092   0.01552   0.03815   0.04694   0.01949   0.00670   0.03772   0.01464   0.02840   0.03025   0.08077   0.02086   0.02413   0.06750   0.09446   0.07084   3.31082   0.95414   0.02280   0.26526  
 99  0.0007   9151.834394  x:  0.00764   0.02761   0.07503   0.04993   0.00000   0.03789   0.20269   0.00000   0.29702   0.09879   0.02914   0.22343   0.12139   0.18184   0.02439   0.07971   0.12663   0.00068   0.07916   0.05112   0.04366   0.06637   0.20058   0.01345   0.12535   0.00515   0.01060   0.13660   0.16750   0.14579   0.19006   0.02267   0.09132   0.04116   0.10680   0.01092   0.01553   0.03815   0.04694   0.01950   0.00670   0.03772   0.01464   0.02840   0.03026   0.08076   0.02086   0.02413   0.06750   0.09447   0.07085   3.31076   0.95414   0.02284   0.26580  
100  0.0011   9151.834393  x:  0.00764   0.02761   0.07502   0.04993   0.00000   0.03789   0.20269   0.00000   0.29701   0.09879   0.02913   0.22343   0.12139   0.18184   0.02439   0.07970   0.12662   0.00068   0.07916   0.05112   0.04366   0.06637   0.20059   0.01345   0.12535   0.00515   0.01060   0.13660   0.16750   0.14579   0.19007   0.02267   0.09132   0.04116   0.10679   0.01092   0.01553   0.03815   0.04694   0.01950   0.00670   0.03772   0.01464   0.02840   0.03026   0.08076   0.02086   0.02413   0.06750   0.09447   0.07085   3.31071   0.95414   0.02285   0.26592  
101  0.0002   9151.834386  x:  0.00764   0.02761   0.07502   0.04994   0.00000   0.03789   0.20270   0.00000   0.29701   0.09879   0.02911   0.22344   0.12140   0.18184   0.02440   0.07968   0.12662   0.00068   0.07915   0.05112   0.04366   0.06637   0.20060   0.01345   0.12534   0.00515   0.01060   0.13659   0.16749   0.14577   0.19009   0.02267   0.09131   0.04116   0.10678   0.01092   0.01553   0.03816   0.04694   0.01950   0.00670   0.03772   0.01464   0.02840   0.03026   0.08075   0.02086   0.02413   0.06751   0.09447   0.07086   3.31061   0.95414   0.02278   0.26497  
102  0.0002   9151.834386  x:  0.00764   0.02761   0.07502   0.04993   0.00000   0.03789   0.20270   0.00000   0.29701   0.09879   0.02911   0.22344   0.12139   0.18184   0.02439   0.07969   0.12662   0.00068   0.07915   0.05112   0.04366   0.06637   0.20059   0.01345   0.12535   0.00515   0.01060   0.13659   0.16749   0.14578   0.19009   0.02267   0.09131   0.04116   0.10678   0.01092   0.01553   0.03816   0.04694   0.01950   0.00670   0.03772   0.01464   0.02840   0.03026   0.08075   0.02086   0.02413   0.06751   0.09447   0.07086   3.31063   0.95414   0.02279   0.26509  
103  0.0006   9151.834385  x:  0.00764   0.02761   0.07502   0.04993   0.00000   0.03789   0.20270   0.00000   0.29701   0.09879   0.02912   0.22344   0.12139   0.18184   0.02439   0.07969   0.12662   0.00068   0.07916   0.05112   0.04366   0.06637   0.20059   0.01345   0.12535   0.00515   0.01060   0.13659   0.16749   0.14578   0.19008   0.02267   0.09131   0.04116   0.10679   0.01092   0.01553   0.03815   0.04694   0.01950   0.00670   0.03772   0.01464   0.02840   0.03026   0.08075   0.02086   0.02413   0.06751   0.09447   0.07086   3.31065   0.95414   0.02280   0.26520  
104  0.0003   9151.834385  x:  0.00764   0.02761   0.07502   0.04993   0.00000   0.03789   0.20270   0.00000   0.29701   0.09879   0.02912   0.22344   0.12139   0.18184   0.02439   0.07969   0.12662   0.00068   0.07916   0.05112   0.04366   0.06637   0.20059   0.01345   0.12535   0.00515   0.01060   0.13659   0.16749   0.14578   0.19008   0.02267   0.09131   0.04116   0.10679   0.01092   0.01553   0.03815   0.04694   0.01950   0.00670   0.03772   0.01464   0.02840   0.03026   0.08075   0.02086   0.02413   0.06751   0.09447   0.07086   3.31066   0.95414   0.02280   0.26523  
105  0.0001   9151.834385  x:  0.00764   0.02761   0.07502   0.04993   0.00000   0.03789   0.20270   0.00000   0.29701   0.09879   0.02912   0.22344   0.12139   0.18184   0.02439   0.07969   0.12662   0.00068   0.07916   0.05112   0.04366   0.06637   0.20059   0.01345   0.12535   0.00515   0.01060   0.13659   0.16750   0.14578   0.19008   0.02267   0.09131   0.04116   0.10679   0.01092   0.01553   0.03815   0.04694   0.01950   0.00670   0.03772   0.01464   0.02840   0.03026   0.08075   0.02086   0.02413   0.06751   0.09447   0.07085   3.31067   0.95414   0.02280   0.26525  
106  0.0001   9151.834385  x:  0.00764   0.02761   0.07502   0.04993   0.00000   0.03789   0.20270   0.00000   0.29701   0.09879   0.02912   0.22344   0.12139   0.18184   0.02439   0.07969   0.12662   0.00068   0.07916   0.05112   0.04366   0.06637   0.20059   0.01345   0.12535   0.00515   0.01060   0.13659   0.16750   0.14578   0.19008   0.02267   0.09131   0.04116   0.10679   0.01092   0.01553   0.03815   0.04694   0.01950   0.00670   0.03772   0.01464   0.02840   0.03026   0.08075   0.02086   0.02413   0.06751   0.09447   0.07085   3.31067   0.95414   0.02280   0.26525  