Supplemental results for CODEML (seqf: msh5_noMNM.fasta  treef: msh5_tree.txt)


MLEs of dN/dS (w) for site classes (K=6)

p:   0.18079  0.18079  0.18079  0.18079  0.18079  0.09603
w:   0.00003  0.00301  0.02493  0.10574  0.36590  1.00000

Naive Empirical Bayes (NEB) probabilities for 6 classes & postmean_w
(amino acids refer to 1st sequence: Columba_livia)

   1 M   0.29705 0.29085 0.24893 0.14047 0.02255 0.00015 ( 1)  0.030
   2 S   0.00025 0.02239 0.16404 0.44127 0.35618 0.01587 ( 4)  0.197
   3 A   0.00000 0.00015 0.00975 0.13066 0.60959 0.24985 ( 5)  0.487
   4 T   0.00000 0.00000 0.00002 0.00425 0.27042 0.72531 ( 6)  0.825
   5 V   0.00000 0.00000 0.00000 0.00077 0.13425 0.86498 ( 6)  0.914
   6 M   0.00000 0.00000 0.00000 0.00138 0.19562 0.80300 ( 6)  0.875
   7 C   0.00000 0.00000 0.00000 0.00023 0.10383 0.89594 ( 6)  0.934
   8 A   0.00000 0.00000 0.00000 0.00000 0.00720 0.99280 ( 6)  0.995
   9 L   0.00015 0.01340 0.10301 0.33094 0.47113 0.08138 ( 5)  0.291
  10 P   0.00022 0.01974 0.14663 0.41475 0.39299 0.02567 ( 4)  0.217
  11 P   0.00000 0.00000 0.00004 0.00869 0.37399 0.61727 ( 6)  0.755
  12 P   0.00000 0.00000 0.00000 0.00000 0.00163 0.99837 ( 6)  0.999
  13 L   0.00000 0.00026 0.01591 0.19329 0.66047 0.13007 ( 5)  0.393
  14 G   0.00000 0.00000 0.00000 0.00088 0.14537 0.85375 ( 6)  0.907
  15 P   0.00000 0.00000 0.00003 0.00709 0.33077 0.66211 ( 6)  0.784
  16 E   0.00025 0.02286 0.16705 0.44526 0.34976 0.01482 ( 4)  0.194
  17 Q   0.00000 0.00000 0.00000 0.00097 0.15560 0.84344 ( 6)  0.900
  18 E   0.27943 0.27504 0.24476 0.15941 0.04054 0.00082 ( 1)  0.039
  19 D   0.00000 0.00000 0.00000 0.00191 0.24340 0.75468 ( 6)  0.844
  20 Q   0.00000 0.00000 0.00076 0.04060 0.54931 0.40934 ( 5)  0.615
  21 E   0.27732 0.27312 0.24408 0.16144 0.04306 0.00097 ( 1)  0.041
  22 G   0.00000 0.00000 0.00000 0.00000 0.00060 0.99940 ( 6)  1.000
  23 S   0.27171 0.26798 0.24204 0.16646 0.05029 0.00152 ( 1)  0.044
  24 E   0.27692 0.27276 0.24396 0.16184 0.04353 0.00100 ( 1)  0.041
  25 T   0.00000 0.00000 0.00000 0.00239 0.27958 0.71803 ( 6)  0.821
  26 H   0.00000 0.00000 0.00159 0.07612 0.70702 0.21526 ( 5)  0.482
  27 M   0.00036 0.03175 0.22218 0.50485 0.23790 0.00296 ( 4)  0.149
  28 S   0.27505 0.27105 0.24330 0.16353 0.04590 0.00116 ( 1)  0.042
  29 V   0.00022 0.01958 0.14555 0.41291 0.39522 0.02652 ( 4)  0.218
  30 L   0.00000 0.00014 0.00899 0.12193 0.59377 0.27517 ( 5)  0.506
  31 W   0.25755 0.25484 0.23577 0.17706 0.07068 0.00410 ( 1)  0.055
  32 Y   0.00000 0.00029 0.01799 0.21235 0.66300 0.10637 ( 5)  0.372
  33 A   0.28034 0.27587 0.24507 0.15857 0.03940 0.00075 ( 1)  0.039
  34 G   0.26891 0.26540 0.24095 0.16883 0.05405 0.00186 ( 1)  0.046
  35 Q   0.00016 0.01470 0.11222 0.35108 0.45826 0.06358 ( 5)  0.271
  36 L   0.00000 0.00020 0.01242 0.15902 0.64152 0.18684 ( 5)  0.439
  37 A   0.28043 0.27595 0.24510 0.15849 0.03930 0.00074 ( 1)  0.039
  38 I   0.00000 0.00029 0.01792 0.21196 0.66413 0.10570 ( 5)  0.372
  39 T   0.00000 0.00000 0.00113 0.05698 0.63812 0.30377 ( 5)  0.543
  40 Y   0.27084 0.26718 0.24169 0.16718 0.05147 0.00164 ( 1)  0.045
  41 Y   0.27839 0.27409 0.24442 0.16040 0.04180 0.00090 ( 1)  0.040
  42 D   0.28825 0.28301 0.24723 0.15041 0.03073 0.00037 ( 1)  0.035
  43 T   0.28383 0.27903 0.24607 0.15504 0.03547 0.00056 ( 1)  0.037
  44 E   0.28866 0.28338 0.24731 0.14995 0.03034 0.00036 ( 1)  0.034
  45 D   0.00027 0.02468 0.17869 0.46046 0.32512 0.01077 ( 4)  0.183
  46 C   0.27312 0.26928 0.24260 0.16528 0.04838 0.00135 ( 1)  0.043
  47 S   0.26712 0.26375 0.24015 0.17017 0.05663 0.00218 ( 1)  0.048
  48 V   0.27258 0.26878 0.24238 0.16572 0.04911 0.00142 ( 1)  0.044
  49 Y   0.27028 0.26666 0.24147 0.16765 0.05223 0.00171 ( 1)  0.045
  50 F   0.27960 0.27520 0.24485 0.15930 0.04025 0.00079 ( 1)  0.039
  51 M   0.30302 0.29608 0.24962 0.13326 0.01793 0.00008 ( 1)  0.028
  52 P   0.27306 0.26923 0.24258 0.16532 0.04845 0.00135 ( 1)  0.043
  53 D   0.00000 0.00032 0.01968 0.22751 0.66320 0.08930 ( 5)  0.357
  54 T   0.00000 0.00000 0.00000 0.00038 0.14509 0.85453 ( 6)  0.908
  55 P   0.00021 0.01850 0.13832 0.40086 0.41014 0.03198 ( 5)  0.228
  56 D   0.00028 0.02534 0.18291 0.46597 0.31616 0.00933 ( 4)  0.179
  57 N   0.00000 0.00043 0.02575 0.27693 0.64429 0.05259 ( 5)  0.318
  58 E   0.28866 0.28338 0.24731 0.14995 0.03034 0.00036 ( 1)  0.034
  59 D   0.00024 0.02130 0.15691 0.43094 0.37138 0.01924 ( 4)  0.205
  60 L   0.26854 0.26506 0.24078 0.16911 0.05459 0.00193 ( 1)  0.047
  61 K   0.00000 0.00000 0.00000 0.00024 0.10677 0.89298 ( 6)  0.932
  62 L   0.25664 0.25399 0.23528 0.17755 0.07213 0.00441 ( 1)  0.056
  63 L   0.24568 0.24366 0.22929 0.18334 0.08955 0.00849 ( 1)  0.067
  64 H   0.00000 0.00021 0.01290 0.16378 0.64480 0.17832 ( 5)  0.432
  65 K   0.00000 0.00045 0.02665 0.28384 0.64044 0.04862 ( 5)  0.314
  66 A   0.00000 0.00023 0.01446 0.17932 0.65457 0.15143 ( 5)  0.410
  67 I   0.00000 0.00000 0.00142 0.06911 0.68457 0.24490 ( 5)  0.503
  68 G   0.00000 0.00000 0.00000 0.00102 0.16093 0.83805 ( 6)  0.897
  69 E   0.28866 0.28338 0.24731 0.14995 0.03034 0.00036 ( 1)  0.034
  70 I   0.00000 0.00000 0.00108 0.05485 0.62724 0.31684 ( 5)  0.552
  71 N   0.00000 0.00000 0.00158 0.07557 0.70516 0.21768 ( 5)  0.484
  72 P   0.27296 0.26914 0.24254 0.16541 0.04858 0.00136 ( 1)  0.043
  73 Q   0.00000 0.00023 0.01424 0.17720 0.65362 0.15471 ( 5)  0.413
  74 C   0.27304 0.26921 0.24258 0.16535 0.04847 0.00135 ( 1)  0.043
  75 V   0.00000 0.00058 0.03414 0.33761 0.60150 0.02617 ( 5)  0.283
  76 V   0.00019 0.01747 0.13135 0.38838 0.42394 0.03866 ( 5)  0.238
  77 T   0.27304 0.26920 0.24255 0.16531 0.04853 0.00138 ( 1)  0.043
  78 S   0.28962 0.28424 0.24755 0.14892 0.02935 0.00032 ( 1)  0.034
  79 A   0.28046 0.27598 0.24511 0.15845 0.03925 0.00074 ( 1)  0.039
  80 K   0.29225 0.28658 0.24805 0.14595 0.02692 0.00026 ( 1)  0.033
  81 Q   0.26005 0.25718 0.23698 0.17540 0.06690 0.00350 ( 1)  0.053
  82 D   0.28279 0.27809 0.24581 0.15615 0.03656 0.00060 ( 1)  0.037
  83 Q   0.25991 0.25705 0.23692 0.17550 0.06709 0.00352 ( 1)  0.053
  84 N   0.29226 0.28659 0.24807 0.14596 0.02686 0.00025 ( 1)  0.033
  85 I   0.28403 0.27921 0.24613 0.15484 0.03524 0.00055 ( 1)  0.037
  86 A   0.26641 0.26309 0.23990 0.17082 0.05755 0.00224 ( 1)  0.048
  87 K   0.00000 0.00045 0.02684 0.28527 0.63963 0.04782 ( 5)  0.313
  88 F   0.27960 0.27520 0.24485 0.15930 0.04025 0.00079 ( 1)  0.039
  89 L   0.24558 0.24356 0.22923 0.18337 0.08971 0.00855 ( 1)  0.067
  90 A   0.00000 0.00000 0.00081 0.04332 0.56700 0.38886 ( 5)  0.601
  91 N   0.00000 0.00000 0.00009 0.01723 0.54603 0.43665 ( 5)  0.638
  92 L   0.25797 0.25523 0.23594 0.17672 0.07009 0.00405 ( 1)  0.055
  93 A   0.00000 0.00025 0.01527 0.18719 0.65833 0.13897 ( 5)  0.400
  94 T   0.00000 0.00000 0.00003 0.00588 0.29426 0.69983 ( 6)  0.808
  95 A   0.00000 0.00000 0.00000 0.00002 0.02938 0.97061 ( 6)  0.981
  96 G   0.00000 0.00000 0.00000 0.00023 0.10380 0.89597 ( 6)  0.934
  97 D   0.00000 0.00041 0.02478 0.26969 0.64917 0.05595 ( 5)  0.323
  98 N   0.00000 0.00000 0.00010 0.02020 0.58590 0.39379 ( 5)  0.610
  99 N   0.00000 0.00000 0.00009 0.01836 0.56242 0.41913 ( 5)  0.627
 100 T   0.00000 0.00000 0.00000 0.00001 0.02452 0.97547 ( 6)  0.984
 101 R   0.00000 0.00000 0.00000 0.00068 0.13053 0.86879 ( 6)  0.917
 102 K   0.29211 0.28646 0.24802 0.14610 0.02705 0.00026 ( 1)  0.033
 103 P   0.00000 0.00030 0.01814 0.21387 0.66383 0.10387 ( 5)  0.370
 104 E   0.28866 0.28338 0.24731 0.14995 0.03034 0.00036 ( 1)  0.034
 105 I   0.28392 0.27911 0.24610 0.15495 0.03537 0.00056 ( 1)  0.037
 106 V   0.26858 0.26510 0.24080 0.16908 0.05453 0.00192 ( 1)  0.047
 107 L   0.24838 0.24621 0.23080 0.18198 0.08521 0.00743 ( 1)  0.064
 108 F   0.28698 0.28187 0.24693 0.15178 0.03202 0.00041 ( 1)  0.035
 109 P   0.27224 0.26848 0.24227 0.16603 0.04953 0.00144 ( 1)  0.044
 110 N   0.28707 0.28195 0.24691 0.15163 0.03201 0.00042 ( 1)  0.035
 111 I   0.00000 0.00000 0.00000 0.00000 0.00560 0.99440 ( 6)  0.996
 112 D   0.28927 0.28392 0.24746 0.14930 0.02972 0.00034 ( 1)  0.034
 113 F   0.28698 0.28187 0.24693 0.15178 0.03202 0.00041 ( 1)  0.035
 114 G   0.00020 0.01783 0.13376 0.39286 0.41930 0.03607 ( 5)  0.234
 115 L   0.25613 0.25351 0.23501 0.17786 0.07292 0.00457 ( 1)  0.057
 116 E   0.28866 0.28338 0.24731 0.14995 0.03034 0.00036 ( 1)  0.034
 117 V   0.26862 0.26514 0.24082 0.16905 0.05447 0.00191 ( 1)  0.047
 118 S   0.00000 0.00000 0.00135 0.06638 0.67653 0.25574 ( 5)  0.510
 119 K   0.28154 0.27696 0.24539 0.15731 0.03810 0.00070 ( 1)  0.038
 120 Q   0.26940 0.26585 0.24114 0.16841 0.05339 0.00181 ( 1)  0.046
 121 R   0.25987 0.25700 0.23683 0.17538 0.06726 0.00366 ( 1)  0.054
 122 I   0.00022 0.01969 0.14629 0.41416 0.39369 0.02596 ( 4)  0.218
 123 L   0.25483 0.25229 0.23430 0.17854 0.07498 0.00505 ( 1)  0.058
 124 S   0.27478 0.27080 0.24320 0.16378 0.04625 0.00119 ( 1)  0.042
 125 R   0.27951 0.27512 0.24481 0.15937 0.04039 0.00080 ( 1)  0.039
 126 Q   0.26954 0.26598 0.24120 0.16831 0.05319 0.00178 ( 1)  0.046
 127 F   0.00027 0.02386 0.17350 0.45409 0.33604 0.01225 ( 4)  0.188
 128 P   0.27857 0.27426 0.24451 0.16029 0.04151 0.00087 ( 1)  0.040
 129 F   0.28635 0.28130 0.24676 0.15243 0.03272 0.00044 ( 1)  0.036
 130 I   0.27601 0.27193 0.24363 0.16265 0.04469 0.00108 ( 1)  0.042
 131 P   0.27851 0.27421 0.24449 0.16034 0.04157 0.00087 ( 1)  0.040
 132 S   0.00020 0.01842 0.13777 0.39981 0.41116 0.03263 ( 5)  0.229
 133 H   0.28794 0.28274 0.24717 0.15076 0.03102 0.00038 ( 1)  0.035
 134 M   0.30302 0.29608 0.24962 0.13326 0.01793 0.00008 ( 1)  0.028
 135 T   0.27666 0.27251 0.24385 0.16206 0.04389 0.00103 ( 1)  0.041
 136 A   0.00000 0.00028 0.01744 0.20753 0.66332 0.11143 ( 5)  0.377
 137 T   0.28346 0.27870 0.24597 0.15541 0.03587 0.00058 ( 1)  0.037
 138 E   0.00023 0.02055 0.15196 0.42324 0.38182 0.02221 ( 4)  0.211
 139 K   0.29225 0.28658 0.24805 0.14595 0.02692 0.00026 ( 1)  0.033
 140 I   0.00025 0.02264 0.16564 0.44329 0.35276 0.01542 ( 4)  0.196
 141 L   0.26741 0.26402 0.24032 0.17001 0.05615 0.00209 ( 1)  0.047
 142 Y   0.27308 0.26924 0.24256 0.16527 0.04848 0.00137 ( 1)  0.043
 143 L   0.25711 0.25443 0.23551 0.17725 0.07140 0.00429 ( 1)  0.056
 144 S   0.26680 0.26345 0.24005 0.17049 0.05701 0.00219 ( 1)  0.048
 145 S   0.26782 0.26439 0.24044 0.16961 0.05566 0.00208 ( 1)  0.047
 146 V   0.00000 0.00000 0.00000 0.00001 0.02680 0.97319 ( 6)  0.983
 147 I   0.27781 0.27357 0.24422 0.16094 0.04252 0.00095 ( 1)  0.040
 148 P   0.27299 0.26916 0.24255 0.16539 0.04855 0.00136 ( 1)  0.043
 149 F   0.28613 0.28111 0.24671 0.15267 0.03293 0.00045 ( 1)  0.036
 150 E   0.00022 0.02015 0.14933 0.41910 0.38736 0.02384 ( 4)  0.214
 151 S   0.28410 0.27928 0.24619 0.15482 0.03509 0.00053 ( 1)  0.037
 152 P   0.00023 0.02058 0.15218 0.42363 0.38135 0.02202 ( 4)  0.210
 153 L   0.26699 0.26363 0.24014 0.17034 0.05674 0.00216 ( 1)  0.048
 154 M   0.00000 0.00000 0.00006 0.01330 0.53336 0.45329 ( 5)  0.650
 155 I   0.30008 0.29350 0.24925 0.13679 0.02026 0.00012 ( 1)  0.029
 156 R   0.25820 0.25542 0.23588 0.17618 0.06997 0.00435 ( 1)  0.055
 157 A   0.27079 0.26714 0.24169 0.16726 0.05150 0.00163 ( 1)  0.045
 158 L   0.25798 0.25524 0.23593 0.17665 0.07009 0.00410 ( 1)  0.055
 159 G   0.27031 0.26670 0.24150 0.16765 0.05215 0.00169 ( 1)  0.045
 160 G   0.27301 0.26918 0.24254 0.16534 0.04855 0.00137 ( 1)  0.043
 161 L   0.26658 0.26325 0.23996 0.17067 0.05733 0.00222 ( 1)  0.048
 162 L   0.27335 0.26949 0.24267 0.16504 0.04812 0.00134 ( 1)  0.043
 163 K   0.28079 0.27627 0.24519 0.15810 0.03892 0.00073 ( 1)  0.039
 164 F   0.00024 0.02153 0.15840 0.43299 0.36817 0.01867 ( 4)  0.203
 165 L   0.25397 0.25148 0.23390 0.17915 0.07629 0.00522 ( 1)  0.059
 166 D   0.28211 0.27748 0.24562 0.15684 0.03731 0.00063 ( 1)  0.038
 167 R   0.27993 0.27549 0.24490 0.15890 0.03998 0.00080 ( 1)  0.039
 168 R   0.28578 0.28078 0.24660 0.15302 0.03335 0.00047 ( 1)  0.036
 169 R   0.27831 0.27402 0.24438 0.16045 0.04192 0.00091 ( 1)  0.040
 170 V   0.00000 0.00028 0.01734 0.20656 0.66316 0.11266 ( 5)  0.378
 171 G   0.27687 0.27271 0.24392 0.16186 0.04363 0.00101 ( 1)  0.041
 172 V   0.00000 0.00028 0.01731 0.20637 0.66330 0.11273 ( 5)  0.378
 173 E   0.28101 0.27648 0.24528 0.15790 0.03862 0.00071 ( 1)  0.038
 174 L   0.26408 0.26093 0.23884 0.17253 0.06095 0.00267 ( 1)  0.050
 175 E   0.28866 0.28338 0.24731 0.14995 0.03034 0.00036 ( 1)  0.034
 176 E   0.00000 0.00038 0.02305 0.25580 0.65520 0.06557 ( 5)  0.333
 177 S   0.00025 0.02208 0.16202 0.43849 0.36050 0.01667 ( 4)  0.199
 178 A   0.00000 0.00000 0.00000 0.00003 0.03902 0.96095 ( 6)  0.975
 179 I   0.00000 0.00000 0.00000 0.00004 0.05498 0.94497 ( 6)  0.965
 180 A   0.00000 0.00000 0.00000 0.00051 0.12735 0.87214 ( 6)  0.919
 181 V   0.27691 0.27275 0.24395 0.16183 0.04357 0.00100 ( 1)  0.041
 182 P   0.27306 0.26923 0.24258 0.16532 0.04845 0.00135 ( 1)  0.043
 183 I   0.00025 0.02227 0.16325 0.43991 0.35783 0.01648 ( 4)  0.198
 184 L   0.25690 0.25423 0.23541 0.17741 0.07172 0.00433 ( 1)  0.056
 185 A   0.26658 0.26325 0.23997 0.17068 0.05731 0.00221 ( 1)  0.048
 186 F   0.28681 0.28172 0.24688 0.15196 0.03221 0.00042 ( 1)  0.035
 187 K   0.00029 0.02583 0.18595 0.46905 0.30999 0.00889 ( 4)  0.177
 188 K   0.28479 0.27990 0.24632 0.15402 0.03444 0.00052 ( 1)  0.036
 189 F   0.28690 0.28180 0.24691 0.15186 0.03210 0.00042 ( 1)  0.035
 190 V   0.00000 0.00000 0.00077 0.04128 0.55532 0.40262 ( 5)  0.610
 191 L   0.00000 0.00010 0.00632 0.09078 0.52975 0.37306 ( 5)  0.577
 192 T   0.00000 0.00000 0.00072 0.03902 0.53757 0.42268 ( 5)  0.624
 193 D   0.00000 0.00041 0.02450 0.26751 0.65031 0.05727 ( 5)  0.324
 194 I   0.00000 0.00000 0.00117 0.05900 0.64859 0.29123 ( 5)  0.535
 195 V   0.26938 0.26583 0.24113 0.16843 0.05343 0.00181 ( 1)  0.046
 196 S   0.00000 0.00000 0.00216 0.09713 0.75100 0.14971 ( 5)  0.435
 197 M   0.00000 0.00061 0.03537 0.34633 0.59475 0.02295 ( 5)  0.278
 198 D   0.28222 0.27758 0.24565 0.15672 0.03720 0.00063 ( 1)  0.038
 199 Q   0.00019 0.01729 0.13013 0.38611 0.42624 0.04004 ( 5)  0.240
 200 D   0.28211 0.27748 0.24562 0.15684 0.03731 0.00063 ( 1)  0.038
 201 T   0.00000 0.00028 0.01750 0.20806 0.66325 0.11090 ( 5)  0.376
 202 Y   0.27017 0.26657 0.24143 0.16774 0.05237 0.00172 ( 1)  0.045
 203 C   0.00000 0.00000 0.00134 0.06581 0.67448 0.25837 ( 5)  0.512
 204 V   0.26842 0.26495 0.24074 0.16921 0.05474 0.00194 ( 1)  0.047
 205 L   0.24937 0.24715 0.23139 0.18158 0.08360 0.00692 ( 1)  0.063
 206 Q   0.25976 0.25691 0.23685 0.17561 0.06731 0.00355 ( 1)  0.053
 207 I   0.30060 0.29395 0.24933 0.13618 0.01983 0.00011 ( 1)  0.029
 208 F   0.28688 0.28179 0.24691 0.15188 0.03213 0.00042 ( 1)  0.035
 209 K   0.29225 0.28658 0.24805 0.14595 0.02692 0.00026 ( 1)  0.033
 210 S   0.28982 0.28441 0.24760 0.14872 0.02914 0.00031 ( 1)  0.034
 211 D   0.28982 0.28441 0.24760 0.14872 0.02914 0.00031 ( 1)  0.034
 212 I   0.00022 0.01960 0.14566 0.41308 0.39496 0.02648 ( 4)  0.218
 213 H   0.28799 0.28278 0.24718 0.15071 0.03097 0.00037 ( 1)  0.035
 214 P   0.27306 0.26923 0.24258 0.16532 0.04845 0.00135 ( 1)  0.043
 215 S   0.27458 0.27062 0.24313 0.16396 0.04650 0.00121 ( 1)  0.042
 216 V   0.26921 0.26568 0.24106 0.16857 0.05366 0.00183 ( 1)  0.046
 217 Y   0.27133 0.26763 0.24189 0.16677 0.05080 0.00158 ( 1)  0.045
 218 K   0.28073 0.27623 0.24518 0.15816 0.03898 0.00073 ( 1)  0.039
 219 L   0.00014 0.01243 0.09612 0.31530 0.47947 0.09655 ( 5)  0.308
 220 S   0.26864 0.26515 0.24082 0.16903 0.05444 0.00191 ( 1)  0.047
 221 S   0.28982 0.28441 0.24760 0.14872 0.02914 0.00031 ( 1)  0.034
 222 G   0.27687 0.27271 0.24392 0.16186 0.04363 0.00101 ( 1)  0.041
 223 L   0.25940 0.25656 0.23662 0.17573 0.06795 0.00374 ( 1)  0.054
 224 K   0.29211 0.28645 0.24802 0.14610 0.02706 0.00026 ( 1)  0.033
 225 E   0.28866 0.28338 0.24731 0.14995 0.03034 0.00036 ( 1)  0.034
 226 G   0.27687 0.27271 0.24392 0.16186 0.04363 0.00101 ( 1)  0.041
 227 F   0.28122 0.27667 0.24535 0.15771 0.03835 0.00069 ( 1)  0.038
 228 S   0.28762 0.28244 0.24708 0.15110 0.03137 0.00039 ( 1)  0.035
 229 L   0.25978 0.25692 0.23681 0.17549 0.06736 0.00364 ( 1)  0.054
 230 Y   0.00000 0.00030 0.01812 0.21356 0.66294 0.10508 ( 5)  0.371
 231 G   0.27322 0.26937 0.24263 0.16518 0.04825 0.00134 ( 1)  0.043
 232 I   0.28403 0.27921 0.24613 0.15484 0.03524 0.00055 ( 1)  0.037
 233 L   0.25984 0.25698 0.23684 0.17546 0.06726 0.00361 ( 1)  0.053
 234 N   0.28665 0.28157 0.24684 0.15212 0.03240 0.00043 ( 1)  0.035
 235 R   0.27183 0.26809 0.24211 0.16639 0.05009 0.00149 ( 1)  0.044
 236 C   0.27401 0.27009 0.24293 0.16449 0.04722 0.00126 ( 1)  0.043
 237 R   0.28091 0.27639 0.24524 0.15800 0.03874 0.00071 ( 1)  0.039
 238 C   0.27324 0.26939 0.24264 0.16517 0.04822 0.00134 ( 1)  0.043
 239 K   0.28980 0.28439 0.24753 0.14865 0.02930 0.00033 ( 1)  0.034
 240 W   0.00000 0.00015 0.00930 0.12568 0.60228 0.26260 ( 5)  0.496
 241 G   0.27687 0.27271 0.24392 0.16186 0.04363 0.00101 ( 1)  0.041
 242 E   0.00000 0.00039 0.02364 0.26051 0.65301 0.06244 ( 5)  0.330
 243 K   0.29201 0.28636 0.24800 0.14621 0.02715 0.00027 ( 1)  0.033
 244 L   0.25035 0.24808 0.23195 0.18113 0.08201 0.00648 ( 1)  0.062
 245 L   0.24679 0.24471 0.22993 0.18283 0.08775 0.00799 ( 1)  0.066
 246 R   0.00000 0.00000 0.00000 0.00182 0.23578 0.76239 ( 6)  0.849
 247 L   0.24819 0.24604 0.23074 0.18218 0.08548 0.00736 ( 1)  0.064
 248 W   0.25755 0.25484 0.23577 0.17706 0.07068 0.00410 ( 1)  0.055
 249 L   0.27069 0.26705 0.24165 0.16733 0.05164 0.00164 ( 1)  0.045
 250 T   0.28241 0.27775 0.24567 0.15648 0.03706 0.00064 ( 1)  0.038
 251 R   0.25254 0.25013 0.23308 0.17983 0.07859 0.00582 ( 1)  0.060
 252 P   0.27275 0.26894 0.24246 0.16560 0.04886 0.00139 ( 1)  0.044
 253 T   0.27625 0.27214 0.24371 0.16242 0.04441 0.00107 ( 1)  0.041
 254 R   0.00000 0.00017 0.01048 0.13831 0.61746 0.23359 ( 5)  0.474
 255 N   0.28585 0.28085 0.24664 0.15297 0.03323 0.00046 ( 1)  0.036
 256 L   0.00000 0.00000 0.00001 0.00302 0.19151 0.80546 ( 6)  0.876
 257 T   0.00000 0.00035 0.02126 0.24082 0.65976 0.07781 ( 5)  0.345
 258 E   0.27726 0.27307 0.24406 0.16151 0.04313 0.00097 ( 1)  0.041
 259 L   0.24853 0.24636 0.23092 0.18200 0.08494 0.00724 ( 1)  0.064
 260 N   0.28638 0.28132 0.24675 0.15238 0.03273 0.00045 ( 1)  0.036
 261 K   0.29214 0.28648 0.24803 0.14607 0.02703 0.00026 ( 1)  0.033
 262 R   0.26235 0.25929 0.23778 0.17321 0.06390 0.00346 ( 1)  0.052
 263 L   0.25177 0.24942 0.23272 0.18036 0.07975 0.00597 ( 1)  0.061
 264 D   0.28982 0.28441 0.24760 0.14872 0.02914 0.00031 ( 1)  0.034
 265 V   0.27682 0.27266 0.24391 0.16191 0.04368 0.00101 ( 1)  0.041
 266 I   0.27593 0.27186 0.24361 0.16273 0.04479 0.00109 ( 1)  0.042
 267 H   0.00000 0.00032 0.01972 0.22791 0.66342 0.08863 ( 5)  0.356
 268 F   0.27962 0.27522 0.24486 0.15928 0.04023 0.00079 ( 1)  0.039
 269 F   0.27964 0.27524 0.24486 0.15926 0.04021 0.00079 ( 1)  0.039
 270 L   0.24935 0.24713 0.23138 0.18160 0.08363 0.00692 ( 1)  0.063
 271 L   0.00000 0.00000 0.00031 0.01858 0.35897 0.62214 ( 6)  0.755
 272 A   0.27447 0.27052 0.24310 0.16408 0.04662 0.00121 ( 1)  0.043
 273 Q   0.25989 0.25703 0.23691 0.17552 0.06712 0.00353 ( 1)  0.053
 274 N   0.00026 0.02362 0.17198 0.45200 0.33928 0.01285 ( 4)  0.189
 275 H   0.00000 0.00038 0.02277 0.25360 0.65627 0.06698 ( 5)  0.334
 276 E   0.28866 0.28338 0.24731 0.14995 0.03034 0.00036 ( 1)  0.034
 277 T   0.00025 0.02261 0.16544 0.44302 0.35318 0.01549 ( 4)  0.196
 278 V   0.26907 0.26555 0.24100 0.16868 0.05386 0.00185 ( 1)  0.046
 279 L   0.00019 0.01678 0.12661 0.37960 0.43300 0.04383 ( 5)  0.246
 280 T   0.27402 0.27010 0.24292 0.16446 0.04723 0.00127 ( 1)  0.043
 281 L   0.27510 0.27109 0.24331 0.16349 0.04584 0.00116 ( 1)  0.042
 282 Q   0.26908 0.26556 0.24100 0.16866 0.05385 0.00186 ( 1)  0.046
 283 G   0.00000 0.00000 0.00007 0.01520 0.50889 0.47584 ( 5)  0.664
 284 C   0.27384 0.26994 0.24285 0.16462 0.04747 0.00129 ( 1)  0.043
 285 L   0.26612 0.26282 0.23976 0.17102 0.05798 0.00230 ( 1)  0.048
 286 K   0.00000 0.00000 0.00116 0.05836 0.64590 0.29458 ( 5)  0.537
 287 N   0.29332 0.28753 0.24828 0.14477 0.02588 0.00023 ( 1)  0.032
 288 I   0.29218 0.28651 0.24803 0.14601 0.02700 0.00026 ( 1)  0.033
 289 K   0.29225 0.28658 0.24805 0.14595 0.02692 0.00026 ( 1)  0.033
 290 N   0.29316 0.28739 0.24825 0.14494 0.02603 0.00023 ( 1)  0.032
 291 V   0.26986 0.26628 0.24132 0.16802 0.05276 0.00175 ( 1)  0.046
 292 P   0.00021 0.01856 0.13873 0.40158 0.40930 0.03162 ( 5)  0.227
 293 L   0.27510 0.27109 0.24331 0.16349 0.04584 0.00116 ( 1)  0.042
 294 I   0.28403 0.27921 0.24613 0.15484 0.03524 0.00055 ( 1)  0.037
 295 L   0.25691 0.25424 0.23540 0.17737 0.07173 0.00435 ( 1)  0.056
 296 K   0.28928 0.28393 0.24742 0.14922 0.02980 0.00035 ( 1)  0.034
 297 R   0.28567 0.28069 0.24656 0.15313 0.03348 0.00048 ( 1)  0.036
 298 M   0.30302 0.29608 0.24962 0.13326 0.01793 0.00008 ( 1)  0.028
 299 T   0.00022 0.01991 0.14773 0.41643 0.39066 0.02505 ( 4)  0.216
 300 L   0.27194 0.26820 0.24214 0.16627 0.04996 0.00149 ( 1)  0.044
 301 S   0.26678 0.26343 0.24004 0.17051 0.05704 0.00219 ( 1)  0.048
 302 N   0.00000 0.00000 0.00000 0.00231 0.27306 0.72464 ( 6)  0.825
 303 T   0.00025 0.02225 0.16310 0.43971 0.35815 0.01653 ( 4)  0.198
 304 K   0.00029 0.02637 0.18929 0.47292 0.30306 0.00807 ( 4)  0.174
 305 V   0.00022 0.02004 0.14860 0.41789 0.38886 0.02439 ( 4)  0.215
 306 S   0.00000 0.00000 0.00182 0.08487 0.72912 0.18419 ( 5)  0.460
 307 D   0.28243 0.27776 0.24570 0.15650 0.03699 0.00062 ( 1)  0.038
 308 W   0.25755 0.25484 0.23577 0.17706 0.07068 0.00410 ( 1)  0.055
 309 Q   0.26954 0.26598 0.24120 0.16831 0.05319 0.00178 ( 1)  0.046
 310 A   0.27984 0.27542 0.24492 0.15905 0.03998 0.00078 ( 1)  0.039
 311 L   0.26186 0.25887 0.23783 0.17413 0.06420 0.00311 ( 1)  0.052
 312 Y   0.27871 0.27439 0.24452 0.16009 0.04141 0.00088 ( 1)  0.040
 313 K   0.28104 0.27651 0.24526 0.15783 0.03864 0.00072 ( 1)  0.038
 314 T   0.28347 0.27871 0.24598 0.15540 0.03586 0.00058 ( 1)  0.037
 315 A   0.00000 0.00000 0.00000 0.00082 0.13957 0.85961 ( 6)  0.911
 316 Y   0.00000 0.00015 0.00956 0.13047 0.62303 0.23680 ( 5)  0.479
 317 S   0.00000 0.00043 0.02558 0.27598 0.64592 0.05209 ( 5)  0.318
 318 A   0.27878 0.27446 0.24458 0.16008 0.04125 0.00085 ( 1)  0.040
 319 V   0.00000 0.00000 0.00003 0.00583 0.29267 0.70148 ( 6)  0.809
 320 C   0.00021 0.01869 0.13960 0.40306 0.40753 0.03091 ( 5)  0.226
 321 L   0.00021 0.01851 0.13838 0.40090 0.40996 0.03204 ( 5)  0.228
 322 R   0.28567 0.28069 0.24657 0.15312 0.03347 0.00048 ( 1)  0.036
 323 D   0.00025 0.02214 0.16239 0.43893 0.35971 0.01659 ( 4)  0.199
 324 T   0.27687 0.27271 0.24392 0.16184 0.04364 0.00102 ( 1)  0.041
 325 C   0.28044 0.27596 0.24510 0.15846 0.03930 0.00074 ( 1)  0.039
 326 R   0.27329 0.26944 0.24266 0.16512 0.04816 0.00133 ( 1)  0.043
 327 S   0.27501 0.27101 0.24328 0.16357 0.04595 0.00117 ( 1)  0.042
 328 L   0.24732 0.24521 0.23024 0.18260 0.08690 0.00774 ( 1)  0.065
 329 P   0.26478 0.26159 0.23918 0.17205 0.05988 0.00251 ( 1)  0.049
 330 S   0.00000 0.00000 0.00000 0.00000 0.00017 0.99983 ( 6)  1.000
 331 T   0.00000 0.00000 0.00005 0.01130 0.43404 0.55461 ( 6)  0.715
 332 I   0.28373 0.27893 0.24605 0.15514 0.03559 0.00057 ( 1)  0.037
 333 E   0.28866 0.28338 0.24731 0.14995 0.03034 0.00036 ( 1)  0.034
 334 L   0.26923 0.26570 0.24107 0.16856 0.05362 0.00182 ( 1)  0.046
 335 F   0.28658 0.28151 0.24683 0.15220 0.03244 0.00043 ( 1)  0.035
 336 H   0.00016 0.01457 0.11132 0.34919 0.45970 0.06506 ( 5)  0.273
 337 T   0.00000 0.00029 0.01770 0.20979 0.66314 0.10909 ( 5)  0.374
 338 I   0.28415 0.27931 0.24613 0.15467 0.03518 0.00056 ( 1)  0.037
 339 S   0.26768 0.26426 0.24039 0.16972 0.05585 0.00210 ( 1)  0.047
 340 R   0.00000 0.00000 0.00000 0.00128 0.18724 0.81147 ( 6)  0.880
 341 V   0.00019 0.01720 0.12947 0.38494 0.42752 0.04068 ( 5)  0.241
 342 F   0.27952 0.27513 0.24483 0.15939 0.04034 0.00079 ( 1)  0.039
 343 T   0.27758 0.27336 0.24417 0.16119 0.04275 0.00095 ( 1)  0.041
 344 D   0.28958 0.28420 0.24754 0.14896 0.02939 0.00032 ( 1)  0.034
 345 D   0.28945 0.28409 0.24751 0.14910 0.02952 0.00033 ( 1)  0.034
 346 L   0.24660 0.24453 0.22982 0.18292 0.08806 0.00807 ( 1)  0.066
 347 H   0.00023 0.02095 0.15463 0.42741 0.37618 0.02059 ( 4)  0.207
 348 Y   0.27050 0.26687 0.24156 0.16746 0.05192 0.00168 ( 1)  0.045
 349 I   0.28400 0.27918 0.24610 0.15483 0.03532 0.00056 ( 1)  0.037
 350 A   0.27381 0.26991 0.24286 0.16467 0.04748 0.00128 ( 1)  0.043
 351 T   0.00000 0.00000 0.00173 0.08151 0.72046 0.19630 ( 5)  0.469
 352 L   0.00015 0.01356 0.10420 0.33356 0.46954 0.07899 ( 5)  0.289
 353 I   0.27666 0.27251 0.24382 0.16199 0.04397 0.00105 ( 1)  0.041
 354 S   0.00025 0.02208 0.16206 0.43854 0.36041 0.01666 ( 4)  0.199
 355 K   0.00029 0.02635 0.18918 0.47279 0.30329 0.00809 ( 4)  0.174
 356 V   0.26920 0.26567 0.24106 0.16857 0.05366 0.00183 ( 1)  0.046
 357 V   0.27412 0.27020 0.24296 0.16438 0.04709 0.00125 ( 1)  0.043
 358 D   0.28247 0.27780 0.24573 0.15648 0.03691 0.00061 ( 1)  0.038
 359 F   0.28698 0.28187 0.24693 0.15178 0.03202 0.00041 ( 1)  0.035
 360 E   0.00028 0.02477 0.17928 0.46133 0.32385 0.01049 ( 4)  0.182
 361 G   0.00018 0.01656 0.12509 0.37682 0.43597 0.04538 ( 5)  0.248
 362 S   0.28221 0.27757 0.24565 0.15673 0.03721 0.00063 ( 1)  0.038
 363 I   0.00000 0.00000 0.00093 0.04828 0.59520 0.35559 ( 5)  0.579
 364 S   0.00000 0.00013 0.00816 0.11550 0.60493 0.27128 ( 5)  0.505
 365 E   0.00022 0.01952 0.14513 0.41225 0.39609 0.02680 ( 4)  0.219
 366 N   0.00000 0.00000 0.00164 0.07775 0.71107 0.20954 ( 5)  0.478
 367 R   0.26666 0.26332 0.24000 0.17062 0.05720 0.00220 ( 1)  0.048
 368 F   0.27952 0.27513 0.24483 0.15939 0.04034 0.00079 ( 1)  0.039
 369 T   0.27801 0.27375 0.24431 0.16079 0.04223 0.00092 ( 1)  0.040
 370 V   0.00022 0.01977 0.14679 0.41497 0.39264 0.02560 ( 4)  0.217
 371 K   0.00000 0.00000 0.00164 0.07786 0.71068 0.20982 ( 5)  0.478
 372 P   0.00000 0.00020 0.01226 0.15734 0.64024 0.18997 ( 5)  0.441
 373 N   0.29238 0.28670 0.24809 0.14581 0.02676 0.00025 ( 1)  0.033
 374 V   0.27260 0.26880 0.24240 0.16572 0.04907 0.00141 ( 1)  0.044
 375 D   0.28830 0.28305 0.24725 0.15037 0.03067 0.00036 ( 1)  0.035
 376 P   0.00000 0.00019 0.01177 0.15233 0.63561 0.20010 ( 5)  0.449
 377 T   0.00000 0.00000 0.00003 0.00774 0.34824 0.64399 ( 6)  0.772
 378 I   0.00025 0.02256 0.16513 0.44254 0.35384 0.01567 ( 4)  0.196
 379 D   0.28918 0.28384 0.24744 0.14939 0.02981 0.00034 ( 1)  0.034
 380 E   0.28267 0.27798 0.24575 0.15622 0.03676 0.00062 ( 1)  0.038
 381 K   0.28073 0.27623 0.24518 0.15816 0.03898 0.00073 ( 1)  0.039
 382 K   0.29082 0.28530 0.24775 0.14753 0.02830 0.00030 ( 1)  0.033
 383 R   0.25345 0.25098 0.23356 0.17930 0.07717 0.00554 ( 1)  0.059
 384 K   0.00000 0.00029 0.01767 0.20970 0.66408 0.10826 ( 5)  0.374
 385 L   0.25151 0.24917 0.23257 0.18048 0.08018 0.00609 ( 1)  0.061
 386 M   0.30302 0.29608 0.24962 0.13326 0.01793 0.00008 ( 1)  0.028
 387 G   0.27620 0.27210 0.24370 0.16248 0.04445 0.00106 ( 1)  0.041
 388 L   0.24685 0.24477 0.22997 0.18281 0.08764 0.00795 ( 1)  0.066
 389 S   0.00000 0.00000 0.00022 0.01586 0.38554 0.59838 ( 6)  0.741
 390 D   0.00000 0.00000 0.00139 0.06798 0.68304 0.24759 ( 5)  0.505
 391 F   0.28116 0.27662 0.24532 0.15775 0.03845 0.00070 ( 1)  0.038
 392 L   0.27478 0.27080 0.24320 0.16378 0.04625 0.00119 ( 1)  0.042
 393 T   0.28375 0.27896 0.24605 0.15512 0.03555 0.00056 ( 1)  0.037
 394 E   0.28852 0.28325 0.24728 0.15010 0.03050 0.00036 ( 1)  0.034
 395 V   0.26935 0.26581 0.24112 0.16845 0.05346 0.00181 ( 1)  0.046
 396 A   0.27756 0.27334 0.24418 0.16124 0.04273 0.00094 ( 1)  0.041
 397 R   0.00000 0.00000 0.00001 0.00352 0.21158 0.78489 ( 6)  0.863
 398 K   0.29225 0.28658 0.24805 0.14595 0.02692 0.00026 ( 1)  0.033
 399 E   0.28866 0.28338 0.24731 0.14995 0.03034 0.00036 ( 1)  0.034
 400 L   0.24589 0.24386 0.22940 0.18320 0.08922 0.00844 ( 1)  0.067
 401 E   0.27966 0.27525 0.24483 0.15920 0.04026 0.00081 ( 1)  0.039
 402 T   0.00000 0.00000 0.00000 0.00014 0.07257 0.92729 ( 6)  0.954
 403 L   0.25708 0.25440 0.23551 0.17729 0.07144 0.00428 ( 1)  0.056
 404 D   0.00025 0.02204 0.16175 0.43809 0.36106 0.01681 ( 4)  0.199
 405 N   0.00000 0.00000 0.00000 0.00053 0.17753 0.82195 ( 6)  0.887
 406 H   0.00000 0.00000 0.00005 0.01158 0.45491 0.53346 ( 6)  0.701
 407 I   0.28403 0.27921 0.24613 0.15484 0.03524 0.00055 ( 1)  0.037
 408 P   0.00019 0.01720 0.12953 0.38507 0.42747 0.04053 ( 5)  0.241
 409 S   0.00000 0.00020 0.01255 0.16036 0.64263 0.18425 ( 5)  0.437
 410 C   0.28086 0.27634 0.24523 0.15806 0.03880 0.00072 ( 1)  0.039
 411 C   0.00000 0.00000 0.00121 0.06076 0.65443 0.28359 ( 5)  0.530
 412 V   0.26975 0.26618 0.24128 0.16813 0.05292 0.00176 ( 1)  0.046
 413 I   0.27605 0.27196 0.24364 0.16262 0.04465 0.00108 ( 1)  0.042
 414 Y   0.27035 0.26673 0.24150 0.16759 0.05213 0.00170 ( 1)  0.045
 415 I   0.28376 0.27896 0.24606 0.15511 0.03555 0.00056 ( 1)  0.037
 416 P   0.27306 0.26922 0.24258 0.16533 0.04846 0.00135 ( 1)  0.043
 417 L   0.25624 0.25361 0.23506 0.17778 0.07276 0.00456 ( 1)  0.057
 418 I   0.28384 0.27904 0.24608 0.15503 0.03546 0.00056 ( 1)  0.037
 419 G   0.26874 0.26525 0.24088 0.16897 0.05428 0.00188 ( 1)  0.046
 420 F   0.28107 0.27653 0.24529 0.15783 0.03856 0.00071 ( 1)  0.038
 421 L   0.27488 0.27089 0.24323 0.16369 0.04613 0.00118 ( 1)  0.042
 422 L   0.26627 0.26296 0.23982 0.17090 0.05778 0.00228 ( 1)  0.048
 423 S   0.26666 0.26333 0.23999 0.17060 0.05721 0.00221 ( 1)  0.048
 424 I   0.28403 0.27921 0.24613 0.15484 0.03524 0.00055 ( 1)  0.037
 425 P   0.27872 0.27440 0.24456 0.16014 0.04132 0.00086 ( 1)  0.040
 426 R   0.26277 0.25971 0.23826 0.17350 0.06285 0.00292 ( 1)  0.051
 427 L   0.25649 0.25385 0.23520 0.17765 0.07236 0.00446 ( 1)  0.056
 428 P   0.27866 0.27435 0.24454 0.16020 0.04140 0.00086 ( 1)  0.040
 429 T   0.00000 0.00000 0.00000 0.00026 0.11249 0.88724 ( 6)  0.928
 430 M   0.30302 0.29608 0.24962 0.13326 0.01793 0.00008 ( 1)  0.028
 431 V   0.26921 0.26568 0.24106 0.16857 0.05366 0.00183 ( 1)  0.046
 432 D   0.00000 0.00000 0.00010 0.02047 0.59286 0.38657 ( 5)  0.606
 433 K   0.28228 0.27763 0.24563 0.15660 0.03721 0.00065 ( 1)  0.038
 434 S   0.00000 0.00000 0.00155 0.07454 0.70308 0.22082 ( 5)  0.486
 435 D   0.28222 0.27758 0.24565 0.15672 0.03720 0.00063 ( 1)  0.038
 436 F   0.28654 0.28147 0.24681 0.15223 0.03251 0.00043 ( 1)  0.035
 437 E   0.28866 0.28338 0.24731 0.14995 0.03034 0.00036 ( 1)  0.034
 438 I   0.00025 0.02235 0.16374 0.44060 0.35681 0.01626 ( 4)  0.198
 439 E   0.00000 0.00041 0.02461 0.26825 0.64962 0.05711 ( 5)  0.324
 440 G   0.26806 0.26462 0.24060 0.16951 0.05522 0.00198 ( 1)  0.047
 441 L   0.25676 0.25410 0.23534 0.17749 0.07194 0.00438 ( 1)  0.056
 442 D   0.28223 0.27759 0.24565 0.15671 0.03719 0.00063 ( 1)  0.038
 443 F   0.27956 0.27516 0.24484 0.15935 0.04030 0.00079 ( 1)  0.039
 444 M   0.30302 0.29608 0.24962 0.13326 0.01793 0.00008 ( 1)  0.028
 445 F   0.28012 0.27567 0.24499 0.15876 0.03969 0.00077 ( 1)  0.039
 446 L   0.00016 0.01408 0.10782 0.34155 0.46462 0.07178 ( 5)  0.281
 447 S   0.26778 0.26436 0.24043 0.16964 0.05570 0.00208 ( 1)  0.047
 448 E   0.00000 0.00000 0.00000 0.00169 0.22426 0.77406 ( 6)  0.856
 449 D   0.00028 0.02517 0.18180 0.46452 0.31853 0.00971 ( 4)  0.180
 450 K   0.29119 0.28564 0.24783 0.14711 0.02794 0.00029 ( 1)  0.033
 451 L   0.24559 0.24358 0.22924 0.18339 0.08969 0.00852 ( 1)  0.067
 452 H   0.00024 0.02168 0.15939 0.43443 0.36606 0.01820 ( 4)  0.202
 453 Y   0.27017 0.26657 0.24143 0.16774 0.05237 0.00172 ( 1)  0.045
 454 R   0.28578 0.28078 0.24660 0.15302 0.03335 0.00047 ( 1)  0.036
 455 S   0.28933 0.28398 0.24748 0.14923 0.02965 0.00033 ( 1)  0.034
 456 A   0.27222 0.26845 0.24226 0.16605 0.04957 0.00145 ( 1)  0.044
 457 R   0.27404 0.27010 0.24280 0.16421 0.04747 0.00138 ( 1)  0.043
 458 T   0.27683 0.27267 0.24390 0.16188 0.04369 0.00102 ( 1)  0.041
 459 K   0.28073 0.27623 0.24518 0.15816 0.03898 0.00073 ( 1)  0.039
 460 E   0.27712 0.27294 0.24402 0.16164 0.04330 0.00098 ( 1)  0.041
 461 L   0.25675 0.25409 0.23531 0.17743 0.07198 0.00444 ( 1)  0.056
 462 D   0.28211 0.27748 0.24562 0.15684 0.03731 0.00063 ( 1)  0.038
 463 S   0.28215 0.27752 0.24563 0.15680 0.03727 0.00063 ( 1)  0.038
 464 L   0.00000 0.00016 0.01010 0.13432 0.61268 0.24274 ( 5)  0.481
 465 L   0.24565 0.24364 0.22928 0.18336 0.08959 0.00849 ( 1)  0.067
 466 G   0.27630 0.27219 0.24375 0.16242 0.04431 0.00105 ( 1)  0.041
 467 D   0.28211 0.27748 0.24562 0.15684 0.03731 0.00063 ( 1)  0.038
 468 L   0.25554 0.25296 0.23470 0.17819 0.07384 0.00477 ( 1)  0.057
 469 H   0.28038 0.27591 0.24510 0.15855 0.03932 0.00074 ( 1)  0.039
 470 C   0.00000 0.00000 0.00006 0.01224 0.45477 0.53293 ( 6)  0.701
 471 E   0.00022 0.02010 0.14897 0.41852 0.38810 0.02409 ( 4)  0.214
 472 I   0.00027 0.02455 0.17783 0.45912 0.32697 0.01127 ( 4)  0.184
 473 R   0.28393 0.27912 0.24608 0.15489 0.03541 0.00057 ( 1)  0.037
 474 D   0.28211 0.27748 0.24562 0.15684 0.03731 0.00063 ( 1)  0.038
 475 Q   0.26012 0.25724 0.23702 0.17536 0.06678 0.00347 ( 1)  0.053
 476 E   0.28855 0.28327 0.24728 0.15007 0.03046 0.00036 ( 1)  0.034
 477 T   0.00000 0.00034 0.02048 0.23429 0.66130 0.08359 ( 5)  0.351
 478 L   0.27185 0.26811 0.24210 0.16634 0.05009 0.00151 ( 1)  0.044
 479 I   0.28006 0.27561 0.24496 0.15880 0.03979 0.00078 ( 1)  0.039
 480 M   0.30302 0.29608 0.24962 0.13326 0.01793 0.00008 ( 1)  0.028
 481 H   0.28050 0.27602 0.24513 0.15843 0.03919 0.00073 ( 1)  0.039
 482 Q   0.25976 0.25691 0.23685 0.17561 0.06731 0.00355 ( 1)  0.053
 483 L   0.24727 0.24516 0.23021 0.18262 0.08698 0.00777 ( 1)  0.065
 484 Q   0.26015 0.25727 0.23703 0.17533 0.06674 0.00347 ( 1)  0.053
 485 T   0.00025 0.02249 0.16465 0.44187 0.35488 0.01586 ( 4)  0.197
 486 K   0.00000 0.00000 0.00006 0.01233 0.45509 0.53252 ( 6)  0.700
 487 I   0.27593 0.27186 0.24361 0.16273 0.04479 0.00109 ( 1)  0.042
 488 L   0.25499 0.25244 0.23440 0.17849 0.07471 0.00496 ( 1)  0.058
 489 E   0.27692 0.27276 0.24396 0.16184 0.04353 0.00100 ( 1)  0.041
 490 K   0.00023 0.02091 0.15436 0.42680 0.37670 0.02099 ( 4)  0.208
 491 S   0.27510 0.27109 0.24331 0.16349 0.04584 0.00116 ( 1)  0.042
 492 E   0.00028 0.02471 0.17893 0.46089 0.32460 0.01060 ( 4)  0.183
 493 V   0.27291 0.26909 0.24252 0.16545 0.04866 0.00137 ( 1)  0.044
 494 L   0.27387 0.26997 0.24287 0.16459 0.04742 0.00128 ( 1)  0.043
 495 I   0.00000 0.00000 0.00000 0.00034 0.13324 0.86642 ( 6)  0.915
 496 S   0.00000 0.00039 0.02335 0.25812 0.65394 0.06420 ( 5)  0.331
 497 V   0.26946 0.26591 0.24116 0.16836 0.05332 0.00180 ( 1)  0.046
 498 I   0.28304 0.27831 0.24584 0.15583 0.03637 0.00061 ( 1)  0.037
 499 E   0.27727 0.27308 0.24407 0.16149 0.04312 0.00097 ( 1)  0.041
 500 Y   0.27490 0.27091 0.24322 0.16364 0.04613 0.00119 ( 1)  0.042
 501 T   0.00000 0.00029 0.01783 0.21093 0.66297 0.10798 ( 5)  0.373
 502 A   0.27965 0.27524 0.24486 0.15924 0.04021 0.00079 ( 1)  0.039
 503 H   0.28048 0.27600 0.24513 0.15845 0.03921 0.00073 ( 1)  0.039
 504 L   0.25505 0.25250 0.23445 0.17848 0.07460 0.00491 ( 1)  0.058
 505 D   0.28935 0.28400 0.24748 0.14921 0.02963 0.00033 ( 1)  0.034
 506 V   0.26959 0.26603 0.24122 0.16826 0.05313 0.00178 ( 1)  0.046
 507 L   0.24885 0.24666 0.23111 0.18187 0.08442 0.00708 ( 1)  0.064
 508 L   0.25323 0.25079 0.23350 0.17955 0.07745 0.00547 ( 1)  0.059
 509 A   0.27272 0.26891 0.24245 0.16562 0.04891 0.00139 ( 1)  0.044
 510 L   0.25699 0.25432 0.23546 0.17736 0.07157 0.00430 ( 1)  0.056
 511 A   0.27967 0.27526 0.24486 0.15923 0.04019 0.00079 ( 1)  0.039
 512 V   0.00000 0.00000 0.00000 0.00011 0.06081 0.93908 ( 6)  0.961
 513 M   0.00000 0.00000 0.00218 0.10012 0.77239 0.12529 ( 5)  0.419
 514 A   0.26654 0.26321 0.23995 0.17071 0.05737 0.00222 ( 1)  0.048
 515 R   0.26151 0.25854 0.23767 0.17438 0.06471 0.00318 ( 1)  0.052
 516 E   0.27698 0.27281 0.24398 0.16178 0.04346 0.00099 ( 1)  0.041
 517 N   0.28964 0.28425 0.24750 0.14883 0.02944 0.00034 ( 1)  0.034
 518 A   0.00000 0.00000 0.00000 0.00066 0.12016 0.87918 ( 6)  0.923
 519 Y   0.27233 0.26855 0.24228 0.16591 0.04947 0.00146 ( 1)  0.044
 520 C   0.27331 0.26945 0.24267 0.16512 0.04813 0.00133 ( 1)  0.043
 521 R   0.25891 0.25611 0.23639 0.17607 0.06868 0.00385 ( 1)  0.054
 522 P   0.27603 0.27194 0.24365 0.16266 0.04464 0.00107 ( 1)  0.042
 523 R   0.00000 0.00000 0.00000 0.00000 0.00046 0.99954 ( 6)  1.000
 524 F   0.28640 0.28135 0.24678 0.15239 0.03265 0.00044 ( 1)  0.036
 525 T   0.00023 0.02047 0.15141 0.42227 0.38293 0.02269 ( 4)  0.211
 526 H   0.00000 0.00000 0.00118 0.05924 0.64940 0.29018 ( 5)  0.534
 527 R   0.00000 0.00020 0.01248 0.15969 0.64253 0.18509 ( 5)  0.437
 528 H   0.00025 0.02277 0.16648 0.44433 0.35096 0.01520 ( 4)  0.195
 529 G   0.26800 0.26457 0.24057 0.16956 0.05531 0.00199 ( 1)  0.047
 530 F   0.27952 0.27513 0.24483 0.15939 0.04034 0.00079 ( 1)  0.039
 531 H   0.00024 0.02128 0.15682 0.43086 0.37157 0.01924 ( 4)  0.205
 532 I   0.27593 0.27186 0.24361 0.16273 0.04479 0.00109 ( 1)  0.042
 533 K   0.28073 0.27623 0.24518 0.15816 0.03898 0.00073 ( 1)  0.039
 534 D   0.00027 0.02414 0.17528 0.45622 0.33230 0.01178 ( 4)  0.186
 535 G   0.27625 0.27215 0.24372 0.16243 0.04439 0.00106 ( 1)  0.041
 536 R   0.28430 0.27945 0.24618 0.15452 0.03500 0.00055 ( 1)  0.037
 537 H   0.28753 0.28237 0.24706 0.15118 0.03147 0.00039 ( 1)  0.035
 538 P   0.27687 0.27272 0.24395 0.16189 0.04358 0.00100 ( 1)  0.041
 539 L   0.26636 0.26305 0.23985 0.17081 0.05766 0.00227 ( 1)  0.048
 540 M   0.00036 0.03178 0.22234 0.50497 0.23760 0.00295 ( 4)  0.149
 541 E   0.28866 0.28338 0.24731 0.14995 0.03034 0.00036 ( 1)  0.034
 542 L   0.25577 0.25318 0.23484 0.17809 0.07346 0.00466 ( 1)  0.057
 543 C   0.28059 0.27610 0.24515 0.15832 0.03911 0.00073 ( 1)  0.039
 544 A   0.28046 0.27598 0.24511 0.15845 0.03925 0.00074 ( 1)  0.039
 545 K   0.28085 0.27634 0.24521 0.15803 0.03884 0.00073 ( 1)  0.039
 546 T   0.27864 0.27432 0.24451 0.16019 0.04147 0.00087 ( 1)  0.040
 547 F   0.28595 0.28094 0.24665 0.15285 0.03314 0.00046 ( 1)  0.036
 548 V   0.26921 0.26568 0.24106 0.16857 0.05366 0.00183 ( 1)  0.046
 549 A   0.00000 0.00019 0.01220 0.15679 0.63996 0.19085 ( 5)  0.442
 550 N   0.29307 0.28731 0.24823 0.14504 0.02611 0.00024 ( 1)  0.032
 551 P   0.00021 0.01867 0.13944 0.40283 0.40789 0.03096 ( 5)  0.226
 552 V   0.00000 0.00021 0.01315 0.16647 0.64749 0.17267 ( 5)  0.428
 553 N   0.00000 0.00035 0.02125 0.24095 0.66031 0.07713 ( 5)  0.345
 554 S   0.28866 0.28337 0.24731 0.14995 0.03035 0.00036 ( 1)  0.034
 555 G   0.27307 0.26924 0.24258 0.16531 0.04845 0.00136 ( 1)  0.043
 556 E   0.27712 0.27294 0.24402 0.16164 0.04329 0.00098 ( 1)  0.041
 557 A   0.27430 0.27037 0.24304 0.16423 0.04684 0.00123 ( 1)  0.043
 558 T   0.00000 0.00000 0.00085 0.04506 0.57756 0.37653 ( 5)  0.593
 559 R   0.00000 0.00000 0.00000 0.00254 0.29025 0.70721 ( 6)  0.814
 560 R   0.25291 0.25049 0.23333 0.17973 0.07796 0.00559 ( 1)  0.060
 561 I   0.30068 0.29403 0.24934 0.13608 0.01975 0.00011 ( 1)  0.029
 562 K   0.28084 0.27632 0.24520 0.15805 0.03886 0.00073 ( 1)  0.039
 563 I   0.27916 0.27479 0.24465 0.15964 0.04090 0.00085 ( 1)  0.040
 564 I   0.27593 0.27186 0.24361 0.16273 0.04479 0.00109 ( 1)  0.042
 565 T   0.28341 0.27865 0.24596 0.15546 0.03593 0.00058 ( 1)  0.037
 566 G   0.26367 0.26056 0.23869 0.17288 0.06148 0.00271 ( 1)  0.050
 567 P   0.26015 0.25727 0.23704 0.17536 0.06672 0.00345 ( 1)  0.053
 568 N   0.28145 0.27688 0.24540 0.15746 0.03813 0.00068 ( 1)  0.038
 569 S   0.26451 0.26133 0.23904 0.17220 0.06031 0.00260 ( 1)  0.050
 570 S   0.00021 0.01864 0.13929 0.40253 0.40816 0.03116 ( 5)  0.227
 571 K   0.00023 0.02087 0.15407 0.42649 0.37737 0.02097 ( 4)  0.208
 572 S   0.28733 0.28218 0.24700 0.15139 0.03171 0.00041 ( 1)  0.035
 573 I   0.00000 0.00000 0.00087 0.04578 0.58220 0.37115 ( 5)  0.589
 574 Y   0.27017 0.26657 0.24143 0.16774 0.05237 0.00172 ( 1)  0.045
 575 L   0.25968 0.25683 0.23676 0.17554 0.06752 0.00367 ( 1)  0.054
 576 K   0.28073 0.27623 0.24518 0.15816 0.03898 0.00073 ( 1)  0.039
 577 Q   0.26944 0.26590 0.24116 0.16838 0.05333 0.00180 ( 1)  0.046
 578 V   0.00000 0.00034 0.02040 0.23369 0.66176 0.08381 ( 5)  0.351
 579 G   0.27604 0.27196 0.24366 0.16265 0.04463 0.00107 ( 1)  0.041
 580 L   0.27486 0.27087 0.24323 0.16371 0.04615 0.00118 ( 1)  0.042
 581 I   0.30038 0.29376 0.24929 0.13642 0.02003 0.00011 ( 1)  0.029
 582 V   0.00000 0.00038 0.02298 0.25496 0.65449 0.06719 ( 5)  0.334
 583 F   0.00024 0.02139 0.15752 0.43162 0.37001 0.01922 ( 4)  0.204
 584 M   0.30302 0.29608 0.24962 0.13326 0.01793 0.00008 ( 1)  0.028
 585 A   0.00021 0.01918 0.14286 0.40858 0.40086 0.02831 ( 4)  0.222
 586 L   0.25625 0.25362 0.23508 0.17780 0.07273 0.00452 ( 1)  0.057
 587 I   0.28263 0.27794 0.24571 0.15622 0.03687 0.00064 ( 1)  0.038
 588 G   0.26792 0.26449 0.24054 0.16963 0.05542 0.00200 ( 1)  0.047
 589 S   0.28982 0.28441 0.24760 0.14872 0.02914 0.00031 ( 1)  0.034
 590 Y   0.27609 0.27199 0.24364 0.16255 0.04464 0.00109 ( 1)  0.042
 591 V   0.26848 0.26501 0.24076 0.16916 0.05465 0.00193 ( 1)  0.047
 592 P   0.27285 0.26903 0.24250 0.16551 0.04873 0.00138 ( 1)  0.044
 593 A   0.27992 0.27549 0.24494 0.15898 0.03989 0.00077 ( 1)  0.039
 594 A   0.00000 0.00027 0.01666 0.20069 0.66423 0.11816 ( 5)  0.383
 595 E   0.27704 0.27287 0.24400 0.16172 0.04339 0.00099 ( 1)  0.041
 596 A   0.27902 0.27467 0.24466 0.15985 0.04096 0.00083 ( 1)  0.040
 597 E   0.00022 0.01994 0.14797 0.41691 0.39020 0.02476 ( 4)  0.215
 598 I   0.28456 0.27969 0.24626 0.15426 0.03470 0.00053 ( 1)  0.037
 599 G   0.27672 0.27258 0.24388 0.16200 0.04381 0.00102 ( 1)  0.041
 600 V   0.00000 0.00000 0.00006 0.01282 0.46619 0.52093 ( 6)  0.693
 601 I   0.28235 0.27769 0.24565 0.15653 0.03714 0.00064 ( 1)  0.038
 602 D   0.28896 0.28364 0.24738 0.14962 0.03005 0.00035 ( 1)  0.034
 603 G   0.00000 0.00021 0.01308 0.16565 0.64638 0.17468 ( 5)  0.429
 604 I   0.28403 0.27921 0.24613 0.15484 0.03524 0.00055 ( 1)  0.037
 605 Y   0.27017 0.26657 0.24143 0.16774 0.05237 0.00172 ( 1)  0.045
 606 T   0.28104 0.27651 0.24527 0.15786 0.03861 0.00071 ( 1)  0.038
 607 R   0.28578 0.28078 0.24660 0.15302 0.03335 0.00047 ( 1)  0.036
 608 I   0.27606 0.27197 0.24365 0.16260 0.04463 0.00108 ( 1)  0.042
 609 H   0.28038 0.27591 0.24510 0.15855 0.03932 0.00074 ( 1)  0.039
 610 S   0.00026 0.02373 0.17266 0.45268 0.33786 0.01280 ( 4)  0.189
 611 R   0.27900 0.27465 0.24465 0.15987 0.04099 0.00084 ( 1)  0.040
 612 E   0.28817 0.28294 0.24720 0.15048 0.03084 0.00038 ( 1)  0.035
 613 S   0.26794 0.26450 0.24051 0.16953 0.05546 0.00205 ( 1)  0.047
 614 V   0.27691 0.27275 0.24395 0.16183 0.04357 0.00100 ( 1)  0.041
 615 S   0.27443 0.27048 0.24307 0.16409 0.04670 0.00123 ( 1)  0.043
 616 V   0.28269 0.27800 0.24576 0.15621 0.03672 0.00061 ( 1)  0.038
 617 G   0.27112 0.26744 0.24182 0.16698 0.05105 0.00159 ( 1)  0.045
 618 L   0.26640 0.26308 0.23988 0.17080 0.05758 0.00225 ( 1)  0.048
 619 S   0.26681 0.26347 0.24006 0.17048 0.05700 0.00218 ( 1)  0.048
 620 T   0.27709 0.27291 0.24400 0.16165 0.04336 0.00099 ( 1)  0.041
 621 F   0.27960 0.27520 0.24485 0.15930 0.04025 0.00079 ( 1)  0.039
 622 M   0.30302 0.29608 0.24962 0.13326 0.01793 0.00008 ( 1)  0.028
 623 I   0.28394 0.27913 0.24611 0.15492 0.03534 0.00055 ( 1)  0.037
 624 D   0.28949 0.28412 0.24752 0.14906 0.02948 0.00033 ( 1)  0.034
 625 L   0.27222 0.26845 0.24225 0.16605 0.04958 0.00145 ( 1)  0.044
 626 N   0.28597 0.28096 0.24666 0.15284 0.03311 0.00046 ( 1)  0.036
 627 Q   0.25976 0.25691 0.23685 0.17561 0.06731 0.00355 ( 1)  0.053
 628 V   0.27691 0.27275 0.24395 0.16183 0.04357 0.00100 ( 1)  0.041
 629 A   0.26661 0.26328 0.23998 0.17066 0.05727 0.00220 ( 1)  0.048
 630 K   0.28085 0.27633 0.24521 0.15803 0.03885 0.00073 ( 1)  0.039
 631 A   0.27796 0.27371 0.24431 0.16086 0.04225 0.00091 ( 1)  0.040
 632 V   0.00025 0.02223 0.16298 0.43962 0.35843 0.01649 ( 4)  0.198
 633 N   0.28594 0.28093 0.24666 0.15287 0.03314 0.00046 ( 1)  0.036
 634 N   0.29293 0.28718 0.24820 0.14519 0.02626 0.00024 ( 1)  0.032
 635 A   0.00020 0.01760 0.13220 0.38997 0.42230 0.03775 ( 5)  0.237
 636 T   0.28376 0.27897 0.24606 0.15511 0.03554 0.00056 ( 1)  0.037
 637 E   0.27712 0.27294 0.24402 0.16164 0.04330 0.00098 ( 1)  0.041
 638 R   0.27868 0.27436 0.24455 0.16018 0.04138 0.00086 ( 1)  0.040
 639 S   0.26638 0.26306 0.23987 0.17082 0.05762 0.00226 ( 1)  0.048
 640 L   0.25408 0.25159 0.23396 0.17908 0.07610 0.00518 ( 1)  0.059
 641 V   0.28183 0.27722 0.24552 0.15708 0.03769 0.00066 ( 1)  0.038
 642 L   0.27510 0.27109 0.24331 0.16349 0.04584 0.00116 ( 1)  0.042
 643 I   0.28403 0.27921 0.24613 0.15484 0.03524 0.00055 ( 1)  0.037
 644 D   0.28982 0.28441 0.24760 0.14872 0.02914 0.00031 ( 1)  0.034
 645 E   0.27692 0.27276 0.24396 0.16184 0.04353 0.00100 ( 1)  0.041
 646 F   0.28698 0.28187 0.24693 0.15178 0.03202 0.00041 ( 1)  0.035
 647 G   0.27387 0.26997 0.24288 0.16461 0.04740 0.00127 ( 1)  0.043
 648 K   0.29177 0.28615 0.24795 0.14647 0.02738 0.00027 ( 1)  0.033
 649 G   0.26893 0.26542 0.24095 0.16882 0.05403 0.00186 ( 1)  0.046
 650 T   0.26965 0.26609 0.24123 0.16819 0.05305 0.00178 ( 1)  0.046
 651 N   0.28585 0.28085 0.24664 0.15297 0.03323 0.00046 ( 1)  0.036
 652 T   0.28309 0.27836 0.24587 0.15580 0.03629 0.00060 ( 1)  0.037
 653 L   0.00000 0.00000 0.00002 0.00534 0.27614 0.71850 ( 6)  0.820
 654 D   0.00028 0.02523 0.18224 0.46510 0.31759 0.00955 ( 4)  0.180
 655 G   0.26812 0.26468 0.24062 0.16947 0.05513 0.00198 ( 1)  0.047
 656 L   0.25091 0.24860 0.23224 0.18080 0.08114 0.00632 ( 1)  0.062
 657 S   0.00000 0.00000 0.00065 0.03549 0.51473 0.44913 ( 5)  0.641
 658 L   0.27483 0.27084 0.24322 0.16374 0.04619 0.00119 ( 1)  0.042
 659 L   0.24783 0.24570 0.23053 0.18235 0.08607 0.00753 ( 1)  0.065
 660 A   0.27475 0.27077 0.24320 0.16383 0.04627 0.00118 ( 1)  0.042
 661 A   0.27455 0.27059 0.24313 0.16401 0.04652 0.00120 ( 1)  0.042
 662 V   0.00000 0.00025 0.01533 0.18772 0.65829 0.13841 ( 5)  0.400
 663 L   0.24558 0.24356 0.22923 0.18337 0.08971 0.00855 ( 1)  0.067
 664 R   0.00000 0.00029 0.01793 0.21196 0.66361 0.10621 ( 5)  0.372
 665 Y   0.00019 0.01753 0.13175 0.38896 0.42296 0.03860 ( 5)  0.238
 666 W   0.25755 0.25484 0.23577 0.17706 0.07068 0.00410 ( 1)  0.055
 667 I   0.27659 0.27245 0.24380 0.16206 0.04404 0.00106 ( 1)  0.041
 668 G   0.00000 0.00000 0.00000 0.00038 0.14510 0.85451 ( 6)  0.908
 669 Q   0.00019 0.01746 0.13129 0.38831 0.42406 0.03868 ( 5)  0.238
 670 G   0.27661 0.27248 0.24384 0.16210 0.04394 0.00103 ( 1)  0.041
 671 T   0.00000 0.00026 0.01616 0.19570 0.66121 0.12666 ( 5)  0.390
 672 Q   0.00000 0.00000 0.00016 0.01074 0.28291 0.70619 ( 6)  0.811
 673 C   0.28091 0.27639 0.24525 0.15801 0.03873 0.00071 ( 1)  0.039
 674 P   0.27549 0.27145 0.24346 0.16316 0.04532 0.00112 ( 1)  0.042
 675 Q   0.25976 0.25691 0.23685 0.17561 0.06731 0.00355 ( 1)  0.053
 676 V   0.26838 0.26491 0.24072 0.16924 0.05480 0.00195 ( 1)  0.047
 677 F   0.28698 0.28187 0.24693 0.15178 0.03202 0.00041 ( 1)  0.035
 678 V   0.26841 0.26494 0.24073 0.16922 0.05476 0.00194 ( 1)  0.047
 679 S   0.26830 0.26484 0.24068 0.16930 0.05492 0.00196 ( 1)  0.047
 680 T   0.27725 0.27306 0.24406 0.16151 0.04314 0.00098 ( 1)  0.041
 681 N   0.29332 0.28753 0.24828 0.14476 0.02588 0.00023 ( 1)  0.032
 682 F   0.28649 0.28143 0.24680 0.15228 0.03256 0.00044 ( 1)  0.035
 683 H   0.28038 0.27591 0.24510 0.15855 0.03932 0.00074 ( 1)  0.039
 684 S   0.28815 0.28292 0.24721 0.15051 0.03083 0.00037 ( 1)  0.035
 685 L   0.25961 0.25676 0.23672 0.17558 0.06763 0.00370 ( 1)  0.054
 686 M   0.30302 0.29608 0.24962 0.13326 0.01793 0.00008 ( 1)  0.028
 687 Q   0.26019 0.25731 0.23705 0.17530 0.06668 0.00347 ( 1)  0.053
 688 L   0.25584 0.25323 0.23484 0.17799 0.07340 0.00470 ( 1)  0.057
 689 G   0.00000 0.00041 0.02443 0.26688 0.65037 0.05792 ( 5)  0.325
 690 L   0.26701 0.26365 0.24014 0.17033 0.05671 0.00215 ( 1)  0.048
 691 L   0.24741 0.24530 0.23028 0.18255 0.08675 0.00772 ( 1)  0.065
 692 P   0.27256 0.26877 0.24239 0.16576 0.04911 0.00141 ( 1)  0.044
 693 D   0.00000 0.00000 0.00003 0.00714 0.35611 0.63672 ( 6)  0.768
 694 T   0.00025 0.02220 0.16278 0.43921 0.35886 0.01671 ( 4)  0.199
 695 P   0.27285 0.26904 0.24250 0.16551 0.04872 0.00138 ( 1)  0.044
 696 L   0.27382 0.26992 0.24285 0.16463 0.04750 0.00129 ( 1)  0.043
 697 L   0.00012 0.01085 0.08472 0.28772 0.48869 0.12790 ( 5)  0.339
 698 E   0.00000 0.00000 0.00098 0.05064 0.60834 0.34004 ( 5)  0.568
 699 Y   0.27042 0.26679 0.24153 0.16754 0.05204 0.00169 ( 1)  0.045
 700 L   0.24794 0.24579 0.23057 0.18224 0.08591 0.00755 ( 1)  0.065
 701 T   0.00000 0.00022 0.01354 0.17032 0.64956 0.16636 ( 5)  0.422
 702 M   0.30302 0.29608 0.24962 0.13326 0.01793 0.00008 ( 1)  0.028
 703 E   0.27692 0.27276 0.24396 0.16184 0.04353 0.00100 ( 1)  0.041
 704 T   0.00019 0.01739 0.13080 0.38733 0.42493 0.03935 ( 5)  0.239
 705 H   0.00000 0.00033 0.02005 0.23078 0.66310 0.08574 ( 5)  0.353
 706 Q   0.26623 0.26293 0.23980 0.17092 0.05783 0.00229 ( 1)  0.048
 707 D   0.28982 0.28441 0.24760 0.14872 0.02914 0.00031 ( 1)  0.034
 708 G   0.27687 0.27271 0.24392 0.16186 0.04363 0.00101 ( 1)  0.041
 709 D   0.00000 0.00000 0.00144 0.07016 0.68927 0.23913 ( 5)  0.499
 710 E   0.27731 0.27311 0.24409 0.16147 0.04306 0.00096 ( 1)  0.041
 711 L   0.25568 0.25309 0.23477 0.17810 0.07363 0.00473 ( 1)  0.057
 712 I   0.00000 0.00000 0.00194 0.08872 0.72826 0.18108 ( 5)  0.457
 713 F   0.28568 0.28070 0.24658 0.15314 0.03344 0.00047 ( 1)  0.036
 714 F   0.27952 0.27513 0.24483 0.15939 0.04034 0.00079 ( 1)  0.039
 715 Y   0.27837 0.27407 0.24441 0.16042 0.04183 0.00090 ( 1)  0.040
 716 Q   0.26008 0.25721 0.23700 0.17537 0.06684 0.00350 ( 1)  0.053
 717 I   0.00000 0.00000 0.00104 0.05319 0.61987 0.32590 ( 5)  0.558
 718 K   0.28770 0.28251 0.24706 0.15096 0.03138 0.00040 ( 1)  0.035
 719 Q   0.00000 0.00000 0.00000 0.00054 0.10511 0.89434 ( 6)  0.933
 720 G   0.26546 0.26221 0.23948 0.17155 0.05891 0.00240 ( 1)  0.049
 721 M   0.00000 0.00000 0.00000 0.00000 0.00387 0.99613 ( 6)  0.998
 722 S   0.26306 0.25999 0.23840 0.17330 0.06240 0.00285 ( 1)  0.051
 723 T   0.27243 0.26865 0.24232 0.16584 0.04932 0.00144 ( 1)  0.044
 724 V   0.00000 0.00024 0.01478 0.18252 0.65670 0.14576 ( 5)  0.406
 725 S   0.28552 0.28056 0.24657 0.15334 0.03356 0.00047 ( 1)  0.036
 726 H   0.28320 0.27846 0.24592 0.15571 0.03613 0.00059 ( 1)  0.037
 727 A   0.27079 0.26714 0.24171 0.16727 0.05147 0.00161 ( 1)  0.045
 728 A   0.26259 0.25955 0.23819 0.17366 0.06309 0.00293 ( 1)  0.051
 729 -   0.00000 0.00031 0.01914 0.22270 0.66333 0.09452 ( 5)  0.361
 730 -   0.27680 0.27264 0.24389 0.16190 0.04375 0.00103 ( 1)  0.041
 731 -   0.26858 0.26510 0.24081 0.16910 0.05451 0.00191 ( 1)  0.047
 732 -   0.27301 0.26918 0.24256 0.16536 0.04852 0.00136 ( 1)  0.043
 733 -   0.25395 0.25146 0.23386 0.17909 0.07635 0.00530 ( 1)  0.059
 734 -   0.27142 0.26772 0.24195 0.16674 0.05064 0.00154 ( 1)  0.045
 735 -   0.27054 0.26691 0.24159 0.16745 0.05185 0.00166 ( 1)  0.045
 736 -   0.29608 0.28999 0.24879 0.14161 0.02337 0.00017 ( 1)  0.031
 737 -   0.27198 0.26823 0.24216 0.16626 0.04989 0.00148 ( 1)  0.044
 738 -   0.00000 0.00016 0.01034 0.13705 0.61831 0.23414 ( 5)  0.475
 739 -   0.00026 0.02343 0.17072 0.45007 0.34198 0.01354 ( 4)  0.191
 740 I   0.27961 0.27520 0.24482 0.15925 0.04031 0.00081 ( 1)  0.039
 741 I   0.27961 0.27520 0.24482 0.15925 0.04031 0.00081 ( 1)  0.039
 742 E   0.00000 0.00035 0.02121 0.24051 0.66001 0.07791 ( 5)  0.345
 743 R   0.28050 0.27601 0.24505 0.15830 0.03936 0.00078 ( 1)  0.039
 744 G   0.27286 0.26903 0.24249 0.16548 0.04876 0.00139 ( 1)  0.044
 745 V   0.00000 0.00000 0.00068 0.03717 0.52721 0.43495 ( 5)  0.632
 746 E   0.28426 0.27942 0.24620 0.15460 0.03497 0.00054 ( 1)  0.037
 747 V   0.00000 0.00027 0.01636 0.19744 0.66095 0.12498 ( 5)  0.388
 748 S   0.26779 0.26436 0.24043 0.16964 0.05570 0.00208 ( 1)  0.047
 749 E   0.28866 0.28338 0.24731 0.14995 0.03034 0.00036 ( 1)  0.034
 750 L   0.00012 0.01102 0.08592 0.29065 0.48775 0.12453 ( 5)  0.336
 751 L   0.00025 0.02246 0.16447 0.44149 0.35524 0.01609 ( 4)  0.197
 752 R   0.26632 0.26301 0.23986 0.17088 0.05768 0.00225 ( 1)  0.048
 753 N   0.00000 0.00000 0.00012 0.02308 0.62615 0.35065 ( 5)  0.582
 754 G   0.27687 0.27271 0.24392 0.16186 0.04363 0.00101 ( 1)  0.041
 755 K   0.29175 0.28613 0.24794 0.14650 0.02740 0.00027 ( 1)  0.033
 756 A   0.00021 0.01888 0.14086 0.40519 0.40496 0.02991 ( 4)  0.224
 757 I   0.27629 0.27218 0.24372 0.16239 0.04436 0.00106 ( 1)  0.041
 758 K   0.00000 0.00045 0.02659 0.28360 0.64111 0.04825 ( 5)  0.313
 759 R   0.00000 0.00000 0.00000 0.00136 0.19508 0.80356 ( 6)  0.875
 760 I   0.00024 0.02123 0.15643 0.42982 0.37230 0.01999 ( 4)  0.206
 761 D   0.28931 0.28396 0.24747 0.14925 0.02967 0.00033 ( 1)  0.034
 762 H   0.00000 0.00039 0.02350 0.25950 0.65380 0.06280 ( 5)  0.330
 763 P   0.00021 0.01864 0.13924 0.40246 0.40830 0.03116 ( 5)  0.227
 764 S   0.00000 0.00000 0.00070 0.03795 0.53003 0.43132 ( 5)  0.629
 765 K   0.00029 0.02595 0.18670 0.46988 0.30845 0.00873 ( 4)  0.176
 766 G   0.00000 0.00026 0.01628 0.19679 0.66143 0.12524 ( 5)  0.388
 767 D   0.00027 0.02381 0.17320 0.45382 0.33666 0.01223 ( 4)  0.188
 768 R   0.00000 0.00000 0.00063 0.03490 0.50902 0.45544 ( 5)  0.645
 769 M   0.00035 0.03164 0.22151 0.50429 0.23918 0.00303 ( 4)  0.149
 770 E   0.00028 0.02483 0.17968 0.46181 0.32302 0.01038 ( 4)  0.182
 771 K   0.00000 0.00000 0.00208 0.09413 0.74590 0.15789 ( 5)  0.441
 772 S   0.00020 0.01840 0.13767 0.39975 0.41145 0.03252 ( 5)  0.229
 773 R   0.00024 0.02145 0.15786 0.43212 0.36931 0.01903 ( 4)  0.204
 774 S   0.00000 0.00000 0.00082 0.04359 0.56880 0.38678 ( 5)  0.600
 775 V   0.00000 0.00000 0.00000 0.00099 0.15766 0.84135 ( 6)  0.899
 776 V   0.26703 0.26367 0.24015 0.17032 0.05669 0.00215 ( 1)  0.048
 777 E   0.28426 0.27942 0.24620 0.15460 0.03497 0.00054 ( 1)  0.037
 778 K   0.00022 0.01993 0.14786 0.41662 0.39038 0.02499 ( 4)  0.216
 779 F   0.28274 0.27805 0.24580 0.15619 0.03661 0.00060 ( 1)  0.037
 780 L   0.00020 0.01780 0.13355 0.39237 0.41959 0.03649 ( 5)  0.235
 781 R   0.00000 0.00000 0.00000 0.00012 0.06414 0.93575 ( 6)  0.959
 782 L   0.00000 0.00017 0.01101 0.14442 0.62795 0.21644 ( 5)  0.462
 783 D   0.27808 0.27382 0.24436 0.16076 0.04208 0.00090 ( 1)  0.040
 784 L   0.27072 0.26707 0.24167 0.16732 0.05159 0.00163 ( 1)  0.045
 785 D   0.28426 0.27942 0.24622 0.15463 0.03493 0.00053 ( 1)  0.037
 786 D   0.00026 0.02342 0.17069 0.45049 0.34200 0.01313 ( 4)  0.190
 787 P   0.26171 0.25873 0.23778 0.17428 0.06439 0.00311 ( 1)  0.052
 788 H   0.00000 0.00000 0.00000 0.00001 0.02332 0.97666 ( 6)  0.985
 789 V   0.00000 0.00000 0.00058 0.03235 0.49162 0.47545 ( 5)  0.659
 790 D   0.00023 0.02059 0.15222 0.42370 0.38129 0.02197 ( 4)  0.210
 791 L   0.25535 0.25278 0.23459 0.17827 0.07416 0.00485 ( 1)  0.057
 792 E   0.28432 0.27948 0.24622 0.15454 0.03490 0.00053 ( 1)  0.037
 793 E   0.00021 0.01874 0.13995 0.40362 0.40680 0.03068 ( 5)  0.226
 794 F   0.27552 0.27148 0.24348 0.16314 0.04526 0.00111 ( 1)  0.042
 795 M   0.00000 0.00001 0.00251 0.10971 0.76867 0.11911 ( 5)  0.412
 796 R   0.00000 0.00000 0.00000 0.00014 0.07253 0.92733 ( 6)  0.954
 797 K   0.00027 0.02433 0.17644 0.45753 0.32989 0.01155 ( 4)  0.185
 798 E   0.27303 0.26919 0.24256 0.16535 0.04851 0.00136 ( 1)  0.043
 799 V   0.26539 0.26215 0.23944 0.17158 0.05903 0.00242 ( 1)  0.049
 800 L   0.24614 0.24410 0.22956 0.18313 0.08880 0.00827 ( 1)  0.067
 801 P   0.00019 0.01721 0.12956 0.38519 0.42746 0.04038 ( 5)  0.241
 802 L   0.00015 0.01367 0.10554 0.34210 0.47484 0.06370 ( 5)  0.276
 803 A   0.00019 0.01756 0.13195 0.38964 0.42289 0.03776 ( 5)  0.237
 804 A   0.00014 0.01299 0.10013 0.32470 0.47534 0.08670 ( 5)  0.297

Positively selected sites

	Prob(w>1)  mean w



lnL = -14422.448750

