

TREE # 1

  0  0.0000  15796.941822  x:  0.06898   0.05974   0.09578   0.08085   0.02256   0.06292   0.09890   0.08896   0.07151   0.08023   0.07021   0.02965   0.03334   0.09610   0.01998   0.05109   0.03160   0.07897   0.10282   0.09482   0.08840   0.05195   0.09028   0.10998   0.10322   0.01581   0.02888   0.05958   0.08510   0.09758   0.03825   0.02983   0.08042   0.07331   0.07914   0.02843   0.01351   0.08835   0.09592   0.03275   0.03225   0.07369   0.01325   0.02384   0.02574   0.03168   0.04170   0.01728   0.05650   0.03964   0.02186   0.07666   0.02401   0.09475   0.01184   2.00000   0.90000   0.80763   1.42148  
  1 99.0000  15008.941304  x:  0.03279   0.03938   0.08319   0.08265   0.00543   0.05654   0.08343   0.05393   0.16277   0.10348   0.06377   0.22870   0.02834   0.10809   0.13165   0.05520   0.14812   0.07417   0.08200   0.08718   0.05292   0.03466   0.06268   0.08172   0.07847   0.34497   0.15074   0.02818   0.13353   0.06258   0.01685   0.08921   0.09614   0.07253   0.08642   0.08168   0.20353   0.07735   0.09361   0.00000   0.01292   0.05373   0.10014   0.06743   0.00087   0.06130   0.01451   0.07047   0.06640   0.08316   0.03805   0.04905   0.03318   0.09177   0.17701   2.01054   0.93249   0.77749   1.43363  
  2 8548.8930  14942.060263  x:  0.01407   0.03297   0.07725   0.08265   0.00000   0.05243   0.07884   0.03580   0.18092   0.10761   0.05518   0.24111   0.01642   0.10979   0.13278   0.05331   0.15384   0.07040   0.07257   0.08664   0.03417   0.03296   0.05111   0.06904   0.06835   0.35484   0.15515   0.01187   0.14817   0.04345   0.01111   0.09144   0.10093   0.07347   0.08858   0.08341   0.20434   0.07415   0.09566   0.02841   0.01760   0.04996   0.09369   0.06494   0.05251   0.06560   0.00503   0.06667   0.06832   0.08789   0.03551   0.03848   0.03198   0.09111   0.17437   2.01579   0.93926   0.76046   1.43851  
  3 2514.5407  14881.673904  x:  0.00000   0.02979   0.07313   0.08289   0.00616   0.05045   0.07659   0.02239   0.19183   0.10927   0.04874   0.24616   0.00794   0.11067   0.13099   0.05198   0.15544   0.06796   0.06603   0.08661   0.02028   0.03297   0.04355   0.06034   0.06175   0.35514   0.15569   0.00197   0.15723   0.02909   0.00963   0.09158   0.10376   0.07423   0.08970   0.08333   0.20057   0.07251   0.09665   0.02472   0.01567   0.04717   0.08684   0.06208   0.05306   0.06653   0.00649   0.06260   0.06947   0.08929   0.03378   0.03234   0.03050   0.09040   0.16856   2.01976   0.94379   0.74751   1.44208  
  4 2665.7068  14839.297186  x:  0.00000   0.02813   0.06966   0.08286   0.00000   0.04844   0.07543   0.01038   0.20139   0.10981   0.04284   0.25078   0.00160   0.11135   0.12921   0.05083   0.15667   0.06604   0.06025   0.08673   0.00770   0.03342   0.03751   0.05291   0.05641   0.35533   0.15561   0.00460   0.16484   0.01605   0.01032   0.09153   0.10595   0.07472   0.09035   0.08313   0.19693   0.07129   0.09761   0.02050   0.01477   0.04519   0.08060   0.05970   0.05169   0.06691   0.00459   0.05907   0.07013   0.09027   0.03275   0.02831   0.02974   0.08974   0.16294   2.02364   0.94860   0.73498   1.44555  
  5 6202.6956  14814.333333  x:  0.00000   0.02945   0.06716   0.08264   0.00760   0.04859   0.07799   0.00190   0.21046   0.10730   0.03742   0.25682   0.00319   0.11181   0.12774   0.04991   0.15796   0.06538   0.05550   0.08742   0.00000   0.03497   0.03512   0.04776   0.05387   0.35716   0.15563   0.01621   0.17005   0.00340   0.01126   0.09101   0.10686   0.07460   0.08999   0.08280   0.19378   0.07055   0.09819   0.01974   0.01752   0.04526   0.07530   0.05854   0.05336   0.06674   0.00540   0.05702   0.06982   0.09073   0.03342   0.02988   0.03055   0.08899   0.15734   2.02843   0.95572   0.71989   1.44978  
  6 2538.8687  14808.112318  x:  0.00000   0.02974   0.06653   0.08254   0.00842   0.04856   0.07873   0.00023   0.21282   0.10659   0.03597   0.25838   0.00353   0.11193   0.12733   0.04965   0.15826   0.06527   0.05437   0.08766   0.00168   0.03536   0.03462   0.04653   0.05330   0.35763   0.15558   0.01775   0.17133   0.00000   0.01133   0.09083   0.10708   0.07456   0.08989   0.08269   0.19292   0.07036   0.09830   0.01943   0.01797   0.04528   0.07395   0.05826   0.05359   0.06666   0.00563   0.05652   0.06972   0.09082   0.03355   0.03025   0.03072   0.08879   0.15584   2.02972   0.95756   0.71584   1.45090  
  7 3989.4038  14742.316943  x:  0.00000   0.03974   0.05733   0.07751   0.00161   0.05061   0.10755   0.01511   0.26006   0.08160   0.00511   0.29330   0.02415   0.11330   0.11721   0.04447   0.16252   0.06856   0.03636   0.09369   0.00053   0.04277   0.03863   0.03430   0.05354   0.36999   0.15129   0.01030   0.18793   0.00000   0.00747   0.08346   0.10723   0.07181   0.08487   0.07860   0.17360   0.06782   0.09770   0.01421   0.02190   0.05016   0.04942   0.05636   0.05401   0.06188   0.01110   0.05153   0.06462   0.08917   0.03786   0.04821   0.03553   0.08392   0.12161   2.06104   0.99999   0.61823   1.47692  
  8 2151.9488  14742.316943  x:  0.00000   0.03974   0.05733   0.07751   0.00161   0.05061   0.10755   0.01511   0.26006   0.08160   0.00511   0.29330   0.02415   0.11330   0.11721   0.04447   0.16252   0.06856   0.03636   0.09369   0.00053   0.04277   0.03863   0.03430   0.05354   0.36999   0.15129   0.01030   0.18793   0.00000   0.00747   0.08346   0.10723   0.07181   0.08487   0.07860   0.17360   0.06782   0.09770   0.01421   0.02190   0.05016   0.04942   0.05636   0.05401   0.06188   0.01110   0.05153   0.06462   0.08917   0.03786   0.04821   0.03553   0.08392   0.12161   2.06104   0.99999   0.61823   1.47692  
  9 1471.4624  14697.852256  x:  0.00000   0.03320   0.05614   0.07826   0.01312   0.04813   0.10517   0.00167   0.26305   0.08024   0.00289   0.28969   0.00867   0.11308   0.11083   0.04342   0.15893   0.06661   0.03731   0.09258   0.01366   0.03945   0.03175   0.03384   0.04938   0.35932   0.14690   0.00110   0.19038   0.00000   0.01433   0.08197   0.10788   0.07255   0.08546   0.07664   0.16343   0.06681   0.09732   0.00000   0.01342   0.04575   0.04547   0.05268   0.03505   0.06063   0.00436   0.04724   0.06559   0.08751   0.03249   0.03724   0.03098   0.08330   0.11115   2.06531   0.99345   0.60560   1.47875  
 10 1403.7096  14690.139887  x:  0.00000   0.03222   0.05598   0.07839   0.01357   0.04765   0.10480   0.00000   0.26363   0.08000   0.00373   0.28901   0.00602   0.11305   0.10969   0.04327   0.15827   0.06624   0.03738   0.09233   0.01362   0.03891   0.03071   0.03379   0.04870   0.35729   0.14604   0.00203   0.19081   0.00000   0.01479   0.08168   0.10795   0.07264   0.08553   0.07631   0.16154   0.06660   0.09729   0.00099   0.01270   0.04517   0.04485   0.05209   0.03159   0.06051   0.00419   0.04657   0.06575   0.08728   0.03172   0.03546   0.03046   0.08321   0.10923   2.06613   0.99251   0.60314   1.47914  
 11 2833.9860  14674.202096  x:  0.00000   0.03034   0.05569   0.07859   0.01237   0.04654   0.10408   0.00000   0.26506   0.07950   0.00624   0.28743   0.00018   0.11298   0.10708   0.04301   0.15672   0.06537   0.03739   0.09169   0.01075   0.03785   0.02878   0.03374   0.04729   0.35243   0.14398   0.00191   0.19173   0.00000   0.01456   0.08098   0.10805   0.07276   0.08564   0.07555   0.15711   0.06612   0.09720   0.00000   0.01224   0.04416   0.04364   0.05087   0.02366   0.06034   0.00587   0.04527   0.06606   0.08675   0.03041   0.03186   0.02945   0.08300   0.10481   2.06812   0.99076   0.59711   1.48015  
 12 7839.3806  14673.709975  x:  0.00000   0.03030   0.05568   0.07860   0.01232   0.04651   0.10406   0.00000   0.26510   0.07948   0.00622   0.28737   0.00000   0.11297   0.10700   0.04300   0.15667   0.06535   0.03739   0.09167   0.01065   0.03783   0.02874   0.03374   0.04726   0.35226   0.14392   0.00180   0.19176   0.00000   0.01454   0.08096   0.10805   0.07276   0.08564   0.07552   0.15697   0.06611   0.09720   0.00006   0.01227   0.04414   0.04361   0.05084   0.02342   0.06034   0.00587   0.04524   0.06606   0.08674   0.03039   0.03178   0.02943   0.08299   0.10467   2.06818   0.99072   0.59691   1.48018  
 13 7089.4798  14672.683899  x:  0.00000   0.03025   0.05567   0.07860   0.01218   0.04645   0.10404   0.00000   0.26523   0.07941   0.00593   0.28724   0.00000   0.11297   0.10680   0.04299   0.15654   0.06529   0.03738   0.09163   0.01036   0.03781   0.02871   0.03373   0.04719   0.35182   0.14375   0.00185   0.19182   0.00000   0.01446   0.08090   0.10804   0.07275   0.08564   0.07547   0.15660   0.06607   0.09719   0.00000   0.01239   0.04412   0.04356   0.05079   0.02286   0.06033   0.00569   0.04519   0.06606   0.08670   0.03039   0.03166   0.02941   0.08298   0.10432   2.06837   0.99066   0.59634   1.48029  
 14 5162.1221  14630.352717  x:  0.00000   0.03871   0.05611   0.07677   0.01604   0.04693   0.10775   0.00000   0.27659   0.06986   0.00455   0.27492   0.00000   0.11244   0.09340   0.04388   0.14517   0.06330   0.03749   0.08970   0.00899   0.04381   0.04111   0.03209   0.04966   0.30940   0.13084   0.00245   0.19412   0.00000   0.01397   0.07754   0.10580   0.07087   0.08338   0.07230   0.12485   0.06370   0.09594   0.00071   0.00968   0.04889   0.04600   0.05206   0.00000   0.06211   0.01178   0.04944   0.06230   0.08393   0.04045   0.04589   0.03450   0.08126   0.07888   2.08688   0.99757   0.53801   1.49210  
 15 1708.6231  14600.420945  x:  0.00000   0.04224   0.05607   0.07573   0.01768   0.04603   0.10949   0.00000   0.28592   0.06275   0.00356   0.26467   0.00000   0.11198   0.08138   0.04421   0.13566   0.06101   0.03757   0.08767   0.00553   0.04659   0.04721   0.03091   0.04975   0.27477   0.11974   0.00263   0.19667   0.00000   0.01356   0.07449   0.10436   0.06970   0.08195   0.06931   0.09823   0.06153   0.09500   0.00106   0.00854   0.05097   0.04624   0.05158   0.00159   0.06315   0.01457   0.05083   0.06001   0.08146   0.04563   0.05149   0.03663   0.07984   0.05671   2.10185   0.99999   0.49115   1.50132  
 16 7348.1309  14582.213918  x:  0.00000   0.04419   0.05607   0.07406   0.01594   0.04643   0.11233   0.00000   0.29121   0.05919   0.01471   0.25687   0.00000   0.11165   0.07766   0.04546   0.12984   0.06089   0.03704   0.08676   0.00697   0.04640   0.04900   0.03051   0.05107   0.24748   0.11433   0.00167   0.19581   0.00000   0.01313   0.07358   0.10229   0.06812   0.08016   0.06865   0.08497   0.06020   0.09388   0.00000   0.01963   0.05164   0.04701   0.05233   0.00144   0.06347   0.00449   0.05223   0.05770   0.08025   0.04528   0.05751   0.03623   0.07870   0.05314   2.11430   0.99393   0.45358   1.50830  
 17 2144.4114  14533.543737  x:  0.00000   0.04293   0.05520   0.06806   0.00000   0.04827   0.12105   0.00000   0.30069   0.05768   0.00885   0.23227   0.00000   0.11016   0.08052   0.05103   0.11676   0.06353   0.03317   0.08460   0.01069   0.03666   0.04099   0.03068   0.05407   0.16142   0.10726   0.00360   0.18577   0.00000   0.01152   0.07422   0.09416   0.06258   0.07376   0.07042   0.07066   0.05730   0.08936   0.00103   0.01451   0.04983   0.04745   0.05413   0.00149   0.06244   0.01054   0.05449   0.05322   0.07836   0.02942   0.07084   0.03021   0.07494   0.08132   2.15635   0.96157   0.33194   1.52967  
 18 1782.9915  14525.457122  x:  0.00000   0.04174   0.05482   0.06665   0.01014   0.04877   0.12322   0.00000   0.30262   0.05812   0.00739   0.22493   0.00000   0.10956   0.08212   0.05265   0.11369   0.06397   0.03179   0.08365   0.00341   0.03406   0.03793   0.03065   0.05413   0.13650   0.10661   0.00344   0.18204   0.00000   0.00856   0.07429   0.09181   0.06126   0.07208   0.07090   0.07029   0.05658   0.08800   0.00123   0.01476   0.04905   0.04703   0.05415   0.00148   0.06181   0.01242   0.05436   0.05247   0.07805   0.02579   0.07346   0.02874   0.07391   0.09010   2.16988   0.95275   0.29441   1.53625  
 19 3598.8162  14519.365243  x:  0.00000   0.03973   0.05409   0.06711   0.00936   0.04674   0.12239   0.00000   0.30124   0.05847   0.00930   0.22145   0.00000   0.10859   0.08283   0.05237   0.11435   0.06292   0.03225   0.08293   0.00000   0.03694   0.03697   0.02931   0.05173   0.12928   0.10837   0.00267   0.17890   0.00000   0.01264   0.07361   0.09172   0.06189   0.07242   0.06995   0.07859   0.05660   0.08736   0.00093   0.01019   0.04780   0.04509   0.05237   0.00155   0.06031   0.00879   0.05201   0.05351   0.07813   0.03115   0.07181   0.02987   0.07360   0.08958   2.17961   0.95250   0.27359   1.54014  
 20 692.9218  14512.919481  x:  0.00000   0.03542   0.05274   0.06822   0.00857   0.04237   0.11980   0.00000   0.29826   0.05969   0.01012   0.21566   0.00000   0.10671   0.08317   0.05144   0.11591   0.06031   0.03278   0.08128   0.00417   0.04149   0.03500   0.02744   0.04649   0.11933   0.11139   0.00292   0.17364   0.00000   0.01126   0.07173   0.09168   0.06308   0.07325   0.06784   0.09336   0.05645   0.08640   0.00082   0.01045   0.04583   0.04125   0.04851   0.00156   0.05783   0.00852   0.04707   0.05578   0.07818   0.04005   0.06584   0.03197   0.07313   0.08578   2.19672   0.95307   0.23931   1.54666  
 21 2367.3479  14503.744737  x:  0.00000   0.03894   0.04816   0.06357   0.00886   0.04175   0.11122   0.00000   0.28326   0.05096   0.00951   0.20690   0.00000   0.09992   0.07984   0.04798   0.11965   0.05567   0.02981   0.07867   0.00433   0.03808   0.04114   0.03183   0.04720   0.13153   0.11451   0.00318   0.16139   0.00000   0.01814   0.06688   0.08961   0.05972   0.07029   0.06219   0.10168   0.05422   0.08313   0.00112   0.01058   0.04587   0.04433   0.04783   0.00141   0.05527   0.01095   0.04754   0.04791   0.07166   0.02873   0.05897   0.02771   0.06886   0.06709   2.23636   0.93880   0.20673   1.55699  
 22 311.4869  14499.685769  x:  0.00000   0.03913   0.04828   0.06268   0.00865   0.04272   0.10824   0.00000   0.27567   0.05142   0.01103   0.20357   0.00000   0.09832   0.07772   0.04658   0.11964   0.05594   0.03179   0.07799   0.00437   0.03629   0.04031   0.02757   0.04744   0.13711   0.11351   0.00327   0.15777   0.00000   0.01194   0.06599   0.08836   0.05886   0.06941   0.06202   0.09818   0.05367   0.08208   0.00103   0.00535   0.04503   0.04376   0.04800   0.00142   0.05548   0.00854   0.04789   0.04915   0.07065   0.02850   0.05682   0.02881   0.06834   0.06246   2.25766   0.93261   0.19893   1.56205  
 23 458.7996  14491.568774  x:  0.00000   0.03647   0.04989   0.06281   0.00929   0.04499   0.10176   0.00000   0.25735   0.05563   0.01036   0.19654   0.00000   0.09622   0.07289   0.04339   0.11817   0.05804   0.03803   0.07731   0.00368   0.03429   0.03420   0.01724   0.04678   0.14883   0.10977   0.00445   0.15198   0.00000   0.01532   0.06622   0.08668   0.05893   0.06880   0.06327   0.08687   0.05322   0.08046   0.00120   0.00870   0.04129   0.03999   0.04724   0.00129   0.05642   0.01287   0.04749   0.05580   0.07015   0.03336   0.05165   0.03264   0.06843   0.05710   2.31154   0.92214   0.18576   1.57461  
 24 1041.4587  14483.027130  x:  0.00000   0.03118   0.05211   0.06528   0.00964   0.04470   0.09542   0.00000   0.23768   0.06101   0.01160   0.18990   0.00000   0.09607   0.06823   0.04070   0.11472   0.05862   0.03998   0.07682   0.00319   0.03594   0.02770   0.03408   0.04443   0.15800   0.10378   0.00568   0.15014   0.00000   0.01436   0.06709   0.08643   0.06074   0.07001   0.06487   0.07225   0.05346   0.08025   0.00136   0.00872   0.03855   0.03555   0.04503   0.00117   0.05700   0.01492   0.04449   0.06109   0.07159   0.03995   0.04323   0.03426   0.06985   0.05479   2.38140   0.91711   0.17555   1.59093  
 25 1221.3965  14467.835755  x:  0.00000   0.02430   0.05115   0.07047   0.00933   0.03530   0.09010   0.00000   0.22220   0.06051   0.01486   0.18595   0.00000   0.09981   0.06671   0.04170   0.10729   0.05078   0.02595   0.07589   0.00248   0.04132   0.02901   0.02773   0.03487   0.15368   0.09440   0.00741   0.16150   0.00000   0.00950   0.06637   0.09085   0.06412   0.07428   0.06214   0.06363   0.05408   0.08369   0.00191   0.00844   0.04197   0.03744   0.03985   0.00094   0.05382   0.01662   0.03582   0.05403   0.07416   0.03529   0.02298   0.02342   0.07155   0.05476   2.49488   0.92567   0.17653   1.61746  
 26 803.8061  14458.978029  x:  0.00000   0.02411   0.04733   0.07011   0.00831   0.03209   0.08669   0.00000   0.22586   0.05814   0.01671   0.18657   0.00000   0.09990   0.06379   0.04298   0.10399   0.04916   0.03467   0.07320   0.00191   0.03270   0.01990   0.02842   0.03557   0.13956   0.09148   0.00841   0.17278   0.00000   0.00679   0.06232   0.09285   0.06291   0.07426   0.05645   0.07280   0.05213   0.08380   0.00190   0.00916   0.03641   0.03146   0.03787   0.00076   0.05097   0.01736   0.03521   0.05255   0.07251   0.02566   0.01855   0.02698   0.06973   0.04504   2.57203   0.93554   0.18663   1.63504  
 27 763.5724  14456.679632  x:  0.00000   0.01955   0.04641   0.06851   0.00833   0.03385   0.08388   0.00000   0.23341   0.06019   0.01706   0.18734   0.00000   0.09776   0.06061   0.04204   0.10458   0.04811   0.03311   0.07105   0.00219   0.02881   0.02327   0.02900   0.03343   0.13368   0.09272   0.00861   0.17541   0.00000   0.00841   0.06107   0.09201   0.06192   0.07313   0.05592   0.07450   0.05103   0.08205   0.00215   0.00883   0.03379   0.03132   0.03735   0.00076   0.05130   0.01780   0.03359   0.05693   0.07036   0.02770   0.02033   0.02368   0.06830   0.04236   2.59743   0.93302   0.19287   1.64000  
 28 406.4103  14455.415779  x:  0.00000   0.02358   0.04705   0.06753   0.00855   0.03461   0.08129   0.00000   0.24259   0.06135   0.01709   0.18827   0.00000   0.09553   0.05873   0.04121   0.10645   0.04810   0.03205   0.07005   0.00247   0.03172   0.02166   0.02927   0.03334   0.13163   0.09474   0.00860   0.17613   0.00000   0.01016   0.06102   0.09112   0.06199   0.07263   0.05670   0.07387   0.05175   0.08066   0.00218   0.00850   0.03471   0.03248   0.03747   0.00076   0.05177   0.01786   0.03354   0.05958   0.06876   0.02826   0.01661   0.02389   0.06778   0.04263   2.61613   0.93044   0.19618   1.64317  
 29 302.0185  14454.009995  x:  0.00000   0.02050   0.04780   0.06858   0.00879   0.03239   0.07838   0.00000   0.25612   0.06066   0.01686   0.18985   0.00000   0.09382   0.05920   0.04101   0.11011   0.04838   0.03176   0.07111   0.00243   0.03577   0.01852   0.02896   0.03353   0.13549   0.09730   0.00863   0.17602   0.00000   0.01046   0.06188   0.09137   0.06400   0.07397   0.05767   0.07207   0.05311   0.08049   0.00216   0.00834   0.03611   0.03216   0.03625   0.00076   0.05169   0.01809   0.03304   0.05891   0.06859   0.02613   0.01999   0.02496   0.06887   0.04266   2.64393   0.92798   0.19733   1.64728  
 30 279.4714  14452.015277  x:  0.00000   0.01942   0.04870   0.07128   0.00897   0.03227   0.07838   0.00000   0.27532   0.06008   0.01658   0.19245   0.00000   0.09412   0.06229   0.04180   0.11454   0.05011   0.03478   0.07424   0.00222   0.03335   0.02369   0.02921   0.03457   0.14386   0.09939   0.00870   0.17547   0.00000   0.00981   0.06346   0.09288   0.06652   0.07643   0.05844   0.07112   0.05429   0.08210   0.00218   0.00848   0.03429   0.02997   0.03681   0.00079   0.05171   0.01854   0.03402   0.05726   0.07064   0.02685   0.01671   0.02563   0.07102   0.04468   2.69036   0.92541   0.19683   1.65371  
 31 465.8067  14450.278367  x:  0.00000   0.02328   0.04859   0.07330   0.00901   0.03380   0.08206   0.00000   0.28677   0.06086   0.01618   0.19455   0.00000   0.09701   0.06354   0.04159   0.11587   0.04912   0.03384   0.07532   0.00217   0.02934   0.02057   0.02966   0.03246   0.15169   0.09891   0.00874   0.17533   0.00000   0.00869   0.06375   0.09492   0.06694   0.07785   0.05779   0.07360   0.05393   0.08444   0.00233   0.00867   0.03405   0.03236   0.03792   0.00081   0.05165   0.01902   0.03321   0.05708   0.07320   0.03051   0.01848   0.02259   0.07188   0.04435   2.73480   0.92244   0.19675   1.65931  
 32 531.9740  14447.373436  x:  0.00000   0.02078   0.04698   0.07307   0.00920   0.03666   0.09232   0.00000   0.29395   0.06336   0.01547   0.19755   0.00000   0.10423   0.06162   0.03971   0.11279   0.04770   0.03132   0.07323   0.00209   0.03397   0.02191   0.03031   0.03508   0.15999   0.09523   0.00871   0.17596   0.00000   0.00776   0.06268   0.09716   0.06335   0.07665   0.05665   0.08143   0.05096   0.08691   0.00213   0.00904   0.03721   0.03464   0.03910   0.00088   0.05264   0.01923   0.03467   0.06102   0.07570   0.02968   0.01819   0.02796   0.07093   0.04505   2.81829   0.91578   0.20025   1.66890  
 33 517.3115  14443.357222  x:  0.00000   0.02537   0.04966   0.07040   0.00982   0.03084   0.09786   0.00000   0.28685   0.06164   0.01474   0.20079   0.00000   0.10925   0.06026   0.04064   0.10805   0.05235   0.03482   0.07155   0.00226   0.03784   0.02534   0.03034   0.03461   0.16280   0.09468   0.00811   0.17827   0.00000   0.00903   0.06394   0.09686   0.06253   0.07459   0.06048   0.08643   0.05494   0.08635   0.00221   0.00895   0.03755   0.02820   0.03682   0.00094   0.05467   0.01885   0.03467   0.06231   0.07435   0.02812   0.02196   0.02270   0.07011   0.04794   2.93848   0.91310   0.20911   1.68200  
 34 615.8954  14437.074994  x:  0.00000   0.02124   0.05231   0.06697   0.01005   0.03242   0.09794   0.00000   0.26641   0.05527   0.01400   0.20551   0.00000   0.10931   0.06438   0.04538   0.10584   0.05634   0.03652   0.07380   0.00315   0.03344   0.02284   0.03028   0.03650   0.15998   0.10082   0.00681   0.18164   0.00000   0.01326   0.06719   0.09395   0.06553   0.07332   0.06549   0.08764   0.05969   0.08306   0.00175   0.00832   0.03665   0.03894   0.04074   0.00101   0.05490   0.01672   0.03716   0.05772   0.07058   0.03058   0.02110   0.02615   0.07110   0.05261   3.13686   0.91860   0.22499   1.70354  
 35 1347.3283  14434.035347  x:  0.00000   0.02450   0.04939   0.06900   0.00951   0.04047   0.09232   0.00000   0.25357   0.05898   0.01414   0.20668   0.00000   0.10279   0.06929   0.04414   0.11151   0.05216   0.03188   0.07738   0.00332   0.03327   0.02331   0.02968   0.03824   0.15581   0.10639   0.00631   0.17989   0.00000   0.01362   0.06674   0.09241   0.06615   0.07495   0.06219   0.08567   0.05532   0.08270   0.00147   0.00836   0.03654   0.03257   0.04056   0.00107   0.05275   0.01543   0.03705   0.05658   0.07199   0.02860   0.02346   0.02797   0.07194   0.05515   3.23110   0.92366   0.23338   1.71346  
 36 841.8461  14433.330052  x:  0.00000   0.02444   0.04833   0.06955   0.00942   0.03807   0.08931   0.00000   0.25028   0.06173   0.01422   0.20633   0.00000   0.09878   0.07065   0.04218   0.11555   0.05286   0.03454   0.07742   0.00309   0.03439   0.02417   0.02992   0.03837   0.15376   0.10731   0.00640   0.17647   0.00000   0.01238   0.06569   0.09211   0.06423   0.07485   0.06025   0.08578   0.05321   0.08342   0.00153   0.00872   0.03773   0.03532   0.04122   0.00107   0.05320   0.01525   0.03855   0.05736   0.07316   0.02851   0.02363   0.02559   0.07107   0.05585   3.25317   0.92552   0.23583   1.71560  
 37 270.1755  14433.181842  x:  0.00000   0.02465   0.04908   0.06884   0.00939   0.03669   0.08862   0.00000   0.24975   0.06193   0.01429   0.20587   0.00000   0.09740   0.07074   0.04245   0.11736   0.05300   0.03317   0.07627   0.00304   0.03347   0.02443   0.03001   0.03803   0.15306   0.10674   0.00647   0.17354   0.00000   0.01176   0.06561   0.09210   0.06332   0.07422   0.06084   0.08620   0.05429   0.08359   0.00148   0.00887   0.03776   0.03517   0.04119   0.00107   0.05380   0.01522   0.03788   0.05700   0.07297   0.02888   0.02368   0.02695   0.07055   0.05587   3.25788   0.92610   0.23682   1.71589  
 38 73.5143  14433.149349  x:  0.00000   0.02430   0.04927   0.06842   0.00931   0.03752   0.08880   0.00000   0.24982   0.06176   0.01431   0.20557   0.00000   0.09736   0.07067   0.04290   0.11787   0.05310   0.03311   0.07585   0.00302   0.03383   0.02419   0.02999   0.03817   0.15282   0.10629   0.00648   0.17183   0.00000   0.01149   0.06581   0.09207   0.06347   0.07399   0.06132   0.08642   0.05454   0.08343   0.00151   0.00893   0.03767   0.03499   0.04111   0.00106   0.05371   0.01520   0.03802   0.05692   0.07265   0.02885   0.02349   0.02627   0.07055   0.05567   3.25893   0.92682   0.23714   1.71585  
 39 31.2321  14433.138765  x:  0.00000   0.02437   0.04907   0.06842   0.00932   0.03739   0.08896   0.00000   0.24997   0.06167   0.01433   0.20519   0.00000   0.09777   0.07049   0.04270   0.11774   0.05300   0.03323   0.07592   0.00303   0.03369   0.02424   0.02999   0.03788   0.15265   0.10600   0.00647   0.17056   0.00000   0.01158   0.06590   0.09199   0.06381   0.07403   0.06126   0.08628   0.05425   0.08321   0.00151   0.00891   0.03767   0.03508   0.04103   0.00106   0.05344   0.01515   0.03786   0.05704   0.07256   0.02860   0.02350   0.02638   0.07075   0.05585   3.25929   0.92723   0.23743   1.71563  
 40 12.9246  14433.135031  x:  0.00000   0.02431   0.04904   0.06854   0.00934   0.03722   0.08900   0.00000   0.25008   0.06159   0.01433   0.20490   0.00000   0.09791   0.07048   0.04263   0.11751   0.05292   0.03313   0.07603   0.00304   0.03365   0.02411   0.02996   0.03816   0.15256   0.10598   0.00647   0.17011   0.00000   0.01165   0.06579   0.09197   0.06369   0.07408   0.06106   0.08620   0.05424   0.08321   0.00151   0.00889   0.03761   0.03496   0.04107   0.00106   0.05354   0.01514   0.03794   0.05692   0.07262   0.02875   0.02345   0.02629   0.07069   0.05592   3.25944   0.92732   0.23757   1.71537  
 41  7.3593  14433.127956  x:  0.00000   0.02428   0.04916   0.06878   0.00933   0.03746   0.08899   0.00000   0.25025   0.06161   0.01432   0.20417   0.00000   0.09788   0.07057   0.04283   0.11704   0.05301   0.03324   0.07617   0.00304   0.03377   0.02413   0.02997   0.03784   0.15250   0.10616   0.00646   0.16982   0.00000   0.01172   0.06557   0.09202   0.06333   0.07418   0.06092   0.08616   0.05449   0.08342   0.00150   0.00889   0.03754   0.03501   0.04108   0.00106   0.05369   0.01512   0.03785   0.05683   0.07282   0.02862   0.02346   0.02635   0.07047   0.05589   3.25975   0.92742   0.23768   1.71442  
 42  5.2023  14433.091418  x:  0.00000   0.02437   0.04905   0.06861   0.00928   0.03734   0.08876   0.00000   0.25081   0.06173   0.01435   0.20132   0.00000   0.09736   0.07072   0.04308   0.11582   0.05314   0.03306   0.07601   0.00303   0.03346   0.02423   0.02997   0.03829   0.15247   0.10682   0.00647   0.17009   0.00000   0.01159   0.06587   0.09227   0.06360   0.07429   0.06160   0.08637   0.05430   0.08384   0.00149   0.00892   0.03810   0.03507   0.04083   0.00107   0.05307   0.01506   0.03797   0.05722   0.07285   0.02863   0.02349   0.02630   0.07046   0.05573   3.26148   0.92775   0.23749   1.70868  
 43 11.6789  14433.002000  x:  0.00000   0.02451   0.04880   0.06782   0.00923   0.03722   0.08876   0.00000   0.25172   0.06151   0.01435   0.19778   0.00000   0.09719   0.07050   0.04266   0.11564   0.05280   0.03297   0.07563   0.00297   0.03411   0.02427   0.02993   0.03789   0.15227   0.10690   0.00649   0.17130   0.00000   0.01115   0.06626   0.09207   0.06417   0.07370   0.06131   0.08645   0.05371   0.08318   0.00151   0.00900   0.03670   0.03506   0.04183   0.00108   0.05386   0.01503   0.03801   0.05662   0.07225   0.02873   0.02368   0.02634   0.07105   0.05620   3.26572   0.92836   0.23645   1.69420  
 44 46.2340  14432.687144  x:  0.00000   0.02417   0.04955   0.06748   0.00910   0.03805   0.08996   0.00000   0.25405   0.06127   0.01436   0.19317   0.00000   0.09848   0.06956   0.04233   0.11843   0.05269   0.03363   0.07551   0.00292   0.03285   0.02424   0.02978   0.03781   0.15029   0.10511   0.00643   0.17415   0.00000   0.01130   0.06571   0.09067   0.06342   0.07253   0.05956   0.08534   0.05440   0.08096   0.00151   0.00903   0.03931   0.03480   0.04045   0.00108   0.05498   0.01455   0.03790   0.05605   0.07162   0.02870   0.02370   0.02621   0.07134   0.05729   3.28066   0.93080   0.23178   1.64260  
 45 139.3651  14431.932050  x:  0.00000   0.02499   0.04955   0.06878   0.00886   0.03726   0.09230   0.00000   0.25832   0.06014   0.01413   0.19229   0.00000   0.10073   0.06882   0.04349   0.12197   0.05330   0.03229   0.07606   0.00281   0.03319   0.02468   0.02935   0.03955   0.14323   0.10179   0.00631   0.17637   0.00000   0.01141   0.06463   0.08961   0.06165   0.07359   0.06143   0.08193   0.05500   0.08187   0.00151   0.00909   0.03623   0.03602   0.04096   0.00114   0.05204   0.01397   0.03837   0.05792   0.07280   0.02732   0.02456   0.02611   0.06925   0.05634   3.31584   0.93417   0.22071   1.52053  
 46 409.6120  14431.249954  x:  0.00000   0.02491   0.04824   0.06797   0.00857   0.03757   0.09327   0.00000   0.26216   0.05848   0.01378   0.19710   0.00000   0.09994   0.06866   0.04418   0.11883   0.05383   0.03291   0.07591   0.00266   0.03316   0.02471   0.02918   0.03801   0.13573   0.10180   0.00628   0.17508   0.00000   0.01104   0.06555   0.09092   0.06232   0.07384   0.06240   0.07953   0.05290   0.08428   0.00147   0.00920   0.03897   0.03456   0.04297   0.00115   0.05369   0.01367   0.03908   0.05587   0.07259   0.02837   0.02466   0.02654   0.06909   0.05504   3.34762   0.93481   0.21115   1.41024  
 47 649.1527  14431.011570  x:  0.00000   0.02531   0.04944   0.06754   0.00834   0.03795   0.09276   0.00000   0.26376   0.05946   0.01378   0.20037   0.00000   0.09879   0.06807   0.04424   0.11500   0.05312   0.03291   0.07557   0.00254   0.03296   0.02518   0.02903   0.03924   0.13406   0.10281   0.00631   0.17408   0.00000   0.01047   0.06580   0.09150   0.06292   0.07309   0.06091   0.07887   0.05359   0.08374   0.00148   0.00931   0.03810   0.03575   0.04104   0.00116   0.05482   0.01340   0.03857   0.05607   0.07207   0.02774   0.02501   0.02642   0.07031   0.05510   3.35869   0.93640   0.20698   1.37231  
 48 350.7932  14430.970574  x:  0.00000   0.02515   0.04940   0.06739   0.00830   0.03777   0.09221   0.00000   0.26428   0.05973   0.01383   0.20125   0.00000   0.09846   0.06808   0.04449   0.11366   0.05308   0.03261   0.07537   0.00252   0.03279   0.02507   0.02901   0.03885   0.13440   0.10289   0.00632   0.17399   0.00000   0.01036   0.06536   0.09097   0.06233   0.07270   0.06069   0.07865   0.05382   0.08259   0.00150   0.00936   0.03828   0.03541   0.04189   0.00117   0.05403   0.01330   0.03898   0.05643   0.07182   0.02759   0.02499   0.02626   0.07015   0.05543   3.36049   0.93732   0.20601   1.36660  
 49 60.0790  14430.957474  x:  0.00000   0.02517   0.04901   0.06727   0.00830   0.03788   0.09186   0.00000   0.26448   0.05965   0.01383   0.20147   0.00000   0.09834   0.06829   0.04447   0.11322   0.05324   0.03267   0.07525   0.00251   0.03284   0.02503   0.02900   0.03892   0.13460   0.10258   0.00631   0.17405   0.00000   0.01031   0.06522   0.09040   0.06200   0.07263   0.06104   0.07861   0.05339   0.08228   0.00150   0.00937   0.03816   0.03548   0.04148   0.00117   0.05398   0.01328   0.03855   0.05610   0.07186   0.02776   0.02496   0.02627   0.06969   0.05566   3.36087   0.93752   0.20584   1.36593  
 50 11.0281  14430.899913  x:  0.00000   0.02511   0.04929   0.06746   0.00830   0.03800   0.09096   0.00000   0.26475   0.06009   0.01384   0.20163   0.00000   0.09809   0.06870   0.04392   0.11267   0.05306   0.03233   0.07504   0.00255   0.03244   0.02492   0.02896   0.03870   0.13486   0.10109   0.00625   0.17424   0.00000   0.01058   0.06569   0.08921   0.06239   0.07278   0.06162   0.07905   0.05321   0.08302   0.00147   0.00933   0.03816   0.03544   0.04146   0.00117   0.05511   0.01303   0.03936   0.05627   0.07218   0.02716   0.02493   0.02620   0.06925   0.05569   3.36173   0.93790   0.20561   1.36804  
 51  5.5200  14430.302196  x:  0.00000   0.02485   0.04994   0.06735   0.00838   0.03874   0.08781   0.00000   0.26511   0.06041   0.01335   0.20162   0.00000   0.09673   0.06972   0.04430   0.11154   0.05240   0.03363   0.07536   0.00255   0.03269   0.02500   0.02895   0.03985   0.13495   0.09516   0.00604   0.17485   0.00000   0.01057   0.06622   0.08779   0.06355   0.07228   0.05916   0.08071   0.05519   0.08619   0.00140   0.00948   0.03875   0.03544   0.04342   0.00128   0.05240   0.01244   0.03676   0.05580   0.07172   0.02721   0.02497   0.02572   0.07068   0.05701   3.36944   0.93288   0.20715   1.39618  
 52 31.8940  14427.254305  x:  0.00000   0.02381   0.04762   0.06668   0.00782   0.03769   0.08736   0.00000   0.26519   0.06100   0.01083   0.20213   0.00000   0.09679   0.07155   0.04802   0.11257   0.05354   0.03159   0.07720   0.00239   0.03107   0.02262   0.02884   0.03574   0.13643   0.09351   0.00501   0.17639   0.00000   0.00923   0.06456   0.09320   0.06231   0.07236   0.05870   0.08203   0.05414   0.08555   0.00117   0.01038   0.03644   0.03539   0.03680   0.00173   0.05057   0.00844   0.04303   0.05537   0.07128   0.02605   0.02309   0.02494   0.07367   0.06149   3.40778   0.91330   0.21351   1.54209  
 53 287.9517  14425.511425  x:  0.00000   0.02274   0.04826   0.06809   0.00713   0.03720   0.08999   0.00000   0.26499   0.06251   0.00948   0.20275   0.00000   0.09888   0.07181   0.04700   0.11400   0.05385   0.03158   0.07688   0.00221   0.02915   0.02153   0.02854   0.03753   0.13744   0.09861   0.00435   0.17700   0.00000   0.00861   0.06527   0.09469   0.06226   0.07364   0.06157   0.08213   0.05317   0.08329   0.00105   0.01091   0.03751   0.03498   0.04045   0.00194   0.05376   0.00597   0.03705   0.05671   0.07260   0.02222   0.02178   0.02295   0.07222   0.06215   3.42948   0.90536   0.21602   1.62535  
 54 914.1780  14425.362975  x:  0.00000   0.02252   0.04903   0.06867   0.00700   0.03732   0.09069   0.00000   0.26486   0.06209   0.00932   0.20286   0.00000   0.09987   0.07178   0.04539   0.11403   0.05273   0.03206   0.07598   0.00214   0.02922   0.02160   0.02857   0.03710   0.13719   0.10075   0.00435   0.17691   0.00000   0.00806   0.06631   0.09223   0.06299   0.07384   0.06126   0.08215   0.05417   0.08352   0.00105   0.01107   0.03745   0.03493   0.04008   0.00197   0.05256   0.00593   0.03758   0.05606   0.07295   0.02249   0.02164   0.02297   0.07070   0.06203   3.43139   0.90387   0.21661   1.63261  
 55 94.8191  14425.356857  x:  0.00000   0.02254   0.04881   0.06855   0.00699   0.03720   0.09076   0.00000   0.26485   0.06216   0.00931   0.20288   0.00000   0.10008   0.07174   0.04589   0.11411   0.05279   0.03200   0.07579   0.00214   0.02922   0.02159   0.02857   0.03710   0.13724   0.10108   0.00435   0.17688   0.00000   0.00808   0.06625   0.09156   0.06303   0.07379   0.06105   0.08206   0.05410   0.08388   0.00105   0.01107   0.03746   0.03493   0.04006   0.00197   0.05266   0.00592   0.03755   0.05617   0.07299   0.02247   0.02162   0.02297   0.07099   0.06197   3.43147   0.90385   0.21661   1.63295  
 56 10.9104  14425.354908  x:  0.00000   0.02253   0.04905   0.06850   0.00698   0.03724   0.09065   0.00000   0.26486   0.06214   0.00931   0.20289   0.00000   0.10022   0.07164   0.04574   0.11410   0.05288   0.03196   0.07593   0.00213   0.02922   0.02159   0.02857   0.03709   0.13722   0.10116   0.00435   0.17687   0.00000   0.00807   0.06602   0.09143   0.06293   0.07382   0.06120   0.08213   0.05398   0.08400   0.00105   0.01107   0.03747   0.03492   0.04007   0.00197   0.05261   0.00593   0.03755   0.05610   0.07292   0.02248   0.02162   0.02296   0.07123   0.06196   3.43154   0.90385   0.21663   1.63323  
 57  1.2932  14425.278430  x:  0.00000   0.02266   0.04746   0.06786   0.00689   0.03755   0.08898   0.00000   0.26506   0.06194   0.00914   0.20294   0.00000   0.10189   0.07087   0.04527   0.11409   0.05259   0.03200   0.07711   0.00207   0.02928   0.02179   0.02858   0.03718   0.13741   0.10143   0.00433   0.17684   0.00000   0.00779   0.06631   0.09175   0.06252   0.07379   0.06165   0.08218   0.05533   0.08429   0.00105   0.01117   0.03765   0.03505   0.04011   0.00195   0.05310   0.00586   0.03759   0.05632   0.07279   0.02260   0.02172   0.02301   0.07127   0.06170   3.43449   0.90364   0.21737   1.64576  
 58  3.0386  14424.553248  x:  0.00000   0.02352   0.05038   0.06787   0.00643   0.03722   0.08616   0.00000   0.26748   0.06155   0.00729   0.20326   0.00000   0.10527   0.06983   0.04739   0.11374   0.05250   0.03208   0.07601   0.00196   0.02998   0.02260   0.02849   0.03748   0.14029   0.10065   0.00375   0.17681   0.00000   0.00810   0.06795   0.09370   0.06270   0.07258   0.05970   0.07992   0.05223   0.08382   0.00106   0.01144   0.03796   0.03520   0.04043   0.00182   0.05269   0.00535   0.03771   0.05476   0.07300   0.02365   0.02199   0.02375   0.06927   0.05820   3.46211   0.90098   0.22562   1.76352  
 59 128.8010  14424.017271  x:  0.00000   0.02373   0.04854   0.06851   0.00607   0.03722   0.09060   0.00000   0.26921   0.05906   0.00587   0.20361   0.00000   0.10087   0.06977   0.04475   0.11281   0.05257   0.03220   0.07504   0.00183   0.03024   0.02283   0.02839   0.03742   0.14279   0.09939   0.00331   0.17688   0.00000   0.00839   0.06506   0.09265   0.06331   0.07366   0.05991   0.07776   0.05376   0.08425   0.00107   0.01168   0.03801   0.03514   0.04024   0.00171   0.05298   0.00499   0.03741   0.05487   0.07227   0.02426   0.02186   0.02394   0.07118   0.05623   3.48250   0.89970   0.23182   1.85050  
 60 495.2037  14424.001689  x:  0.00000   0.02368   0.04861   0.06836   0.00607   0.03707   0.09113   0.00000   0.26928   0.05917   0.00583   0.20366   0.00000   0.10020   0.06888   0.04496   0.11282   0.05222   0.03228   0.07590   0.00182   0.03022   0.02278   0.02838   0.03738   0.14298   0.09935   0.00329   0.17689   0.00000   0.00839   0.06561   0.09239   0.06295   0.07366   0.06000   0.07780   0.05361   0.08448   0.00107   0.01168   0.03798   0.03510   0.04023   0.00171   0.05289   0.00497   0.03738   0.05469   0.07215   0.02427   0.02182   0.02392   0.07100   0.05634   3.48310   0.89982   0.23196   1.85305  
 61 30.5853  14424.001362  x:  0.00000   0.02367   0.04863   0.06832   0.00607   0.03708   0.09114   0.00000   0.26928   0.05907   0.00583   0.20366   0.00000   0.10017   0.06886   0.04494   0.11282   0.05231   0.03222   0.07599   0.00181   0.03022   0.02278   0.02838   0.03737   0.14299   0.09936   0.00329   0.17689   0.00000   0.00837   0.06559   0.09238   0.06302   0.07361   0.05993   0.07781   0.05359   0.08449   0.00107   0.01168   0.03798   0.03509   0.04022   0.00171   0.05290   0.00497   0.03737   0.05477   0.07218   0.02427   0.02182   0.02391   0.07093   0.05635   3.48311   0.89984   0.23196   1.85307  
 62  1.3620  14423.991893  x:  0.00000   0.02363   0.04852   0.06800   0.00605   0.03705   0.09129   0.00000   0.26934   0.05967   0.00584   0.20368   0.00000   0.10019   0.06871   0.04480   0.11284   0.05253   0.03217   0.07610   0.00181   0.03021   0.02274   0.02837   0.03737   0.14300   0.09943   0.00331   0.17693   0.00000   0.00847   0.06523   0.09247   0.06347   0.07314   0.06001   0.07774   0.05376   0.08460   0.00107   0.01168   0.03794   0.03507   0.04027   0.00171   0.05274   0.00498   0.03738   0.05437   0.07257   0.02425   0.02179   0.02392   0.07071   0.05625   3.48340   0.89997   0.23195   1.85262  
 63  0.2814  14423.551958  x:  0.00000   0.02321   0.04921   0.06796   0.00520   0.03629   0.09218   0.00000   0.27093   0.05865   0.00592   0.20455   0.00000   0.10069   0.06905   0.04430   0.11331   0.04932   0.03319   0.07589   0.00141   0.03077   0.02248   0.02863   0.03695   0.14385   0.10139   0.00363   0.17824   0.00000   0.00922   0.06452   0.09356   0.06306   0.07106   0.06153   0.07757   0.05346   0.08559   0.00139   0.01202   0.03770   0.03463   0.04027   0.00183   0.05323   0.00625   0.03627   0.05658   0.07371   0.02509   0.02125   0.02391   0.07056   0.05560   3.49700   0.90323   0.23174   1.83058  
 64  6.4135  14423.311177  x:  0.00000   0.02314   0.04869   0.06939   0.00470   0.03635   0.09253   0.00000   0.27163   0.05987   0.00600   0.20496   0.00000   0.10095   0.06721   0.04366   0.11335   0.05226   0.03213   0.07510   0.00119   0.03100   0.02242   0.02871   0.03700   0.14412   0.10210   0.00387   0.17895   0.00000   0.00936   0.06587   0.09360   0.06309   0.07419   0.06068   0.07849   0.05379   0.08491   0.00160   0.01222   0.03753   0.03457   0.04053   0.00191   0.05330   0.00695   0.03592   0.05625   0.07271   0.02554   0.02113   0.02409   0.07057   0.05483   3.50444   0.90470   0.23163   1.81850  
 65 109.4801  14423.308525  x:  0.00000   0.02317   0.04876   0.06932   0.00470   0.03630   0.09251   0.00000   0.27161   0.05992   0.00599   0.20494   0.00000   0.10094   0.06718   0.04388   0.11333   0.05210   0.03218   0.07526   0.00118   0.03103   0.02247   0.02873   0.03701   0.14409   0.10204   0.00388   0.17894   0.00000   0.00933   0.06562   0.09350   0.06334   0.07453   0.06073   0.07860   0.05380   0.08467   0.00161   0.01224   0.03757   0.03460   0.04056   0.00191   0.05340   0.00698   0.03594   0.05627   0.07276   0.02557   0.02115   0.02410   0.07048   0.05479   3.50452   0.90457   0.23167   1.81836  
 66  7.3614  14423.308419  x:  0.00000   0.02317   0.04877   0.06927   0.00470   0.03629   0.09253   0.00000   0.27162   0.05993   0.00599   0.20494   0.00000   0.10094   0.06724   0.04387   0.11333   0.05211   0.03217   0.07530   0.00118   0.03104   0.02247   0.02873   0.03701   0.14407   0.10203   0.00388   0.17894   0.00000   0.00933   0.06566   0.09348   0.06331   0.07454   0.06072   0.07860   0.05381   0.08463   0.00161   0.01224   0.03757   0.03460   0.04055   0.00191   0.05340   0.00698   0.03594   0.05627   0.07282   0.02557   0.02115   0.02410   0.07052   0.05474   3.50453   0.90455   0.23168   1.81835  
 67  0.6108  14423.256697  x:  0.00000   0.02321   0.04865   0.07022   0.00450   0.03645   0.09198   0.00000   0.27133   0.05923   0.00623   0.20482   0.00000   0.10050   0.06608   0.04408   0.11327   0.05214   0.03222   0.07483   0.00119   0.03106   0.02256   0.02875   0.03703   0.14378   0.10194   0.00386   0.17902   0.00000   0.00942   0.06571   0.09330   0.06341   0.07409   0.06109   0.07909   0.05386   0.08389   0.00165   0.01228   0.03757   0.03462   0.04057   0.00198   0.05341   0.00670   0.03619   0.05628   0.07460   0.02560   0.02119   0.02412   0.07128   0.05482   3.50653   0.90494   0.23202   1.81476  
 68  0.0633  14423.079995  x:  0.00000   0.02310   0.04894   0.06959   0.00386   0.03620   0.09203   0.00000   0.27070   0.05999   0.00704   0.20444   0.00000   0.10046   0.06738   0.04386   0.11317   0.05201   0.03228   0.07542   0.00117   0.03131   0.02255   0.02886   0.03680   0.14328   0.10187   0.00386   0.17937   0.00000   0.00981   0.06535   0.09306   0.06349   0.07422   0.06090   0.07909   0.05397   0.08396   0.00182   0.01241   0.03742   0.03448   0.04021   0.00223   0.05341   0.00561   0.03651   0.05711   0.07279   0.02580   0.02113   0.02437   0.07062   0.05438   3.51325   0.90726   0.23281   1.80275  
 69 32.7468  14423.079528  x:  0.00000   0.02309   0.04897   0.06941   0.00386   0.03621   0.09202   0.00000   0.27070   0.05996   0.00705   0.20445   0.00000   0.10045   0.06733   0.04383   0.11318   0.05199   0.03230   0.07532   0.00117   0.03129   0.02254   0.02885   0.03680   0.14331   0.10188   0.00386   0.17938   0.00000   0.00983   0.06534   0.09311   0.06345   0.07436   0.06086   0.07906   0.05397   0.08401   0.00181   0.01241   0.03741   0.03447   0.04021   0.00223   0.05339   0.00560   0.03651   0.05712   0.07287   0.02579   0.02113   0.02436   0.07060   0.05444   3.51327   0.90731   0.23279   1.80273  
 70  2.8600  14422.783721  x:  0.00000   0.02314   0.04894   0.06861   0.00343   0.03663   0.09142   0.00000   0.26894   0.06014   0.00647   0.20354   0.00000   0.10006   0.06792   0.04440   0.11343   0.05268   0.03278   0.07512   0.00136   0.03074   0.02264   0.02884   0.03721   0.14310   0.10088   0.00379   0.17883   0.00000   0.00991   0.06562   0.09280   0.06304   0.07400   0.06046   0.07869   0.05379   0.08354   0.00243   0.01242   0.03703   0.03448   0.04015   0.00291   0.05294   0.00627   0.03737   0.05663   0.07193   0.02450   0.02129   0.02426   0.07032   0.05544   3.50629   0.90230   0.24293   1.92606  
 71  0.0705  14422.562493  x:  0.00000   0.02318   0.04888   0.06904   0.00451   0.03651   0.09202   0.00000   0.27051   0.05990   0.00670   0.20395   0.00000   0.10049   0.06764   0.04434   0.11317   0.05235   0.03206   0.07536   0.00154   0.03118   0.02279   0.02849   0.03717   0.14296   0.10083   0.00360   0.17889   0.00000   0.00950   0.06564   0.09288   0.06327   0.07412   0.06079   0.07782   0.05386   0.08396   0.00277   0.01210   0.03747   0.03483   0.04040   0.00366   0.05315   0.00599   0.03609   0.05622   0.07223   0.02564   0.02155   0.02405   0.07060   0.05538   3.49984   0.90396   0.24548   1.95082  
 72  0.0123  14422.495631  x:  0.00000   0.02317   0.04879   0.06903   0.00426   0.03640   0.09194   0.00000   0.27083   0.05953   0.00636   0.20383   0.00000   0.10062   0.06715   0.04406   0.11299   0.05200   0.03231   0.07516   0.00125   0.03100   0.02260   0.02867   0.03689   0.14228   0.10134   0.00366   0.17892   0.00000   0.00946   0.06536   0.09294   0.06321   0.07402   0.06062   0.07837   0.05385   0.08395   0.00284   0.01212   0.03713   0.03462   0.04019   0.00414   0.05286   0.00601   0.03649   0.05657   0.07226   0.02525   0.02137   0.02442   0.07034   0.05445   3.50593   0.90423   0.24358   1.95295  
 73  0.0044  14422.467912  x:  0.00000   0.02318   0.04877   0.06892   0.00433   0.03644   0.09188   0.00000   0.26981   0.05976   0.00676   0.20366   0.00000   0.10013   0.06743   0.04406   0.11294   0.05221   0.03246   0.07520   0.00134   0.03091   0.02257   0.02876   0.03706   0.14278   0.10100   0.00377   0.17878   0.00000   0.00956   0.06537   0.09276   0.06313   0.07417   0.06046   0.07825   0.05384   0.08360   0.00268   0.01191   0.03704   0.03457   0.04020   0.00449   0.05283   0.00613   0.03651   0.05666   0.07206   0.02519   0.02128   0.02438   0.07041   0.05449   3.50225   0.90350   0.24331   1.95498  
 74  0.0023  14422.452308  x:  0.00000   0.02317   0.04886   0.06903   0.00422   0.03645   0.09187   0.00000   0.27014   0.05982   0.00649   0.20372   0.00000   0.10045   0.06746   0.04425   0.11305   0.05224   0.03228   0.07520   0.00135   0.03104   0.02264   0.02870   0.03706   0.14254   0.10098   0.00374   0.17884   0.00000   0.00954   0.06549   0.09290   0.06319   0.07406   0.06062   0.07819   0.05381   0.08370   0.00241   0.01187   0.03714   0.03463   0.04026   0.00469   0.05288   0.00601   0.03635   0.05660   0.07222   0.02530   0.02136   0.02430   0.07043   0.05486   3.50554   0.90389   0.24240   1.93956  
 75  0.0101  14422.449425  x:  0.00000   0.02323   0.04883   0.06898   0.00421   0.03645   0.09192   0.00000   0.27042   0.05964   0.00653   0.20380   0.00000   0.10040   0.06734   0.04413   0.11303   0.05216   0.03230   0.07521   0.00132   0.03101   0.02269   0.02869   0.03703   0.14279   0.10105   0.00376   0.17880   0.00000   0.00950   0.06543   0.09287   0.06320   0.07407   0.06058   0.07810   0.05382   0.08381   0.00230   0.01194   0.03718   0.03465   0.04025   0.00468   0.05286   0.00603   0.03640   0.05649   0.07217   0.02524   0.02138   0.02439   0.07042   0.05462   3.50536   0.90414   0.24277   1.93905  
 76  0.0008  14422.448881  x:  0.00000   0.02320   0.04881   0.06898   0.00423   0.03645   0.09192   0.00000   0.27037   0.05968   0.00652   0.20380   0.00000   0.10040   0.06735   0.04412   0.11301   0.05217   0.03234   0.07522   0.00132   0.03101   0.02263   0.02870   0.03702   0.14272   0.10107   0.00376   0.17881   0.00000   0.00952   0.06542   0.09287   0.06319   0.07409   0.06058   0.07820   0.05383   0.08379   0.00227   0.01199   0.03715   0.03462   0.04024   0.00465   0.05285   0.00603   0.03641   0.05656   0.07219   0.02530   0.02136   0.02441   0.07042   0.05463   3.50438   0.90401   0.24311   1.94285  
 77  0.0031  14422.448768  x:  0.00000   0.02320   0.04882   0.06898   0.00424   0.03644   0.09191   0.00000   0.27035   0.05969   0.00652   0.20377   0.00000   0.10039   0.06736   0.04414   0.11302   0.05217   0.03232   0.07520   0.00133   0.03101   0.02265   0.02868   0.03702   0.14266   0.10104   0.00376   0.17884   0.00000   0.00951   0.06543   0.09287   0.06318   0.07408   0.06057   0.07817   0.05382   0.08377   0.00226   0.01201   0.03715   0.03463   0.04024   0.00464   0.05285   0.00603   0.03640   0.05656   0.07219   0.02527   0.02137   0.02438   0.07042   0.05463   3.50430   0.90402   0.24334   1.94592  
 78  0.0021  14422.448752  x:  0.00000   0.02321   0.04883   0.06898   0.00423   0.03644   0.09192   0.00000   0.27037   0.05969   0.00652   0.20377   0.00000   0.10040   0.06736   0.04414   0.11301   0.05217   0.03232   0.07521   0.00133   0.03101   0.02265   0.02868   0.03702   0.14266   0.10105   0.00377   0.17883   0.00000   0.00952   0.06543   0.09287   0.06318   0.07408   0.06058   0.07817   0.05382   0.08377   0.00226   0.01201   0.03716   0.03463   0.04024   0.00465   0.05286   0.00603   0.03640   0.05655   0.07219   0.02528   0.02137   0.02439   0.07041   0.05464   3.50448   0.90398   0.24341   1.94730  
 79  0.0010  14422.448751  x:  0.00000   0.02321   0.04882   0.06898   0.00423   0.03644   0.09192   0.00000   0.27037   0.05969   0.00652   0.20378   0.00000   0.10040   0.06736   0.04414   0.11301   0.05217   0.03232   0.07521   0.00133   0.03101   0.02265   0.02868   0.03702   0.14266   0.10105   0.00377   0.17883   0.00000   0.00952   0.06543   0.09287   0.06318   0.07408   0.06058   0.07817   0.05382   0.08377   0.00226   0.01201   0.03716   0.03463   0.04024   0.00465   0.05286   0.00603   0.03640   0.05655   0.07219   0.02528   0.02137   0.02439   0.07042   0.05464   3.50459   0.90397   0.24342   1.94758  
 80  0.0002  14422.448750  x:  0.00000   0.02321   0.04883   0.06898   0.00423   0.03644   0.09192   0.00000   0.27037   0.05969   0.00652   0.20377   0.00000   0.10040   0.06736   0.04414   0.11301   0.05217   0.03232   0.07521   0.00133   0.03101   0.02265   0.02869   0.03702   0.14266   0.10105   0.00377   0.17883   0.00000   0.00952   0.06543   0.09287   0.06318   0.07408   0.06058   0.07817   0.05382   0.08377   0.00226   0.01201   0.03716   0.03463   0.04024   0.00465   0.05286   0.00603   0.03640   0.05655   0.07219   0.02528   0.02137   0.02439   0.07042   0.05464   3.50463   0.90397   0.24342   1.94760  
 81  0.0000  14422.448750  x:  0.00000   0.02321   0.04882   0.06898   0.00423   0.03644   0.09192   0.00000   0.27037   0.05969   0.00652   0.20377   0.00000   0.10040   0.06736   0.04414   0.11301   0.05217   0.03232   0.07521   0.00133   0.03101   0.02265   0.02869   0.03702   0.14266   0.10105   0.00377   0.17883   0.00000   0.00952   0.06543   0.09287   0.06318   0.07408   0.06058   0.07817   0.05382   0.08377   0.00226   0.01201   0.03716   0.03463   0.04024   0.00465   0.05286   0.00603   0.03640   0.05655   0.07219   0.02528   0.02137   0.02439   0.07042   0.05464   3.50462   0.90397   0.24343   1.94763  
 82  0.0000  14422.448750  x:  0.00000   0.02321   0.04882   0.06898   0.00423   0.03644   0.09192   0.00000   0.27037   0.05969   0.00652   0.20377   0.00000   0.10040   0.06736   0.04414   0.11301   0.05217   0.03232   0.07521   0.00133   0.03101   0.02265   0.02869   0.03702   0.14266   0.10105   0.00377   0.17883   0.00000   0.00952   0.06543   0.09287   0.06318   0.07408   0.06058   0.07817   0.05382   0.08377   0.00226   0.01201   0.03716   0.03463   0.04024   0.00465   0.05286   0.00603   0.03640   0.05655   0.07219   0.02528   0.02137   0.02439   0.07042   0.05464   3.50462   0.90397   0.24343   1.94762  