

TREE # 1

  0  0.0000   9436.669110  x:  0.04570   0.10428   0.01240   0.07527   0.03285   0.08607   0.05859   0.04045   0.09430   0.02878   0.10290   0.09119   0.05401   0.05995   0.05058   0.02992   0.02742   0.01262   0.01242   0.06408   0.04275   0.03170   0.05444   0.08571   0.08288   0.07961   0.04248   0.06509   0.06496   0.06432   0.08623   0.01922   0.05010   0.08855   0.06252   0.09116   0.05014   0.09324   0.07244   0.05114   0.07381   0.04401   0.06208   0.10541   0.02946   0.08389   0.01150   0.07371   0.07647   0.05078   0.07168   0.07135   0.09260   0.03312   0.10406   2.00000   0.90000   1.16816   1.89495  
  1 99.0000   9070.515638  x:  0.02716   0.10118   0.19432   0.12048   0.01970   0.08124   0.05589   0.01960   0.11612   0.06546   0.08924   0.11948   0.03556   0.07472   0.06349   0.04710   0.07361   0.15289   0.06491   0.08047   0.02947   0.04650   0.04118   0.07499   0.06769   0.08476   0.10005   0.05306   0.06966   0.04953   0.06943   0.04960   0.08865   0.10439   0.08267   0.08509   0.08232   0.08637   0.08011   0.03256   0.05657   0.03401   0.05026   0.09023   0.02226   0.07901   0.00000   0.06675   0.06421   0.05189   0.05616   0.05548   0.07889   0.04308   0.09745   2.00506   0.91324   1.15658   1.89998  
  2 4699.2004   9001.478605  x:  0.00953   0.09619   0.24770   0.14801   0.00556   0.07463   0.05135   0.00000   0.13049   0.08143   0.07816   0.13958   0.01892   0.08428   0.07150   0.05488   0.08929   0.19140   0.07663   0.09080   0.01785   0.05355   0.03109   0.06653   0.05472   0.08816   0.12797   0.04046   0.07383   0.03603   0.05405   0.05818   0.10803   0.11658   0.09581   0.08015   0.09652   0.07792   0.08668   0.01594   0.04155   0.02725   0.04116   0.07705   0.01984   0.07599   0.11283   0.06222   0.05518   0.05387   0.04279   0.04146   0.06716   0.04886   0.09205   2.00970   0.92321   1.14547   1.90446  
  3 4548.8739   8976.462930  x:  0.00375   0.09415   0.24609   0.15338   0.00000   0.07177   0.04962   0.00000   0.13355   0.08234   0.07481   0.14421   0.01355   0.08602   0.07275   0.05539   0.08908   0.18872   0.07378   0.09282   0.01467   0.05412   0.02904   0.06445   0.05087   0.08882   0.13148   0.03563   0.07504   0.03164   0.04882   0.05685   0.11040   0.11968   0.09831   0.07874   0.09764   0.07479   0.08859   0.01087   0.03670   0.02683   0.03921   0.07294   0.01987   0.07522   0.11146   0.06089   0.05222   0.05494   0.03878   0.03705   0.06375   0.04952   0.09053   2.01134   0.92587   1.14135   1.90598  
  4 1329.0375   8935.083679  x:  0.03384   0.08540   0.24752   0.16676   0.00000   0.05444   0.05284   0.00000   0.13978   0.07747   0.05657   0.15201   0.00000   0.08425   0.06942   0.05582   0.09124   0.18134   0.06597   0.09508   0.02316   0.05450   0.03753   0.06251   0.03934   0.08780   0.14251   0.00881   0.07502   0.02005   0.02311   0.05352   0.11449   0.12351   0.09703   0.07264   0.09838   0.06176   0.09272   0.02333   0.02018   0.03033   0.04283   0.05616   0.01806   0.07149   0.11003   0.05790   0.04751   0.06051   0.02803   0.02383   0.05766   0.04635   0.08462   2.02275   0.94983   1.11406   1.91670  
  5 897.7224   8899.992441  x:  0.05173   0.07577   0.25549   0.18154   0.00000   0.02661   0.08406   0.00000   0.15569   0.05129   0.01603   0.15899   0.00000   0.08585   0.07064   0.05399   0.09173   0.16963   0.05613   0.08900   0.00763   0.04762   0.02148   0.05922   0.03569   0.08531   0.15453   0.02097   0.08176   0.02866   0.00888   0.05398   0.11473   0.12533   0.09076   0.07024   0.09447   0.04630   0.08261   0.01832   0.03025   0.01956   0.03359   0.03979   0.02846   0.06568   0.10834   0.05581   0.04383   0.05655   0.02624   0.02665   0.04531   0.04741   0.07814   2.05225   0.99999   1.04255   1.94338  
  6 525.4738   8899.992441  x:  0.05173   0.07577   0.25549   0.18154   0.00000   0.02661   0.08406   0.00000   0.15569   0.05129   0.01603   0.15899   0.00000   0.08585   0.07064   0.05399   0.09173   0.16963   0.05613   0.08900   0.00763   0.04762   0.02148   0.05922   0.03569   0.08531   0.15453   0.02097   0.08176   0.02866   0.00888   0.05398   0.11473   0.12533   0.09076   0.07024   0.09447   0.04630   0.08261   0.01832   0.03025   0.01956   0.03359   0.03979   0.02846   0.06568   0.10834   0.05581   0.04383   0.05655   0.02624   0.02665   0.04531   0.04741   0.07814   2.05225   0.99999   1.04255   1.94338  
  7 864.8471   8853.942898  x:  0.02719   0.07328   0.24826   0.19208   0.00000   0.03101   0.08065   0.00000   0.16479   0.05252   0.00473   0.16935   0.00000   0.09078   0.07359   0.05592   0.08927   0.16056   0.04947   0.09587   0.00607   0.05218   0.02188   0.05419   0.02770   0.08780   0.15946   0.00600   0.08322   0.01474   0.01202   0.04963   0.11945   0.13287   0.09906   0.06756   0.09594   0.04223   0.08881   0.00000   0.01675   0.02672   0.03049   0.03624   0.02115   0.06484   0.08410   0.05266   0.03608   0.05850   0.01727   0.01515   0.03807   0.04923   0.07547   2.05731   0.98803   1.02938   1.94718  
  8 920.5115   8841.454760  x:  0.01704   0.07225   0.24527   0.19643   0.00000   0.03277   0.07926   0.00000   0.16855   0.05300   0.00014   0.17361   0.00000   0.09279   0.07480   0.05669   0.08826   0.15680   0.04674   0.09868   0.00546   0.05403   0.02203   0.05214   0.02446   0.08882   0.16150   0.00000   0.08383   0.00906   0.01325   0.04785   0.12139   0.13597   0.10246   0.06646   0.09655   0.04057   0.09136   0.00094   0.01130   0.02958   0.02923   0.03481   0.01819   0.06450   0.07406   0.05137   0.03293   0.05932   0.01365   0.01052   0.03516   0.04997   0.07438   2.05941   0.98323   1.02391   1.94876  
  9 8380.7978   8840.824343  x:  0.01667   0.07221   0.24516   0.19659   0.00000   0.03283   0.07922   0.00000   0.16868   0.05301   0.00000   0.17376   0.00000   0.09286   0.07484   0.05671   0.08822   0.15667   0.04665   0.09878   0.00544   0.05409   0.02204   0.05207   0.02436   0.08885   0.16158   0.00016   0.08386   0.00890   0.01329   0.04779   0.12145   0.13608   0.10257   0.06643   0.09657   0.04051   0.09145   0.00096   0.01114   0.02966   0.02919   0.03476   0.01811   0.06449   0.07369   0.05132   0.03283   0.05935   0.01355   0.01040   0.03507   0.05000   0.07434   2.05949   0.98309   1.02370   1.94882  
 10 4443.7122   8823.493129  x:  0.00000   0.07066   0.24008   0.20271   0.00000   0.03280   0.07910   0.00000   0.17408   0.05193   0.00210   0.17948   0.00000   0.09472   0.07609   0.05668   0.08700   0.15070   0.04396   0.10170   0.00685   0.05504   0.02194   0.05042   0.02353   0.08982   0.16457   0.00019   0.08527   0.00783   0.01227   0.04630   0.12368   0.13990   0.10587   0.06524   0.09735   0.03918   0.09427   0.00103   0.01253   0.02856   0.02908   0.03421   0.01874   0.06410   0.05690   0.05003   0.03156   0.06135   0.01549   0.01498   0.03462   0.05047   0.07315   2.06320   0.98276   1.01384   1.95193  
 11 1648.5631   8810.448045  x:  0.00000   0.07035   0.23390   0.20890   0.00000   0.03131   0.07917   0.00000   0.17901   0.05077   0.00037   0.18474   0.00000   0.09575   0.07651   0.05600   0.08609   0.14390   0.04272   0.10343   0.00437   0.05466   0.02163   0.05010   0.02564   0.09038   0.16759   0.00000   0.08665   0.01229   0.01220   0.04604   0.12545   0.14324   0.10795   0.06433   0.09799   0.03932   0.09703   0.00102   0.01426   0.02554   0.02983   0.03482   0.02065   0.06397   0.03609   0.04952   0.03326   0.06265   0.01576   0.01172   0.03628   0.05050   0.07234   2.06809   0.98552   1.00066   1.95612  
 12 2038.1140   8810.448045  x:  0.00000   0.07035   0.23390   0.20890   0.00000   0.03131   0.07917   0.00000   0.17901   0.05077   0.00037   0.18474   0.00000   0.09575   0.07651   0.05600   0.08609   0.14390   0.04272   0.10343   0.00437   0.05466   0.02163   0.05010   0.02564   0.09038   0.16759   0.00000   0.08665   0.01229   0.01220   0.04604   0.12545   0.14324   0.10795   0.06433   0.09799   0.03932   0.09703   0.00102   0.01426   0.02554   0.02983   0.03482   0.02065   0.06397   0.03609   0.04952   0.03326   0.06265   0.01576   0.01172   0.03628   0.05050   0.07234   2.06809   0.98552   1.00066   1.95612  
 13 1288.0239   8807.262330  x:  0.00000   0.07027   0.23333   0.20948   0.00000   0.03141   0.07919   0.00000   0.17949   0.05068   0.00046   0.18523   0.00000   0.09586   0.07657   0.05599   0.08601   0.14328   0.04261   0.10364   0.00497   0.05470   0.02163   0.05001   0.02550   0.09045   0.16787   0.00920   0.08679   0.01205   0.01209   0.04597   0.12561   0.14355   0.10817   0.06424   0.09806   0.03925   0.09725   0.00509   0.01410   0.02549   0.02980   0.03478   0.02054   0.06396   0.03421   0.04944   0.03321   0.06277   0.01576   0.01211   0.03624   0.05052   0.07225   2.06855   0.98553   0.99941   1.95650  
 14 1655.4088   8795.781482  x:  0.00000   0.06953   0.22725   0.21554   0.00000   0.03084   0.07911   0.00000   0.18463   0.04979   0.00000   0.19063   0.00000   0.09712   0.07731   0.05628   0.08513   0.13657   0.04134   0.10585   0.00935   0.05517   0.02170   0.04909   0.02416   0.09114   0.17053   0.01067   0.08738   0.00643   0.01084   0.04480   0.12756   0.14691   0.11090   0.06282   0.09835   0.03861   0.09948   0.00192   0.01243   0.02503   0.02946   0.03438   0.01954   0.06389   0.01394   0.04869   0.03266   0.06385   0.01573   0.01558   0.03547   0.05077   0.07131   2.07356   0.98593   0.98580   1.96068  
 15 482.6503   8791.232631  x:  0.00000   0.06912   0.22340   0.21925   0.00000   0.03036   0.07911   0.00000   0.18772   0.04931   0.00000   0.19386   0.00000   0.09779   0.07769   0.05643   0.08462   0.13244   0.04060   0.10700   0.00884   0.05533   0.02163   0.04862   0.02379   0.09154   0.17216   0.00863   0.08779   0.00580   0.01120   0.04420   0.12871   0.14893   0.11248   0.06197   0.09846   0.03834   0.10072   0.00613   0.01275   0.02469   0.02934   0.03420   0.01934   0.06393   0.00296   0.04828   0.03281   0.06445   0.01561   0.01578   0.03526   0.05091   0.07078   2.07683   0.98608   0.97686   1.96341  
 16 1942.0746   8771.601421  x:  0.00000   0.06683   0.19635   0.24467   0.00000   0.02760   0.07947   0.00000   0.20843   0.04647   0.00000   0.21556   0.00000   0.10194   0.07989   0.05705   0.08132   0.10418   0.03642   0.11414   0.00000   0.05599   0.02110   0.04605   0.02293   0.09398   0.18327   0.00988   0.09093   0.01148   0.01504   0.04102   0.13624   0.16241   0.12257   0.05669   0.09906   0.03702   0.10814   0.00322   0.01803   0.02164   0.02877   0.03339   0.01991   0.06492   0.00315   0.04616   0.03676   0.06787   0.01470   0.01247   0.03364   0.05169   0.06742   2.10040   0.98622   0.91212   1.98295  
 17 627.4628   8758.750958  x:  0.00000   0.06423   0.16303   0.27562   0.00000   0.02466   0.08000   0.00000   0.23335   0.04347   0.00000   0.24167   0.00000   0.10662   0.08228   0.05775   0.07767   0.07034   0.03336   0.12263   0.01128   0.05672   0.02088   0.04358   0.02264   0.09678   0.19660   0.00726   0.09449   0.01832   0.01896   0.03777   0.14512   0.17851   0.13441   0.05058   0.09962   0.03589   0.11662   0.00737   0.02378   0.01890   0.02834   0.03268   0.02092   0.06615   0.00870   0.04387   0.04149   0.07157   0.01385   0.00760   0.03233   0.05252   0.06370   2.13017   0.98551   0.83010   2.00754  
 18 6523.7422   8745.240963  x:  0.00000   0.06494   0.13475   0.30154   0.00000   0.03015   0.08134   0.00000   0.25114   0.04645   0.00000   0.26043   0.00000   0.10656   0.08108   0.05772   0.07897   0.06126   0.04311   0.12416   0.00800   0.05527   0.02144   0.04788   0.02874   0.09697   0.20541   0.00169   0.09432   0.01129   0.00841   0.04248   0.14903   0.18852   0.13959   0.05073   0.09943   0.03988   0.11766   0.01848   0.01348   0.03065   0.03026   0.03491   0.02075   0.06619   0.01881   0.04554   0.03912   0.06934   0.01828   0.03144   0.03568   0.05152   0.06541   2.16592   0.97356   0.72909   2.03568  
 19 950.8795   8717.755391  x:  0.00000   0.06905   0.10573   0.33437   0.00000   0.03687   0.08366   0.00000   0.26765   0.05295   0.00000   0.27830   0.00000   0.10078   0.07567   0.05529   0.08595   0.08761   0.05936   0.11785   0.00646   0.05196   0.02149   0.05534   0.03010   0.09380   0.21229   0.00230   0.09120   0.00273   0.01841   0.05322   0.14756   0.19532   0.13764   0.05816   0.09959   0.04792   0.10882   0.01719   0.00247   0.03393   0.03077   0.03659   0.01900   0.06358   0.01825   0.05018   0.02903   0.06027   0.01112   0.01190   0.03840   0.04817   0.07251   2.23156   0.94228   0.54105   2.08480  
 20 1144.8446   8710.002420  x:  0.00000   0.07078   0.09592   0.34799   0.00000   0.03930   0.08438   0.00000   0.27341   0.05532   0.00000   0.28467   0.00000   0.09770   0.07312   0.05413   0.08902   0.10091   0.06580   0.11416   0.00704   0.05063   0.02152   0.05807   0.02996   0.09206   0.21434   0.00327   0.08946   0.00098   0.01824   0.05696   0.14591   0.19704   0.13544   0.06142   0.09986   0.05110   0.10373   0.01494   0.01726   0.03535   0.03069   0.03689   0.01865   0.06218   0.01639   0.05198   0.02536   0.05685   0.01193   0.00843   0.03948   0.04675   0.07554   2.26297   0.92612   0.45132   2.10783  
 21 4404.8305   8700.364485  x:  0.00000   0.07045   0.09875   0.35854   0.00000   0.03596   0.08358   0.00000   0.27453   0.05335   0.00000   0.28646   0.00000   0.09433   0.07148   0.05286   0.08989   0.11267   0.06420   0.10924   0.00996   0.05048   0.02092   0.05586   0.02518   0.08995   0.21358   0.00457   0.08807   0.02339   0.01426   0.05419   0.14191   0.19534   0.13002   0.06216   0.10118   0.04993   0.09751   0.01043   0.01621   0.02734   0.02856   0.03432   0.01972   0.06084   0.01149   0.05153   0.02965   0.05602   0.01883   0.01501   0.03683   0.04635   0.07585   2.30042   0.90286   0.34806   2.13355  
 22 1513.7323   8692.970665  x:  0.00000   0.06793   0.10897   0.36092   0.00000   0.03098   0.08142   0.00000   0.27138   0.04865   0.00000   0.28363   0.00000   0.09360   0.07219   0.05279   0.08736   0.11030   0.05562   0.10705   0.00877   0.05136   0.02069   0.05088   0.02381   0.08888   0.21042   0.00370   0.08663   0.01615   0.00346   0.04738   0.13847   0.19145   0.12579   0.05899   0.10179   0.04534   0.09578   0.01296   0.01455   0.02241   0.02787   0.03249   0.01994   0.06093   0.01347   0.04848   0.03414   0.05828   0.01598   0.01182   0.03433   0.04726   0.07257   2.32374   0.88393   0.29248   2.14783  
 23 820.1035   8689.099293  x:  0.00000   0.06567   0.11840   0.36100   0.00000   0.02762   0.07959   0.00000   0.26735   0.04496   0.00000   0.27979   0.00000   0.09335   0.07297   0.05279   0.08461   0.10514   0.04787   0.10572   0.00841   0.05196   0.02061   0.04704   0.02417   0.08813   0.20700   0.00308   0.08568   0.00816   0.01224   0.04247   0.13567   0.18749   0.12231   0.05588   0.10160   0.04132   0.09511   0.01484   0.01443   0.02241   0.02785   0.03177   0.01969   0.06113   0.01540   0.04578   0.03611   0.06039   0.01522   0.01570   0.03288   0.04793   0.06934   2.34209   0.86830   0.25341   2.15839  
 24 1204.6037   8687.254040  x:  0.00000   0.06506   0.12172   0.35761   0.00000   0.03064   0.07929   0.00000   0.26189   0.04634   0.00000   0.27424   0.00000   0.09393   0.07320   0.05313   0.08202   0.09426   0.04447   0.10653   0.00853   0.05102   0.02023   0.04829   0.02692   0.08833   0.20352   0.00386   0.08670   0.01129   0.01179   0.04432   0.13451   0.18367   0.12130   0.05429   0.09847   0.04111   0.09689   0.01294   0.01384   0.03082   0.02872   0.03420   0.01870   0.06107   0.01381   0.04538   0.03011   0.06016   0.01712   0.01145   0.03430   0.04721   0.06737   2.35725   0.85755   0.23925   2.16548  
 25 221.8143   8685.766649  x:  0.00000   0.06579   0.11977   0.35175   0.00000   0.03276   0.07988   0.00000   0.25460   0.04984   0.00000   0.26665   0.00000   0.09485   0.07274   0.05295   0.08109   0.08334   0.04711   0.10855   0.00824   0.05011   0.02022   0.05124   0.02424   0.08903   0.19952   0.00411   0.08814   0.01186   0.01198   0.04890   0.13455   0.17970   0.12240   0.05531   0.09305   0.04416   0.09980   0.01224   0.01445   0.02465   0.02766   0.03351   0.02023   0.06045   0.01293   0.04755   0.02954   0.05799   0.01233   0.01265   0.03564   0.04621   0.06783   2.37933   0.84827   0.23283   2.17503  
 26 169.9707   8684.887951  x:  0.00000   0.06610   0.11661   0.34696   0.00000   0.03166   0.08023   0.00000   0.24946   0.05036   0.00000   0.26125   0.00000   0.09554   0.07260   0.05271   0.08159   0.07926   0.04990   0.11025   0.00773   0.05050   0.02077   0.05181   0.02355   0.08964   0.19720   0.00429   0.08882   0.00987   0.01236   0.04945   0.13539   0.17766   0.12420   0.05647   0.08987   0.04546   0.10165   0.01209   0.01391   0.02155   0.02800   0.03271   0.01941   0.06053   0.01264   0.04867   0.03205   0.05807   0.01916   0.01075   0.03526   0.04645   0.06890   2.39995   0.84484   0.23118   2.18389  
 27 221.6621   8681.816386  x:  0.00000   0.06561   0.10575   0.33040   0.00000   0.02308   0.08097   0.00000   0.23431   0.04549   0.00000   0.24499   0.00000   0.09755   0.07326   0.05242   0.08507   0.07912   0.05513   0.11559   0.00759   0.05349   0.02070   0.04800   0.02554   0.09161   0.19242   0.00506   0.09040   0.01149   0.01221   0.04224   0.14015   0.17427   0.13174   0.05866   0.08491   0.04482   0.10567   0.01078   0.01408   0.02870   0.02960   0.03220   0.01786   0.06258   0.01130   0.04788   0.03790   0.06005   0.01455   0.01060   0.03131   0.04918   0.07194   2.48433   0.84426   0.23299   2.22032  
 28 275.6499   8675.721852  x:  0.00000   0.06248   0.09985   0.30185   0.00000   0.03563   0.08170   0.00000   0.21433   0.04033   0.00000   0.22235   0.00000   0.09863   0.07480   0.05477   0.08624   0.08479   0.04709   0.12045   0.00750   0.05212   0.01801   0.04207   0.02423   0.09249   0.18945   0.00454   0.09047   0.01025   0.01188   0.03576   0.14797   0.17358   0.14195   0.05306   0.09020   0.03833   0.10738   0.01156   0.01351   0.02300   0.02443   0.03490   0.02357   0.06279   0.01222   0.03904   0.02763   0.06516   0.01583   0.01223   0.03415   0.04866   0.06943   2.67021   0.85707   0.24425   2.30167  
 29 549.2808   8669.058613  x:  0.00000   0.06125   0.10868   0.27666   0.00000   0.03423   0.07872   0.00000   0.20334   0.04578   0.00000   0.20856   0.00000   0.09624   0.07309   0.05230   0.08149   0.08508   0.03464   0.11797   0.00777   0.04787   0.02445   0.04610   0.02416   0.08921   0.18900   0.00455   0.08666   0.00955   0.01138   0.04469   0.14982   0.17531   0.14432   0.04407   0.10110   0.03603   0.10311   0.01159   0.01356   0.02217   0.03120   0.03076   0.01282   0.05886   0.01217   0.04260   0.03153   0.06298   0.01427   0.01335   0.03486   0.04433   0.06258   2.87510   0.87335   0.26134   2.39233  
 30 1041.3679   8664.995959  x:  0.00000   0.06177   0.12013   0.26301   0.00000   0.02631   0.07480   0.00000   0.20191   0.04859   0.00000   0.20587   0.00000   0.09270   0.07047   0.04932   0.07621   0.08071   0.03459   0.11148   0.00783   0.04653   0.01888   0.04888   0.02341   0.08536   0.18871   0.00521   0.08263   0.00770   0.01151   0.04789   0.14528   0.17626   0.13948   0.04159   0.10605   0.03732   0.09757   0.01065   0.01304   0.02636   0.02883   0.02958   0.02631   0.05689   0.01108   0.04630   0.03434   0.05805   0.01614   0.01218   0.03268   0.04271   0.05908   3.01952   0.88101   0.27687   2.45680  
 31 1279.4638   8660.649628  x:  0.00000   0.06259   0.13394   0.25572   0.00000   0.02351   0.07138   0.00000   0.20743   0.04526   0.00000   0.21169   0.00000   0.08847   0.06846   0.04946   0.07147   0.07318   0.04448   0.10124   0.00746   0.04931   0.01565   0.04674   0.02366   0.08212   0.18724   0.00527   0.07972   0.00833   0.01185   0.04168   0.13335   0.17500   0.12640   0.04689   0.10328   0.03822   0.09162   0.01046   0.01343   0.02420   0.02144   0.03330   0.01768   0.05594   0.01094   0.04467   0.02929   0.05369   0.01597   0.01211   0.03080   0.04525   0.06062   3.15867   0.88093   0.29645   2.51962  
 32 885.5407   8658.955629  x:  0.00000   0.06267   0.13967   0.25560   0.00000   0.02713   0.07174   0.00000   0.21175   0.04300   0.00000   0.21693   0.00000   0.08771   0.06885   0.05116   0.07147   0.07184   0.04657   0.09757   0.00745   0.05040   0.02219   0.04480   0.02358   0.08218   0.18521   0.00541   0.08027   0.00909   0.01213   0.03855   0.12583   0.17197   0.11750   0.05061   0.09714   0.03760   0.09085   0.00989   0.01360   0.02352   0.02861   0.03223   0.02066   0.05748   0.01035   0.04308   0.02938   0.05452   0.01547   0.01181   0.03133   0.04638   0.06277   3.21858   0.87866   0.30627   2.54714  
 33 663.4545   8657.727871  x:  0.00000   0.06229   0.14315   0.25976   0.00000   0.02901   0.07441   0.00000   0.21608   0.04354   0.00000   0.22278   0.00000   0.08966   0.07086   0.05275   0.07463   0.07549   0.04195   0.09854   0.00790   0.04945   0.01729   0.04449   0.02316   0.08441   0.18196   0.00530   0.08305   0.00918   0.01215   0.04111   0.12041   0.16636   0.10974   0.05239   0.08784   0.03634   0.09378   0.00982   0.01380   0.02484   0.02829   0.02973   0.01975   0.05949   0.01031   0.04293   0.03306   0.05875   0.01535   0.01201   0.03285   0.04585   0.06414   3.25936   0.87462   0.31445   2.56660  
 34 314.9082   8657.393122  x:  0.00000   0.06222   0.14491   0.26309   0.00000   0.02683   0.07523   0.00000   0.21736   0.04422   0.00000   0.22481   0.00000   0.09089   0.07146   0.05231   0.07597   0.07773   0.03982   0.10046   0.00797   0.04949   0.02023   0.04531   0.02404   0.08538   0.18038   0.00523   0.08409   0.00923   0.01206   0.04185   0.12016   0.16335   0.10849   0.05232   0.08477   0.03687   0.09539   0.00998   0.01390   0.02450   0.02568   0.03174   0.02040   0.05953   0.01048   0.04313   0.03218   0.05953   0.01562   0.01234   0.03226   0.04556   0.06377   3.27085   0.87271   0.31724   2.57255  
 35 161.4418   8657.220396  x:  0.00000   0.06220   0.14758   0.26757   0.00000   0.02581   0.07542   0.00000   0.21765   0.04438   0.00000   0.22585   0.00000   0.09172   0.07149   0.05154   0.07646   0.07929   0.03995   0.10272   0.00799   0.04996   0.01904   0.04577   0.02354   0.08589   0.17905   0.00513   0.08449   0.00938   0.01204   0.04108   0.12215   0.16041   0.10983   0.05193   0.08400   0.03794   0.09636   0.01021   0.01403   0.02380   0.02793   0.03255   0.02031   0.05880   0.01074   0.04344   0.03045   0.05866   0.01588   0.01260   0.03172   0.04581   0.06296   3.27665   0.87094   0.31918   2.57627  
 36 69.8027   8657.104824  x:  0.00000   0.06213   0.15063   0.27252   0.00000   0.02740   0.07545   0.00000   0.21722   0.04418   0.00000   0.22610   0.00000   0.09197   0.07136   0.05148   0.07641   0.08000   0.04114   0.10419   0.00798   0.05033   0.01958   0.04569   0.02375   0.08605   0.17805   0.00512   0.08453   0.00956   0.01219   0.04058   0.12468   0.15796   0.11205   0.05200   0.08437   0.03819   0.09654   0.01014   0.01414   0.02450   0.02700   0.03130   0.02034   0.05859   0.01068   0.04386   0.03160   0.05778   0.01586   0.01233   0.03224   0.04629   0.06292   3.28034   0.86943   0.32074   2.57940  
 37 58.2919   8657.068490  x:  0.00000   0.06223   0.15163   0.27531   0.00000   0.02716   0.07550   0.00000   0.21631   0.04435   0.00000   0.22541   0.00000   0.09168   0.07142   0.05204   0.07633   0.07990   0.04138   0.10366   0.00802   0.05005   0.01949   0.04545   0.02397   0.08594   0.17801   0.00514   0.08441   0.00961   0.01220   0.04147   0.12553   0.15772   0.11309   0.05265   0.08474   0.03757   0.09610   0.01006   0.01418   0.02433   0.02724   0.03231   0.02042   0.05941   0.01060   0.04352   0.03198   0.05861   0.01578   0.01231   0.03239   0.04619   0.06402   3.28119   0.86880   0.32146   2.58114  
 38 23.4650   8657.050596  x:  0.00000   0.06255   0.15170   0.27727   0.00000   0.02681   0.07563   0.00000   0.21534   0.04451   0.00000   0.22446   0.00000   0.09153   0.07162   0.05224   0.07643   0.07986   0.04107   0.10292   0.00803   0.05008   0.01962   0.04566   0.02367   0.08591   0.17834   0.00510   0.08445   0.00960   0.01219   0.04131   0.12549   0.15829   0.11323   0.05278   0.08474   0.03771   0.09589   0.01011   0.01417   0.02443   0.02713   0.03145   0.02040   0.05964   0.01066   0.04352   0.03137   0.05908   0.01583   0.01234   0.03215   0.04609   0.06432   3.28123   0.86833   0.32201   2.58275  
 39 15.9926   8657.031837  x:  0.00000   0.06274   0.15158   0.27945   0.00000   0.02713   0.07575   0.00000   0.21399   0.04444   0.00000   0.22302   0.00000   0.09153   0.07183   0.05208   0.07661   0.07995   0.04077   0.10229   0.00807   0.05033   0.01948   0.04585   0.02400   0.08595   0.17893   0.00510   0.08461   0.00960   0.01220   0.04083   0.12492   0.15932   0.11276   0.05243   0.08446   0.03804   0.09588   0.01005   0.01419   0.02432   0.02718   0.03196   0.02042   0.05928   0.01058   0.04386   0.03181   0.05888   0.01581   0.01234   0.03223   0.04621   0.06387   3.28080   0.86804   0.32263   2.58534  
 40 17.4301   8657.017913  x:  0.00000   0.06224   0.15172   0.28047   0.00000   0.02698   0.07558   0.00000   0.21322   0.04426   0.00000   0.22205   0.00000   0.09177   0.07168   0.05179   0.07660   0.08002   0.04116   0.10268   0.00803   0.05026   0.01962   0.04532   0.02347   0.08598   0.17924   0.00507   0.08462   0.00958   0.01218   0.04138   0.12438   0.15992   0.11216   0.05229   0.08412   0.03768   0.09610   0.01005   0.01419   0.02449   0.02716   0.03196   0.02039   0.05912   0.01060   0.04349   0.03176   0.05844   0.01586   0.01232   0.03241   0.04636   0.06349   3.27992   0.86828   0.32297   2.58826  
 41 13.2284   8656.995444  x:  0.00000   0.06170   0.15229   0.28097   0.00000   0.02692   0.07528   0.00000   0.21252   0.04429   0.00000   0.22094   0.00000   0.09200   0.07129   0.05176   0.07635   0.07993   0.04145   0.10367   0.00802   0.04998   0.01945   0.04535   0.02457   0.08593   0.17927   0.00506   0.08444   0.00960   0.01216   0.04144   0.12380   0.16016   0.11150   0.05258   0.08363   0.03756   0.09634   0.00999   0.01420   0.02412   0.02721   0.03143   0.02043   0.05930   0.01053   0.04323   0.03152   0.05830   0.01581   0.01233   0.03204   0.04617   0.06362   3.27784   0.86924   0.32331   2.59419  
 42 19.8212   8656.925796  x:  0.00000   0.06148   0.15369   0.28078   0.00000   0.02724   0.07486   0.00000   0.21136   0.04448   0.00000   0.21867   0.00000   0.09198   0.07070   0.05220   0.07563   0.07946   0.04108   0.10543   0.00794   0.04965   0.01948   0.04591   0.02328   0.08558   0.17862   0.00493   0.08386   0.00944   0.01218   0.04027   0.12299   0.15959   0.11054   0.05342   0.08243   0.03833   0.09644   0.00998   0.01411   0.02451   0.02703   0.03202   0.02022   0.05973   0.01051   0.04373   0.03165   0.05871   0.01572   0.01226   0.03179   0.04560   0.06455   3.27070   0.87187   0.32437   2.61371  
 43 50.9371   8656.566635  x:  0.00000   0.06274   0.15533   0.27513   0.00000   0.02587   0.07517   0.00000   0.20812   0.04236   0.00000   0.21191   0.00000   0.08936   0.07171   0.05170   0.07513   0.07806   0.03961   0.10383   0.00790   0.05124   0.01923   0.04439   0.02390   0.08411   0.17360   0.00456   0.08296   0.00949   0.01205   0.04078   0.12288   0.15344   0.11017   0.05236   0.07823   0.03836   0.09415   0.00918   0.01389   0.02387   0.02689   0.03119   0.02019   0.05767   0.00984   0.04319   0.03094   0.05936   0.01542   0.01205   0.03458   0.04668   0.06406   3.23247   0.87646   0.33226   2.71717  
 44 108.9539   8656.239393  x:  0.00000   0.06158   0.15561   0.26896   0.00000   0.02704   0.07522   0.00000   0.20521   0.04324   0.00000   0.20766   0.00000   0.08880   0.07167   0.05123   0.07540   0.07775   0.03945   0.10092   0.00792   0.04972   0.01921   0.04380   0.02328   0.08402   0.16985   0.00408   0.08324   0.00957   0.01208   0.04003   0.12289   0.14907   0.11033   0.05129   0.07750   0.03600   0.09337   0.00868   0.01400   0.02379   0.02668   0.03136   0.01993   0.05785   0.00928   0.04199   0.03153   0.05866   0.01527   0.01179   0.03003   0.04567   0.06190   3.19811   0.87609   0.34042   2.81025  
 45 414.0458   8656.019098  x:  0.00000   0.06012   0.15638   0.26330   0.00000   0.02604   0.07408   0.00000   0.20226   0.04346   0.00000   0.20673   0.00000   0.09116   0.07054   0.05120   0.07541   0.07857   0.03883   0.10032   0.00801   0.04875   0.01927   0.04442   0.02334   0.08529   0.16901   0.00382   0.08410   0.00990   0.01219   0.03842   0.12240   0.14891   0.11026   0.05205   0.08144   0.03592   0.09550   0.00808   0.01412   0.02339   0.02673   0.03129   0.01990   0.05978   0.00880   0.04196   0.03179   0.05837   0.01529   0.01156   0.03287   0.04561   0.06199   3.17433   0.87208   0.34667   2.87496  
 46 237.8915   8655.930465  x:  0.00000   0.06081   0.15771   0.26035   0.00000   0.02660   0.07416   0.00000   0.20060   0.04259   0.00000   0.20710   0.00000   0.09203   0.07103   0.05168   0.07529   0.07906   0.03850   0.10171   0.00802   0.05058   0.01926   0.04378   0.02336   0.08576   0.16987   0.00362   0.08434   0.01003   0.01223   0.03980   0.12234   0.15027   0.11012   0.05248   0.08356   0.03691   0.09665   0.00798   0.01422   0.02340   0.02676   0.03141   0.02003   0.05944   0.00871   0.04253   0.03181   0.05927   0.01524   0.01145   0.03165   0.04635   0.06291   3.16487   0.86961   0.34917   2.90082  
 47 143.3532   8655.905467  x:  0.00000   0.06157   0.15873   0.25914   0.00000   0.02645   0.07493   0.00000   0.20001   0.04333   0.00000   0.20755   0.00000   0.09160   0.07187   0.05182   0.07552   0.07923   0.03896   0.10301   0.00800   0.05042   0.01931   0.04405   0.02336   0.08560   0.17108   0.00359   0.08428   0.01007   0.01227   0.03941   0.12272   0.15151   0.11031   0.05236   0.08321   0.03612   0.09647   0.00792   0.01425   0.02342   0.02682   0.03145   0.02009   0.05881   0.00866   0.04229   0.03195   0.05966   0.01520   0.01137   0.03188   0.04639   0.06309   3.16233   0.86848   0.34989   2.90781  
 48 35.5265   8655.900281  x:  0.00000   0.06165   0.15913   0.25879   0.00000   0.02647   0.07497   0.00000   0.19991   0.04290   0.00000   0.20771   0.00000   0.09136   0.07178   0.05176   0.07571   0.07931   0.03884   0.10315   0.00801   0.05013   0.01932   0.04403   0.02337   0.08558   0.17167   0.00358   0.08440   0.01005   0.01226   0.03948   0.12305   0.15197   0.11061   0.05239   0.08257   0.03628   0.09625   0.00792   0.01426   0.02339   0.02682   0.03146   0.02006   0.05932   0.00866   0.04241   0.03192   0.05942   0.01523   0.01138   0.03188   0.04630   0.06295   3.16193   0.86820   0.35001   2.90897  
 49  8.5167   8655.897359  x:  0.00000   0.06133   0.15943   0.25860   0.00000   0.02651   0.07484   0.00000   0.19993   0.04326   0.00000   0.20774   0.00000   0.09148   0.07155   0.05179   0.07579   0.07939   0.03879   0.10288   0.00802   0.05049   0.01931   0.04397   0.02338   0.08569   0.17207   0.00357   0.08454   0.01004   0.01227   0.03947   0.12327   0.15215   0.11086   0.05236   0.08208   0.03639   0.09626   0.00791   0.01426   0.02339   0.02682   0.03146   0.02007   0.05939   0.00866   0.04236   0.03192   0.05944   0.01522   0.01137   0.03190   0.04645   0.06299   3.16191   0.86823   0.34998   2.90913  
 50  3.0077   8655.888378  x:  0.00000   0.06099   0.15987   0.25844   0.00000   0.02650   0.07469   0.00000   0.20012   0.04279   0.00000   0.20762   0.00000   0.09203   0.07169   0.05181   0.07578   0.07950   0.03912   0.10223   0.00802   0.05014   0.01934   0.04432   0.02334   0.08592   0.17262   0.00354   0.08464   0.01004   0.01227   0.03954   0.12345   0.15217   0.11116   0.05225   0.08167   0.03650   0.09668   0.00788   0.01426   0.02343   0.02683   0.03146   0.02008   0.05867   0.00864   0.04233   0.03193   0.05982   0.01518   0.01133   0.03189   0.04617   0.06327   3.16238   0.86840   0.34986   2.90846  
 51  2.1769   8655.765801  x:  0.00000   0.06269   0.16033   0.25840   0.00000   0.02641   0.07621   0.00000   0.20223   0.04382   0.00000   0.20589   0.00000   0.09341   0.07316   0.05133   0.07523   0.08040   0.03917   0.10090   0.00808   0.04902   0.01939   0.04200   0.02360   0.08583   0.17512   0.00311   0.08375   0.01005   0.01225   0.03942   0.12305   0.15107   0.11163   0.05299   0.08199   0.03698   0.09880   0.00744   0.01428   0.02321   0.02679   0.03143   0.01996   0.05925   0.00830   0.04288   0.03176   0.05865   0.01516   0.01114   0.03193   0.04605   0.06347   3.17034   0.86962   0.34879   2.89594  
 52  6.0494   8655.399295  x:  0.00000   0.06326   0.15874   0.25908   0.00000   0.02648   0.07723   0.00000   0.20654   0.04244   0.00000   0.20287   0.00000   0.09244   0.07226   0.05139   0.07527   0.08269   0.03889   0.10117   0.00809   0.05157   0.01927   0.04605   0.02282   0.08506   0.17867   0.00183   0.08315   0.01017   0.01221   0.04019   0.12204   0.14928   0.11121   0.05364   0.08362   0.03451   0.09885   0.00610   0.01434   0.02251   0.02670   0.03134   0.01975   0.06078   0.00722   0.04221   0.03183   0.05761   0.01483   0.01048   0.03188   0.04698   0.06296   3.19410   0.87128   0.34649   2.85838  
 53 81.7747   8655.136309  x:  0.00000   0.06190   0.15686   0.25984   0.00000   0.02646   0.07535   0.00000   0.20711   0.04303   0.00000   0.20341   0.00000   0.09041   0.07023   0.05175   0.07627   0.08393   0.03877   0.10243   0.00812   0.05005   0.01933   0.04387   0.02290   0.08490   0.17776   0.00099   0.08438   0.01023   0.01218   0.04001   0.12211   0.15009   0.11018   0.05304   0.08459   0.03645   0.09556   0.00510   0.01427   0.02217   0.02662   0.03124   0.01961   0.05872   0.00644   0.04260   0.03191   0.05932   0.01445   0.00999   0.03211   0.04583   0.06312   3.21070   0.87189   0.34523   2.83211  
 54 119.5224   8655.060046  x:  0.00000   0.06143   0.15694   0.26003   0.00000   0.02664   0.07495   0.00000   0.20419   0.04324   0.00000   0.20641   0.00000   0.09120   0.07227   0.05099   0.07588   0.08434   0.03856   0.10160   0.00813   0.04980   0.01929   0.04434   0.02278   0.08504   0.17448   0.00074   0.08421   0.01019   0.01213   0.04011   0.12262   0.15210   0.11005   0.05345   0.08395   0.03649   0.09505   0.00486   0.01425   0.02205   0.02657   0.03118   0.01953   0.05905   0.00625   0.04240   0.03184   0.05834   0.01441   0.00988   0.03197   0.04656   0.06350   3.21561   0.87367   0.34440   2.82432  
 55 31.7966   8655.045409  x:  0.00000   0.06196   0.15705   0.26009   0.00000   0.02657   0.07535   0.00000   0.20306   0.04315   0.00000   0.20749   0.00000   0.09119   0.07146   0.05135   0.07580   0.08446   0.03887   0.10120   0.00812   0.05022   0.01929   0.04419   0.02278   0.08491   0.17379   0.00072   0.08381   0.01020   0.01212   0.04010   0.12251   0.15241   0.11018   0.05312   0.08369   0.03614   0.09577   0.00481   0.01425   0.02201   0.02656   0.03116   0.01950   0.05915   0.00621   0.04256   0.03178   0.05845   0.01438   0.00985   0.03208   0.04574   0.06309   3.21646   0.87418   0.34422   2.82298  
 56 12.8535   8655.037369  x:  0.00000   0.06216   0.15699   0.26012   0.00000   0.02658   0.07550   0.00000   0.20237   0.04314   0.00000   0.20808   0.00000   0.09087   0.07076   0.05130   0.07582   0.08447   0.03867   0.10106   0.00813   0.04973   0.01929   0.04427   0.02277   0.08468   0.17398   0.00072   0.08363   0.01019   0.01211   0.04010   0.12217   0.15214   0.11040   0.05305   0.08364   0.03618   0.09622   0.00478   0.01424   0.02202   0.02655   0.03115   0.01950   0.05890   0.00619   0.04234   0.03181   0.05848   0.01437   0.00986   0.03194   0.04651   0.06321   3.21680   0.87439   0.34419   2.82256  
 57  4.2668   8654.981710  x:  0.00000   0.06104   0.15636   0.26016   0.00000   0.02658   0.07481   0.00000   0.19948   0.04317   0.00000   0.21028   0.00000   0.08985   0.07166   0.05045   0.07598   0.08445   0.03832   0.10118   0.00811   0.05017   0.01925   0.04401   0.02272   0.08415   0.17653   0.00081   0.08378   0.01003   0.01208   0.03996   0.12039   0.14948   0.11116   0.05336   0.08399   0.03600   0.09601   0.00463   0.01421   0.02194   0.02650   0.03109   0.01943   0.05871   0.00606   0.04264   0.03171   0.05815   0.01435   0.00991   0.03200   0.04555   0.06361   3.21856   0.87527   0.34423   2.82081  
 58  4.0181   8654.823192  x:  0.00000   0.06201   0.15606   0.25986   0.00000   0.02602   0.07399   0.00000   0.19712   0.04344   0.00000   0.21163   0.00000   0.09143   0.07250   0.05333   0.07564   0.08507   0.03941   0.10120   0.00803   0.04968   0.01932   0.04436   0.02254   0.08534   0.17852   0.00122   0.08391   0.00965   0.01204   0.04018   0.12116   0.14738   0.10952   0.05256   0.08451   0.03720   0.09396   0.00409   0.01412   0.02169   0.02646   0.03101   0.01919   0.05966   0.00558   0.04155   0.03200   0.05875   0.01420   0.00992   0.03199   0.04640   0.06142   3.22334   0.87699   0.34431   2.81648  
 59  9.9031   8654.365365  x:  0.00000   0.06263   0.15558   0.25909   0.00000   0.02608   0.07463   0.00000   0.19767   0.04276   0.00000   0.21107   0.00000   0.09310   0.06970   0.05113   0.07421   0.08708   0.03743   0.10069   0.00803   0.04963   0.01930   0.04340   0.02226   0.08603   0.17683   0.00219   0.08328   0.00858   0.01169   0.03951   0.12579   0.14987   0.10677   0.05437   0.08438   0.03373   0.09221   0.00290   0.01404   0.02102   0.02634   0.03075   0.01890   0.05757   0.00456   0.04417   0.03149   0.05816   0.01403   0.01029   0.03174   0.04644   0.06327   3.23680   0.87853   0.34553   2.80460  
 60 29.2385   8654.163344  x:  0.00000   0.06190   0.15676   0.25868   0.00000   0.02615   0.07482   0.00000   0.19987   0.04289   0.00000   0.20975   0.00000   0.09057   0.07047   0.05003   0.07522   0.08836   0.03754   0.10063   0.00802   0.05006   0.01932   0.04368   0.02209   0.08464   0.17370   0.00267   0.08352   0.00821   0.01160   0.03953   0.12475   0.15297   0.10867   0.05358   0.08483   0.03581   0.09440   0.00227   0.01403   0.02098   0.02632   0.03070   0.01859   0.05801   0.00405   0.04132   0.03227   0.05823   0.01390   0.01034   0.03182   0.04526   0.06367   3.24270   0.87900   0.34602   2.79941  
 61 43.2152   8654.127610  x:  0.00000   0.06130   0.15717   0.25860   0.00000   0.02604   0.07445   0.00000   0.20059   0.04290   0.00000   0.20935   0.00000   0.09000   0.07107   0.05123   0.07570   0.08874   0.03786   0.10076   0.00800   0.04981   0.01936   0.04359   0.02209   0.08451   0.17270   0.00275   0.08373   0.00818   0.01160   0.03957   0.12333   0.15382   0.11018   0.05324   0.08479   0.03531   0.09483   0.00219   0.01405   0.02083   0.02630   0.03071   0.01860   0.05811   0.00400   0.04281   0.03190   0.05832   0.01389   0.01036   0.03181   0.04600   0.06330   3.24377   0.87915   0.34606   2.79846  
 62 22.6983   8654.124124  x:  0.00000   0.06165   0.15716   0.25861   0.00000   0.02605   0.07429   0.00000   0.20072   0.04289   0.00000   0.20932   0.00000   0.09040   0.07093   0.05131   0.07559   0.08882   0.03770   0.10089   0.00801   0.04983   0.01935   0.04358   0.02209   0.08476   0.17255   0.00276   0.08369   0.00817   0.01160   0.03959   0.12271   0.15395   0.11083   0.05332   0.08466   0.03522   0.09442   0.00219   0.01405   0.02085   0.02631   0.03070   0.01861   0.05794   0.00400   0.04262   0.03195   0.05814   0.01390   0.01037   0.03181   0.04590   0.06333   3.24388   0.87909   0.34610   2.79834  
 63  5.3489   8654.123195  x:  0.00000   0.06166   0.15718   0.25861   0.00000   0.02610   0.07438   0.00000   0.20074   0.04289   0.00000   0.20932   0.00000   0.09054   0.07089   0.05104   0.07552   0.08883   0.03781   0.10092   0.00800   0.04983   0.01935   0.04359   0.02209   0.08480   0.17252   0.00276   0.08363   0.00817   0.01160   0.03958   0.12255   0.15396   0.11093   0.05312   0.08465   0.03524   0.09427   0.00219   0.01404   0.02084   0.02630   0.03071   0.01860   0.05809   0.00400   0.04268   0.03193   0.05837   0.01388   0.01037   0.03181   0.04595   0.06334   3.24391   0.87908   0.34610   2.79825  
 64  1.4161   8654.084020  x:  0.00000   0.05986   0.15711   0.25859   0.00000   0.02579   0.07706   0.00000   0.20080   0.04260   0.00000   0.20942   0.00000   0.09090   0.07072   0.05191   0.07500   0.08905   0.03764   0.10105   0.00794   0.04985   0.01936   0.04356   0.02206   0.08470   0.17242   0.00283   0.08297   0.00789   0.01155   0.03954   0.12230   0.15419   0.11126   0.05270   0.08488   0.03597   0.09343   0.00226   0.01401   0.02086   0.02630   0.03070   0.01853   0.05789   0.00408   0.04257   0.03195   0.05785   0.01393   0.01047   0.03181   0.04582   0.06374   3.24552   0.87903   0.34613   2.79317  
 65  0.5973   8653.644079  x:  0.00000   0.06047   0.15800   0.25856   0.00000   0.02606   0.07521   0.00000   0.20196   0.04277   0.00000   0.20971   0.00000   0.08984   0.07113   0.05062   0.07582   0.09183   0.03780   0.10167   0.00722   0.05001   0.01953   0.04353   0.02175   0.08429   0.17180   0.00337   0.08309   0.00482   0.01100   0.03933   0.12320   0.15654   0.11241   0.05378   0.08615   0.03585   0.09447   0.00329   0.01366   0.02092   0.02629   0.03056   0.01769   0.05786   0.00509   0.04221   0.03173   0.05995   0.01368   0.01165   0.03162   0.04591   0.06195   3.26326   0.88094   0.34551   2.73673  
 66 25.3548   8653.618637  x:  0.00000   0.06083   0.15796   0.25859   0.00000   0.02608   0.07444   0.00000   0.20207   0.04278   0.00000   0.20972   0.00000   0.08988   0.07122   0.05094   0.07642   0.09193   0.03777   0.10175   0.00718   0.05003   0.01953   0.04347   0.02172   0.08437   0.17181   0.00342   0.08268   0.00468   0.01099   0.03923   0.12334   0.15657   0.11212   0.05196   0.08614   0.03563   0.09462   0.00334   0.01365   0.02088   0.02627   0.03055   0.01762   0.05818   0.00514   0.04220   0.03168   0.05918   0.01372   0.01170   0.03153   0.04583   0.06346   3.26430   0.88094   0.34552   2.73342  
 67 26.5429   8653.618317  x:  0.00000   0.06079   0.15794   0.25859   0.00000   0.02610   0.07437   0.00000   0.20208   0.04278   0.00000   0.20973   0.00000   0.08993   0.07123   0.05094   0.07659   0.09190   0.03775   0.10176   0.00718   0.05003   0.01953   0.04347   0.02172   0.08434   0.17182   0.00343   0.08239   0.00470   0.01099   0.03923   0.12335   0.15657   0.11212   0.05200   0.08613   0.03565   0.09461   0.00334   0.01365   0.02088   0.02627   0.03055   0.01762   0.05816   0.00514   0.04220   0.03168   0.05921   0.01372   0.01170   0.03154   0.04583   0.06342   3.26431   0.88090   0.34553   2.73336  
 68  1.4937   8653.615122  x:  0.00000   0.06089   0.15808   0.25859   0.00000   0.02611   0.07453   0.00000   0.20207   0.04275   0.00000   0.20974   0.00000   0.09043   0.07114   0.05094   0.07723   0.09173   0.03776   0.10178   0.00716   0.05004   0.01953   0.04349   0.02172   0.08367   0.17184   0.00342   0.08280   0.00469   0.01098   0.03924   0.12334   0.15654   0.11211   0.05205   0.08628   0.03561   0.09447   0.00333   0.01364   0.02091   0.02627   0.03056   0.01762   0.05816   0.00514   0.04221   0.03165   0.05918   0.01372   0.01171   0.03153   0.04584   0.06344   3.26437   0.88104   0.34547   2.73168  
 69  0.1653   8653.374046  x:  0.00000   0.06166   0.15757   0.25924   0.00000   0.02691   0.07518   0.00000   0.20283   0.04346   0.00000   0.21031   0.00000   0.09101   0.07110   0.05124   0.07816   0.09244   0.03809   0.10355   0.00620   0.05018   0.01959   0.04439   0.02187   0.08661   0.17535   0.00353   0.08360   0.00584   0.01024   0.04013   0.12486   0.15530   0.11229   0.05212   0.08772   0.03581   0.09521   0.00286   0.01290   0.02273   0.02648   0.03084   0.01749   0.05817   0.00570   0.04249   0.03066   0.05937   0.01405   0.01326   0.03199   0.04579   0.06337   3.26923   0.88254   0.34381   2.60264  
 70  7.3719   8653.366801  x:  0.00000   0.06159   0.15719   0.25928   0.00000   0.02696   0.07477   0.00000   0.20291   0.04351   0.00000   0.21036   0.00000   0.09131   0.07121   0.05147   0.07727   0.09282   0.03805   0.10365   0.00619   0.05017   0.01959   0.04439   0.02188   0.08550   0.17549   0.00354   0.08346   0.00592   0.01021   0.04015   0.12500   0.15529   0.11235   0.05198   0.08741   0.03587   0.09531   0.00284   0.01289   0.02277   0.02649   0.03083   0.01748   0.05820   0.00572   0.04248   0.03068   0.05948   0.01407   0.01332   0.03202   0.04579   0.06331   3.26937   0.88223   0.34387   2.59882  
 71 18.3727   8653.172030  x:  0.00000   0.06139   0.15769   0.26013   0.00000   0.02658   0.07497   0.00000   0.20304   0.04339   0.00000   0.21081   0.00000   0.09135   0.07136   0.05148   0.07727   0.09243   0.03782   0.10393   0.00466   0.05031   0.01963   0.04428   0.02178   0.08567   0.17504   0.00433   0.08368   0.00579   0.00983   0.04002   0.12484   0.15511   0.11258   0.05215   0.08671   0.03597   0.09563   0.00328   0.01146   0.02172   0.02649   0.03082   0.01822   0.05825   0.00540   0.04240   0.03111   0.05960   0.01344   0.01246   0.03179   0.04591   0.06310   3.25530   0.88658   0.33289   2.40331  
 72  0.1083   8653.040061  x:  0.00000   0.06133   0.15930   0.25698   0.00000   0.02602   0.07460   0.00000   0.20073   0.04297   0.00000   0.20854   0.00000   0.09088   0.07129   0.05159   0.07625   0.09143   0.03870   0.10229   0.00421   0.05031   0.01961   0.04390   0.02199   0.08498   0.17404   0.00432   0.08279   0.00524   0.01038   0.03950   0.12358   0.15329   0.11141   0.05269   0.08565   0.03575   0.09459   0.00280   0.01154   0.02166   0.02646   0.03075   0.01774   0.05837   0.00504   0.04236   0.03190   0.05921   0.01413   0.01252   0.03186   0.04614   0.06309   3.22719   0.89072   0.31283   2.23106  
 73  0.0873   8652.967291  x:  0.00000   0.06129   0.16013   0.25698   0.00000   0.02619   0.07420   0.00000   0.20094   0.04301   0.00000   0.20865   0.00000   0.09030   0.07130   0.05128   0.07647   0.09182   0.03844   0.10214   0.00462   0.05019   0.01954   0.04380   0.02180   0.08461   0.17231   0.00435   0.08298   0.00625   0.01078   0.03944   0.12332   0.15457   0.11154   0.05215   0.08574   0.03573   0.09463   0.00308   0.01201   0.02157   0.02634   0.03070   0.01761   0.05838   0.00512   0.04230   0.03167   0.05921   0.01395   0.01238   0.03176   0.04595   0.06340   3.22248   0.89336   0.29815   2.09038  
 74  0.1438   8652.933600  x:  0.00000   0.06123   0.16031   0.25767   0.00000   0.02635   0.07450   0.00000   0.20131   0.04309   0.00000   0.20893   0.00000   0.09089   0.07132   0.05141   0.07662   0.09193   0.03762   0.10292   0.00493   0.05017   0.01952   0.04392   0.02176   0.08508   0.17362   0.00418   0.08312   0.00579   0.01070   0.03959   0.12391   0.15431   0.11172   0.05198   0.08631   0.03557   0.09501   0.00294   0.01235   0.02180   0.02636   0.03072   0.01782   0.05829   0.00520   0.04226   0.03128   0.05951   0.01373   0.01249   0.03179   0.04587   0.06301   3.22571   0.89468   0.29258   2.00862  
 75  0.0899   8652.927920  x:  0.00000   0.06126   0.16028   0.25709   0.00000   0.02634   0.07455   0.00000   0.20099   0.04313   0.00000   0.20858   0.00000   0.09094   0.07128   0.05138   0.07674   0.09220   0.03767   0.10297   0.00516   0.05020   0.01958   0.04396   0.02178   0.08512   0.17352   0.00409   0.08315   0.00573   0.01052   0.03966   0.12397   0.15409   0.11169   0.05210   0.08636   0.03563   0.09506   0.00303   0.01244   0.02176   0.02642   0.03071   0.01786   0.05826   0.00524   0.04230   0.03126   0.05946   0.01382   0.01254   0.03174   0.04589   0.06302   3.22526   0.89521   0.29543   2.02773  
 76  0.0186   8652.927069  x:  0.00000   0.06127   0.16028   0.25704   0.00000   0.02631   0.07455   0.00000   0.20094   0.04312   0.00000   0.20860   0.00000   0.09090   0.07129   0.05138   0.07674   0.09217   0.03777   0.10286   0.00518   0.05022   0.01959   0.04394   0.02180   0.08509   0.17342   0.00409   0.08315   0.00575   0.01045   0.03964   0.12391   0.15406   0.11164   0.05216   0.08628   0.03565   0.09500   0.00304   0.01239   0.02174   0.02643   0.03072   0.01782   0.05826   0.00526   0.04230   0.03132   0.05943   0.01383   0.01247   0.03175   0.04592   0.06306   3.22439   0.89560   0.29443   2.01211  
 77  0.0157   8652.926953  x:  0.00000   0.06127   0.16032   0.25707   0.00000   0.02631   0.07455   0.00000   0.20095   0.04311   0.00000   0.20860   0.00000   0.09090   0.07131   0.05139   0.07671   0.09209   0.03776   0.10283   0.00521   0.05021   0.01958   0.04393   0.02179   0.08508   0.17342   0.00407   0.08315   0.00575   0.01042   0.03963   0.12389   0.15406   0.11164   0.05215   0.08625   0.03563   0.09500   0.00303   0.01237   0.02174   0.02641   0.03072   0.01782   0.05827   0.00525   0.04230   0.03133   0.05944   0.01382   0.01245   0.03176   0.04592   0.06306   3.22371   0.89559   0.29439   2.01365  
 78  0.0016   8652.926936  x:  0.00000   0.06127   0.16031   0.25707   0.00000   0.02632   0.07455   0.00000   0.20095   0.04312   0.00000   0.20860   0.00000   0.09090   0.07130   0.05139   0.07671   0.09210   0.03776   0.10284   0.00521   0.05021   0.01958   0.04394   0.02179   0.08508   0.17342   0.00407   0.08315   0.00576   0.01042   0.03964   0.12389   0.15408   0.11164   0.05215   0.08626   0.03564   0.09500   0.00303   0.01235   0.02174   0.02641   0.03072   0.01783   0.05827   0.00525   0.04230   0.03132   0.05944   0.01382   0.01246   0.03176   0.04591   0.06306   3.22384   0.89554   0.29441   2.01382  
 79  0.0002   8652.926934  x:  0.00000   0.06127   0.16032   0.25707   0.00000   0.02632   0.07454   0.00000   0.20095   0.04311   0.00000   0.20860   0.00000   0.09090   0.07130   0.05139   0.07671   0.09211   0.03776   0.10284   0.00521   0.05021   0.01958   0.04394   0.02179   0.08508   0.17341   0.00407   0.08315   0.00575   0.01043   0.03964   0.12389   0.15408   0.11164   0.05215   0.08627   0.03564   0.09500   0.00303   0.01234   0.02175   0.02641   0.03072   0.01782   0.05827   0.00525   0.04230   0.03132   0.05944   0.01382   0.01246   0.03176   0.04591   0.06306   3.22388   0.89554   0.29441   2.01387  
 80  0.0001   8652.926934  x:  0.00000   0.06127   0.16032   0.25707   0.00000   0.02632   0.07455   0.00000   0.20095   0.04311   0.00000   0.20860   0.00000   0.09090   0.07130   0.05139   0.07672   0.09211   0.03776   0.10284   0.00521   0.05021   0.01958   0.04394   0.02179   0.08508   0.17341   0.00407   0.08315   0.00575   0.01043   0.03964   0.12389   0.15408   0.11164   0.05215   0.08626   0.03564   0.09500   0.00303   0.01234   0.02174   0.02641   0.03072   0.01783   0.05827   0.00525   0.04230   0.03132   0.05944   0.01382   0.01246   0.03176   0.04591   0.06306   3.22387   0.89555   0.29441   2.01379  
 81  0.0001   8652.926934  x:  0.00000   0.06127   0.16032   0.25707   0.00000   0.02632   0.07455   0.00000   0.20095   0.04311   0.00000   0.20860   0.00000   0.09090   0.07130   0.05139   0.07672   0.09211   0.03776   0.10284   0.00521   0.05021   0.01958   0.04394   0.02179   0.08508   0.17341   0.00407   0.08315   0.00575   0.01043   0.03964   0.12389   0.15408   0.11164   0.05215   0.08626   0.03564   0.09500   0.00303   0.01234   0.02174   0.02641   0.03072   0.01783   0.05827   0.00525   0.04230   0.03132   0.05944   0.01382   0.01246   0.03176   0.04591   0.06306   3.22387   0.89555   0.29441   2.01379  
 82  0.0000   8652.926934  x:  0.00000   0.06127   0.16032   0.25707   0.00000   0.02632   0.07455   0.00000   0.20095   0.04311   0.00000   0.20860   0.00000   0.09090   0.07130   0.05139   0.07672   0.09211   0.03776   0.10284   0.00521   0.05021   0.01958   0.04394   0.02179   0.08508   0.17341   0.00407   0.08315   0.00575   0.01043   0.03964   0.12389   0.15408   0.11164   0.05215   0.08626   0.03564   0.09500   0.00303   0.01234   0.02174   0.02641   0.03072   0.01783   0.05827   0.00525   0.04230   0.03132   0.05944   0.01382   0.01246   0.03176   0.04591   0.06306   3.22387   0.89555   0.29441   2.01381  
 83  0.0000   8652.926934  x:  0.00000   0.06127   0.16032   0.25707   0.00000   0.02632   0.07455   0.00000   0.20095   0.04311   0.00000   0.20860   0.00000   0.09090   0.07130   0.05139   0.07672   0.09211   0.03776   0.10284   0.00521   0.05021   0.01958   0.04394   0.02179   0.08508   0.17341   0.00407   0.08315   0.00575   0.01043   0.03964   0.12389   0.15408   0.11164   0.05215   0.08626   0.03564   0.09500   0.00303   0.01234   0.02174   0.02641   0.03072   0.01783   0.05827   0.00525   0.04230   0.03132   0.05944   0.01382   0.01246   0.03176   0.04591   0.06306   3.22387   0.89555   0.29441   2.01378  
 84  0.0000   8652.926934  x:  0.00000   0.06127   0.16032   0.25707   0.00000   0.02632   0.07455   0.00000   0.20095   0.04311   0.00000   0.20860   0.00000   0.09090   0.07130   0.05139   0.07672   0.09211   0.03776   0.10284   0.00521   0.05021   0.01958   0.04394   0.02179   0.08508   0.17341   0.00407   0.08315   0.00575   0.01043   0.03964   0.12389   0.15408   0.11164   0.05215   0.08626   0.03564   0.09500   0.00303   0.01234   0.02174   0.02641   0.03072   0.01783   0.05827   0.00525   0.04230   0.03132   0.05944   0.01382   0.01246   0.03176   0.04591   0.06306   3.22387   0.89555   0.29441   2.01378  
 85  0.0000   8652.926934  x:  0.00000   0.06127   0.16032   0.25707   0.00000   0.02632   0.07455   0.00000   0.20095   0.04311   0.00000   0.20860   0.00000   0.09090   0.07130   0.05139   0.07672   0.09211   0.03776   0.10284   0.00521   0.05021   0.01958   0.04394   0.02179   0.08508   0.17341   0.00407   0.08315   0.00575   0.01043   0.03964   0.12389   0.15408   0.11164   0.05215   0.08626   0.03564   0.09500   0.00303   0.01234   0.02174   0.02641   0.03072   0.01783   0.05827   0.00525   0.04230   0.03132   0.05944   0.01382   0.01246   0.03176   0.04591   0.06306   3.22387   0.89555   0.29441   2.01378  
 86  0.0000   8652.926934  x:  0.00000   0.06127   0.16032   0.25707   0.00000   0.02632   0.07455   0.00000   0.20095   0.04311   0.00000   0.20860   0.00000   0.09090   0.07130   0.05139   0.07672   0.09211   0.03776   0.10284   0.00521   0.05021   0.01958   0.04394   0.02179   0.08508   0.17341   0.00407   0.08315   0.00575   0.01043   0.03964   0.12389   0.15408   0.11164   0.05215   0.08626   0.03564   0.09500   0.00303   0.01234   0.02174   0.02641   0.03072   0.01783   0.05827   0.00525   0.04230   0.03132   0.05944   0.01382   0.01246   0.03176   0.04591   0.06306   3.22387   0.89555   0.29441   2.01378  
 87  0.0000   8652.926934  x:  0.00000   0.06127   0.16032   0.25707   0.00000   0.02632   0.07455   0.00000   0.20095   0.04311   0.00000   0.20860   0.00000   0.09090   0.07130   0.05139   0.07672   0.09211   0.03776   0.10284   0.00521   0.05021   0.01958   0.04394   0.02179   0.08508   0.17341   0.00407   0.08315   0.00575   0.01043   0.03964   0.12389   0.15408   0.11164   0.05215   0.08626   0.03564   0.09500   0.00303   0.01234   0.02174   0.02641   0.03072   0.01783   0.05827   0.00525   0.04230   0.03132   0.05944   0.01382   0.01246   0.03176   0.04591   0.06306   3.22387   0.89555   0.29441   2.01378  
 88  0.0038   8652.926934  x:  0.00000   0.06127   0.16032   0.25707   0.00000   0.02632   0.07455   0.00000   0.20095   0.04311   0.00000   0.20860   0.00000   0.09090   0.07130   0.05139   0.07672   0.09211   0.03776   0.10284   0.00521   0.05021   0.01958   0.04394   0.02179   0.08508   0.17341   0.00407   0.08315   0.00575   0.01043   0.03964   0.12389   0.15408   0.11164   0.05215   0.08626   0.03564   0.09500   0.00303   0.01234   0.02174   0.02641   0.03072   0.01783   0.05827   0.00525   0.04230   0.03132   0.05944   0.01382   0.01246   0.03176   0.04591   0.06306   3.22387   0.89555   0.29441   2.01378  
 89  0.2298   8652.926934  x:  0.00000   0.06127   0.16032   0.25707   0.00000   0.02632   0.07455   0.00000   0.20095   0.04311   0.00000   0.20860   0.00000   0.09090   0.07130   0.05139   0.07672   0.09211   0.03776   0.10284   0.00521   0.05021   0.01958   0.04394   0.02179   0.08508   0.17341   0.00407   0.08315   0.00575   0.01043   0.03964   0.12389   0.15408   0.11164   0.05215   0.08626   0.03564   0.09500   0.00303   0.01234   0.02174   0.02641   0.03072   0.01783   0.05827   0.00525   0.04230   0.03132   0.05944   0.01382   0.01246   0.03176   0.04591   0.06306   3.22387   0.89555   0.29441   2.01378  
check convergence!
