Supplemental results for CODEML (seqf: mlh3_noMNM.fasta  treef: mlh3_tree.txt)


MLEs of dN/dS (w) for site classes (K=6)

p:   0.13853  0.13853  0.13853  0.13853  0.13853  0.30736
w:   0.00430  0.03505  0.09820  0.20956  0.43619  1.00000

Naive Empirical Bayes (NEB) probabilities for 6 classes & postmean_w
(amino acids refer to 1st sequence: Coturnix_japonica)

   1 M   0.41345 0.31786 0.18552 0.07215 0.01078 0.00024 ( 1)  0.051
   2 I   0.32217 0.28071 0.21167 0.12892 0.04739 0.00915 ( 1)  0.089
   3 K   0.00001 0.00394 0.05484 0.24004 0.43907 0.26211 ( 5)  0.509
   4 H   0.00000 0.00000 0.00000 0.00000 0.00059 0.99941 ( 6)  1.000
   5 L   0.28066 0.25521 0.21003 0.14913 0.07462 0.03035 ( 1)  0.125
   6 A   0.00000 0.00000 0.00000 0.00034 0.01895 0.98071 ( 6)  0.989
   7 E   0.38466 0.30887 0.19716 0.08983 0.01855 0.00093 ( 1)  0.060
   8 D   0.37835 0.30666 0.19946 0.09382 0.02056 0.00115 ( 1)  0.062
   9 V   0.32783 0.28378 0.21114 0.12563 0.04405 0.00757 ( 1)  0.085
  10 Q   0.01072 0.07878 0.17855 0.26263 0.25805 0.21128 ( 4)  0.399
  11 A   0.29483 0.26456 0.21184 0.14330 0.06492 0.02054 ( 1)  0.110
  12 R   0.35773 0.29811 0.20535 0.10698 0.02899 0.00283 ( 1)  0.070
  13 L   0.26141 0.24176 0.20594 0.15533 0.08775 0.04780 ( 1)  0.148
  14 R   0.31824 0.27857 0.21203 0.13122 0.04972 0.01022 ( 1)  0.091
  15 S   0.32247 0.28092 0.21173 0.12880 0.04716 0.00893 ( 1)  0.089
  16 G   0.02319 0.15640 0.29735 0.32148 0.17023 0.03135 ( 4)  0.208
  17 V   0.00000 0.00096 0.01579 0.09138 0.28944 0.60243 ( 6)  0.749
  18 T   0.00000 0.00005 0.00248 0.02983 0.18640 0.78123 ( 6)  0.869
  19 V   0.00000 0.00000 0.00001 0.00048 0.01950 0.98001 ( 6)  0.989
  20 T   0.00000 0.00000 0.00000 0.00007 0.00796 0.99198 ( 6)  0.995
  21 S   0.31099 0.27432 0.21214 0.13509 0.05435 0.01312 ( 1)  0.097
  22 L   0.00865 0.06468 0.15162 0.23646 0.26075 0.27785 ( 6)  0.458
  23 G   0.34168 0.29089 0.20918 0.11721 0.03640 0.00465 ( 1)  0.077
  24 Q   0.01198 0.08731 0.19447 0.27723 0.25493 0.17409 ( 4)  0.366
  25 C   0.34507 0.29250 0.20849 0.11507 0.03470 0.00416 ( 1)  0.076
  26 V   0.33626 0.28817 0.21005 0.12055 0.03930 0.00567 ( 1)  0.080
  27 E   0.35454 0.29688 0.20640 0.10907 0.03016 0.00294 ( 1)  0.071
  28 E   0.35454 0.29688 0.20640 0.10907 0.03016 0.00294 ( 1)  0.071
  29 L   0.32236 0.28085 0.21172 0.12886 0.04723 0.00898 ( 1)  0.089
  30 V   0.30405 0.27024 0.21222 0.13877 0.05879 0.01592 ( 1)  0.102
  31 L   0.01083 0.07959 0.18034 0.26493 0.25892 0.20538 ( 4)  0.394
  32 N   0.38198 0.30791 0.19811 0.09152 0.01943 0.00104 ( 1)  0.061
  33 S   0.34818 0.29404 0.20795 0.11314 0.03307 0.00363 ( 1)  0.074
  34 I   0.33539 0.28764 0.21003 0.12101 0.03990 0.00603 ( 1)  0.081
  35 D   0.38403 0.30876 0.19752 0.09020 0.01860 0.00089 ( 1)  0.060
  36 A   0.29483 0.26456 0.21184 0.14330 0.06492 0.02054 ( 1)  0.110
  37 K   0.39703 0.31290 0.19233 0.08215 0.01500 0.00058 ( 1)  0.056
  38 A   0.35585 0.29753 0.20616 0.10824 0.02948 0.00273 ( 1)  0.070
  39 T   0.35590 0.29751 0.20609 0.10819 0.02951 0.00280 ( 1)  0.071
  40 C   0.34999 0.29484 0.20749 0.11197 0.03226 0.00345 ( 1)  0.073
  41 V   0.00000 0.00005 0.00248 0.03229 0.21177 0.75342 ( 6)  0.853
  42 A   0.32886 0.28438 0.21112 0.12506 0.04339 0.00720 ( 1)  0.084
  43 V   0.00000 0.00000 0.00002 0.00125 0.03631 0.96242 ( 6)  0.979
  44 R   0.36025 0.29941 0.20497 0.10542 0.02760 0.00236 ( 1)  0.069
  45 V   0.32783 0.28378 0.21114 0.12563 0.04405 0.00757 ( 1)  0.085
  46 D   0.38403 0.30876 0.19752 0.09020 0.01860 0.00089 ( 1)  0.060
  47 L   0.28716 0.25947 0.21081 0.14640 0.07017 0.02598 ( 1)  0.118
  48 E   0.39072 0.31098 0.19493 0.08602 0.01665 0.00071 ( 1)  0.058
  49 A   0.32969 0.28482 0.21102 0.12456 0.04291 0.00700 ( 1)  0.084
  50 F   0.02138 0.14605 0.28477 0.32153 0.18517 0.04110 ( 4)  0.222
  51 K   0.36362 0.30075 0.20393 0.10324 0.02630 0.00215 ( 1)  0.067
  52 I   0.00000 0.00019 0.00399 0.03228 0.16869 0.79484 ( 6)  0.876
  53 Q   0.29563 0.26505 0.21187 0.14290 0.06439 0.02016 ( 1)  0.110
  54 V   0.32783 0.28378 0.21114 0.12563 0.04405 0.00757 ( 1)  0.085
  55 V   0.32750 0.28360 0.21118 0.12582 0.04424 0.00765 ( 1)  0.085
  56 D   0.35196 0.29579 0.20711 0.11073 0.03126 0.00315 ( 1)  0.072
  57 N   0.39019 0.31077 0.19511 0.08636 0.01684 0.00074 ( 1)  0.058
  58 G   0.31861 0.27872 0.21191 0.13095 0.04955 0.01026 ( 1)  0.091
  59 C   0.00020 0.01172 0.07041 0.20041 0.33559 0.38166 ( 6)  0.577
  60 G   0.33271 0.28637 0.21058 0.12272 0.04124 0.00638 ( 1)  0.082
  61 M   0.03471 0.21756 0.35580 0.29536 0.09188 0.00469 ( 3)  0.149
  62 G   0.33698 0.28853 0.20994 0.12011 0.03892 0.00552 ( 1)  0.080
  63 R   0.00001 0.00366 0.05151 0.22975 0.43562 0.27946 ( 5)  0.523
  64 E   0.00050 0.02760 0.14565 0.33076 0.35400 0.14148 ( 5)  0.380
  65 D   0.35283 0.29607 0.20675 0.11014 0.03102 0.00320 ( 1)  0.072
  66 L   0.29837 0.26659 0.21170 0.14131 0.06265 0.01939 ( 1)  0.108
  67 C   0.00000 0.00000 0.00001 0.00102 0.04134 0.95763 ( 6)  0.976
  68 K   0.00000 0.00001 0.00076 0.01664 0.16031 0.82228 ( 6)  0.896
  69 M   0.00081 0.04243 0.20415 0.39419 0.30385 0.05457 ( 4)  0.291
  70 G   0.36264 0.30039 0.20428 0.10388 0.02663 0.00218 ( 1)  0.068
  71 K   0.02351 0.15813 0.29908 0.32075 0.16778 0.03076 ( 4)  0.206
  72 R   0.01226 0.08906 0.19705 0.27803 0.25188 0.17172 ( 4)  0.362
  73 Y   0.31026 0.27387 0.21211 0.13545 0.05483 0.01347 ( 1)  0.098
  74 F   0.32393 0.28173 0.21162 0.12796 0.04627 0.00849 ( 1)  0.088
  75 T   0.32326 0.28129 0.21155 0.12827 0.04675 0.00887 ( 1)  0.088
  76 S   0.36844 0.30281 0.20264 0.10016 0.02423 0.00172 ( 1)  0.065
  77 K   0.37238 0.30420 0.20120 0.09764 0.02297 0.00160 ( 1)  0.064
  78 C   0.31473 0.27657 0.21219 0.13317 0.05191 0.01144 ( 1)  0.094
  79 S   0.00000 0.00000 0.00046 0.01107 0.12558 0.86288 ( 6)  0.920
  80 S   0.31627 0.27735 0.21194 0.13219 0.05105 0.01121 ( 1)  0.093
  81 V   0.00023 0.01343 0.07929 0.21906 0.34584 0.34215 ( 5)  0.547
  82 A   0.00000 0.00013 0.00531 0.05659 0.27778 0.66020 ( 6)  0.794
  83 D   0.34894 0.29438 0.20776 0.11265 0.03273 0.00355 ( 1)  0.074
  84 L   0.29147 0.26220 0.21112 0.14439 0.06725 0.02356 ( 1)  0.114
  85 E   0.35454 0.29688 0.20640 0.10907 0.03016 0.00294 ( 1)  0.071
  86 K   0.00000 0.00010 0.00442 0.04863 0.25441 0.69244 ( 6)  0.814
  87 L   0.26146 0.24178 0.20595 0.15531 0.08772 0.04779 ( 1)  0.148
  88 S   0.00000 0.00000 0.00028 0.00720 0.09411 0.89841 ( 6)  0.941
  89 F   0.00000 0.00067 0.01134 0.06957 0.24722 0.67120 ( 6)  0.795
  90 Y   0.33233 0.28607 0.21047 0.12287 0.04159 0.00668 ( 1)  0.083
  91 G   0.31028 0.27398 0.21229 0.13557 0.05474 0.01314 ( 1)  0.097
  92 F   0.34702 0.29344 0.20811 0.11384 0.03372 0.00388 ( 1)  0.075
  93 R   0.38191 0.30778 0.19800 0.09159 0.01961 0.00111 ( 1)  0.061
  94 G   0.34100 0.29056 0.20930 0.11763 0.03675 0.00476 ( 1)  0.078
  95 E   0.35454 0.29688 0.20640 0.10907 0.03016 0.00294 ( 1)  0.071
  96 A   0.33120 0.28562 0.21083 0.12366 0.04205 0.00664 ( 1)  0.083
  97 L   0.00000 0.00038 0.00680 0.04529 0.18929 0.75823 ( 6)  0.851
  98 A   0.35625 0.29770 0.20607 0.10799 0.02930 0.00269 ( 1)  0.070
  99 S   0.35786 0.29843 0.20568 0.10696 0.02856 0.00252 ( 1)  0.070
 100 I   0.41204 0.31734 0.18603 0.07307 0.01124 0.00028 ( 1)  0.052
 101 A   0.32722 0.28345 0.21121 0.12598 0.04440 0.00774 ( 1)  0.086
 102 N   0.02273 0.15383 0.29434 0.32170 0.17390 0.03349 ( 4)  0.211
 103 M   0.00001 0.00607 0.07966 0.31271 0.45472 0.14683 ( 5)  0.419
 104 A   0.29546 0.26495 0.21189 0.14301 0.06450 0.02019 ( 1)  0.110
 105 S   0.02302 0.15550 0.29657 0.32209 0.17147 0.03134 ( 4)  0.208
 106 V   0.00000 0.00003 0.00170 0.02321 0.16980 0.80525 ( 6)  0.884
 107 V   0.01654 0.11673 0.24333 0.30897 0.22551 0.08893 ( 4)  0.280
 108 E   0.39004 0.31074 0.19518 0.08645 0.01686 0.00073 ( 1)  0.058
 109 V   0.01814 0.12659 0.25799 0.31494 0.21255 0.06979 ( 4)  0.258
 110 S   0.31727 0.27791 0.21188 0.13163 0.05043 0.01087 ( 1)  0.092
 111 S   0.32322 0.28132 0.21163 0.12834 0.04671 0.00879 ( 1)  0.088
 112 K   0.36362 0.30075 0.20393 0.10324 0.02630 0.00215 ( 1)  0.067
 113 S   0.00017 0.01002 0.06128 0.18000 0.32134 0.42719 ( 6)  0.611
 114 S   0.00000 0.00009 0.00382 0.04309 0.23596 0.71704 ( 6)  0.829
 115 K   0.02228 0.15120 0.29109 0.32163 0.17772 0.03608 ( 4)  0.215
 116 T   0.00045 0.02497 0.13453 0.31623 0.36060 0.16322 ( 5)  0.401
 117 A   0.35538 0.29732 0.20628 0.10854 0.02969 0.00278 ( 1)  0.071
 118 K   0.00079 0.04125 0.19924 0.38824 0.30788 0.06261 ( 4)  0.299
 119 T   0.34962 0.29467 0.20758 0.11220 0.03243 0.00349 ( 1)  0.073
 120 F   0.02119 0.14491 0.28330 0.32135 0.18681 0.04243 ( 4)  0.224
 121 V   0.00035 0.01998 0.11173 0.28042 0.36436 0.22315 ( 5)  0.453
 122 K   0.39630 0.31267 0.19261 0.08260 0.01521 0.00060 ( 1)  0.056
 123 L   0.00571 0.04408 0.11016 0.19083 0.25428 0.39493 ( 6)  0.558
 124 F   0.35496 0.29713 0.20637 0.10880 0.02989 0.00284 ( 1)  0.071
 125 H   0.33096 0.28551 0.21090 0.12382 0.04215 0.00665 ( 1)  0.083
 126 N   0.38898 0.31037 0.19557 0.08711 0.01719 0.00077 ( 1)  0.058
 127 G   0.33575 0.28793 0.21015 0.12087 0.03956 0.00573 ( 1)  0.080
 128 N   0.00000 0.00083 0.01378 0.08186 0.27255 0.63098 ( 6)  0.768
 129 A   0.01935 0.13400 0.26867 0.31859 0.20249 0.05690 ( 4)  0.243
 130 L   0.26856 0.24680 0.20755 0.15312 0.08287 0.04110 ( 1)  0.140
 131 E   0.02894 0.18797 0.33083 0.31274 0.12692 0.01260 ( 3)  0.173
 132 V   0.01478 0.10557 0.22574 0.29958 0.23868 0.11565 ( 4)  0.308
 133 C   0.02058 0.14128 0.27849 0.32058 0.19206 0.04701 ( 4)  0.230
 134 E   0.38932 0.31050 0.19545 0.08689 0.01708 0.00076 ( 1)  0.058
 135 A   0.00000 0.00104 0.01694 0.09701 0.30025 0.58476 ( 6)  0.738
 136 E   0.02758 0.18066 0.32367 0.31570 0.13653 0.01586 ( 3)  0.180
 137 L   0.00000 0.00029 0.00526 0.03624 0.16290 0.79530 ( 6)  0.874
 138 N   0.00000 0.00000 0.00046 0.01109 0.12576 0.86268 ( 6)  0.920
 139 R   0.38457 0.30884 0.19718 0.08989 0.01859 0.00093 ( 1)  0.060
 140 P   0.33544 0.28782 0.21027 0.12109 0.03966 0.00571 ( 1)  0.081
 141 S   0.38403 0.30876 0.19752 0.09020 0.01860 0.00089 ( 1)  0.060
 142 G   0.33306 0.28650 0.21045 0.12247 0.04112 0.00641 ( 1)  0.082
 143 G   0.36319 0.30062 0.20413 0.10353 0.02640 0.00213 ( 1)  0.067
 144 T   0.33886 0.28948 0.20964 0.11894 0.03790 0.00518 ( 1)  0.079
 145 T   0.36681 0.30215 0.20312 0.10120 0.02488 0.00184 ( 1)  0.066
 146 V   0.31756 0.27813 0.21196 0.13153 0.05021 0.01061 ( 1)  0.092
 147 T   0.32298 0.28113 0.21157 0.12844 0.04693 0.00895 ( 1)  0.088
 148 V   0.32783 0.28378 0.21114 0.12563 0.04405 0.00757 ( 1)  0.085
 149 C   0.01811 0.12643 0.25776 0.31484 0.21275 0.07012 ( 4)  0.259
 150 N   0.39241 0.31154 0.19428 0.08496 0.01615 0.00066 ( 1)  0.057
 151 L   0.26070 0.24123 0.20574 0.15551 0.08823 0.04859 ( 1)  0.149
 152 F   0.32323 0.28136 0.21171 0.12839 0.04667 0.00865 ( 1)  0.088
 153 H   0.00049 0.02693 0.14313 0.32873 0.35754 0.14319 ( 5)  0.383
 154 Q   0.29544 0.26493 0.21186 0.14299 0.06452 0.02025 ( 1)  0.110
 155 L   0.28831 0.25793 0.20639 0.14186 0.07055 0.03497 ( 1)  0.126
 156 P   0.32023 0.27969 0.21191 0.13009 0.04849 0.00958 ( 1)  0.090
 157 V   0.32850 0.28414 0.21107 0.12523 0.04366 0.00740 ( 1)  0.085
 158 R   0.36025 0.29941 0.20497 0.10542 0.02760 0.00236 ( 1)  0.069
 159 R   0.37126 0.30392 0.20175 0.09835 0.02317 0.00155 ( 1)  0.064
 160 R   0.00000 0.00200 0.03046 0.15531 0.38134 0.43088 ( 6)  0.633
 161 C   0.33814 0.28915 0.20979 0.11940 0.03825 0.00526 ( 1)  0.079
 162 M   0.03448 0.21639 0.35494 0.29619 0.09313 0.00488 ( 3)  0.150
 163 D   0.38335 0.30851 0.19775 0.09063 0.01883 0.00093 ( 1)  0.060
 164 P   0.01409 0.10121 0.21865 0.29536 0.24353 0.12716 ( 4)  0.320
 165 V   0.00000 0.00004 0.00180 0.02274 0.15602 0.81939 ( 6)  0.892
 166 L   0.00937 0.06959 0.16103 0.24564 0.25979 0.25457 ( 5)  0.438
 167 E   0.38659 0.30955 0.19645 0.08861 0.01794 0.00086 ( 1)  0.059
 168 F   0.00043 0.02366 0.12861 0.30728 0.36233 0.17770 ( 5)  0.414
 169 E   0.35516 0.29715 0.20624 0.10867 0.02989 0.00289 ( 1)  0.071
 170 R   0.38353 0.30847 0.19756 0.09054 0.01892 0.00097 ( 1)  0.060
 171 V   0.01791 0.12517 0.25584 0.31393 0.21427 0.07289 ( 4)  0.262
 172 R   0.38000 0.30715 0.19876 0.09279 0.02016 0.00115 ( 1)  0.061
 173 Q   0.01150 0.08412 0.18868 0.27231 0.25677 0.18662 ( 4)  0.377
 174 K   0.38849 0.31008 0.19562 0.08746 0.01751 0.00085 ( 1)  0.059
 175 V   0.00047 0.02607 0.13916 0.32232 0.35792 0.15407 ( 5)  0.392
 176 E   0.35236 0.29589 0.20691 0.11045 0.03118 0.00320 ( 1)  0.072
 177 A   0.33138 0.28568 0.21076 0.12352 0.04198 0.00667 ( 1)  0.083
 178 I   0.00000 0.00132 0.02099 0.11491 0.32655 0.53622 ( 6)  0.705
 179 S   0.30139 0.26856 0.21204 0.14001 0.06058 0.01741 ( 1)  0.105
 180 L   0.27029 0.24809 0.20810 0.15278 0.08173 0.03901 ( 1)  0.137
 181 M   0.41081 0.31715 0.18670 0.07371 0.01136 0.00027 ( 1)  0.052
 182 H   0.36242 0.30038 0.20445 0.10402 0.02660 0.00212 ( 1)  0.068
 183 P   0.28890 0.26077 0.21133 0.14597 0.06895 0.02408 ( 1)  0.116
 184 S   0.01548 0.11006 0.23298 0.30381 0.23369 0.10398 ( 4)  0.296
 185 V   0.00000 0.00124 0.01980 0.10993 0.32056 0.54847 ( 6)  0.713
 186 S   0.30854 0.27286 0.21212 0.13634 0.05593 0.01421 ( 1)  0.099
 187 L   0.00020 0.01179 0.07077 0.20118 0.33612 0.37995 ( 6)  0.576
 188 S   0.32314 0.28128 0.21164 0.12839 0.04677 0.00878 ( 1)  0.088
 189 L   0.29843 0.26666 0.21176 0.14133 0.06260 0.01922 ( 1)  0.108
 190 R   0.36382 0.30081 0.20385 0.10312 0.02625 0.00216 ( 1)  0.067
 191 N   0.38235 0.30802 0.19794 0.09130 0.01935 0.00104 ( 1)  0.060
 192 D   0.38064 0.30752 0.19869 0.09235 0.01975 0.00104 ( 1)  0.061
 193 V   0.00000 0.00000 0.00000 0.00003 0.00520 0.99477 ( 6)  0.997
 194 S   0.32159 0.28043 0.21177 0.12929 0.04770 0.00922 ( 1)  0.089
 195 C   0.34816 0.29398 0.20788 0.11313 0.03315 0.00370 ( 1)  0.074
 196 S   0.00000 0.00064 0.01084 0.06695 0.24126 0.68031 ( 6)  0.801
 197 M   0.41081 0.31715 0.18670 0.07371 0.01136 0.00027 ( 1)  0.052
 198 V   0.32603 0.28281 0.21132 0.12668 0.04510 0.00805 ( 1)  0.086
 199 L   0.32237 0.28085 0.21171 0.12885 0.04723 0.00899 ( 1)  0.089
 200 Q   0.29357 0.26374 0.21171 0.14385 0.06579 0.02135 ( 1)  0.111
 201 L   0.28902 0.26080 0.21126 0.14584 0.06888 0.02419 ( 1)  0.116
 202 P   0.31169 0.27484 0.21233 0.13486 0.05380 0.01248 ( 1)  0.096
 203 K   0.36179 0.29997 0.20442 0.10441 0.02709 0.00233 ( 1)  0.068
 204 T   0.36362 0.30084 0.20405 0.10324 0.02617 0.00208 ( 1)  0.067
 205 R   0.36305 0.30031 0.20382 0.10358 0.02682 0.00241 ( 1)  0.068
 206 D   0.02622 0.17340 0.31649 0.31859 0.14618 0.01911 ( 4)  0.187
 207 I   0.02079 0.14251 0.27997 0.32048 0.19017 0.04608 ( 4)  0.229
 208 H   0.00019 0.01120 0.06752 0.19349 0.32963 0.39797 ( 6)  0.589
 209 S   0.32295 0.28117 0.21166 0.12851 0.04689 0.00883 ( 1)  0.088
 210 R   0.31776 0.27828 0.21201 0.13146 0.05004 0.01045 ( 1)  0.092
 211 F   0.35279 0.29614 0.20688 0.11019 0.03091 0.00309 ( 1)  0.072
 212 C   0.34839 0.29409 0.20784 0.11298 0.03304 0.00367 ( 1)  0.074
 213 Q   0.31958 0.27928 0.21187 0.13041 0.04895 0.00992 ( 1)  0.091
 214 I   0.02214 0.15026 0.28949 0.32065 0.17899 0.03848 ( 4)  0.218
 215 F   0.01888 0.13105 0.26416 0.31649 0.20625 0.06316 ( 4)  0.250
 216 G   0.35814 0.29846 0.20548 0.10677 0.02857 0.00259 ( 1)  0.070
 217 L   0.00007 0.00411 0.02741 0.09391 0.22859 0.64591 ( 6)  0.768
 218 S   0.01351 0.09737 0.21203 0.29056 0.24690 0.13963 ( 4)  0.333
 219 R   0.00065 0.03489 0.17545 0.36648 0.33229 0.09025 ( 4)  0.330
 220 S   0.30522 0.27087 0.21211 0.13807 0.05808 0.01564 ( 1)  0.102
 221 Q   0.29357 0.26374 0.21171 0.14385 0.06579 0.02135 ( 1)  0.111
 222 K   0.36137 0.29979 0.20454 0.10468 0.02726 0.00236 ( 1)  0.068
 223 L   0.29544 0.26478 0.21156 0.14272 0.06460 0.02091 ( 1)  0.110
 224 R   0.31734 0.27747 0.21099 0.13096 0.05084 0.01240 ( 1)  0.094
 225 E   0.02803 0.18309 0.32610 0.31477 0.13329 0.01471 ( 3)  0.177
 226 I   0.00001 0.00254 0.03864 0.19302 0.43288 0.33291 ( 5)  0.566
 227 K   0.00000 0.00000 0.00015 0.00647 0.11292 0.88047 ( 6)  0.931
 228 H   0.02140 0.14616 0.28491 0.32153 0.18501 0.04099 ( 4)  0.222
 229 K   0.36222 0.30015 0.20431 0.10414 0.02690 0.00228 ( 1)  0.068
 230 S   0.32343 0.28143 0.21162 0.12823 0.04660 0.00869 ( 1)  0.088
 231 G   0.33867 0.28934 0.20960 0.11904 0.03806 0.00528 ( 1)  0.079
 232 G   0.36094 0.29966 0.20473 0.10497 0.02736 0.00233 ( 1)  0.068
 233 F   0.35226 0.29589 0.20699 0.11052 0.03116 0.00317 ( 1)  0.072
 234 E   0.02088 0.14305 0.28066 0.32058 0.18946 0.04536 ( 4)  0.228
 235 I   0.00000 0.00021 0.00855 0.08367 0.34700 0.56056 ( 6)  0.730
 236 S   0.00001 0.00343 0.04894 0.22295 0.43693 0.28774 ( 5)  0.530
 237 G   0.34527 0.29261 0.20847 0.11495 0.03459 0.00411 ( 1)  0.075
 238 Y   0.01870 0.12998 0.26267 0.31609 0.20774 0.06481 ( 4)  0.252
 239 I   0.32084 0.27996 0.21175 0.12967 0.04820 0.00958 ( 1)  0.090
 240 S   0.02685 0.17684 0.32018 0.31766 0.14140 0.01707 ( 3)  0.183
 241 S   0.00000 0.00101 0.01651 0.09489 0.29599 0.59159 ( 6)  0.742
 242 E   0.37944 0.30698 0.19898 0.09314 0.02031 0.00116 ( 1)  0.061
 243 G   0.35900 0.29882 0.20524 0.10622 0.02821 0.00252 ( 1)  0.069
 244 H   0.36265 0.30048 0.20439 0.10388 0.02650 0.00210 ( 1)  0.068
 245 Y   0.30543 0.27102 0.21214 0.13798 0.05793 0.01549 ( 1)  0.101
 246 N   0.37841 0.30659 0.19933 0.09379 0.02067 0.00121 ( 1)  0.062
 247 K   0.36137 0.29979 0.20454 0.10468 0.02726 0.00236 ( 1)  0.068
 248 N   0.38768 0.30993 0.19606 0.08793 0.01759 0.00082 ( 1)  0.059
 249 M   0.03392 0.21364 0.35288 0.29811 0.09609 0.00536 ( 3)  0.152
 250 Q   0.29703 0.26592 0.21194 0.14222 0.06346 0.01943 ( 1)  0.108
 251 F   0.32158 0.28044 0.21182 0.12933 0.04767 0.00916 ( 1)  0.089
 252 L   0.28949 0.26104 0.21117 0.14551 0.06858 0.02420 ( 1)  0.116
 253 Y   0.34127 0.29058 0.20907 0.11740 0.03677 0.00492 ( 1)  0.078
 254 V   0.32516 0.28234 0.21140 0.12719 0.04562 0.00829 ( 1)  0.087
 255 N   0.38898 0.31037 0.19557 0.08711 0.01720 0.00077 ( 1)  0.058
 256 R   0.37917 0.30686 0.19906 0.09331 0.02042 0.00118 ( 1)  0.062
 257 R   0.35972 0.29913 0.20505 0.10575 0.02790 0.00246 ( 1)  0.069
 258 L   0.31019 0.27391 0.21227 0.13560 0.05481 0.01322 ( 1)  0.097
 259 V   0.01847 0.12859 0.26091 0.31601 0.20987 0.06615 ( 4)  0.254
 260 L   0.29866 0.26682 0.21180 0.14125 0.06243 0.01904 ( 1)  0.107
 261 K   0.36247 0.30024 0.20422 0.10397 0.02681 0.00228 ( 1)  0.068
 262 T   0.36490 0.30135 0.20366 0.10243 0.02567 0.00199 ( 1)  0.067
 263 R   0.38307 0.30830 0.19772 0.09084 0.01908 0.00100 ( 1)  0.060
 264 L   0.00000 0.00043 0.00759 0.04930 0.19775 0.74493 ( 6)  0.842
 265 H   0.35828 0.29856 0.20550 0.10667 0.02845 0.00254 ( 1)  0.069
 266 K   0.39526 0.31233 0.19302 0.08325 0.01551 0.00063 ( 1)  0.056
 267 L   0.28508 0.25817 0.21069 0.14740 0.07159 0.02707 ( 1)  0.120
 268 I   0.35536 0.29721 0.20614 0.10853 0.02984 0.00291 ( 1)  0.071
 269 D   0.37816 0.30661 0.19955 0.09393 0.02060 0.00115 ( 1)  0.062
 270 F   0.35217 0.29585 0.20701 0.11058 0.03121 0.00318 ( 1)  0.072
 271 L   0.29811 0.26646 0.21173 0.14147 0.06281 0.01943 ( 1)  0.108
 272 L   0.29866 0.26682 0.21180 0.14125 0.06243 0.01904 ( 1)  0.107
 273 R   0.38391 0.30861 0.19742 0.09030 0.01880 0.00096 ( 1)  0.060
 274 K   0.39656 0.31276 0.19252 0.08244 0.01513 0.00059 ( 1)  0.056
 275 E   0.00000 0.00001 0.00094 0.02039 0.18764 0.79102 ( 6)  0.877
 276 S   0.38101 0.30766 0.19857 0.09212 0.01962 0.00102 ( 1)  0.061
 277 V   0.01660 0.11710 0.24390 0.30923 0.22502 0.08815 ( 4)  0.279
 278 I   0.02121 0.14497 0.28307 0.32072 0.18667 0.04337 ( 4)  0.225
 279 C   0.31670 0.27769 0.21210 0.13207 0.05068 0.01076 ( 1)  0.092
 280 K   0.36561 0.30148 0.20324 0.10196 0.02562 0.00209 ( 1)  0.067
 281 A   0.02050 0.14084 0.27801 0.32072 0.19275 0.04719 ( 4)  0.231
 282 K   0.02973 0.19196 0.33403 0.31011 0.12231 0.01188 ( 3)  0.170
 283 S   0.02678 0.17646 0.31977 0.31778 0.14193 0.01728 ( 3)  0.183
 284 A   0.00000 0.00000 0.00001 0.00039 0.01617 0.98343 ( 6)  0.991
 285 P   0.01397 0.10038 0.21723 0.29437 0.24431 0.12975 ( 4)  0.323
 286 V   0.00000 0.00000 0.00000 0.00026 0.01551 0.98423 ( 6)  0.991
 287 S   0.00000 0.00008 0.00363 0.04127 0.23028 0.72473 ( 6)  0.834
 288 R   0.02299 0.15512 0.29520 0.32029 0.17207 0.03433 ( 4)  0.211
 289 Q   0.29357 0.26374 0.21171 0.14385 0.06579 0.02135 ( 1)  0.111
 290 G   0.00000 0.00005 0.00220 0.02699 0.17482 0.79594 ( 6)  0.878
 291 S   0.00000 0.00000 0.00004 0.00219 0.05347 0.94430 ( 6)  0.968
 292 S   0.31164 0.27465 0.21205 0.13468 0.05398 0.01301 ( 1)  0.097
 293 S   0.37981 0.30721 0.19897 0.09288 0.02004 0.00108 ( 1)  0.061
 294 P   0.31162 0.27480 0.21233 0.13490 0.05385 0.01251 ( 1)  0.096
 295 R   0.00000 0.00000 0.00000 0.00001 0.00188 0.99811 ( 6)  0.999
 296 P   0.00000 0.00181 0.02780 0.14449 0.36872 0.45718 ( 6)  0.651
 297 R   0.31243 0.27524 0.21225 0.13442 0.05336 0.01229 ( 1)  0.096
 298 C   0.00000 0.00149 0.02339 0.12577 0.34400 0.50536 ( 6)  0.684
 299 G   0.31464 0.27651 0.21219 0.13322 0.05197 0.01147 ( 1)  0.094
 300 P   0.33422 0.28719 0.21045 0.12183 0.04034 0.00597 ( 1)  0.081
 301 E   0.35386 0.29654 0.20651 0.10949 0.03053 0.00307 ( 1)  0.072
 302 L   0.28598 0.25870 0.21066 0.14688 0.07098 0.02680 ( 1)  0.120
 303 Y   0.00001 0.00150 0.02057 0.10942 0.31624 0.55227 ( 6)  0.715
 304 G   0.33996 0.28998 0.20938 0.11824 0.03738 0.00505 ( 1)  0.078
 305 I   0.31987 0.27943 0.21183 0.13023 0.04878 0.00986 ( 1)  0.090
 306 F   0.35253 0.29602 0.20693 0.11035 0.03103 0.00313 ( 1)  0.072
 307 V   0.00000 0.00000 0.00039 0.00955 0.11335 0.87672 ( 6)  0.928
 308 L   0.28796 0.26011 0.21114 0.14630 0.06961 0.02487 ( 1)  0.117
 309 N   0.02872 0.18680 0.32975 0.31329 0.12840 0.01304 ( 3)  0.174
 310 V   0.33279 0.28639 0.21055 0.12266 0.04122 0.00639 ( 1)  0.082
 311 T   0.00000 0.00003 0.00124 0.01647 0.12540 0.85686 ( 6)  0.915
 312 C   0.34701 0.29344 0.20812 0.11385 0.03372 0.00386 ( 1)  0.075
 313 A   0.00000 0.00004 0.00181 0.02283 0.15703 0.81830 ( 6)  0.892
 314 Y   0.00016 0.00921 0.05682 0.16938 0.31204 0.45238 ( 6)  0.630
 315 S   0.02631 0.17387 0.31704 0.31854 0.14550 0.01874 ( 4)  0.186
 316 D   0.01987 0.13709 0.27301 0.31981 0.19813 0.05209 ( 4)  0.237
 317 Y   0.33751 0.28873 0.20975 0.11974 0.03872 0.00556 ( 1)  0.080
 318 D   0.38138 0.30780 0.19844 0.09188 0.01949 0.00101 ( 1)  0.061
 319 V   0.01626 0.11497 0.24062 0.30765 0.22769 0.09281 ( 4)  0.284
 320 T   0.00000 0.00106 0.01719 0.09787 0.30025 0.58363 ( 6)  0.737
 321 L   0.26216 0.24228 0.20610 0.15509 0.08724 0.04713 ( 1)  0.148
 322 E   0.00061 0.03265 0.16684 0.35786 0.34071 0.10133 ( 4)  0.342
 323 P   0.31249 0.27530 0.21231 0.13443 0.05329 0.01217 ( 1)  0.095
 324 A   0.02137 0.14597 0.28469 0.32158 0.18533 0.04107 ( 4)  0.222
 325 K   0.38190 0.30776 0.19799 0.09160 0.01964 0.00112 ( 1)  0.061
 326 T   0.34176 0.29090 0.20911 0.11714 0.03640 0.00470 ( 1)  0.077
 327 L   0.26627 0.24523 0.20715 0.15395 0.08446 0.04294 ( 1)  0.142
 328 I   0.35037 0.29492 0.20727 0.11169 0.03221 0.00354 ( 1)  0.073
 329 E   0.35294 0.29615 0.20676 0.11008 0.03092 0.00314 ( 1)  0.072
 330 F   0.32161 0.28046 0.21182 0.12931 0.04765 0.00915 ( 1)  0.089
 331 Q   0.00019 0.01112 0.06717 0.19319 0.33063 0.39770 ( 6)  0.589
 332 N   0.02179 0.14840 0.28765 0.32156 0.18176 0.03884 ( 4)  0.219
 333 W   0.29136 0.26233 0.21151 0.14484 0.06728 0.02268 ( 1)  0.114
 334 D   0.02695 0.17739 0.32073 0.31746 0.14067 0.01681 ( 3)  0.183
 335 A   0.00000 0.00000 0.00015 0.00426 0.06706 0.92853 ( 6)  0.959
 336 L   0.01568 0.11129 0.23492 0.30484 0.23222 0.10105 ( 4)  0.293
 337 L   0.28787 0.26001 0.21104 0.14625 0.06968 0.02514 ( 1)  0.117
 338 A   0.00000 0.00006 0.00249 0.02999 0.18739 0.78007 ( 6)  0.868
 339 C   0.32084 0.27997 0.21177 0.12968 0.04819 0.00954 ( 1)  0.090
 340 V   0.00000 0.00018 0.00744 0.07458 0.32571 0.59209 ( 6)  0.751
 341 E   0.35386 0.29654 0.20651 0.10949 0.03053 0.00307 ( 1)  0.072
 342 E   0.38825 0.31014 0.19585 0.08756 0.01740 0.00079 ( 1)  0.059
 343 G   0.36094 0.29966 0.20473 0.10497 0.02736 0.00233 ( 1)  0.068
 344 V   0.32585 0.28271 0.21134 0.12679 0.04521 0.00810 ( 1)  0.086
 345 K   0.39656 0.31276 0.19252 0.08244 0.01513 0.00059 ( 1)  0.056
 346 R   0.00000 0.00000 0.00000 0.00013 0.01709 0.98277 ( 6)  0.990
 347 F   0.35249 0.29600 0.20694 0.11038 0.03105 0.00313 ( 1)  0.072
 348 L   0.29029 0.26148 0.21110 0.14502 0.06807 0.02404 ( 1)  0.115
 349 K   0.39277 0.31154 0.19401 0.08478 0.01620 0.00070 ( 1)  0.057
 350 R   0.28333 0.25694 0.21030 0.14796 0.07280 0.02868 ( 1)  0.122
 351 E   0.37959 0.30702 0.19892 0.09304 0.02027 0.00116 ( 1)  0.061
 352 H   0.02285 0.15456 0.29541 0.32205 0.17283 0.03230 ( 4)  0.210
 353 L   0.29836 0.26662 0.21175 0.14136 0.06264 0.01927 ( 1)  0.108
 354 F   0.35249 0.29600 0.20694 0.11038 0.03105 0.00313 ( 1)  0.072
 355 V   0.02053 0.14091 0.27766 0.31973 0.19243 0.04873 ( 4)  0.232
 356 E   0.38825 0.31014 0.19585 0.08756 0.01740 0.00079 ( 1)  0.059
 357 P   0.01499 0.10694 0.22793 0.30082 0.23711 0.11221 ( 4)  0.305
 358 C   0.34701 0.29344 0.20812 0.11385 0.03372 0.00386 ( 1)  0.075
 359 C   0.00001 0.00294 0.04278 0.20137 0.42220 0.33069 ( 5)  0.561
 360 E   0.02262 0.15307 0.29296 0.32079 0.17501 0.03555 ( 4)  0.213
 361 D   0.34606 0.29303 0.20838 0.11448 0.03413 0.00393 ( 1)  0.075
 362 I   0.31987 0.27943 0.21183 0.13023 0.04878 0.00986 ( 1)  0.090
 363 K   0.00064 0.03442 0.17356 0.36425 0.33374 0.09339 ( 4)  0.334
 364 E   0.38277 0.30820 0.19783 0.09103 0.01918 0.00101 ( 1)  0.060
 365 F   0.35228 0.29590 0.20699 0.11051 0.03116 0.00316 ( 1)  0.072
 366 N   0.39128 0.31117 0.19472 0.08567 0.01647 0.00069 ( 1)  0.058
 367 E   0.38285 0.30823 0.19780 0.09097 0.01915 0.00100 ( 1)  0.060
 368 D   0.00000 0.00020 0.00794 0.07900 0.33777 0.57509 ( 6)  0.740
 369 N   0.00072 0.03833 0.18883 0.38019 0.31983 0.07210 ( 4)  0.311
 370 N   0.02080 0.14260 0.28030 0.32100 0.19019 0.04511 ( 4)  0.228
 371 F   0.35279 0.29614 0.20688 0.11019 0.03091 0.00309 ( 1)  0.072
 372 C   0.00000 0.00006 0.00285 0.03359 0.20134 0.76216 ( 6)  0.857
 373 L   0.00011 0.00652 0.04167 0.13222 0.27618 0.54330 ( 6)  0.696
 374 D   0.00000 0.00000 0.00000 0.00043 0.02241 0.97716 ( 6)  0.987
 375 N   0.00000 0.00000 0.00013 0.00588 0.10585 0.88813 ( 6)  0.936
 376 A   0.00000 0.00084 0.01392 0.08248 0.27343 0.62933 ( 6)  0.767
 377 P   0.00000 0.00006 0.00250 0.03006 0.18794 0.77945 ( 6)  0.868
 378 V   0.00030 0.01732 0.09880 0.25687 0.35930 0.26741 ( 5)  0.488
 379 T   0.00000 0.00000 0.00000 0.00005 0.00498 0.99498 ( 6)  0.997
 380 K   0.02468 0.16465 0.30628 0.31941 0.15864 0.02635 ( 4)  0.198
 381 S   0.00000 0.00039 0.00683 0.04534 0.18900 0.75845 ( 6)  0.851
 382 I   0.00000 0.00074 0.01238 0.07446 0.25559 0.65682 ( 6)  0.785
 383 L   0.00000 0.00000 0.00001 0.00049 0.01908 0.98042 ( 6)  0.989
 384 P   0.00000 0.00003 0.00155 0.01997 0.14311 0.83534 ( 6)  0.902
 385 E   0.00000 0.00000 0.00032 0.00809 0.10156 0.89003 ( 6)  0.936
 386 D   0.00000 0.00000 0.00006 0.00292 0.06561 0.93142 ( 6)  0.961
 387 K   0.36308 0.30048 0.20402 0.10358 0.02658 0.00224 ( 1)  0.068
 388 S   0.00017 0.01024 0.06536 0.19995 0.35573 0.36855 ( 6)  0.572
 389 I   0.31987 0.27943 0.21183 0.13023 0.04878 0.00986 ( 1)  0.090
 390 Q   0.01496 0.10671 0.22749 0.30042 0.23723 0.11319 ( 4)  0.306
 391 E   0.00000 0.00001 0.00090 0.01951 0.18180 0.79779 ( 6)  0.881
 392 N   0.00000 0.00013 0.00549 0.05835 0.28449 0.65154 ( 6)  0.788
 393 F   0.35226 0.29589 0.20699 0.11052 0.03116 0.00317 ( 1)  0.072
 394 K   0.00043 0.02404 0.13003 0.30834 0.35992 0.17724 ( 5)  0.412
 395 K   0.39656 0.31276 0.19252 0.08244 0.01513 0.00059 ( 1)  0.056
 396 A   0.34063 0.29039 0.20938 0.11787 0.03692 0.00480 ( 1)  0.078
 397 C   0.34770 0.29376 0.20797 0.11341 0.03338 0.00377 ( 1)  0.074
 398 D   0.02678 0.17644 0.31976 0.31779 0.14195 0.01729 ( 3)  0.183
 399 E   0.38825 0.31014 0.19585 0.08756 0.01740 0.00079 ( 1)  0.059
 400 I   0.35536 0.29721 0.20614 0.10853 0.02984 0.00291 ( 1)  0.071
 401 I   0.00000 0.00000 0.00012 0.00371 0.06313 0.93304 ( 6)  0.961
 402 D   0.38162 0.30789 0.19836 0.09173 0.01940 0.00099 ( 1)  0.061
 403 S   0.29500 0.26465 0.21184 0.14321 0.06482 0.02049 ( 1)  0.110
 404 Y   0.34254 0.29120 0.20884 0.11661 0.03611 0.00470 ( 1)  0.077
 405 E   0.02839 0.18501 0.32799 0.31402 0.13076 0.01383 ( 3)  0.175
 406 V   0.00000 0.00000 0.00003 0.00224 0.07132 0.92642 ( 6)  0.958
 407 F   0.00000 0.00000 0.00000 0.00045 0.02330 0.97625 ( 6)  0.987
 408 K   0.00000 0.00000 0.00039 0.00959 0.11366 0.87635 ( 6)  0.928
 409 L   0.00000 0.00035 0.00629 0.04220 0.18015 0.77101 ( 6)  0.859
 410 Q   0.31998 0.27950 0.21184 0.13018 0.04870 0.00979 ( 1)  0.090
 411 S   0.30910 0.27323 0.21220 0.13610 0.05552 0.01384 ( 1)  0.098
 412 K   0.39656 0.31276 0.19252 0.08244 0.01513 0.00059 ( 1)  0.056
 413 D   0.38162 0.30789 0.19836 0.09173 0.01940 0.00099 ( 1)  0.061
 414 V   0.30172 0.26881 0.21214 0.13993 0.06034 0.01706 ( 1)  0.104
 415 K   0.38977 0.31052 0.19514 0.08666 0.01711 0.00080 ( 1)  0.058
 416 R   0.36548 0.30153 0.20341 0.10205 0.02553 0.00200 ( 1)  0.067
 417 K   0.39596 0.31256 0.19275 0.08281 0.01530 0.00061 ( 1)  0.056
 418 S   0.00015 0.00864 0.05366 0.16198 0.30575 0.46982 ( 6)  0.643
 419 T   0.00000 0.00000 0.00000 0.00001 0.00283 0.99716 ( 6)  0.998
 420 V   0.00000 0.00000 0.00000 0.00015 0.01249 0.98735 ( 6)  0.993
 421 G   0.00000 0.00000 0.00001 0.00058 0.02794 0.97147 ( 6)  0.984
 422 K   0.02912 0.18878 0.33110 0.31163 0.12630 0.01307 ( 3)  0.173
 423 N   0.00001 0.00329 0.04694 0.21447 0.42703 0.30826 ( 5)  0.544
 424 S   0.00000 0.00006 0.00267 0.03178 0.19462 0.77087 ( 6)  0.863
 425 S   0.01358 0.09778 0.21256 0.29049 0.24591 0.13969 ( 4)  0.332
 426 D   0.00000 0.00000 0.00000 0.00016 0.01505 0.98479 ( 6)  0.991
 427 P   0.00000 0.00002 0.00100 0.01372 0.11151 0.87375 ( 6)  0.925
 428 P   0.00000 0.00000 0.00000 0.00000 0.00120 0.99879 ( 6)  0.999
 429 E   0.00000 0.00009 0.00382 0.04300 0.23499 0.71809 ( 6)  0.830
 430 S   0.00000 0.00069 0.01170 0.07126 0.25014 0.66621 ( 6)  0.791
 431 N   0.00000 0.00025 0.01002 0.09521 0.37275 0.52177 ( 6)  0.705
 432 K   0.00000 0.00000 0.00002 0.00160 0.05606 0.94233 ( 6)  0.967
 433 N   0.02900 0.18827 0.33110 0.31257 0.12653 0.01252 ( 3)  0.172
 434 T   0.00000 0.00000 0.00000 0.00001 0.00310 0.99689 ( 6)  0.998
 435 Q   0.00000 0.00002 0.00107 0.01453 0.11583 0.86854 ( 6)  0.922
 436 D   0.00068 0.03599 0.17979 0.37104 0.32837 0.08413 ( 4)  0.324
 437 Q   0.01236 0.08981 0.19877 0.28032 0.25266 0.16608 ( 4)  0.358
 438 K   0.00000 0.00000 0.00001 0.00074 0.03316 0.96609 ( 6)  0.981
 439 I   0.00000 0.00000 0.00003 0.00175 0.04847 0.94974 ( 6)  0.971
 440 A   0.00000 0.00000 0.00000 0.00006 0.00770 0.99224 ( 6)  0.996
 441 E   0.00001 0.00357 0.05064 0.22801 0.43782 0.27995 ( 5)  0.524
 442 L   0.00000 0.00003 0.00159 0.02047 0.14564 0.83226 ( 6)  0.900
 443 V   0.00000 0.00000 0.00002 0.00105 0.03229 0.96664 ( 6)  0.981
 444 G   0.00050 0.02731 0.14451 0.32968 0.35530 0.14270 ( 5)  0.382
 445 Q   0.00000 0.00000 0.00002 0.00109 0.03318 0.96571 ( 6)  0.980
 446 R   0.00035 0.01984 0.11095 0.27861 0.36315 0.22709 ( 5)  0.455
 447 R   0.02581 0.17111 0.31396 0.31905 0.14940 0.02068 ( 4)  0.190
 448 N   0.35804 0.29841 0.20550 0.10683 0.02862 0.00261 ( 1)  0.070
 449 K   0.00000 0.00001 0.00135 0.02758 0.22730 0.74375 ( 6)  0.849
 450 E   0.00000 0.00000 0.00021 0.00871 0.13702 0.85406 ( 6)  0.916
 451 A   0.00000 0.00177 0.02736 0.14283 0.36739 0.46064 ( 6)  0.654
 452 E   0.00040 0.02221 0.12194 0.29666 0.36309 0.19570 ( 5)  0.429
 453 I   0.00000 0.00015 0.00634 0.06559 0.30327 0.62464 ( 6)  0.771
 454 P   0.00000 0.00000 0.00026 0.00595 0.07902 0.91476 ( 6)  0.951
 455 L   0.26643 0.24536 0.20722 0.15395 0.08436 0.04268 ( 1)  0.142
 456 P   0.00000 0.00036 0.00647 0.04334 0.18386 0.76597 ( 6)  0.856
 457 K   0.00000 0.00000 0.00000 0.00012 0.01214 0.98773 ( 6)  0.993
 458 K   0.00000 0.00030 0.01154 0.10649 0.39388 0.48779 ( 6)  0.683
 459 D   0.00000 0.00023 0.00935 0.09030 0.36395 0.53617 ( 6)  0.715
 460 D   0.00000 0.00000 0.00001 0.00086 0.03074 0.96839 ( 6)  0.982
 461 T   0.00040 0.02206 0.12107 0.29447 0.36159 0.20042 ( 5)  0.433
 462 A   0.00000 0.00000 0.00022 0.00578 0.08077 0.91324 ( 6)  0.950
 463 S   0.32343 0.28143 0.21162 0.12823 0.04660 0.00869 ( 1)  0.088
 464 N   0.00000 0.00000 0.00011 0.00492 0.09454 0.90043 ( 6)  0.943
 465 F   0.00000 0.00000 0.00000 0.00019 0.01287 0.98693 ( 6)  0.993
 466 T   0.00000 0.00000 0.00000 0.00010 0.01049 0.98942 ( 6)  0.994
 467 V   0.00000 0.00000 0.00013 0.00596 0.10873 0.88518 ( 6)  0.934
 468 S   0.01461 0.10443 0.22360 0.29765 0.23927 0.12043 ( 4)  0.313
 469 D   0.00000 0.00000 0.00001 0.00064 0.03121 0.96815 ( 6)  0.982
 470 M   0.00000 0.00005 0.00227 0.02767 0.17758 0.79243 ( 6)  0.876
 471 S   0.00000 0.00059 0.01009 0.06279 0.23055 0.69598 ( 6)  0.811
 472 E   0.02666 0.17571 0.31870 0.31752 0.14314 0.01826 ( 3)  0.185
 473 Q   0.01131 0.08283 0.18633 0.27028 0.25745 0.19179 ( 4)  0.382
 474 E   0.00041 0.02260 0.12368 0.29916 0.36235 0.19180 ( 5)  0.425
 475 P   0.00000 0.00110 0.01783 0.10120 0.30751 0.57235 ( 6)  0.729
 476 K   0.39656 0.31276 0.19252 0.08244 0.01513 0.00059 ( 1)  0.056
 477 G   0.00000 0.00005 0.00237 0.02871 0.18153 0.78733 ( 6)  0.873
 478 T   0.00000 0.00000 0.00034 0.00858 0.10562 0.88545 ( 6)  0.933
 479 N   0.00000 0.00000 0.00001 0.00065 0.03009 0.96926 ( 6)  0.983
 480 S   0.00000 0.00000 0.00001 0.00085 0.03630 0.96284 ( 6)  0.979
 481 S   0.01069 0.07865 0.17858 0.26333 0.25929 0.20947 ( 4)  0.398
 482 Q   0.31855 0.27869 0.21192 0.13099 0.04958 0.01027 ( 1)  0.091
 483 E   0.00000 0.00021 0.00840 0.08226 0.34301 0.56613 ( 6)  0.734
 484 A   0.00000 0.00000 0.00000 0.00013 0.01018 0.98970 ( 6)  0.994
 485 C   0.00000 0.00000 0.00000 0.00000 0.00024 0.99976 ( 6)  1.000
 486 D   0.00062 0.03351 0.17037 0.36216 0.33813 0.09521 ( 4)  0.337
 487 T   0.00000 0.00000 0.00003 0.00173 0.04572 0.95253 ( 6)  0.973
 488 H   0.00000 0.00009 0.00393 0.04406 0.23910 0.71282 ( 6)  0.827
 489 L   0.27530 0.25157 0.20912 0.15110 0.07830 0.03462 ( 1)  0.131
 490 R   0.00000 0.00002 0.00190 0.03675 0.27123 0.69010 ( 6)  0.816
 491 S   0.00020 0.01181 0.07084 0.20117 0.33569 0.38029 ( 6)  0.576
 492 S   0.31536 0.27682 0.21196 0.13268 0.05163 0.01156 ( 1)  0.094
 493 E   0.02803 0.18308 0.32611 0.31481 0.13329 0.01468 ( 3)  0.177
 494 N   0.00000 0.00000 0.00013 0.00598 0.10649 0.88740 ( 6)  0.935
 495 L   0.00016 0.00938 0.05783 0.17220 0.31567 0.44477 ( 6)  0.625
 496 R   0.00000 0.00000 0.00000 0.00000 0.00067 0.99933 ( 6)  1.000
 497 S   0.01064 0.07833 0.17798 0.26277 0.25939 0.21089 ( 4)  0.399
 498 S   0.00020 0.01171 0.07045 0.20077 0.33658 0.38029 ( 6)  0.577
 499 F   0.00000 0.00000 0.00002 0.00092 0.02942 0.96965 ( 6)  0.983
 500 T   0.00000 0.00000 0.00007 0.00332 0.07185 0.92477 ( 6)  0.957
 501 E   0.00056 0.03032 0.15688 0.34457 0.34617 0.12150 ( 5)  0.361
 502 G   0.01804 0.12599 0.25725 0.31497 0.21353 0.07022 ( 4)  0.259
 503 C   0.00000 0.00000 0.00000 0.00010 0.00814 0.99176 ( 6)  0.995
 504 R   0.38073 0.30743 0.19851 0.09232 0.01990 0.00111 ( 1)  0.061
 505 S   0.31536 0.27682 0.21196 0.13268 0.05163 0.01156 ( 1)  0.094
 506 E   0.00001 0.00326 0.04680 0.21523 0.43105 0.30365 ( 5)  0.541
 507 I   0.00000 0.00000 0.00000 0.00045 0.03021 0.96934 ( 6)  0.983
 508 D   0.00000 0.00145 0.02280 0.12346 0.34174 0.51055 ( 6)  0.688
 509 L   0.00837 0.06266 0.14756 0.23198 0.26010 0.28932 ( 6)  0.468
 510 R   0.00000 0.00000 0.00001 0.00063 0.02253 0.97684 ( 6)  0.987
 511 G   0.00000 0.00000 0.00005 0.00274 0.06297 0.93424 ( 6)  0.962
 512 C   0.00000 0.00155 0.02422 0.12957 0.35000 0.49466 ( 6)  0.677
 513 A   0.00038 0.02112 0.11701 0.28900 0.36405 0.20844 ( 5)  0.440
 514 E   0.00000 0.00172 0.02665 0.13970 0.36281 0.46911 ( 6)  0.659
 515 N   0.00001 0.00249 0.03757 0.18638 0.42031 0.35325 ( 5)  0.579
 516 R   0.00000 0.00000 0.00003 0.00157 0.04281 0.95558 ( 6)  0.975
 517 A   0.00000 0.00000 0.00000 0.00006 0.01025 0.98969 ( 6)  0.994
 518 E   0.03037 0.19535 0.33713 0.30845 0.11807 0.01063 ( 3)  0.167
 519 D   0.00061 0.03272 0.16718 0.35846 0.34068 0.10035 ( 4)  0.342
 520 V   0.00000 0.00000 0.00003 0.00179 0.04679 0.95139 ( 6)  0.972
 521 G   0.00037 0.02086 0.11557 0.28578 0.36225 0.21517 ( 5)  0.445
 522 K   0.00025 0.01425 0.08369 0.22866 0.35185 0.32130 ( 5)  0.531
 523 Q   0.00000 0.00043 0.00748 0.04897 0.19836 0.74477 ( 6)  0.842
 524 Q   0.01524 0.10850 0.23043 0.30225 0.23533 0.10825 ( 4)  0.301
 525 D   0.00000 0.00000 0.00024 0.00635 0.08555 0.90786 ( 6)  0.947
 526 Q   0.00000 0.00000 0.00000 0.00024 0.01970 0.98005 ( 6)  0.989
 527 V   0.02235 0.15158 0.29145 0.32140 0.17716 0.03606 ( 4)  0.215
 528 V   0.00000 0.00000 0.00019 0.00536 0.07851 0.91594 ( 6)  0.951
 529 Q   0.00012 0.00721 0.04567 0.14274 0.28846 0.51580 ( 6)  0.676
 530 K   0.00001 0.00388 0.05427 0.23874 0.43999 0.26311 ( 5)  0.511
 531 S   0.34606 0.29303 0.20838 0.11448 0.03413 0.00393 ( 1)  0.075
 532 S   0.00000 0.00000 0.00000 0.00001 0.00402 0.99597 ( 6)  0.998
 533 T   0.00000 0.00006 0.00279 0.03286 0.19713 0.76715 ( 6)  0.860
 534 V   0.00018 0.01031 0.06289 0.18371 0.32422 0.41869 ( 6)  0.605
 535 G   0.00000 0.00000 0.00000 0.00000 0.00097 0.99903 ( 6)  0.999
 536 V   0.00000 0.00000 0.00000 0.00000 0.00096 0.99904 ( 6)  0.999
 537 S   0.00000 0.00002 0.00093 0.01286 0.10633 0.87986 ( 6)  0.929
 538 N   0.02907 0.18865 0.33157 0.31255 0.12595 0.01221 ( 3)  0.172
 539 N   0.00000 0.00001 0.00063 0.01434 0.14870 0.83632 ( 6)  0.904
 540 G   0.00000 0.00020 0.00797 0.07924 0.33847 0.57413 ( 6)  0.739
 541 F   0.00000 0.00005 0.00222 0.02714 0.17519 0.79539 ( 6)  0.878
 542 T   0.00000 0.00000 0.00037 0.00915 0.10998 0.88050 ( 6)  0.930
 543 R   0.00000 0.00000 0.00001 0.00059 0.02159 0.97781 ( 6)  0.987
 544 W   0.00000 0.00000 0.00009 0.00270 0.04758 0.94963 ( 6)  0.971
 545 P   0.00000 0.00000 0.00000 0.00003 0.00405 0.99592 ( 6)  0.998
 546 S   0.00000 0.00000 0.00002 0.00094 0.02994 0.96911 ( 6)  0.982
 547 E   0.00040 0.02214 0.12162 0.29602 0.36284 0.19698 ( 5)  0.430
 548 R   0.38391 0.30861 0.19742 0.09030 0.01880 0.00096 ( 1)  0.060
 549 E   0.00001 0.00374 0.05264 0.23453 0.44100 0.26808 ( 5)  0.515
 550 D   0.01985 0.13698 0.27286 0.31978 0.19829 0.05224 ( 4)  0.237
 551 P   0.00018 0.01062 0.06456 0.18764 0.32753 0.40947 ( 6)  0.598
 552 S   0.00000 0.00003 0.00146 0.01940 0.14401 0.83509 ( 6)  0.902
 553 E   0.00069 0.03671 0.18268 0.37439 0.32609 0.07944 ( 4)  0.319
 554 T   0.00000 0.00224 0.03365 0.16771 0.39395 0.40245 ( 6)  0.613
 555 A   0.02130 0.14556 0.28416 0.32153 0.18592 0.04153 ( 4)  0.223
 556 G   0.00000 0.00000 0.00000 0.00000 0.00034 0.99966 ( 6)  1.000
 557 E   0.00000 0.00001 0.00061 0.01400 0.14633 0.83906 ( 6)  0.906
 558 S   0.00000 0.00000 0.00014 0.00391 0.06167 0.93428 ( 6)  0.962
 559 E   0.00000 0.00027 0.01058 0.09940 0.38058 0.50917 ( 6)  0.697
 560 T   0.00000 0.00142 0.02234 0.12130 0.33791 0.51703 ( 6)  0.692
 561 V   0.00000 0.00002 0.00094 0.01305 0.10754 0.87845 ( 6)  0.928
 562 Y   0.00000 0.00000 0.00001 0.00061 0.02296 0.97642 ( 6)  0.987
 563 G   0.02212 0.15027 0.28983 0.32138 0.17908 0.03732 ( 4)  0.217
 564 N   0.00001 0.00358 0.05085 0.22929 0.44027 0.27600 ( 5)  0.521
 565 S   0.01435 0.10276 0.22080 0.29581 0.24093 0.12536 ( 4)  0.318
 566 L   0.00000 0.00001 0.00067 0.00973 0.08771 0.90188 ( 6)  0.942
 567 I   0.00000 0.00000 0.00000 0.00025 0.02125 0.97850 ( 6)  0.988
 568 R   0.00000 0.00019 0.00779 0.07760 0.33342 0.58099 ( 6)  0.743
 569 P   0.00000 0.00000 0.00000 0.00004 0.00481 0.99514 ( 6)  0.997
 570 H   0.00000 0.00000 0.00003 0.00160 0.04349 0.95488 ( 6)  0.974
 571 N   0.00001 0.00417 0.05779 0.25043 0.44622 0.24138 ( 5)  0.494
 572 V   0.00000 0.00000 0.00049 0.01168 0.13011 0.85772 ( 6)  0.917
 573 R   0.00000 0.00020 0.00813 0.08046 0.34083 0.57037 ( 6)  0.737
 574 E   0.00062 0.03321 0.16827 0.35687 0.33632 0.10471 ( 4)  0.344
 575 D   0.00000 0.00000 0.00005 0.00258 0.06017 0.93720 ( 6)  0.964
 576 R   0.00044 0.02444 0.13205 0.31229 0.36108 0.16970 ( 5)  0.406
 577 E   0.00000 0.00024 0.00965 0.09221 0.36555 0.53235 ( 6)  0.712
 578 R   0.00000 0.00001 0.00070 0.01572 0.15804 0.82554 ( 6)  0.898
 579 S   0.00000 0.00000 0.00000 0.00032 0.01830 0.98138 ( 6)  0.989
 580 E   0.02795 0.18270 0.32574 0.31497 0.13379 0.01485 ( 3)  0.178
 581 V   0.00000 0.00000 0.00000 0.00009 0.00968 0.99023 ( 6)  0.994
 582 V   0.00000 0.00000 0.00000 0.00001 0.00273 0.99727 ( 6)  0.998
 583 D   0.00000 0.00019 0.00780 0.07801 0.33663 0.57738 ( 6)  0.741
 584 N   0.00000 0.00001 0.00089 0.01942 0.18217 0.79751 ( 6)  0.881
 585 A   0.00020 0.01189 0.07131 0.20234 0.33682 0.37744 ( 6)  0.574
 586 G   0.02130 0.14551 0.28395 0.32114 0.18585 0.04226 ( 4)  0.224
 587 R   0.00062 0.03320 0.16866 0.35867 0.33762 0.10122 ( 4)  0.341
 588 G   0.00000 0.00006 0.00263 0.03133 0.19184 0.77413 ( 6)  0.865
 589 A   0.00000 0.00004 0.00183 0.02308 0.15788 0.81716 ( 6)  0.891
 590 V   0.00000 0.00000 0.00000 0.00005 0.00687 0.99307 ( 6)  0.996
 591 S   0.00000 0.00000 0.00001 0.00079 0.03559 0.96361 ( 6)  0.979
 592 S   0.31263 0.27524 0.21204 0.13416 0.05334 0.01260 ( 1)  0.096
 593 V   0.00000 0.00000 0.00000 0.00053 0.02783 0.97164 ( 6)  0.984
 594 P   0.01635 0.11555 0.24171 0.30860 0.22724 0.09054 ( 4)  0.282
 595 E   0.00000 0.00000 0.00001 0.00066 0.02318 0.97615 ( 6)  0.986
 596 K   0.00001 0.00382 0.05350 0.23586 0.43745 0.26935 ( 5)  0.515
 597 V   0.00000 0.00001 0.00069 0.00999 0.09060 0.89871 ( 6)  0.940
 598 H   0.00000 0.00000 0.00000 0.00026 0.01577 0.98397 ( 6)  0.991
 599 S   0.00000 0.00073 0.01232 0.07445 0.25703 0.65548 ( 6)  0.784
 600 L   0.00000 0.00000 0.00000 0.00012 0.01205 0.98783 ( 6)  0.993
 601 G   0.00000 0.00028 0.00516 0.03710 0.17322 0.78424 ( 6)  0.868
 602 L   0.01183 0.08633 0.19260 0.27544 0.25519 0.17861 ( 4)  0.370
 603 K   0.00000 0.00000 0.00000 0.00008 0.01215 0.98776 ( 6)  0.993
 604 I   0.00000 0.00001 0.00066 0.01504 0.15487 0.82943 ( 6)  0.900
 605 R   0.00000 0.00000 0.00000 0.00000 0.00087 0.99913 ( 6)  1.000
 606 V   0.00028 0.01604 0.09252 0.24527 0.35644 0.28945 ( 5)  0.506
 607 M   0.00000 0.00000 0.00000 0.00022 0.01904 0.98074 ( 6)  0.989
 608 Q   0.01525 0.10857 0.23055 0.30233 0.23527 0.10805 ( 4)  0.301
 609 N   0.00000 0.00000 0.00001 0.00133 0.04960 0.94905 ( 6)  0.971
 610 E   0.02176 0.14811 0.28694 0.32082 0.18214 0.04024 ( 4)  0.220
 611 P   0.00013 0.00776 0.04878 0.15042 0.29601 0.49691 ( 6)  0.663
 612 P   0.01650 0.11651 0.24323 0.30944 0.22612 0.08820 ( 4)  0.280
 613 K   0.02797 0.18273 0.32565 0.31479 0.13384 0.01502 ( 3)  0.178
 614 Q   0.32046 0.27978 0.21183 0.12992 0.04840 0.00962 ( 1)  0.090
 615 T   0.00000 0.00080 0.01506 0.10001 0.33958 0.54455 ( 6)  0.715
 616 E   0.38396 0.30863 0.19741 0.09027 0.01877 0.00095 ( 1)  0.060
 617 T   0.00000 0.00000 0.00007 0.00361 0.07594 0.92037 ( 6)  0.954
 618 N   0.00000 0.00000 0.00002 0.00158 0.05604 0.94237 ( 6)  0.967
 619 L   0.00000 0.00076 0.01273 0.07647 0.26093 0.64911 ( 6)  0.780
 620 A   0.00000 0.00164 0.02549 0.13503 0.35751 0.48033 ( 6)  0.667
 621 L   0.00013 0.00786 0.04925 0.15109 0.29518 0.49648 ( 6)  0.662
 622 N   0.02325 0.15667 0.29737 0.32087 0.16986 0.03199 ( 4)  0.208
 623 M   0.00000 0.00000 0.00000 0.00005 0.00752 0.99242 ( 6)  0.996
 624 H   0.00000 0.00003 0.00146 0.01900 0.13856 0.84094 ( 6)  0.906
 625 C   0.00000 0.00000 0.00000 0.00000 0.00130 0.99870 ( 6)  0.999
 626 R   0.00057 0.03088 0.15933 0.34808 0.34519 0.11595 ( 4)  0.356
 627 A   0.00000 0.00065 0.01105 0.06809 0.24399 0.67621 ( 6)  0.798
 628 G   0.00017 0.00988 0.06052 0.17832 0.32020 0.43092 ( 6)  0.614
 629 P   0.00000 0.00060 0.01019 0.06364 0.23431 0.69127 ( 6)  0.808
 630 V   0.00015 0.00862 0.05358 0.16196 0.30636 0.46934 ( 6)  0.642
 631 S   0.00001 0.00304 0.04419 0.20718 0.42891 0.31667 ( 5)  0.552
 632 A   0.00011 0.00651 0.04167 0.13258 0.27772 0.54141 ( 6)  0.695
 633 K   0.02229 0.15118 0.29073 0.32092 0.17771 0.03717 ( 4)  0.216
 634 H   0.00000 0.00000 0.00057 0.01318 0.14036 0.84588 ( 6)  0.910
 635 Y   0.00000 0.00136 0.02161 0.11804 0.33296 0.52602 ( 6)  0.698
 636 S   0.00000 0.00000 0.00000 0.00005 0.00649 0.99346 ( 6)  0.996
 637 H   0.00000 0.00000 0.00022 0.00579 0.08090 0.91309 ( 6)  0.950
 638 N   0.00077 0.04023 0.19554 0.38518 0.31191 0.06638 ( 4)  0.304
 639 N   0.00069 0.03670 0.18258 0.37411 0.32597 0.07995 ( 4)  0.320
 640 A   0.00000 0.00000 0.00000 0.00029 0.01730 0.98240 ( 6)  0.990
 641 K   0.02259 0.15289 0.29287 0.32105 0.17526 0.03534 ( 4)  0.213
 642 Y   0.00001 0.00260 0.03838 0.18543 0.40966 0.36393 ( 5)  0.585
 643 I   0.00040 0.02210 0.12132 0.29521 0.36216 0.19881 ( 5)  0.431
 644 S   0.28768 0.25993 0.21111 0.14642 0.06980 0.02506 ( 1)  0.117
 645 I   0.00000 0.00223 0.03394 0.17175 0.40613 0.38595 ( 5)  0.603
 646 N   0.00073 0.03838 0.18893 0.38009 0.31951 0.07236 ( 4)  0.311
 647 V   0.00000 0.00000 0.00000 0.00011 0.01155 0.98834 ( 6)  0.993
 648 N   0.00071 0.03764 0.18613 0.37745 0.32237 0.07571 ( 4)  0.315
 649 K   0.39656 0.31276 0.19252 0.08244 0.01513 0.00059 ( 1)  0.056
 650 E   0.38825 0.31014 0.19585 0.08756 0.01740 0.00079 ( 1)  0.059
 651 Y   0.00000 0.00006 0.00283 0.03330 0.19959 0.76421 ( 6)  0.859
 652 R   0.38305 0.30829 0.19772 0.09085 0.01909 0.00100 ( 1)  0.060
 653 E   0.00066 0.03515 0.17653 0.36775 0.33145 0.08846 ( 4)  0.329
 654 V   0.00000 0.00000 0.00000 0.00002 0.00400 0.99598 ( 6)  0.998
 655 G   0.00000 0.00000 0.00001 0.00081 0.02699 0.97219 ( 6)  0.984
 656 S   0.00000 0.00000 0.00000 0.00038 0.02257 0.97704 ( 6)  0.987
 657 A   0.00000 0.00000 0.00003 0.00146 0.04071 0.95781 ( 6)  0.976
 658 D   0.38009 0.30732 0.19888 0.09270 0.01994 0.00107 ( 1)  0.061
 659 G   0.02126 0.14526 0.28350 0.32088 0.18628 0.04282 ( 4)  0.224
 660 N   0.00000 0.00000 0.00000 0.00007 0.01075 0.98918 ( 6)  0.994
 661 E   0.01468 0.10479 0.22373 0.29672 0.23786 0.12223 ( 4)  0.314
 662 R   0.00000 0.00000 0.00000 0.00000 0.00079 0.99920 ( 6)  1.000
 663 S   0.00000 0.00019 0.00350 0.02551 0.12877 0.84204 ( 6)  0.904
 664 E   0.00000 0.00160 0.02500 0.13263 0.35320 0.48757 ( 6)  0.672
 665 N   0.36178 0.30005 0.20455 0.10443 0.02696 0.00223 ( 1)  0.068
 666 K   0.00000 0.00029 0.01114 0.10290 0.38347 0.50221 ( 6)  0.692
 667 S   0.00000 0.00000 0.00003 0.00154 0.04204 0.95639 ( 6)  0.975
 668 L   0.00011 0.00679 0.04327 0.13648 0.28132 0.53202 ( 6)  0.688
 669 D   0.00000 0.00003 0.00141 0.01839 0.13595 0.84422 ( 6)  0.908
 670 T   0.00000 0.00000 0.00009 0.00468 0.09781 0.89742 ( 6)  0.941
 671 S   0.00015 0.00903 0.05588 0.16767 0.31196 0.45531 ( 6)  0.632
 672 T   0.00000 0.00003 0.00140 0.01873 0.14114 0.83871 ( 6)  0.904
 673 A   0.00021 0.01218 0.07280 0.20534 0.33805 0.37142 ( 6)  0.569
 674 T   0.00000 0.00059 0.01013 0.06321 0.23267 0.69339 ( 6)  0.809
 675 S   0.00000 0.00000 0.00008 0.00382 0.07920 0.91689 ( 6)  0.952
 676 K   0.03027 0.19485 0.33680 0.30887 0.11857 0.01064 ( 3)  0.167
 677 R   0.00038 0.02169 0.12157 0.30229 0.37197 0.18210 ( 5)  0.420
 678 L   0.00952 0.07064 0.16327 0.24841 0.26076 0.24740 ( 5)  0.432
 679 P   0.00000 0.00000 0.00010 0.00303 0.05188 0.94499 ( 6)  0.968
 680 L   0.00007 0.00435 0.02887 0.09777 0.23312 0.63582 ( 6)  0.761
 681 A   0.00000 0.00184 0.02834 0.14690 0.37244 0.45047 ( 6)  0.647
 682 T   0.00000 0.00181 0.02777 0.14417 0.36768 0.45858 ( 6)  0.652
 683 S   0.01530 0.10888 0.23107 0.30268 0.23499 0.10709 ( 4)  0.300
 684 S   0.00012 0.00726 0.04675 0.14875 0.30243 0.49468 ( 6)  0.663
 685 G   0.00000 0.00007 0.00311 0.03618 0.21140 0.74924 ( 6)  0.849
 686 I   0.00000 0.00000 0.00039 0.00962 0.11382 0.87617 ( 6)  0.928
 687 S   0.01409 0.10117 0.21857 0.29528 0.24354 0.12735 ( 4)  0.321
 688 H   0.00000 0.00000 0.00000 0.00020 0.01316 0.98664 ( 6)  0.992
 689 S   0.00000 0.00020 0.00821 0.08083 0.33987 0.57088 ( 6)  0.737
 690 K   0.00078 0.04092 0.19796 0.38694 0.30905 0.06436 ( 4)  0.301
 691 A   0.00000 0.00000 0.00000 0.00002 0.00488 0.99509 ( 6)  0.997
 692 E   0.00001 0.00451 0.06161 0.26070 0.44587 0.22730 ( 5)  0.483
 693 S   0.00000 0.00000 0.00004 0.00203 0.05090 0.94703 ( 6)  0.970
 694 P   0.00000 0.00000 0.00023 0.00596 0.08228 0.91153 ( 6)  0.949
 695 R   0.00060 0.03230 0.16525 0.35548 0.34129 0.10508 ( 4)  0.346
 696 R   0.00000 0.00001 0.00139 0.02797 0.22659 0.74404 ( 6)  0.849
 697 Q   0.31593 0.27721 0.21205 0.13245 0.05120 0.01116 ( 1)  0.093
 698 I   0.00001 0.00391 0.05521 0.24566 0.45152 0.24369 ( 5)  0.498
 699 A   0.00000 0.00091 0.01503 0.08794 0.28394 0.61218 ( 6)  0.756
 700 A   0.00000 0.00007 0.00327 0.03743 0.21345 0.74578 ( 6)  0.847
 701 P   0.33543 0.28781 0.21027 0.12110 0.03967 0.00572 ( 1)  0.081
 702 R   0.02730 0.17917 0.32215 0.31620 0.13854 0.01664 ( 3)  0.181
 703 Q   0.29377 0.26386 0.21172 0.14375 0.06565 0.02124 ( 1)  0.111
 704 P   0.01006 0.07436 0.17055 0.25592 0.26086 0.22826 ( 5)  0.415
 705 C   0.00000 0.00005 0.00214 0.02626 0.17102 0.80053 ( 6)  0.881
 706 K   0.00044 0.02417 0.13058 0.30913 0.35970 0.17599 ( 5)  0.411
 707 K   0.36981 0.30327 0.20210 0.09928 0.02383 0.00170 ( 1)  0.065
 708 L   0.25891 0.23993 0.20525 0.15596 0.08943 0.05051 ( 1)  0.152
 709 S   0.00000 0.00007 0.00313 0.03641 0.21241 0.74798 ( 6)  0.849
 710 L   0.01075 0.07896 0.17883 0.26270 0.25765 0.21111 ( 4)  0.399
 711 A   0.00000 0.00038 0.00675 0.04491 0.18777 0.76019 ( 6)  0.852
 712 T   0.00000 0.00090 0.01555 0.09595 0.31803 0.56957 ( 6)  0.730
 713 Q   0.29382 0.26390 0.21172 0.14372 0.06562 0.02122 ( 1)  0.111
 714 L   0.26709 0.24578 0.20726 0.15363 0.08388 0.04236 ( 1)  0.141
 715 G   0.34622 0.29307 0.20829 0.11436 0.03410 0.00395 ( 1)  0.075
 716 S   0.31060 0.27408 0.21212 0.13527 0.05460 0.01334 ( 1)  0.097
 717 L   0.29668 0.26551 0.21155 0.14205 0.06377 0.02043 ( 1)  0.109
 718 E   0.38728 0.30979 0.19620 0.08818 0.01772 0.00083 ( 1)  0.059
 719 K   0.36137 0.29979 0.20454 0.10468 0.02726 0.00236 ( 1)  0.068
 720 F   0.32128 0.28029 0.21185 0.12950 0.04784 0.00923 ( 1)  0.089
 721 R   0.35803 0.29844 0.20554 0.10684 0.02858 0.00258 ( 1)  0.070
 722 R   0.37900 0.30680 0.19911 0.09342 0.02048 0.00119 ( 1)  0.062
 723 Y   0.33842 0.28918 0.20958 0.11917 0.03825 0.00541 ( 1)  0.079
 724 Y   0.33847 0.28922 0.20959 0.11914 0.03820 0.00537 ( 1)  0.079
 725 G   0.33403 0.28705 0.21040 0.12192 0.04051 0.00610 ( 1)  0.081
 726 R   0.00044 0.02384 0.12468 0.28595 0.34005 0.22505 ( 5)  0.446
 727 V   0.00000 0.00000 0.00013 0.00369 0.05916 0.93702 ( 6)  0.964
 728 K   0.00000 0.00219 0.03289 0.16432 0.38899 0.41161 ( 6)  0.619
 729 C   0.00000 0.00007 0.00293 0.03437 0.20400 0.75863 ( 6)  0.855
 730 T   0.00000 0.00000 0.00000 0.00038 0.02075 0.97887 ( 6)  0.988
 731 L   0.00000 0.00033 0.00585 0.03971 0.17314 0.78098 ( 6)  0.865
 732 P   0.00000 0.00005 0.00233 0.02834 0.18085 0.78843 ( 6)  0.873
 733 T   0.00000 0.00000 0.00048 0.01138 0.12767 0.86046 ( 6)  0.919
 734 P   0.31977 0.27943 0.21193 0.13035 0.04878 0.00975 ( 1)  0.090
 735 S   0.00000 0.00000 0.00010 0.00289 0.04976 0.94726 ( 6)  0.970
 736 P   0.00000 0.00003 0.00128 0.01693 0.12827 0.85349 ( 6)  0.913
 737 E   0.00000 0.00009 0.00389 0.04361 0.23682 0.71559 ( 6)  0.828
 738 S   0.00000 0.00000 0.00003 0.00172 0.04547 0.95278 ( 6)  0.973
 739 N   0.00001 0.00400 0.05576 0.24411 0.44393 0.25218 ( 5)  0.503
 740 A   0.00000 0.00074 0.01239 0.07464 0.25646 0.65576 ( 6)  0.785
 741 Q   0.00028 0.01619 0.09332 0.24692 0.35724 0.28605 ( 5)  0.503
 742 A   0.00000 0.00102 0.01665 0.09561 0.29764 0.58908 ( 6)  0.741
 743 N   0.00000 0.00018 0.00745 0.07460 0.32477 0.59300 ( 6)  0.751
 744 C   0.00000 0.00000 0.00000 0.00028 0.01678 0.98294 ( 6)  0.990
 745 D   0.34691 0.29343 0.20820 0.11393 0.03371 0.00381 ( 1)  0.075
 746 F   0.00034 0.01939 0.10819 0.27138 0.35718 0.24351 ( 5)  0.467
 747 S   0.01423 0.10201 0.21962 0.29517 0.24177 0.12720 ( 4)  0.320
 748 R   0.00043 0.02371 0.12877 0.30733 0.36190 0.17786 ( 5)  0.414
 749 G   0.00000 0.00000 0.00005 0.00245 0.05834 0.93917 ( 6)  0.965
 750 H   0.00000 0.00000 0.00000 0.00000 0.00150 0.99850 ( 6)  0.999
 751 L   0.00000 0.00001 0.00071 0.01024 0.09106 0.89797 ( 6)  0.940
 752 S   0.00000 0.00000 0.00000 0.00002 0.00415 0.99583 ( 6)  0.998
 753 I   0.00000 0.00009 0.00408 0.04523 0.24117 0.70944 ( 6)  0.825
 754 C   0.02010 0.13845 0.27469 0.31984 0.19610 0.05082 ( 4)  0.235
 755 E   0.00000 0.00018 0.00740 0.07426 0.32446 0.59370 ( 6)  0.752
 756 T   0.00000 0.00007 0.00295 0.03452 0.20477 0.75770 ( 6)  0.855
 757 P   0.00000 0.00100 0.01628 0.09389 0.29472 0.59412 ( 6)  0.744
 758 T   0.00000 0.00000 0.00002 0.00098 0.03083 0.96817 ( 6)  0.982
 759 L   0.00000 0.00002 0.00108 0.01463 0.11625 0.86802 ( 6)  0.922
 760 -   0.02314 0.15600 0.29638 0.32051 0.17080 0.03316 ( 4)  0.210
 761 -   0.00000 0.00000 0.00000 0.00006 0.00772 0.99222 ( 6)  0.996
 762 -   0.00000 0.00068 0.01188 0.07588 0.27325 0.63832 ( 6)  0.775
 763 D   0.00062 0.03311 0.16876 0.36032 0.33944 0.09775 ( 4)  0.339
 764 S   0.01552 0.11033 0.23341 0.30404 0.23335 0.10334 ( 4)  0.296
 765 N   0.00001 0.00384 0.05387 0.23848 0.44269 0.26111 ( 5)  0.510
 766 N   0.00000 0.00022 0.00892 0.08661 0.35391 0.55034 ( 6)  0.724
 767 N   0.00000 0.00000 0.00000 0.00051 0.02563 0.97385 ( 6)  0.985
 768 S   0.00035 0.01982 0.11095 0.27897 0.36400 0.22590 ( 5)  0.455
 769 H   0.00000 0.00004 0.00168 0.02145 0.15022 0.82661 ( 6)  0.897
 770 V   0.00000 0.00000 0.00000 0.00029 0.01747 0.98224 ( 6)  0.990
 771 L   0.00000 0.00000 0.00000 0.00022 0.01383 0.98595 ( 6)  0.992
 772 R   0.00000 0.00000 0.00000 0.00013 0.01067 0.98919 ( 6)  0.994
 773 S   0.01393 0.10008 0.21653 0.29344 0.24408 0.13195 ( 4)  0.325
 774 S   0.00010 0.00620 0.03982 0.12740 0.27068 0.55579 ( 6)  0.705
 775 D   0.00001 0.00319 0.04594 0.21224 0.42908 0.30954 ( 5)  0.546
 776 E   0.00000 0.00000 0.00048 0.01146 0.12797 0.86008 ( 6)  0.918
 777 V   0.00027 0.01541 0.08931 0.23877 0.35348 0.30275 ( 5)  0.516
 778 L   0.00000 0.00002 0.00079 0.01093 0.09679 0.89147 ( 6)  0.936
 779 L   0.00000 0.00000 0.00013 0.00370 0.05926 0.93692 ( 6)  0.964
 780 C   0.00020 0.01142 0.06876 0.19661 0.33268 0.39033 ( 6)  0.584
 781 S   0.00001 0.00249 0.03691 0.18004 0.40532 0.37523 ( 5)  0.593
 782 G   0.00000 0.00000 0.00009 0.00417 0.08361 0.91214 ( 6)  0.949
 783 E   0.00000 0.00001 0.00133 0.02708 0.22375 0.74783 ( 6)  0.851
 784 T   0.00000 0.00000 0.00000 0.00008 0.00940 0.99051 ( 6)  0.995
 785 P   0.00000 0.00000 0.00013 0.00378 0.06004 0.93605 ( 6)  0.963
 786 L   0.00000 0.00000 0.00000 0.00009 0.00782 0.99209 ( 6)  0.996
 787 D   0.00036 0.02021 0.11276 0.28199 0.36406 0.22063 ( 5)  0.450
 788 K   0.00000 0.00001 0.00153 0.03052 0.24067 0.72727 ( 6)  0.839
 789 R   0.00000 0.00000 0.00000 0.00005 0.00489 0.99506 ( 6)  0.997
 790 T   0.00000 0.00000 0.00000 0.00015 0.01094 0.98891 ( 6)  0.994
 791 L   0.00000 0.00003 0.00146 0.01899 0.13899 0.84052 ( 6)  0.905
 792 C   0.00032 0.01812 0.10274 0.26430 0.36146 0.25307 ( 5)  0.477
 793 R   0.00000 0.00043 0.00761 0.04971 0.20049 0.74175 ( 6)  0.840
 794 S   0.02633 0.17399 0.31712 0.31844 0.14537 0.01875 ( 4)  0.186
 795 P   0.31219 0.27513 0.21232 0.13459 0.05349 0.01229 ( 1)  0.096
 796 L   0.00014 0.00814 0.05091 0.15558 0.30073 0.48450 ( 6)  0.654
 797 T   0.02102 0.14387 0.28173 0.32073 0.18827 0.04438 ( 4)  0.227
 798 L   0.28880 0.26062 0.21115 0.14585 0.06905 0.02454 ( 1)  0.116
 799 S   0.00023 0.01333 0.07876 0.21791 0.34511 0.34466 ( 5)  0.549
 800 D   0.00061 0.03275 0.16727 0.35844 0.34045 0.10048 ( 4)  0.342
 801 Y   0.00016 0.00971 0.05953 0.17573 0.31731 0.43755 ( 6)  0.619
 802 S   0.00020 0.01182 0.07091 0.20123 0.33538 0.38044 ( 6)  0.576
 803 E   0.00000 0.00002 0.00085 0.01192 0.10093 0.88628 ( 6)  0.933
 804 V   0.01826 0.12733 0.25908 0.31536 0.21157 0.06839 ( 4)  0.257
 805 S   0.00000 0.00000 0.00004 0.00215 0.05333 0.94448 ( 6)  0.968
 806 K   0.00000 0.00022 0.00860 0.08343 0.34290 0.56486 ( 6)  0.733
 807 Q   0.00000 0.00001 0.00110 0.02309 0.20196 0.77384 ( 6)  0.867
 808 T   0.00000 0.00000 0.00000 0.00016 0.01458 0.98526 ( 6)  0.992
 809 T   0.00000 0.00000 0.00000 0.00005 0.00678 0.99317 ( 6)  0.996
 810 S   0.00059 0.03194 0.16406 0.35495 0.34330 0.10516 ( 4)  0.347
 811 S   0.00049 0.02702 0.14325 0.32793 0.35587 0.14544 ( 5)  0.384
 812 Q   0.00000 0.00000 0.00000 0.00000 0.00062 0.99938 ( 6)  1.000
 813 R   0.38391 0.30861 0.19742 0.09030 0.01880 0.00096 ( 1)  0.060
 814 S   0.00023 0.01324 0.07833 0.21718 0.34513 0.34590 ( 6)  0.550
 815 P   0.00000 0.00000 0.00016 0.00446 0.06756 0.92782 ( 6)  0.958
 816 G   0.00044 0.02461 0.13272 0.31290 0.36008 0.16924 ( 5)  0.406
 817 S   0.31244 0.27514 0.21206 0.13427 0.05344 0.01263 ( 1)  0.096
 818 L   0.29623 0.26527 0.21160 0.14234 0.06407 0.02050 ( 1)  0.110
 819 S   0.00020 0.01171 0.07027 0.19975 0.33430 0.38378 ( 6)  0.579
 820 S   0.29843 0.26677 0.21199 0.14153 0.06253 0.01875 ( 1)  0.107
 821 K   0.39497 0.31224 0.19314 0.08343 0.01559 0.00064 ( 1)  0.057
 822 L   0.25885 0.23989 0.20524 0.15598 0.08947 0.05057 ( 1)  0.152
 823 C   0.00012 0.00732 0.04628 0.14422 0.28985 0.51221 ( 6)  0.674
 824 Q   0.00054 0.02942 0.15260 0.33731 0.34603 0.13410 ( 5)  0.372
 825 M   0.41081 0.31715 0.18670 0.07371 0.01136 0.00027 ( 1)  0.052
 826 K   0.00076 0.03999 0.19495 0.38555 0.31328 0.06546 ( 4)  0.303
 827 S   0.00001 0.00237 0.03536 0.17393 0.39881 0.38953 ( 5)  0.603
 828 D   0.00044 0.02425 0.13134 0.31168 0.36215 0.17014 ( 5)  0.407
 829 H   0.00000 0.00092 0.01516 0.08859 0.28543 0.60991 ( 6)  0.754
 830 R   0.00000 0.00011 0.00481 0.05313 0.27284 0.66911 ( 6)  0.800
 831 A   0.02752 0.18035 0.32335 0.31578 0.13695 0.01606 ( 3)  0.180
 832 V   0.00046 0.02556 0.13694 0.31918 0.35894 0.15891 ( 5)  0.397
 833 Q   0.00000 0.00022 0.00868 0.08505 0.35208 0.55397 ( 6)  0.726
 834 Q   0.01495 0.10666 0.22745 0.30048 0.23736 0.11310 ( 4)  0.306
 835 L   0.00000 0.00003 0.00133 0.01750 0.13133 0.84982 ( 6)  0.911
 836 G   0.00000 0.00159 0.02480 0.13198 0.35311 0.48851 ( 6)  0.673
 837 E   0.00067 0.03558 0.17836 0.37013 0.33032 0.08494 ( 4)  0.325
 838 Q   0.00000 0.00001 0.00051 0.00824 0.08458 0.90666 ( 6)  0.945
 839 L   0.00000 0.00003 0.00142 0.01859 0.13672 0.84324 ( 6)  0.907
 840 Q   0.01529 0.10883 0.23096 0.30255 0.23496 0.10742 ( 4)  0.300
 841 T   0.00046 0.02540 0.13625 0.31815 0.35905 0.16068 ( 5)  0.398
 842 D   0.02505 0.16692 0.30947 0.32016 0.15521 0.02318 ( 4)  0.194
 843 S   0.00018 0.01071 0.06494 0.18795 0.32614 0.41007 ( 6)  0.598
 844 S   0.00063 0.03389 0.17181 0.36347 0.33657 0.09362 ( 4)  0.335
 845 R   0.00000 0.00027 0.00946 0.08841 0.35527 0.54658 ( 6)  0.721
 846 K   0.00000 0.00031 0.01211 0.11067 0.40122 0.47569 ( 6)  0.675
 847 D   0.00001 0.00343 0.04891 0.22268 0.43623 0.28874 ( 5)  0.531
 848 N   0.00000 0.00000 0.00043 0.01042 0.12021 0.86894 ( 6)  0.924
 849 H   0.00000 0.00000 0.00000 0.00001 0.00240 0.99759 ( 6)  0.999
 850 S   0.01530 0.10892 0.23105 0.30246 0.23465 0.10762 ( 4)  0.300
 851 F   0.00000 0.00007 0.00320 0.03702 0.21422 0.74549 ( 6)  0.847
 852 N   0.00072 0.03825 0.18852 0.37992 0.32017 0.07242 ( 4)  0.312
 853 D   0.00062 0.03349 0.17030 0.36206 0.33817 0.09536 ( 4)  0.337
 854 L   0.00000 0.00000 0.00000 0.00007 0.00823 0.99170 ( 6)  0.995
 855 L   0.00000 0.00035 0.00620 0.04169 0.17872 0.77305 ( 6)  0.860
 856 Y   0.00000 0.00000 0.00028 0.00727 0.09437 0.89807 ( 6)  0.941
 857 N   0.00065 0.03455 0.17417 0.36528 0.33361 0.09175 ( 4)  0.332
 858 P   0.00000 0.00000 0.00000 0.00001 0.00297 0.99702 ( 6)  0.998
 859 C   0.00000 0.00000 0.00002 0.00095 0.03128 0.96775 ( 6)  0.982
 860 Q   0.32047 0.27978 0.21182 0.12992 0.04840 0.00962 ( 1)  0.090
 861 R   0.00000 0.00179 0.02833 0.15131 0.38820 0.43037 ( 6)  0.634
 862 Y   0.00033 0.01841 0.10408 0.26635 0.36107 0.24975 ( 5)  0.474
 863 K   0.00078 0.04080 0.19782 0.38767 0.30990 0.06303 ( 4)  0.300
 864 A   0.00000 0.00000 0.00004 0.00137 0.03047 0.96812 ( 6)  0.982
 865 S   0.00000 0.00000 0.00001 0.00085 0.02771 0.97143 ( 6)  0.984
 866 V   0.00000 0.00000 0.00000 0.00043 0.02270 0.97687 ( 6)  0.987
 867 E   0.00068 0.03628 0.18089 0.37218 0.32736 0.08261 ( 4)  0.322
 868 E   0.00000 0.00029 0.01130 0.10460 0.38966 0.49415 ( 6)  0.687
 869 S   0.00000 0.00001 0.00076 0.01140 0.10396 0.88388 ( 6)  0.932
 870 K   0.00044 0.02459 0.13264 0.31275 0.36012 0.16946 ( 5)  0.406
 871 S   0.00000 0.00002 0.00111 0.01495 0.11763 0.86629 ( 6)  0.921
 872 D   0.00050 0.02742 0.14516 0.33116 0.35597 0.13979 ( 5)  0.380
 873 D   0.00000 0.00000 0.00000 0.00000 0.00126 0.99873 ( 6)  0.999
 874 L   0.00000 0.00000 0.00002 0.00118 0.03491 0.96389 ( 6)  0.979
 875 R   0.00000 0.00001 0.00066 0.01552 0.16237 0.82145 ( 6)  0.896
 876 A   0.00000 0.00000 0.00043 0.01030 0.11941 0.86986 ( 6)  0.924
 877 E   0.35673 0.29776 0.20573 0.10765 0.02931 0.00282 ( 1)  0.070
 878 S   0.00000 0.00000 0.00001 0.00055 0.02068 0.97875 ( 6)  0.988
 879 M   0.00000 0.00000 0.00001 0.00079 0.03612 0.96309 ( 6)  0.979
 880 K   0.00001 0.00351 0.04985 0.22486 0.43465 0.28712 ( 5)  0.529
 881 C   0.00000 0.00000 0.00000 0.00004 0.00673 0.99323 ( 6)  0.996
 882 P   0.00000 0.00106 0.01727 0.09831 0.30140 0.58196 ( 6)  0.736
 883 V   0.01338 0.09653 0.21044 0.28903 0.24709 0.14353 ( 4)  0.336
 884 S   0.00033 0.01892 0.10661 0.27126 0.36276 0.24013 ( 5)  0.466
 885 L   0.00000 0.00000 0.00000 0.00003 0.00477 0.99519 ( 6)  0.997
 886 S   0.00020 0.01140 0.06863 0.19606 0.33166 0.39205 ( 6)  0.585
 887 P   0.00000 0.00000 0.00024 0.00634 0.08606 0.90736 ( 6)  0.946
 888 L   0.01074 0.07899 0.17920 0.26384 0.25906 0.20816 ( 4)  0.397
 889 S   0.01945 0.13461 0.26961 0.31899 0.20165 0.05568 ( 4)  0.242
 890 S   0.02194 0.14929 0.28886 0.32182 0.18049 0.03759 ( 4)  0.217
 891 T   0.00000 0.00000 0.00031 0.00812 0.10505 0.88651 ( 6)  0.934
 892 E   0.00066 0.03503 0.17619 0.36777 0.33220 0.08816 ( 4)  0.329
 893 G   0.00000 0.00000 0.00037 0.00912 0.11006 0.88045 ( 6)  0.930
 894 E   0.02200 0.14951 0.28860 0.32071 0.18010 0.03907 ( 4)  0.219
 895 C   0.00000 0.00002 0.00115 0.01543 0.12025 0.86314 ( 6)  0.919
 896 T   0.00000 0.00015 0.00610 0.06365 0.29910 0.63101 ( 6)  0.775
 897 V   0.00000 0.00002 0.00101 0.01381 0.11155 0.87361 ( 6)  0.925
 898 S   0.31569 0.27712 0.21215 0.13263 0.05131 0.01110 ( 1)  0.093
 899 A   0.00000 0.00000 0.00013 0.00376 0.05962 0.93649 ( 6)  0.963
 900 S   0.00000 0.00103 0.01677 0.09595 0.29724 0.58901 ( 6)  0.740
 901 V   0.00031 0.01756 0.09999 0.25909 0.35991 0.26314 ( 5)  0.485
 902 L   0.01208 0.08794 0.19530 0.27721 0.25350 0.17397 ( 4)  0.365
 903 -   0.00000 0.00003 0.00121 0.01613 0.12403 0.85861 ( 6)  0.916
 904 -   0.01190 0.08670 0.19297 0.27501 0.25385 0.17957 ( 4)  0.370
 905 P   0.00020 0.01178 0.07078 0.20130 0.33646 0.37948 ( 6)  0.576
 906 A   0.00000 0.00000 0.00000 0.00031 0.01801 0.98168 ( 6)  0.990
 907 D   0.00001 0.00335 0.04791 0.21940 0.43467 0.29467 ( 5)  0.535
 908 G   0.00000 0.00007 0.00300 0.03507 0.20726 0.75461 ( 6)  0.853
 909 A   0.00000 0.00000 0.00000 0.00000 0.00028 0.99972 ( 6)  1.000
 910 E   0.00000 0.00001 0.00070 0.01579 0.15722 0.82628 ( 6)  0.898
 911 V   0.00000 0.00000 0.00000 0.00007 0.00659 0.99334 ( 6)  0.996
 912 I   0.00000 0.00003 0.00155 0.01999 0.14310 0.83532 ( 6)  0.902
 913 C   0.00000 0.00141 0.02235 0.12143 0.33858 0.51623 ( 6)  0.692
 914 E   0.00000 0.00000 0.00001 0.00138 0.05114 0.94747 ( 6)  0.970
 915 D   0.00001 0.00337 0.04828 0.22073 0.43573 0.29188 ( 5)  0.533
 916 E   0.00000 0.00028 0.01078 0.10025 0.37867 0.51003 ( 6)  0.697
 917 S   0.00061 0.03275 0.16724 0.35840 0.34049 0.10052 ( 4)  0.342
 918 M   0.00000 0.00000 0.00000 0.00000 0.00167 0.99833 ( 6)  0.999
 919 L   0.01213 0.08824 0.19577 0.27744 0.25309 0.17334 ( 4)  0.364
 920 N   0.00000 0.00000 0.00001 0.00058 0.02805 0.97137 ( 6)  0.984
 921 E   0.02821 0.18407 0.32705 0.31437 0.13202 0.01429 ( 3)  0.176
 922 S   0.00000 0.00000 0.00008 0.00226 0.04167 0.95599 ( 6)  0.975
 923 S   0.00019 0.01107 0.06682 0.19193 0.32851 0.40149 ( 6)  0.592
 924 K   0.00000 0.00028 0.01096 0.10189 0.38346 0.50341 ( 6)  0.693
 925 Q   0.00022 0.01288 0.07648 0.21324 0.34280 0.35437 ( 6)  0.557
 926 S   0.00000 0.00017 0.00680 0.06950 0.31392 0.60962 ( 6)  0.762
 927 V   0.00000 0.00000 0.00000 0.00005 0.00626 0.99369 ( 6)  0.996
 928 K   0.00077 0.04060 0.19686 0.38617 0.31037 0.06522 ( 4)  0.302
 929 D   0.00000 0.00014 0.00600 0.06288 0.29722 0.63375 ( 6)  0.777
 930 A   0.00000 0.00000 0.00000 0.00029 0.01437 0.98534 ( 6)  0.992
 931 D   0.02098 0.14363 0.28146 0.32079 0.18864 0.04450 ( 4)  0.227
 932 V   0.00000 0.00005 0.00243 0.02925 0.18369 0.78458 ( 6)  0.871
 933 H   0.00000 0.00033 0.00586 0.03983 0.17403 0.77995 ( 6)  0.865
 934 C   0.00000 0.00000 0.00000 0.00002 0.00382 0.99617 ( 6)  0.998
 935 V   0.00000 0.00000 0.00000 0.00000 0.00043 0.99957 ( 6)  1.000
 936 V   0.00016 0.00967 0.05937 0.17561 0.31793 0.43726 ( 6)  0.619
 937 S   0.00000 0.00000 0.00000 0.00019 0.01264 0.98717 ( 6)  0.993
 938 P   0.00000 0.00000 0.00001 0.00071 0.02461 0.97466 ( 6)  0.986
 939 S   0.00001 0.00309 0.04462 0.20798 0.42719 0.31712 ( 5)  0.552
 940 N   0.00000 0.00000 0.00000 0.00009 0.00958 0.99033 ( 6)  0.995
 941 L   0.01057 0.07780 0.17693 0.26164 0.25931 0.21376 ( 4)  0.402
 942 A   0.00052 0.02819 0.14819 0.33429 0.35285 0.13596 ( 5)  0.375
 943 F   0.32186 0.28059 0.21179 0.12916 0.04751 0.00909 ( 1)  0.089
 944 S   0.01554 0.11042 0.23353 0.30407 0.23323 0.10321 ( 4)  0.296
 945 A   0.00036 0.02043 0.11376 0.28348 0.36373 0.21825 ( 5)  0.448
 946 D   0.00040 0.02248 0.12304 0.29787 0.36187 0.19434 ( 5)  0.427
 947 N   0.00000 0.00000 0.00006 0.00316 0.06927 0.92751 ( 6)  0.958
 948 G   0.00000 0.00000 0.00059 0.01362 0.14368 0.84210 ( 6)  0.908
 949 N   0.00000 0.00015 0.00629 0.06523 0.30290 0.62543 ( 6)  0.772
 950 V   0.00000 0.00009 0.00384 0.04347 0.23882 0.71378 ( 6)  0.827
 951 D   0.02660 0.17548 0.31873 0.31805 0.14329 0.01785 ( 3)  0.185
 952 L   0.00000 0.00000 0.00000 0.00002 0.00389 0.99609 ( 6)  0.998
 953 R   0.00000 0.00000 0.00000 0.00019 0.01259 0.98723 ( 6)  0.993
 954 S   0.00000 0.00007 0.00293 0.03435 0.20422 0.75844 ( 6)  0.855
 955 S   0.32155 0.28039 0.21176 0.12931 0.04773 0.00927 ( 1)  0.089
 956 D   0.01786 0.12491 0.25570 0.31442 0.21497 0.07214 ( 4)  0.261
 957 W   0.29136 0.26233 0.21151 0.14484 0.06728 0.02268 ( 1)  0.114
 958 L   0.00776 0.05841 0.13887 0.22208 0.25800 0.31488 ( 6)  0.490
 959 Q   0.32068 0.27990 0.21182 0.12980 0.04826 0.00954 ( 1)  0.090
 960 D   0.38162 0.30789 0.19836 0.09173 0.01940 0.00099 ( 1)  0.061
 961 F   0.35279 0.29614 0.20688 0.11019 0.03091 0.00309 ( 1)  0.072
 962 D   0.38105 0.30768 0.19856 0.09209 0.01960 0.00102 ( 1)  0.061
 963 A   0.00000 0.00098 0.01611 0.09304 0.29302 0.59684 ( 6)  0.746
 964 L   0.00014 0.00840 0.05208 0.15706 0.29819 0.48413 ( 6)  0.653
 965 L   0.00014 0.00804 0.05027 0.15369 0.29796 0.48990 ( 6)  0.657
 966 G   0.34653 0.29321 0.20822 0.11416 0.03395 0.00392 ( 1)  0.075
 967 K   0.02283 0.15429 0.29454 0.32099 0.17325 0.03409 ( 4)  0.211
 968 T   0.36162 0.30000 0.20461 0.10452 0.02700 0.00225 ( 1)  0.068
 969 V   0.00001 0.00270 0.03920 0.18519 0.39885 0.37406 ( 5)  0.591
 970 Y   0.30521 0.27088 0.21213 0.13810 0.05808 0.01560 ( 1)  0.102
 971 I   0.31987 0.27943 0.21183 0.13023 0.04878 0.00986 ( 1)  0.090
 972 N   0.39128 0.31117 0.19472 0.08567 0.01647 0.00069 ( 1)  0.058
 973 K   0.00001 0.00367 0.05184 0.23182 0.43937 0.27329 ( 5)  0.519
 974 A   0.00000 0.00000 0.00006 0.00286 0.06487 0.93221 ( 6)  0.961
 975 T   0.33853 0.28930 0.20967 0.11914 0.03810 0.00526 ( 1)  0.079
 976 G   0.35979 0.29917 0.20504 0.10571 0.02786 0.00244 ( 1)  0.069
 977 L   0.26399 0.24362 0.20663 0.15466 0.08602 0.04509 ( 1)  0.145
 978 S   0.34606 0.29303 0.20838 0.11448 0.03413 0.00393 ( 1)  0.075
 979 T   0.00011 0.00644 0.04193 0.13602 0.28835 0.52715 ( 6)  0.686
 980 Y   0.30624 0.27150 0.21215 0.13758 0.05741 0.01512 ( 1)  0.101
 981 T   0.00001 0.00165 0.02230 0.11677 0.32771 0.53155 ( 6)  0.701
 982 P   0.01331 0.09611 0.21003 0.28948 0.24843 0.14264 ( 4)  0.336
 983 P   0.00876 0.06516 0.15189 0.23656 0.26349 0.27414 ( 6)  0.456
 984 -   0.00000 0.00000 0.00000 0.00000 0.00096 0.99904 ( 6)  0.999
 985 E   0.00000 0.00000 0.00042 0.01059 0.12797 0.86102 ( 6)  0.919
 986 E   0.00000 0.00000 0.00000 0.00014 0.01377 0.98608 ( 6)  0.992
 987 F   0.00036 0.02016 0.11259 0.28185 0.36435 0.22068 ( 5)  0.450
 988 P   0.00000 0.00036 0.00654 0.04480 0.19289 0.75540 ( 6)  0.850
 989 A   0.00025 0.01458 0.08527 0.23142 0.35206 0.31641 ( 5)  0.527
 990 A   0.29373 0.26386 0.21175 0.14379 0.06567 0.02120 ( 1)  0.111
 991 C   0.31959 0.27932 0.21193 0.13045 0.04890 0.00981 ( 1)  0.090
 992 I   0.00000 0.00000 0.00005 0.00242 0.05792 0.93961 ( 6)  0.965
 993 T   0.00045 0.02476 0.13272 0.31040 0.35542 0.17625 ( 5)  0.410
 994 D   0.38093 0.30763 0.19859 0.09217 0.01965 0.00103 ( 1)  0.061
 995 L   0.00072 0.03784 0.18614 0.37499 0.31982 0.08049 ( 4)  0.318
 996 T   0.36298 0.30057 0.20422 0.10365 0.02644 0.00214 ( 1)  0.068
 997 T   0.36683 0.30215 0.20310 0.10119 0.02489 0.00184 ( 1)  0.066
 998 M   0.03373 0.21265 0.35213 0.29878 0.09718 0.00554 ( 3)  0.153
 999 A   0.32889 0.28439 0.21111 0.12504 0.04338 0.00720 ( 1)  0.084
1000 V   0.32653 0.28308 0.21127 0.12639 0.04481 0.00792 ( 1)  0.086
1001 N   0.39003 0.31074 0.19518 0.08645 0.01686 0.00073 ( 1)  0.058
1002 V   0.33864 0.28935 0.20964 0.11907 0.03805 0.00525 ( 1)  0.079
1003 V   0.31503 0.27672 0.21214 0.13298 0.05174 0.01140 ( 1)  0.094
1004 S   0.31475 0.27647 0.21199 0.13302 0.05201 0.01177 ( 1)  0.094
1005 E   0.35309 0.29622 0.20673 0.10999 0.03085 0.00313 ( 1)  0.072
1006 N   0.02853 0.18576 0.32872 0.31370 0.12977 0.01352 ( 3)  0.175
1007 G   0.29744 0.26605 0.21172 0.14181 0.06325 0.01974 ( 1)  0.108
1008 G   0.00056 0.03060 0.15844 0.34783 0.34698 0.11558 ( 4)  0.356
1009 G   0.00000 0.00000 0.00002 0.00123 0.03617 0.96258 ( 6)  0.979
1010 D   0.02718 0.17851 0.32150 0.31647 0.13941 0.01694 ( 3)  0.182
1011 G   0.32254 0.28093 0.21167 0.12871 0.04713 0.00902 ( 1)  0.089
1012 G   0.00000 0.00000 0.00004 0.00229 0.05541 0.94225 ( 6)  0.967
1013 S   0.31635 0.27747 0.21207 0.13224 0.05091 0.01095 ( 1)  0.093
1014 L   0.00955 0.07086 0.16372 0.24894 0.26088 0.24605 ( 5)  0.431
1015 Q   0.01096 0.08051 0.18203 0.26644 0.25850 0.20155 ( 4)  0.391
1016 T   0.01319 0.09521 0.20800 0.28690 0.24784 0.14886 ( 4)  0.341
1017 M   0.01241 0.09008 0.19911 0.28025 0.25198 0.16617 ( 4)  0.358
1018 L   0.01045 0.07791 0.18078 0.27271 0.26910 0.18905 ( 4)  0.384
1019 S   0.01272 0.09216 0.20268 0.28285 0.25021 0.15937 ( 4)  0.351
1020 E   0.38287 0.30824 0.19780 0.09096 0.01913 0.00100 ( 1)  0.060
1021 W   0.28755 0.25984 0.21109 0.14647 0.06989 0.02516 ( 1)  0.117
1022 D   0.02581 0.17115 0.31418 0.31935 0.14925 0.02027 ( 4)  0.189
1023 N   0.38559 0.30921 0.19683 0.08924 0.01824 0.00089 ( 1)  0.059
1024 P   0.30730 0.27224 0.21235 0.13718 0.05664 0.01429 ( 1)  0.099
1025 V   0.33410 0.28704 0.21032 0.12184 0.04053 0.00617 ( 1)  0.082
1026 F   0.34803 0.29393 0.20792 0.11321 0.03320 0.00371 ( 1)  0.074
1027 V   0.33410 0.28704 0.21032 0.12184 0.04053 0.00617 ( 1)  0.082
1028 R   0.00980 0.07260 0.16711 0.25238 0.26083 0.23728 ( 5)  0.423
1029 C   0.30934 0.27341 0.21228 0.13605 0.05535 0.01357 ( 1)  0.098
1030 P   0.33125 0.28565 0.21084 0.12363 0.04201 0.00663 ( 1)  0.083
1031 E   0.34804 0.29388 0.20784 0.11319 0.03328 0.00378 ( 1)  0.074
1032 V   0.02261 0.15294 0.29267 0.32050 0.17515 0.03614 ( 4)  0.214
1033 A   0.32929 0.28460 0.21106 0.12479 0.04314 0.00711 ( 1)  0.084
1034 V   0.01745 0.12238 0.25181 0.31252 0.21801 0.07782 ( 4)  0.268
1035 D   0.37637 0.30593 0.20015 0.09508 0.02124 0.00124 ( 1)  0.062
1036 V   0.32172 0.28045 0.21169 0.12918 0.04768 0.00929 ( 1)  0.089
1037 T   0.30002 0.26776 0.21207 0.14076 0.06146 0.01792 ( 1)  0.106
1038 S   0.01969 0.13599 0.27125 0.31889 0.19955 0.05463 ( 4)  0.240
1039 G   0.00000 0.00000 0.00041 0.00992 0.11662 0.87305 ( 6)  0.926
1040 Q   0.29057 0.26179 0.21138 0.14513 0.06783 0.02329 ( 1)  0.114
1041 A   0.32517 0.28237 0.21145 0.12721 0.04558 0.00824 ( 1)  0.087
1042 E   0.01943 0.13443 0.26910 0.31833 0.20173 0.05697 ( 4)  0.243
1043 N   0.00063 0.03381 0.17128 0.36216 0.33610 0.09602 ( 4)  0.337
1044 L   0.27085 0.24844 0.20814 0.15251 0.08133 0.03873 ( 1)  0.136
1045 A   0.32490 0.28225 0.21151 0.12739 0.04571 0.00825 ( 1)  0.087
1046 V   0.32152 0.28034 0.21170 0.12929 0.04780 0.00935 ( 1)  0.089
1047 K   0.39102 0.31094 0.19467 0.08588 0.01673 0.00076 ( 1)  0.058
1048 I   0.35094 0.29517 0.20712 0.11132 0.03196 0.00349 ( 1)  0.073
1049 H   0.33760 0.28882 0.20980 0.11970 0.03861 0.00547 ( 1)  0.080
1050 N   0.38381 0.30858 0.19747 0.09036 0.01882 0.00096 ( 1)  0.060
1051 I   0.01536 0.10926 0.23154 0.30263 0.23424 0.10697 ( 4)  0.299
1052 L   0.28559 0.25849 0.21072 0.14715 0.07124 0.02681 ( 1)  0.120
1053 Y   0.33793 0.28891 0.20962 0.11945 0.03855 0.00555 ( 1)  0.080
1054 P   0.30656 0.27180 0.21235 0.13756 0.05712 0.01461 ( 1)  0.100
1055 Y   0.33752 0.28870 0.20968 0.11970 0.03876 0.00563 ( 1)  0.080
1056 R   0.32440 0.28197 0.21155 0.12768 0.04601 0.00839 ( 1)  0.087
1057 F   0.32179 0.28055 0.21178 0.12919 0.04756 0.00913 ( 1)  0.089
1058 T   0.29934 0.26734 0.21204 0.14109 0.06191 0.01827 ( 1)  0.106
1059 K   0.39102 0.31094 0.19467 0.08588 0.01673 0.00076 ( 1)  0.058
1060 D   0.34142 0.29078 0.20925 0.11738 0.03651 0.00467 ( 1)  0.077
1061 M   0.40565 0.31571 0.18895 0.07680 0.01254 0.00035 ( 1)  0.053
1062 V   0.00000 0.00067 0.01152 0.07141 0.25500 0.66140 ( 6)  0.789
1063 Q   0.00043 0.02386 0.12955 0.30886 0.36236 0.17495 ( 5)  0.411
1064 S   0.31006 0.27375 0.21211 0.13555 0.05496 0.01357 ( 1)  0.098
1065 M   0.40565 0.31571 0.18895 0.07680 0.01254 0.00035 ( 1)  0.053
1066 Q   0.01142 0.08357 0.18767 0.27141 0.25702 0.18891 ( 4)  0.379
1067 V   0.34118 0.29062 0.20922 0.11750 0.03670 0.00479 ( 1)  0.078
1068 L   0.32583 0.28274 0.21141 0.12684 0.04517 0.00801 ( 1)  0.086
1069 Q   0.29572 0.26511 0.21189 0.14287 0.06433 0.02008 ( 1)  0.109
1070 Q   0.32285 0.28111 0.21166 0.12856 0.04695 0.00888 ( 1)  0.088
1071 V   0.32828 0.28402 0.21110 0.12536 0.04379 0.00745 ( 1)  0.085
1072 D   0.34866 0.29426 0.20785 0.11283 0.03284 0.00356 ( 1)  0.074
1073 N   0.39133 0.31118 0.19470 0.08563 0.01646 0.00069 ( 1)  0.058
1074 K   0.39968 0.31374 0.19126 0.08052 0.01428 0.00051 ( 1)  0.055
1075 F   0.35458 0.29695 0.20646 0.10905 0.03007 0.00289 ( 1)  0.071
1076 I   0.33854 0.28922 0.20953 0.11908 0.03821 0.00542 ( 1)  0.079
1077 A   0.33160 0.28582 0.21078 0.12342 0.04182 0.00655 ( 1)  0.083
1078 C   0.35071 0.29517 0.20734 0.11152 0.03191 0.00336 ( 1)  0.073
1079 V   0.00019 0.01118 0.06740 0.19324 0.32946 0.39852 ( 6)  0.590
1080 I   0.33212 0.28605 0.21064 0.12306 0.04159 0.00654 ( 1)  0.083
1081 N   0.35932 0.29902 0.20523 0.10601 0.02799 0.00243 ( 1)  0.069
1082 T   0.34103 0.29055 0.20925 0.11760 0.03677 0.00480 ( 1)  0.078
1083 R   0.35862 0.29869 0.20538 0.10646 0.02833 0.00253 ( 1)  0.069
1084 N   0.00076 0.04020 0.19582 0.38667 0.31266 0.06389 ( 4)  0.302
1085 E   0.00065 0.03480 0.17515 0.36622 0.33264 0.09053 ( 4)  0.331
1086 M   0.00109 0.05493 0.24636 0.42042 0.25254 0.02467 ( 4)  0.249
1087 D   0.00074 0.03914 0.19220 0.38431 0.31727 0.06633 ( 4)  0.306
1088 K   0.00001 0.00578 0.07608 0.30121 0.45065 0.16626 ( 5)  0.434
1089 K   0.00054 0.02957 0.15389 0.34126 0.34877 0.12596 ( 5)  0.366
1090 K   0.00000 0.00000 0.00008 0.00386 0.07939 0.91667 ( 6)  0.952
1091 G   0.02434 0.16302 0.30530 0.32127 0.16069 0.02537 ( 4)  0.199
1092 G   0.36786 0.30256 0.20278 0.10053 0.02449 0.00177 ( 1)  0.066
1093 N   0.36342 0.30077 0.20412 0.10338 0.02623 0.00207 ( 1)  0.067
1094 L   0.29435 0.26424 0.21178 0.14350 0.06526 0.02088 ( 1)  0.111
1095 L   0.01125 0.08238 0.18539 0.26920 0.25726 0.19452 ( 4)  0.384
1096 V   0.00039 0.02186 0.12011 0.29284 0.36141 0.20338 ( 5)  0.435
1097 L   0.29412 0.26405 0.21167 0.14352 0.06543 0.02121 ( 1)  0.111
1098 V   0.33223 0.28610 0.21062 0.12300 0.04154 0.00652 ( 1)  0.083
1099 D   0.35433 0.29683 0.20651 0.10921 0.03020 0.00292 ( 1)  0.071
1100 Q   0.32622 0.28294 0.21135 0.12659 0.04496 0.00795 ( 1)  0.086
1101 H   0.36934 0.30324 0.20245 0.09958 0.02378 0.00161 ( 1)  0.065
1102 A   0.36080 0.29969 0.20489 0.10507 0.02729 0.00226 ( 1)  0.068
1103 A   0.33749 0.28882 0.20990 0.11981 0.03860 0.00538 ( 1)  0.080
1104 H   0.36891 0.30307 0.20258 0.09985 0.02395 0.00164 ( 1)  0.065
1105 E   0.39474 0.31229 0.19336 0.08352 0.01550 0.00060 ( 1)  0.056
1106 R   0.30772 0.27244 0.21226 0.13689 0.05641 0.01429 ( 1)  0.099
1107 I   0.32607 0.28283 0.21132 0.12666 0.04507 0.00804 ( 1)  0.086
1108 R   0.29927 0.26735 0.21213 0.14120 0.06194 0.01811 ( 1)  0.106
1109 L   0.28431 0.25762 0.21049 0.14761 0.07211 0.02786 ( 1)  0.121
1110 E   0.35907 0.29889 0.20527 0.10617 0.02813 0.00248 ( 1)  0.069
1111 Q   0.29897 0.26715 0.21209 0.14133 0.06214 0.01831 ( 1)  0.107
1112 L   0.31879 0.27885 0.21193 0.13087 0.04942 0.01014 ( 1)  0.091
1113 I   0.36215 0.30017 0.20440 0.10419 0.02685 0.00224 ( 1)  0.068
1114 A   0.02187 0.14887 0.28838 0.32190 0.18111 0.03787 ( 4)  0.218
1115 D   0.38428 0.30885 0.19742 0.09004 0.01853 0.00089 ( 1)  0.060
1116 S   0.28987 0.26136 0.21136 0.14549 0.06830 0.02363 ( 1)  0.115
1117 Y   0.34453 0.29216 0.20846 0.11536 0.03510 0.00438 ( 1)  0.076
1118 E   0.00043 0.02370 0.12866 0.30695 0.36156 0.17870 ( 5)  0.414
1119 K   0.36386 0.30084 0.20385 0.10309 0.02621 0.00214 ( 1)  0.067
1120 E   0.38280 0.30822 0.19783 0.09100 0.01915 0.00100 ( 1)  0.060
1121 A   0.01715 0.12052 0.24927 0.31202 0.22090 0.08014 ( 4)  0.271
1122 A   0.00000 0.00009 0.00401 0.04485 0.24198 0.70907 ( 6)  0.824
1123 A   0.00000 0.00184 0.02833 0.14676 0.37188 0.45118 ( 6)  0.647
1124 C   0.00037 0.02089 0.11586 0.28686 0.36350 0.21252 ( 5)  0.443
1125 G   0.31044 0.27407 0.21228 0.13548 0.05464 0.01309 ( 1)  0.097
1126 K   0.02337 0.15737 0.29822 0.32087 0.16885 0.03132 ( 4)  0.207
1127 K   0.36386 0.30084 0.20385 0.10309 0.02621 0.00214 ( 1)  0.067
1128 K   0.39903 0.31352 0.19151 0.08093 0.01447 0.00054 ( 1)  0.055
1129 L   0.00000 0.00117 0.01877 0.10503 0.31173 0.56330 ( 6)  0.723
1130 L   0.00854 0.06380 0.14960 0.23361 0.25911 0.28534 ( 6)  0.464
1131 S   0.30419 0.27035 0.21227 0.13875 0.05869 0.01576 ( 1)  0.102
1132 S   0.29093 0.26204 0.21146 0.14502 0.06758 0.02297 ( 1)  0.114
1133 S   0.01095 0.08044 0.18191 0.26636 0.25857 0.20176 ( 4)  0.391
1134 V   0.01506 0.10732 0.22836 0.30067 0.23630 0.11229 ( 4)  0.305
1135 S   0.01540 0.10957 0.23224 0.30349 0.23433 0.10497 ( 4)  0.297
1136 P   0.28065 0.25528 0.21019 0.14930 0.07462 0.02995 ( 1)  0.125
1137 P   0.31429 0.27635 0.21226 0.13345 0.05216 0.01150 ( 1)  0.094
1138 L   0.00015 0.00869 0.05384 0.16201 0.30483 0.47048 ( 6)  0.643
1139 E   0.35531 0.29722 0.20620 0.10857 0.02983 0.00288 ( 1)  0.071
1140 I   0.35725 0.29804 0.20567 0.10732 0.02900 0.00272 ( 1)  0.070
1141 E   0.02902 0.18840 0.33120 0.31248 0.12639 0.01249 ( 3)  0.172
1142 V   0.34599 0.29291 0.20825 0.11447 0.03430 0.00409 ( 1)  0.075
1143 T   0.36708 0.30224 0.20302 0.10103 0.02480 0.00183 ( 1)  0.066
1144 E   0.38388 0.30861 0.19745 0.09032 0.01878 0.00095 ( 1)  0.060
1145 E   0.37253 0.30431 0.20120 0.09755 0.02286 0.00156 ( 1)  0.064
1146 Q   0.32283 0.28109 0.21165 0.12857 0.04697 0.00890 ( 1)  0.088
1147 R   0.38597 0.30932 0.19667 0.08901 0.01815 0.00088 ( 1)  0.059
1148 R   0.38660 0.30955 0.19645 0.08861 0.01794 0.00086 ( 1)  0.059
1149 I   0.00000 0.00006 0.00285 0.03353 0.20057 0.76298 ( 6)  0.858
1150 L   0.29161 0.26234 0.21124 0.14444 0.06716 0.02322 ( 1)  0.114
1151 R   0.00809 0.06091 0.14474 0.23051 0.26278 0.29297 ( 6)  0.472
1152 C   0.31493 0.27668 0.21217 0.13305 0.05178 0.01138 ( 1)  0.094
1153 C   0.31493 0.27668 0.21217 0.13305 0.05178 0.01138 ( 1)  0.094
1154 Y   0.00000 0.00000 0.00013 0.00372 0.05940 0.93675 ( 6)  0.963
1155 K   0.39878 0.31344 0.19161 0.08109 0.01454 0.00054 ( 1)  0.055
1156 N   0.39233 0.31150 0.19430 0.08502 0.01619 0.00067 ( 1)  0.057
1157 L   0.01105 0.08106 0.18294 0.26698 0.25781 0.20016 ( 4)  0.389
1158 K   0.00000 0.00008 0.00361 0.04103 0.22884 0.72643 ( 6)  0.835
1159 D   0.36521 0.30148 0.20357 0.10223 0.02555 0.00197 ( 1)  0.067
1160 L   0.28477 0.25785 0.21040 0.14726 0.07179 0.02793 ( 1)  0.121
1161 G   0.32986 0.28490 0.21099 0.12446 0.04283 0.00697 ( 1)  0.084
1162 L   0.32559 0.28261 0.21143 0.12697 0.04531 0.00808 ( 1)  0.087
1163 E   0.39064 0.31094 0.19494 0.08607 0.01669 0.00072 ( 1)  0.058
1164 L   0.30030 0.26782 0.21185 0.14043 0.06136 0.01824 ( 1)  0.106
1165 S   0.01449 0.10368 0.22232 0.29674 0.23995 0.12281 ( 4)  0.315
1166 F   0.35520 0.29722 0.20631 0.10865 0.02979 0.00282 ( 1)  0.071
1167 P   0.31325 0.27575 0.21229 0.13402 0.05281 0.01188 ( 1)  0.095
1168 E   0.02142 0.14622 0.28477 0.32110 0.18490 0.04158 ( 4)  0.223
1169 T   0.00000 0.00004 0.00168 0.02147 0.15045 0.82637 ( 6)  0.897
1170 N   0.00000 0.00213 0.03227 0.16250 0.38922 0.41388 ( 6)  0.621
1171 S   0.00000 0.00000 0.00005 0.00234 0.05658 0.94104 ( 6)  0.966
1172 L   0.00012 0.00732 0.04626 0.14402 0.28919 0.51308 ( 6)  0.674
1173 I   0.35871 0.29866 0.20526 0.10639 0.02839 0.00260 ( 1)  0.069
1174 L   0.01196 0.08718 0.19411 0.27664 0.25458 0.17553 ( 4)  0.367
1175 V   0.32579 0.28269 0.21136 0.12682 0.04522 0.00812 ( 1)  0.086
1176 K   0.00000 0.00000 0.00043 0.01047 0.12126 0.86784 ( 6)  0.923
1177 K   0.03068 0.19692 0.33851 0.30759 0.11616 0.01014 ( 3)  0.166
1178 V   0.32804 0.28389 0.21111 0.12550 0.04394 0.00753 ( 1)  0.085
1179 P   0.33362 0.28688 0.21053 0.12220 0.04067 0.00609 ( 1)  0.082
1180 L   0.00017 0.01002 0.06131 0.18024 0.32196 0.42630 ( 6)  0.611
1181 C   0.35045 0.29505 0.20738 0.11168 0.03204 0.00340 ( 1)  0.073
1182 F   0.02134 0.14581 0.28444 0.32147 0.18552 0.04142 ( 4)  0.223
1183 T   0.00000 0.00002 0.00258 0.04713 0.31320 0.63706 ( 6)  0.784
1184 E   0.39098 0.31105 0.19482 0.08586 0.01658 0.00071 ( 1)  0.058
1185 R   0.38660 0.30955 0.19645 0.08861 0.01794 0.00086 ( 1)  0.059
1186 E   0.02516 0.16755 0.31021 0.32011 0.15431 0.02265 ( 4)  0.193
1187 A   0.29502 0.26468 0.21185 0.14321 0.06480 0.02045 ( 1)  0.110
1188 N   0.39010 0.31074 0.19514 0.08642 0.01687 0.00074 ( 1)  0.058
1189 E   0.38958 0.31058 0.19535 0.08674 0.01701 0.00075 ( 1)  0.058
1190 L   0.29923 0.26715 0.21179 0.14093 0.06207 0.01883 ( 1)  0.107
1191 R   0.01043 0.07677 0.17461 0.25856 0.25804 0.22160 ( 4)  0.408
1192 R   0.30472 0.27063 0.21222 0.13842 0.05836 0.01565 ( 1)  0.102
1193 K   0.39875 0.31343 0.19162 0.08111 0.01456 0.00054 ( 1)  0.055
1194 R   0.38660 0.30955 0.19645 0.08861 0.01794 0.00086 ( 1)  0.059
1195 Q   0.00021 0.01208 0.07228 0.20420 0.33737 0.37386 ( 6)  0.571
1196 A   0.01400 0.10061 0.21763 0.29465 0.24409 0.12902 ( 4)  0.322
1197 V   0.00017 0.00997 0.06098 0.17927 0.32063 0.42899 ( 6)  0.613
1198 T   0.00000 0.00136 0.02161 0.11821 0.33388 0.52494 ( 6)  0.698
1199 K   0.00079 0.04137 0.19993 0.38957 0.30772 0.06062 ( 4)  0.298
1200 S   0.35751 0.29827 0.20576 0.10718 0.02872 0.00255 ( 1)  0.070
1201 I   0.02179 0.14831 0.28734 0.32112 0.18185 0.03959 ( 4)  0.220
1202 V   0.01292 0.09425 0.20938 0.29401 0.25437 0.13506 ( 4)  0.332
1203 E   0.00032 0.01808 0.10263 0.26434 0.36201 0.25262 ( 5)  0.477
1204 E   0.02135 0.14582 0.28430 0.32113 0.18548 0.04192 ( 4)  0.223
1205 L   0.00000 0.00116 0.01870 0.10476 0.31142 0.56396 ( 6)  0.724
1206 I   0.35780 0.29829 0.20553 0.10697 0.02875 0.00266 ( 1)  0.070
1207 Q   0.00024 0.01369 0.08063 0.22177 0.34699 0.33668 ( 5)  0.543
1208 E   0.39040 0.31086 0.19503 0.08622 0.01676 0.00073 ( 1)  0.058
1209 Q   0.32239 0.28084 0.21168 0.12881 0.04724 0.00905 ( 1)  0.089
1210 V   0.01867 0.12985 0.26273 0.31659 0.20805 0.06411 ( 4)  0.252
1211 E   0.35477 0.29698 0.20634 0.10892 0.03006 0.00293 ( 1)  0.071
1212 L   0.28984 0.26128 0.21125 0.14540 0.06834 0.02390 ( 1)  0.115
1213 V   0.00025 0.01422 0.08328 0.22694 0.34898 0.32633 ( 5)  0.535
1214 Q   0.01159 0.08472 0.18978 0.27325 0.25642 0.18423 ( 4)  0.375
1215 T   0.01283 0.09291 0.20430 0.28478 0.25056 0.15462 ( 4)  0.347
1216 A   0.00050 0.02748 0.14528 0.33084 0.35512 0.14077 ( 5)  0.380
1217 G   0.00000 0.00222 0.03334 0.16639 0.39227 0.40578 ( 6)  0.615
1218 G   0.00000 0.00210 0.03177 0.16031 0.38617 0.41965 ( 6)  0.625
1219 A   0.02176 0.14828 0.28763 0.32184 0.18197 0.03851 ( 4)  0.219
1220 R   0.01024 0.07553 0.17243 0.25690 0.25908 0.22582 ( 5)  0.412
1221 G   0.33557 0.28783 0.21017 0.12098 0.03967 0.00578 ( 1)  0.081
1222 T   0.36896 0.30301 0.20246 0.09983 0.02405 0.00170 ( 1)  0.065
1223 L   0.00809 0.06076 0.14373 0.22779 0.25955 0.30007 ( 6)  0.477
1224 P   0.31453 0.27648 0.21225 0.13332 0.05201 0.01142 ( 1)  0.094
1225 L   0.26091 0.24137 0.20576 0.15541 0.08807 0.04848 ( 1)  0.149
1226 T   0.34664 0.29325 0.20818 0.11408 0.03392 0.00394 ( 1)  0.075
1227 F   0.00040 0.02212 0.12168 0.29681 0.36426 0.19473 ( 5)  0.429
1228 L   0.26055 0.24112 0.20569 0.15553 0.08833 0.04878 ( 1)  0.150
1229 K   0.36386 0.30084 0.20385 0.10309 0.02621 0.00214 ( 1)  0.067
1230 V   0.01694 0.11924 0.24716 0.31074 0.22235 0.08357 ( 4)  0.274
1231 L   0.01243 0.09024 0.19932 0.28028 0.25172 0.16601 ( 4)  0.357
1232 A   0.33149 0.28576 0.21079 0.12348 0.04189 0.00659 ( 1)  0.083
1233 S   0.29185 0.26264 0.21156 0.14462 0.06695 0.02239 ( 1)  0.113
1234 Q   0.30928 0.27334 0.21221 0.13603 0.05541 0.01372 ( 1)  0.098
1235 A   0.30646 0.27167 0.21222 0.13751 0.05724 0.01490 ( 1)  0.100
1236 C   0.34934 0.29452 0.20762 0.11238 0.03259 0.00355 ( 1)  0.074
1237 H   0.36028 0.29945 0.20501 0.10540 0.02753 0.00232 ( 1)  0.069
1238 G   0.36408 0.30100 0.20388 0.10296 0.02602 0.00206 ( 1)  0.067
1239 A   0.33355 0.28684 0.21052 0.12224 0.04073 0.00613 ( 1)  0.082
1240 I   0.35800 0.29837 0.20548 0.10684 0.02867 0.00264 ( 1)  0.070
1241 K   0.36643 0.30192 0.20313 0.10144 0.02514 0.00193 ( 1)  0.066
1242 F   0.35317 0.29628 0.20675 0.10994 0.03077 0.00308 ( 1)  0.072
1243 N   0.39468 0.31228 0.19340 0.08355 0.01550 0.00060 ( 1)  0.056
1244 D   0.02143 0.14630 0.28506 0.32151 0.18482 0.04087 ( 4)  0.222
1245 S   0.00000 0.00000 0.00043 0.01076 0.12726 0.86154 ( 6)  0.919
1246 L   0.29269 0.26313 0.21155 0.14417 0.06640 0.02206 ( 1)  0.112
1247 S   0.01946 0.13465 0.26950 0.31865 0.20150 0.05624 ( 4)  0.242
1248 P   0.00000 0.00002 0.00084 0.01172 0.09981 0.88761 ( 6)  0.934
1249 E   0.02221 0.15081 0.29063 0.32165 0.17829 0.03642 ( 4)  0.216
1250 E   0.35785 0.29835 0.20557 0.10695 0.02868 0.00260 ( 1)  0.070
1251 S   0.35083 0.29527 0.20737 0.11145 0.03179 0.00328 ( 1)  0.073
1252 C   0.01792 0.12528 0.25613 0.31434 0.21433 0.07200 ( 4)  0.261
1253 R   0.00000 0.00034 0.00661 0.04809 0.21328 0.73168 ( 6)  0.835
1254 L   0.31050 0.27413 0.21233 0.13549 0.05458 0.01298 ( 1)  0.097
1255 M   0.02378 0.15967 0.30091 0.32067 0.16559 0.02940 ( 4)  0.204
1256 E   0.00076 0.04002 0.19517 0.38604 0.31334 0.06467 ( 4)  0.303
1257 A   0.33377 0.28695 0.21049 0.12210 0.04060 0.00608 ( 1)  0.082
1258 L   0.29281 0.26320 0.21154 0.14409 0.06633 0.02204 ( 1)  0.112
1259 S   0.31721 0.27791 0.21194 0.13169 0.05042 0.01082 ( 1)  0.092
1260 S   0.32679 0.28326 0.21132 0.12627 0.04460 0.00776 ( 1)  0.086
1261 C   0.32486 0.28223 0.21153 0.12741 0.04572 0.00824 ( 1)  0.087
1262 Q   0.01468 0.10495 0.22477 0.29910 0.23947 0.11703 ( 4)  0.310
1263 L   0.27062 0.24833 0.20821 0.15271 0.08152 0.03861 ( 1)  0.136
1264 P   0.28201 0.25620 0.21041 0.14878 0.07369 0.02891 ( 1)  0.123
1265 F   0.32603 0.28288 0.21144 0.12674 0.04502 0.00790 ( 1)  0.086
1266 Q   0.29794 0.26650 0.21202 0.14181 0.06284 0.01890 ( 1)  0.107
1267 C   0.35314 0.29629 0.20678 0.10997 0.03076 0.00306 ( 1)  0.072
1268 A   0.33359 0.28686 0.21052 0.12221 0.04071 0.00612 ( 1)  0.082
1269 H   0.36256 0.30041 0.20437 0.10393 0.02658 0.00214 ( 1)  0.068
1270 G   0.35859 0.29868 0.20540 0.10648 0.02833 0.00252 ( 1)  0.069
1271 R   0.38692 0.30966 0.19633 0.08841 0.01784 0.00085 ( 1)  0.059
1272 P   0.31667 0.27771 0.21217 0.13213 0.05066 0.01065 ( 1)  0.092
1273 S   0.29871 0.26698 0.21207 0.14145 0.06232 0.01847 ( 1)  0.107
1274 M   0.41675 0.31870 0.18401 0.07022 0.01010 0.00021 ( 1)  0.050
1275 M   0.02771 0.18143 0.32460 0.31563 0.13535 0.01526 ( 3)  0.179
1276 P   0.29995 0.26780 0.21222 0.14092 0.06146 0.01765 ( 1)  0.106
1277 L   0.32783 0.28382 0.21120 0.12566 0.04400 0.00749 ( 1)  0.085
1278 A   0.02221 0.15089 0.29092 0.32205 0.17818 0.03576 ( 4)  0.215
1279 D   0.35202 0.29580 0.20707 0.11069 0.03125 0.00316 ( 1)  0.072
1280 I   0.00000 0.00031 0.01187 0.10776 0.38986 0.49021 ( 6)  0.684
1281 D   0.00041 0.02295 0.12549 0.30280 0.36367 0.18468 ( 5)  0.420
1282 H   0.36772 0.30259 0.20294 0.10062 0.02441 0.00171 ( 1)  0.066
1283 L   0.29099 0.26203 0.21137 0.14489 0.06755 0.02316 ( 1)  0.114
1284 Q   0.29772 0.26637 0.21201 0.14192 0.06298 0.01899 ( 1)  0.108
1285 Q   0.00000 0.00044 0.00765 0.04989 0.20086 0.74117 ( 6)  0.840
1286 E   0.02963 0.19161 0.33420 0.31096 0.12230 0.01129 ( 3)  0.169
1287 I   0.00000 0.00000 0.00005 0.00270 0.06768 0.92957 ( 6)  0.960
1288 Q   0.29752 0.26624 0.21201 0.14203 0.06312 0.01909 ( 1)  0.108
1289 P   0.31265 0.27540 0.21230 0.13434 0.05319 0.01212 ( 1)  0.095
1290 K   0.39878 0.31344 0.19161 0.08109 0.01454 0.00054 ( 1)  0.055
1291 P   0.31378 0.27605 0.21227 0.13372 0.05248 0.01170 ( 1)  0.094
1292 N   0.38494 0.30898 0.19706 0.08965 0.01845 0.00091 ( 1)  0.060
1293 L   0.28914 0.26081 0.21113 0.14566 0.06882 0.02445 ( 1)  0.116
1294 A   0.00027 0.01554 0.09006 0.24078 0.35550 0.29785 ( 5)  0.513
1295 R   0.38647 0.30950 0.19649 0.08869 0.01798 0.00086 ( 1)  0.059
1296 L   0.26476 0.24418 0.20683 0.15445 0.08550 0.04428 ( 1)  0.144
1297 R   0.32603 0.28221 0.21028 0.12606 0.04579 0.00963 ( 1)  0.088
1298 K   0.37644 0.30575 0.19987 0.09506 0.02151 0.00138 ( 1)  0.063
1299 M   0.41373 0.31792 0.18539 0.07199 0.01073 0.00024 ( 1)  0.051
1300 V   0.00000 0.00008 0.00351 0.04001 0.22486 0.73155 ( 6)  0.838
1301 R   0.00000 0.00020 0.00371 0.02677 0.13392 0.83540 ( 6)  0.900
1302 A   0.35384 0.29662 0.20664 0.10952 0.03041 0.00296 ( 1)  0.071
1303 W   0.29329 0.26356 0.21169 0.14398 0.06597 0.02150 ( 1)  0.112
1304 Q   0.00022 0.01300 0.07716 0.21489 0.34425 0.35047 ( 6)  0.554
1305 L   0.28396 0.25738 0.21044 0.14775 0.07236 0.02811 ( 1)  0.122
1306 F   0.35520 0.29722 0.20631 0.10865 0.02979 0.00282 ( 1)  0.071
1307 G   0.35848 0.29861 0.20540 0.10655 0.02842 0.00255 ( 1)  0.069

Positively selected sites

	Prob(w>1)  mean w



lnL = -29485.127622

