

TREE # 1

  0  0.0000  31962.152470  x:  0.08938   0.01031   0.01878   0.03812   0.02173   0.04676   0.06637   0.04765   0.09936   0.10197   0.07229   0.10529   0.09401   0.01867   0.03246   0.09763   0.06567   0.04086   0.05074   0.10940   0.06025   0.09793   0.09677   0.06721   0.05681   0.01388   0.04365   0.05429   0.04389   0.07724   0.05295   0.06965   0.07984   0.08283   0.04895   0.08015   0.06660   0.03118   0.09947   0.08884   0.04188   0.04670   0.09546   0.01806   0.06915   0.05031   0.09642   0.08071   0.08039   0.09773   0.08407   0.08819   0.10108   0.06914   0.04112   2.00000   0.90000   0.28304   1.52210  
  1 99.0000  30356.256757  x:  0.03586   0.02015   0.11125   0.10294   0.02117   0.05780   0.06544   0.00000   0.20795   0.12556   0.07676   0.18773   0.06212   0.25234   0.11992   0.10080   0.14584   0.06592   0.04049   0.12174   0.01495   0.07748   0.05802   0.04496   0.04661   0.60012   0.06749   0.01851   0.16094   0.02997   0.00716   0.07862   0.10501   0.09586   0.11313   0.06623   0.10889   0.09000   0.10089   0.03408   0.00305   0.03912   0.05601   0.04529   0.02665   0.05260   0.05421   0.07572   0.04594   0.06648   0.07672   0.05391   0.05703   0.06057   0.07043   2.01206   0.86850   0.30739   1.51861  
  2 16782.5570  30221.397736  x:  0.02121   0.01489   0.10658   0.10331   0.01816   0.05786   0.07098   0.00000   0.22207   0.12659   0.07486   0.19898   0.05162   0.25225   0.11683   0.09657   0.14582   0.06648   0.04038   0.12618   0.00639   0.07626   0.05063   0.04533   0.04855   0.60814   0.07199   0.00810   0.16419   0.01572   0.00000   0.08137   0.10905   0.09935   0.11590   0.06462   0.11203   0.08883   0.10240   0.02114   0.04444   0.04237   0.04883   0.04079   0.02057   0.05599   0.04515   0.07493   0.04116   0.06289   0.07455   0.04885   0.04756   0.06070   0.07164   2.01589   0.85640   0.31805   1.51700  
  3 4878.5718  30120.382525  x:  0.00613   0.01196   0.10019   0.10305   0.01515   0.05828   0.07736   0.00000   0.23592   0.12671   0.07203   0.20985   0.04028   0.24868   0.11228   0.09191   0.14468   0.06694   0.04072   0.13084   0.00202   0.07569   0.04398   0.04615   0.05038   0.60865   0.07659   0.00000   0.16621   0.00150   0.01565   0.08458   0.11324   0.10302   0.11791   0.06334   0.11483   0.08693   0.10404   0.00666   0.04672   0.04457   0.04226   0.03662   0.01569   0.05879   0.03663   0.07417   0.03795   0.05930   0.07215   0.04366   0.03827   0.06114   0.07243   2.02023   0.84465   0.32844   1.51541  
  4 5690.1092  30107.273468  x:  0.00456   0.01211   0.09918   0.10307   0.01479   0.05847   0.07836   0.00000   0.23799   0.12657   0.07147   0.21144   0.03853   0.24800   0.11159   0.09123   0.14450   0.06702   0.04084   0.13154   0.00291   0.07568   0.04320   0.04627   0.05059   0.60847   0.07729   0.00109   0.16651   0.00000   0.01473   0.08490   0.11375   0.10351   0.11818   0.06318   0.11525   0.08666   0.10432   0.00524   0.04595   0.04482   0.04150   0.03621   0.01544   0.05912   0.03552   0.07406   0.03777   0.05891   0.07176   0.04301   0.03719   0.06123   0.07253   2.02095   0.84309   0.32983   1.51519  
  5 5519.3505  30093.840501  x:  0.00388   0.01262   0.09782   0.10306   0.01430   0.05875   0.07971   0.00000   0.24068   0.12625   0.07062   0.21347   0.03623   0.24702   0.11070   0.09035   0.14426   0.06712   0.04093   0.13239   0.00270   0.07567   0.04235   0.04641   0.05080   0.60808   0.07820   0.00000   0.16692   0.00000   0.01262   0.08526   0.11436   0.10412   0.11852   0.06299   0.11581   0.08636   0.10472   0.00487   0.04430   0.04509   0.04073   0.03584   0.01543   0.05948   0.03423   0.07393   0.03782   0.05857   0.07122   0.04229   0.03614   0.06136   0.07265   2.02196   0.84123   0.33151   1.51493  
  6 8118.0227  30074.868854  x:  0.00508   0.01301   0.09539   0.10319   0.01351   0.05946   0.08227   0.00000   0.24579   0.12543   0.06883   0.21727   0.03204   0.24533   0.10925   0.08880   0.14396   0.06726   0.04099   0.13385   0.00000   0.07562   0.04099   0.04661   0.05114   0.60774   0.07991   0.00129   0.16780   0.00000   0.01093   0.08597   0.11550   0.10524   0.11916   0.06271   0.11688   0.08587   0.10546   0.00640   0.04246   0.04558   0.03964   0.03541   0.01538   0.06008   0.03198   0.07368   0.03819   0.05820   0.07018   0.04117   0.03476   0.06158   0.07291   2.02395   0.83800   0.33443   1.51448  
  7 8654.4448  29977.175614  x:  0.02411   0.01277   0.07721   0.10457   0.00731   0.06524   0.10254   0.00000   0.28616   0.11760   0.05354   0.24678   0.00000   0.23324   0.09928   0.07716   0.14243   0.06858   0.04178   0.14502   0.00694   0.07548   0.03274   0.04782   0.05338   0.60826   0.09331   0.00291   0.17538   0.00000   0.00793   0.09183   0.12431   0.11376   0.12445   0.06079   0.12528   0.08278   0.11107   0.02672   0.03611   0.04907   0.03335   0.03353   0.01509   0.06424   0.01565   0.07178   0.04291   0.05682   0.06177   0.03371   0.02716   0.06314   0.07522   2.04014   0.81448   0.35596   1.51117  
  8 12148.7840  29900.702444  x:  0.02671   0.01118   0.06440   0.10765   0.00000   0.07357   0.12837   0.00000   0.33096   0.09519   0.02850   0.27634   0.01072   0.21997   0.09995   0.07019   0.14410   0.07023   0.04209   0.15301   0.00725   0.07765   0.04308   0.04876   0.05374   0.60872   0.10762   0.00315   0.18363   0.00000   0.00639   0.09554   0.13029   0.11953   0.12947   0.06239   0.13219   0.08216   0.11439   0.02567   0.03444   0.04828   0.04608   0.04068   0.02359   0.06458   0.01083   0.07037   0.06545   0.06604   0.05074   0.03466   0.03530   0.06503   0.07780   2.06305   0.79907   0.37110   1.50884  
  9 2159.8326  29872.538736  x:  0.02801   0.02122   0.07046   0.11067   0.00000   0.07899   0.14158   0.00000   0.35289   0.07377   0.00507   0.28572   0.00724   0.21085   0.10595   0.07419   0.14868   0.07156   0.04308   0.15302   0.00714   0.08008   0.04655   0.04906   0.05354   0.60574   0.11444   0.00298   0.18699   0.00000   0.00641   0.09501   0.12985   0.11924   0.13076   0.06557   0.13360   0.08568   0.11493   0.02311   0.03494   0.04642   0.04681   0.03956   0.01127   0.06236   0.00154   0.07046   0.07099   0.07346   0.04291   0.03656   0.04047   0.06582   0.07826   2.08141   0.79832   0.37268   1.50852  
 10 1818.5413  29868.849280  x:  0.02813   0.02088   0.07186   0.11108   0.00000   0.07941   0.14309   0.00000   0.35540   0.07093   0.00527   0.28632   0.00653   0.20967   0.10713   0.07516   0.14942   0.07167   0.04317   0.15269   0.00711   0.08032   0.04643   0.04905   0.05352   0.60531   0.11518   0.00294   0.18728   0.00000   0.00645   0.09477   0.12955   0.11897   0.13079   0.06592   0.13352   0.08620   0.11483   0.02279   0.03495   0.04641   0.04624   0.03918   0.01230   0.06218   0.00000   0.07056   0.07127   0.07413   0.04178   0.03648   0.04061   0.06582   0.07823   2.08425   0.79878   0.37238   1.50855  
 11 1320.5670  29863.600303  x:  0.02881   0.01572   0.07508   0.11195   0.00000   0.07940   0.14719   0.00000   0.36355   0.06558   0.00940   0.28765   0.00672   0.20577   0.11071   0.07783   0.15142   0.07162   0.04293   0.15145   0.00711   0.08050   0.04534   0.04894   0.05348   0.60379   0.11758   0.00269   0.18799   0.00000   0.00538   0.09409   0.12853   0.11801   0.13062   0.06622   0.13283   0.08720   0.11437   0.02267   0.03391   0.04683   0.04504   0.03914   0.00705   0.06216   0.00000   0.07092   0.07428   0.07505   0.03756   0.03464   0.03982   0.06561   0.07803   2.09568   0.80040   0.37111   1.50863  
 12 1341.6632  29855.524052  x:  0.02878   0.00875   0.07980   0.11227   0.00000   0.07558   0.14938   0.00000   0.37474   0.06902   0.00300   0.28596   0.00628   0.20026   0.11553   0.08185   0.15415   0.07068   0.04151   0.14825   0.00709   0.07916   0.04078   0.04855   0.05352   0.60243   0.12099   0.00240   0.18838   0.00000   0.00498   0.09306   0.12631   0.11569   0.12949   0.06463   0.13030   0.08821   0.11320   0.02284   0.03347   0.04843   0.04274   0.04042   0.00729   0.06366   0.00000   0.07180   0.07988   0.07348   0.02900   0.02770   0.03473   0.06473   0.07731   2.12148   0.80438   0.36729   1.50886  
 13 864.7742  29844.749139  x:  0.02870   0.01851   0.08485   0.11189   0.00000   0.06866   0.15162   0.00000   0.39397   0.07931   0.00487   0.28346   0.00706   0.19127   0.12139   0.08620   0.15746   0.06902   0.03944   0.14373   0.00754   0.07654   0.03526   0.04804   0.05355   0.60121   0.12712   0.00251   0.18895   0.00000   0.00768   0.09223   0.12355   0.11269   0.12773   0.06145   0.12647   0.08945   0.11194   0.02350   0.03594   0.04977   0.04109   0.04241   0.00768   0.06594   0.00000   0.07305   0.08800   0.07206   0.01382   0.01670   0.02797   0.06362   0.07631   2.16971   0.80941   0.36199   1.50897  
 14 1885.8881  29831.415496  x:  0.02563   0.01699   0.08345   0.10981   0.00000   0.06456   0.14688   0.00000   0.40609   0.08956   0.00597   0.27820   0.00000   0.18598   0.12073   0.08579   0.15759   0.06886   0.04118   0.14173   0.00699   0.07542   0.04000   0.04834   0.05326   0.60408   0.13197   0.00219   0.18819   0.00000   0.00880   0.09236   0.12288   0.11232   0.12659   0.06044   0.12377   0.08755   0.11092   0.02299   0.03675   0.04670   0.04093   0.03814   0.00707   0.06463   0.00000   0.07369   0.08188   0.08021   0.00460   0.01763   0.03321   0.06405   0.07641   2.22744   0.80974   0.35930   1.50837  
 15 907.6401  29810.825668  x:  0.02387   0.01677   0.08032   0.10569   0.00000   0.06285   0.13645   0.00000   0.42892   0.09953   0.00464   0.26725   0.00941   0.17607   0.11696   0.08358   0.15639   0.06917   0.04422   0.14000   0.00737   0.07474   0.03727   0.04842   0.05326   0.60932   0.14238   0.00160   0.18554   0.00000   0.01086   0.09275   0.12292   0.11334   0.12488   0.06080   0.12054   0.08360   0.11033   0.02665   0.03743   0.04509   0.03157   0.02762   0.00598   0.06184   0.00000   0.07452   0.05658   0.09193   0.01800   0.01525   0.03324   0.06449   0.07616   2.36570   0.80508   0.35680   1.50622  
 16 2193.5790  29792.599267  x:  0.02105   0.01702   0.07896   0.10416   0.00000   0.06977   0.12761   0.00000   0.43067   0.09468   0.00562   0.25733   0.00000   0.17366   0.10998   0.08102   0.15346   0.06912   0.04269   0.14117   0.00680   0.07657   0.03480   0.04794   0.05323   0.61319   0.14670   0.00069   0.18169   0.00000   0.01300   0.09227   0.12370   0.11480   0.12444   0.06344   0.12140   0.08205   0.11076   0.02463   0.03966   0.04885   0.03960   0.04200   0.00495   0.06075   0.00000   0.07434   0.04956   0.09324   0.03212   0.01009   0.02959   0.06399   0.07576   2.47841   0.79904   0.35536   1.50426  
 17 1912.9312  29792.599267  x:  0.02105   0.01702   0.07896   0.10416   0.00000   0.06977   0.12761   0.00000   0.43067   0.09468   0.00562   0.25733   0.00000   0.17366   0.10998   0.08102   0.15346   0.06912   0.04269   0.14117   0.00680   0.07657   0.03480   0.04794   0.05323   0.61319   0.14670   0.00069   0.18169   0.00000   0.01300   0.09227   0.12370   0.11480   0.12444   0.06344   0.12140   0.08205   0.11076   0.02463   0.03966   0.04885   0.03960   0.04200   0.00495   0.06075   0.00000   0.07434   0.04956   0.09324   0.03212   0.01009   0.02959   0.06399   0.07576   2.47841   0.79904   0.35536   1.50426  
 18 1715.0700  29745.193959  x:  0.00595   0.01522   0.07410   0.10419   0.00000   0.07114   0.13366   0.00000   0.43265   0.08868   0.01374   0.26332   0.00806   0.16999   0.10750   0.07852   0.15120   0.06916   0.04289   0.14424   0.00427   0.07721   0.03516   0.04890   0.05401   0.60427   0.14777   0.00871   0.18100   0.00000   0.00368   0.09272   0.12521   0.11629   0.12487   0.06302   0.12309   0.08061   0.11160   0.00931   0.02993   0.04965   0.03735   0.03770   0.04454   0.06298   0.00000   0.07388   0.05708   0.09102   0.03053   0.00921   0.02698   0.06447   0.07579   2.48109   0.79339   0.36011   1.50350  
 19 3069.5858  29729.807449  x:  0.00000   0.01523   0.07121   0.10398   0.00000   0.07166   0.13725   0.00000   0.43397   0.08508   0.01320   0.26731   0.00605   0.16733   0.10535   0.07684   0.14971   0.06934   0.04316   0.14633   0.00503   0.07769   0.03545   0.04942   0.05445   0.59781   0.14854   0.00553   0.18056   0.00000   0.00258   0.09334   0.12633   0.11729   0.12521   0.06284   0.12424   0.07996   0.11238   0.00254   0.02446   0.04961   0.03668   0.03558   0.04288   0.06386   0.00000   0.07348   0.06012   0.08984   0.02943   0.00917   0.02691   0.06489   0.07587   2.48304   0.78961   0.36331   1.50300  
 20 1680.1097  29721.762077  x:  0.00222   0.01561   0.06884   0.10386   0.00000   0.07211   0.14029   0.00000   0.43512   0.08203   0.01307   0.27071   0.00495   0.16508   0.10360   0.07545   0.14847   0.06947   0.04336   0.14808   0.00523   0.07808   0.03565   0.04984   0.05480   0.59225   0.14921   0.00380   0.18018   0.00000   0.00219   0.09386   0.12728   0.11813   0.12550   0.06268   0.12522   0.07947   0.11312   0.00023   0.02039   0.04971   0.03615   0.03392   0.04282   0.06460   0.00000   0.07315   0.06260   0.08890   0.02848   0.00921   0.02709   0.06523   0.07595   2.48473   0.78650   0.36596   1.50258  
 21 3483.9344  29703.649024  x:  0.00363   0.01641   0.06308   0.10358   0.00000   0.07324   0.14775   0.00000   0.43795   0.07459   0.01282   0.27903   0.00246   0.15957   0.09935   0.07207   0.14542   0.06978   0.04382   0.15234   0.00563   0.07901   0.03615   0.05085   0.05565   0.57857   0.15084   0.00000   0.17926   0.00000   0.00136   0.09514   0.12962   0.12019   0.12620   0.06230   0.12762   0.07823   0.11487   0.00251   0.01095   0.04993   0.03487   0.02996   0.04300   0.06641   0.00000   0.07233   0.06860   0.08666   0.02617   0.00937   0.02757   0.06607   0.07613   2.48889   0.77891   0.37245   1.50157  
 22 12082.4540  29680.393009  x:  0.00400   0.01759   0.05089   0.10382   0.00000   0.07628   0.16506   0.00000   0.44506   0.05802   0.01134   0.29898   0.00027   0.14668   0.09010   0.06478   0.13861   0.07052   0.04474   0.16209   0.00485   0.08103   0.03695   0.05274   0.05736   0.54444   0.15489   0.01343   0.17736   0.00000   0.00883   0.09827   0.13522   0.12499   0.12791   0.06162   0.13321   0.07570   0.11886   0.00354   0.00696   0.05086   0.03354   0.02432   0.03807   0.07006   0.00000   0.07038   0.07987   0.08198   0.02061   0.01069   0.02920   0.06786   0.07663   2.49939   0.76175   0.38729   1.49929  
 23 4268.8934  29655.780276  x:  0.00468   0.01840   0.04019   0.10385   0.00000   0.07868   0.18390   0.00000   0.45357   0.04268   0.01097   0.32146   0.00715   0.13301   0.08157   0.05781   0.13155   0.07148   0.04570   0.17259   0.00380   0.08311   0.03758   0.05440   0.05895   0.50433   0.15964   0.01261   0.17537   0.00000   0.00553   0.10115   0.14091   0.13004   0.12995   0.06112   0.13940   0.07347   0.12317   0.00395   0.02183   0.05225   0.03360   0.02349   0.03393   0.07351   0.00000   0.06829   0.09010   0.07764   0.01451   0.01310   0.03061   0.06963   0.07733   2.51191   0.74332   0.40347   1.49685  
 24 4819.7527  29623.792992  x:  0.00512   0.01883   0.05141   0.10671   0.00000   0.07965   0.20459   0.00000   0.46780   0.05336   0.00998   0.35059   0.00550   0.12027   0.08026   0.05876   0.12768   0.07342   0.04653   0.18317   0.00293   0.08466   0.03694   0.05370   0.05906   0.44108   0.16715   0.01559   0.17491   0.00000   0.00000   0.10343   0.14635   0.13500   0.13320   0.06251   0.14656   0.07513   0.12694   0.00433   0.02074   0.05330   0.04068   0.04757   0.03275   0.07324   0.00000   0.06631   0.08897   0.07680   0.00904   0.02096   0.02925   0.07051   0.07892   2.53294   0.72548   0.42094   1.49462  
 25 1642.5681  29611.575984  x:  0.00436   0.01793   0.05995   0.10865   0.00000   0.07945   0.21666   0.00000   0.47843   0.06241   0.01137   0.36982   0.00885   0.11513   0.08323   0.06258   0.12709   0.07480   0.04718   0.18905   0.00551   0.08551   0.03700   0.05321   0.05905   0.39480   0.17270   0.00876   0.17555   0.00000   0.01516   0.10507   0.14961   0.13780   0.13550   0.06390   0.15047   0.07737   0.12883   0.00376   0.02168   0.05380   0.04250   0.05389   0.03653   0.07243   0.00000   0.06543   0.08528   0.07626   0.00803   0.02546   0.02856   0.07088   0.08022   2.54910   0.71546   0.43159   1.49345  
 26 3461.0284  29588.207895  x:  0.00440   0.01658   0.06647   0.11151   0.00000   0.07808   0.22343   0.00000   0.49217   0.07078   0.00914   0.38855   0.00583   0.11933   0.09346   0.07405   0.13193   0.07601   0.04704   0.19148   0.00000   0.08574   0.03784   0.05319   0.05929   0.33709   0.17998   0.00936   0.17887   0.00000   0.01215   0.10474   0.15053   0.13894   0.13809   0.06586   0.15201   0.08184   0.12946   0.00377   0.02387   0.05380   0.03760   0.03752   0.03665   0.07055   0.00000   0.06581   0.07461   0.07492   0.01427   0.02747   0.03137   0.07120   0.08194   2.57181   0.70990   0.43994   1.49310  
 27 1610.1132  29582.231814  x:  0.00476   0.01629   0.06861   0.11272   0.00000   0.07734   0.22562   0.00000   0.49841   0.07359   0.00868   0.39644   0.00503   0.12203   0.09800   0.07920   0.13438   0.07653   0.04733   0.19219   0.00685   0.08591   0.03838   0.05327   0.05938   0.31112   0.18334   0.01100   0.18053   0.00000   0.00922   0.10443   0.15067   0.13921   0.13914   0.06661   0.15234   0.08374   0.12959   0.00398   0.02475   0.05382   0.03585   0.03039   0.03662   0.06983   0.00000   0.06613   0.06998   0.07429   0.01685   0.02802   0.03231   0.07129   0.08259   2.58255   0.70823   0.44315   1.49308  
 28 5670.6124  29573.847383  x:  0.00456   0.01929   0.06145   0.11265   0.00000   0.07483   0.21914   0.00000   0.50797   0.06562   0.01488   0.40146   0.01272   0.13372   0.10221   0.08484   0.14023   0.07530   0.04662   0.18755   0.00643   0.08538   0.03779   0.05405   0.05972   0.27592   0.18906   0.01199   0.18434   0.00000   0.00834   0.10339   0.14826   0.13712   0.13912   0.06588   0.14876   0.08434   0.12797   0.00404   0.01977   0.05399   0.04099   0.03426   0.03242   0.07107   0.00000   0.06815   0.06953   0.07298   0.01752   0.02480   0.02853   0.07102   0.08193   2.60413   0.71468   0.44192   1.49459  
 29 721.7565  29567.991808  x:  0.00465   0.01671   0.05592   0.11177   0.00000   0.07319   0.21117   0.00000   0.51492   0.05947   0.00919   0.40241   0.00500   0.14067   0.10003   0.08567   0.14354   0.07405   0.04632   0.18267   0.00672   0.08488   0.03715   0.05393   0.05944   0.25251   0.19388   0.01026   0.18656   0.00000   0.01002   0.10276   0.14600   0.13494   0.13823   0.06469   0.14541   0.08291   0.12630   0.00393   0.02218   0.05419   0.04174   0.03972   0.03634   0.07232   0.00000   0.06987   0.07309   0.07398   0.01539   0.02315   0.02802   0.07063   0.08098   2.62424   0.72228   0.43926   1.49630  
 30 811.9846  29563.631664  x:  0.00429   0.01961   0.05908   0.11017   0.00000   0.07367   0.20229   0.00000   0.52155   0.06179   0.01282   0.40003   0.00539   0.13852   0.09010   0.07928   0.14191   0.07293   0.04641   0.17779   0.00634   0.08415   0.03684   0.05187   0.05787   0.23687   0.20000   0.01038   0.18537   0.00000   0.00967   0.10229   0.14403   0.13283   0.13582   0.06329   0.14336   0.07901   0.12485   0.00370   0.02220   0.05252   0.03548   0.03781   0.03565   0.07106   0.00000   0.07054   0.07792   0.07818   0.00890   0.02398   0.03271   0.07000   0.07950   2.65407   0.73243   0.43534   1.49879  
 31 408.1269  29560.077876  x:  0.00469   0.01410   0.06108   0.10850   0.00000   0.07537   0.19659   0.00000   0.52650   0.06390   0.00957   0.39688   0.00926   0.13122   0.08363   0.07357   0.13805   0.07248   0.04617   0.17529   0.00604   0.08340   0.03697   0.05165   0.05739   0.22901   0.20633   0.01081   0.18194   0.00000   0.00891   0.10174   0.14304   0.13174   0.13354   0.06299   0.14266   0.07650   0.12406   0.00389   0.02079   0.05207   0.03895   0.03358   0.03483   0.06913   0.00000   0.06991   0.07756   0.07823   0.00960   0.02146   0.02739   0.06900   0.07845   2.68811   0.74036   0.43289   1.50119  
 32 526.5622  29555.562000  x:  0.00416   0.02254   0.06007   0.10603   0.00000   0.07753   0.19285   0.00000   0.53182   0.06247   0.00922   0.39196   0.00661   0.11830   0.08307   0.07035   0.13185   0.07221   0.04534   0.17436   0.00600   0.08228   0.03659   0.05260   0.05765   0.22480   0.21621   0.01011   0.17547   0.00000   0.00924   0.10068   0.14236   0.13114   0.13092   0.06327   0.14262   0.07688   0.12340   0.00370   0.02167   0.05233   0.04204   0.03288   0.03655   0.06752   0.00000   0.06768   0.07211   0.07556   0.01592   0.01631   0.02560   0.06817   0.07803   2.74569   0.74928   0.43122   1.50473  
 33 720.4847  29549.148921  x:  0.00415   0.01510   0.05494   0.10402   0.00000   0.07836   0.19261   0.00000   0.53676   0.05823   0.01320   0.38566   0.00622   0.10571   0.08968   0.07249   0.12544   0.07192   0.04464   0.17530   0.00622   0.08118   0.03569   0.05249   0.05756   0.22541   0.23003   0.00981   0.16744   0.00000   0.00906   0.09911   0.14192   0.13098   0.12875   0.06326   0.14261   0.07822   0.12250   0.00355   0.02026   0.05227   0.03773   0.03709   0.03617   0.06761   0.00000   0.06402   0.06612   0.07591   0.02030   0.01605   0.03275   0.06787   0.07824   2.83207   0.75731   0.43143   1.50947  
 34 1160.6651  29538.200302  x:  0.00407   0.01906   0.05343   0.10477   0.00000   0.07421   0.20035   0.00000   0.53934   0.05631   0.00508   0.37730   0.01002   0.10665   0.09916   0.08173   0.12211   0.07135   0.04527   0.17948   0.00612   0.08102   0.03579   0.04925   0.05590   0.23608   0.25274   0.01052   0.16082   0.00000   0.00884   0.09780   0.14176   0.13123   0.12869   0.06156   0.14327   0.08007   0.12182   0.00363   0.01906   0.05066   0.03136   0.03710   0.03560   0.07077   0.00000   0.05882   0.07142   0.08165   0.01471   0.02556   0.02482   0.06768   0.07738   2.98929   0.75975   0.43741   1.51690  
 35 1231.3075  29526.727824  x:  0.00434   0.01715   0.05614   0.10728   0.00000   0.06880   0.21058   0.00000   0.53889   0.05935   0.01367   0.36986   0.00242   0.11795   0.10068   0.08802   0.12322   0.07109   0.04604   0.18352   0.00570   0.08182   0.03686   0.04937   0.05579   0.25105   0.27655   0.01027   0.16021   0.00000   0.00890   0.09793   0.14193   0.13187   0.13055   0.06061   0.14369   0.07974   0.12162   0.00374   0.02252   0.05107   0.04218   0.03190   0.03518   0.07200   0.00000   0.05570   0.07933   0.07866   0.00598   0.02662   0.02347   0.06815   0.07700   3.16721   0.75516   0.44681   1.52472  
 36 2717.5521  29517.927729  x:  0.00410   0.01803   0.05999   0.10975   0.00000   0.06699   0.21670   0.00000   0.53524   0.06237   0.00744   0.36609   0.00730   0.13282   0.09345   0.08642   0.12867   0.07173   0.04621   0.18452   0.00597   0.08300   0.03698   0.05264   0.05752   0.26391   0.29325   0.01055   0.16727   0.00000   0.00923   0.09967   0.14235   0.13245   0.13329   0.06174   0.14347   0.07817   0.12227   0.00363   0.02141   0.05251   0.04385   0.03403   0.03551   0.06998   0.00000   0.05727   0.08188   0.07048   0.01052   0.02130   0.03472   0.06920   0.07794   3.30953   0.74468   0.45581   1.53064  
 37 2382.1683  29513.028837  x:  0.00439   0.01668   0.06005   0.11043   0.00000   0.07071   0.21623   0.00000   0.53031   0.06166   0.01191   0.36664   0.00512   0.13982   0.08672   0.07994   0.13491   0.07295   0.04570   0.18230   0.00613   0.08360   0.03634   0.05382   0.05872   0.27104   0.29923   0.01030   0.17677   0.00000   0.00935   0.10146   0.14303   0.13297   0.13525   0.06393   0.14287   0.07785   0.12376   0.00379   0.02227   0.05314   0.03576   0.03717   0.03520   0.06786   0.00000   0.06217   0.07522   0.07016   0.01599   0.02189   0.02789   0.06920   0.07909   3.38659   0.73307   0.46071   1.53383  
 38 1203.1740  29511.037389  x:  0.00418   0.01757   0.05855   0.10980   0.00000   0.07512   0.21124   0.00000   0.52521   0.06041   0.01105   0.36970   0.00547   0.13896   0.08800   0.07467   0.13914   0.07364   0.04561   0.17911   0.00610   0.08358   0.03695   0.05199   0.05800   0.27377   0.29791   0.00993   0.18337   0.00000   0.00936   0.10213   0.14367   0.13315   0.13568   0.06424   0.14266   0.07949   0.12486   0.00363   0.02168   0.05276   0.04026   0.03599   0.03609   0.06930   0.00000   0.06693   0.06988   0.07549   0.01427   0.02607   0.03017   0.06953   0.07999   3.42004   0.72456   0.46065   1.53578  
 39 469.7765  29509.686505  x:  0.00427   0.01742   0.05903   0.10937   0.00000   0.07742   0.20361   0.00000   0.51882   0.06223   0.01049   0.37519   0.00584   0.13435   0.09375   0.07356   0.14214   0.07374   0.04617   0.17632   0.00610   0.08368   0.03727   0.05259   0.05804   0.27491   0.29163   0.01013   0.18740   0.00000   0.00924   0.10219   0.14441   0.13339   0.13556   0.06352   0.14332   0.08121   0.12557   0.00373   0.02181   0.05316   0.03878   0.03604   0.03570   0.07157   0.00000   0.07110   0.07230   0.07410   0.01002   0.02123   0.02957   0.06983   0.08000   3.44289   0.71635   0.45663   1.53822  
 40 261.5335  29508.718957  x:  0.00429   0.01736   0.05964   0.10988   0.00000   0.07548   0.19710   0.00000   0.51151   0.06251   0.01153   0.38234   0.00559   0.13136   0.09398   0.07693   0.14246   0.07309   0.04616   0.17623   0.00623   0.08418   0.03664   0.05379   0.05891   0.27488   0.28016   0.01029   0.18730   0.00000   0.00924   0.10215   0.14496   0.13381   0.13567   0.06365   0.14447   0.08012   0.12557   0.00374   0.02208   0.05336   0.03962   0.03592   0.03535   0.07010   0.00000   0.07277   0.07766   0.07765   0.01490   0.02152   0.02967   0.06997   0.07962   3.46122   0.70916   0.44826   1.54172  
 41 190.0446  29507.569644  x:  0.00422   0.01752   0.05842   0.11083   0.00000   0.07288   0.19434   0.00000   0.50250   0.06167   0.01118   0.39120   0.00581   0.13284   0.08993   0.08062   0.13948   0.07329   0.04612   0.17912   0.00604   0.08426   0.03838   0.05110   0.05764   0.27386   0.25913   0.01016   0.18319   0.00000   0.00925   0.10213   0.14507   0.13415   0.13611   0.06439   0.14515   0.07885   0.12514   0.00370   0.02173   0.05256   0.03925   0.03610   0.03576   0.06904   0.00000   0.07115   0.07327   0.07881   0.01250   0.01828   0.02962   0.06981   0.08001   3.48307   0.70155   0.43287   1.54780  
 42 196.2118  29506.983571  x:  0.00417   0.01744   0.05852   0.11054   0.00000   0.07434   0.19701   0.00000   0.49907   0.06201   0.01101   0.39393   0.00573   0.13511   0.09014   0.07844   0.13772   0.07343   0.04596   0.18013   0.00604   0.08359   0.03492   0.05413   0.05862   0.27249   0.24466   0.01006   0.18153   0.00000   0.00923   0.10189   0.14460   0.13373   0.13585   0.06346   0.14442   0.07957   0.12492   0.00367   0.02166   0.05343   0.03907   0.03576   0.03575   0.07058   0.00000   0.06931   0.07223   0.07940   0.01188   0.01846   0.02963   0.06959   0.07977   3.49463   0.69886   0.42323   1.55192  
 43 199.2497  29506.595292  x:  0.00417   0.01724   0.05895   0.10984   0.00000   0.07593   0.20089   0.00000   0.49820   0.06203   0.01122   0.39382   0.00545   0.13611   0.09168   0.07562   0.13750   0.07330   0.04588   0.17988   0.00599   0.08341   0.03816   0.05355   0.05857   0.27113   0.23249   0.01005   0.18159   0.00000   0.00921   0.10169   0.14405   0.13325   0.13547   0.06305   0.14346   0.08021   0.12484   0.00368   0.02177   0.05324   0.03891   0.03597   0.03559   0.07072   0.00000   0.06805   0.07351   0.07877   0.01327   0.01911   0.02960   0.06951   0.07946   3.50265   0.69730   0.41668   1.55527  
 44 189.9640  29506.355891  x:  0.00418   0.01720   0.05899   0.10938   0.00000   0.07565   0.20370   0.00000   0.49938   0.06158   0.01117   0.39171   0.00540   0.13502   0.09219   0.07528   0.13873   0.07314   0.04600   0.17881   0.00604   0.08359   0.03626   0.05118   0.05765   0.27027   0.22313   0.01003   0.18272   0.00000   0.00918   0.10167   0.14380   0.13311   0.13527   0.06370   0.14303   0.07990   0.12484   0.00368   0.02177   0.05252   0.03906   0.03584   0.03556   0.06934   0.00000   0.06788   0.07423   0.07730   0.01351   0.01961   0.02957   0.06957   0.07948   3.50758   0.69583   0.41393   1.55771  
 45 120.9640  29506.129482  x:  0.00416   0.01738   0.05872   0.10934   0.00000   0.07402   0.20548   0.00000   0.50222   0.06135   0.01093   0.38792   0.00560   0.13275   0.09128   0.07683   0.14044   0.07300   0.04584   0.17749   0.00602   0.08381   0.03701   0.05318   0.05816   0.26950   0.21235   0.01004   0.18414   0.00000   0.00917   0.10173   0.14382   0.13316   0.13514   0.06400   0.14315   0.07916   0.12481   0.00367   0.02167   0.05284   0.03909   0.03575   0.03562   0.06895   0.00000   0.06844   0.07358   0.07611   0.01240   0.02113   0.02956   0.06954   0.07959   3.51239   0.69416   0.41292   1.56056  
 46 111.9217  29506.028621  x:  0.00415   0.01734   0.05876   0.11002   0.00000   0.07406   0.20432   0.00000   0.50474   0.06166   0.01109   0.38584   0.00562   0.13291   0.09062   0.07735   0.13987   0.07329   0.04598   0.17794   0.00602   0.08357   0.03696   0.05235   0.05832   0.26928   0.20625   0.01005   0.18384   0.00000   0.00917   0.10180   0.14427   0.13341   0.13537   0.06305   0.14386   0.07966   0.12488   0.00367   0.02170   0.05323   0.03911   0.03576   0.03557   0.07108   0.00000   0.06914   0.07357   0.07560   0.01304   0.02152   0.02958   0.06956   0.07954   3.51459   0.69328   0.41454   1.56246  
 47 53.5440  29505.950870  x:  0.00416   0.01733   0.05878   0.11037   0.00000   0.07494   0.20243   0.00000   0.50721   0.06155   0.01107   0.38480   0.00557   0.13398   0.09128   0.07702   0.13867   0.07333   0.04595   0.17905   0.00601   0.08366   0.03698   0.05285   0.05810   0.26937   0.20096   0.01005   0.18302   0.00000   0.00918   0.10187   0.14468   0.13378   0.13580   0.06360   0.14441   0.08004   0.12507   0.00368   0.02173   0.05273   0.03914   0.03586   0.03561   0.06986   0.00000   0.06961   0.07382   0.07570   0.01279   0.02157   0.02962   0.06968   0.07966   3.51627   0.69303   0.41723   1.56462  
 48 52.1964  29505.917999  x:  0.00416   0.01739   0.05872   0.10974   0.00000   0.07488   0.20203   0.00000   0.50812   0.06171   0.01103   0.38591   0.00556   0.13413   0.09159   0.07680   0.13892   0.07318   0.04615   0.17937   0.00599   0.08400   0.03698   0.05249   0.05861   0.26988   0.19849   0.01008   0.18303   0.00000   0.00917   0.10192   0.14446   0.13368   0.13568   0.06379   0.14395   0.07936   0.12516   0.00368   0.02171   0.05376   0.03910   0.03584   0.03558   0.06971   0.00000   0.06921   0.07371   0.07632   0.01272   0.02110   0.02961   0.06964   0.07972   3.51696   0.69412   0.41946   1.56670  
 49 22.1147  29505.877211  x:  0.00418   0.01735   0.05889   0.10929   0.00000   0.07469   0.20197   0.00000   0.50888   0.06168   0.01103   0.38789   0.00554   0.13401   0.09147   0.07678   0.13955   0.07314   0.04599   0.17931   0.00601   0.08393   0.03695   0.05278   0.05819   0.27063   0.19551   0.01010   0.18333   0.00000   0.00918   0.10192   0.14413   0.13344   0.13543   0.06358   0.14337   0.07920   0.12514   0.00368   0.02176   0.05270   0.03910   0.03586   0.03558   0.07018   0.00000   0.06859   0.07360   0.07713   0.01292   0.02025   0.02959   0.06960   0.07969   3.51777   0.69603   0.42263   1.57011  
 50 44.5846  29505.853499  x:  0.00416   0.01730   0.05890   0.11000   0.00000   0.07475   0.20224   0.00000   0.50856   0.06149   0.01102   0.38880   0.00556   0.13386   0.09111   0.07691   0.13963   0.07334   0.04589   0.17862   0.00602   0.08342   0.03697   0.05271   0.05806   0.27086   0.19415   0.01007   0.18353   0.00000   0.00917   0.10180   0.14415   0.13337   0.13544   0.06350   0.14357   0.08023   0.12491   0.00368   0.02173   0.05317   0.03908   0.03583   0.03557   0.06977   0.00000   0.06861   0.07371   0.07744   0.01284   0.01997   0.02959   0.06964   0.07954   3.51815   0.69739   0.42442   1.57309  
 51 26.1390  29505.814166  x:  0.00417   0.01733   0.05842   0.11082   0.00000   0.07470   0.20269   0.00000   0.50664   0.06183   0.01100   0.38897   0.00554   0.13395   0.09128   0.07678   0.13896   0.07311   0.04613   0.17735   0.00602   0.08384   0.03693   0.05253   0.05885   0.27049   0.19287   0.01004   0.18346   0.00000   0.00916   0.10164   0.14442   0.13348   0.13566   0.06377   0.14435   0.07974   0.12466   0.00368   0.02175   0.05262   0.03907   0.03583   0.03556   0.06988   0.00000   0.06930   0.07358   0.07722   0.01282   0.02012   0.02957   0.06950   0.07964   3.51853   0.69896   0.42712   1.57996  
 52 24.4785  29505.745287  x:  0.00416   0.01733   0.05882   0.11035   0.00000   0.07453   0.20288   0.00000   0.50301   0.06156   0.01104   0.38823   0.00551   0.13409   0.09160   0.07677   0.13823   0.07282   0.04574   0.17660   0.00603   0.08398   0.03691   0.05279   0.05725   0.26949   0.19146   0.01004   0.18306   0.00000   0.00914   0.10158   0.14452   0.13350   0.13562   0.06338   0.14465   0.07872   0.12468   0.00367   0.02173   0.05326   0.03901   0.03579   0.03554   0.07001   0.00000   0.07014   0.07331   0.07647   0.01295   0.02071   0.02953   0.06951   0.07961   3.51898   0.70024   0.43151   1.59314  
 53 64.9942  29505.606591  x:  0.00416   0.01723   0.05925   0.10807   0.00000   0.07440   0.20234   0.00000   0.49676   0.06137   0.01109   0.38595   0.00557   0.13384   0.09118   0.07720   0.13842   0.07336   0.04600   0.17767   0.00598   0.08293   0.03689   0.05244   0.05845   0.26752   0.18975   0.01012   0.18239   0.00000   0.00912   0.10164   0.14391   0.13316   0.13502   0.06298   0.14324   0.07966   0.12500   0.00368   0.02172   0.05270   0.03898   0.03574   0.03554   0.06945   0.00000   0.07033   0.07321   0.07509   0.01274   0.02184   0.02951   0.06949   0.07923   3.51966   0.70105   0.43928   1.62125  
 54 118.2180  29505.447668  x:  0.00416   0.01730   0.05781   0.10951   0.00000   0.07467   0.20138   0.00000   0.49366   0.06268   0.01117   0.38407   0.00568   0.13310   0.09078   0.07674   0.13979   0.07271   0.04533   0.17979   0.00597   0.08391   0.03685   0.05255   0.05765   0.26637   0.18937   0.01008   0.18277   0.00000   0.00910   0.10157   0.14322   0.13284   0.13492   0.06466   0.14202   0.08058   0.12457   0.00369   0.02175   0.05293   0.03894   0.03569   0.03546   0.07008   0.00000   0.06843   0.07356   0.07465   0.01282   0.02232   0.02947   0.06922   0.07966   3.52019   0.70044   0.44541   1.65532  
 55 122.5739  29505.057976  x:  0.00416   0.01724   0.05971   0.11361   0.00000   0.07514   0.19974   0.00000   0.49213   0.06063   0.01118   0.38175   0.00560   0.13230   0.09169   0.07563   0.14197   0.07289   0.04708   0.18186   0.00582   0.08448   0.03682   0.05259   0.05807   0.26568   0.19032   0.00985   0.18435   0.00000   0.00906   0.10134   0.14314   0.13244   0.13500   0.06279   0.14250   0.07893   0.12367   0.00367   0.02171   0.05278   0.03888   0.03570   0.03540   0.06957   0.00000   0.06434   0.07278   0.07493   0.01277   0.02196   0.02939   0.06959   0.07960   3.52117   0.69662   0.45715   1.74076  
 56 270.1557  29503.713865  x:  0.00415   0.01723   0.05754   0.11089   0.00000   0.07546   0.19874   0.00000   0.49694   0.06286   0.01099   0.37948   0.00547   0.13366   0.09249   0.07567   0.14224   0.07311   0.04196   0.17900   0.00612   0.08004   0.03688   0.05182   0.05899   0.26724   0.19608   0.00982   0.18685   0.00000   0.00884   0.10132   0.14550   0.13357   0.13611   0.06132   0.14641   0.07708   0.12479   0.00369   0.02189   0.05257   0.03860   0.03564   0.03493   0.06846   0.00000   0.06122   0.07230   0.07767   0.01297   0.01941   0.02936   0.06935   0.07825   3.52418   0.67975   0.49305   2.03544  
 57 645.3289  29502.581834  x:  0.00413   0.01692   0.05820   0.10659   0.00000   0.07533   0.19897   0.00000   0.50289   0.06267   0.01103   0.37918   0.00538   0.13493   0.09161   0.07668   0.14113   0.07465   0.04795   0.17574   0.00581   0.08236   0.03704   0.05281   0.05699   0.26951   0.20145   0.00993   0.18704   0.00000   0.00859   0.10182   0.14610   0.13434   0.13651   0.06467   0.14686   0.07998   0.12598   0.00373   0.02198   0.05289   0.03850   0.03556   0.03441   0.06985   0.00000   0.06450   0.07228   0.07952   0.01367   0.01793   0.02929   0.06940   0.07957   3.52679   0.66604   0.52271   2.29113  
 58 2004.1034  29502.201963  x:  0.00411   0.01671   0.06025   0.10730   0.00000   0.07558   0.19952   0.00000   0.50566   0.06115   0.01090   0.38038   0.00534   0.13482   0.09139   0.07715   0.14075   0.07305   0.04541   0.17638   0.00588   0.08514   0.03691   0.05233   0.05816   0.27088   0.20335   0.00985   0.18616   0.00000   0.00852   0.10250   0.14497   0.13395   0.13589   0.06442   0.14431   0.08115   0.12617   0.00373   0.02199   0.05282   0.03844   0.03537   0.03426   0.07008   0.00000   0.06993   0.07200   0.07863   0.01339   0.01850   0.02923   0.07002   0.08063   3.52768   0.66219   0.53189   2.37529  
 59 748.6493  29502.074236  x:  0.00411   0.01686   0.05915   0.10862   0.00000   0.07568   0.19979   0.00000   0.50697   0.06199   0.01085   0.38165   0.00529   0.13454   0.09163   0.07701   0.14114   0.07373   0.04610   0.17797   0.00583   0.08395   0.03693   0.05241   0.05769   0.27168   0.20403   0.00978   0.18577   0.00000   0.00851   0.10266   0.14425   0.13366   0.13559   0.06358   0.14262   0.08003   0.12606   0.00372   0.02202   0.05273   0.03844   0.03534   0.03422   0.06953   0.00000   0.07353   0.07186   0.07711   0.01346   0.01981   0.02922   0.06980   0.07999   3.52802   0.66145   0.53462   2.40327  
 60 239.5761  29502.055401  x:  0.00411   0.01683   0.05949   0.10849   0.00000   0.07553   0.19949   0.00000   0.50726   0.06167   0.01085   0.38219   0.00527   0.13453   0.09168   0.07678   0.14151   0.07380   0.04598   0.17853   0.00583   0.08336   0.03694   0.05238   0.05775   0.27192   0.20413   0.00977   0.18592   0.00000   0.00851   0.10236   0.14444   0.13378   0.13585   0.06435   0.14309   0.07986   0.12594   0.00372   0.02201   0.05275   0.03843   0.03530   0.03422   0.06987   0.00000   0.07389   0.07185   0.07612   0.01341   0.02068   0.02923   0.06976   0.07995   3.52810   0.66184   0.53473   2.40702  
 61 32.2604  29502.043469  x:  0.00410   0.01682   0.05928   0.10808   0.00000   0.07553   0.19910   0.00000   0.50749   0.06179   0.01085   0.38275   0.00526   0.13459   0.09157   0.07670   0.14176   0.07370   0.04602   0.17872   0.00581   0.08381   0.03691   0.05238   0.05769   0.27215   0.20419   0.00976   0.18610   0.00000   0.00851   0.10225   0.14470   0.13381   0.13590   0.06387   0.14364   0.08013   0.12591   0.00372   0.02201   0.05272   0.03842   0.03528   0.03424   0.06967   0.00000   0.07368   0.07179   0.07501   0.01338   0.02166   0.02923   0.06980   0.08009   3.52818   0.66219   0.53471   2.40885  
 62 15.7867  29502.027332  x:  0.00410   0.01684   0.05935   0.10828   0.00000   0.07587   0.19854   0.00000   0.50771   0.06173   0.01086   0.38332   0.00525   0.13468   0.09154   0.07699   0.14131   0.07368   0.04602   0.17778   0.00583   0.08379   0.03692   0.05237   0.05770   0.27237   0.20424   0.00974   0.18600   0.00000   0.00850   0.10284   0.14442   0.13366   0.13560   0.06409   0.14313   0.08004   0.12607   0.00372   0.02201   0.05272   0.03843   0.03526   0.03425   0.06972   0.00000   0.07279   0.07175   0.07375   0.01335   0.02277   0.02926   0.06961   0.07977   3.52832   0.66197   0.53490   2.40972  
 63  5.6635  29501.991499  x:  0.00410   0.01686   0.05927   0.10847   0.00000   0.07520   0.19812   0.00000   0.50784   0.06185   0.01086   0.38354   0.00523   0.13474   0.09163   0.07663   0.14075   0.07380   0.04602   0.17696   0.00584   0.08332   0.03693   0.05237   0.05772   0.27246   0.20428   0.00974   0.18579   0.00000   0.00853   0.10187   0.14401   0.13351   0.13557   0.06403   0.14235   0.08002   0.12588   0.00372   0.02200   0.05271   0.03841   0.03524   0.03422   0.06970   0.00000   0.07223   0.07176   0.07311   0.01339   0.02336   0.02917   0.07056   0.08091   3.52870   0.66163   0.53511   2.41003  
 64  5.3634  29501.500617  x:  0.00406   0.01682   0.05952   0.10825   0.00000   0.07340   0.19679   0.00000   0.50792   0.06136   0.01078   0.38239   0.00509   0.13484   0.09175   0.07556   0.13999   0.07369   0.04568   0.17512   0.00577   0.08423   0.03682   0.05225   0.05761   0.27243   0.20460   0.00962   0.18468   0.00000   0.00855   0.09608   0.14306   0.13360   0.13702   0.06327   0.14002   0.08058   0.12380   0.00371   0.02190   0.05263   0.03820   0.03501   0.03377   0.06926   0.00000   0.07173   0.07130   0.07257   0.01344   0.02364   0.02941   0.06557   0.07909   3.53423   0.66179   0.53531   2.41034  
 65  7.7999  29494.524499  x:  0.00361   0.01646   0.05737   0.10464   0.00000   0.07702   0.18412   0.00000   0.50524   0.06106   0.01001   0.36047   0.00379   0.13589   0.09090   0.07844   0.14251   0.07045   0.04529   0.16564   0.00500   0.08525   0.03623   0.05144   0.05655   0.26951   0.20836   0.00732   0.17621   0.00000   0.00602   0.09148   0.13956   0.13390   0.14358   0.06236   0.13131   0.07861   0.11271   0.00352   0.02134   0.05133   0.03637   0.03224   0.02753   0.06881   0.00000   0.07136   0.06795   0.07534   0.01456   0.01942   0.02927   0.07612   0.06651   3.61024   0.68724   0.52627   2.41326  
 66 77.0043  29488.855190  x:  0.00305   0.01603   0.05628   0.10442   0.00000   0.07531   0.17354   0.00000   0.50274   0.05940   0.00947   0.34196   0.00264   0.13776   0.09213   0.07940   0.14266   0.07008   0.04449   0.16059   0.00438   0.07992   0.03582   0.05073   0.05567   0.26680   0.21141   0.00558   0.17307   0.00000   0.00354   0.09796   0.13608   0.12963   0.13843   0.06021   0.12965   0.07746   0.11439   0.00339   0.02074   0.05073   0.03487   0.02981   0.02227   0.06736   0.00000   0.07178   0.06738   0.07840   0.01540   0.01540   0.02923   0.06586   0.07873   3.67273   0.71034   0.51773   2.41571  
 67 605.5139  29488.084181  x:  0.00293   0.01579   0.05575   0.10533   0.00000   0.07150   0.17203   0.00000   0.50246   0.05936   0.00943   0.33949   0.00238   0.13879   0.09285   0.07824   0.13996   0.06980   0.04438   0.16132   0.00424   0.08047   0.03568   0.05061   0.05553   0.26642   0.21183   0.00540   0.17569   0.00000   0.00335   0.09614   0.13467   0.12567   0.13029   0.06138   0.13203   0.07833   0.11847   0.00337   0.02062   0.05053   0.03454   0.02952   0.02165   0.06723   0.00000   0.07228   0.06647   0.07894   0.01563   0.01481   0.02927   0.06672   0.07548   3.68118   0.71305   0.51677   2.41599  
 68 142.9206  29488.052905  x:  0.00294   0.01582   0.05575   0.10509   0.00000   0.07256   0.17210   0.00000   0.50246   0.05935   0.00942   0.33940   0.00239   0.13885   0.09262   0.07906   0.13931   0.06977   0.04440   0.16163   0.00423   0.08039   0.03569   0.05059   0.05552   0.26643   0.21185   0.00536   0.17659   0.00000   0.00337   0.09539   0.13463   0.12522   0.12917   0.06154   0.13221   0.07800   0.11750   0.00337   0.02063   0.05053   0.03456   0.02952   0.02160   0.06722   0.00000   0.07236   0.06656   0.07895   0.01559   0.01476   0.02927   0.06667   0.07581   3.68153   0.71311   0.51676   2.41601  
 69 25.5822  29488.050864  x:  0.00295   0.01582   0.05576   0.10502   0.00000   0.07237   0.17208   0.00000   0.50246   0.05936   0.00942   0.33939   0.00238   0.13882   0.09267   0.07903   0.13897   0.06976   0.04441   0.16174   0.00423   0.08038   0.03569   0.05059   0.05552   0.26643   0.21185   0.00536   0.17698   0.00000   0.00335   0.09561   0.13465   0.12524   0.12925   0.06152   0.13211   0.07806   0.11719   0.00337   0.02063   0.05053   0.03456   0.02951   0.02160   0.06722   0.00000   0.07236   0.06654   0.07896   0.01559   0.01476   0.02926   0.06665   0.07577   3.68155   0.71314   0.51674   2.41604  
 70  5.1092  29488.048976  x:  0.00294   0.01582   0.05577   0.10504   0.00000   0.07245   0.17208   0.00000   0.50244   0.05935   0.00942   0.33938   0.00239   0.13877   0.09265   0.07916   0.13874   0.06982   0.04440   0.16183   0.00422   0.08041   0.03569   0.05058   0.05552   0.26643   0.21185   0.00536   0.17730   0.00000   0.00336   0.09549   0.13462   0.12532   0.12953   0.06149   0.13198   0.07802   0.11753   0.00337   0.02063   0.05053   0.03457   0.02951   0.02160   0.06722   0.00000   0.07233   0.06656   0.07896   0.01558   0.01475   0.02926   0.06667   0.07578   3.68158   0.71325   0.51668   2.41613  
 71  1.3517  29487.944241  x:  0.00291   0.01584   0.05586   0.10506   0.00000   0.07261   0.17239   0.00000   0.50229   0.05948   0.00937   0.33966   0.00243   0.13865   0.09246   0.07934   0.13850   0.06666   0.04542   0.16212   0.00422   0.07930   0.03571   0.05057   0.05546   0.26647   0.21164   0.00519   0.17755   0.00000   0.00342   0.09538   0.13401   0.12530   0.13000   0.06126   0.13227   0.07829   0.11808   0.00336   0.02063   0.05051   0.03462   0.02967   0.02138   0.06713   0.00000   0.07219   0.06636   0.07888   0.01559   0.01485   0.02924   0.06656   0.07577   3.68311   0.71252   0.51681   2.42192  
 72  0.8815  29485.802172  x:  0.00257   0.01675   0.05769   0.10579   0.00000   0.07215   0.17733   0.00000   0.49870   0.06152   0.00860   0.34461   0.00320   0.13722   0.09280   0.07976   0.13775   0.07028   0.04417   0.16530   0.00408   0.08013   0.03567   0.05028   0.05552   0.26655   0.20746   0.00224   0.17702   0.00000   0.00434   0.09722   0.12995   0.12474   0.13134   0.06129   0.13720   0.07796   0.11810   0.00338   0.02070   0.05038   0.03595   0.03291   0.01697   0.06696   0.00000   0.06886   0.06661   0.07782   0.01544   0.01737   0.02880   0.06657   0.07637   3.71378   0.70035   0.51825   2.53796  
 73 84.5183  29485.578818  x:  0.00252   0.01688   0.05808   0.10642   0.00000   0.07187   0.17782   0.00000   0.49826   0.06172   0.00850   0.34513   0.00328   0.13731   0.09281   0.07984   0.13791   0.06988   0.04431   0.16555   0.00406   0.07998   0.03568   0.05026   0.05551   0.26654   0.20700   0.00188   0.17697   0.00000   0.00431   0.09692   0.13595   0.12595   0.12962   0.06143   0.13480   0.07796   0.11875   0.00338   0.02072   0.05038   0.03607   0.03325   0.01650   0.06693   0.00000   0.06831   0.06656   0.07770   0.01544   0.01763   0.02876   0.06654   0.07647   3.71714   0.69946   0.51819   2.55070  
 74 117.0716  29485.578680  x:  0.00252   0.01688   0.05808   0.10643   0.00000   0.07187   0.17782   0.00000   0.49826   0.06172   0.00850   0.34513   0.00328   0.13732   0.09281   0.07983   0.13791   0.06988   0.04431   0.16555   0.00406   0.07998   0.03568   0.05026   0.05551   0.26654   0.20700   0.00188   0.17698   0.00000   0.00431   0.09691   0.13591   0.12611   0.12956   0.06142   0.13480   0.07797   0.11876   0.00338   0.02072   0.05038   0.03607   0.03325   0.01650   0.06693   0.00000   0.06831   0.06656   0.07770   0.01544   0.01763   0.02876   0.06654   0.07647   3.71714   0.69946   0.51818   2.55072  
 75  0.9841  29485.349179  x:  0.00289   0.01697   0.05903   0.10687   0.00000   0.07204   0.17940   0.00000   0.49814   0.06296   0.00828   0.34921   0.00257   0.13637   0.09319   0.07977   0.13826   0.07056   0.04436   0.16672   0.00429   0.08028   0.03582   0.05048   0.05577   0.26635   0.20661   0.00255   0.17767   0.00000   0.00406   0.09743   0.13706   0.12680   0.12969   0.06177   0.13565   0.07835   0.11944   0.00375   0.02119   0.05057   0.03646   0.03384   0.01727   0.06700   0.00000   0.06790   0.06644   0.07865   0.01544   0.01707   0.02902   0.06675   0.07702   3.70596   0.69391   0.52189   2.59377  
 76  0.0805  29485.242921  x:  0.00309   0.01695   0.05922   0.10712   0.00000   0.07229   0.17906   0.00000   0.49852   0.06340   0.00876   0.34965   0.00328   0.13568   0.09339   0.07976   0.13841   0.07072   0.04440   0.16647   0.00434   0.08036   0.03585   0.05055   0.05585   0.26599   0.20755   0.00215   0.17783   0.00000   0.00376   0.09735   0.13674   0.12661   0.12984   0.06187   0.13581   0.07856   0.11938   0.00423   0.02107   0.05066   0.03654   0.03386   0.01715   0.06705   0.00000   0.06798   0.06628   0.07923   0.01531   0.01681   0.02895   0.06680   0.07711   3.69417   0.69185   0.52878   2.66280  
 77  0.0461  29485.188667  x:  0.00303   0.01681   0.05896   0.10701   0.00000   0.07225   0.17864   0.00000   0.49848   0.06309   0.00852   0.34830   0.00280   0.13591   0.09310   0.07952   0.13837   0.07054   0.04437   0.16601   0.00434   0.08026   0.03579   0.05052   0.05580   0.26591   0.20752   0.00177   0.17780   0.00000   0.00390   0.09724   0.13646   0.12629   0.12976   0.06177   0.13550   0.07838   0.11918   0.00456   0.02109   0.05061   0.03649   0.03399   0.01735   0.06698   0.00000   0.06810   0.06647   0.07880   0.01524   0.01701   0.02899   0.06670   0.07697   3.69191   0.69238   0.53268   2.70166  
 78  0.0342  29485.148385  x:  0.00292   0.01676   0.05872   0.10681   0.00000   0.07208   0.17875   0.00000   0.49834   0.06271   0.00846   0.34756   0.00283   0.13644   0.09296   0.07947   0.13832   0.07038   0.04434   0.16592   0.00432   0.08020   0.03577   0.05047   0.05574   0.26599   0.20707   0.00225   0.17762   0.00000   0.00384   0.09716   0.13664   0.12635   0.12961   0.06168   0.13519   0.07824   0.11912   0.00492   0.02084   0.05053   0.03638   0.03383   0.01710   0.06696   0.00000   0.06806   0.06663   0.07840   0.01521   0.01719   0.02884   0.06663   0.07684   3.69346   0.69277   0.53578   2.72742  
 79  0.0266  29485.132557  x:  0.00272   0.01685   0.05875   0.10696   0.00000   0.07211   0.17896   0.00000   0.49812   0.06274   0.00855   0.34861   0.00288   0.13641   0.09313   0.07967   0.13828   0.07047   0.04434   0.16629   0.00429   0.08023   0.03581   0.05047   0.05576   0.26605   0.20693   0.00216   0.17763   0.00000   0.00400   0.09723   0.13670   0.12651   0.12969   0.06171   0.13548   0.07833   0.11928   0.00508   0.02074   0.05055   0.03639   0.03358   0.01732   0.06700   0.00000   0.06785   0.06638   0.07874   0.01526   0.01689   0.02881   0.06667   0.07693   3.69769   0.69184   0.53664   2.73287  
 80  0.0057  29485.129432  x:  0.00265   0.01683   0.05885   0.10698   0.00000   0.07217   0.17892   0.00000   0.49828   0.06290   0.00854   0.34854   0.00286   0.13614   0.09317   0.07965   0.13829   0.07049   0.04436   0.16621   0.00431   0.08025   0.03581   0.05050   0.05579   0.26605   0.20723   0.00212   0.17764   0.00000   0.00395   0.09723   0.13663   0.12650   0.12975   0.06173   0.13551   0.07838   0.11928   0.00513   0.02074   0.05058   0.03641   0.03365   0.01719   0.06699   0.00000   0.06787   0.06651   0.07874   0.01532   0.01699   0.02885   0.06670   0.07694   3.70011   0.69191   0.53561   2.72281  
 81  0.0072  29485.128227  x:  0.00264   0.01682   0.05886   0.10695   0.00000   0.07215   0.17891   0.00000   0.49841   0.06290   0.00852   0.34841   0.00290   0.13615   0.09314   0.07962   0.13829   0.07049   0.04436   0.16620   0.00433   0.08025   0.03580   0.05049   0.05578   0.26606   0.20728   0.00214   0.17765   0.00000   0.00396   0.09724   0.13666   0.12648   0.12969   0.06173   0.13546   0.07838   0.11930   0.00515   0.02075   0.05057   0.03643   0.03375   0.01727   0.06700   0.00000   0.06797   0.06648   0.07869   0.01531   0.01704   0.02884   0.06668   0.07695   3.69966   0.69249   0.53358   2.70374  
 82  0.0122  29485.127708  x:  0.00264   0.01682   0.05885   0.10694   0.00000   0.07215   0.17891   0.00000   0.49836   0.06286   0.00853   0.34848   0.00287   0.13623   0.09314   0.07965   0.13830   0.07048   0.04436   0.16624   0.00432   0.08025   0.03580   0.05048   0.05577   0.26601   0.20716   0.00214   0.17765   0.00000   0.00393   0.09724   0.13668   0.12650   0.12972   0.06173   0.13547   0.07837   0.11930   0.00517   0.02077   0.05056   0.03641   0.03371   0.01724   0.06700   0.00000   0.06797   0.06643   0.07869   0.01530   0.01699   0.02882   0.06669   0.07695   3.69898   0.69261   0.53235   2.69293  
 83  0.0080  29485.127629  x:  0.00265   0.01683   0.05884   0.10695   0.00000   0.07215   0.17891   0.00000   0.49833   0.06286   0.00853   0.34851   0.00288   0.13623   0.09314   0.07964   0.13830   0.07049   0.04436   0.16623   0.00431   0.08025   0.03580   0.05049   0.05578   0.26607   0.20717   0.00213   0.17766   0.00000   0.00394   0.09725   0.13668   0.12650   0.12972   0.06173   0.13548   0.07837   0.11931   0.00517   0.02077   0.05057   0.03642   0.03369   0.01723   0.06700   0.00000   0.06796   0.06648   0.07869   0.01529   0.01701   0.02883   0.06669   0.07695   3.69854   0.69263   0.53222   2.69117  
 84  0.0016  29485.127624  x:  0.00265   0.01683   0.05884   0.10695   0.00000   0.07215   0.17892   0.00000   0.49834   0.06286   0.00853   0.34850   0.00288   0.13623   0.09314   0.07964   0.13830   0.07049   0.04436   0.16623   0.00431   0.08025   0.03581   0.05049   0.05578   0.26607   0.20717   0.00213   0.17766   0.00000   0.00395   0.09725   0.13668   0.12650   0.12972   0.06173   0.13548   0.07837   0.11931   0.00517   0.02077   0.05057   0.03642   0.03370   0.01723   0.06700   0.00000   0.06797   0.06647   0.07870   0.01530   0.01701   0.02883   0.06669   0.07695   3.69851   0.69264   0.53225   2.69126  
 85  0.0001  29485.127622  x:  0.00265   0.01683   0.05884   0.10695   0.00000   0.07215   0.17892   0.00000   0.49834   0.06286   0.00853   0.34850   0.00288   0.13622   0.09314   0.07964   0.13830   0.07049   0.04436   0.16624   0.00431   0.08025   0.03580   0.05049   0.05578   0.26607   0.20717   0.00213   0.17766   0.00000   0.00395   0.09725   0.13668   0.12650   0.12972   0.06173   0.13548   0.07837   0.11931   0.00517   0.02076   0.05057   0.03641   0.03370   0.01723   0.06700   0.00000   0.06797   0.06647   0.07869   0.01530   0.01701   0.02883   0.06669   0.07695   3.69853   0.69264   0.53224   2.69115  
 86  0.0001  29485.127622  x:  0.00265   0.01683   0.05884   0.10695   0.00000   0.07215   0.17892   0.00000   0.49834   0.06286   0.00853   0.34850   0.00288   0.13623   0.09314   0.07964   0.13830   0.07049   0.04436   0.16624   0.00431   0.08025   0.03580   0.05049   0.05578   0.26607   0.20717   0.00213   0.17766   0.00000   0.00395   0.09725   0.13668   0.12650   0.12972   0.06173   0.13548   0.07837   0.11931   0.00517   0.02076   0.05057   0.03641   0.03370   0.01723   0.06700   0.00000   0.06797   0.06647   0.07869   0.01530   0.01701   0.02883   0.06669   0.07695   3.69854   0.69264   0.53223   2.69110  
 87  0.0001  29485.127622  x:  0.00265   0.01683   0.05884   0.10695   0.00000   0.07215   0.17892   0.00000   0.49834   0.06286   0.00853   0.34850   0.00288   0.13623   0.09314   0.07964   0.13830   0.07049   0.04436   0.16624   0.00431   0.08025   0.03580   0.05049   0.05578   0.26607   0.20717   0.00213   0.17766   0.00000   0.00395   0.09725   0.13668   0.12650   0.12972   0.06173   0.13548   0.07837   0.11931   0.00517   0.02076   0.05057   0.03641   0.03370   0.01723   0.06700   0.00000   0.06797   0.06647   0.07869   0.01530   0.01701   0.02883   0.06669   0.07695   3.69854   0.69264   0.53223   2.69110  
 88  0.0000  29485.127622  x:  0.00265   0.01683   0.05884   0.10695   0.00000   0.07215   0.17892   0.00000   0.49834   0.06286   0.00853   0.34850   0.00288   0.13623   0.09314   0.07964   0.13830   0.07049   0.04436   0.16624   0.00431   0.08025   0.03580   0.05049   0.05578   0.26607   0.20717   0.00213   0.17766   0.00000   0.00395   0.09725   0.13668   0.12650   0.12972   0.06173   0.13548   0.07837   0.11931   0.00517   0.02076   0.05057   0.03641   0.03370   0.01723   0.06700   0.00000   0.06797   0.06647   0.07869   0.01530   0.01701   0.02883   0.06669   0.07695   3.69854   0.69264   0.53223   2.69110  