

TREE # 1

  0  0.0000  14434.346136  x:  0.00754   0.01398   0.00270   0.02650   0.01673   0.04876   0.06832   0.16249   0.01867   0.01136   0.05198   0.06775   0.08319   0.01858   0.02583   0.01468   0.11469   0.07850   0.01156   0.08950   0.30089   0.12497   0.08365   0.00734   0.00000   0.01203   0.00706  
  1 99.0000  12218.277535  x:  0.07361   0.01907   0.04656 
  1 99.0000  14431.268215  x:  0.00753   0.01401   0.00296   0.02650   0.01676   0.04877   0.06834   0.16250   0.01874   0.01142   0.05200   0.06777   0.08320   0.01860   0.02585   0.01471   0.11471   0.07853   0.01168   0.08950   0.30089   0.12498   0.08367   0.00730   0.00218   0.01206   0.00705   0.00371   0.00129   1.88752   0.90010   0.88682   1.03443  
  2 19286.6835  14410.179434  x:  0.00680   0.01578   0.01281   0.02669   0.01795   0.04937   0.06936   0.16304   0.02198   0.01425   0.05304   0.06860   0.08379   0.01946   0.02693   0.01625   0.11533   0.07964   0.01766   0.08996   0.30085   0.12542   0.08437   0.00486   0.00198   0.01335   0.00582   0.00042   0.00349   1.88858   0.90511   0.88333   1.03690  
  3 2876.7091  14398.411179  x:  0.00581   0.01828   0.02304   0.02684   0.01968   0.05032   0.07103   0.16394   0.02684   0.01820   0.05474   0.06997   0.08480   0.02077   0.02860   0.01852   0.11637   0.08148   0.02635   0.09057   0.30078   0.12617   0.08555   0.00195   0.00178   0.01514   0.00436   0.00791   0.00424   1.89039   0.91362   0.87735   1.04110  
  4 6843.8707  14379.003294  x:  0.00577   0.02007   0.02576   0.02664   0.02113   0.05137   0.07308   0.16517   0.03122   0.02081   0.05677   0.07169   0.08613   0.02194   0.03027   0.02034   0.11775   0.08380   0.03378   0.09094   0.30068   0.12722   0.08709   0.00924   0.00168   0.01616   0.00567   0.00916   0.00041   1.89286   0.92529   0.86895   1.04692  
  5 3410.4431  14326.982706  x:  0.00672   0.02766   0.02282   0.02479   0.02818   0.05749   0.08537   0.17298   0.05398   0.03166   0.06888   0.08223   0.09449   0.02786   0.03932   0.02900   0.12644   0.09794   0.07188   0.09226   0.30008   0.13392   0.09668   0.04614   0.00140   0.01991   0.01396   0.01612   0.02201   1.90859   0.99999   0.81450   1.08432  
  6 9797.2997  14249.934348  x:  0.00310   0.02577   0.00693   0.02502   0.02856   0.06160   0.09548   0.18186   0.06609   0.03046   0.07786   0.09129   0.10263   0.02756   0.04205   0.02943   0.13560   0.11064   0.09767   0.09079   0.30027   0.14132   0.10639   0.04322   0.00179   0.01735   0.00093   0.01235   0.02091   1.92773   0.99999   0.74153   1.13130  
  7 2651.8797  14219.739120  x:  0.00283   0.02460   0.00078   0.02532   0.02842   0.06329   0.09975   0.18582   0.07088   0.02935   0.08159   0.09514   0.10616   0.02716   0.04291   0.02920   0.13964   0.11610   0.10850   0.08999   0.30042   0.14459   0.11063   0.03956   0.00193   0.01616   0.00254   0.01066   0.01990   1.93643   0.99999   0.70792   1.15270  
  8 28870.2771  14040.141225  x:  0.01994   0.00668   0.00011   0.02800   0.02129   0.07166   0.12279   0.21001   0.08313   0.00259   0.10091   0.11651   0.12678   0.01979   0.04244   0.01761   0.16374   0.14691   0.14430   0.08138   0.30189   0.16453   0.13554   0.04118   0.00189   0.00158   0.00152   0.01139   0.02096   1.99104   0.99999   0.49186   1.28781  
  9 15009.4040  14019.958350  x:  0.02087   0.00532   0.00005   0.02822   0.02052   0.07238   0.12487   0.21225   0.08398   0.00000   0.10264   0.11845   0.12867   0.01906   0.04230   0.01640   0.16597   0.14973   0.14711   0.08052   0.30203   0.16637   0.13783   0.04143   0.00188   0.00253   0.00146   0.01146   0.02108   1.99613   0.99999   0.47159   1.30042  
 10 96282.6142  14019.958350  x:  0.02087   0.00532   0.00005   0.02822   0.02052   0.07238   0.12487   0.21225   0.08398   0.00000   0.10264   0.11845   0.12867   0.01906   0.04230   0.01640   0.16597   0.14973   0.14711   0.08052   0.30203   0.16637   0.13783   0.04143   0.00188   0.00253   0.00146   0.01146   0.02108   1.99613   0.99999   0.47159   1.30042  
 11 62033.2472  13973.621280  x:  0.01994   0.00942   0.02770   0.02873   0.02069   0.07219   0.12444   0.21212   0.08340   0.00184   0.10219   0.11802   0.12836   0.01923   0.04201   0.01629   0.16577   0.14930   0.14637   0.08041   0.30218   0.16618   0.13754   0.04003   0.00115   0.01101   0.00605   0.01016   0.01964   1.99630   0.99999   0.46991   1.30081  
 12 19520.2573  13954.550368  x:  0.01804   0.01247   0.02688   0.02872   0.02045   0.07164   0.12361   0.21190   0.08217   0.00388   0.10129   0.11719   0.12778   0.01953   0.04147   0.01606   0.16538   0.14848   0.14487   0.08018   0.30248   0.16582   0.13699   0.03731   0.00000   0.01272   0.00614   0.00758   0.01677   1.99663   0.99999   0.46660   1.30156  
 13 2696.0656  13917.069548  x:  0.01248   0.02040   0.02470   0.02868   0.01976   0.07002   0.12113   0.21125   0.07843   0.00922   0.09862   0.11469   0.12603   0.02041   0.03987   0.01536   0.16423   0.14603   0.14033   0.07951   0.30337   0.16473   0.13532   0.02922   0.00299   0.01740   0.00643   0.00000   0.00821   1.99761   0.99999   0.45667   1.30380  
 14 33788.3245  13888.103889  x:  0.00749   0.02748   0.02276   0.02864   0.01915   0.06856   0.11890   0.21067   0.07507   0.01398   0.09621   0.11244   0.12446   0.02121   0.03843   0.01473   0.16318   0.14381   0.13625   0.07890   0.30417   0.16375   0.13381   0.02193   0.00547   0.02157   0.00672   0.00023   0.00053   1.99850   0.99999   0.44772   1.30581  
 15 20888.6553  13859.698874  x:  0.00092   0.03398   0.02094   0.02841   0.01848   0.06626   0.11512   0.20964   0.06911   0.01831   0.09214   0.10867   0.12178   0.02223   0.03616   0.01358   0.16139   0.14004   0.12909   0.07793   0.30549   0.16206   0.13124   0.00975   0.00779   0.02569   0.00668   0.00040   0.00573   2.00004   0.99999   0.43212   1.30930  
 16 5374.5576  13838.918167  x:  0.00354   0.03734   0.02002   0.02818   0.01816   0.06466   0.11239   0.20888   0.06475   0.02049   0.08921   0.10596   0.11984   0.02285   0.03460   0.01277   0.16008   0.13732   0.12383   0.07724   0.30644   0.16084   0.12937   0.00141   0.00886   0.02781   0.00654   0.00048   0.00776   2.00117   0.99999   0.42064   1.31184  
 17 11175.8172  13641.588466  x:  0.01288   0.05457   0.01535   0.02425   0.01712   0.04328   0.07303   0.19748   0.00000   0.03091   0.04722   0.06714   0.09176   0.02874   0.01470   0.00244   0.14089   0.09758   0.04503   0.06813   0.31994   0.14276   0.10192   0.01624   0.01348   0.03876   0.00632   0.00084   0.01721   2.01812   0.99999   0.24688   1.34973  
 18 4816.8452  13528.119859  x:  0.01244   0.05168   0.01633   0.02250   0.01866   0.03466   0.05542   0.19127   0.00953   0.03313   0.02785   0.04746   0.07647   0.02987   0.01438   0.00931   0.12974   0.07584   0.00000   0.06653   0.32724   0.13187   0.08568   0.01597   0.01303   0.03650   0.00498   0.00081   0.01651   2.02880   0.99999   0.13371   1.37303  
 19 7899.2657  13472.986041  x:  0.00977   0.04549   0.01797   0.02176   0.01940   0.03322   0.04921   0.18722   0.00473   0.03147   0.02587   0.04209   0.07011   0.02866   0.01733   0.01130   0.12367   0.06637   0.00050   0.07091   0.33113   0.12616   0.07775   0.01222   0.01139   0.03227   0.00547   0.00069   0.01350   2.03461   0.99999   0.07061   1.38504  
 20 6697.1379  13469.381371  x:  0.00938   0.04459   0.01821   0.02165   0.01950   0.03301   0.04831   0.18663   0.00403   0.03123   0.02559   0.04131   0.06918   0.02849   0.01776   0.01159   0.12279   0.06499   0.00058   0.07155   0.33170   0.12533   0.07659   0.01167   0.01116   0.03165   0.00554   0.00067   0.01306   2.03546   0.99979   0.06142   1.38679  
 21 2996994.1547  13467.287348  x:  0.00913   0.04382   0.01851   0.02110   0.01846   0.03280   0.04870   0.18531   0.00520   0.03095   0.02715   0.04207   0.06831   0.02761   0.01392   0.00844   0.12106   0.06381   0.00060   0.07176   0.33246   0.12392   0.07492   0.01141   0.01097   0.03141   0.00465   0.00066   0.01272   2.03683   0.99979   0.05895   1.38900  
 22 643.3011  13466.344925  x:  0.00885   0.04301   0.01859   0.02086   0.01800   0.03278   0.04888   0.18422   0.00493   0.03066   0.02769   0.04250   0.06778   0.02728   0.01406   0.00814   0.11978   0.06326   0.00000   0.07173   0.33307   0.12284   0.07370   0.01100   0.01076   0.03107   0.00531   0.00064   0.01238   2.03797   0.99979   0.05911   1.39078  
 23 459.4206  13462.926141  x:  0.00806   0.04003   0.01936   0.01992   0.01614   0.03181   0.04887   0.17669   0.00473   0.03046   0.02650   0.04282   0.06385   0.02622   0.01508   0.00925   0.11114   0.05959   0.00122   0.07131   0.33777   0.11549   0.06552   0.01006   0.01019   0.03060   0.00319   0.00061   0.01138   2.04634   0.99978   0.06145   1.40402  
 24 1242.7521  13461.948917  x:  0.00823   0.03979   0.01896   0.02022   0.01665   0.03182   0.04884   0.17395   0.00540   0.03087   0.02587   0.04256   0.06301   0.02622   0.01440   0.00977   0.10834   0.05901   0.00243   0.07113   0.33966   0.11328   0.06334   0.01024   0.01022   0.03088   0.00510   0.00061   0.01155   2.04979   0.99978   0.06205   1.40948  
 25 1199.1895  13458.932751  x:  0.00851   0.03988   0.01856   0.02358   0.02248   0.03503   0.05004   0.16496   0.00532   0.03182   0.02935   0.04335   0.06476   0.02717   0.01379   0.01099   0.10165   0.06224   0.00184   0.07027   0.34622   0.10908   0.06140   0.01064   0.01043   0.03218   0.00429   0.00062   0.01191   2.06331   0.99978   0.06276   1.43058  
 26 770.5192  13453.193903  x:  0.00873   0.04007   0.01826   0.02182   0.02050   0.03480   0.05166   0.15042   0.00693   0.03135   0.02813   0.04445   0.07140   0.02855   0.01784   0.00543   0.09575   0.06977   0.00217   0.07058   0.35892   0.10727   0.06658   0.01102   0.01048   0.03330   0.00439   0.00063   0.01210   2.09256   0.99977   0.06381   1.47597  
 27 1006.7021  13446.562200  x:  0.00793   0.03817   0.01880   0.01865   0.01491   0.03322   0.05290   0.13585   0.00620   0.02914   0.02824   0.04621   0.07778   0.02762   0.01372   0.01036   0.09355   0.07705   0.00172   0.07177   0.37375   0.10719   0.07470   0.00996   0.00986   0.03240   0.00459   0.00059   0.01111   2.12951   0.99975   0.06600   1.53312  
 28 3020.5162  13432.171908  x:  0.00432   0.03159   0.02123   0.02538   0.01958   0.03244   0.05098   0.12602   0.00544   0.02318   0.02831   0.04552   0.07597   0.02199   0.01128   0.00610   0.10615   0.07097   0.00205   0.07686   0.40175   0.11058   0.08855   0.00516   0.00749   0.02537   0.00465   0.00041   0.00686   2.21391   0.99972   0.07678   1.66337  
 29 1826.1909  13415.909076  x:  0.00596   0.03468   0.02088   0.02157   0.01522   0.03577   0.05364   0.12894   0.00743   0.02687   0.04561   0.05218   0.06844   0.02178   0.01604   0.00603   0.12404   0.06028   0.00387   0.08199   0.43330   0.11285   0.09771   0.00752   0.00848   0.02505   0.00515   0.00048   0.00872   2.32406   0.99967   0.08749   1.83290  
 30 4241.3967  13399.723433  x:  0.00405   0.02832   0.02165   0.01297   0.01631   0.04519   0.06784   0.15784   0.00527   0.02458   0.04212   0.06105   0.06789   0.02753   0.01322   0.00370   0.13269   0.07113   0.00459   0.08242   0.44978   0.11088   0.09102   0.00508   0.00704   0.02482   0.00518   0.00039   0.00640   2.42867   0.99963   0.09578   1.99242  
 31 2475.3906  13393.073667  x:  0.00393   0.02705   0.02159   0.02198   0.01000   0.04371   0.07330   0.17302   0.00477   0.02383   0.04240   0.06491   0.07076   0.02615   0.01325   0.00310   0.13363   0.07778   0.00518   0.08217   0.45270   0.11032   0.08604   0.00492   0.00680   0.02502   0.00531   0.00037   0.00616   2.47524   0.99962   0.09881   2.06290  
 32 3873.5321  13388.004886  x:  0.00387   0.02856   0.02169   0.02026   0.01339   0.03457   0.07330   0.18370   0.00474   0.02268   0.04603   0.06552   0.07689   0.01772   0.01424   0.00308   0.12977   0.08134   0.00611   0.08190   0.44645   0.11229   0.08197   0.00485   0.00684   0.02426   0.00542   0.00037   0.00615   2.50841   0.99961   0.10151   2.11201  
 33 1521.3533  13381.747745  x:  0.00277   0.02888   0.02296   0.01910   0.01201   0.03365   0.06446   0.19170   0.00515   0.01865   0.05277   0.06035   0.08563   0.02474   0.01312   0.00263   0.11771   0.07896   0.00816   0.08171   0.41848   0.12175   0.07940   0.00346   0.00613   0.01966   0.00575   0.00032   0.00486   2.55434   0.99959   0.10667   2.17749  
 34 902.2654  13374.777044  x:  0.00289   0.02670   0.02250   0.01850   0.00950   0.04396   0.06335   0.19163   0.00472   0.02196   0.05160   0.06188   0.08933   0.01676   0.01312   0.00250   0.10737   0.07471   0.00923   0.08318   0.37413   0.13411   0.08008   0.00359   0.00619   0.02164   0.00577   0.00033   0.00501   2.60650   0.99957   0.11061   2.24969  
 35 1341.8204  13367.009120  x:  0.00297   0.02410   0.02200   0.02006   0.01230   0.03757   0.07354   0.18305   0.00375   0.02436   0.05004   0.07191   0.08515   0.02142   0.01272   0.00273   0.10438   0.07221   0.01031   0.08494   0.31496   0.14414   0.08111   0.00370   0.00612   0.02379   0.00573   0.00033   0.00505   2.66656   0.99955   0.11361   2.33083  
 36 1704.6981  13364.287430  x:  0.00291   0.02853   0.02276   0.01947   0.01128   0.03871   0.07389   0.17697   0.00399   0.02167   0.05152   0.06920   0.08045   0.01986   0.01314   0.00172   0.11116   0.07874   0.01151   0.08178   0.29067   0.13973   0.07876   0.00363   0.00628   0.01969   0.00586   0.00033   0.00509   2.68851   0.99954   0.11457   2.35890  
 37 643.7552  13363.778703  x:  0.00278   0.02557   0.02229   0.01919   0.01105   0.03831   0.07202   0.17611   0.00407   0.02262   0.05254   0.06793   0.08139   0.01996   0.01315   0.00133   0.11407   0.07963   0.01196   0.08014   0.28550   0.13584   0.07923   0.00346   0.00605   0.02233   0.00588   0.00032   0.00487   2.69329   0.99954   0.11483   2.36376  
 38 214.0505  13363.497072  x:  0.00283   0.02609   0.02252   0.01922   0.01115   0.03869   0.07144   0.17660   0.00403   0.02319   0.05186   0.06946   0.08446   0.02017   0.01299   0.00145   0.11510   0.07768   0.01199   0.07999   0.28234   0.12963   0.08180   0.00351   0.00613   0.02122   0.00589   0.00032   0.00494   2.69723   0.99954   0.11486   2.36540  
 39 89.3704  13363.399622  x:  0.00282   0.02639   0.02230   0.01925   0.01112   0.03872   0.07187   0.17746   0.00405   0.02192   0.05207   0.06883   0.08366   0.02005   0.01305   0.00158   0.11405   0.07749   0.01190   0.08072   0.28143   0.12718   0.08429   0.00351   0.00610   0.02207   0.00587   0.00032   0.00493   2.69980   0.99954   0.11488   2.36499  
 40 49.3478  13363.327248  x:  0.00282   0.02600   0.02250   0.01924   0.01111   0.03847   0.07199   0.17815   0.00394   0.02311   0.05230   0.06811   0.08254   0.02002   0.01303   0.00150   0.11304   0.07803   0.01183   0.08101   0.28103   0.12588   0.08616   0.00350   0.00611   0.02134   0.00587   0.00032   0.00493   2.70258   0.99954   0.11492   2.36397  
 41 59.4556  13362.132623  x:  0.00285   0.02586   0.02245   0.01951   0.01183   0.03840   0.06428   0.17895   0.00467   0.02222   0.05088   0.07416   0.07806   0.01999   0.01326   0.00169   0.11166   0.08060   0.01207   0.07839   0.28232   0.12548   0.08761   0.00355   0.00598   0.02157   0.00588   0.00033   0.00498   2.77229   0.99955   0.11323   2.32763  
 42 37.5617  13354.450785  x:  0.00330   0.02308   0.02299   0.01948   0.01200   0.03864   0.06924   0.17642   0.00481   0.02210   0.04842   0.06010   0.07995   0.02033   0.01447   0.00389   0.11464   0.07553   0.01112   0.07170   0.29178   0.12595   0.08097   0.00407   0.00529   0.02055   0.00574   0.00037   0.00551   3.24905   0.99959   0.10284   2.07724  
 43 990.7224  13354.110681  x:  0.00347   0.02298   0.02293   0.01944   0.01211   0.03867   0.06787   0.17605   0.00486   0.02277   0.04816   0.05955   0.08033   0.02067   0.01433   0.00388   0.11557   0.07668   0.01014   0.07796   0.29193   0.12536   0.07916   0.00429   0.00536   0.02081   0.00564   0.00038   0.00570   3.26888   0.99959   0.10284   2.06678  
 44 299.5126  13340.193801  x:  0.00280   0.01031   0.02580   0.01977   0.01278   0.04117   0.06889   0.17137   0.00698   0.01764   0.04895   0.06147   0.07971   0.01824   0.01756   0.00648   0.11757   0.07947   0.01034   0.08059   0.28841   0.12386   0.07845   0.00334   0.00179   0.01403   0.00583   0.00039   0.00471   3.12737   0.99958   0.10199   2.14000  
 45  2.1307  13331.883481  x:  0.00138   0.01653   0.02502   0.02065   0.01434   0.04433   0.07168   0.16640   0.00979   0.01690   0.04949   0.06451   0.07951   0.01719   0.02112   0.00846   0.11968   0.08266   0.01063   0.08411   0.29514   0.12022   0.07948   0.00169   0.00243   0.01255   0.00571   0.00026   0.00186   3.09781   0.99956   0.09987   2.17949  
 46  0.1470  13319.508193  x:  0.00403   0.02110   0.02363   0.02215   0.01699   0.04952   0.07551   0.16404   0.01624   0.00927   0.05462   0.06906   0.08312   0.01835   0.02602   0.01004   0.12053   0.09082   0.01387   0.08235   0.30603   0.11583   0.08527   0.00548   0.00135   0.01107   0.00555   0.00033   0.00204   3.00817   0.99949   0.10003   2.29778  
 47  0.4829  13314.184570  x:  0.00459   0.01880   0.02034   0.02238   0.01738   0.04996   0.07598   0.16336   0.01913   0.01650   0.05730   0.07023   0.08441   0.01859   0.02804   0.01244   0.11832   0.09178   0.01586   0.08290   0.30288   0.11786   0.08606   0.00571   0.00169   0.01798   0.00532   0.00031   0.00098   3.04505   0.99944   0.09722   2.30271  
 48  0.0612  13309.907462  x:  0.00551   0.01585   0.01871   0.02222   0.01725   0.04874   0.07578   0.16454   0.02211   0.01734   0.05808   0.07058   0.08445   0.01803   0.02937   0.01395   0.11464   0.08787   0.01819   0.08298   0.30389   0.11899   0.08479   0.00474   0.00033   0.01737   0.00519   0.00047   0.00301   3.16190   0.99939   0.09075   2.23020  
 49  0.1758  13304.189868  x:  0.00609   0.01692   0.01505   0.02119   0.01557   0.04517   0.07241   0.16911   0.02800   0.01647   0.05968   0.06688   0.08297   0.01795   0.02844   0.01621   0.11118   0.07921   0.02413   0.07862   0.30033   0.12006   0.08058   0.00377   0.00094   0.01087   0.00514   0.00057   0.00149   3.26106   0.99922   0.08576   2.15946  
 50  0.0557  13301.241867  x:  0.00626   0.01613   0.01059   0.02159   0.01577   0.04533   0.07116   0.16893   0.03181   0.01081   0.05943   0.06616   0.08170   0.01791   0.02741   0.01678   0.11414   0.07802   0.02761   0.07640   0.30473   0.11834   0.08090   0.00318   0.00076   0.01438   0.00502   0.00065   0.00082   3.23877   0.99909   0.08599   2.16214  
 51  0.0304  13299.953967  x:  0.00651   0.01638   0.00818   0.02205   0.01609   0.04625   0.07056   0.16738   0.03329   0.01091   0.05864   0.06641   0.08138   0.01808   0.02650   0.01683   0.11677   0.07993   0.02917   0.07610   0.30443   0.11790   0.08210   0.00307   0.00127   0.01544   0.00499   0.00076   0.00197   3.17785   0.99901   0.08779   2.17794  
 52  0.1398  13298.346197  x:  0.00625   0.01516   0.00703   0.02297   0.01691   0.04819   0.07079   0.16387   0.03379   0.01197   0.05543   0.06820   0.08190   0.01841   0.02538   0.01605   0.11867   0.08377   0.03007   0.07775   0.30489   0.11744   0.08434   0.00384   0.00090   0.01190   0.00487   0.00082   0.00163   3.10112   0.99891   0.08978   2.19308  
 53  0.0759  13297.321631  x:  0.00538   0.01528   0.00764   0.02296   0.01685   0.04764   0.07255   0.16363   0.02996   0.01218   0.05064   0.06858   0.08348   0.01799   0.02552   0.01368   0.11294   0.08431   0.02830   0.07937   0.30322   0.11879   0.08261   0.00450   0.00097   0.01194   0.00471   0.00083   0.00153   3.16670   0.99887   0.08432   2.05794  
 54  0.0609  13296.242035  x:  0.00471   0.01499   0.00557   0.02199   0.01587   0.04617   0.07154   0.16557   0.02754   0.01222   0.05219   0.06512   0.08378   0.01850   0.02546   0.01256   0.11313   0.08588   0.02993   0.07635   0.29812   0.11895   0.08160   0.00435   0.00092   0.01233   0.00478   0.00095   0.00143   3.13674   0.99869   0.07850   1.90409  
 55  0.0650  13295.205679  x:  0.00413   0.01527   0.00705   0.02165   0.01570   0.04618   0.07169   0.16632   0.02287   0.01376   0.05538   0.06538   0.08282   0.01858   0.02629   0.01111   0.11813   0.08678   0.02862   0.07653   0.30212   0.11745   0.08375   0.00394   0.00085   0.01193   0.00461   0.00102   0.00156   3.10067   0.99855   0.07398   1.75302  
 56  0.0922  13293.891402  x:  0.00467   0.01629   0.00555   0.02287   0.01694   0.04830   0.07263   0.16530   0.02302   0.01392   0.05775   0.07057   0.08124   0.01757   0.02748   0.01175   0.12049   0.08273   0.02944   0.07920   0.30595   0.11899   0.08529   0.00318   0.00092   0.01196   0.00427   0.00122   0.00168   3.14344   0.99824   0.06699   1.52684  
 57  0.1034  13291.963452  x:  0.00486   0.01666   0.00630   0.02336   0.01740   0.05007   0.07333   0.16556   0.02163   0.01331   0.05965   0.07034   0.08305   0.01808   0.02734   0.01281   0.11449   0.08311   0.02884   0.07882   0.29336   0.12184   0.08191   0.00372   0.00085   0.01181   0.00448   0.00146   0.00153   3.15648   0.99777   0.05759   1.12129  
 58  0.1702  13289.490370  x:  0.00553   0.01555   0.00694   0.02305   0.01643   0.04876   0.07421   0.16018   0.02289   0.01257   0.05762   0.06861   0.08317   0.01840   0.02762   0.01542   0.11015   0.08408   0.02755   0.07799   0.30225   0.11495   0.07950   0.00459   0.00079   0.01213   0.00508   0.00181   0.00130   3.19459   0.99714   0.02730   0.40886  
 59  0.3930  13289.360621  x:  0.00556   0.01546   0.00695   0.02297   0.01636   0.04855   0.07415   0.16059   0.02318   0.01254   0.05743   0.06853   0.08308   0.01833   0.02749   0.01550   0.11073   0.08413   0.02760   0.07789   0.30242   0.11532   0.07999   0.00456   0.00080   0.01213   0.00506   0.00182   0.00132   3.18510   0.99713   0.02667   0.40646  
 60  0.0550  13288.630775  x:  0.00568   0.01514   0.00693   0.02272   0.01617   0.04777   0.07390   0.16275   0.02403   0.01245   0.05676   0.06826   0.08264   0.01805   0.02689   0.01582   0.11347   0.08419   0.02764   0.07765   0.30355   0.11713   0.08228   0.00440   0.00088   0.01214   0.00493   0.00191   0.00140   3.15033   0.99698   0.02163   0.29310  
 61  0.9086  13288.412147  x:  0.00571   0.01500   0.00690   0.02255   0.01616   0.04738   0.07355   0.16488   0.02490   0.01239   0.05632   0.06830   0.08262   0.01794   0.02619   0.01563   0.11588   0.08427   0.02782   0.07778   0.30371   0.11844   0.08416   0.00419   0.00095   0.01215   0.00477   0.00191   0.00147   3.12280   0.99696   0.02393   0.34594  
 62  0.1673  13287.990271  x:  0.00568   0.01498   0.00701   0.02235   0.01634   0.04709   0.07282   0.16674   0.02591   0.01229   0.05514   0.06850   0.08327   0.01805   0.02531   0.01512   0.11777   0.08426   0.02797   0.07824   0.30117   0.11936   0.08547   0.00389   0.00098   0.01215   0.00457   0.00201   0.00152   3.10032   0.99674   0.01964   0.25877  
 63  0.0801  13287.234872  x:  0.00525   0.01577   0.00744   0.02218   0.01697   0.04774   0.07174   0.16627   0.02749   0.01260   0.05406   0.06910   0.08464   0.01854   0.02430   0.01251   0.11709   0.08476   0.02852   0.07945   0.29461   0.11866   0.08428   0.00352   0.00095   0.01239   0.00454   0.00216   0.00148   3.11478   0.99627   0.01741   0.22740  
 64  0.0131  13286.979696  x:  0.00516   0.01592   0.00754   0.02214   0.01704   0.04784   0.07160   0.16599   0.02784   0.01270   0.05396   0.06914   0.08473   0.01859   0.02418   0.01199   0.11683   0.08491   0.02866   0.07958   0.29389   0.11849   0.08396   0.00348   0.00093   0.01245   0.00456   0.00221   0.00147   3.11839   0.99612   0.01553   0.19207  
 65  0.2865  13286.706551  x:  0.00505   0.01602   0.00766   0.02211   0.01686   0.04786   0.07187   0.16495   0.02837   0.01290   0.05474   0.06891   0.08408   0.01845   0.02441   0.01148   0.11609   0.08531   0.02901   0.07914   0.29591   0.11819   0.08332   0.00357   0.00088   0.01254   0.00472   0.00229   0.00143   3.12328   0.99591   0.01400   0.16636  
 66  0.0554  13286.134496  x:  0.00486   0.01614   0.00783   0.02216   0.01627   0.04792   0.07292   0.16229   0.02919   0.01337   0.05725   0.06827   0.08210   0.01801   0.02536   0.01074   0.11416   0.08619   0.02975   0.07779   0.30287   0.11747   0.08179   0.00393   0.00075   0.01271   0.00513   0.00240   0.00133   3.14077   0.99553   0.01364   0.16430  
 67  0.0566  13285.417698  x:  0.00474   0.01576   0.00789   0.02226   0.01543   0.04735   0.07302   0.16272   0.03108   0.01319   0.05837   0.06830   0.08156   0.01790   0.02576   0.01072   0.11592   0.08574   0.03108   0.07598   0.30285   0.11817   0.08310   0.00400   0.00082   0.01274   0.00506   0.00265   0.00145   3.12275   0.99478   0.01116   0.12668  
 68  0.0200  13284.753170  x:  0.00467   0.01519   0.00781   0.02248   0.01497   0.04699   0.07277   0.16412   0.03220   0.01264   0.05840   0.06850   0.08199   0.01792   0.02616   0.01127   0.11794   0.08480   0.03208   0.07493   0.30088   0.11885   0.08470   0.00406   0.00094   0.01259   0.00482   0.00289   0.00160   3.10869   0.99405   0.01036   0.11837  
 69  0.0196  13283.995827  x:  0.00449   0.01485   0.00780   0.02268   0.01503   0.04713   0.07243   0.16472   0.03258   0.01213   0.05773   0.06852   0.08262   0.01792   0.02663   0.01148   0.11834   0.08423   0.03267   0.07492   0.29943   0.11881   0.08500   0.00415   0.00098   0.01242   0.00463   0.00314   0.00166   3.11506   0.99327   0.00853   0.09237  
 70  0.0529  13282.587146  x:  0.00423   0.01465   0.00768   0.02297   0.01650   0.04827   0.07145   0.16520   0.02983   0.01120   0.05433   0.06821   0.08436   0.01796   0.02780   0.01280   0.11639   0.08354   0.03208   0.07762   0.29749   0.11776   0.08347   0.00434   0.00106   0.01205   0.00430   0.00356   0.00164   3.16960   0.99181   0.00673   0.07005  
 71  0.0439  13282.192830  x:  0.00421   0.01464   0.00762   0.02304   0.01700   0.04861   0.07121   0.16536   0.02868   0.01099   0.05328   0.06813   0.08487   0.01800   0.02807   0.01331   0.11570   0.08338   0.03167   0.07857   0.29711   0.11747   0.08296   0.00438   0.00107   0.01195   0.00422   0.00363   0.00163   3.18681   0.99154   0.00671   0.07067  
 72  0.2811  13280.884263  x:  0.00446   0.01537   0.00784   0.02201   0.01707   0.04747   0.07138   0.16376   0.02495   0.01257   0.05382   0.06738   0.08253   0.01785   0.02827   0.01526   0.11438   0.08435   0.03067   0.07813   0.30096   0.11796   0.08178   0.00408   0.00111   0.01249   0.00482   0.00412   0.00149   3.18203   0.98973   0.00500   0.05041  
 73  0.0131  13280.741060  x:  0.00447   0.01538   0.00785   0.02200   0.01706   0.04745   0.07140   0.16374   0.02494   0.01259   0.05386   0.06738   0.08250   0.01785   0.02825   0.01527   0.11438   0.08437   0.03065   0.07811   0.30103   0.11798   0.08179   0.00408   0.00110   0.01250   0.00483   0.00411   0.00149   3.18161   0.98974   0.00500   0.05067  
 74  0.0360  13280.274694  x:  0.00505   0.01569   0.00784   0.02196   0.01636   0.04639   0.07265   0.16452   0.02656   0.01279   0.05473   0.06785   0.08186   0.01826   0.02585   0.01490   0.11607   0.08410   0.03044   0.07631   0.30469   0.11824   0.08413   0.00369   0.00079   0.01252   0.00496   0.00422   0.00140   3.14734   0.98931   0.00500   0.05070  
 75  0.0192  13279.848990  x:  0.00533   0.01616   0.00742   0.02296   0.01653   0.04762   0.07280   0.16431   0.02611   0.01294   0.05323   0.06843   0.08415   0.01823   0.02410   0.01351   0.11536   0.08350   0.02896   0.07782   0.29990   0.11769   0.08367   0.00409   0.00084   0.01282   0.00460   0.00448   0.00141   3.17188   0.98829   0.00500   0.05079  
 76  0.0084  13279.460796  x:  0.00577   0.01610   0.00740   0.02268   0.01617   0.04770   0.07228   0.16330   0.02380   0.01393   0.05581   0.06757   0.08247   0.01811   0.02476   0.01391   0.11456   0.08441   0.02704   0.07855   0.30122   0.11868   0.08190   0.00415   0.00083   0.01279   0.00492   0.00483   0.00142   3.17998   0.98679   0.00500   0.05091  
 77  0.0047  13279.460705  x:  0.00577   0.01610   0.00740   0.02268   0.01617   0.04770   0.07228   0.16330   0.02380   0.01393   0.05581   0.06757   0.08247   0.01811   0.02476   0.01391   0.11456   0.08441   0.02704   0.07855   0.30122   0.11868   0.08190   0.00415   0.00083   0.01279   0.00492   0.00483   0.00142   3.17999   0.98679   0.00500   0.05091  
 78 555.8420  13279.456743  x:  0.00573   0.01609   0.00740   0.02271   0.01620   0.04770   0.07232   0.16342   0.02405   0.01382   0.05556   0.06765   0.08264   0.01812   0.02470   0.01387   0.11465   0.08431   0.02723   0.07848   0.30110   0.11857   0.08209   0.00415   0.00083   0.01278   0.00488   0.00480   0.00142   3.17916   0.98692   0.00500   0.05090  
 79  0.0535  13279.134371  x:  0.00588   0.01490   0.00725   0.02279   0.01602   0.04780   0.07160   0.16508   0.02562   0.01266   0.05623   0.06759   0.08255   0.01824   0.02571   0.01343   0.11601   0.08387   0.02653   0.07908   0.30249   0.11827   0.08313   0.00420   0.00078   0.01190   0.00470   0.00517   0.00152   3.17934   0.98549   0.00500   0.05100  
 80  0.6162  13279.134291  x:  0.00588   0.01490   0.00725   0.02279   0.01602   0.04780   0.07160   0.16508   0.02562   0.01266   0.05623   0.06759   0.08255   0.01824   0.02571   0.01343   0.11601   0.08387   0.02653   0.07908   0.30249   0.11827   0.08313   0.00420   0.00078   0.01190   0.00470   0.00517   0.00152   3.17934   0.98549   0.00500   0.05100  
 81 412.9440  13278.969052  x:  0.00573   0.01534   0.00736   0.02226   0.01625   0.04719   0.07232   0.16493   0.02649   0.01288   0.05552   0.06844   0.08253   0.01810   0.02606   0.01287   0.11639   0.08463   0.02590   0.07881   0.30304   0.11851   0.08372   0.00404   0.00104   0.01260   0.00484   0.00536   0.00144   3.16456   0.98459   0.00500   0.05108  
 82  0.0082  13278.872728  x:  0.00540   0.01548   0.00750   0.02221   0.01665   0.04730   0.07259   0.16433   0.02670   0.01302   0.05486   0.06821   0.08309   0.01815   0.02647   0.01302   0.11556   0.08497   0.02602   0.07849   0.30155   0.11872   0.08285   0.00384   0.00088   0.01231   0.00491   0.00546   0.00135   3.16905   0.98403   0.00501   0.05110  
 83  0.0024  13278.774027  x:  0.00500   0.01565   0.00742   0.02258   0.01652   0.04736   0.07221   0.16462   0.02676   0.01302   0.05449   0.06771   0.08305   0.01820   0.02647   0.01393   0.11592   0.08437   0.02659   0.07855   0.30344   0.11802   0.08322   0.00388   0.00085   0.01244   0.00478   0.00555   0.00149   3.17621   0.98344   0.00500   0.05114  
 84  0.0026  13278.707510  x:  0.00489   0.01581   0.00749   0.02256   0.01615   0.04724   0.07220   0.16471   0.02678   0.01297   0.05496   0.06842   0.08258   0.01805   0.02558   0.01425   0.11582   0.08411   0.02724   0.07843   0.30302   0.11915   0.08353   0.00408   0.00084   0.01264   0.00479   0.00559   0.00145   3.16725   0.98298   0.00500   0.05117  
 85  0.0032  13278.567241  x:  0.00488   0.01546   0.00787   0.02216   0.01686   0.04803   0.07242   0.16546   0.02623   0.01286   0.05584   0.06840   0.08348   0.01861   0.02534   0.01373   0.11583   0.08414   0.02879   0.07854   0.30356   0.11764   0.08326   0.00411   0.00099   0.01244   0.00487   0.00554   0.00139   3.18057   0.98233   0.00501   0.05122  
 86  0.0025  13278.261942  x:  0.00531   0.01505   0.00803   0.02199   0.01686   0.04724   0.07349   0.16364   0.02544   0.01210   0.05503   0.06804   0.08232   0.01755   0.02578   0.01348   0.11614   0.08514   0.03214   0.07700   0.30214   0.12046   0.08290   0.00385   0.00087   0.01245   0.00481   0.00512   0.00155   3.18272   0.98180   0.00500   0.05126  
 87  0.0012  13277.849075  x:  0.00600   0.01589   0.00780   0.02285   0.01599   0.04659   0.07262   0.16466   0.02563   0.01335   0.05342   0.06785   0.08367   0.01880   0.02610   0.01315   0.11586   0.08525   0.03499   0.07572   0.30525   0.11768   0.08407   0.00394   0.00085   0.01284   0.00475   0.00439   0.00145   3.17296   0.98133   0.00501   0.05128  
 88  0.0035  13277.020310  x:  0.00655   0.01607   0.00821   0.02309   0.01642   0.04879   0.06997   0.16773   0.02655   0.01218   0.05311   0.06745   0.08373   0.01711   0.02847   0.01247   0.11713   0.08381   0.03457   0.07800   0.29958   0.12035   0.08256   0.00440   0.00084   0.01277   0.00485   0.00297   0.00121   3.14003   0.97996   0.00501   0.05137  
 89  0.0057  13275.717556  x:  0.00618   0.01569   0.00829   0.02245   0.01611   0.04823   0.07126   0.16667   0.02630   0.01284   0.05382   0.06784   0.08214   0.01810   0.02789   0.01300   0.11827   0.08306   0.03001   0.07913   0.30391   0.12039   0.08280   0.00434   0.00071   0.01276   0.00497   0.00131   0.00143   3.15115   0.97873   0.00501   0.05147  
 90  0.0051  13275.390079  x:  0.00546   0.01554   0.00795   0.02217   0.01628   0.04775   0.07255   0.16579   0.02645   0.01316   0.05484   0.06834   0.08224   0.01848   0.02665   0.01355   0.11766   0.08372   0.02715   0.07924   0.30525   0.11971   0.08324   0.00416   0.00080   0.01259   0.00492   0.00177   0.00152   3.17095   0.97823   0.00501   0.05152  
 91  0.0319  13275.285434  x:  0.00517   0.01565   0.00763   0.02233   0.01650   0.04759   0.07307   0.16568   0.02658   0.01315   0.05511   0.06854   0.08317   0.01839   0.02603   0.01370   0.11675   0.08468   0.02756   0.07865   0.30475   0.11917   0.08359   0.00405   0.00089   0.01252   0.00482   0.00145   0.00152   3.18260   0.97804   0.00501   0.05153  
 92  0.0125  13275.275805  x:  0.00524   0.01565   0.00753   0.02253   0.01655   0.04769   0.07286   0.16569   0.02666   0.01299   0.05526   0.06858   0.08344   0.01828   0.02613   0.01367   0.11656   0.08497   0.02808   0.07865   0.30451   0.11930   0.08368   0.00401   0.00089   0.01252   0.00481   0.00150   0.00150   3.18408   0.97805   0.00501   0.05153  
 93  0.0017  13275.275140  x:  0.00524   0.01563   0.00751   0.02256   0.01654   0.04770   0.07281   0.16566   0.02667   0.01296   0.05533   0.06860   0.08343   0.01827   0.02616   0.01367   0.11661   0.08502   0.02792   0.07878   0.30460   0.11938   0.08371   0.00400   0.00089   0.01251   0.00482   0.00148   0.00149   3.18439   0.97801   0.00501   0.05153  
 94  0.0004  13275.275124  x:  0.00524   0.01562   0.00752   0.02257   0.01653   0.04769   0.07281   0.16566   0.02666   0.01297   0.05533   0.06860   0.08343   0.01827   0.02615   0.01367   0.11662   0.08502   0.02793   0.07878   0.30461   0.11937   0.08372   0.00400   0.00089   0.01251   0.00482   0.00149   0.00149   3.18446   0.97800   0.00501   0.05153  
 95  0.0001  13275.275119  x:  0.00524   0.01562   0.00752   0.02257   0.01653   0.04769   0.07282   0.16566   0.02666   0.01297   0.05532   0.06859   0.08344   0.01827   0.02615   0.01367   0.11662   0.08502   0.02793   0.07878   0.30461   0.11937   0.08372   0.00399   0.00089   0.01251   0.00482   0.00149   0.00149   3.18452   0.97799   0.00501   0.05153  
 96  0.0000  13275.275118  x:  0.00524   0.01562   0.00752   0.02257   0.01653   0.04769   0.07281   0.16566   0.02666   0.01297   0.05532   0.06860   0.08343   0.01827   0.02615   0.01367   0.11662   0.08502   0.02793   0.07878   0.30461   0.11937   0.08372   0.00400   0.00089   0.01251   0.00482   0.00149   0.00149   3.18449   0.97800   0.00501   0.05153  
 97  0.0000  13275.275118  x:  0.00524   0.01562   0.00752   0.02257   0.01653   0.04769   0.07281   0.16566   0.02666   0.01297   0.05532   0.06860   0.08343   0.01827   0.02615   0.01367   0.11662   0.08502   0.02793   0.07878   0.30461   0.11937   0.08372   0.00399   0.00089   0.01251   0.00482   0.00149   0.00149   3.18449   0.97799   0.00501   0.05153  
 98  0.0000  13275.275118  x:  0.00524   0.01562   0.00752   0.02257   0.01653   0.04769   0.07281   0.16566   0.02666   0.01297   0.05532   0.06860   0.08343   0.01827   0.02615   0.01367   0.11662   0.08502   0.02793   0.07878   0.30461   0.11937   0.08372   0.00399   0.00089   0.01251   0.00482   0.00149   0.00149   3.18450   0.97799   0.00501   0.05153  
 99  0.0000  13275.275118  x:  0.00524   0.01562   0.00752   0.02257   0.01653   0.04769   0.07281   0.16566   0.02666   0.01297   0.05532   0.06860   0.08343   0.01827   0.02615   0.01367   0.11662   0.08502   0.02793   0.07878   0.30461   0.11937   0.08372   0.00399   0.00089   0.01251   0.00482   0.00149   0.00149   3.18450   0.97799   0.00501   0.05153  
100  0.0000  13275.275118  x:  0.00524   0.01562   0.00752   0.02257   0.01653   0.04769   0.07281   0.16566   0.02666   0.01297   0.05532   0.06860   0.08343   0.01827   0.02615   0.01367   0.11662   0.08502   0.02793   0.07878   0.30461   0.11937   0.08372   0.00399   0.00089   0.01251   0.00482   0.00149   0.00149   3.18450   0.97799   0.00501   0.05153  
101  0.0000  13275.275118  x:  0.00524   0.01562   0.00752   0.02257   0.01653   0.04769   0.07281   0.16566   0.02666   0.01297   0.05532   0.06860   0.08343   0.01827   0.02615   0.01367   0.11662   0.08502   0.02793   0.07878   0.30461   0.11937   0.08372   0.00399   0.00089   0.01251   0.00482   0.00149   0.00149   3.18450   0.97799   0.00501   0.05153  